0.241049 1441
0.335938 2881
0.337133 4321
0.432023 5761
0.433218 7201
0.434413 8641
0.528108 10081
0.529303 11521
0.530498 12961
0.622997 14401
0.624193 15841
0.625388 17281
0.626583 18721
0.627778 20161
0.628973 21601
0.719082 23041
0.720277 24481
0.721473 25921
0.722668 27361
0.723863 28801
0.725455 30241
0.72665 31681
0.727845 33121
0.72904 34561
0.815167 36001
0.816362 37441
0.817557 38881
0.818753 40321
0.819948 41761
0.821143 43201
0.822338 44641
0.823533 46081
0.824728 47521
0.825924 48961
0.827119 50401
0.828314 51841
0.910057 53281
0.911252 54721
0.912447 56161
0.913642 57601
0.914837 59041
0.916032 60481
0.917228 61921
0.918423 63361
0.919618 64801
0.920813 66241
0.922008 67681
0.923204 69121
0.924399 70561
0.925594 72001
0.926789 73441
0.927984 74881
0.92918 76321
0.930375 77761
1.00526 79201
1.00646 80641
1.00765 82081
1.00885 83521
1.01005 84961
1.01124 86401
1.01244 87841
1.01363 89281
1.01483 90721
1.01602 92161
1.01722 93601
1.01841 95041
1.01961 96481
1.0208 97921
1.022 99361
1.02319 100801
1.13362 102241
1.13362 103681
1.13362 105121
1.13362 106561
1.13362 108001
1.13362 109441
1.13362 110881
1.13362 112321
1.13362 113761
1.13362 115201
1.13362 116641
1.13362 118081
1.13362 119521
1.13362 120961
1.13362 122401
1.13362 123841
1.13362 125281
1.13362 126721
1.13362 128161
1.13362 129601
1.13362 131041
1.13362 132481
1.13362 133921
1.13362 135361
1.13362 136801
1.13362 138241
1.13362 139681
1.13362 141121
1.13362 142561
1.13362 144001
1.13362 145441
1.13362 146881
1.13362 148321
1.13362 149761
1.13362 151201
1.13362 152641
1.13362 154081
1.13362 155521
1.13362 156961
1.20963 158401
1.21083 159841
1.21202 161281
1.21322 162721
1.21441 164161
1.21561 165601
1.2168 167041
1.218 168481
1.21919 169921
1.22078 171361
1.22197 172801
1.22317 174241
1.22436 175681
1.22556 177121
1.22675 178561
1.22795 180001
1.22914 181441
1.30603 182881
1.30722 184321
1.30842 185761
1.30961 187201
1.31081 188641
1.312 190081
1.3132 191521
1.31439 192961
1.31601 194401
1.3172 195841
1.3184 197281
1.31959 198721
1.32079 200161
1.32198 201601
1.32318 203041
1.32437 204481
1.40092 205921
1.40211 207361
1.40331 208801
1.4045 210241
1.4057 211681
1.40689 213121
1.40809 214561
1.40928 216001
1.41048 217441
1.41167 218881
1.41287 220321
1.41406 221761
1.41526 223201
1.41645 224641
1.41765 226081
1.41884 227521
1.42004 228961
1.49581 230401
1.497 231841
1.4982 233281
1.49939 234721
1.50059 236161
1.50178 237601
1.50298 239041
1.50417 240481
1.50537 241921
1.50656 243361
1.50776 244801
1.50895 246241
1.51015 247681
1.51134 249121
1.51254 250561
1.51373 252001
1.51493 253441
1.51612 254881
1.5921 256321
1.59329 257761
1.59449 259201
1.59568 260641
1.59688 262081
1.59807 263521
1.59966 264961
1.60085 266401
1.60205 267841
1.60324 269281
1.60444 270721
1.60563 272161
1.60683 273601
1.60802 275041
1.60922 276481
1.61041 277921
1.61161 279361
1.6128 280801
1.614 282241
1.68849 283681
1.68968 285121
1.69088 286561
1.69208 288001
1.69327 289441
1.69447 290881
1.69608 292321
1.69727 293761
1.69847 295201
1.69966 296641
1.70086 298081
1.70205 299521
1.70325 300961
1.70444 302401
1.70564 303841
1.70684 305281
1.70803 306721
1.70923 308161
1.78338 309601
1.78457 311041
1.78577 312481
1.78696 313921
1.78816 315361
1.78936 316801
1.79097 318241
1.79216 319681
1.79336 321121
1.79455 322561
1.79575 324001
1.79694 325441
1.79814 326881
1.79933 328321
1.80053 329761
1.80172 331201
1.80292 332641
1.80412 334081
1.80531 335521
1.87827 336961
1.87946 338401
1.88066 339841
1.88185 341281
1.88305 342721
1.88424 344161
1.88611 345601
1.88731 347041
1.88851 348481
1.8897 349921
1.8909 351361
1.89209 352801
1.89329 354241
1.89448 355681
1.89568 357121
1.89687 358561
1.89807 360001
1.89926 361441
1.90046 362881
1.90165 364321
1.97456 365761
1.97575 367201
1.97695 368641
1.97815 370081
1.97934 371521
1.98054 372961
1.9822 374401
1.9834 375841
1.9846 377281
1.98579 378721
1.98699 380161
1.98818 381601
1.98938 383041
1.99057 384481
1.99177 385921
1.99296 387361
1.99416 388801
1.99535 390241
1.99655 391681
1.99774 393121
1.99894 394561
2.07065 396001
2.07184 397441
2.07304 398881
2.07423 400321
2.07543 401761
2.07663 403201
2.07854 404641
2.07974 406081
2.08093 407521
2.08213 408961
2.08332 410401
2.08452 411841
2.08571 413281
2.08691 414721
2.0881 416161
2.0893 417601
2.09049 419041
2.09169 420481
2.09288 421921
2.09408 423361
2.16579 424801
2.16699 426241
2.16818 427681
2.16938 429121
2.17057 430561
2.17177 432001
2.17344 433441
2.17463 434881
2.17583 436321
2.17702 437761
2.17822 439201
2.17941 440641
2.18061 442081
2.1818 443521
2.183 444961
2.18419 446401
2.18539 447841
2.18658 449281
2.18778 450721
2.18897 452161
2.19017 453601
2.26068 455041
2.26188 456481
2.26307 457921
2.26427 459361
2.26546 460801
2.26666 462241
2.26858 463681
2.26977 465121
2.27097 466561
2.27216 468001
2.27336 469441
2.27455 470881
2.27575 472321
2.27695 473761
2.27814 475201
2.27934 476641
2.28053 478081
2.28173 479521
2.28292 480961
2.28412 482401
2.28531 483841
2.28651 485281
2.35702 486721
2.35822 488161
2.35941 489601
2.36061 491041
2.3618 492481
2.363 493921
2.36467 495361
2.36587 496801
2.36706 498241
2.36826 499681
2.36945 501121
2.37065 502561
2.37184 504001
2.37304 505441
2.37423 506881
2.37543 508321
2.37663 509761
2.37782 511201
2.37902 512641
2.38021 514081
2.38141 515521
2.3826 516961
2.3838 518401
2.45312 519841
2.45431 521281
2.45551 522721
2.4567 524161
2.4579 525601
2.45909 527041
2.46101 528481
2.4622 529921
2.4634 531361
2.46459 532801
2.46579 534241
2.46698 535681
2.46818 537121
2.46937 538561
2.47057 540001
2.47176 541441
2.47296 542881
2.47415 544321
2.47535 545761
2.47654 547201
2.47774 548641
2.47893 550081
2.54826 551521
2.54945 552961
2.55065 554401
2.55184 555841
2.55304 557281
2.55423 558721
2.55591 560161
2.5571 561601
2.5583 563041
2.55949 564481
2.56069 565921
2.56188 567361
2.56308 568801
2.56427 570241
2.56547 571681
2.56666 573121
2.56786 574561
2.56905 576001
2.57025 577441
2.57144 578881
2.57264 580321
2.57383 581761
2.57503 583201
2.64314 584641
2.64434 586081
2.64554 587521
2.64673 588961
2.64793 590401
2.64912 591841
2.65104 593281
2.65224 594721
2.65343 596161
2.65463 597601
2.65582 599041
2.65741 600481
2.6586 601921
2.6598 603361
2.661 604801
2.6622 606241
2.66339 607681
2.66459 609121
2.66578 610561
2.66698 612001
2.66817 613441
2.66937 614881
2.67056 616321
2.67176 617761
2.73989 619201
2.74108 620641
2.74228 622081
2.74347 623521
2.74467 624961
2.74586 626401
2.74714 627841
2.74833 629281
2.74953 630721
2.75072 632161
2.75263 633601
2.75383 635041
2.75541 636481
2.75661 637921
2.7578 639361
2.759 640801
2.76019 642241
2.76139 643681
2.76258 645121
2.76378 646561
2.76498 648001
2.76617 649441
2.76737 650881
2.76856 652321
2.8363 653761
2.83749 655201
2.83869 656641
2.83988 658081
2.84108 659521
2.84227 660961
2.84347 662401
2.84466 663841
2.84586 665281
2.84705 666721
2.84825 668161
2.84945 669601
2.85064 671041
2.85184 672481
2.85303 673921
2.85423 675361
2.85542 676801
2.85662 678241
2.85781 679681
2.85901 681121
2.8602 682561
2.8614 684001
2.86259 685441
2.86379 686881
2.86498 688321
2.93238 689761
2.93358 691201
2.93477 692641
2.93597 694081
2.93716 695521
2.93836 696961
2.93955 698401
2.94075 699841
2.94194 701281
2.94314 702721
2.94433 704161
2.94553 705601
2.94673 707041
2.94792 708481
2.94912 709921
2.95031 711361
2.95151 712801
2.9527 714241
2.9539 715681
2.95509 717121
2.95629 718561
2.95748 720001
2.95899 721441
2.96018 722881
3.02753 724321
3.02873 725761
3.02992 727201
3.03112 728641
3.03231 730081
3.03351 731521
3.0347 732961
3.0359 734401
3.03709 735841
3.03869 737281
3.03988 738721
3.04108 740161
3.04227 741601
3.04347 743041
3.04466 744481
3.04586 745921
3.04705 747361
3.04825 748801
3.04944 750241
3.05064 751681
3.05183 753121
3.05303 754561
3.05422 756001
3.05542 757441
3.05661 758881
3.12243 760321
3.12362 761761
3.12482 763201
3.12601 764641
3.12721 766081
3.12841 767521
3.1296 768961
3.1308 770401
3.13199 771841
3.13319 773281
3.1351 774721
3.13629 776161
3.13749 777601
3.13868 779041
3.13988 780481
3.14107 781921
3.14227 783361
3.14346 784801
3.14466 786241
3.14585 787681
3.14705 789121
3.14825 790561
3.14944 792001
3.15064 793441
3.15183 794881
3.15303 796321
3.21876 797761
3.21996 799201
3.22115 800641
3.22235 802081
3.22354 803521
3.22474 804961
3.22593 806401
3.22713 807841
3.22832 809281
3.22952 810721
3.23071 812161
3.23191 813601
3.2331 815041
3.2343 816481
3.23549 817921
3.23669 819361
3.23789 820801
3.23908 822241
3.24028 823681
3.24147 825121
3.24267 826561
3.24386 828001
3.24506 829441
3.24625 830881
3.24745 832321
3.24864 833761
3.24984 835201
3.31485 836641
3.31604 838081
3.31724 839521
3.31843 840961
3.31963 842401
3.32082 843841
3.32202 845281
3.32321 846721
3.32441 848161
3.3256 849601
3.3268 851041
3.32799 852481
3.32919 853921
3.33038 855361
3.33158 856801
3.33277 858241
3.33397 859681
3.33517 861121
3.33636 862561
3.33756 864001
3.33875 865441
3.33995 866881
3.34145 868321
3.34265 869761
3.34384 871201
3.34504 872641
3.40999 874081
3.41119 875521
3.41238 876961
3.41364 878401
3.41484 879841
3.41603 881281
3.41723 882721
3.41842 884161
3.41962 885601
3.42081 887041
3.42201 888481
3.4232 889921
3.4244 891361
3.42559 892801
3.42679 894241
3.42798 895681
3.42918 897121
3.43037 898561
3.43157 900001
3.43276 901441
3.43396 902881
3.43515 904321
3.43635 905761
3.43754 907201
3.43874 908641
3.43993 910081
3.44113 911521
3.50488 912961
3.50608 914401
3.50727 915841
3.50847 917281
3.50973 918721
3.51092 920161
3.51212 921601
3.51331 923041
3.51451 924481
3.5157 925921
3.5169 927361
3.51809 928801
3.51929 930241
3.52048 931681
3.52168 933121
3.52287 934561
3.52407 936001
3.52526 937441
3.52646 938881
3.52765 940321
3.52885 941761
3.53004 943201
3.53124 944641
3.53243 946081
3.53363 947521
3.53482 948961
3.53602 950401
3.53721 951841
3.60123 953281
3.60242 954721
3.60362 956161
3.60481 957601
3.60601 959041
3.6072 960481
3.6084 961921
3.60959 963361
3.61079 964801
3.61198 966241
3.61318 967681
3.61437 969121
3.61557 970561
3.61676 972001
3.61796 973441
3.61915 974881
3.62035 976321
3.62154 977761
3.62274 979201
3.62393 980641
3.62513 982081
3.62632 983521
3.62752 984961
3.62872 986401
3.62991 987841
3.63111 989281
3.6323 990721
3.6335 992161
3.63469 993601
3.69731 995041
3.69851 996481
3.6997 997921
3.7009 999361
3.70209 1000801
3.70329 1002241
3.70448 1003681
3.70568 1005121
3.70687 1006561
3.70807 1008001
3.70926 1009441
3.71046 1010881
3.71165 1012321
3.71285 1013761
3.71404 1015201
3.71555 1016641
3.71674 1018081
3.71794 1019521
3.71913 1020961
3.72033 1022401
3.72152 1023841
3.72272 1025281
3.72391 1026721
3.72511 1028161
3.7263 1029601
3.7275 1031041
3.72869 1032481
3.72989 1033921
3.79246 1035361
3.79365 1036801
3.79525 1038241
3.79644 1039681
3.79764 1041121
3.79883 1042561
3.80003 1044001
3.80122 1045441
3.80242 1046881
3.80361 1048321
3.80481 1049761
3.806 1051201
3.8072 1052641
3.80839 1054081
3.80959 1055521
3.81078 1056961
3.81198 1058401
3.81317 1059841
3.81437 1061281
3.81556 1062721
3.81676 1064161
3.81795 1065601
3.81915 1067041
3.82035 1068481
3.82154 1069921
3.82274 1071361
3.82393 1072801
3.82513 1074241
3.82632 1075681
3.88735 1077121
3.88854 1078561
3.89085 1080001
3.89205 1081441
3.89324 1082881
3.89444 1084321
3.89563 1085761
3.89683 1087201
3.89802 1088641
3.89922 1090081
3.90041 1091521
3.90161 1092961
3.9028 1094401
3.904 1095841
3.90519 1097281
3.90639 1098721
3.90759 1100161
3.90878 1101601
3.90998 1103041
3.91117 1104481
3.91237 1105921
3.91356 1107361
3.91476 1108801
3.91595 1110241
3.91715 1111681
3.91834 1113121
3.91954 1114561
3.92073 1116001
3.92193 1117441
3.92312 1118881
3.98369 1120321
3.98488 1121761
3.98727 1123201
3.98847 1124641
3.98967 1126081
3.99086 1127521
3.99206 1128961
3.99325 1130401
3.99445 1131841
3.99564 1133281
3.99684 1134721
3.99803 1136161
3.99923 1137601
4.00042 1139041
4.00162 1140481
4.00281 1141921
4.00401 1143361
4.0052 1144801
4.0064 1146241
4.00759 1147681
4.00879 1149121
4.00998 1150561
4.01118 1152001
4.01237 1153441
4.01357 1154881
4.01476 1156321
4.01596 1157761
4.01715 1159201
4.01835 1160641
4.01955 1162081
4.02074 1163521
4.07977 1164961
4.08097 1166401
4.08336 1167841
4.08455 1169281
4.08575 1170721
4.08695 1172161
4.08814 1173601
4.08934 1175041
4.09053 1176481
4.09173 1177921
4.09292 1179361
4.09412 1180801
4.09531 1182241
4.09651 1183681
4.0977 1185121
4.0989 1186561
4.10009 1188001
4.10129 1189441
4.10248 1190881
4.10368 1192321
4.10487 1193761
4.10607 1195201
4.10726 1196641
4.10846 1198081
4.10965 1199521
4.11085 1200961
4.11204 1202401
4.11324 1203841
4.11443 1205281
4.11563 1206721
4.17532 1208161
4.17651 1209601
4.17891 1211041
4.1801 1212481
4.1813 1213921
4.18249 1215361
4.18369 1216801
4.28407 1218241
4.28407 1219681
4.28407 1221121
4.28407 1222561
4.28407 1224001
4.28407 1225441
4.28407 1226881
4.28407 1228321
4.28407 1229761
4.28407 1231201
4.28407 1232641
4.28407 1234081
4.28407 1235521
4.28407 1236961
4.28407 1238401
4.28407 1239841
4.28407 1241281
4.28407 1242721
4.28407 1244161
4.28407 1245601
4.28407 1247041
4.28407 1248481
4.28407 1249921
4.28407 1251361
4.28407 1252801
4.28407 1254241
4.28407 1255681
4.28407 1257121
4.28407 1258561
4.28407 1260001
4.28407 1261441
4.28407 1262881
4.28407 1264321
4.28407 1265761
4.304 1267201
4.3052 1268641
4.30639 1270081
4.30759 1271521
4.36615 1272961
4.36735 1274401
4.36974 1275841
4.37093 1277281
4.37213 1278721
4.37332 1280161
4.37452 1281601
4.37571 1283041
4.37691 1284481
4.3781 1285921
4.3793 1287361
4.40009 1288801
4.40128 1290241
4.40248 1291681
4.40367 1293121
4.46224 1294561
4.46343 1296001
4.46582 1297441
4.46702 1298881
4.46821 1300321
4.46941 1301761
4.4706 1303201
4.4718 1304641
4.47299 1306081
4.47419 1307521
4.49535 1308961
4.49682 1310401
4.49801 1311841
4.49921 1313281
4.55713 1314721
4.55832 1316161
4.56071 1317601
4.56191 1319041
4.5631 1320481
4.5643 1321921
4.56549 1323361
4.56669 1324801
4.56788 1326241
4.56908 1327681
4.59024 1329121
4.59144 1330561
4.5929 1332001
4.5941 1333441
4.59529 1334881
4.65202 1336321
4.65321 1337761
4.6556 1339201
4.6568 1340641
4.65799 1342081
4.65919 1343521
4.66038 1344961
4.66158 1346401
4.66277 1347841
4.66397 1349281
4.68513 1350721
4.68632 1352161
4.68779 1353601
4.68899 1355041
4.69018 1356481
4.69138 1357921
4.7481 1359361
4.7493 1360801
4.75169 1362241
4.75288 1363681
4.75408 1365121
4.75527 1366561
4.75647 1368001
4.75766 1369441
4.75886 1370881
4.76005 1372321
4.78146 1373761
4.78266 1375201
4.78388 1376641
4.78507 1378081
4.78627 1379521
4.78746 1380961
4.84419 1382401
4.84538 1383841
4.84658 1385281
4.84777 1386721
4.84897 1388161
4.85016 1389601
4.85136 1391041
4.85255 1392481
4.85375 1393921
4.85494 1395361
4.85614 1396801
4.87755 1398241
4.87874 1399681
4.87996 1401121
4.88116 1402561
4.88235 1404001
4.88355 1405441
4.94027 1406881
4.94147 1408321
4.94266 1409761
4.94386 1411201
4.94505 1412641
4.94625 1414081
4.94744 1415521
4.94864 1416961
4.94983 1418401
4.95103 1419841
4.97244 1421281
4.97363 1422721
4.97485 1424161
4.97605 1425601
4.97724 1427041
4.97844 1428481
5.03516 1429921
5.03636 1431361
5.03755 1432801
5.03875 1434241
5.03994 1435681
5.04114 1437121
5.04233 1438561
5.04353 1440001
5.04472 1441441
5.04592 1442881
5.04711 1444321
5.06733 1445761
5.06852 1447201
5.06974 1448641
5.07094 1450081
5.07213 1451521
5.07333 1452961
5.13005 1454401
5.13125 1455841
5.13244 1457281
5.13364 1458721
5.13483 1460161
5.13603 1461601
5.13722 1463041
5.13842 1464481
5.13961 1465921
5.14081 1467361
5.14214 1468801
5.14334 1470241
5.16341 1471681
5.16461 1473121
5.16583 1474561
5.16702 1476001
5.16822 1477441
5.16941 1478881
5.22614 1480321
5.22733 1481761
5.22853 1483201
5.22972 1484641
5.23092 1486081
5.23211 1487521
5.23331 1488961
5.2345 1490401
5.33464 1491841
5.33464 1493281
5.33464 1494721
5.33464 1496161
5.33464 1497601
5.33464 1499041
5.33464 1500481
5.33464 1501921
5.33464 1503361
5.33464 1504801
5.33464 1506241
5.33464 1507681
5.33464 1509121
5.33464 1510561
5.33464 1512001
5.33464 1513441
5.33464 1514881
5.33464 1516321
5.33464 1517761
5.33464 1519201
5.33464 1520641
5.42071 1522081
5.42191 1523521
5.4231 1524961
5.4243 1526401
5.42549 1527841
5.42715 1529281
5.42835 1530721
5.42954 1532161
5.5168 1533601
5.51799 1535041
5.51919 1536481
5.52038 1537921
5.52204 1539361
5.52324 1540801
5.52443 1542241
5.52563 1543681
5.61288 1545121
5.61408 1546561
5.61527 1548001
5.61647 1549441
5.61766 1550881
5.61895 1552321
5.62014 1553761
5.62134 1555201
5.62254 1556641
5.70896 1558081
5.71016 1559521
5.71136 1560961
5.71292 1562401
5.71412 1563841
5.71531 1565281
5.71651 1566721
5.7177 1568161
5.80385 1569601
5.80505 1571041
5.80624 1572481
5.80744 1573921
5.80863 1575361
5.80992 1576801
5.81112 1578241
5.81231 1579681
5.81351 1581121
5.89874 1582561
5.89994 1584001
5.90113 1585441
5.90233 1586881
5.90352 1588321
5.90472 1589761
5.90601 1591201
5.9072 1592641
5.9084 1594081
5.90959 1595521
5.99483 1596961
5.99602 1598401
5.99731 1599841
5.99851 1601281
5.9997 1602721
6.0009 1604161
6.00209 1605601
6.00329 1607041
6.00459 1608481
6.00579 1609921
6.00698 1611361
6.09091 1612801
6.09211 1614241
6.0934 1615681
6.09459 1617121
6.09579 1618561
6.09698 1620001
6.09818 1621441
6.09937 1622881
6.10068 1624321
6.10187 1625761
6.18829 1627201
6.18948 1628641
6.19068 1630081
6.19187 1631521
6.19307 1632961
6.19426 1634401
6.19546 1635841
6.19665 1637281
6.19785 1638721
6.19904 1640161
6.28318 1641601
6.28437 1643041
6.28557 1644481
6.28676 1645921
6.28796 1647361
6.28915 1648801
6.29035 1650241
6.29154 1651681
6.29274 1653121
6.29393 1654561
6.29513 1656001
6.37807 1657441
6.37926 1658881
6.38046 1660321
6.38165 1661761
6.38285 1663201
6.38404 1664641
6.38524 1666081
6.38643 1667521
6.38763 1668961
6.38893 1670401
6.39013 1671841
6.39132 1673281
6.47415 1674721
6.47535 1676161
6.47654 1677601
6.47774 1679041
6.47895 1680481
6.48014 1681921
6.48171 1683361
6.4829 1684801
6.4841 1686241
6.4853 1687681
6.48649 1689121
6.48769 1690561
6.48888 1692001
6.57024 1693441
6.57143 1694881
6.57263 1696321
6.57382 1697761
6.57503 1699201
6.57623 1700641
6.57783 1702081
6.57903 1703521
6.58022 1704961
6.58142 1706401
6.58262 1707841
6.58381 1709281
6.6655 1710721
6.66669 1712161
6.66789 1713601
6.66908 1715041
6.67028 1716481
6.67147 1717921
6.67272 1719361
6.67392 1720801
6.67511 1722241
6.67631 1723681
6.67751 1725121
6.6787 1726561
6.6799 1728001
6.76048 1729441
6.76168 1730881
6.76287 1732321
6.76407 1733761
6.76526 1735201
6.76646 1736641
6.76769 1738081
6.76889 1739521
6.77008 1740961
6.77128 1742401
6.77247 1743841
6.77367 1745281
6.77486 1746721
6.77606 1748161
6.85657 1749601
6.85776 1751041
6.85896 1752481
6.86015 1753921
6.86135 1755361
6.86254 1756801
6.86378 1758241
6.86497 1759681
6.86617 1761121
6.86736 1762561
6.86856 1764001
6.86975 1765441
6.87095 1766881
6.87214 1768321
6.87334 1769761
6.95265 1771201
6.95385 1772641
6.95504 1774081
6.95624 1775521
6.95743 1776961
6.95863 1778401
6.95986 1779841
6.96106 1781281
6.96225 1782721
6.96345 1784161
6.96464 1785601
6.96584 1787041
6.96703 1788481
6.96823 1789921
7.04754 1791361
7.04874 1792801
7.04993 1794241
7.05113 1795681
7.05232 1797121
7.05352 1798561
7.05475 1800001
7.05595 1801441
7.05714 1802881
7.05834 1804321
7.05953 1805761
7.06073 1807201
7.06192 1808641
7.06312 1810081
7.06431 1811521
7.14246 1812961
7.14366 1814401
7.14485 1815841
7.14605 1817281
7.14724 1818721
7.14844 1820161
7.14964 1821601
7.15084 1823041
7.15203 1824481
7.15323 1825921
7.15442 1827361
7.15562 1828801
7.15681 1830241
7.15801 1831681
7.1592 1833121
7.16047 1834561
7.23854 1836001
7.23974 1837441
7.24094 1838881
7.24213 1840321
7.24333 1841761
7.24452 1843201
7.24573 1844641
7.24692 1846081
7.24812 1847521
7.24931 1848961
7.25051 1850401
7.2517 1851841
7.2529 1853281
7.25409 1854721
7.25536 1856161
7.25655 1857601
7.33463 1859041
7.33582 1860481
7.33702 1861921
7.33822 1863361
7.33941 1864801
7.34061 1866241
7.3418 1867681
7.343 1869121
7.34419 1870561
7.34539 1872001
7.34658 1873441
7.34778 1874881
7.34897 1876321
7.35017 1877761
7.35136 1879201
7.35256 1880641
7.35375 1882081
7.43107 1883521
7.43227 1884961
7.43346 1886401
7.43466 1887841
7.43585 1889281
7.43705 1890721
7.43824 1892161
7.43944 1893601
7.44063 1895041
7.44183 1896481
7.44302 1897921
7.44422 1899361
7.44542 1900801
7.44661 1902241
7.44781 1903681
7.449 1905121
7.52596 1906561
7.52716 1908001
7.52835 1909441
7.52955 1910881
7.53074 1912321
7.53194 1913761
7.53313 1915201
7.53433 1916641
7.53552 1918081
7.53672 1919521
7.53791 1920961
7.53911 1922401
7.5403 1923841
7.5415 1925281
7.5427 1926721
7.54389 1928161
7.54509 1929601
7.62121 1931041
7.62241 1932481
7.6236 1933921
7.6248 1935361
7.62599 1936801
7.62719 1938241
7.62838 1939681
7.62958 1941121
7.63077 1942561
7.63197 1944001
7.63316 1945441
7.63436 1946881
7.63555 1948321
7.63675 1949761
7.63794 1951201
7.63914 1952641
7.64033 1954081
7.64153 1955521
7.7173 1956961
7.71849 1958401
7.71969 1959841
7.72088 1961281
7.72208 1962721
7.72327 1964161
7.72447 1965601
7.72566 1967041
7.72686 1968481
7.72805 1969921
7.72925 1971361
7.73044 1972801
7.73164 1974241
7.73283 1975681
7.73403 1977121
7.73522 1978561
7.73642 1980001
7.73761 1981441
7.73881 1982881
7.81338 1984321
7.81458 1985761
7.81577 1987201
7.81697 1988641
7.81831 1990081
7.8195 1991521
7.8207 1992961
7.8219 1994401
7.82309 1995841
7.82429 1997281
7.82548 1998721
7.82668 2000161
7.82787 2001601
7.82907 2003041
7.83026 2004481
7.83146 2005921
7.83265 2007361
7.83385 2008801
7.90827 2010241
7.90946 2011681
7.91066 2013121
7.91186 2014561
7.91352 2016001
7.91471 2017441
7.91591 2018881
7.9171 2020321
7.9183 2021761
7.91949 2023201
7.92069 2024641
7.92188 2026081
7.92308 2027521
7.92427 2028961
7.92547 2030401
7.92666 2031841
7.92786 2033281
7.92906 2034721
7.93025 2036161
8.00316 2037601
8.00435 2039041
8.00555 2040481
8.00674 2041921
8.00841 2043361
8.0096 2044801
8.0108 2046241
8.01199 2047681
8.01319 2049121
8.01438 2050561
8.01558 2052001
8.01677 2053441
8.01797 2054881
8.01916 2056321
8.02036 2057761
8.02155 2059201
8.02275 2060641
8.02394 2062081
8.02514 2063521
8.02634 2064961
8.09924 2066401
8.10044 2067841
8.10163 2069281
8.10283 2070721
8.10449 2072161
8.10569 2073601
8.10688 2075041
8.10808 2076481
8.10927 2077921
8.11047 2079361
8.11166 2080801
8.11286 2082241
8.11405 2083681
8.11525 2085121
8.11644 2086561
8.11764 2088001
8.11883 2089441
8.12003 2090881
8.12122 2092321
8.12242 2093761
8.12375 2095201
8.19572 2096641
8.19691 2098081
8.19811 2099521
8.1993 2100961
8.20063 2102401
8.20183 2103841
8.20302 2105281
8.20422 2106721
8.20541 2108161
8.20661 2109601
8.2078 2111041
8.20904 2112481
8.21023 2113921
8.21143 2115361
8.21262 2116801
8.21382 2118241
8.21501 2119681
8.21621 2121121
8.2174 2122561
8.2186 2124001
8.29061 2125441
8.2918 2126881
8.293 2128321
8.29419 2129761
8.29552 2131201
8.29672 2132641
8.29791 2134081
8.29911 2135521
8.3003 2136961
8.3015 2138401
8.30269 2139841
8.30389 2141281
8.30548 2142721
8.30668 2144161
8.30787 2145601
8.30907 2147041
8.31028 2148481
8.31147 2149921
8.31267 2151361
8.31386 2152801
8.31506 2154241
8.3855 2155681
8.38669 2157121
8.38789 2158561
8.38908 2160001
8.39077 2161441
8.39196 2162881
8.39316 2164321
8.39435 2165761
8.39555 2167201
8.39675 2168641
8.39794 2170081
8.39914 2171521
8.40039 2172961
8.40158 2174401
8.40278 2175841
8.40397 2177281
8.40517 2178721
8.40636 2180161
8.40756 2181601
8.40875 2183041
8.40995 2184481
8.41114 2185921
8.48195 2187361
8.48315 2188801
8.48434 2190241
8.48554 2191681
8.48685 2193121
8.48805 2194561
8.48924 2196001
8.49044 2197441
8.49163 2198881
8.49283 2200321
8.49403 2201761
8.49522 2203201
8.49647 2204641
8.49767 2206081
8.49886 2207521
8.50006 2208961
8.50125 2210401
8.50245 2211841
8.50364 2213281
8.50484 2214721
8.50603 2216161
8.50723 2217601
8.50861 2219041
8.57804 2220481
8.57923 2221921
8.58043 2223361
8.58162 2224801
8.58294 2226241
8.58413 2227681
8.58533 2229121
8.58652 2230561
8.58772 2232001
8.58891 2233441
8.59011 2234881
8.59131 2236321
8.59255 2237761
8.59375 2239201
8.59495 2240641
8.59614 2242081
8.59734 2243521
8.59853 2244961
8.59973 2246401
8.60092 2247841
8.60212 2249281
8.60331 2250721
8.67293 2252161
8.67412 2253601
8.67532 2255041
8.67651 2256481
8.67783 2257921
8.67902 2259361
8.68022 2260801
8.68141 2262241
8.68261 2263681
8.6838 2265121
8.685 2266561
8.68619 2268001
8.68744 2269441
8.68864 2270881
8.68983 2272321
8.69103 2273761
8.69223 2275201
8.69342 2276641
8.69462 2278081
8.69581 2279521
8.69701 2280961
8.6982 2282401
8.76782 2283841
8.76901 2285281
8.77021 2286721
8.7714 2288161
8.7726 2289601
8.77379 2291041
8.77499 2292481
8.77618 2293921
8.77738 2295361
8.77857 2296801
8.77977 2298241
8.78096 2299681
8.78216 2301121
8.78335 2302561
8.78455 2304001
8.78575 2305441
8.78694 2306881
8.78814 2308321
8.78933 2309761
8.79053 2311201
8.79172 2312641
8.79292 2314081
8.79411 2315521
8.86271 2316961
8.8639 2318401
8.8651 2319841
8.86629 2321281
8.86749 2322721
8.86868 2324161
8.86988 2325601
8.87107 2327041
8.87227 2328481
8.87346 2329921
8.87466 2331361
8.87585 2332801
8.87705 2334241
8.87824 2335681
8.87944 2337121
8.88063 2338561
8.88183 2340001
8.88303 2341441
8.88422 2342881
8.88568 2344321
8.88688 2345761
8.88807 2347201
8.88927 2348641
8.89047 2350081
8.95879 2351521
8.95999 2352961
8.96118 2354401
8.96238 2355841
8.96357 2357281
8.96477 2358721
8.96596 2360161
8.96716 2361601
8.96835 2363041
8.96955 2364481
8.97074 2365921
8.97194 2367361
8.97313 2368801
8.97433 2370241
8.97552 2371681
8.97672 2373121
8.97791 2374561
8.97911 2376001
8.98031 2377441
8.9815 2378881
8.9827 2380321
8.98389 2381761
8.98509 2383201
8.98628 2384641
8.98748 2386081
9.05488 2387521
9.05607 2388961
9.05727 2390401
9.05846 2391841
9.05966 2393281
9.06085 2394721
9.06205 2396161
9.06324 2397601
9.06444 2399041
9.06563 2400481
9.06683 2401921
9.06802 2403361
9.06922 2404801
9.07041 2406241
9.07161 2407681
9.0728 2409121
9.074 2410561
9.07519 2412001
9.07639 2413441
9.07759 2414881
9.07878 2416321
9.07998 2417761
9.08117 2419201
9.08237 2420641
9.14977 2422081
9.15096 2423521
9.15216 2424961
9.15335 2426401
9.15455 2427841
9.15574 2429281
9.15694 2430721
9.15813 2432161
9.15933 2433601
9.16052 2435041
9.16172 2436481
9.16291 2437921
9.16411 2439361
9.1653 2440801
9.1665 2442241
9.16769 2443681
9.16889 2445121
9.17008 2446561
9.17128 2448001
9.17247 2449441
9.17367 2450881
9.17487 2452321
9.17606 2453761
9.17726 2455201
9.17845 2456641
9.24466 2458081
9.24621 2459521
9.2474 2460961
9.2486 2462401
9.24979 2463841
9.25099 2465281
9.25219 2466721
9.25338 2468161
9.25458 2469601
9.25577 2471041
9.25697 2472481
9.25816 2473921
9.25936 2475361
9.26055 2476801
9.26175 2478241
9.26294 2479681
9.26414 2481121
9.26533 2482561
9.26653 2484001
9.26772 2485441
9.26892 2486881
9.27011 2488321
9.27131 2489761
9.2725 2491201
9.2737 2492641
9.27489 2494081
9.34121 2495521
9.3424 2496961
9.3436 2498401
9.34479 2499841
9.34599 2501281
9.34718 2502721
9.34838 2504161
9.34957 2505601
9.35077 2507041
9.35196 2508481
9.35316 2509921
9.35435 2511361
9.35555 2512801
9.35675 2514241
9.35794 2515681
9.35914 2517121
9.36033 2518561
9.36153 2520001
9.36272 2521441
9.36392 2522881
9.36511 2524321
9.36631 2525761
9.3675 2527201
9.3687 2528641
9.36989 2530081
9.37109 2531521
9.37228 2532961
9.43729 2534401
9.43849 2535841
9.43968 2537281
9.44088 2538721
9.44207 2540161
9.44327 2541601
9.44446 2543041
9.44566 2544481
9.44685 2545921
9.44805 2547361
9.44924 2548801
9.45044 2550241
9.45163 2551681
9.45283 2553121
9.45403 2554561
9.45522 2556001
9.45642 2557441
9.45761 2558881
9.45881 2560321
9.46 2561761
9.4612 2563201
9.46239 2564641
9.46359 2566081
9.46478 2567521
9.46598 2568961
9.46717 2570401
9.53218 2571841
9.53338 2573281
9.53457 2574721
9.53577 2576161
9.53696 2577601
9.53816 2579041
9.53935 2580481
9.54055 2581921
9.54174 2583361
9.54294 2584801
9.54413 2586241
9.54533 2587681
9.54652 2589121
9.54772 2590561
9.54891 2592001
9.55011 2593441
9.55131 2594881
9.5525 2596321
9.5537 2597761
9.55489 2599201
9.55609 2600641
9.55728 2602081
9.55848 2603521
9.55967 2604961
9.56087 2606401
9.56206 2607841
9.56326 2609281
9.62707 2610721
9.62827 2612161
9.62946 2613601
9.63066 2615041
9.63185 2616481
9.63305 2617921
9.63424 2619361
9.63544 2620801
9.63663 2622241
9.63783 2623681
9.63902 2625121
9.64022 2626561
9.64141 2628001
9.64261 2629441
9.6438 2630881
9.645 2632321
9.64619 2633761
9.64739 2635201
9.64859 2636641
9.64978 2638081
9.65098 2639521
9.65217 2640961
9.65337 2642401
9.65456 2643841
9.65576 2645281
9.65695 2646721
9.65815 2648161
9.65934 2649601
9.72316 2651041
9.72435 2652481
9.72555 2653921
9.72674 2655361
9.72794 2656801
9.72913 2658241
9.73033 2659681
9.73152 2661121
9.73272 2662561
9.73391 2664001
9.73511 2665441
9.7363 2666881
9.7375 2668321
9.73869 2669761
9.73989 2671201
9.74108 2672641
9.74228 2674081
9.74347 2675521
9.74467 2676961
9.74587 2678401
9.74706 2679841
9.74826 2681281
9.74945 2682721
9.75065 2684161
9.75184 2685601
9.75304 2687041
9.75423 2688481
9.75543 2689921
9.75662 2691361
9.81924 2692801
9.82044 2694241
9.82163 2695681
9.82283 2697121
9.82402 2698561
9.82522 2700001
9.82641 2701441
9.82761 2702881
9.8288 2704321
9.83 2705761
9.83119 2707201
9.83239 2708641
9.83358 2710081
9.83478 2711521
9.83597 2712961
9.83717 2714401
9.83836 2715841
9.83956 2717281
9.84075 2718721
9.84195 2720161
9.84315 2721601
9.84434 2723041
9.84558 2724481
9.84677 2725921
9.84797 2727361
9.84916 2728801
9.85036 2730241
9.85155 2731681
9.91413 2733121
9.91533 2734561
9.91652 2736001
9.91772 2737441
9.91891 2738881
9.92011 2740321
9.9213 2741761
9.9225 2743201
9.92369 2744641
9.92489 2746081
9.92608 2747521
9.92728 2748961
9.92847 2750401
9.92967 2751841
9.93086 2753281
9.93206 2754721
9.93325 2756161
9.93445 2757601
9.93564 2759041
9.93684 2760481
9.93803 2761921
9.93923 2763361
9.94047 2764801
9.94166 2766241
9.94296 2767681
9.94416 2769121
9.94535 2770561
9.94655 2772001
9.94779 2773441
10.009 2774881
10.0102 2776321
10.0114 2777761
10.0126 2779201
10.0138 2780641
10.0154 2782081
10.0165 2783521
10.0177 2784961
10.0189 2786401
10.0201 2787841
10.0213 2789281
10.0225 2790721
10.0237 2792161
10.0249 2793601
10.0261 2795041
10.0273 2796481
10.0285 2797921
10.0297 2799361
10.0309 2800801
10.0321 2802241
10.0333 2803681
10.0345 2805121
10.0357 2806561
10.0369 2808001
10.0382 2809441
10.0394 2810881
10.0406 2812321
10.0418 2813761
10.043 2815201
10.0442 2816641
10.1054 2818081
10.1066 2819521
10.1078 2820961
10.109 2822401
10.1102 2823841
10.1114 2825281
10.1126 2826721
10.1138 2828161
10.115 2829601
10.1162 2831041
10.1174 2832481
10.1186 2833921
10.1198 2835361
10.121 2836801
10.1222 2838241
10.1234 2839681
10.1246 2841121
10.1258 2842561
10.127 2844001
10.1282 2845441
10.1294 2846881
10.1306 2848321
10.1318 2849761
10.133 2851201
10.1343 2852641
10.1355 2854081
10.1367 2855521
10.1379 2856961
10.1391 2858401
10.1403 2859841
10.1415 2861281
10.2015 2862721
10.2027 2864161
10.2039 2865601
10.2051 2867041
10.2067 2868481
10.2079 2869921
10.2091 2871361
10.2103 2872801
10.2115 2874241
10.2127 2875681
10.2139 2877121
10.2151 2878561
10.2162 2880001
10.2174 2881441
10.2186 2882881
10.2198 2884321
10.221 2885761
10.2222 2887201
10.2234 2888641
10.2246 2890081
10.2258 2891521
10.227 2892961
10.2282 2894401
10.2294 2895841
10.2306 2897281
10.2318 2898721
10.233 2900161
10.2342 2901601
10.2354 2903041
10.2366 2904481
10.2964 2905921
10.2976 2907361
10.2988 2908801
10.3 2910241
10.3016 2911681
10.3028 2913121
10.304 2914561
10.3052 2916001
10.3064 2917441
10.3076 2918881
10.3087 2920321
10.3099 2921761
10.3111 2923201
10.3123 2924641
10.3135 2926081
10.3147 2927521
10.3159 2928961
10.3171 2930401
10.3183 2931841
10.3195 2933281
10.3207 2934721
10.3219 2936161
10.3231 2937601
10.3243 2939041
10.3255 2940481
10.3267 2941921
10.3279 2943361
10.3291 2944801
10.3303 2946241
10.3315 2947681
10.3327 2949121
10.3913 2950561
10.3925 2952001
10.3937 2953441
10.3949 2954881
10.3966 2956321
10.3978 2957761
10.399 2959201
10.4002 2960641
10.4014 2962081
10.4026 2963521
10.4037 2964961
10.4049 2966401
10.4061 2967841
10.4073 2969281
10.4085 2970721
10.4097 2972161
10.4109 2973601
10.4121 2975041
10.4133 2976481
10.4145 2977921
10.4157 2979361
10.4169 2980801
10.4181 2982241
10.4193 2983681
10.4205 2985121
10.4217 2986561
10.4229 2988001
10.4241 2989441
10.4253 2990881
10.4265 2992321
10.4277 2993761
10.4288 2995201
10.4874 2996641
10.4886 2998081
10.4898 2999521
10.491 3000961
10.493 3002401
10.4942 3003841
10.4954 3005281
10.4966 3006721
10.4978 3008161
10.499 3009601
10.5001 3011041
10.5013 3012481
10.5025 3013921
10.5037 3015361
10.5049 3016801
10.5061 3018241
10.5073 3019681
10.5085 3021121
10.5097 3022561
10.5109 3024001
10.5121 3025441
10.5133 3026881
10.5145 3028321
10.5157 3029761
10.5169 3031201
10.5181 3032641
10.5193 3034081
10.5205 3035521
10.5217 3036961
10.5229 3038401
10.5241 3039841
10.5252 3041281
10.5835 3042721
10.5847 3044161
10.5858 3045601
10.587 3047041
10.5882 3048481
10.5894 3049921
10.5906 3051361
10.5918 3052801
10.593 3054241
10.5942 3055681
10.5954 3057121
10.5966 3058561
10.5978 3060001
10.599 3061441
10.6002 3062881
10.6014 3064321
10.6026 3065761
10.6038 3067201
10.605 3068641
10.6062 3070081
10.6074 3071521
10.6086 3072961
10.6098 3074401
10.6109 3075841
10.6121 3077281
10.6133 3078721
10.6147 3080161
10.6159 3081601
10.6171 3083041
10.6183 3084481
10.6195 3085921
10.6207 3087361
10.6219 3088801
10.6795 3090241
10.6807 3091681
10.6819 3093121
10.6831 3094561
10.6843 3096001
10.6855 3097441
10.6867 3098881
10.6879 3100321
10.6891 3101761
10.6903 3103201
10.6915 3104641
10.6927 3106081
10.6939 3107521
10.6951 3108961
10.6963 3110401
10.6975 3111841
10.6987 3113281
10.7 3114721
10.7012 3116161
10.7024 3117601
10.7036 3119041
10.7047 3120481
10.7059 3121921
10.7071 3123361
10.7083 3124801
10.7095 3126241
10.7108 3127681
10.712 3129121
10.7132 3130561
10.7144 3132001
10.7155 3133441
10.7167 3134881
10.7748 3136321
10.776 3137761
10.7772 3139201
10.7784 3140641
10.7796 3142081
10.7808 3143521
10.782 3144961
10.7832 3146401
10.7844 3147841
10.7856 3149281
10.7868 3150721
10.788 3152161
10.7892 3153601
10.7904 3155041
10.7916 3156481
10.7927 3157921
10.7939 3159361
10.7951 3160801
10.7963 3162241
10.7975 3163681
10.7987 3165121
10.7999 3166561
10.8011 3168001
10.8023 3169441
10.8035 3170881
10.8047 3172321
10.8059 3173761
10.8071 3175201
10.8083 3176641
10.8095 3178081
10.8107 3179521
10.8119 3180961
10.8131 3182401
10.8697 3183841
10.8713 3185281
10.8725 3186721
10.8737 3188161
10.8749 3189601
10.8761 3191041
10.8772 3192481
10.8784 3193921
10.8796 3195361
10.8808 3196801
10.882 3198241
10.8832 3199681
10.8844 3201121
10.8856 3202561
10.8868 3204001
10.888 3205441
10.8892 3206881
10.8904 3208321
10.8916 3209761
10.8928 3211201
10.894 3212641
10.8952 3214081
10.8964 3215521
10.8976 3216961
10.8988 3218401
10.9 3219841
10.9012 3221281
10.9023 3222721
10.9035 3224161
10.9047 3225601
10.9059 3227041
10.9071 3228481
10.9083 3229921
10.9095 3231361
10.9662 3232801
10.9674 3234241
10.9686 3235681
10.9697 3237121
10.9709 3238561
10.9721 3240001
10.9733 3241441
10.9745 3242881
10.9757 3244321
10.9769 3245761
10.9781 3247201
10.9793 3248641
10.9805 3250081
10.9817 3251521
10.9829 3252961
10.9841 3254401
10.9853 3255841
10.9865 3257281
10.9877 3258721
10.9889 3260161
10.9901 3261601
10.9913 3263041
10.9925 3264481
10.9937 3265921
10.9948 3267361
10.996 3268801
10.9972 3270241
10.9984 3271681
10.9996 3273121
11.0008 3274561
11.002 3276001
11.0035 3277441
11.0047 3278881
11.0059 3280321
11.0071 3281761
11.0626 3283201
11.0638 3284641
11.065 3286081
11.0662 3287521
11.0673 3288961
11.0685 3290401
11.0697 3291841
11.0709 3293281
11.0721 3294721
11.0733 3296161
11.0745 3297601
11.0757 3299041
11.0769 3300481
11.0781 3301921
11.0793 3303361
11.0805 3304801
11.0817 3306241
11.0829 3307681
11.0841 3309121
11.0853 3310561
11.0865 3312001
11.0877 3313441
11.0889 3314881
11.0901 3316321
11.0913 3317761
11.0924 3319201
11.0936 3320641
11.0948 3322081
11.096 3323521
11.0972 3324961
11.0984 3326401
11.0996 3327841
11.1008 3329281
11.102 3330721
11.1575 3332161
11.1587 3333601
11.1598 3335041
11.161 3336481
11.1622 3337921
11.1634 3339361
11.1646 3340801
11.1658 3342241
11.167 3343681
11.1682 3345121
11.1694 3346561
11.1706 3348001
11.1718 3349441
11.173 3350881
11.1742 3352321
11.1754 3353761
11.1766 3355201
11.1778 3356641
11.179 3358081
11.1802 3359521
11.1814 3360961
11.1826 3362401
11.1837 3363841
11.1849 3365281
11.1861 3366721
11.1873 3368161
11.1885 3369601
11.1897 3371041
11.1909 3372481
11.1921 3373921
11.1933 3375361
11.1945 3376801
11.1957 3378241
11.1969 3379681
11.1981 3381121
11.2526 3382561
11.2538 3384001
11.255 3385441
11.2562 3386881
11.2574 3388321
11.2586 3389761
11.2598 3391201
11.261 3392641
11.2622 3394081
11.2634 3395521
11.2646 3396961
11.2658 3398401
11.267 3399841
11.2682 3401281
11.2694 3402721
11.2706 3404161
11.2717 3405601
11.2729 3407041
11.2741 3408481
11.2753 3409921
11.2765 3411361
11.2777 3412801
11.2789 3414241
11.2801 3415681
11.2813 3417121
11.2825 3418561
11.2837 3420001
11.2849 3421441
11.2861 3422881
11.2873 3424321
11.2885 3425761
11.2897 3427201
11.2909 3428641
11.2921 3430081
11.2933 3431521
11.2945 3432961
11.3487 3434401
11.3499 3435841
11.3511 3437281
11.3523 3438721
11.3535 3440161
11.3547 3441601
11.3559 3443041
11.3571 3444481
11.3583 3445921
11.3595 3447361
11.3607 3448801
11.3619 3450241
11.3631 3451681
11.3642 3453121
11.3654 3454561
11.3666 3456001
11.3678 3457441
11.369 3458881
11.3702 3460321
11.3714 3461761
11.3726 3463201
11.3738 3464641
11.375 3466081
11.3762 3467521
11.3774 3468961
11.3789 3470401
11.3801 3471841
11.3813 3473281
11.3825 3474721
11.3837 3476161
11.3849 3477601
11.3861 3479041
11.3873 3480481
11.3885 3481921
11.3897 3483361
11.3909 3484801
11.3921 3486241
11.4448 3487681
11.446 3489121
11.4472 3490561
11.4484 3492001
11.4496 3493441
11.5493 3494881
11.5493 3496321
11.5493 3497761
11.5493 3499201
11.5493 3500641
11.5493 3502081
11.5493 3503521
11.5493 3504961
11.5493 3506401
11.5493 3507841
11.5493 3509281
11.5493 3510721
11.5493 3512161
11.5493 3513601
11.5493 3515041
11.5493 3516481
11.5493 3517921
11.5493 3519361
11.5493 3520801
11.5493 3522241
11.5493 3523681
11.5493 3525121
11.5493 3526561
11.5493 3528001
11.5493 3529441
11.5493 3530881
11.5493 3532321
11.5493 3533761
11.5493 3535201
11.5493 3536641
11.5493 3538081
11.5493 3539521
11.5493 3540961
11.5493 3542401
11.5493 3543841
11.5493 3545281
11.5493 3546721
11.5493 3548161
11.5493 3549601
11.5742 3551041
11.5754 3552481
11.5766 3553921
11.5778 3555361
11.579 3556801
11.5801 3558241
11.5813 3559681
11.5825 3561121
11.6348 3562561
11.636 3564001
11.6372 3565441
11.6384 3566881
11.6396 3568321
11.6408 3569761
11.6421 3571201
11.6433 3572641
11.6445 3574081
11.6703 3575521
11.6715 3576961
11.6726 3578401
11.6738 3579841
11.675 3581281
11.6762 3582721
11.6774 3584161
11.6786 3585601
11.7309 3587041
11.7321 3588481
11.7333 3589921
11.7345 3591361
11.7357 3592801
11.7369 3594241
11.7381 3595681
11.7393 3597121
11.7655 3598561
11.7667 3600001
11.7679 3601441
11.7691 3602881
11.7702 3604321
11.7714 3605761
11.7726 3607201
11.7738 3608641
11.775 3610081
11.8258 3611521
11.827 3612961
11.8282 3614401
11.8294 3615841
11.8306 3617281
11.8318 3618721
11.833 3620161
11.8342 3621601
11.9588 3623041
11.9588 3624481
11.9588 3625921
11.9588 3627361
11.9588 3628801
11.9588 3630241
11.9588 3631681
11.9588 3633121
11.9588 3634561
11.9588 3636001
11.9588 3637441
11.9588 3638881
11.9588 3640321
11.9588 3641761
11.9588 3643201
11.9588 3644641
11.9588 3646081
11.9588 3647521
11.9588 3648961
11.9588 3650401
12.0204 3651841
12.0216 3653281
12.0228 3654721
12.024 3656161
12.0252 3657601
12.0514 3659041
12.0526 3660481
12.0538 3661921
12.1165 3663361
12.1177 3664801
12.1189 3666241
12.1201 3667681
12.1466 3669121
12.1478 3670561
12.149 3672001
12.1502 3673441
12.2126 3674881
12.2138 3676321
12.215 3677761
12.2162 3679201
12.2427 3680641
12.2439 3682081
12.2451 3683521
12.2462 3684961
12.3088 3686401
12.31 3687841
12.3112 3689281
12.3124 3690721
12.3136 3692161
12.3387 3693601
12.3399 3695041
12.3411 3696481
12.3423 3697921
12.4049 3699361
12.4061 3700801
12.4073 3702241
12.4084 3703681
12.434 3705121
12.4352 3706561
12.4364 3708001
12.4376 3709441
12.4998 3710881
12.5009 3712321
12.5021 3713761
12.5033 3715201
12.5045 3716641
12.5289 3718081
12.5301 3719521
12.5313 3720961
12.5325 3722401
12.5946 3723841
12.5958 3725281
12.597 3726721
12.5982 3728161
12.5994 3729601
12.6006 3731041
12.6253 3732481
12.6265 3733921
12.6277 3735361
12.6289 3736801
12.691 3738241
12.6922 3739681
12.6934 3741121
12.6946 3742561
12.6958 3744001
12.697 3745441
12.7214 3746881
12.7226 3748321
12.7238 3749761
12.725 3751201
12.7262 3752641
12.7874 3754081
12.7886 3755521
12.7898 3756961
12.791 3758401
12.7922 3759841
12.7934 3761281
12.8176 3762721
12.8188 3764161
12.82 3765601
12.8213 3767041
12.8823 3768481
12.8835 3769921
12.8847 3771361
12.8859 3772801
12.8871 3774241
12.8883 3775681
12.9128 3777121
12.914 3778561
12.9152 3780001
12.9164 3781441
12.9176 3782881
12.9772 3784321
12.9784 3785761
12.9796 3787201
12.9808 3788641
12.982 3790081
12.9832 3791521
13.008 3792961
13.0092 3794401
13.0104 3795841
13.0116 3797281
13.0128 3798721
13.014 3800161
13.0734 3801601
13.0745 3803041
13.0757 3804481
13.0769 3805921
13.0781 3807361
13.0793 3808801
13.1041 3810241
13.1053 3811681
13.1065 3813121
13.1077 3814561
13.1089 3816001
13.1101 3817441
13.1694 3818881
13.1706 3820321
13.1718 3821761
13.173 3823201
13.1742 3824641
13.1754 3826081
13.1766 3827521
13.2008 3828961
13.2021 3830401
13.2033 3831841
13.2044 3833281
13.2056 3834721
13.2068 3836161
13.2655 3837601
13.2667 3839041
13.2681 3840481
13.2693 3841921
13.2705 3843361
13.2717 3844801
13.2957 3846241
13.2969 3847681
13.2981 3849121
13.2993 3850561
13.3005 3852001
13.3017 3853441
13.3604 3854881
13.3616 3856321
13.3634 3857761
13.3646 3859201
13.3658 3860641
13.367 3862081
13.3682 3863521
13.391 3864961
13.3922 3866401
13.3934 3867841
13.3946 3869281
13.3958 3870721
13.397 3872161
13.4556 3873601
13.4568 3875041
13.4586 3876481
13.4598 3877921
13.461 3879361
13.4622 3880801
13.4634 3882241
13.4646 3883681
13.4871 3885121
13.4883 3886561
13.4895 3888001
13.4907 3889441
13.4919 3890881
13.4931 3892321
13.5521 3893761
13.5533 3895201
13.5547 3896641
13.5559 3898081
13.5571 3899521
13.5583 3900961
13.5595 3902401
13.5607 3903841
13.5619 3905281
13.5834 3906721
13.5846 3908161
13.5858 3909601
13.587 3911041
13.5882 3912481
13.5894 3913921
13.6481 3915361
13.6493 3916801
13.651 3918241
13.6521 3919681
13.6533 3921121
13.6547 3922561
13.6559 3924001
13.6571 3925441
13.6783 3926881
13.6795 3928321
13.6807 3929761
13.6819 3931201
13.6831 3932641
13.6843 3934081
13.7433 3935521
13.7445 3936961
13.7458 3938401
13.747 3939841
13.7482 3941281
13.7494 3942721
13.7508 3944161
13.752 3945601
13.7732 3947041
13.7744 3948481
13.7756 3949921
13.7768 3951361
13.778 3952801
13.7792 3954241
13.7804 3955681
13.8385 3957121
13.8397 3958561
13.8409 3960001
13.8421 3961441
13.8433 3962881
13.8445 3964321
13.8457 3965761
13.8469 3967201
13.8681 3968641
13.8693 3970081
13.8705 3971521
13.8717 3972961
13.8729 3974401
13.8741 3975841
13.8753 3977281
13.8765 3978721
13.9346 3980161
13.9358 3981601
13.937 3983041
13.9382 3984481
13.9394 3985921
13.9406 3987361
13.9418 3988801
13.943 3990241
13.9645 3991681
13.9657 3993121
13.9669 3994561
13.9681 3996001
13.9693 3997441
13.9705 3998881
13.9717 4000321
13.9729 4001761
13.9741 4003201
14.031 4004641
14.0322 4006081
14.0334 4007521
14.0346 4008961
14.0358 4010401
14.037 4011841
14.0382 4013281
14.0394 4014721
14.061 4016161
14.0622 4017601
14.0634 4019041
14.0646 4020481
14.0658 4021921
14.067 4023361
14.0682 4024801
14.0694 4026241
14.1263 4027681
14.1275 4029121
14.1287 4030561
14.1299 4032001
14.1311 4033441
14.1323 4034881
14.1335 4036321
14.1347 4037761
14.1559 4039201
14.1571 4040641
14.1584 4042081
14.1596 4043521
14.1608 4044961
14.162 4046401
14.1632 4047841
14.1644 4049281
14.2212 4050721
14.2224 4052161
14.2236 4053601
14.2248 4055041
14.226 4056481
14.2272 4057921
14.2283 4059361
14.2295 4060801
14.2307 4062241
14.2509 4063681
14.2521 4065121
14.2533 4066561
14.2545 4068001
14.2557 4069441
14.2569 4070881
14.2581 4072321
14.2593 4073761
14.3161 4075201
14.3173 4076641
14.3185 4078081
14.3197 4079521
14.3208 4080961
14.322 4082401
14.3232 4083841
14.3246 4085281
14.3258 4086721
14.327 4088161
14.3474 4089601
14.3486 4091041
14.3498 4092481
14.351 4093921
14.3522 4095361
14.3533 4096801
14.3545 4098241
14.3557 4099681
14.4122 4101121
14.4133 4102561
14.4145 4104001
14.4157 4105441
14.4169 4106881
14.4181 4108321
14.4193 4109761
14.4205 4111201
14.4217 4112641
14.4229 4114081
14.4241 4115521
14.4435 4116961
14.4447 4118401
14.4458 4119841
14.447 4121281
14.4482 4122721
14.4494 4124161
14.4506 4125601
14.4518 4127041
14.5086 4128481
14.5098 4129921
14.511 4131361
14.5122 4132801
14.5134 4134241
14.5146 4135681
14.5158 4137121
14.517 4138561
14.5182 4140001
14.5194 4141441
14.5383 4142881
14.5395 4144321
14.5407 4145761
14.5419 4147201
14.5431 4148641
14.5443 4150081
14.5455 4151521
14.5467 4152961
14.6035 4154401
14.6047 4155841
14.6059 4157281
14.6071 4158721
14.6083 4160161
14.6095 4161601
14.6107 4163041
14.6119 4164481
14.613 4165921
14.6142 4167361
14.6154 4168801
14.6332 4170241
14.6344 4171681
14.6356 4173121
14.7369 4174561
14.7369 4176001
14.7369 4177441
14.7369 4178881
14.7369 4180321
14.7369 4181761
14.7369 4183201
14.7369 4184641
14.7369 4186081
14.7369 4187521
14.7369 4188961
14.7369 4190401
14.7369 4191841
14.7369 4193281
14.7369 4194721
14.7369 4196161
14.7369 4197601
14.7369 4199041
14.7369 4200481
14.7369 4201921
14.7369 4203361
14.7369 4204801
14.8041 4206241
14.8053 4207681
14.8069 4209121
14.8244 4210561
14.8256 4212001
14.828 4213441
14.8292 4214881
14.8306 4216321
14.8318 4217761
14.9005 4219201
14.9017 4220641
14.9193 4222081
14.9207 4223521
14.9232 4224961
14.9244 4226401
14.9256 4227841
14.9268 4229281
14.9954 4230721
14.9966 4232161
15.0146 4233601
15.0158 4235041
15.0182 4236481
15.0194 4237921
15.0206 4239361
15.0218 4240801
15.0907 4242241
15.092 4243681
15.1098 4245121
15.111 4246561
15.1122 4248001
15.1138 4249441
15.115 4250881
15.1162 4252321
15.1174 4253761
15.1856 4255201
15.1868 4256641
15.2047 4258081
15.2059 4259521
15.2071 4260961
15.2083 4262401
15.2101 4263841
15.2113 4265281
15.2125 4266721
15.2137 4268161
15.282 4269601
15.2832 4271041
15.3008 4272481
15.302 4273921
15.3032 4275361
15.3044 4276801
15.3058 4278241
15.307 4279681
15.3082 4281121
15.3094 4282561
15.3106 4284001
15.3781 4285441
15.3793 4286881
15.3969 4288321
15.3981 4289761
15.3993 4291201
15.4005 4292641
15.4019 4294081
15.4031 4295521
15.4043 4296961
15.4054 4298401
15.473 4299841
15.4742 4301281
15.4918 4302721
15.493 4304161
15.4942 4305601
15.4954 4307041
15.4971 4308481
15.4983 4309921
15.4995 4311361
15.5007 4312801
15.5019 4314241
15.5679 4315681
15.5691 4317121
15.5867 4318561
15.5879 4320001
15.5891 4321441
15.5903 4322881
15.592 4324321
15.5932 4325761
15.5944 4327201
15.5955 4328641
15.5967 4330081
15.5979 4331521
15.6641 4332961
15.6655 4334401
15.6828 4335841
15.6841 4337281
15.6853 4338721
15.6865 4340161
15.688 4341601
15.6892 4343041
15.6904 4344481
15.6917 4345921
15.6929 4347361
15.6941 4348801
15.6953 4350241
15.7604 4351681
15.7616 4353121
15.779 4354561
15.7802 4356001
15.7814 4357441
15.7826 4358881
15.7841 4360321
15.7853 4361761
15.7866 4363201
15.7878 4364641
15.789 4366081
15.7902 4367521
15.8553 4368961
15.8565 4370401
15.8739 4371841
15.8751 4373281
15.8763 4374721
15.8775 4376161
15.879 4377601
15.8802 4379041
15.8818 4380481
15.883 4381921
15.8842 4383361
15.8854 4384801
15.9502 4386241
15.9514 4387681
15.9688 4389121
15.97 4390561
15.9712 4392001
15.9724 4393441
15.9736 4394881
15.9748 4396321
15.976 4397761
15.9772 4399201
15.9783 4400641
15.9795 4402081
15.9807 4403521
16.0451 4404961
16.0463 4406401
16.0637 4407841
16.0649 4409281
16.0661 4410721
16.0673 4412161
16.0685 4413601
16.0697 4415041
16.0708 4416481
16.072 4417921
16.0732 4419361
16.0744 4420801
16.0756 4422241
16.0769 4423681
16.1415 4425121
16.1427 4426561
16.1598 4428001
16.161 4429441
16.1622 4430881
16.1633 4432321
16.1645 4433761
16.1657 4435201
16.1669 4436641
16.1681 4438081
16.1693 4439521
16.1705 4440961
16.1717 4442401
16.1729 4443841
16.1741 4445281
16.2379 4446721
16.2391 4448161
16.2558 4449601
16.257 4451041
16.2582 4452481
16.2594 4453921
16.2608 4455361
16.262 4456801
16.2632 4458241
16.2644 4459681
16.2656 4461121
16.2668 4462561
16.268 4464001
16.2692 4465441
16.3328 4466881
16.334 4468321
16.3511 4469761
16.3523 4471201
16.3535 4472641
16.3547 4474081
16.3559 4475521
16.3571 4476961
16.3583 4478401
16.3595 4479841
16.3607 4481281
16.3618 4482721
16.363 4484161
16.3642 4485601
16.3654 4487041
16.428 4488481
16.4292 4489921
16.4463 4491361
16.4475 4492801
16.4487 4494241
16.4499 4495681
16.4511 4497121
16.4523 4498561
16.4534 4500001
16.4546 4501441
16.4558 4502881
16.457 4504321
16.4582 4505761
16.4594 4507201
16.4606 4508641
16.4622 4510081
16.5241 4511521
16.5253 4512961
16.5427 4514401
16.5439 4515841
16.5451 4517281
16.5463 4518721
16.5475 4520161
16.5487 4521601
16.5498 4523041
16.551 4524481
16.5522 4525921
16.5534 4527361
16.5546 4528801
16.5558 4530241
16.557 4531681
16.5582 4533121
16.5594 4534561
16.6205 4536001
16.6217 4537441
16.6388 4538881
16.64 4540321
16.6412 4541761
16.6424 4543201
16.6436 4544641
16.6448 4546081
16.646 4547521
16.6472 4548961
16.6484 4550401
16.6496 4551841
16.6508 4553281
16.6519 4554721
16.6531 4556161
16.6543 4557601
16.7154 4559041
16.7165 4560481
16.7337 4561921
16.7348 4563361
16.7361 4564801
16.7373 4566241
16.7385 4567681
16.7397 4569121
16.7409 4570561
16.7421 4572001
16.7434 4573441
16.7446 4574881
16.7458 4576321
16.747 4577761
16.7482 4579201
16.7494 4580641
16.7506 4582081
16.8102 4583521
16.8114 4584961
16.8285 4586401
16.8297 4587841
16.831 4589281
16.8322 4590721
16.8334 4592161
16.8346 4593601
16.8358 4595041
16.8369 4596481
16.8387 4597921
16.8398 4599361
16.841 4600801
16.8422 4602241
16.8434 4603681
16.8446 4605121
16.8458 4606561
16.847 4608001
16.9071 4609441
16.9083 4610881
16.9246 4612321
16.9258 4613761
16.9271 4615201
16.9283 4616641
16.9294 4618081
16.9306 4619521
16.9318 4620961
16.933 4622401
16.9347 4623841
16.9359 4625281
16.9371 4626721
16.9383 4628161
16.9395 4629601
16.9407 4631041
16.9419 4632481
16.9431 4633921
17.0035 4635361
17.0047 4636801
17.0059 4638241
17.0207 4639681
17.0219 4641121
17.0231 4642561
17.0243 4644001
17.0255 4645441
17.0267 4646881
17.0279 4648321
17.0291 4649761
17.0308 4651201
17.032 4652641
17.0332 4654081
17.0344 4655521
17.0356 4656961
17.0368 4658401
17.038 4659841
17.0392 4661281
17.0996 4662721
17.1008 4664161
17.1156 4665601
17.1168 4667041
17.118 4668481
17.1192 4669921
17.1205 4671361
17.1217 4672801
17.1229 4674241
17.1241 4675681
17.1261 4677121
17.1273 4678561
17.1285 4680001
17.1297 4681441
17.1308 4682881
17.132 4684321
17.1332 4685761
17.1344 4687201
17.1945 4688641
17.1957 4690081
17.2105 4691521
17.2117 4692961
17.2129 4694401
17.2141 4695841
17.2153 4697281
17.2165 4698721
17.2177 4700161
17.2189 4701601
17.2201 4703041
17.2212 4704481
17.2224 4705921
17.2236 4707361
17.2248 4708801
17.226 4710241
17.2272 4711681
17.2284 4713121
17.2296 4714561
17.2894 4716001
17.2906 4717441
17.3057 4718881
17.3069 4720321
17.3081 4721761
17.3093 4723201
17.3105 4724641
17.3117 4726081
17.3129 4727521
17.3141 4728961
17.3153 4730401
17.3165 4731841
17.3177 4733281
17.3188 4734721
17.32 4736161
17.3212 4737601
17.3224 4739041
17.3236 4740481
17.3248 4741921
17.326 4743361
17.3854 4744801
17.3866 4746241
17.4018 4747681
17.403 4749121
17.4042 4750561
17.4054 4752001
17.4066 4753441
17.4078 4754881
17.409 4756321
17.4102 4757761
17.4114 4759201
17.4126 4760641
17.4137 4762081
17.4149 4763521
17.4161 4764961
17.4173 4766401
17.4185 4767841
17.4197 4769281
17.4209 4770721
17.4224 4772161
17.4236 4773601
17.4815 4775041
17.4827 4776481
17.4982 4777921
17.4994 4779361
17.5006 4780801
17.5018 4782241
17.503 4783681
17.5042 4785121
17.5054 4786561
17.5066 4788001
17.5078 4789441
17.509 4790881
17.5102 4792321
17.5114 4793761
17.5126 4795201
17.5138 4796641
17.515 4798081
17.5162 4799521
17.5176 4800961
17.5188 4802401
17.5767 4803841
17.5779 4805281
17.5931 4806721
17.5943 4808161
17.5955 4809601
17.5967 4811041
17.5979 4812481
17.5994 4813921
17.6006 4815361
17.6018 4816801
17.603 4818241
17.6042 4819681
17.6054 4821121
17.6066 4822561
17.6078 4824001
17.609 4825441
17.6102 4826881
17.6114 4828321
17.6126 4829761
17.6138 4831201
17.615 4832641
17.672 4834081
17.6732 4835521
17.688 4836961
17.6892 4838401
17.6904 4839841
17.6916 4841281
17.6928 4842721
17.694 4844161
17.6955 4845601
17.6967 4847041
17.6979 4848481
17.6991 4849921
17.7003 4851361
17.7015 4852801
17.7027 4854241
17.7039 4855681
17.7051 4857121
17.7063 4858561
17.7075 4860001
17.7087 4861441
17.7099 4862881
17.7111 4864321
17.768 4865761
17.7692 4867201
17.7841 4868641
17.7853 4870081
17.7865 4871521
17.7877 4872961
17.7889 4874401
17.7901 4875841
17.7916 4877281
17.7928 4878721
17.794 4880161
17.7952 4881601
17.7964 4883041
17.7976 4884481
17.7988 4885921
17.8002 4887361
17.8014 4888801
17.8026 4890241
17.8038 4891681
17.805 4893121
17.8066 4894561
17.8078 4896001
17.809 4897441
17.8641 4898881
17.8653 4900321
17.8802 4901761
17.8814 4903201
17.8826 4904641
17.8838 4906081
17.885 4907521
17.8862 4908961
17.8877 4910401
17.8889 4911841
17.8901 4913281
17.8913 4914721
17.8926 4916161
17.8938 4917601
17.8955 4919041
17.8967 4920481
17.8979 4921921
17.899 4923361
17.9002 4924801
17.9014 4926241
17.9026 4927681
17.9038 4929121
17.959 4930561
17.9602 4932001
17.9751 4933441
17.9763 4934881
17.9775 4936321
17.9787 4937761
17.9799 4939201
17.9811 4940641
17.9829 4942081
17.9841 4943521
17.9853 4944961
17.9865 4946401
17.9877 4947841
17.9889 4949281
17.9904 4950721
17.9915 4952161
17.9927 4953601
17.9939 4955041
17.9951 4956481
17.9963 4957921
17.9975 4959361
17.9987 4960801
17.9999 4962241
18.0542 4963681
18.0554 4965121
18.07 4966561
18.0712 4968001
18.0724 4969441
18.0736 4970881
18.0748 4972321
18.076 4973761
18.0778 4975201
18.079 4976641
18.0802 4978081
18.0814 4979521
18.0826 4980961
18.0838 4982401
18.0852 4983841
18.0864 4985281
18.0876 4986721
18.0888 4988161
18.0903 4989601
18.0915 4991041
18.0927 4992481
18.0939 4993921
18.0951 4995361
18.0963 4996801
18.1503 4998241
18.1515 4999681
18.1661 5001121
18.1672 5002561
18.1685 5004001
18.1697 5005441
18.1709 5006881
18.1721 5008321
18.1739 5009761
18.1751 5011201
18.1764 5012641
18.1776 5014081
18.1788 5015521
18.18 5016961
18.1813 5018401
18.1825 5019841
18.1837 5021281
18.1849 5022721
18.1864 5024161
18.1876 5025601
18.1888 5027041
18.19 5028481
18.1912 5029921
18.1924 5031361
18.1936 5032801
18.2464 5034241
18.2476 5035681
18.2625 5037121
18.2637 5038561
18.2649 5040001
18.2661 5041441
18.2673 5042881
18.2685 5044321
18.27 5045761
18.2712 5047201
18.2725 5048641
18.2737 5050081
18.2749 5051521
18.2761 5052961
18.2777 5054401
18.2789 5055841
18.2801 5057281
18.2813 5058721
18.2825 5060161
18.2837 5061601
18.2849 5063041
18.2861 5064481
18.2873 5065921
18.2885 5067361
18.3413 5068801
18.3425 5070241
18.3579 5071681
18.359 5073121
18.3602 5074561
18.3614 5076001
18.3626 5077441
18.3638 5078881
18.365 5080321
18.3662 5081761
18.3674 5083201
18.3686 5084641
18.3698 5086081
18.371 5087521
18.373 5088961
18.3742 5090401
18.3754 5091841
18.3766 5093281
18.3778 5094721
18.379 5096161
18.3802 5097601
18.3814 5099041
18.3826 5100481
18.3837 5101921
18.3849 5103361
18.4363 5104801
18.4379 5106241
18.4531 5107681
18.4543 5109121
18.4555 5110561
18.4567 5112001
18.4579 5113441
18.4591 5114881
18.4603 5116321
18.4615 5117761
18.4627 5119201
18.4639 5120641
18.4651 5122081
18.4662 5123521
18.4679 5124961
18.4691 5126401
18.4703 5127841
18.4715 5129281
18.4727 5130721
18.4739 5132161
18.4751 5133601
18.4762 5135041
18.4774 5136481
18.4786 5137921
18.4798 5139361
18.481 5140801
18.5328 5142241
18.534 5143681
18.5492 5145121
18.5504 5146561
18.5516 5148001
18.5528 5149441
18.554 5150881
18.5552 5152321
18.5567 5153761
18.5579 5155201
18.5591 5156641
18.5603 5158081
18.5615 5159521
18.5627 5160961
18.564 5162401
18.5652 5163841
18.5664 5165281
18.5676 5166721
18.5687 5168161
18.5699 5169601
18.5711 5171041
18.5723 5172481
18.5735 5173921
18.5747 5175361
18.5759 5176801
18.5771 5178241
18.6293 5179681
18.6305 5181121
18.632 5182561
18.6456 5184001
18.6468 5185441
18.648 5186881
18.6492 5188321
18.6504 5189761
18.6516 5191201
18.6528 5192641
18.654 5194081
18.6552 5195521
18.6564 5196961
18.6576 5198401
18.6588 5199841
18.6601 5201281
18.6612 5202721
18.6624 5204161
18.6636 5205601
18.6648 5207041
18.666 5208481
18.6672 5209921
18.6684 5211361
18.6696 5212801
18.6708 5214241
18.672 5215681
18.6732 5217121
18.7253 5218561
18.7265 5220001
18.7405 5221441
18.7417 5222881
18.7429 5224321
18.7441 5225761
18.7453 5227201
18.7465 5228641
18.7477 5230081
18.7489 5231521
18.7501 5232961
18.7513 5234401
18.7525 5235841
18.7537 5237281
18.7549 5238721
18.7561 5240161
18.7573 5241601
18.7585 5243041
18.7597 5244481
18.7609 5245921
18.7621 5247361
18.7633 5248801
18.7645 5250241
18.7657 5251681
18.767 5253121
18.7682 5254561
18.8202 5256001
18.8214 5257441
18.8354 5258881
18.8366 5260321
18.8378 5261761
18.839 5263201
18.8402 5264641
18.8414 5266081
18.8426 5267521
18.8438 5268961
18.845 5270401
18.8462 5271841
18.8474 5273281
18.8486 5274721
18.8498 5276161
18.8509 5277601
18.8521 5279041
18.8533 5280481
18.8545 5281921
18.8557 5283361
18.8569 5284801
18.8581 5286241
18.8593 5287681
18.8605 5289121
18.8617 5290561
18.8631 5292001
18.8643 5293441
18.9151 5294881
18.9163 5296321
18.9303 5297761
18.9315 5299201
18.9327 5300641
18.9339 5302081
18.9351 5303521
18.9363 5304961
18.9376 5306401
18.9388 5307841
18.94 5309281
18.9412 5310721
18.9424 5312161
18.9436 5313601
18.9447 5315041
18.9459 5316481
18.9471 5317921
18.9483 5319361
18.9495 5320801
18.9507 5322241
18.9519 5323681
18.9531 5325121
18.9543 5326561
18.9555 5328001
18.9567 5329441
18.9579 5330881
18.9592 5332321
18.9604 5333761
19.0116 5335201
19.0128 5336641
19.0264 5338081
19.0276 5339521
19.0291 5340961
19.0303 5342401
19.0315 5343841
19.0327 5345281
19.0339 5346721
19.0351 5348161
19.0363 5349601
19.0375 5351041
19.0387 5352481
19.0399 5353921
19.0411 5355361
19.0423 5356801
19.0435 5358241
19.0447 5359681
19.0459 5361121
19.0471 5362561
19.0483 5364001
19.0495 5365441
19.0506 5366881
19.0518 5368321
19.053 5369761
19.0542 5371201
19.0554 5372641
19.0566 5374081
19.0578 5375521
19.1076 5376961
19.1088 5378401
19.1225 5379841
19.1237 5381281
19.1252 5382721
19.1264 5384161
19.1276 5385601
19.1288 5387041
19.1301 5388481
19.1313 5389921
19.1325 5391361
19.1337 5392801
19.1349 5394241
19.1361 5395681
19.1373 5397121
19.1385 5398561
19.1397 5400001
19.1409 5401441
19.1421 5402881
19.1433 5404321
19.1444 5405761
19.1456 5407201
19.1468 5408641
19.148 5410081
19.1492 5411521
19.1504 5412961
19.1516 5414401
19.1528 5415841
19.2029 5417281
19.2041 5418721
19.2174 5420161
19.2186 5421601
19.2201 5423041
19.2217 5424481
19.2232 5425921
19.2244 5427361
19.2256 5428801
19.2268 5430241
19.228 5431681
19.2292 5433121
19.2304 5434561
19.2316 5436001
19.2328 5437441
19.234 5438881
19.2352 5440321
19.2364 5441761
19.2376 5443201
19.2388 5444641
19.24 5446081
19.2412 5447521
19.2424 5448961
19.2435 5450401
19.2447 5451841
19.2459 5453281
19.2471 5454721
19.2483 5456161
19.2495 5457601
19.2978 5459041
19.299 5460481
19.3123 5461921
19.3135 5463361
19.3154 5464801
19.3166 5466241
19.3181 5467681
19.3193 5469121
19.3205 5470561
19.3218 5472001
19.323 5473441
19.3242 5474881
19.3254 5476321
19.3266 5477761
19.3278 5479201
19.329 5480641
19.3302 5482081
19.3314 5483521
19.3326 5484961
19.3338 5486401
19.335 5487841
19.3362 5489281
19.3374 5490721
19.3386 5492161
19.3398 5493601
19.341 5495041
19.3422 5496481
19.3434 5497921
19.3446 5499361
19.3458 5500801
19.3942 5502241
19.3954 5503681
19.4087 5505121
19.4099 5506561
19.4115 5508001
19.4127 5509441
19.4142 5510881
19.4154 5512321
19.4167 5513761
19.4179 5515201
19.4191 5516641
19.4203 5518081
19.4215 5519521
19.4227 5520961
19.4239 5522401
19.4251 5523841
19.4263 5525281
19.4275 5526721
19.4287 5528161
19.4299 5529601
19.4311 5531041
19.4323 5532481
19.4335 5533921
19.4347 5535361
19.4359 5536801
19.4371 5538241
19.4383 5539681
19.4395 5541121
19.4407 5542561
19.4419 5544001
19.4431 5545441
19.4903 5546881
19.4915 5548321
19.5048 5549761
19.506 5551201
19.5076 5552641
19.5088 5554081
19.5103 5555521
19.5115 5556961
19.5128 5558401
19.514 5559841
19.5152 5561281
19.5164 5562721
19.5176 5564161
19.5188 5565601
19.52 5567041
19.5212 5568481
19.5228 5569921
19.524 5571361
19.5252 5572801
19.5264 5574241
19.5276 5575681
19.5288 5577121
19.53 5578561
19.5312 5580001
19.5324 5581441
19.5336 5582881
19.5348 5584321
19.536 5585761
19.5372 5587201
19.5383 5588641
19.5852 5590081
19.5864 5591521
19.6001 5592961
19.6013 5594401
19.6025 5595841
19.6037 5597281
19.6053 5598721
19.6065 5600161
19.6081 5601601
19.6093 5603041
19.6105 5604481
19.6117 5605921
19.6129 5607361
19.6141 5608801
19.6152 5610241
19.6164 5611681
19.6178 5613121
19.619 5614561
19.6202 5616001
19.6214 5617441
19.6226 5618881
19.6238 5620321
19.625 5621761
19.6262 5623201
19.6274 5624641
19.6286 5626081
19.6298 5627521
19.631 5628961
19.6322 5630401
19.6333 5631841
19.6345 5633281
19.6802 5634721
19.6814 5636161
19.695 5637601
19.6962 5639041
19.6974 5640481
19.6986 5641921
19.7006 5643361
19.7018 5644801
19.703 5646241
19.7042 5647681
19.7054 5649121
19.7065 5650561
19.7077 5652001
19.7089 5653441
19.7101 5654881
19.7113 5656321
19.7127 5657761
19.7139 5659201
19.7153 5660641
19.7165 5662081
19.7177 5663521
19.7189 5664961
19.7201 5666401
19.7213 5667841
19.7225 5669281
19.7237 5670721
19.7249 5672161
19.7261 5673601
19.7273 5675041
19.7285 5676481
19.7297 5677921
19.7309 5679361
19.7766 5680801
19.7778 5682241
19.7911 5683681
19.7923 5685121
19.7935 5686561
19.7947 5688001
19.7966 5689441
19.7978 5690881
19.799 5692321
19.8002 5693761
19.8014 5695201
19.8026 5696641
19.8038 5698081
19.805 5699521
19.8066 5700961
19.8078 5702401
19.809 5703841
19.8102 5705281
19.8114 5706721
19.8126 5708161
19.8138 5709601
19.815 5711041
19.8162 5712481
19.8174 5713921
19.8186 5715361
19.8198 5716801
19.821 5718241
19.8222 5719681
19.8234 5721121
19.8246 5722561
19.8258 5724001
19.8272 5725441
19.8283 5726881
19.8727 5728321
19.8739 5729761
19.8879 5731201
19.8891 5732641
19.8903 5734081
19.8915 5735521
19.8927 5736961
19.8939 5738401
19.8951 5739841
19.8963 5741281
19.8975 5742721
19.8987 5744161
19.8999 5745601
19.9011 5747041
19.9027 5748481
19.9039 5749921
19.9051 5751361
19.9063 5752801
19.9079 5754241
19.9091 5755681
19.9103 5757121
19.9115 5758561
19.9126 5760001
19.9138 5761441
19.915 5762881
19.9162 5764321
19.9174 5765761
19.9186 5767201
19.9198 5768641
19.921 5770081
20.064 5771521
20.064 5772961
20.064 5774401
20.064 5775841
20.064 5777281
20.064 5778721
20.064 5780161
20.064 5781601
20.064 5783041
20.064 5784481
20.064 5785921
20.064 5787361
20.064 5788801
20.064 5790241
20.064 5791681
20.064 5793121
20.064 5794561
20.064 5796001
20.064 5797441
20.064 5798881
20.064 5800321
20.064 5801761
20.064 5803201
20.064 5804641
20.064 5806081
20.064 5807521
20.064 5808961
20.064 5810401
20.064 5811841
20.064 5813281
20.064 5814721
20.064 5816161
20.064 5817601
20.064 5819041
20.064 5820481
20.064 5821921
20.0996 5823361
20.1008 5824801
20.102 5826241
20.1032 5827681
20.1044 5829121
20.1056 5830561
20.1068 5832001
20.108 5833441
20.1092 5834881
20.1104 5836321
20.1116 5837761
20.1128 5839201
20.114 5840641
20.1152 5842081
20.1577 5843521
20.1589 5844961
20.1957 5846401
20.1969 5847841
20.1981 5849281
20.1993 5850721
20.2005 5852161
20.2017 5853601
20.203 5855041
20.2046 5856481
20.2058 5857921
20.207 5859361
20.2082 5860801
20.2094 5862241
20.2106 5863681
20.2118 5865121
20.2539 5866561
20.255 5868001
20.2919 5869441
20.2931 5870881
20.2943 5872321
20.2955 5873761
20.2967 5875201
20.2979 5876641
20.2998 5878081
20.301 5879521
20.3022 5880961
20.3034 5882401
20.3046 5883841
20.3058 5885281
20.307 5886721
20.3082 5888161
20.3499 5889601
20.3511 5891041
20.388 5892481
20.3892 5893921
20.3904 5895361
20.3916 5896801
20.3928 5898241
20.394 5899681
20.3952 5901121
20.3964 5902561
20.3976 5904001
20.3988 5905441
20.4 5906881
20.4012 5908321
20.4024 5909761
20.4036 5911201
20.4048 5912641
20.446 5914081
20.4472 5915521
20.4841 5916961
20.4857 5918401
20.4868 5919841
20.488 5921281
20.4892 5922721
20.4904 5924161
20.4916 5925601
20.4928 5927041
20.494 5928481
20.4952 5929921
20.4964 5931361
20.4976 5932801
20.4988 5934241
20.5 5935681
20.5409 5937121
20.5421 5938561
20.579 5940001
20.5802 5941441
20.5817 5942881
20.5829 5944321
20.5845 5945761
20.5857 5947201
20.5869 5948641
20.5881 5950081
20.5893 5951521
20.5905 5952961
20.5917 5954401
20.5929 5955841
20.7307 5957281
20.7307 5958721
20.7307 5960161
20.7307 5961601
20.7307 5963041
20.7307 5964481
20.7307 5965921
20.7307 5967361
20.7307 5968801
20.7307 5970241
20.7307 5971681
20.7307 5973121
20.7307 5974561
20.7307 5976001
20.7307 5977441
20.7307 5978881
20.7307 5980321
20.7307 5981761
20.7307 5983201
20.7307 5984641
20.7794 5986081
20.7806 5987521
20.7818 5988961
20.783 5990401
20.7851 5991841
20.7862 5993281
20.7874 5994721
20.8256 5996161
20.8755 5997601
20.8767 5999041
20.8779 6000481
20.8791 6001921
20.8811 6003361
20.8823 6004801
20.9205 6006241
20.9217 6007681
20.9716 6009121
20.9728 6010561
20.974 6012001
20.9752 6013441
20.9772 6014881
20.9784 6016321
21.0169 6017761
21.0181 6019201
21.068 6020641
21.0692 6022081
21.0704 6023521
21.0716 6024961
21.0728 6026401
21.074 6027841
21.0752 6029281
21.113 6030721
21.1142 6032161
21.1641 6033601
21.1653 6035041
21.1665 6036481
21.1677 6037921
21.1689 6039361
21.1701 6040801
21.2083 6042241
21.2094 6043681
21.259 6045121
21.2602 6046561
21.2614 6048001
21.2626 6049441
21.2638 6050881
21.265 6052321
21.2662 6053761
21.3031 6055201
21.3043 6056641
21.3543 6058081
21.3555 6059521
21.3566 6060961
21.3578 6062401
21.359 6063841
21.3602 6065281
21.3614 6066721
21.3626 6068161
21.3996 6069601
21.4008 6071041
21.4503 6072481
21.4515 6073921
21.4527 6075361
21.4539 6076801
21.4551 6078241
21.4563 6079681
21.4575 6081121
21.4587 6082561
21.4601 6084001
21.4957 6085441
21.4969 6086881
21.5464 6088321
21.5476 6089761
21.5488 6091201
21.5502 6092641
21.5514 6094081
21.5526 6095521
21.5538 6096961
21.555 6098401
21.5908 6099841
21.592 6101281
21.6416 6102721
21.6427 6104161
21.6439 6105601
21.6451 6107041
21.6463 6108481
21.6475 6109921
21.6487 6111361
21.6499 6112801
21.6857 6114241
21.6869 6115681
21.6882 6117121
21.7364 6118561
21.7376 6120001
21.7388 6121441
21.74 6122881
21.7412 6124321
21.7427 6125761
21.7439 6127201
21.7451 6128641
21.7806 6130081
21.7818 6131521
21.7831 6132961
21.7843 6134401
21.8325 6135841
21.8337 6137281
21.8349 6138721
21.8361 6140161
21.8376 6141601
21.8388 6143041
21.84 6144481
21.8412 6145921
21.8767 6147361
21.8779 6148801
21.8792 6150241
21.8804 6151681
21.9286 6153121
21.9298 6154561
21.931 6156001
21.9322 6157441
21.9334 6158881
21.9346 6160321
21.9358 6161761
21.937 6163201
21.9382 6164641
21.973 6166081
21.9742 6167521
21.9754 6168961
21.9766 6170401
22.0247 6171841
22.0259 6173281
22.0271 6174721
22.0283 6176161
22.0295 6177601
22.0307 6179041
22.0319 6180481
22.0331 6181921
22.0679 6183361
22.0691 6184801
22.0705 6186241
22.0717 6187681
22.1199 6189121
22.1211 6190561
22.1223 6192001
22.1235 6193441
22.1247 6194881
22.1259 6196321
22.1271 6197761
22.1283 6199201
22.1295 6200641
22.1628 6202081
22.164 6203521
22.1654 6204961
22.1666 6206401
22.2148 6207841
22.216 6209281
22.2172 6210721
22.2184 6212161
22.2196 6213601
22.2208 6215041
22.222 6216481
22.2232 6217921
22.2244 6219361
22.2256 6220801
22.2589 6222241
22.26 6223681
22.2616 6225121
22.2628 6226561
22.3109 6228001
22.3121 6229441
22.3133 6230881
22.3145 6232321
22.3157 6233761
22.3169 6235201
22.3181 6236641
22.3193 6238081
22.3205 6239521
22.3217 6240961
22.3229 6242401
22.3554 6243841
22.3566 6245281
22.3578 6246721
22.359 6248161
22.407 6249601
22.4082 6251041
22.4094 6252481
22.4106 6253921
22.4118 6255361
22.413 6256801
22.4142 6258241
22.4154 6259681
22.4166 6261121
22.4178 6262561
22.4503 6264001
22.4515 6265441
22.4527 6266881
22.4539 6268321
22.5019 6269761
22.5031 6271201
22.5043 6272641
22.5055 6274081
22.5067 6275521
22.5079 6276961
22.5091 6278401
22.5103 6279841
22.5116 6281281
22.5128 6282721
22.5455 6284161
22.5467 6285601
22.5479 6287041
22.5491 6288481
22.5503 6289921
22.5968 6291361
22.598 6292801
22.5992 6294241
22.6004 6295681
22.6016 6297121
22.6028 6298561
22.604 6300001
22.6053 6301441
22.6065 6302881
22.608 6304321
22.6404 6305761
22.6416 6307201
22.6428 6308641
22.644 6310081
22.6452 6311521
22.6464 6312961
22.6929 6314401
22.6941 6315841
22.6953 6317281
22.6965 6318721
22.6977 6320161
22.6989 6321601
22.7001 6323041
22.7013 6324481
22.7029 6325921
22.7041 6327361
22.7365 6328801
22.7377 6330241
22.7389 6331681
22.7401 6333121
22.7413 6334561
22.7425 6336001
22.7437 6337441
22.789 6338881
22.7902 6340321
22.7914 6341761
22.7926 6343201
22.7938 6344641
22.795 6346081
22.7962 6347521
22.7974 6348961
22.799 6350401
22.8002 6351841
22.8326 6353281
22.8338 6354721
22.835 6356161
22.8362 6357601
22.8374 6359041
22.8386 6360481
22.8839 6361921
22.8851 6363361
22.8863 6364801
22.8875 6366241
22.8887 6367681
22.8899 6369121
22.8911 6370561
22.8923 6372001
22.8939 6373441
22.8951 6374881
22.9275 6376321
22.9287 6377761
22.9299 6379201
22.9311 6380641
22.9323 6382081
22.9335 6383521
22.9788 6384961
23.0785 6386401
23.0785 6387841
23.0785 6389281
23.0785 6390721
23.0785 6392161
23.0785 6393601
23.0785 6395041
23.0785 6396481
23.0785 6397921
23.0785 6399361
23.0785 6400801
23.0785 6402241
23.0785 6403681
23.0785 6405121
23.0785 6406561
23.0785 6408001
23.0785 6409441
23.0785 6410881
23.0785 6412321
23.0785 6413761
23.1209 6415201
23.1222 6416641
23.1234 6418081
23.1686 6419521
23.1698 6420961
23.171 6422401
23.1722 6423841
23.1734 6425281
23.2171 6426721
23.2183 6428161
23.2635 6429601
23.2647 6431041
23.2659 6432481
23.2671 6433921
23.2683 6435361
23.2695 6436801
23.3132 6438241
23.3144 6439681
23.3596 6441121
23.3608 6442561
23.362 6444001
23.3632 6445441
23.3644 6446881
23.3656 6448321
23.4093 6449761
23.4105 6451201
23.4116 6452641
23.4557 6454081
23.4569 6455521
23.4581 6456961
23.4593 6458401
23.4605 6459841
23.4617 6461281
23.5053 6462721
23.5065 6464161
23.5506 6465601
23.5518 6467041
23.553 6468481
23.5542 6469921
23.5554 6471361
23.5565 6472801
23.6002 6474241
23.6014 6475681
23.6455 6477121
23.6467 6478561
23.6479 6480001
23.6491 6481441
23.6503 6482881
23.6515 6484321
23.6526 6485761
23.6951 6487201
23.6963 6488641
23.7404 6490081
23.7416 6491521
23.7428 6492961
23.744 6494401
23.7451 6495841
23.7463 6497281
23.7475 6498721
23.7487 6500161
23.7912 6501601
23.7924 6503041
23.8365 6504481
23.8376 6505921
23.8388 6507361
23.84 6508801
23.8412 6510241
23.8424 6511681
23.8436 6513121
23.8448 6514561
23.846 6516001
23.8873 6517441
23.8885 6518881
23.9325 6520321
23.9337 6521761
23.9349 6523201
23.9361 6524641
23.9373 6526081
23.9385 6527521
23.9397 6528961
23.9409 6530401
23.9822 6531841
23.9834 6533281
24.0274 6534721
24.0286 6536161
24.0299 6537601
24.0311 6539041
24.0323 6540481
24.0335 6541921
24.0347 6543361
24.0358 6544801
24.037 6546241
24.0771 6547681
24.0783 6549121
24.1223 6550561
24.1235 6552001
24.1248 6553441
24.126 6554881
24.1272 6556321
24.1283 6557761
24.1295 6559201
24.1307 6560641
24.1319 6562081
24.1331 6563521
24.1732 6564961
24.1744 6566401
24.2184 6567841
24.2196 6569281
24.2208 6570721
24.222 6572161
24.2232 6573601
24.2244 6575041
24.2256 6576481
24.2268 6577921
24.228 6579361
24.2292 6580801
24.2693 6582241
24.2704 6583681
24.2716 6585121
24.3145 6586561
24.3157 6588001
24.3173 6589441
24.3185 6590881
24.3197 6592321
24.3209 6593761
24.3221 6595201
24.3233 6596641
24.3245 6598081
24.3257 6599521
24.3653 6600961
24.3665 6602401
24.4097 6603841
24.4109 6605281
24.4122 6606721
24.4134 6608161
24.4146 6609601
24.4158 6611041
24.417 6612481
24.4182 6613921
24.4193 6615361
24.4205 6616801
24.4603 6618241
24.4615 6619681
24.5046 6621121
24.5058 6622561
24.507 6624001
24.5082 6625441
24.5094 6626881
24.5106 6628321
24.5118 6629761
24.513 6631201
24.5142 6632641
24.5154 6634081
24.5166 6635521
24.5555 6636961
24.5567 6638401
24.5995 6639841
24.6007 6641281
24.6019 6642721
24.6031 6644161
24.6043 6645601
24.6055 6647041
24.6067 6648481
24.6079 6649921
24.6091 6651361
24.6103 6652801
24.6115 6654241
24.6127 6655681
24.6516 6657121
24.6528 6658561
24.6957 6660001
24.6969 6661441
24.6981 6662881
24.6993 6664321
24.7005 6665761
24.7017 6667201
24.7029 6668641
24.7041 6670081
24.7053 6671521
24.7065 6672961
24.7077 6674401
24.7089 6675841
24.7101 6677281
24.748 6678721
24.7492 6680161
24.7921 6681601
24.7933 6683041
24.7945 6684481
24.7957 6685921
24.7969 6687361
24.7981 6688801
24.7993 6690241
24.8005 6691681
24.8017 6693121
24.8029 6694561
24.8041 6696001
24.8053 6697441
24.8431 6698881
24.8443 6700321
24.887 6701761
24.8882 6703201
24.8894 6704641
24.8906 6706081
24.8918 6707521
24.893 6708961
24.8942 6710401
24.8954 6711841
24.8966 6713281
24.8978 6714721
24.899 6716161
24.9002 6717601
24.9014 6719041
24.9384 6720481
24.9396 6721921
24.9819 6723361
24.9831 6724801
24.9843 6726241
24.9855 6727681
24.9867 6729121
24.9879 6730561
24.9891 6732001
24.9904 6733441
24.9916 6734881
24.9928 6736321
24.994 6737761
24.9952 6739201
24.9964 6740641
24.9976 6742081
25.0344 6743521
25.0356 6744961
25.0781 6746401
25.0793 6747841
25.0805 6749281
25.0817 6750721
25.0829 6752161
25.0841 6753601
25.0853 6755041
25.0865 6756481
25.0877 6757921
25.0889 6759361
25.0901 6760801
25.0913 6762241
25.0925 6763681
25.0937 6765121
25.0949 6766561
25.1305 6768001
25.1317 6769441
25.1746 6770881
25.1757 6772321
25.1769 6773761
25.1781 6775201
25.1793 6776641
25.1805 6778081
25.1818 6779521
25.183 6780961
25.1842 6782401
25.1853 6783841
25.1865 6785281
25.1877 6786721
25.1889 6788161
25.1901 6789601
25.2255 6791041
25.2267 6792481
25.2698 6793921
25.271 6795361
25.2722 6796801
25.2734 6798241
25.2746 6799681
25.2758 6801121
25.277 6802561
25.2782 6804001
25.2794 6805441
25.2806 6806881
25.2818 6808321
25.2829 6809761
25.2841 6811201
25.2853 6812641
25.3203 6814081
25.3215 6815521
25.3227 6816961
25.3647 6818401
25.3659 6819841
25.3671 6821281
25.3683 6822721
25.3695 6824161
25.3707 6825601
25.3719 6827041
25.3731 6828481
25.3743 6829921
25.3754 6831361
25.3766 6832801
25.3778 6834241
25.379 6835681
25.3802 6837121
25.4152 6838561
25.4164 6840001
25.4177 6841441
25.4189 6842881
25.4611 6844321
25.4623 6845761
25.4635 6847201
25.4647 6848641
25.4659 6850081
25.4671 6851521
25.4683 6852961
25.4695 6854401
25.4707 6855841
25.4718 6857281
25.473 6858721
25.4742 6860161
25.4754 6861601
25.4766 6863041
25.5113 6864481
25.5125 6865921
25.5138 6867361
25.5149 6868801
25.5161 6870241
25.5572 6871681
25.5584 6873121
25.5596 6874561
25.5608 6876001
25.562 6877441
25.5632 6878881
25.5643 6880321
25.5655 6881761
25.5667 6883201
25.5679 6884641
25.5691 6886081
25.5703 6887521
25.5715 6888961
25.5727 6890401
25.6074 6891841
25.6086 6893281
25.6098 6894721
25.611 6896161
25.6521 6897601
25.6533 6899041
25.6545 6900481
25.6557 6901921
25.6568 6903361
25.658 6904801
25.6592 6906241
25.6604 6907681
25.6616 6909121
25.6628 6910561
25.664 6912001
25.6652 6913441
25.6664 6914881
25.6676 6916321
25.7023 6917761
25.7035 6919201
25.7047 6920641
25.7059 6922081
25.747 6923521
25.7482 6924961
25.7493 6926401
25.7505 6927841
25.7517 6929281
25.7529 6930721
25.7541 6932161
25.7553 6933601
25.7565 6935041
25.7577 6936481
25.7589 6937921
25.7601 6939361
25.7613 6940801
25.7625 6942241
25.7637 6943681
25.7972 6945121
25.7984 6946561
25.7996 6948001
25.8008 6949441
25.8418 6950881
25.843 6952321
25.8442 6953761
25.8454 6955201
25.8466 6956641
25.8478 6958081
25.8492 6959521
25.8504 6960961
25.8516 6962401
25.8528 6963841
25.8541 6965281
25.8553 6966721
25.8565 6968161
25.8577 6969601
25.8589 6971041
25.8601 6972481
25.8933 6973921
25.8945 6975361
25.8961 6976801
25.8973 6978241
25.9379 6979681
25.9391 6981121
25.9403 6982561
25.9415 6984001
25.9427 6985441
25.9439 6986881
25.9453 6988321
25.9465 6989761
25.9477 6991201
25.9489 6992641
25.9501 6994081
25.9513 6995521
25.9525 6996961
25.9537 6998401
25.9549 6999841
25.9561 7001281
25.9573 7002721
25.9894 7004161
25.9905 7005601
25.9925 7007041
25.9937 7008481
26.0344 7009921
26.0356 7011361
26.0368 7012801
26.038 7014241
26.0392 7015681
26.0403 7017121
26.0415 7018561
26.0427 7020001
26.0439 7021441
26.0451 7022881
26.0463 7024321
26.0475 7025761
26.0487 7027201
26.0499 7028641
26.0511 7030081
26.0523 7031521
26.0842 7032961
26.0854 7034401
26.0877 7035841
26.0889 7037281
26.1293 7038721
26.1305 7040161
26.1317 7041601
26.1328 7043041
26.134 7044481
26.1352 7045921
26.1364 7047361
26.1376 7048801
26.1388 7050241
26.14 7051681
26.1412 7053121
26.1424 7054561
26.1436 7056001
26.1448 7057441
26.146 7058881
26.1472 7060321
26.1484 7061761
26.1791 7063201
26.1803 7064641
26.1826 7066081
26.1838 7067521
26.2249 7068961
26.2261 7070401
26.2273 7071841
26.2285 7073281
26.2297 7074721
26.2308 7076161
26.232 7077601
26.2332 7079041
26.2344 7080481
26.2356 7081921
26.2368 7083361
26.238 7084801
26.2392 7086241
26.2404 7087681
26.2416 7089121
26.2428 7090561
26.244 7092001
26.2452 7093441
26.2758 7094881
26.277 7096321
26.279 7097761
26.2802 7099201
26.321 7100641
26.3221 7102081
26.3233 7103521
26.3245 7104961
26.3257 7106401
26.3269 7107841
26.3281 7109281
26.3293 7110721
26.3305 7112161
26.3317 7113601
26.3329 7115041
26.3341 7116481
26.3353 7117921
26.3365 7119361
26.3377 7120801
26.3389 7122241
26.3401 7123681
26.3413 7125121
26.3425 7126561
26.3723 7128001
26.3735 7129441
26.3754 7130881
26.3766 7132321
26.417 7133761
26.4182 7135201
26.4194 7136641
26.4206 7138081
26.4218 7139521
26.423 7140961
26.4242 7142401
26.4254 7143841
26.4266 7145281
26.4278 7146721
26.429 7148161
26.4302 7149601
26.4314 7151041
26.4326 7152481
26.4338 7153921
26.435 7155361
26.4362 7156801
26.4374 7158241
26.4675 7159681
26.4687 7161121
26.4707 7162561
26.4719 7164001
26.5121 7165441
26.5133 7166881
26.5145 7168321
26.5157 7169761
26.5169 7171201
26.5181 7172641
26.5192 7174081
26.5204 7175521
26.5216 7176961
26.5228 7178401
26.524 7179841
26.5252 7181281
26.5264 7182721
26.5276 7184161
26.529 7185601
26.5302 7187041
26.5313 7188481
26.5325 7189921
26.5337 7191361
26.5628 7192801
26.5639 7194241
26.5656 7195681
26.5668 7197121
26.607 7198561
26.6082 7200001
26.6094 7201441
26.6106 7202881
26.6117 7204321
26.6129 7205761
26.6141 7207201
26.6153 7208641
26.6167 7210081
26.6179 7211521
26.6191 7212961
26.6203 7214401
26.6215 7215841
26.6227 7217281
26.6239 7218721
26.6251 7220161
26.6263 7221601
26.6275 7223041
26.6287 7224481
26.6299 7225921
26.6588 7227361
26.66 7228801
26.6619 7230241
26.6631 7231681
26.7031 7233121
26.7042 7234561
26.7058 7236001
26.707 7237441
26.7082 7238881
26.7094 7240321
26.7106 7241761
26.7118 7243201
26.7131 7244641
26.7143 7246081
26.7155 7247521
26.7167 7248961
26.7179 7250401
26.7191 7251841
26.7203 7253281
26.7215 7254721
26.7227 7256161
26.7239 7257601
26.7251 7259041
26.7263 7260481
26.7275 7261921
26.7549 7263361
26.7561 7264801
26.758 7266241
26.7592 7267681
26.7995 7269121
26.8007 7270561
26.8019 7272001
26.8031 7273441
26.8045 7274881
26.8057 7276321
26.8069 7277761
26.8085 7279201
26.8097 7280641
26.8109 7282081
26.812 7283521
26.8132 7284961
26.8144 7286401
26.8156 7287841
26.8168 7289281
26.818 7290721
26.8192 7292161
26.8204 7293601
26.8216 7295041
26.8228 7296481
26.8498 7297921
26.851 7299361
26.8528 7300801
26.854 7302241
26.8945 7303681
26.8957 7305121
26.8969 7306561
26.8981 7308001
26.8997 7309441
26.9009 7310881
26.9021 7312321
26.9033 7313761
26.9045 7315201
26.9057 7316641
26.9069 7318081
26.9081 7319521
26.9093 7320961
26.9105 7322401
26.9117 7323841
26.9129 7325281
26.9141 7326721
26.9153 7328161
26.9165 7329601
26.9177 7331041
26.9447 7332481
26.9459 7333921
26.9477 7335361
26.9489 7336801
26.9501 7338241
26.9894 7339681
26.9906 7341121
26.9918 7342561
26.993 7344001
26.9946 7345441
26.9958 7346881
26.997 7348321
26.9982 7349761
26.9998 7351201
27.001 7352641
27.0022 7354081
27.0034 7355521
27.0046 7356961
27.0058 7358401
27.007 7359841
27.0082 7361281
27.0094 7362721
27.0106 7364161
27.0117 7365601
27.0129 7367041
27.04 7368481
27.0411 7369921
27.0426 7371361
27.0438 7372801
27.0452 7374241
27.0464 7375681
27.0855 7377121
27.0867 7378561
27.0879 7380001
27.0891 7381441
27.0907 7382881
27.0919 7384321
27.0931 7385761
27.0943 7387201
27.0959 7388641
27.0971 7390081
27.0983 7391521
27.0995 7392961
27.1007 7394401
27.1019 7395841
27.1031 7397281
27.1042 7398721
27.1054 7400161
27.1066 7401601
27.1078 7403041
27.109 7404481
27.1364 7405921
27.1376 7407361
27.1391 7408801
27.1402 7410241
27.1416 7411681
27.1428 7413121
27.1816 7414561
27.1828 7416001
27.184 7417441
27.1852 7418881
27.1864 7420321
27.1876 7421761
27.1888 7423201
27.19 7424641
27.1912 7426081
27.1924 7427521
27.1936 7428961
27.1948 7430401
27.1961 7431841
27.1973 7433281
27.1985 7434721
27.1997 7436161
27.2009 7437601
27.2021 7439041
27.2033 7440481
27.2045 7441921
27.2057 7443361
27.2325 7444801
27.2337 7446241
27.2351 7447681
27.2365 7449121
27.2377 7450561
27.2389 7452001
27.2777 7453441
27.2789 7454881
27.2801 7456321
27.2813 7457761
27.2825 7459201
27.2837 7460641
27.2849 7462081
27.2861 7463521
27.2873 7464961
27.2884 7466401
27.2896 7467841
27.2908 7469281
27.2922 7470721
27.2934 7472161
27.2946 7473601
27.2958 7475041
27.297 7476481
27.2982 7477921
27.2994 7479361
27.3006 7480801
27.3274 7482241
27.3286 7483681
27.33 7485121
27.3312 7486561
27.3326 7488001
27.3338 7489441
27.3726 7490881
27.3738 7492321
27.375 7493761
27.3762 7495201
27.3774 7496641
27.3786 7498081
27.3798 7499521
27.3809 7500961
27.3821 7502401
27.3833 7503841
27.3845 7505281
27.3857 7506721
27.3869 7508161
27.3881 7509601
27.3893 7511041
27.3905 7512481
27.3917 7513921
27.3929 7515361
27.3941 7516801
27.3953 7518241
27.3965 7519681
27.4224 7521121
27.4236 7522561
27.4249 7524001
27.4261 7525441
27.4275 7526881
27.4287 7528321
27.4675 7529761
27.4687 7531201
27.4699 7532641
27.4711 7534081
27.4723 7535521
27.4734 7536961
27.4746 7538401
27.4758 7539841
27.477 7541281
27.4782 7542721
27.4794 7544161
27.4806 7545601
27.4818 7547041
27.483 7548481
27.4842 7549921
27.4854 7551361
27.4866 7552801
27.4878 7554241
27.489 7555681
27.4902 7557121
27.4914 7558561
27.4926 7560001
27.5185 7561441
27.5197 7562881
27.521 7564321
27.5222 7565761
27.5236 7567201
27.5248 7568641
27.5639 7570081
27.5651 7571521
27.5663 7572961
27.5675 7574401
27.5687 7575841
27.5699 7577281
27.5711 7578721
27.5723 7580161
27.5735 7581601
27.5747 7583041
27.5759 7584481
27.5771 7585921
27.5783 7587361
27.5795 7588801
27.5806 7590241
27.5818 7591681
27.583 7593121
27.5842 7594561
27.5854 7596001
27.5866 7597441
27.5878 7598881
27.589 7600321
27.5902 7601761
27.6146 7603201
27.6158 7604641
27.6171 7606081
27.6183 7607521
27.6196 7608961
27.6208 7610401
27.66 7611841
27.6612 7613281
27.6624 7614721
27.6636 7616161
27.6648 7617601
27.666 7619041
27.6672 7620481
27.6684 7621921
27.6696 7623361
27.6708 7624801
27.672 7626241
27.6731 7627681
27.6743 7629121
27.6755 7630561
27.6767 7632001
27.6779 7633441
27.6791 7634881
27.6803 7636321
27.6815 7637761
27.6827 7639201
27.6839 7640641
27.6851 7642081
27.7095 7643521
27.7107 7644961
27.712 7646401
27.7132 7647841
27.7145 7649281
27.7157 7650721
27.7552 7652161
27.7564 7653601
27.7576 7655041
27.7588 7656481
27.76 7657921
27.7612 7659361
27.7624 7660801
27.7636 7662241
27.7648 7663681
27.766 7665121
27.7672 7666561
27.7684 7668001
27.7696 7669441
27.7708 7670881
27.772 7672321
27.7732 7673761
27.7744 7675201
27.7756 7676641
27.7768 7678081
27.778 7679521
27.7792 7680961
27.7803 7682401
27.9029 7683841
27.9029 7685281
27.9029 7686721
27.9029 7688161
27.9029 7689601
27.9029 7691041
27.9029 7692481
27.9029 7693921
27.9029 7695361
27.9029 7696801
27.9029 7698241
27.9029 7699681
27.9029 7701121
27.9029 7702561
27.9029 7704001
27.9029 7705441
27.9029 7706881
27.9029 7708321
27.9029 7709761
27.9029 7711201
27.9029 7712641
27.9029 7714081
27.9029 7715521
27.9029 7716961
27.9029 7718401
27.9029 7719841
27.9029 7721281
27.9029 7722721
27.9029 7724161
27.9029 7725601
27.9029 7727041
27.9029 7728481
27.9594 7729921
27.9606 7731361
27.9618 7732801
27.963 7734241
27.9642 7735681
27.9654 7737121
27.9666 7738561
27.9678 7740001
27.9689 7741441
27.9701 7742881
27.9942 7744321
27.9954 7745761
27.9966 7747201
27.9978 7748641
28.0555 7750081
28.0567 7751521
28.0579 7752961
28.0591 7754401
28.0602 7755841
28.0614 7757281
28.0626 7758721
28.0638 7760161
28.065 7761601
28.0662 7763041
28.0906 7764481
28.0918 7765921
28.093 7767361
28.0942 7768801
28.1516 7770241
28.1527 7771681
28.1539 7773121
28.1551 7774561
28.1563 7776001
28.1575 7777441
28.1587 7778881
28.1599 7780321
28.1611 7781761
28.1623 7783201
28.1869 7784641
28.1881 7786081
28.1893 7787521
28.1905 7788961
28.2476 7790401
28.2488 7791841
28.25 7793281
28.2512 7794721
28.2524 7796161
28.2536 7797601
28.2548 7799041
28.256 7800481
28.2572 7801921
28.2584 7803361
28.2596 7804801
28.283 7806241
28.2842 7807681
28.2854 7809121
28.2866 7810561
28.3437 7812001
28.3449 7813441
28.3461 7814881
28.3473 7816321
28.3485 7817761
28.3497 7819201
28.3509 7820641
28.3521 7822081
28.3537 7823521
28.3549 7824961
28.3779 7826401
28.3791 7827841
28.3803 7829281
28.3815 7830721
28.4386 7832161
28.4398 7833601
28.441 7835041
28.4422 7836481
28.4434 7837921
28.4446 7839361
28.4458 7840801
28.447 7842241
28.4482 7843681
28.4494 7845121
28.4506 7846561
28.4728 7848001
28.6287 7849441
28.6287 7850881
28.6287 7852321
28.6287 7853761
28.6287 7855201
28.6287 7856641
28.6287 7858081
28.6287 7859521
28.6287 7860961
28.6287 7862401
28.6287 7863841
28.6287 7865281
28.6287 7866721
28.6287 7868161
28.6287 7869601
28.6287 7871041
28.6287 7872481
28.6287 7873921
28.6392 7875361
28.6404 7876801
28.6416 7878241
28.665 7879681
28.6662 7881121
28.6673 7882561
28.7236 7884001
28.7352 7885441
28.7364 7886881
28.7598 7888321
28.761 7889761
28.7622 7891201
28.7634 7892641
28.8301 7894081
28.8313 7895521
28.8549 7896961
28.8561 7898401
28.8573 7899841
28.8585 7901281
28.925 7902721
28.9262 7904161
28.9498 7905601
28.951 7907041
28.9522 7908481
28.9534 7909921
28.9546 7911361
29.0199 7912801
29.0211 7914241
29.0447 7915681
29.0459 7917121
29.0471 7918561
29.0483 7920001
29.0495 7921441
29.0507 7922881
29.116 7924321
29.1172 7925761
29.1411 7927201
29.1423 7928641
29.1435 7930081
29.1447 7931521
29.1459 7932961
29.1471 7934401
29.1483 7935841
29.2121 7937281
29.2133 7938721
29.2372 7940161
29.2384 7941601
29.2396 7943041
29.2408 7944481
29.242 7945921
29.2432 7947361
29.3073 7948801
29.3085 7950241
29.3321 7951681
29.3333 7953121
29.3345 7954561
29.3357 7956001
29.3369 7957441
29.3381 7958881
29.4022 7960321
29.4034 7961761
29.4046 7963201
29.427 7964641
29.4282 7966081
29.4294 7967521
29.4306 7968961
29.4318 7970401
29.433 7971841
29.4971 7973281
29.4983 7974721
29.4995 7976161
29.5007 7977601
29.5231 7979041
29.5243 7980481
29.5255 7981921
29.5267 7983361
29.5279 7984801
29.5291 7986241
29.5932 7987681
29.5944 7989121
29.5956 7990561
29.5968 7992001
29.598 7993441
29.6192 7994881
29.6204 7996321
29.6216 7997761
29.6228 7999201
29.624 8000641
29.6252 8002081
29.6893 8003521
29.6905 8004961
29.6917 8006401
29.6929 8007841
29.7141 8009281
29.7153 8010721
29.7165 8012161
29.7177 8013601
29.7188 8015041
29.72 8016481
29.7842 8017921
29.7854 8019361
29.7866 8020801
29.7878 8022241
29.809 8023681
29.8102 8025121
29.8113 8026561
29.8125 8028001
29.8137 8029441
29.8149 8030881
29.8161 8032321
29.8791 8033761
29.8803 8035201
29.8815 8036641
29.8827 8038081
29.9038 8039521
29.905 8040961
29.9062 8042401
29.9074 8043841
29.9086 8045281
29.9098 8046721
29.911 8048161
29.9122 8049601
29.9752 8051041
29.9765 8052481
29.9777 8053921
29.9788 8055361
29.9999 8056801
30.0011 8058241
30.0023 8059681
30.0035 8061121
30.0047 8062561
30.0059 8064001
30.0071 8065441
30.0083 8066881
30.0095 8068321
30.0713 8069761
30.0725 8071201
30.0737 8072641
30.0749 8074081
30.096 8075521
30.0972 8076961
30.0984 8078401
30.0996 8079841
