0.0 0
0.154217 1440
0.311149 2880
0.469234 4320
0.627319 5760
0.784209 7200
0.786599 8640
0.942293 10080
0.944684 11520
0.947074 12960
1.10046 14400
1.10285 15840
1.10524 17280
1.10763 18720
1.25735 20160
1.25974 21600
1.26213 23040
1.26452 24480
1.26691 25920
1.2693 27360
1.41444 28800
1.41683 30240
1.41922 31680
1.42161 33120
1.424 34560
1.42639 36000
1.42878 37440
1.43117 38880
1.43356 40320
1.57133 41760
1.57372 43200
1.57611 44640
1.5785 46080
1.58089 47520
1.58328 48960
1.58567 50400
1.58806 51840
1.59045 53280
1.59284 54720
1.59523 56160
1.59762 57600
1.60001 59040
1.60241 60480
1.72941 61920
1.73181 63360
1.7342 64800
1.73659 66240
1.7391 67680
1.74149 69120
1.74388 70560
1.74627 72000
1.74866 73440
1.75105 74880
1.75344 76320
1.75583 77760
1.75822 79200
1.76061 80640
1.76301 82080
1.7654 83520
1.76779 84960
1.77018 86400
1.77257 87840
1.77536 89280
1.77775 90720
1.88773 92160
1.89012 93600
1.89251 95040
1.8949 96480
1.89729 97920
1.89968 99360
1.90207 100800
1.90462 102240
1.90701 103680
1.9094 105120
1.91179 106560
1.91418 108000
1.91657 109440
1.91896 110880
1.92135 112320
1.92374 113760
1.92614 115200
1.92853 116640
1.93092 118080
1.93331 119520
1.9357 120960
1.93809 122400
1.94048 123840
1.94287 125280
1.94526 126720
1.94765 128160
1.95004 129600
1.95243 131040
1.95482 132480
1.95721 133920
1.9596 135360
2.04462 136800
2.04701 138240
2.0494 139680
2.05179 141120
2.05418 142560
2.05657 144000
2.05896 145440
2.06135 146880
2.06374 148320
2.06613 149760
2.06852 151200
2.07091 152640
2.0733 154080
2.07569 155520
2.07808 156960
2.08047 158400
2.08286 159840
2.08646 161280
2.08885 79200
2.3612 79226
2.36359 79252
2.36598 79278
2.36837 79304
2.37076 79330
2.37315 79356
2.37554 79382
2.37793 79408
2.38032 79434
2.38271 79460
2.3851 79486
2.38749 79512
2.38988 79538
2.39227 79564
2.39466 79590
2.39705 79616
2.39944 79642
2.40183 79668
2.40422 79694
2.40661 79720
2.409 79746
2.41139 79772
2.41378 79797
2.41618 79822
2.41857 79847
2.42096 79872
2.42335 79897
2.51809 79922
2.52048 79947
2.52287 79972
2.52526 79997
2.52765 80022
2.53004 80047
2.53243 80072
2.53482 80097
2.53721 80122
2.5396 80147
2.54199 80172
2.54438 80197
2.54677 80222
2.54916 80247
2.55155 80272
2.55394 80297
2.55633 80322
2.55872 80347
2.56111 80372
2.5635 80397
2.56589 80422
2.56828 80447
2.57067 80472
2.57306 80497
2.57546 80522
2.57785 80547
2.58024 80572
2.67498 80597
2.67737 80622
2.67976 80647
2.68215 80672
2.68481 80697
2.6872 80722
2.68959 80747
2.69198 80772
2.69437 80797
2.69676 80822
2.69915 80847
2.70154 80872
2.70393 80897
2.70632 80922
2.70871 80947
2.7111 80972
2.71349 80997
2.71588 81022
2.71827 81047
2.72066 81072
2.72305 81097
2.72544 81122
2.72783 81147
2.73022 81172
2.73262 81197
2.73501 81222
2.7374 81247
2.83186 81272
2.83426 81297
2.83665 81322
2.83904 81347
2.84143 81372
2.84382 81397
2.84621 81422
2.8486 81447
2.85099 81472
2.85338 81497
2.85577 81522
2.85816 81547
2.86055 81572
2.86294 81597
2.86533 81622
2.86772 81647
2.87011 81672
2.8725 81697
2.87489 81722
2.87728 81747
2.87967 81772
2.88206 81797
2.88445 81822
2.88684 81847
2.88923 81872
2.89162 81897
2.89402 81922
2.89641 81947
2.98995 81972
2.99234 81997
2.99473 82022
2.99712 82047
2.99951 82072
3.0019 82097
3.00429 82122
3.00668 82147
3.00907 82172
3.01146 82197
3.01385 82222
3.01624 82247
3.01882 82272
3.02121 82297
3.0236 82322
3.02599 82347
3.02838 82372
3.03077 82397
3.03316 82422
3.03555 82447
3.03794 82472
3.04033 82497
3.04272 82522
3.04511 82547
3.0475 82572
3.0499 82597
3.05229 82622
3.05468 82647
3.14803 82672
3.15042 82697
3.15282 82722
3.15521 82747
3.1576 82772
3.15999 82797
3.16238 82822
3.16477 82847
3.16716 82872
3.16955 82897
3.17221 82922
3.1746 82947
3.17699 82971
3.17938 82995
3.18177 83019
3.18416 83043
3.18655 83067
3.18894 83091
3.19133 83115
3.19372 83139
3.19611 83163
3.1985 83187
3.20089 83211
3.20328 83235
3.20567 83259
3.20806 83283
3.21046 83307
3.21285 83331
3.30527 83355
3.30766 83379
3.31005 83403
3.31245 83427
3.31484 83451
3.31723 83475
3.31962 83499
3.32201 83523
3.3244 83547
3.32679 83571
3.32918 83595
3.33157 83619
3.33396 83643
3.33635 83667
3.33874 83691
3.34113 83715
3.34352 83739
3.34591 83763
3.3483 83787
3.35069 83811
3.35308 83835
3.35547 83859
3.35786 83883
3.36025 83907
3.36264 83931
3.36503 83955
3.36742 83979
3.36981 84003
3.46216 84027
3.46455 84051
3.46694 84075
3.46933 84099
3.47173 84123
3.47412 84147
3.47651 84171
3.4789 84195
3.48129 84219
3.48368 84243
3.48607 84267
3.48846 84291
3.49085 84315
3.49324 84339
3.49563 84363
3.49802 84387
3.50041 84411
3.5028 84435
3.50519 84459
3.50758 84483
3.50997 84507
3.51236 84531
3.51475 84555
3.51714 84579
3.51953 84603
3.52203 84627
3.52442 84651
3.52681 84675
3.5292 84699
3.62081 84723
3.6232 84747
3.62559 84771
3.62798 84795
3.63037 84819
3.63276 84843
3.63515 84867
3.63754 84891
3.63993 84915
3.64232 84939
3.64471 84963
3.6471 84987
3.64949 85011
3.65188 85035
3.65427 85059
3.65666 85083
3.65905 85107
3.66144 85131
3.66383 85155
3.66622 85179
3.66861 85203
3.67101 85227
3.6734 85251
3.67579 85275
3.67818 85299
3.68057 85323
3.68296 85347
3.68535 85371
3.68774 85395
3.77889 85419
3.78128 85443
3.78367 85467
3.78606 85491
3.78845 85515
3.79084 85539
3.79323 85563
3.79562 85587
3.79812 85611
3.80051 85635
3.8029 85659
3.80529 85683
3.80768 85707
3.81007 85731
3.81246 85755
3.81485 85779
3.81724 85803
3.81963 85827
3.82202 85851
3.82441 85875
3.8268 85899
3.82919 85923
3.83158 85947
3.83397 85971
3.83636 85995
3.83875 86019
3.84114 86043
3.84353 86067
3.84592 86091
3.93594 86115
3.93833 86139
3.94112 86163
3.94351 86187
3.9459 86211
3.94829 86235
3.95068 86259
3.95307 86283
3.95546 86307
3.95785 86331
3.96024 86355
3.96263 86379
3.96502 86403
3.96741 86426
3.9698 86449
3.9722 86472
3.97459 86495
3.97698 86518
3.97937 86541
3.98176 86564
3.98415 86587
3.98654 86610
3.98893 86633
3.99132 86656
3.99371 86679
3.9961 86702
3.99849 86725
4.00088 86748
4.00327 86771
4.09283 86794
4.09522 86817
4.09801 86840
4.1004 86863
4.10279 86886
4.10518 86909
4.10757 86932
4.10996 86955
4.11235 86978
4.11484 87001
4.11724 87024
4.11963 87047
4.12202 87070
4.12441 87093
4.1268 87116
4.12919 87139
4.13158 87162
4.13397 87185
4.13636 87208
4.13875 87231
4.14114 87254
4.14353 87277
4.14592 87300
4.14831 87323
4.1507 87346
4.15309 87369
4.15548 87392
4.15787 87415
4.16026 87438
4.16265 87461
4.25092 87484
4.25331 87507
4.25625 87530
4.25864 87553
4.26103 87576
4.26343 87599
4.26582 87622
4.26821 87645
4.2706 87668
4.27299 87691
4.27538 87714
4.27777 87737
4.28016 87760
4.28257 87783
4.28496 87806
4.28735 87829
4.28974 87852
4.29213 87875
4.29452 87898
4.29691 87921
4.2993 87944
4.30169 87967
4.30408 87990
4.30648 88013
4.30887 88036
4.31126 88059
4.31365 88082
4.31604 88105
4.31843 88128
4.32082 88151
4.40964 88174
4.41203 88197
4.41442 88220
4.41681 88243
4.4192 88266
4.42159 88289
4.42398 88312
4.42637 88335
4.42876 88358
4.43115 88381
4.43354 88404
4.43593 88427
4.43832 88450
4.44071 88473
4.4431 88496
4.44549 88519
4.44788 88542
4.45027 88565
4.45267 88588
4.45506 88611
4.45745 88634
4.45984 88657
4.46223 88680
4.46462 88703
4.46701 88726
4.4694 88749
4.47179 88772
4.47418 88795
4.47657 88818
4.47896 88841
4.56653 88864
4.56892 88887
4.57131 88910
4.5737 88933
4.57609 88956
4.57848 88979
4.58087 89002
4.58326 89025
4.58565 89048
4.58804 89071
4.59043 89094
4.59282 89117
4.59521 89140
4.5976 89163
4.59999 89186
4.60238 89209
4.60477 89232
4.60716 89255
4.60966 89278
4.61205 89301
4.61444 89324
4.61683 89347
4.61922 89370
4.62161 89393
4.624 89416
4.62639 89439
4.62878 89462
4.63117 89485
4.63356 89508
4.63595 89531
4.72362 89554
4.72601 89577
4.7284 89600
4.73079 89623
4.73318 89646
4.73557 89669
4.73796 89692
4.74035 89715
4.74275 89738
4.74514 89761
4.74753 89784
4.74992 89807
4.75231 89830
4.7547 89853
4.75709 89876
4.75948 89899
4.76187 89922
4.76426 89945
4.76665 89968
4.76904 89991
4.77143 90014
4.77382 90037
4.77621 90060
4.7786 90083
4.78099 90106
4.78338 90129
4.78577 90152
4.78816 90175
4.79055 90197
4.79294 90219
4.79533 90241
4.88171 90263
4.8841 90285
4.88649 90307
4.88888 90329
4.89127 90351
4.89366 90373
4.89605 90395
4.89844 90417
4.90083 90439
4.90322 90461
4.90561 90483
4.908 90505
4.91039 90527
4.91278 90549
4.91517 90571
4.91756 90593
4.91995 90615
4.92234 90637
4.92473 90659
4.92712 90681
4.92951 90703
4.93191 90725
4.9343 90747
4.93669 90769
4.93908 90791
4.94147 90813
4.94404 90835
4.94643 90857
4.94882 90879
4.95121 90901
4.9536 90923
5.04008 90945
5.04247 90967
5.04486 90989
5.04725 91011
5.05085 91033
5.05324 43920
5.25077 43967
5.25316 44014
5.25555 44061
5.25794 44108
5.26033 44155
5.26272 44201
5.26511 44247
5.2675 44293
5.26989 44339
5.35507 44385
5.35746 44431
5.35985 44477
5.36249 44523
5.36608 44569
5.36847 44615
5.40899 44661
5.41138 44707
5.41377 44753
5.41616 44799
5.41855 44845
5.42094 44891
5.42333 44937
5.42572 44983
5.42811 45029
5.51315 45075
5.51554 45121
5.5194 45166
5.52298 20880
5.73952 20979
5.74191 21077
5.7443 21175
5.82851 21272
5.8309 21369
5.83439 21466
5.83678 21562
5.89771 21658
5.9001 21753
5.90249 21848
5.9866 21942
5.98899 22036
5.99247 22130
5.99486 22223
6.056 22316
6.05839 22408
6.06078 22500
6.14349 22592
6.14588 22683
6.14936 22774
6.15175 22865
6.21289 22955
6.21553 23045
6.21792 23134
6.30065 23223
6.30304 23312
6.30662 23400
6.30901 23488
6.36978 23576
6.37242 23663
6.37481 23750
6.3772 23837
6.45891 23923
6.4613 24009
6.46489 24095
6.46762 24181
6.52786 24266
6.53051 24351
6.5329 24436
6.53529 24520
6.617 24604
6.61939 24688
6.62298 24771
6.62606 24854
6.68595 24937
6.68859 25020
6.69098 25102
6.69337 25184
6.77389 25266
6.77628 25348
6.77986 25429
6.78295 25510
6.84284 25591
6.84548 25672
6.84787 25752
6.85026 25832
6.93078 25912
6.93317 25992
6.93675 26071
6.93984 26150
6.99974 26229
7.00237 26308
7.00476 26386
7.00715 26464
7.08767 26542
7.09006 26620
7.09245 26697
7.09484 26774
7.09793 26851
7.15783 26928
7.16074 27005
7.16313 27081
7.16552 27157
7.24575 27233
7.24814 27309
7.25053 27384
7.25317 27459
7.25676 27534
7.31616 27609
7.31882 27684
7.32122 27758
7.32361 27832
7.40384 27906
7.40623 27980
7.40862 28054
7.41101 28127
7.41365 28200
7.47309 28273
7.47596 28346
7.47835 28419
7.48074 28491
7.56085 28563
7.56324 28635
7.56563 28707
7.56802 28779
7.57054 28851
7.62998 28922
7.63313 28993
7.63569 29064
7.63808 29135
7.71774 29206
7.72013 29276
7.72252 29346
7.72491 29416
7.72782 29486
7.73021 29556
7.78807 29626
7.79121 29695
7.79377 29764
7.79616 29833
7.87582 29902
7.87821 29971
7.8806 30040
7.88299 30109
7.88605 30177
7.88844 30245
7.94615 30313
7.9493 30381
7.95186 30449
7.95425 30517
8.0339 30584
8.0363 30651
8.03869 30718
8.04108 30785
8.0445 30852
8.04689 30919
8.10304 30986
8.10658 31052
8.10897 31118
8.11136 31184
8.19079 31250
8.19318 31316
8.19558 31382
8.19797 31448
8.20139 31513
8.20378 31578
8.26049 31643
8.26408 31708
8.26647 31773
8.26886 31838
8.34799 31903
8.35038 31967
8.35278 32031
8.35517 32095
8.35828 32159
8.36067 32223
8.41774 32287
8.42132 32351
8.42371 32415
8.4261 32478
8.42849 32541
8.50608 32604
8.50847 32667
8.51086 32730
8.51325 32793
8.51675 32856
8.51914 32919
8.57582 32981
8.57941 33043
8.5818 33105
8.58419 33167
8.58658 33229
8.66464 33291
8.66703 33353
8.66942 33415
8.67182 33477
8.6754 33538
8.67779 33599
8.73391 33660
8.73749 33721
8.73988 33782
8.74227 33843
8.74466 33904
8.82153 33965
8.82392 34026
8.82631 34086
8.8287 34146
8.83229 34206
8.83468 34266
8.8908 34326
8.89438 34386
8.89717 34446
8.89956 34506
8.90195 34566
8.97842 34625
8.98081 34684
8.9832 34743
8.98559 34802
8.98918 34861
8.99157 34920
9.04769 34979
9.05154 35038
9.05406 35097
9.05645 35156
9.05884 35214
9.06123 35272
9.13651 35330
9.13894 35388
9.14133 35446
9.14372 35504
9.14739 35562
9.14978 35620
9.20577 35678
9.20963 35736
9.21214 35794
9.21453 35851
9.21692 35908
9.21931 35965
9.29491 36022
9.2973 36079
9.29969 36136
9.30208 36193
9.30566 36250
9.30805 36307
9.36386 36364
9.36771 36421
9.37023 36477
9.37262 36533
9.37501 36589
9.45321 16560
9.68348 16685
9.68587 16809
9.68838 16932
9.69078 17054
9.76597 17175
9.84037 17295
9.84276 17414
9.84564 17533
9.84803 17651
9.92286 17768
9.99726 17884
9.99965 17999
10.002 18114
10.0044 18228
10.0068 18341
10.0813 18454
10.1553 18566
10.1577 18677
10.1601 18788
10.1625 18898
10.1649 19007
10.2393 19116
10.3137 19224
10.3161 19331
10.3185 19438
10.3209 19544
10.3233 19650
10.3966 19755
10.4707 19859
10.4731 19963
10.4755 20066
10.4778 20169
10.4802 20271
10.5535 20373
10.6276 20474
10.63 20575
10.6323 20675
10.6347 20775
10.6371 20874
10.6395 20973
10.7116 21071
10.7856 21169
10.788 21266
10.7904 21363
10.7928 21460
10.7952 21556
10.7976 21652
10.8696 21747
10.944 21842
10.9464 21936
10.9488 22030
10.9512 22124
10.9536 22217
10.956 22310
11.0269 22402
11.1009 22494
11.1033 22586
11.1057 22677
11.1081 22768
11.1105 22859
11.1128 22949
11.1838 23039
11.2578 23129
11.2602 23218
11.2626 23307
11.265 23395
11.2673 23483
11.2697 23571
11.3407 23658
11.4147 23745
11.4171 23832
11.4195 23919
11.4218 24005
11.4242 24091
11.4267 24177
11.4291 24262
11.4988 24347
11.5728 24432
11.5751 24516
11.5775 24600
11.5799 24684
11.5823 24768
11.5847 24851
11.5871 24934
11.6568 25017
11.7308 25099
11.7332 25181
11.7356 25263
11.738 25345
11.7404 25426
11.7428 25507
11.7452 25588
11.8137 25669
11.8881 25749
11.8905 25829
11.8929 25909
11.8953 25989
11.8977 26068
11.9001 26147
11.9024 26226
11.9706 26305
12.0452 26383
12.0476 26461
12.05 26539
12.0524 26617
12.0548 26694
12.0571 26771
12.0595 26848
12.0619 26925
12.1289 27002
12.2034 27078
12.2058 27154
12.2082 27230
12.2106 27306
12.213 27381
12.2154 27456
12.2177 27531
12.2201 27606
12.2871 27681
12.3615 27755
12.3639 27829
12.3663 27903
12.3687 27977
12.371 28051
12.3734 28124
12.3758 28197
12.3782 28270
12.4442 28343
12.5184 28416
12.5208 28488
12.5232 28560
12.5255 28632
12.5279 28704
12.5305 28776
12.5328 28848
12.5352 28919
12.6011 28990
12.6753 29061
12.6777 29132
12.68 29203
12.6825 29274
12.6849 29344
12.6873 29414
12.6897 29484
12.6921 29554
12.6948 29624
12.7591 29693
12.8334 29762
12.836 29831
12.8384 29900
12.8408 29969
12.8431 30038
12.8457 30107
12.8481 30175
12.8505 30243
12.8529 30311
12.9172 30379
12.9914 30447
12.9941 30515
12.9964 30582
12.9988 30649
13.0012 30716
13.0038 30783
13.0062 30850
13.0086 30917
13.011 30984
13.0745 31050
13.1483 31116
13.1509 31182
13.1533 31248
13.1557 31314
13.1581 31380
13.1607 31446
13.1631 31511
13.1655 31576
13.1679 31641
13.2314 31706
13.3052 31771
13.3078 31836
13.3102 31901
13.3126 31966
13.315 32030
13.3176 32094
13.32 32158
13.3224 32222
13.3248 32286
13.3883 32350
13.3907 32414
13.4636 32477
13.466 32540
13.4684 32603
13.4708 32666
13.4731 32729
13.476 32792
13.4784 32855
13.4808 32918
13.4831 32980
13.5465 33042
13.5489 33104
13.6217 33166
13.6241 33228
13.6265 33290
13.6288 33352
13.6312 33414
13.6345 33476
13.6369 33537
13.6393 33598
13.6417 33659
13.7046 33720
13.7069 33781
13.7798 33842
13.7821 33903
13.7845 33964
13.7869 34025
13.7894 34085
13.7918 34145
13.7942 34205
13.7966 34265
13.799 34325
13.8614 34385
13.8638 34445
13.9366 34505
13.939 34565
13.9414 34624
13.9438 34683
13.9463 34742
13.9487 34801
13.9511 34860
13.9535 34919
13.9559 34978
14.0183 35037
14.0207 35096
14.0935 35155
14.0959 35213
14.0983 35271
14.1007 35329
14.1031 35387
14.1055 35445
14.1079 35503
14.1103 35561
14.1129 35619
14.1153 35677
14.1764 35735
14.1788 35793
14.2516 35850
14.254 35907
14.2564 35964
14.2588 36021
14.2616 36078
14.264 36135
14.2664 36192
14.2687 36249
14.2711 36306
14.2735 36363
14.3345 36420
14.3369 36476
14.4097 36532
14.4121 36588
14.4145 36644
14.4169 36700
14.4193 36756
14.4217 36812
14.424 36868
14.4264 36924
14.4288 36980
14.4315 37036
14.4915 37091
14.4939 37146
14.5668 37201
14.5692 37256
14.5716 37311
14.574 37366
14.5764 37421
14.5788 37476
14.5812 37531
14.5835 37586
14.5859 37641
14.5884 37696
14.6489 37751
14.6513 37805
14.7237 37859
14.7261 37913
14.7285 37967
14.7309 38021
14.7333 38075
14.7357 38129
14.738 38183
14.7404 38237
14.7428 38291
14.7452 38345
14.806 38399
14.8084 17280
15.053 17400
15.0554 17519
15.0578 17637
15.0602 17754
15.121 17870
15.1234 17986
15.2111 18101
15.2135 18215
15.2159 18328
15.2183 18441
15.2794 18553
15.2818 18664
15.3692 18775
15.3716 18885
15.374 18994
15.3764 19103
15.4375 19211
15.4399 19318
15.5273 19425
15.5297 19531
15.5321 19637
15.5345 19742
15.5944 19847
15.5968 19951
15.6857 20054
15.6881 7920
15.9995 8181
16.0022 8434
16.1565 8679
16.1591 8917
16.3134 9149
16.3158 9375
16.3182 9596
16.4715 9812
16.4739 10023
16.4763 10229
16.6296 10431
16.632 10629
16.6344 10824
16.7865 11015
16.7889 11203
16.7913 11388
16.9434 11570
16.9458 11749
16.9482 11925
17.1003 12098
17.1027 12269
17.105 12438
17.1074 12604
17.2587 12768
17.2611 12930
17.2635 13090
17.2659 13248
17.4168 13404
17.4192 13558
17.4216 13710
17.424 13861
17.5737 14010
17.5761 14158
17.5785 14304
17.5808 14448
17.7306 14591
17.733 14733
17.7353 14873
17.7377 15012
17.7401 15150
17.8888 15286
17.8912 15421
17.8936 15555
17.896 15688
17.8984 15820
18.0471 15951
18.0495 16080
18.0519 16208
18.0543 16335
18.0566 16461
18.2052 16586
18.2076 16711
18.21 16835
18.2125 16958
18.2149 17080
18.3621 17201
18.3645 17321
18.3669 17440
18.3694 17558
18.3717 17676
18.519 17793
18.5214 17909
18.5238 18024
18.5262 18139
18.5286 18253
18.531 18366
18.6772 18478
18.6796 18590
18.682 18701
18.6844 18811
18.6868 18921
18.6892 19030
18.8353 19138
18.8377 19246
18.8401 19353
18.8425 19460
18.8449 19566
18.8473 19671
18.9922 19776
18.9946 19880
18.997 19984
18.9994 20087
19.0018 20190
19.0041 20292
19.1491 20394
19.1515 20495
19.1539 20596
19.1563 20696
19.1586 20796
19.1611 20895
19.1634 20994
19.3072 21092
19.3096 21190
19.3119 21287
19.3143 21384
19.3167 21480
19.3191 21576
19.3215 21672
19.4653 21767
19.4676 21862
19.47 21956
19.4724 22050
19.4748 22144
19.4772 22237
19.4796 22330
19.6221 22422
19.6245 22514
19.6269 22606
19.6296 22697
19.632 22788
19.6344 22878
19.6368 22968
19.779 23058
19.7814 23147
19.7838 23236
19.7865 23325
19.7889 23413
19.7913 23501
19.7937 23589
19.9359 23676
19.9383 23763
19.9407 23850
19.9431 23936
19.9455 24022
19.9479 24108
19.9503 24194
19.9527 24279
20.094 24364
20.0964 24449
20.0988 24533
20.1012 24617
20.1036 24701
20.106 24784
20.1083 24867
20.1107 24950
20.2521 25033
20.2545 25115
20.2569 25197
20.2593 25279
20.2617 25361
20.2641 25442
20.2665 25523
20.2689 25604
20.409 25684
20.4114 25764
20.4138 25844
20.4162 25924
20.4186 26003
20.421 26082
20.4234 26161
20.4258 26240
20.5659 26319
20.5683 26397
20.5707 26475
20.5731 26553
20.5755 26631
20.578 26708
20.5804 26785
20.5828 26862
20.5852 26939
20.7243 27015
20.7267 27091
20.7291 27167
20.7315 27243
20.7339 27319
20.7363 27394
20.7387 27469
20.741 27544
20.7434 27619
20.8825 27694
20.8849 27768
20.8873 27842
20.8897 27916
20.8921 27990
20.8945 28064
20.8969 28137
20.8993 28210
20.9016 28283
21.0394 28356
21.0418 28429
21.0442 28501
21.0466 28573
21.049 28645
21.0514 28717
21.0539 28789
21.0563 28861
21.0589 28932
21.1963 29003
21.1987 29074
21.2011 29145
21.2035 29216
21.2059 29286
21.2083 29356
21.2108 29426
21.2132 29496
21.2156 29566
21.218 29636
21.3544 29705
21.3568 29774
21.3592 29843
21.3616 29912
21.3639 29981
21.3663 30050
21.3689 30119
21.3713 30187
21.3737 30255
21.3761 30323
21.5125 30391
21.5149 30459
21.5173 30527
21.5196 30594
21.522 30661
21.5244 30728
21.527 30795
21.5294 30862
21.5318 30929
21.5342 30996
21.6694 31062
21.6718 31128
21.6741 31194
21.6765 31260
21.6789 31326
21.6813 31392
21.6839 31458
21.6863 31523
21.6887 31588
21.691 31653
21.8263 31718
21.8286 31783
21.831 31848
21.8334 31913
21.8358 31977
21.8382 32041
21.8408 32105
21.8432 32169
21.8456 32233
21.848 32297
21.9831 32361
21.9855 32425
21.9879 32488
21.9904 32551
21.9928 32614
21.9952 32677
21.9976 32740
22 32803
22.0024 32866
22.0048 32929
22.0072 32991
22.1412 33053
22.1436 33115
22.146 33177
22.1485 33239
22.1508 33301
22.1533 33363
22.1557 33425
22.1581 33487
22.1605 33548
22.1629 33609
22.1653 33670
22.2993 33731
22.3017 33792
22.3065 15120
22.6131 15257
22.6155 15392
22.6179 15526
22.6203 15659
22.6374 15791
22.77 15922
22.7724 16052
22.7748 16181
22.7772 16309
22.7954 16436
22.9281 16562
22.9306 16687
22.933 16811
22.9353 16934
22.9523 17056
23.085 17177
23.0874 17297
23.0901 17416
23.0925 17535
23.1092 17653
23.2419 17770
23.2443 17886
23.2467 18001
23.2492 18116
23.2516 18230
23.2673 18343
23.4 18456
23.4024 18568
23.4048 18679
23.4073 18790
23.4096 18900
23.4254 19009
23.5581 19118
23.5605 19226
23.5629 19333
23.5653 19440
23.5677 19546
23.5823 19652
23.715 19757
23.7174 19861
23.7198 19965
23.7222 20068
23.7246 20171
23.7392 20273
23.8719 20375
23.8743 20476
23.877 20577
23.8794 20677
23.8818 20777
23.8842 20876
23.8977 20975
24.03 21073
24.0324 21171
24.0351 21268
24.0375 21365
24.0398 21462
24.0422 21558
24.0558 21654
24.1882 21749
24.1906 21844
24.1931 21938
24.1955 22032
24.1979 22126
24.2003 22219
24.2139 22312
24.3451 22404
24.3475 22496
24.3504 22588
24.3528 22679
24.3552 22770
24.3575 22861
24.3708 22951
24.502 23041
24.5043 23130
24.5073 23219
24.5097 23308
24.512 23396
24.5144 23484
24.5276 23572
24.6591 23659
24.6615 23746
24.6639 23833
24.6663 23920
24.6687 24006
24.6711 24092
24.6735 24178
24.6858 24263
24.8172 24348
24.8196 24433
24.822 24517
24.8244 24601
24.8268 24685
24.8292 24769
24.8315 24852
24.8439 24935
24.9753 25018
24.9777 25100
24.9801 25182
24.9828 25264
24.9852 25346
24.9876 25427
24.99 25508
25.0008 25589
25.1322 25670
25.1346 25750
25.137 25830
25.1397 25910
25.1421 25990
25.1444 26069
25.1468 26148
25.1577 26227
25.2891 26306
25.2915 26384
25.2938 26462
25.2966 26540
25.2989 26618
25.3013 26695
25.3037 26772
25.3061 26849
25.4472 11520
25.6178 11700
25.6202 11877
25.6297 12051
25.761 12223
25.7759 12392
25.7783 12559
25.7878 12724
25.919 12886
25.934 13046
25.9364 13204
25.9459 13361
26.0774 13516
26.0921 13669
26.0945 13820
26.103 13970
26.2343 14118
26.249 14264
26.2514 14409
26.2599 14552
26.3912 14694
26.4059 14835
26.4083 14974
26.4107 15112
26.418 15249
26.5493 15384
26.564 15518
26.5664 15651
26.5688 15783
26.576 15914
26.7073 16044
26.7221 16173
26.7244 16301
26.7268 16428
26.7341 16554
26.8648 16679
26.879 16803
26.8814 16926
26.8838 17048
26.891 17169
27.0218 17289
27.0362 17408
27.0386 17527
27.041 17645
27.0479 17762
27.1787 17878
27.1811 17993
27.1943 18108
27.1967 18222
27.1991 18335
27.206 18448
27.3368 18560
27.3392 18671
27.3524 18782
27.3547 18892
27.3571 19001
27.3641 19110
27.4949 19218
27.4973 19325
27.5104 19432
27.5128 19538
27.5152 19644
27.521 19749
27.652 19853
27.6544 19957
27.6676 20060
27.67 20163
27.6723 20265
27.6779 20367
27.8089 20468
27.8113 20569
27.8245 20669
27.8268 20769
27.8292 20868
27.8316 20967
27.8359 21065
27.967 21163
27.9694 21260
27.9825 21357
27.9849 21454
27.9873 21550
27.9897 21646
27.994 21741
28.1251 21836
28.1275 21930
28.1406 22024
28.143 22118
28.1454 22211
28.1478 22304
28.1509 22396
28.2822 22488
28.2845 22580
28.2999 9360
28.5983 9581
28.6118 9797
28.6142 10008
28.7564 10215
28.7699 10417
28.7723 10616
28.9145 10811
28.9268 11002
28.9292 11190
29.0714 11375
29.0837 11557
29.0861 11736
29.2283 11912
29.2406 12086
29.243 12257
29.2454 12426
29.3864 12592
29.3987 12756
29.4011 12918
29.4034 13078
29.5445 13236
29.5568 13392
29.5591 13546
29.5615 13699
29.7014 13850
29.7136 13999
29.716 14147
29.7184 14293
29.8582 14438
29.8705 14581
29.8732 14723
29.8756 14863
30.0151 15002
30.0175 15140
30.0286 15276
30.0313 15411
30.0337 15545
