0.0 0
0.154217 0.154
0.311149 0.154375
0.469234 0.154828
0.627319 0.155225
0.784209 0.175197
0.786599 0.173172
0.942293 0.171275
0.944684 0.169866
0.947074 0.168758
1.10046 0.167413
1.10285 0.166486
1.10524 0.165801
1.10763 0.165076
1.25735 0.183191
1.25974 0.180167
1.26213 0.177646
1.26452 0.175691
1.26691 0.173854
1.2693 0.172372
1.41444 0.189201
1.41683 0.185426
1.41922 0.182248
1.42161 0.179717
1.424 0.177502
1.42639 0.175564
1.42878 0.174119
1.43117 0.172979
1.43356 0.171857
1.57133 0.188124
1.57372 0.184484
1.57611 0.181423
1.5785 0.178995
1.58089 0.176746
1.58328 0.174903
1.58567 0.17354
1.58806 0.172347
1.59045 0.171304
1.59284 0.170641
1.59523 0.170186
1.59762 0.169663
1.60001 0.16958
1.60241 0.169507
1.72941 0.168069
1.73181 0.16706
1.7342 0.166303
1.73659 0.165515
1.7391 0.165201
1.74149 0.164925
1.74388 0.164685
1.74627 0.164849
1.74866 0.164868
1.75105 0.16501
1.75344 0.165383
1.75583 0.165585
1.75822 0.165887
1.76061 0.166401
1.76301 0.166976
1.7654 0.167354
1.76779 0.167935
1.77018 0.168568
1.77257 0.168997
1.77536 0.169747
1.77775 0.170404
1.88773 0.168853
1.89012 0.167872
1.89251 0.167013
1.8949 0.166136
1.89729 0.165744
1.89968 0.165401
1.90207 0.165101
1.90462 0.165088
1.90701 0.165202
1.9094 0.165302
1.91179 0.165639
1.91418 0.165934
1.91657 0.166193
1.91896 0.166669
1.92135 0.167085
1.92374 0.167449
1.92614 0.168143
1.92853 0.16875
1.93092 0.169156
1.93331 0.169887
1.9357 0.170526
1.93809 0.171085
1.94048 0.171825
1.94287 0.172472
1.94526 0.173163
1.94765 0.174017
1.95004 0.174765
1.95243 0.175419
1.95482 0.176242
1.95721 0.176962
1.9596 0.177592
2.04462 0.188768
2.04701 0.185172
2.0494 0.1819
2.05179 0.179288
2.05418 0.177127
2.05657 0.175236
2.05896 0.173831
2.06135 0.172602
2.06374 0.171527
2.06613 0.170961
2.06852 0.170341
2.07091 0.169798
2.0733 0.169699
2.07569 0.169486
2.07808 0.169426
2.08047 0.169622
2.08286 0.169795
2.08646 0.17007
2.3612 0.168686
2.36359 0.167351
2.36598 0.166182
2.36837 0.165284
2.37076 0.164374
2.37315 0.163702
2.37554 0.162989
2.37793 0.162365
2.38032 0.161945
2.38271 0.161452
2.3851 0.161145
2.38749 0.160752
2.38988 0.160408
2.39227 0.160232
2.39466 0.159953
2.39705 0.159834
2.39944 0.159605
2.40183 0.159404
2.40422 0.159354
2.40661 0.159184
2.409 0.159161
2.41139 0.159016
2.41378 0.158889
2.41618 0.158903
2.41857 0.15879
2.42096 0.158691
2.42335 0.158605
2.51809 0.170154
2.52048 0.16876
2.52287 0.16754
2.52526 0.166598
2.52765 0.165648
2.53004 0.164942
2.53243 0.164199
2.53482 0.163549
2.53721 0.163106
2.5396 0.162592
2.54199 0.162143
2.54438 0.16175
2.54677 0.161407
2.54916 0.161231
2.55155 0.160952
2.55394 0.160708
2.55633 0.160494
2.55872 0.160308
2.56111 0.160269
2.5635 0.160111
2.56589 0.159972
2.56828 0.15985
2.57067 0.159744
2.57306 0.159776
2.57546 0.159679
2.57785 0.159594
2.58024 0.159645
2.67498 0.171064
2.67737 0.169556
2.67976 0.168237
2.68215 0.167207
2.68481 0.166181
2.6872 0.165409
2.68959 0.164607
2.69198 0.163907
2.69437 0.163418
2.69676 0.162866
2.69915 0.162508
2.70154 0.162194
2.70393 0.161795
2.70632 0.161571
2.70871 0.161249
2.7111 0.161093
2.71349 0.160956
2.71588 0.160712
2.71827 0.160623
2.72066 0.16042
2.72305 0.160368
2.72544 0.160322
2.72783 0.160156
2.73022 0.160137
2.73262 0.159995
2.73501 0.159995
2.7374 0.159996
2.83186 0.171371
2.83426 0.16995
2.83665 0.168581
2.83904 0.167509
2.84143 0.166445
2.84382 0.165514
2.84621 0.1647
2.8486 0.163988
2.85099 0.163364
2.85338 0.162819
2.85577 0.162341
2.85816 0.161924
2.86055 0.161558
2.86294 0.161238
2.86533 0.160959
2.86772 0.160714
2.87011 0.1605
2.8725 0.160312
2.87489 0.160148
2.87728 0.160005
2.87967 0.159879
2.88206 0.159769
2.88445 0.159673
2.88684 0.159589
2.88923 0.159515
2.89162 0.159451
2.89402 0.159394
2.89641 0.159345
2.98995 0.159177
2.99234 0.15903
2.99473 0.158901
2.99712 0.158789
2.99951 0.15869
3.0019 0.158604
3.00429 0.158528
3.00668 0.158462
3.00907 0.158529
3.01146 0.158463
3.01385 0.158405
3.01624 0.158355
3.01882 0.15831
3.02121 0.158397
3.0236 0.158347
3.02599 0.158304
3.02838 0.158266
3.03077 0.158232
3.03316 0.158328
3.03555 0.158287
3.03794 0.158251
3.04033 0.15822
3.04272 0.158192
3.04511 0.158293
3.0475 0.158257
3.0499 0.158225
3.05229 0.158197
3.05468 0.158172
3.14803 0.158276
3.15042 0.158241
3.15282 0.158211
3.15521 0.158185
3.1576 0.158161
3.15999 0.158141
3.16238 0.158499
3.16477 0.158686
3.16716 0.158976
3.16955 0.159104
3.17221 0.159341
3.1746 0.159548
3.17699 0.159605
3.17938 0.159779
3.18177 0.159807
3.18416 0.159956
3.18655 0.160086
3.18894 0.160076
3.19133 0.160191
3.19372 0.160167
3.19611 0.160271
3.1985 0.160362
3.20089 0.160317
3.20328 0.160402
3.20567 0.160352
3.20806 0.160433
3.21046 0.160504
3.21285 0.160441
3.30527 0.171761
3.30766 0.170166
3.31005 0.168895
3.31245 0.167783
3.31484 0.166685
3.31723 0.16585
3.31962 0.165118
3.32201 0.164479
3.3244 0.163919
3.32679 0.163304
3.32918 0.162891
3.33157 0.162405
3.33396 0.161979
3.33635 0.161732
3.33874 0.16139
3.34113 0.161216
3.34352 0.160939
3.34591 0.160697
3.3483 0.16061
3.35069 0.160409
3.35308 0.160358
3.35547 0.160188
3.35786 0.160039
3.36025 0.160034
3.36264 0.159905
3.36503 0.159917
3.36742 0.159802
3.36981 0.159702
3.46216 0.170989
3.46455 0.169491
3.46694 0.168179
3.46933 0.167032
3.47173 0.166028
3.47412 0.165274
3.47651 0.16449
3.4789 0.163804
3.48129 0.163203
3.48368 0.162678
3.48607 0.162343
3.48846 0.161925
3.49085 0.16156
3.49324 0.161365
3.49563 0.161069
3.49802 0.160935
3.50041 0.160694
3.5028 0.160482
3.50519 0.160422
3.50758 0.160244
3.50997 0.160088
3.51236 0.159952
3.51475 0.159833
3.51714 0.159854
3.51953 0.159747
3.52203 0.159779
3.52442 0.159682
3.52681 0.159596
3.5292 0.159647
3.62081 0.159441
3.6232 0.159386
3.62559 0.159338
3.62798 0.15917
3.63037 0.159149
3.63276 0.159005
3.63515 0.159005
3.63754 0.159004
3.63993 0.158879
3.64232 0.158894
3.64471 0.158782
3.6471 0.158809
3.64949 0.158833
3.65188 0.158729
3.65427 0.158763
3.65666 0.158668
3.65905 0.158709
3.66144 0.158745
3.66383 0.158652
3.66622 0.158696
3.66861 0.158734
3.67101 0.158767
3.6734 0.158796
3.67579 0.158697
3.67818 0.158735
3.68057 0.158643
3.68296 0.158562
3.68535 0.158617
3.68774 0.15854
3.77889 0.158472
3.78128 0.158413
3.78367 0.158362
3.78606 0.158442
3.78845 0.158386
3.79084 0.158338
3.79323 0.158296
3.79562 0.158259
3.79812 0.158351
3.80051 0.158308
3.8029 0.158269
3.80529 0.15861
3.80768 0.158784
3.81007 0.159061
3.81246 0.159303
3.81485 0.159391
3.81724 0.159592
3.81963 0.159643
3.82202 0.159812
3.82441 0.159961
3.8268 0.159966
3.82919 0.160095
3.83158 0.160083
3.83397 0.160073
3.83636 0.160189
3.83875 0.160165
3.84114 0.160269
3.84353 0.160361
3.84592 0.160316
3.93594 0.171276
3.93833 0.169867
3.94112 0.168633
3.94351 0.167554
3.9459 0.166485
3.94829 0.165674
3.95068 0.164965
3.95307 0.164344
3.95546 0.163801
3.95785 0.163201
3.96024 0.162801
3.96263 0.162451
3.96502 0.162145
3.96741 0.161876
3.9698 0.161517
3.9722 0.161327
3.97459 0.161161
3.97698 0.160891
3.97937 0.16078
3.98176 0.160557
3.98415 0.160488
3.98654 0.160427
3.98893 0.160248
3.99132 0.160217
3.99371 0.16019
3.9961 0.160166
3.99849 0.160146
4.00088 0.160002
4.00327 0.160002
4.09283 0.170877
4.09522 0.169517
4.09801 0.168328
4.1004 0.167162
4.10279 0.166141
4.10518 0.165374
4.10757 0.164577
4.10996 0.16388
4.11235 0.16327
4.11484 0.162736
4.11724 0.162394
4.11963 0.16197
4.12202 0.161724
4.12441 0.161383
4.1268 0.161085
4.12919 0.16095
4.13158 0.160706
4.13397 0.160493
4.13636 0.160431
4.13875 0.160252
4.14114 0.160221
4.14353 0.160068
4.14592 0.159935
4.14831 0.159943
4.1507 0.159825
4.15309 0.159847
4.15548 0.159741
4.15787 0.159648
4.16026 0.159692
4.16265 0.159606
4.25092 0.159405
4.25331 0.159229
4.25625 0.159076
4.25864 0.158941
4.26103 0.158949
4.26343 0.15883
4.26582 0.158726
4.26821 0.15876
4.2706 0.158665
4.27299 0.158582
4.27538 0.158509
4.27777 0.158446
4.28016 0.15839
4.28257 0.158341
4.28496 0.158299
4.28735 0.158261
4.28974 0.158229
4.29213 0.158325
4.29452 0.158284
4.29691 0.158249
4.2993 0.158218
4.30169 0.158191
4.30408 0.158292
4.30648 0.158255
4.30887 0.158223
4.31126 0.158195
4.31365 0.158171
4.31604 0.158275
4.31843 0.15824
4.32082 0.15821
4.40964 0.158309
4.41203 0.158395
4.41442 0.158346
4.41681 0.158303
4.4192 0.158265
4.42159 0.158232
4.42398 0.158203
4.42637 0.158177
4.42876 0.158155
4.43115 0.158261
4.43354 0.158228
4.43593 0.1582
4.43832 0.158175
4.44071 0.158153
4.4431 0.158259
4.44549 0.158226
4.44788 0.158198
4.45027 0.158548
4.45267 0.15873
4.45506 0.159014
4.45745 0.159262
4.45984 0.159354
4.46223 0.15956
4.46462 0.159615
4.46701 0.159788
4.4694 0.15994
4.47179 0.159947
4.47418 0.160079
4.47657 0.160069
4.47896 0.16006
4.56653 0.170803
4.56892 0.169327
4.57131 0.168036
4.5737 0.166907
4.57609 0.166044
4.57848 0.165163
4.58087 0.164393
4.58326 0.163844
4.58565 0.163238
4.58804 0.162833
4.59043 0.162354
4.59282 0.161935
4.59521 0.161693
4.5976 0.161356
4.59999 0.161062
4.60238 0.160804
4.60477 0.160579
4.60716 0.160506
4.60966 0.160318
4.61205 0.160278
4.61444 0.160118
4.61683 0.159979
4.61922 0.159981
4.62161 0.159859
4.624 0.159751
4.62639 0.159657
4.62878 0.159575
4.63117 0.159628
4.63356 0.15955
4.63595 0.159481
4.72362 0.170171
4.72601 0.1689
4.7284 0.167787
4.73079 0.166689
4.73318 0.165853
4.73557 0.164996
4.73796 0.164247
4.74035 0.163716
4.74275 0.163126
4.74514 0.162735
4.74753 0.162269
4.74992 0.16186
4.75231 0.161627
4.7547 0.161299
4.75709 0.161137
4.75948 0.160995
4.76187 0.160745
4.76426 0.160652
4.76665 0.160446
4.76904 0.16039
4.77143 0.160216
4.77382 0.160064
4.77621 0.160056
4.7786 0.159924
4.78099 0.159809
4.78338 0.159833
4.78577 0.159728
4.78816 0.159762
4.79055 0.159667
4.79294 0.159584
4.79533 0.159636
4.88171 0.159431
4.8841 0.159252
4.88649 0.159096
4.88888 0.158959
4.89127 0.158839
4.89366 0.158734
4.89605 0.158767
4.89844 0.158671
4.90083 0.158587
4.90322 0.158514
4.90561 0.15845
4.908 0.158519
4.91039 0.158454
4.91278 0.158397
4.91517 0.158347
4.91756 0.158304
4.91995 0.158266
4.92234 0.158233
4.92473 0.158204
4.92712 0.158178
4.92951 0.158156
4.93191 0.158136
4.9343 0.158119
4.93669 0.158104
4.93908 0.158216
4.94147 0.158189
4.94404 0.158291
4.94643 0.158254
4.94882 0.158223
4.95121 0.15832
4.9536 0.15828
5.04008 0.15837
5.04247 0.158324
5.04486 0.158283
5.04725 0.158373
5.05085 0.158451
5.25077 0.158395
5.25316 0.158345
5.25555 0.158302
5.25794 0.158264
5.26033 0.158231
5.26272 0.158202
5.26511 0.158177
5.2675 0.158155
5.26989 0.158136
5.35507 0.158244
5.35746 0.158213
5.35985 0.158187
5.36249 0.158163
5.36608 0.158268
5.36847 0.158234
5.40899 0.158205
5.41138 0.158179
5.41377 0.158157
5.41616 0.158262
5.41855 0.15823
5.42094 0.158201
5.42333 0.158176
5.42572 0.158154
5.42811 0.15826
5.51315 0.158227
5.51554 0.158199
5.5194 0.158424
5.73952 0.158371
5.74191 0.158325
5.7443 0.158284
5.82851 0.158248
5.8309 0.158217
5.83439 0.15819
5.83678 0.158166
5.89771 0.158146
5.9001 0.158252
5.90249 0.158221
5.9866 0.158193
5.98899 0.158169
5.99247 0.158148
5.99486 0.158129
6.056 0.158113
6.05839 0.158474
6.06078 0.158665
6.14349 0.168957
6.14588 0.167712
6.14936 0.166873
6.15175 0.165889
6.21289 0.172403
6.21553 0.170853
6.21792 0.169371
6.30065 0.1782
6.30304 0.175925
6.30662 0.174059
6.30901 0.172302
6.36978 0.178014
6.37242 0.175762
6.37481 0.173667
6.3772 0.171959
6.45891 0.170214
6.4613 0.168687
6.46489 0.167351
6.46762 0.166182
6.52786 0.165159
6.53051 0.164265
6.5329 0.163481
6.53529 0.162796
6.617 0.162197
6.61939 0.161672
6.62298 0.161213
6.62606 0.160936
6.68595 0.160569
6.68859 0.160248
6.69098 0.159967
6.69337 0.159721
6.77389 0.169506
6.77628 0.168318
6.77986 0.167278
6.78295 0.166368
6.84284 0.172572
6.84548 0.171001
6.84787 0.169501
6.85026 0.168313
6.93078 0.176899
6.93317 0.174787
6.93675 0.172938
6.93984 0.171321
6.99974 0.177031
7.00237 0.174902
7.00476 0.172914
7.00715 0.1713
7.08767 0.179512
7.09006 0.177073
7.09245 0.174814
7.09484 0.172712
7.09793 0.170873
7.15783 0.169264
7.16074 0.167856
7.16313 0.166749
7.16552 0.165656
7.24575 0.164699
7.24814 0.163861
7.25053 0.163129
7.25317 0.162613
7.25676 0.162161
7.31616 0.161766
7.31882 0.161295
7.32122 0.160883
7.32361 0.160523
7.40384 0.160207
7.40623 0.159932
7.40862 0.15969
7.41101 0.159854
7.41365 0.159872
7.47309 0.167013
7.47596 0.166011
7.47835 0.16526
7.48074 0.164478
7.56085 0.173543
7.56324 0.17185
7.56563 0.170244
7.56802 0.168963
7.57054 0.167718
7.62998 0.173753
7.63313 0.172034
7.63569 0.17053
7.63808 0.169214
7.71774 0.177687
7.72013 0.175476
7.72252 0.173416
7.72491 0.171614
7.72782 0.170038
7.73021 0.168783
7.78807 0.16756
7.79121 0.166365
7.79377 0.165319
7.79616 0.164404
7.87582 0.163604
7.87821 0.162903
7.8806 0.162291
7.88299 0.161754
7.88605 0.16141
7.88844 0.160984
7.94615 0.160611
7.9493 0.160284
7.95186 0.159999
7.95425 0.159749
8.0339 0.15953
8.0363 0.159339
8.03869 0.159172
8.04108 0.15915
8.0445 0.159006
8.04689 0.158881
8.10304 0.165896
8.10658 0.165159
8.10897 0.164389
8.11136 0.16384
8.19079 0.17286
8.19318 0.171253
8.19558 0.169721
8.19797 0.168381
8.20139 0.167333
8.20378 0.166292
8.26049 0.172255
8.26408 0.170848
8.26647 0.169492
8.26886 0.168306
8.34799 0.176768
8.35038 0.174672
8.35278 0.172713
8.35517 0.171124
8.35828 0.169858
8.36067 0.168501
8.41774 0.174188
8.42132 0.17254
8.42371 0.170847
8.4261 0.169491
8.42849 0.168305
8.50608 0.167142
8.50847 0.165999
8.51086 0.164999
8.51325 0.164124
8.51675 0.163359
8.51914 0.162814
8.57582 0.162212
8.57941 0.161686
8.5818 0.161225
8.58419 0.160822
8.58658 0.160469
8.66464 0.16016
8.66703 0.160015
8.66942 0.159888
8.67182 0.159652
8.6754 0.159571
8.67779 0.159375
8.73391 0.159203
8.73749 0.159052
8.73988 0.158921
8.74227 0.158806
8.74466 0.158955
8.82153 0.168461
8.82392 0.167278
8.82631 0.166243
8.8287 0.165338
8.83229 0.164796
8.83468 0.164071
8.8908 0.170187
8.89438 0.169039
8.89717 0.167909
8.89956 0.16692
8.90195 0.16593
8.97842 0.174439
8.98081 0.172509
8.9832 0.170946
8.98559 0.169452
8.98918 0.168396
8.99157 0.167221
9.04769 0.172944
9.05154 0.171451
9.05406 0.170019
9.05645 0.168642
9.05884 0.167437
9.06123 0.166507
9.13651 0.165444
9.13894 0.164513
9.14133 0.163699
9.14372 0.162987
9.14739 0.162363
9.14978 0.161818
9.20577 0.161341
9.20963 0.160923
9.21214 0.160558
9.21453 0.160238
9.21692 0.159958
9.21931 0.159713
9.29491 0.159499
9.2973 0.159437
9.29969 0.159257
9.30208 0.159225
9.30566 0.159072
9.30805 0.159063
9.36386 0.15893
9.36771 0.158814
9.37023 0.158712
9.37262 0.158623
9.37501 0.15867
9.68348 0.158586
9.68587 0.158513
9.68838 0.158449
9.69078 0.158393
9.76597 0.167469
9.84037 0.175285
9.84276 0.17325
9.84564 0.171593
9.84803 0.170144
9.92286 0.177876
9.99726 0.184642
9.99965 0.181436
10.002 0.178757
10.0044 0.176287
10.0068 0.174001
10.0813 0.172126
10.1553 0.17036
10.1577 0.168815
10.1601 0.167463
10.1625 0.166281
10.1649 0.165245
10.2393 0.16434
10.3137 0.163547
10.3161 0.162979
10.3185 0.162357
10.3209 0.162062
10.3233 0.161929
10.3966 0.170688
10.4707 0.178227
10.4731 0.175949
10.4755 0.17383
10.4778 0.171976
10.4802 0.170479
10.5535 0.177919
10.6276 0.184554
10.63 0.18136
10.6323 0.178565
10.6347 0.176119
10.6371 0.174105
10.6395 0.172216
10.7116 0.170439
10.7856 0.168884
10.788 0.167649
10.7904 0.166443
10.7928 0.165387
10.7952 0.164464
10.7976 0.163656
10.8696 0.162949
10.944 0.162455
10.9464 0.161898
10.9488 0.161411
10.9512 0.16111
10.9536 0.160721
10.956 0.160381
11.0269 0.168958
11.1009 0.176714
11.1033 0.174499
11.1057 0.172562
11.1081 0.170992
11.1105 0.169493
11.1128 0.168181
11.1838 0.175658
11.2578 0.182576
11.2602 0.179754
11.2626 0.17716
11.265 0.17489
11.2673 0.172904
11.2697 0.171166
11.3407 0.17827
11.4147 0.184861
11.4171 0.181754
11.4195 0.178909
11.4218 0.176421
11.4242 0.174368
11.4267 0.172447
11.4291 0.170891
11.4988 0.16928
11.5728 0.16787
11.5751 0.166636
11.5775 0.165557
11.5799 0.164612
11.5823 0.163786
11.5847 0.163062
11.5871 0.16243
11.6568 0.161876
11.7308 0.161391
11.7332 0.160967
11.7356 0.160847
11.738 0.160866
11.7404 0.160882
11.7428 0.160772
11.7452 0.160801
11.8137 0.168951
11.8881 0.176832
11.8905 0.174728
11.8929 0.172762
11.8953 0.171167
11.8977 0.169646
11.9001 0.16844
11.9024 0.167385
11.9706 0.174587
12.0452 0.181764
12.0476 0.178918
12.05 0.176428
12.0524 0.174375
12.0548 0.172453
12.0571 0.170896
12.0595 0.169409
12.0619 0.168108
12.1289 0.166845
12.2034 0.165739
12.2058 0.164772
12.2082 0.16405
12.2106 0.163294
12.213 0.162632
12.2154 0.162053
12.2177 0.161547
12.2201 0.161228
12.2871 0.16095
12.3615 0.160581
12.3639 0.160258
12.3663 0.159976
12.3687 0.159729
12.371 0.159638
12.3734 0.159808
12.3758 0.159832
12.3782 0.159978
12.4442 0.167981
12.5184 0.175858
12.5208 0.173751
12.5232 0.172032
12.5255 0.170403
12.5279 0.168978
12.5305 0.16773
12.5328 0.166639
12.5352 0.165809
12.6011 0.172958
12.6753 0.180213
12.6777 0.177562
12.68 0.175366
12.6825 0.173321
12.6849 0.171531
12.6873 0.170089
12.6897 0.168703
12.6921 0.167615
12.6948 0.166538
12.7591 0.165471
12.8334 0.164537
12.836 0.16372
12.8384 0.163005
12.8408 0.162379
12.8431 0.161957
12.8457 0.161462
12.8481 0.161155
12.8505 0.16076
12.8529 0.160415
12.9172 0.160113
12.9914 0.159849
12.9941 0.159743
12.9964 0.159525
12.9988 0.159334
13.0012 0.159168
13.0038 0.159022
13.0062 0.158894
13.0086 0.158782
13.011 0.158934
13.0745 0.166818
13.1483 0.17484
13.1509 0.17286
13.1533 0.171128
13.1557 0.169612
13.1581 0.16841
13.1607 0.167234
13.1631 0.16633
13.1655 0.165414
13.1679 0.164612
13.2314 0.17166
13.3052 0.179078
13.3078 0.176568
13.3102 0.174497
13.3126 0.17256
13.315 0.17099
13.3176 0.169491
13.32 0.16818
13.3224 0.167032
13.3248 0.166028
13.3883 0.1729
13.3907 0.171162
13.4636 0.169517
13.466 0.168077
13.4684 0.166818
13.4708 0.165715
13.4731 0.164751
13.476 0.163907
13.4784 0.163294
13.4808 0.162632
13.4831 0.162178
13.5465 0.161656
13.5489 0.161199
13.6217 0.160799
13.6241 0.160574
13.6265 0.160252
13.6288 0.159971
13.6312 0.159724
13.6345 0.159634
13.6369 0.15943
13.6393 0.159376
13.6417 0.159204
13.7046 0.159053
13.7069 0.158922
13.7798 0.158807
13.7821 0.159081
13.7845 0.159196
13.7869 0.159296
13.7894 0.159509
13.7918 0.159571
13.7942 0.159624
13.7966 0.159671
13.799 0.159712
13.8614 0.167248
13.8638 0.166217
13.9366 0.17419
13.939 0.172416
13.9414 0.170739
13.9438 0.169272
13.9463 0.168113
13.9487 0.166974
13.9511 0.166102
13.9535 0.165214
13.9559 0.164438
14.0183 0.171258
14.0207 0.169726
14.0935 0.17726
14.0959 0.174977
14.0983 0.17298
14.1007 0.171233
14.1031 0.169829
14.1055 0.168475
14.1079 0.167291
14.1103 0.166254
14.1129 0.165348
14.1153 0.164679
14.1764 0.163844
14.1788 0.163114
14.2516 0.162474
14.254 0.16204
14.2564 0.161535
14.2588 0.161093
14.2616 0.160707
14.264 0.160368
14.2664 0.160197
14.2687 0.159923
14.2711 0.159807
14.2735 0.159581
14.3345 0.159384
14.3369 0.159211
14.4097 0.159059
14.4121 0.158927
14.4145 0.158811
14.4169 0.15871
14.4193 0.158996
14.4217 0.159121
14.424 0.159356
14.4264 0.159437
14.4288 0.159507
14.4315 0.159569
14.4915 0.166873
14.4939 0.165889
14.5668 0.173903
14.5692 0.172165
14.5716 0.170519
14.574 0.169079
14.5764 0.167944
14.5788 0.166826
14.5812 0.165973
14.5835 0.165101
14.5859 0.164339
14.5884 0.163796
14.6489 0.170447
14.6513 0.169141
14.7237 0.176748
14.7261 0.174655
14.7285 0.172698
14.7309 0.170986
14.7333 0.169612
14.7357 0.168286
14.738 0.16725
14.7404 0.166219
14.7428 0.165317
14.7452 0.164652
14.806 0.17132
15.053 0.16978
15.0554 0.168308
15.0578 0.167019
15.0602 0.165892
15.121 0.16503
15.1234 0.164152
15.2111 0.163383
15.2135 0.16271
15.2159 0.162121
15.2183 0.161606
15.2794 0.161155
15.2818 0.160761
15.3692 0.160416
15.3716 0.160114
15.374 0.15985
15.3764 0.159618
15.4375 0.159416
15.4399 0.159239
15.5273 0.159084
15.5297 0.159199
15.5321 0.159424
15.5345 0.159621
15.5944 0.166918
15.5968 0.165928
15.6857 0.175937
15.9995 0.18457
16.0022 0.181374
16.1565 0.197452
16.1591 0.192771
16.3134 0.207549
16.3158 0.201481
16.3182 0.196171
16.4715 0.191399
16.4739 0.187224
16.4763 0.183571
16.6296 0.180375
16.632 0.177578
16.6344 0.175131
16.7865 0.191989
16.7889 0.187866
16.7913 0.184383
16.9434 0.19996
16.9458 0.19484
16.9482 0.190485
17.1003 0.205299
17.1027 0.199512
17.105 0.194573
17.1074 0.190126
17.2587 0.18611
17.2611 0.182722
17.2635 0.179631
17.2659 0.176927
17.4168 0.174562
17.4192 0.172491
17.4216 0.17068
17.424 0.169345
17.5737 0.186677
17.5761 0.183342
17.5785 0.180299
17.5808 0.177637
17.7306 0.193807
17.733 0.189456
17.7353 0.185649
17.7377 0.182318
17.7401 0.179528
17.8888 0.176837
17.8912 0.174608
17.8936 0.172532
17.896 0.17084
17.8984 0.169235
18.0471 0.167956
18.0495 0.166711
18.0519 0.165622
18.0543 0.16467
18.0566 0.163836
18.2052 0.163106
18.2076 0.162718
18.21 0.162503
18.2125 0.162315
18.2149 0.162026
18.3621 0.180023
18.3645 0.177395
18.3669 0.175096
18.3694 0.173084
18.3717 0.171323
18.519 0.188033
18.5214 0.184404
18.5238 0.181228
18.5262 0.178575
18.5286 0.176128
18.531 0.173987
18.6772 0.171989
18.6796 0.17024
18.682 0.16871
18.6844 0.167371
18.6868 0.1662
18.6892 0.1653
18.8353 0.164387
18.8377 0.163589
18.8401 0.163015
18.8425 0.162388
18.8449 0.16209
18.8473 0.161954
18.9922 0.179584
18.9946 0.177011
18.997 0.17476
18.9994 0.17279
19.0018 0.171066
19.0041 0.169683
19.1491 0.186223
19.1515 0.18282
19.1539 0.179842
19.1563 0.177362
19.1586 0.175067
19.1611 0.173183
19.1634 0.17141
19.3072 0.169734
19.3096 0.168267
19.3119 0.166984
19.3143 0.165861
19.3167 0.164878
19.3191 0.164019
19.3215 0.163266
19.4653 0.162608
19.4676 0.162032
19.47 0.161653
19.4724 0.161196
19.4748 0.160797
19.4772 0.160447
19.4796 0.160141
19.6221 0.177749
19.6245 0.175405
19.6269 0.173354
19.6296 0.17156
19.632 0.170115
19.6344 0.168851
19.6368 0.167619
19.779 0.184167
19.7814 0.181021
19.7838 0.178268
19.7865 0.175985
19.7889 0.173862
19.7913 0.172004
19.7937 0.170379
19.9359 0.186456
19.9383 0.183024
19.9407 0.180021
19.9431 0.177519
19.9455 0.175204
19.9479 0.173178
19.9503 0.171406
19.9527 0.169855
20.094 0.168498
20.0964 0.167186
20.0988 0.166038
20.1012 0.165033
20.1036 0.164154
20.106 0.163385
20.1083 0.162712
20.1107 0.162123
20.2521 0.161607
20.2545 0.161156
20.2569 0.160762
20.2593 0.160792
20.2617 0.160693
20.2641 0.160731
20.2665 0.160765
20.2689 0.160669
20.409 0.177835
20.4114 0.175481
20.4138 0.173421
20.4162 0.171743
20.4186 0.17015
20.421 0.168757
20.4234 0.167537
20.4258 0.16647
20.5659 0.182786
20.5683 0.179938
20.5707 0.177321
20.5731 0.175156
20.5755 0.173136
20.578 0.171369
20.5804 0.169948
20.5828 0.168579
20.5852 0.167507
20.7243 0.166444
20.7267 0.165388
20.7291 0.16459
20.7315 0.163766
20.7339 0.163045
20.7363 0.16254
20.7387 0.161972
20.741 0.161601
20.7434 0.161151
20.8825 0.160757
20.8849 0.160412
20.8873 0.160111
20.8897 0.159847
20.8921 0.159741
20.8945 0.159523
20.8969 0.159583
20.8993 0.15976
20.9016 0.15979
21.0394 0.176816
21.0418 0.174589
21.0442 0.172766
21.0466 0.171045
21.049 0.169539
21.0514 0.168222
21.0539 0.167069
21.0563 0.166185
21.0589 0.165287
21.1963 0.181501
21.1987 0.178689
21.2011 0.176353
21.2035 0.174184
21.2059 0.172286
21.2083 0.17075
21.2108 0.169281
21.2132 0.168121
21.2156 0.166981
21.218 0.165983
21.3544 0.164985
21.3568 0.164112
21.3592 0.163348
21.3616 0.16268
21.3639 0.162095
21.3663 0.161583
21.3689 0.161135
21.3713 0.160743
21.3737 0.1604
21.3761 0.160225
21.5125 0.159947
21.5149 0.159704
21.5173 0.159491
21.5196 0.159304
21.522 0.159266
21.5244 0.159108
21.527 0.15897
21.5294 0.158848
21.5318 0.158742
21.5342 0.159025
21.6694 0.175771
21.6718 0.173675
21.6741 0.171966
21.6765 0.170345
21.6789 0.168927
21.6813 0.167686
21.6839 0.1666
21.6863 0.165775
21.6887 0.164928
21.691 0.164312
21.8263 0.180273
21.8286 0.177614
21.831 0.175412
21.8334 0.173361
21.8358 0.171566
21.8382 0.17012
21.8408 0.16873
21.8432 0.167639
21.8456 0.166559
21.848 0.165739
21.9831 0.181522
21.9855 0.178706
21.9879 0.176243
21.9904 0.174088
21.9928 0.172202
21.9952 0.170677
21.9976 0.169217
22 0.16794
22.0024 0.166822
22.0048 0.165845
22.0072 0.164989
22.1412 0.164115
22.1436 0.163351
22.146 0.162807
22.1485 0.162206
22.1508 0.16168
22.1533 0.16122
22.1557 0.160818
22.1581 0.160591
22.1605 0.160267
22.1629 0.159983
22.1653 0.159735
22.2993 0.159519
22.3017 0.159329
22.6131 0.175538
22.6155 0.173345
22.6179 0.171427
22.6203 0.169749
22.6374 0.17028
22.77 0.18512
22.7724 0.181855
22.7748 0.178998
22.7772 0.176624
22.7954 0.174296
22.9281 0.172259
22.9306 0.170726
22.933 0.169386
22.9353 0.168337
22.9523 0.16917
23.085 0.184274
23.0874 0.181115
23.0901 0.178475
23.0925 0.176166
23.1092 0.175895
23.2419 0.190033
23.2443 0.186154
23.2467 0.18276
23.2492 0.17979
23.2516 0.177191
23.2673 0.174792
23.4 0.172693
23.4024 0.170857
23.4048 0.169249
23.4073 0.167843
23.4096 0.166613
23.4254 0.165536
23.5581 0.164719
23.5605 0.163879
23.5629 0.163144
23.5653 0.162501
23.5677 0.162189
23.5823 0.16354
23.715 0.179223
23.7174 0.176695
23.7198 0.174483
23.7222 0.172673
23.7246 0.170963
23.7392 0.171093
23.8719 0.185831
23.8743 0.182602
23.877 0.179652
23.8794 0.177196
23.8818 0.174921
23.8842 0.173056
23.8977 0.171174
24.03 0.169652
24.0324 0.168196
24.0351 0.167046
24.0375 0.165915
24.0398 0.164926
24.0422 0.16406
24.0558 0.163303
24.1882 0.16264
24.1906 0.16206
24.1931 0.161552
24.1955 0.161108
24.1979 0.16072
24.2003 0.16038
24.2139 0.160082
24.3451 0.176322
24.3475 0.174157
24.3504 0.172387
24.3528 0.170714
24.3552 0.169375
24.3575 0.168203
24.3708 0.168427
24.502 0.183374
24.5043 0.180327
24.5073 0.177786
24.5097 0.175438
24.512 0.173508
24.5144 0.171695
24.5276 0.171483
24.6591 0.186173
24.6615 0.182901
24.6639 0.179913
24.6663 0.177299
24.6687 0.175012
24.6711 0.17301
24.6735 0.171259
24.6858 0.169602
24.8172 0.168151
24.8196 0.166883
24.822 0.165772
24.8244 0.164801
24.8268 0.163951
24.8292 0.163207
24.8315 0.162556
24.8439 0.161986
24.9753 0.161488
24.9777 0.161052
24.9801 0.160796
24.9828 0.160821
24.9852 0.160843
24.9876 0.160863
24.99 0.160755
25.0008 0.161786
25.1322 0.177688
25.1346 0.175352
25.137 0.173308
25.1397 0.171519
25.1421 0.170079
25.1444 0.168694
25.1468 0.167483
25.1577 0.167547
25.2891 0.182729
25.2915 0.179763
25.2938 0.177167
25.2966 0.175021
25.2989 0.173019
25.3013 0.171266
25.3037 0.169733
25.3061 0.168516
25.6178 0.167202
25.6202 0.166052
25.6297 0.16592
25.761 0.16493
25.7759 0.164064
25.7783 0.163306
25.7878 0.162643
25.919 0.162187
25.934 0.161789
25.9364 0.161315
25.9459 0.160901
26.0774 0.160538
26.0921 0.160221
26.0945 0.160193
26.103 0.160919
26.2343 0.176929
26.249 0.176188
26.2514 0.17404
26.2599 0.17291
26.3912 0.187421
26.4059 0.185368
26.4083 0.182197
26.4107 0.179298
26.418 0.176635
26.5493 0.174306
26.564 0.172268
26.5664 0.170484
26.5688 0.168924
26.576 0.167683
26.7073 0.166473
26.7221 0.165539
26.7244 0.164596
26.7268 0.163772
26.7341 0.16305
26.8648 0.178669
26.879 0.17771
26.8814 0.175372
26.8838 0.173325
26.891 0.172285
27.0218 0.186624
27.0362 0.184796
27.0386 0.181696
27.041 0.178859
27.0479 0.177002
27.1787 0.190752
27.1811 0.186908
27.1943 0.183294
27.1967 0.180133
27.1991 0.177491
27.206 0.175055
27.3368 0.172923
27.3392 0.171057
27.3524 0.169425
27.3547 0.167997
27.3571 0.166747
27.3641 0.165779
27.4949 0.164807
27.4973 0.163956
27.5104 0.163211
27.5128 0.16281
27.5152 0.162584
27.521 0.162636
27.652 0.178306
27.6544 0.176018
27.6676 0.175266
27.67 0.173233
27.6723 0.171578
27.6779 0.170381
27.8089 0.185083
27.8113 0.181823
27.8245 0.180345
27.8268 0.177677
27.8292 0.175467
27.8316 0.173409
27.8359 0.171483
27.967 0.169797
27.9694 0.168323
27.9825 0.167032
27.9849 0.165903
27.9873 0.164915
27.9897 0.164051
27.994 0.16342
28.1251 0.162867
28.1275 0.162259
28.1406 0.161726
28.143 0.161386
28.1454 0.160962
28.1478 0.160592
28.1509 0.160643
28.2822 0.176563
28.2845 0.174367
28.5983 0.172321
28.6118 0.171906
28.6142 0.170168
28.7564 0.168647
28.7699 0.167316
28.7723 0.166152
28.9145 0.165133
28.9268 0.165741
28.9292 0.165023
29.0714 0.181771
29.0837 0.180174
29.0861 0.177652
29.2283 0.192821
29.2406 0.189843
29.243 0.185988
29.2454 0.182614
29.3864 0.179538
29.3987 0.176845
29.4011 0.174615
29.4034 0.172538
29.5445 0.170721
29.5568 0.169131
29.5591 0.167739
29.5615 0.166522
29.7014 0.182957
29.7136 0.181212
29.716 0.178561
29.7184 0.176115
29.8582 0.191226
29.8705 0.188448
29.8732 0.184892
29.8756 0.181655
30.0151 0.196073
30.0175 0.191439
30.0286 0.187259
30.0313 0.183602
30.0337 0.180402
