0.154217 1
0.311149 1441
0.469234 4321
0.627319 7201
0.784209 10081
0.786599 12961
0.942293 15841
0.944684 18721
0.947074 21601
1.10046 24481
1.10285 27361
1.10524 30241
1.10763 33121
1.25735 36001
1.25974 38881
1.26213 41761
1.26452 44641
1.26691 47521
1.2693 50401
1.41444 53281
1.41683 56161
1.41922 59041
1.42161 61921
1.424 64801
1.42639 67681
1.42878 70561
1.43117 73441
1.43356 76321
1.57133 79201
1.57372 82081
1.57611 84961
1.5785 87841
1.58089 90721
1.58328 93601
1.58567 96481
1.58806 99361
1.59045 102241
1.59284 105121
1.59523 108001
1.59762 110881
1.60001 113761
1.60241 116641
1.72941 119521
1.73181 122401
1.7342 125281
1.73659 128161
1.7391 131041
1.74149 133921
1.74388 136801
1.74627 139681
1.74866 142561
1.75105 145441
1.75344 148321
1.75583 151201
1.75822 154081
1.76061 156961
1.76301 159841
1.7654 162721
1.76779 165601
1.77018 168481
1.77257 171361
1.77536 174241
1.77775 177121
1.88773 180001
1.89012 182881
1.89251 185761
1.8949 188641
1.89729 191521
1.89968 194401
1.90207 197281
1.90462 200161
1.90701 203041
1.9094 205921
1.91179 208801
1.91418 211681
1.91657 214561
1.91896 217441
1.92135 220321
1.92374 223201
1.92614 226081
1.92853 228961
1.93092 231841
1.93331 234721
1.9357 237601
1.93809 240481
1.94048 243361
1.94287 246241
1.94526 249121
1.94765 252001
1.95004 254881
1.95243 257761
1.95482 260641
1.95721 263521
1.9596 266401
2.04462 269281
2.04701 272161
2.0494 275041
2.05179 277921
2.05418 280801
2.05657 283681
2.05896 286561
2.06135 289441
2.06374 292321
2.06613 295201
2.06852 298081
2.07091 300961
2.0733 303841
2.07569 306721
2.07808 309601
2.08047 312481
2.08286 315361
2.08646 316801
2.26753 480961
2.3612 483841
2.36359 486721
2.36598 489601
2.36837 492481
2.37076 495361
2.37315 498241
2.37554 501121
2.37793 504001
2.38032 506881
2.38271 509761
2.3851 512641
2.38749 515521
2.38988 518401
2.39227 521281
2.39466 524161
2.39705 527041
2.39944 529921
2.40183 532801
2.40422 535681
2.40661 538561
2.409 541441
2.41139 544321
2.41378 547201
2.41618 550081
2.41857 552961
2.42096 555841
2.42335 558721
2.51809 561601
2.52048 564481
2.52287 567361
2.52526 570241
2.52765 573121
2.53004 576001
2.53243 578881
2.53482 581761
2.53721 584641
2.5396 587521
2.54199 590401
2.54438 593281
2.54677 596161
2.54916 599041
2.55155 601921
2.55394 604801
2.55633 607681
2.55872 610561
2.56111 613441
2.5635 616321
2.56589 619201
2.56828 622081
2.57067 624961
2.57306 627841
2.57546 630721
2.57785 633601
2.58024 636481
2.67498 639361
2.67737 642241
2.67976 645121
2.68215 648001
2.68481 650881
2.6872 653761
2.68959 656641
2.69198 659521
2.69437 662401
2.69676 665281
2.69915 668161
2.70154 671041
2.70393 673921
2.70632 676801
2.70871 679681
2.7111 682561
2.71349 685441
2.71588 688321
2.71827 691201
2.72066 694081
2.72305 696961
2.72544 699841
2.72783 702721
2.73022 705601
2.73262 708481
2.73501 711361
2.7374 714241
2.83186 717121
2.83426 720001
2.83665 722881
2.83904 725761
2.84143 728641
2.84382 731521
2.84621 734401
2.8486 737281
2.85099 740161
2.85338 743041
2.85577 745921
2.85816 748801
2.86055 751681
2.86294 754561
2.86533 757441
2.86772 760321
2.87011 763201
2.8725 766081
2.87489 768961
2.87728 771841
2.87967 774721
2.88206 777601
2.88445 780481
2.88684 783361
2.88923 786241
2.89162 789121
2.89402 792001
2.89641 794881
2.98995 797761
2.99234 800641
2.99473 803521
2.99712 806401
2.99951 809281
3.0019 812161
3.00429 815041
3.00668 817921
3.00907 820801
3.01146 823681
3.01385 826561
3.01624 829441
3.01882 832321
3.02121 835201
3.0236 838081
3.02599 840961
3.02838 843841
3.03077 846721
3.03316 849601
3.03555 852481
3.03794 855361
3.04033 858241
3.04272 861121
3.04511 864001
3.0475 866881
3.0499 869761
3.05229 872641
3.05468 875521
3.14803 878401
3.15042 881281
3.15282 884161
3.15521 887041
3.1576 889921
3.15999 892801
3.16238 895681
3.16477 898561
3.16716 901441
3.16955 904321
3.17221 907201
3.1746 910081
3.17699 912961
3.17938 915841
3.18177 918721
3.18416 921601
3.18655 924481
3.18894 927361
3.19133 930241
3.19372 933121
3.19611 936001
3.1985 938881
3.20089 941761
3.20328 944641
3.20567 947521
3.20806 950401
3.21046 953281
3.21285 956161
3.30527 959041
3.30766 961921
3.31005 964801
3.31245 967681
3.31484 970561
3.31723 973441
3.31962 976321
3.32201 979201
3.3244 982081
3.32679 984961
3.32918 987841
3.33157 990721
3.33396 993601
3.33635 996481
3.33874 999361
3.34113 1002241
3.34352 1005121
3.34591 1008001
3.3483 1010881
3.35069 1013761
3.35308 1016641
3.35547 1019521
3.35786 1022401
3.36025 1025281
3.36264 1028161
3.36503 1031041
3.36742 1033921
3.36981 1036801
3.46216 1039681
3.46455 1042561
3.46694 1045441
3.46933 1048321
3.47173 1051201
3.47412 1054081
3.47651 1056961
3.4789 1059841
3.48129 1062721
3.48368 1065601
3.48607 1068481
3.48846 1071361
3.49085 1074241
3.49324 1077121
3.49563 1080001
3.49802 1082881
3.50041 1085761
3.5028 1088641
3.50519 1091521
3.50758 1094401
3.50997 1097281
3.51236 1100161
3.51475 1103041
3.51714 1105921
3.51953 1108801
3.52203 1111681
3.52442 1114561
3.52681 1117441
3.5292 1120321
3.62081 1123201
3.6232 1126081
3.62559 1128961
3.62798 1131841
3.63037 1134721
3.63276 1137601
3.63515 1140481
3.63754 1143361
3.63993 1146241
3.64232 1149121
3.64471 1152001
3.6471 1154881
3.64949 1157761
3.65188 1160641
3.65427 1163521
3.65666 1166401
3.65905 1169281
3.66144 1172161
3.66383 1175041
3.66622 1177921
3.66861 1180801
3.67101 1183681
3.6734 1186561
3.67579 1189441
3.67818 1192321
3.68057 1195201
3.68296 1198081
3.68535 1200961
3.68774 1203841
3.77889 1206721
3.78128 1209601
3.78367 1212481
3.78606 1215361
3.78845 1218241
3.79084 1221121
3.79323 1224001
3.79562 1226881
3.79812 1229761
3.80051 1232641
3.8029 1235521
3.80529 1238401
3.80768 1241281
3.81007 1244161
3.81246 1247041
3.81485 1249921
3.81724 1252801
3.81963 1255681
3.82202 1258561
3.82441 1261441
3.8268 1264321
3.82919 1267201
3.83158 1270081
3.83397 1272961
3.83636 1275841
3.83875 1278721
3.84114 1281601
3.84353 1284481
3.84592 1287361
3.93594 1290241
3.93833 1293121
3.94112 1296001
3.94351 1298881
3.9459 1301761
3.94829 1304641
3.95068 1307521
3.95307 1310401
3.95546 1313281
3.95785 1316161
3.96024 1319041
3.96263 1321921
3.96502 1324801
3.96741 1327681
3.9698 1330561
3.9722 1333441
3.97459 1336321
3.97698 1339201
3.97937 1342081
3.98176 1344961
3.98415 1347841
3.98654 1350721
3.98893 1353601
3.99132 1356481
3.99371 1359361
3.9961 1362241
3.99849 1365121
4.00088 1368001
4.00327 1370881
4.09283 1373761
4.09522 1376641
4.09801 1379521
4.1004 1382401
4.10279 1385281
4.10518 1388161
4.10757 1391041
4.10996 1393921
4.11235 1396801
4.11484 1399681
4.11724 1402561
4.11963 1405441
4.12202 1408321
4.12441 1411201
4.1268 1414081
4.12919 1416961
4.13158 1419841
4.13397 1422721
4.13636 1425601
4.13875 1428481
4.14114 1431361
4.14353 1434241
4.14592 1437121
4.14831 1440001
4.1507 1442881
4.15309 1445761
4.15548 1448641
4.15787 1451521
4.16026 1454401
4.16265 1457281
4.25092 1460161
4.25331 1463041
4.25625 1465921
4.25864 1468801
4.26103 1471681
4.26343 1474561
4.26582 1477441
4.26821 1480321
4.2706 1483201
4.27299 1486081
4.27538 1488961
4.27777 1491841
4.28016 1494721
4.28257 1497601
4.28496 1500481
4.28735 1503361
4.28974 1506241
4.29213 1509121
4.29452 1512001
4.29691 1514881
4.2993 1517761
4.30169 1520641
4.30408 1523521
4.30648 1526401
4.30887 1529281
4.31126 1532161
4.31365 1535041
4.31604 1537921
4.31843 1540801
4.32082 1543681
4.40964 1546561
4.41203 1549441
4.41442 1552321
4.41681 1555201
4.4192 1558081
4.42159 1560961
4.42398 1563841
4.42637 1566721
4.42876 1569601
4.43115 1572481
4.43354 1575361
4.43593 1578241
4.43832 1581121
4.44071 1584001
4.4431 1586881
4.44549 1589761
4.44788 1592641
4.45027 1595521
4.45267 1598401
4.45506 1601281
4.45745 1604161
4.45984 1607041
4.46223 1609921
4.46462 1612801
4.46701 1615681
4.4694 1618561
4.47179 1621441
4.47418 1624321
4.47657 1627201
4.47896 1630081
4.56653 1632961
4.56892 1635841
4.57131 1638721
4.5737 1641601
4.57609 1644481
4.57848 1647361
4.58087 1650241
4.58326 1653121
4.58565 1656001
4.58804 1658881
4.59043 1661761
4.59282 1664641
4.59521 1667521
4.5976 1670401
4.59999 1673281
4.60238 1676161
4.60477 1679041
4.60716 1681921
4.60966 1684801
4.61205 1687681
4.61444 1690561
4.61683 1693441
4.61922 1696321
4.62161 1699201
4.624 1702081
4.62639 1704961
4.62878 1707841
4.63117 1710721
4.63356 1713601
4.63595 1716481
4.72362 1719361
4.72601 1722241
4.7284 1725121
4.73079 1728001
4.73318 1730881
4.73557 1733761
4.73796 1736641
4.74035 1739521
4.74275 1742401
4.74514 1745281
4.74753 1748161
4.74992 1751041
4.75231 1753921
4.7547 1756801
4.75709 1759681
4.75948 1762561
4.76187 1765441
4.76426 1768321
4.76665 1771201
4.76904 1774081
4.77143 1776961
4.77382 1779841
4.77621 1782721
4.7786 1785601
4.78099 1788481
4.78338 1791361
4.78577 1794241
4.78816 1797121
4.79055 1800001
4.79294 1802881
4.79533 1805761
4.88171 1808641
4.8841 1811521
4.88649 1814401
4.88888 1817281
4.89127 1820161
4.89366 1823041
4.89605 1825921
4.89844 1828801
4.90083 1831681
4.90322 1834561
4.90561 1837441
4.908 1840321
4.91039 1843201
4.91278 1846081
4.91517 1848961
4.91756 1851841
4.91995 1854721
4.92234 1857601
4.92473 1860481
4.92712 1863361
4.92951 1866241
4.93191 1869121
4.9343 1872001
4.93669 1874881
4.93908 1877761
4.94147 1880641
4.94404 1883521
4.94643 1886401
4.94882 1889281
4.95121 1892161
4.9536 1895041
5.04008 1897921
5.04247 1900801
5.04486 1903681
5.04725 1906561
5.05085 1908001
5.21132 2001601
5.25077 2004481
5.25316 2007361
5.25555 2010241
5.25794 2013121
5.26033 2016001
5.26272 2018881
5.26511 2021761
5.2675 2024641
5.26989 2027521
5.35507 2030401
5.35746 2033281
5.35985 2036161
5.36249 2039041
5.36608 2041921
5.36847 2044801
5.40899 2047681
5.41138 2050561
5.41377 2053441
5.41616 2056321
5.41855 2059201
5.42094 2062081
5.42333 2064961
5.42572 2067841
5.42811 2070721
5.51315 2073601
5.51554 2076481
5.5194 2077921
5.67987 2125441
5.73952 2128321
5.74191 2131201
5.7443 2134081
5.82851 2136961
5.8309 2139841
5.83439 2142721
5.83678 2145601
5.89771 2148481
5.9001 2151361
5.90249 2154241
5.9866 2157121
5.98899 2160001
5.99247 2162881
5.99486 2165761
6.056 2168641
6.05839 2171521
6.06078 2174401
6.14349 2177281
6.14588 2180161
6.14936 2183041
6.15175 2185921
6.21289 2188801
6.21553 2191681
6.21792 2194561
6.30065 2197441
6.30304 2200321
6.30662 2203201
6.30901 2206081
6.36978 2208961
6.37242 2211841
6.37481 2214721
6.3772 2217601
6.45891 2220481
6.4613 2223361
6.46489 2226241
6.46762 2229121
6.52786 2232001
6.53051 2234881
6.5329 2237761
6.53529 2240641
6.617 2243521
6.61939 2246401
6.62298 2249281
6.62606 2252161
6.68595 2255041
6.68859 2257921
6.69098 2260801
6.69337 2263681
6.77389 2266561
6.77628 2269441
6.77986 2272321
6.78295 2275201
6.84284 2278081
6.84548 2280961
6.84787 2283841
6.85026 2286721
6.93078 2289601
6.93317 2292481
6.93675 2295361
6.93984 2298241
6.99974 2301121
7.00237 2304001
7.00476 2306881
7.00715 2309761
7.08767 2312641
7.09006 2315521
7.09245 2318401
7.09484 2321281
7.09793 2324161
7.15783 2327041
7.16074 2329921
7.16313 2332801
7.16552 2335681
7.24575 2338561
7.24814 2341441
7.25053 2344321
7.25317 2347201
7.25676 2350081
7.31616 2352961
7.31882 2355841
7.32122 2358721
7.32361 2361601
7.40384 2364481
7.40623 2367361
7.40862 2370241
7.41101 2373121
7.41365 2376001
7.47309 2378881
7.47596 2381761
7.47835 2384641
7.48074 2387521
7.56085 2390401
7.56324 2393281
7.56563 2396161
7.56802 2399041
7.57054 2401921
7.62998 2404801
7.63313 2407681
7.63569 2410561
7.63808 2413441
7.71774 2416321
7.72013 2419201
7.72252 2422081
7.72491 2424961
7.72782 2427841
7.73021 2430721
7.78807 2433601
7.79121 2436481
7.79377 2439361
7.79616 2442241
7.87582 2445121
7.87821 2448001
7.8806 2450881
7.88299 2453761
7.88605 2456641
7.88844 2459521
7.94615 2462401
7.9493 2465281
7.95186 2468161
7.95425 2471041
8.0339 2473921
8.0363 2476801
8.03869 2479681
8.04108 2482561
8.0445 2485441
8.04689 2488321
8.10304 2491201
8.10658 2494081
8.10897 2496961
8.11136 2499841
8.19079 2502721
8.19318 2505601
8.19558 2508481
8.19797 2511361
8.20139 2514241
8.20378 2517121
8.26049 2520001
8.26408 2522881
8.26647 2525761
8.26886 2528641
8.34799 2531521
8.35038 2534401
8.35278 2537281
8.35517 2540161
8.35828 2543041
8.36067 2545921
8.41774 2548801
8.42132 2551681
8.42371 2554561
8.4261 2557441
8.42849 2560321
8.50608 2563201
8.50847 2566081
8.51086 2568961
8.51325 2571841
8.51675 2574721
8.51914 2577601
8.57582 2580481
8.57941 2583361
8.5818 2586241
8.58419 2589121
8.58658 2592001
8.66464 2594881
8.66703 2597761
8.66942 2600641
8.67182 2603521
8.6754 2606401
8.67779 2609281
8.73391 2612161
8.73749 2615041
8.73988 2617921
8.74227 2620801
8.74466 2623681
8.82153 2626561
8.82392 2629441
8.82631 2632321
8.8287 2635201
8.83229 2638081
8.83468 2640961
8.8908 2643841
8.89438 2646721
8.89717 2649601
8.89956 2652481
8.90195 2655361
8.97842 2658241
8.98081 2661121
8.9832 2664001
8.98559 2666881
8.98918 2669761
8.99157 2672641
9.04769 2675521
9.05154 2678401
9.05406 2681281
9.05645 2684161
9.05884 2687041
9.06123 2689921
9.13651 2692801
9.13894 2695681
9.14133 2698561
9.14372 2701441
9.14739 2704321
9.14978 2707201
9.20577 2710081
9.20963 2712961
9.21214 2715841
9.21453 2718721
9.21692 2721601
9.21931 2724481
9.29491 2727361
9.2973 2730241
9.29969 2733121
9.30208 2736001
9.30566 2738881
9.30805 2741761
9.36386 2744641
9.36771 2747521
9.37023 2750401
9.37262 2753281
9.37501 2756161
9.6101 2795041
9.68348 2797921
9.68587 2800801
9.68838 2803681
9.69078 2806561
9.76597 2809441
9.84037 2812321
9.84276 2815201
9.84564 2818081
9.84803 2820961
9.92286 2823841
9.99726 2826721
9.99965 2829601
10.002 2832481
10.0044 2835361
10.0068 2838241
10.0813 2841121
10.1553 2844001
10.1577 2846881
10.1601 2849761
10.1625 2852641
10.1649 2855521
10.2393 2858401
10.3137 2861281
10.3161 2864161
10.3185 2867041
10.3209 2869921
10.3233 2872801
10.3966 2875681
10.4707 2878561
10.4731 2881441
10.4755 2884321
10.4778 2887201
10.4802 2890081
10.5535 2892961
10.6276 2895841
10.63 2898721
10.6323 2901601
10.6347 2904481
10.6371 2907361
10.6395 2910241
10.7116 2913121
10.7856 2916001
10.788 2918881
10.7904 2921761
10.7928 2924641
10.7952 2927521
10.7976 2930401
10.8696 2933281
10.944 2936161
10.9464 2939041
10.9488 2941921
10.9512 2944801
10.9536 2947681
10.956 2950561
11.0269 2953441
11.1009 2956321
11.1033 2959201
11.1057 2962081
11.1081 2964961
11.1105 2967841
11.1128 2970721
11.1838 2973601
11.2578 2976481
11.2602 2979361
11.2626 2982241
11.265 2985121
11.2673 2988001
11.2697 2990881
11.3407 2993761
11.4147 2996641
11.4171 2999521
11.4195 3002401
11.4218 3005281
11.4242 3008161
11.4267 3011041
11.4291 3013921
11.4988 3016801
11.5728 3019681
11.5751 3022561
11.5775 3025441
11.5799 3028321
11.5823 3031201
11.5847 3034081
11.5871 3036961
11.6568 3039841
11.7308 3042721
11.7332 3045601
11.7356 3048481
11.738 3051361
11.7404 3054241
11.7428 3057121
11.7452 3060001
11.8137 3062881
11.8881 3065761
11.8905 3068641
11.8929 3071521
11.8953 3074401
11.8977 3077281
11.9001 3080161
11.9024 3083041
11.9706 3085921
12.0452 3088801
12.0476 3091681
12.05 3094561
12.0524 3097441
12.0548 3100321
12.0571 3103201
12.0595 3106081
12.0619 3108961
12.1289 3111841
12.2034 3114721
12.2058 3117601
12.2082 3120481
12.2106 3123361
12.213 3126241
12.2154 3129121
12.2177 3132001
12.2201 3134881
12.2871 3137761
12.3615 3140641
12.3639 3143521
12.3663 3146401
12.3687 3149281
12.371 3152161
12.3734 3155041
12.3758 3157921
12.3782 3160801
12.4442 3163681
12.5184 3166561
12.5208 3169441
12.5232 3172321
12.5255 3175201
12.5279 3178081
12.5305 3180961
12.5328 3183841
12.5352 3186721
12.6011 3189601
12.6753 3192481
12.6777 3195361
12.68 3198241
12.6825 3201121
12.6849 3204001
12.6873 3206881
12.6897 3209761
12.6921 3212641
12.6948 3215521
12.7591 3218401
12.8334 3221281
12.836 3224161
12.8384 3227041
12.8408 3229921
12.8431 3232801
12.8457 3235681
12.8481 3238561
12.8505 3241441
12.8529 3244321
12.9172 3247201
12.9914 3250081
12.9941 3252961
12.9964 3255841
12.9988 3258721
13.0012 3261601
13.0038 3264481
13.0062 3267361
13.0086 3270241
13.011 3273121
13.0745 3276001
13.1483 3278881
13.1509 3281761
13.1533 3284641
13.1557 3287521
13.1581 3290401
13.1607 3293281
13.1631 3296161
13.1655 3299041
13.1679 3301921
13.2314 3304801
13.3052 3307681
13.3078 3310561
13.3102 3313441
13.3126 3316321
13.315 3319201
13.3176 3322081
13.32 3324961
13.3224 3327841
13.3248 3330721
13.3883 3333601
13.3907 3336481
13.4636 3339361
13.466 3342241
13.4684 3345121
13.4708 3348001
13.4731 3350881
13.476 3353761
13.4784 3356641
13.4808 3359521
13.4831 3362401
13.5465 3365281
13.5489 3368161
13.6217 3371041
13.6241 3373921
13.6265 3376801
13.6288 3379681
13.6312 3382561
13.6345 3385441
13.6369 3388321
13.6393 3391201
13.6417 3394081
13.7046 3396961
13.7069 3399841
13.7798 3402721
13.7821 3405601
13.7845 3408481
13.7869 3411361
13.7894 3414241
13.7918 3417121
13.7942 3420001
13.7966 3422881
13.799 3425761
13.8614 3428641
13.8638 3431521
13.9366 3434401
13.939 3437281
13.9414 3440161
13.9438 3443041
13.9463 3445921
13.9487 3448801
13.9511 3451681
13.9535 3454561
13.9559 3457441
14.0183 3460321
14.0207 3463201
14.0935 3466081
14.0959 3468961
14.0983 3471841
14.1007 3474721
14.1031 3477601
14.1055 3480481
14.1079 3483361
14.1103 3486241
14.1129 3489121
14.1153 3492001
14.1764 3494881
14.1788 3497761
14.2516 3500641
14.254 3503521
14.2564 3506401
14.2588 3509281
14.2616 3512161
14.264 3515041
14.2664 3517921
14.2687 3520801
14.2711 3523681
14.2735 3526561
14.3345 3529441
14.3369 3532321
14.4097 3535201
14.4121 3538081
14.4145 3540961
14.4169 3543841
14.4193 3546721
14.4217 3549601
14.424 3552481
14.4264 3555361
14.4288 3558241
14.4315 3561121
14.4915 3564001
14.4939 3566881
14.5668 3569761
14.5692 3572641
14.5716 3575521
14.574 3578401
14.5764 3581281
14.5788 3584161
14.5812 3587041
14.5835 3589921
14.5859 3592801
14.5884 3595681
14.6489 3598561
14.6513 3601441
14.7237 3604321
14.7261 3607201
14.7285 3610081
14.7309 3612961
14.7333 3615841
14.7357 3618721
14.738 3621601
14.7404 3624481
14.7428 3627361
14.7452 3630241
14.806 3631681
14.9665 3672001
15.053 3674881
15.0554 3677761
15.0578 3680641
15.0602 3683521
15.121 3686401
15.1234 3689281
15.2111 3692161
15.2135 3695041
15.2159 3697921
15.2183 3700801
15.2794 3703681
15.2818 3706561
15.3692 3709441
15.3716 3712321
15.374 3715201
15.3764 3718081
15.4375 3720961
15.4399 3723841
15.5273 3726721
15.5297 3729601
15.5321 3732481
15.5345 3735361
15.5944 3738241
15.5968 3741121
15.6857 3742561
15.8465 3764161
15.9995 3767041
16.0022 3769921
16.1565 3772801
16.1591 3775681
16.3134 3778561
16.3158 3781441
16.3182 3784321
16.4715 3787201
16.4739 3790081
16.4763 3792961
16.6296 3795841
16.632 3798721
16.6344 3801601
16.7865 3804481
16.7889 3807361
16.7913 3810241
16.9434 3813121
16.9458 3816001
16.9482 3818881
17.1003 3821761
17.1027 3824641
17.105 3827521
17.1074 3830401
17.2587 3833281
17.2611 3836161
17.2635 3839041
17.2659 3841921
17.4168 3844801
17.4192 3847681
17.4216 3850561
17.424 3853441
17.5737 3856321
17.5761 3859201
17.5785 3862081
17.5808 3864961
17.7306 3867841
17.733 3870721
17.7353 3873601
17.7377 3876481
17.7401 3879361
17.8888 3882241
17.8912 3885121
17.8936 3888001
17.896 3890881
17.8984 3893761
18.0471 3896641
18.0495 3899521
18.0519 3902401
18.0543 3905281
18.0566 3908161
18.2052 3911041
18.2076 3913921
18.21 3916801
18.2125 3919681
18.2149 3922561
18.3621 3925441
18.3645 3928321
18.3669 3931201
18.3694 3934081
18.3717 3936961
18.519 3939841
18.5214 3942721
18.5238 3945601
18.5262 3948481
18.5286 3951361
18.531 3954241
18.6772 3957121
18.6796 3960001
18.682 3962881
18.6844 3965761
18.6868 3968641
18.6892 3971521
18.8353 3974401
18.8377 3977281
18.8401 3980161
18.8425 3983041
18.8449 3985921
18.8473 3988801
18.9922 3991681
18.9946 3994561
18.997 3997441
18.9994 4000321
19.0018 4003201
19.0041 4006081
19.1491 4008961
19.1515 4011841
19.1539 4014721
19.1563 4017601
19.1586 4020481
19.1611 4023361
19.1634 4026241
19.3072 4029121
19.3096 4032001
19.3119 4034881
19.3143 4037761
19.3167 4040641
19.3191 4043521
19.3215 4046401
19.4653 4049281
19.4676 4052161
19.47 4055041
19.4724 4057921
19.4748 4060801
19.4772 4063681
19.4796 4066561
19.6221 4069441
19.6245 4072321
19.6269 4075201
19.6296 4078081
19.632 4080961
19.6344 4083841
19.6368 4086721
19.779 4089601
19.7814 4092481
19.7838 4095361
19.7865 4098241
19.7889 4101121
19.7913 4104001
19.7937 4106881
19.9359 4109761
19.9383 4112641
19.9407 4115521
19.9431 4118401
19.9455 4121281
19.9479 4124161
19.9503 4127041
19.9527 4129921
20.094 4132801
20.0964 4135681
20.0988 4138561
20.1012 4141441
20.1036 4144321
20.106 4147201
20.1083 4150081
20.1107 4152961
20.2521 4155841
20.2545 4158721
20.2569 4161601
20.2593 4164481
20.2617 4167361
20.2641 4170241
20.2665 4173121
20.2689 4176001
20.409 4178881
20.4114 4181761
20.4138 4184641
20.4162 4187521
20.4186 4190401
20.421 4193281
20.4234 4196161
20.4258 4199041
20.5659 4201921
20.5683 4204801
20.5707 4207681
20.5731 4210561
20.5755 4213441
20.578 4216321
20.5804 4219201
20.5828 4222081
20.5852 4224961
20.7243 4227841
20.7267 4230721
20.7291 4233601
20.7315 4236481
20.7339 4239361
20.7363 4242241
20.7387 4245121
20.741 4248001
20.7434 4250881
20.8825 4253761
20.8849 4256641
20.8873 4259521
20.8897 4262401
20.8921 4265281
20.8945 4268161
20.8969 4271041
20.8993 4273921
20.9016 4276801
21.0394 4279681
21.0418 4282561
21.0442 4285441
21.0466 4288321
21.049 4291201
21.0514 4294081
21.0539 4296961
21.0563 4299841
21.0589 4302721
21.1963 4305601
21.1987 4308481
21.2011 4311361
21.2035 4314241
21.2059 4317121
21.2083 4320001
21.2108 4322881
21.2132 4325761
21.2156 4328641
21.218 4331521
21.3544 4334401
21.3568 4337281
21.3592 4340161
21.3616 4343041
21.3639 4345921
21.3663 4348801
21.3689 4351681
21.3713 4354561
21.3737 4357441
21.3761 4360321
21.5125 4363201
21.5149 4366081
21.5173 4368961
21.5196 4371841
21.522 4374721
21.5244 4377601
21.527 4380481
21.5294 4383361
21.5318 4386241
21.5342 4389121
21.6694 4392001
21.6718 4394881
21.6741 4397761
21.6765 4400641
21.6789 4403521
21.6813 4406401
21.6839 4409281
21.6863 4412161
21.6887 4415041
21.691 4417921
21.8263 4420801
21.8286 4423681
21.831 4426561
21.8334 4429441
21.8358 4432321
21.8382 4435201
21.8408 4438081
21.8432 4440961
21.8456 4443841
21.848 4446721
21.9831 4449601
21.9855 4452481
21.9879 4455361
21.9904 4458241
21.9928 4461121
21.9952 4464001
21.9976 4466881
22 4469761
22.0024 4472641
22.0048 4475521
22.0072 4478401
22.1412 4481281
22.1436 4484161
22.146 4487041
22.1485 4489921
22.1508 4492801
22.1533 4495681
22.1557 4498561
22.1581 4501441
22.1605 4504321
22.1629 4507201
22.1653 4510081
22.2993 4512961
22.3017 4515841
22.4634 4537441
22.4817 4553281
22.6131 4556161
22.6155 4559041
22.6179 4561921
22.6203 4563361
22.6374 4566241
22.77 4569121
22.7724 4572001
22.7748 4574881
22.7772 4577761
22.7954 4580641
22.9281 4583521
22.9306 4586401
22.933 4589281
22.9353 4592161
22.9523 4595041
23.085 4597921
23.0874 4600801
23.0901 4603681
23.0925 4606561
23.1092 4609441
23.2419 4612321
23.2443 4615201
23.2467 4618081
23.2492 4620961
23.2516 4623841
23.2673 4626721
23.4 4629601
23.4024 4632481
23.4048 4635361
23.4073 4638241
23.4096 4641121
23.4254 4644001
23.5581 4646881
23.5605 4649761
23.5629 4652641
23.5653 4655521
23.5677 4658401
23.5823 4661281
23.715 4664161
23.7174 4667041
23.7198 4669921
23.7222 4672801
23.7246 4675681
23.7392 4678561
23.8719 4681441
23.8743 4684321
23.877 4687201
23.8794 4690081
23.8818 4692961
23.8842 4695841
23.8977 4698721
24.03 4701601
24.0324 4704481
24.0351 4707361
24.0375 4710241
24.0398 4713121
24.0422 4716001
24.0558 4718881
24.1882 4721761
24.1906 4724641
24.1931 4727521
24.1955 4730401
24.1979 4733281
24.2003 4736161
24.2139 4739041
24.3451 4741921
24.3475 4744801
24.3504 4747681
24.3528 4750561
24.3552 4753441
24.3575 4756321
24.3708 4759201
24.502 4762081
24.5043 4764961
24.5073 4767841
24.5097 4770721
24.512 4773601
24.5144 4776481
24.5276 4779361
24.6591 4782241
24.6615 4785121
24.6639 4788001
24.6663 4790881
24.6687 4793761
24.6711 4796641
24.6735 4799521
24.6858 4802401
24.8172 4805281
24.8196 4808161
24.822 4811041
24.8244 4813921
24.8268 4816801
24.8292 4819681
24.8315 4822561
24.8439 4825441
24.9753 4828321
24.9777 4831201
24.9801 4834081
24.9828 4836961
24.9852 4839841
24.9876 4842721
24.99 4845601
25.0008 4848481
25.1322 4851361
25.1346 4854241
25.137 4857121
25.1397 4860001
25.1421 4862881
25.1444 4865761
25.1468 4868641
25.1577 4871521
25.2891 4874401
25.2915 4877281
25.2938 4880161
25.2966 4883041
25.2989 4885921
25.3013 4888801
25.3037 4891681
25.3061 4894561
25.6041 4923361
25.6178 4926241
25.6202 4929121
25.6297 4932001
25.761 4934881
25.7759 4937761
25.7783 4940641
25.7878 4943521
25.919 4946401
25.934 4949281
25.9364 4952161
25.9459 4955041
26.0774 4957921
26.0921 4960801
26.0945 4963681
26.103 4966561
26.2343 4969441
26.249 4972321
26.2514 4975201
26.2599 4978081
26.3912 4980961
26.4059 4983841
26.4083 4986721
26.4107 4989601
26.418 4992481
26.5493 4995361
26.564 4998241
26.5664 5001121
26.5688 5004001
26.576 5006881
26.7073 5009761
26.7221 5012641
26.7244 5015521
26.7268 5018401
26.7341 5021281
26.8648 5024161
26.879 5027041
26.8814 5029921
26.8838 5032801
26.891 5035681
27.0218 5038561
27.0362 5041441
27.0386 5044321
27.041 5047201
27.0479 5050081
27.1787 5052961
27.1811 5055841
27.1943 5058721
27.1967 5061601
27.1991 5064481
27.206 5067361
27.3368 5070241
27.3392 5073121
27.3524 5076001
27.3547 5078881
27.3571 5081761
27.3641 5084641
27.4949 5087521
27.4973 5090401
27.5104 5093281
27.5128 5096161
27.5152 5099041
27.521 5101921
27.652 5104801
27.6544 5107681
27.6676 5110561
27.67 5113441
27.6723 5116321
27.6779 5119201
27.8089 5122081
27.8113 5124961
27.8245 5127841
27.8268 5130721
27.8292 5133601
27.8316 5136481
27.8359 5139361
27.967 5142241
27.9694 5145121
27.9825 5148001
27.9849 5150881
27.9873 5153761
27.9897 5156641
27.994 5159521
28.1251 5162401
28.1275 5165281
28.1406 5168161
28.143 5171041
28.1454 5173921
28.1478 5176801
28.1509 5179681
28.2822 5182561
28.2845 5185441
28.4573 5209921
28.5983 5212801
28.6118 5215681
28.6142 5218561
28.7564 5221441
28.7699 5224321
28.7723 5227201
28.9145 5230081
28.9268 5232961
28.9292 5235841
29.0714 5238721
29.0837 5241601
29.0861 5244481
29.2283 5247361
29.2406 5250241
29.243 5253121
29.2454 5256001
29.3864 5258881
29.3987 5261761
29.4011 5264641
29.4034 5267521
29.5445 5270401
29.5568 5273281
29.5591 5276161
29.5615 5279041
29.7014 5281921
29.7136 5284801
29.716 5287681
29.7184 5290561
29.8582 5293441
29.8705 5296321
29.8732 5299201
29.8756 5302081
30.0151 5304961
30.0175 5307841
30.0286 5310721
30.0313 5313601
30.0337 5316481
