0.226217 0.126
0.355149 0.126375
0.485234 0.126828
0.615319 0.127225
0.744209 0.143697
0.746599 0.142109
0.874293 0.140596
0.876684 0.139521
0.879074 0.138706
1.00449 0.137618
1.00688 0.136916
1.00927 0.136426
1.01166 0.135873
1.13357 0.150639
1.13596 0.148184
1.13835 0.146161
1.14074 0.144641
1.14313 0.143311
1.14552 0.142147
1.26265 0.155754
1.26504 0.152784
1.26743 0.150186
1.26982 0.148163
1.27221 0.146393
1.2746 0.144844
1.27699 0.143738
1.27938 0.142771
1.28177 0.141924
1.39173 0.154934
1.39412 0.152067
1.39651 0.149434
1.3989 0.14738
1.40129 0.145707
1.40368 0.144244
1.40607 0.143338
1.40846 0.142421
1.41085 0.141618
1.41324 0.141291
1.41564 0.141005
1.41803 0.140754
1.42042 0.140785
1.42281 0.140812
1.52201 0.139585
1.5244 0.138762
1.52679 0.137917
1.52918 0.137302
1.53157 0.137014
1.53396 0.136763
1.53635 0.136542
1.53874 0.1366
1.54113 0.136775
1.54352 0.136803
1.54591 0.137077
1.5483 0.137443
1.55069 0.137762
1.55308 0.138417
1.55547 0.138865
1.55786 0.139257
1.56025 0.139975
1.56264 0.140478
1.56503 0.141043
1.56743 0.141788
1.56982 0.142439
1.6524 0.140884
1.65479 0.139774
1.65718 0.138927
1.65957 0.138186
1.66196 0.137788
1.66435 0.137439
1.66674 0.137135
1.66913 0.137243
1.67153 0.137337
1.67392 0.137295
1.67631 0.137633
1.6787 0.137929
1.68109 0.138188
1.68348 0.138664
1.68587 0.139081
1.68826 0.139571
1.69065 0.14025
1.69304 0.140844
1.69543 0.141363
1.69782 0.142068
1.70021 0.142684
1.70499 0.143474
1.70738 0.14429
1.70977 0.144878
1.71216 0.145769
1.71455 0.146547
1.71694 0.147104
1.71933 0.147966
1.72172 0.14872
1.72411 0.149505
1.78132 0.157317
1.78371 0.154027
1.7861 0.151274
1.7897 0.14924
1.98227 0.146835
1.98466 0.14473
1.98705 0.143014
1.98944 0.141387
1.99183 0.139964
1.99422 0.138718
1.99661 0.137629
1.999 0.1368
2.00139 0.13595
2.00378 0.135206
2.00617 0.134556
2.00856 0.133986
2.01095 0.133488
2.01334 0.133052
2.01573 0.13267
2.01812 0.132337
2.03911 0.134419
2.0415 0.133867
2.0439 0.133384
2.04629 0.132961
2.04868 0.132591
2.05107 0.132392
2.05346 0.132093
2.11172 0.138831
2.11411 0.137977
2.1165 0.13723
2.11889 0.136451
2.12128 0.135895
2.12367 0.135408
2.12606 0.134982
2.12845 0.134609
2.13084 0.134158
2.13323 0.133888
2.13562 0.133652
2.13801 0.133446
2.14041 0.133265
2.1428 0.133107
2.14519 0.132969
2.14758 0.132847
2.168 0.134992
2.17039 0.134493
2.17278 0.134056
2.17518 0.133799
2.17757 0.133449
2.17996 0.133143
2.18235 0.132875
2.24061 0.139641
2.243 0.138686
2.24539 0.137725
2.24778 0.136884
2.25017 0.136274
2.25256 0.135615
2.25495 0.135038
2.25734 0.134533
2.25973 0.134091
2.26212 0.13383
2.26451 0.133476
2.2669 0.133167
2.26929 0.132896
2.27169 0.132659
2.27408 0.132577
2.27647 0.132379
2.27886 0.132207
2.29875 0.131931
2.30114 0.131815
2.30353 0.131713
2.30592 0.131499
2.30831 0.131436
2.3107 0.131382
2.31309 0.131334
2.37078 0.131167
2.37317 0.131021
2.37556 0.130894
2.37795 0.130782
2.38034 0.130684
2.38273 0.130599
2.38512 0.130649
2.38751 0.130568
2.3899 0.130497
2.39229 0.130435
2.39468 0.13038
2.39707 0.130458
2.39946 0.130401
2.40185 0.130351
2.40424 0.130307
2.40664 0.130268
2.40903 0.13036
2.42911 0.13044
2.4315 0.130385
2.43389 0.130337
2.43628 0.13042
2.43867 0.130367
2.44106 0.130446
2.44345 0.130391
2.50086 0.130342
2.50325 0.130299
2.50565 0.130262
2.50804 0.130354
2.51043 0.130685
2.51282 0.130849
2.51521 0.131118
2.5176 0.131228
2.51999 0.131325
2.52238 0.131534
2.52477 0.131592
2.52716 0.131768
2.52955 0.131797
2.53194 0.131823
2.53433 0.13197
2.53672 0.131974
2.53911 0.132102
2.558 0.134089
2.56039 0.133703
2.56278 0.133365
2.56517 0.133194
2.56756 0.13292
2.56995 0.13268
2.57234 0.13247
2.63003 0.139286
2.63242 0.138376
2.63481 0.137454
2.6372 0.136772
2.63959 0.13605
2.64198 0.135419
2.64437 0.134992
2.64676 0.134493
2.64915 0.134181
2.65154 0.133909
2.65393 0.133545
2.65632 0.133352
2.65871 0.133058
2.6611 0.132926
2.66349 0.13281
2.66588 0.132584
2.66827 0.132511
2.68727 0.134447
2.68966 0.134141
2.69205 0.133873
2.69444 0.133639
2.69683 0.133309
2.69922 0.133146
2.70161 0.133002
2.75892 0.139627
2.76131 0.138549
2.7637 0.137605
2.76609 0.136905
2.76848 0.136166
2.77087 0.135521
2.77326 0.135081
2.77565 0.13457
2.77804 0.134249
2.78043 0.133843
2.78282 0.133488
2.78521 0.133302
2.7876 0.133014
2.78999 0.132762
2.79238 0.132542
2.79477 0.132349
2.79716 0.132306
2.79955 0.132142
2.81736 0.131875
2.81975 0.13164
2.82214 0.131435
2.82453 0.131256
2.82692 0.131099
2.82931 0.130961
2.8317 0.130841
2.889 0.130861
2.89139 0.130753
2.89378 0.130659
2.89617 0.130577
2.89856 0.130505
2.90095 0.130442
2.90334 0.130386
2.90573 0.130338
2.90812 0.130296
2.91052 0.130259
2.91291 0.130227
2.9153 0.130198
2.91786 0.130173
2.92025 0.130277
2.92264 0.130242
2.92503 0.130337
2.92743 0.130295
2.92982 0.130258
2.94744 0.130226
2.94983 0.130197
2.95222 0.130173
2.95461 0.130151
2.957 0.130257
2.95939 0.130225
2.96178 0.130197
3.01914 0.130172
3.02153 0.130151
3.02392 0.130132
3.02631 0.130115
3.0287 0.130101
3.03109 0.130213
3.03388 0.130187
3.03627 0.130288
3.03866 0.130252
3.04105 0.130596
3.04344 0.130896
3.04583 0.131159
3.04822 0.131389
3.05061 0.131591
3.053 0.131767
3.05539 0.131921
3.05778 0.131931
3.06017 0.132065
3.07651 0.133931
3.0789 0.133565
3.08129 0.133369
3.08368 0.133073
3.08607 0.132939
3.08846 0.132697
3.09117 0.13261
3.14822 0.139408
3.15061 0.138357
3.153 0.137563
3.15539 0.136867
3.15778 0.136134
3.16017 0.135617
3.16277 0.13504
3.16516 0.13466
3.16755 0.134203
3.16994 0.133802
3.17233 0.133452
3.17472 0.133145
3.17711 0.133002
3.1795 0.132752
3.18189 0.132533
3.18428 0.132341
3.18667 0.132174
3.18906 0.132152
3.20599 0.133758
3.20839 0.133538
3.21078 0.133346
3.21317 0.133178
3.21556 0.13303
3.21795 0.132777
3.22035 0.13268
3.2773 0.139345
3.27969 0.138302
3.28208 0.137514
3.28447 0.1367
3.28686 0.135987
3.28925 0.135489
3.29166 0.134928
3.29405 0.134562
3.29644 0.134117
3.29883 0.133727
3.30122 0.133511
3.30361 0.133197
3.306 0.133048
3.30839 0.132792
3.31078 0.132568
3.31317 0.132497
3.31556 0.13231
3.31795 0.132146
3.32034 0.132003
3.33618 0.131877
3.33857 0.131643
3.34096 0.131437
3.34335 0.131258
3.34574 0.1311
3.34814 0.131088
3.35053 0.130952
3.40758 0.130833
3.40997 0.130729
3.41236 0.130638
3.41475 0.130558
3.41714 0.130613
3.41953 0.130537
3.42192 0.13047
3.42431 0.130411
3.4267 0.130359
3.42909 0.13044
3.43148 0.130385
3.43387 0.130337
3.43658 0.130294
3.43905 0.130383
3.44144 0.13046
3.44383 0.130402
3.44622 0.130477
3.44861 0.130542
3.451 0.1306
3.46627 0.130525
3.46866 0.130459
3.47105 0.130527
3.47344 0.130461
3.47583 0.130403
3.47822 0.130353
3.48061 0.130309
3.53786 0.13027
3.54025 0.130361
3.54264 0.130316
3.54503 0.130402
3.54742 0.130351
3.55021 0.130433
3.55261 0.130503
3.555 0.130566
3.55739 0.13062
3.55978 0.130542
3.56217 0.1306
3.56456 0.13065
3.56694 0.130568
3.56933 0.130497
3.57172 0.130685
3.57411 0.130975
3.5765 0.131228
3.57889 0.131324
3.58128 0.131534
3.59522 0.133092
3.59762 0.132831
3.60001 0.132727
3.6024 0.132511
3.60479 0.132322
3.60749 0.132282
3.60997 0.132122
3.66694 0.138856
3.66964 0.137999
3.67203 0.137249
3.67442 0.136593
3.67682 0.135894
3.67921 0.135407
3.6816 0.134856
3.68403 0.134499
3.68642 0.134062
3.68881 0.133679
3.6912 0.133469
3.69359 0.133161
3.69598 0.132891
3.69837 0.132779
3.70076 0.132557
3.70315 0.132487
3.70554 0.132301
3.70793 0.132139
3.71032 0.132121
3.7247 0.133481
3.72709 0.133296
3.72949 0.133134
3.73188 0.132867
3.73427 0.132759
3.73666 0.132664
3.73905 0.132581
3.79583 0.139258
3.79853 0.138351
3.80092 0.137432
3.80331 0.136628
3.8057 0.135925
3.8081 0.135434
3.81049 0.13488
3.81292 0.134395
3.81531 0.13397
3.8177 0.133599
3.82009 0.133399
3.82248 0.133099
3.82487 0.132837
3.82726 0.132732
3.82965 0.132516
3.83204 0.132451
3.83443 0.13227
3.83682 0.132111
3.83921 0.132097
3.84167 0.13196
3.85482 0.131715
3.85742 0.131501
3.85981 0.131313
3.8622 0.131274
3.86459 0.131115
3.86698 0.130975
3.86937 0.130853
3.92591 0.130747
3.92862 0.130653
3.93101 0.130697
3.9334 0.13061
3.93579 0.130533
3.93818 0.130467
3.94057 0.130408
3.943 0.130482
3.94539 0.130422
3.94778 0.130369
3.95018 0.130323
3.95257 0.130283
3.95498 0.130247
3.95738 0.130216
3.95977 0.130189
3.96216 0.130166
3.96455 0.130145
3.96694 0.130127
3.96933 0.130111
3.97176 0.130097
3.98491 0.130085
3.9875 0.130074
3.98989 0.130065
4.21422 0.130182
4.21661 0.130159
4.219 0.130264
4.22139 0.130231
4.22379 0.130202
4.22618 0.130302
4.22857 0.130264
4.23096 0.130231
4.2427 0.131327
4.24529 0.131161
4.24768 0.131016
4.25009 0.131014
4.25248 0.130887
4.34436 0.130777
4.34675 0.130679
4.34915 0.130595
4.35154 0.13052
4.35393 0.130455
4.35632 0.130398
4.35871 0.130348
4.3611 0.13043
4.37303 0.130501
4.37542 0.130439
4.37781 0.130384
4.3802 0.130336
4.38259 0.130294
4.47477 0.130257
4.47723 0.1306
4.47963 0.1309
4.48202 0.131162
4.48441 0.131392
4.4868 0.131593
4.48919 0.131769
4.49158 0.131923
4.50192 0.132932
4.50431 0.132691
4.5067 0.13248
4.50909 0.13242
4.51148 0.132242
4.60366 0.143337
4.60612 0.14192
4.60851 0.140555
4.61091 0.13936
4.6133 0.138315
4.61569 0.137401
4.61808 0.136726
4.62047 0.13601
4.63081 0.136384
4.6332 0.135836
4.63559 0.135231
4.63798 0.134702
4.64037 0.13424
4.7328 0.145085
4.73519 0.143449
4.73759 0.141893
4.73998 0.140531
4.74237 0.139465
4.74476 0.138407
4.74715 0.137606
4.74954 0.13678
4.75193 0.136058
4.7609 0.1353
4.76329 0.134638
4.76568 0.134058
4.76807 0.133676
4.77046 0.133216
4.86289 0.132814
4.86528 0.132463
4.86767 0.132155
4.87006 0.13201
4.87245 0.131759
4.87487 0.131539
4.87729 0.131347
4.87968 0.131178
4.88207 0.131156
4.89141 0.131137
4.8938 0.130995
4.89619 0.130995
4.89872 0.130871
4.90111 0.130887
4.99297 0.130776
4.99536 0.130679
4.99775 0.130594
5.00015 0.13052
5.00254 0.130705
5.00493 0.130867
5.00732 0.131133
5.00971 0.131242
5.0121 0.131462
5.02047 0.132279
5.02286 0.132119
5.02525 0.132104
5.02764 0.131966
5.03003 0.13197
5.12186 0.142974
5.12425 0.141602
5.12681 0.140277
5.1292 0.139242
5.13159 0.138212
5.13398 0.137311
5.13637 0.136647
5.13876 0.135941
5.14115 0.135448
5.14936 0.135642
5.15175 0.135062
5.15414 0.134679
5.15653 0.134219
5.15892 0.133817
5.25075 0.14459
5.25314 0.143016
5.2557 0.141514
5.25809 0.140325
5.26048 0.139159
5.26287 0.138139
5.26526 0.137372
5.26765 0.136575
5.27004 0.136003
5.27243 0.135378
5.2796 0.134706
5.28199 0.134118
5.28439 0.133603
5.28678 0.133153
5.28917 0.132883
5.38084 0.132523
5.38323 0.132208
5.38579 0.131932
5.38818 0.13169
5.39057 0.131479
5.39299 0.131294
5.39538 0.131132
5.39777 0.130991
5.40016 0.130867
5.40255 0.130759
5.40969 0.130664
5.41208 0.130706
5.41447 0.130618
5.41686 0.13054
5.41925 0.130473
5.51092 0.130414
5.51351 0.130362
5.5159 0.130317
5.51829 0.130277
5.52068 0.130243
5.52307 0.130337
5.52546 0.130295
5.52793 0.130258
5.53032 0.130601
5.53271 0.130776
5.53869 0.131429
5.54108 0.1315
5.54347 0.131438
5.54586 0.131383
5.54825 0.13146
5.63981 0.142528
5.6424 0.141212
5.64479 0.139935
5.64718 0.138943
5.64957 0.13795
5.65196 0.137082
5.65435 0.136321
5.65682 0.135656
5.65921 0.135199
5.6616 0.134674
5.66758 0.134715
5.66997 0.134251
5.67236 0.133844
5.67475 0.133489
5.67714 0.133303
5.76933 0.144265
5.77173 0.142732
5.77412 0.14139
5.77651 0.140216
5.7789 0.139064
5.78129 0.138181
5.78368 0.137409
5.78606 0.136733
5.78845 0.136141
5.79084 0.135498
5.79323 0.135061
5.79767 0.134428
5.80035 0.134
5.80274 0.1335
5.80513 0.133187
5.80752 0.132789
5.8996 0.13244
5.90199 0.132135
5.90439 0.131868
5.90678 0.131635
5.90917 0.131555
5.91156 0.131361
5.91395 0.131191
5.91634 0.131042
5.91873 0.130912
5.92112 0.130923
5.92351 0.130807
5.92789 0.130707
5.93043 0.130618
5.93282 0.130541
5.93521 0.130473
5.9376 0.130414
6.02969 0.130362
6.03208 0.130442
6.03447 0.130387
6.03686 0.130338
6.03925 0.130296
6.04164 0.130259
6.04403 0.130352
6.04642 0.130308
6.04881 0.130269
6.0512 0.130236
6.05359 0.130206
6.05798 0.13018
6.06037 0.130533
6.06276 0.130716
6.06515 0.131002
6.06754 0.131127
6.15858 0.142361
6.16097 0.140941
6.16336 0.139698
6.16575 0.138611
6.16814 0.137784
6.17053 0.136936
6.17292 0.136194
6.17531 0.135545
6.1777 0.134977
6.18009 0.134605
6.18248 0.134154
6.18689 0.13401
6.18928 0.133759
6.19167 0.133414
6.19407 0.133237
6.19646 0.132957
6.28762 0.143838
6.29003 0.142358
6.29242 0.141063
6.29481 0.139805
6.2972 0.13883
6.29959 0.137851
6.30198 0.136995
6.30437 0.13637
6.30676 0.135699
6.30915 0.135237
6.31154 0.134707
6.31578 0.134494
6.31817 0.134182
6.32056 0.133784
6.32295 0.133436
6.32535 0.133132
6.32774 0.132865
6.41772 0.132507
6.42011 0.132194
6.4225 0.131919
6.42489 0.13168
6.42728 0.13147
6.42967 0.131286
6.43206 0.13125
6.43445 0.131094
6.43684 0.130957
6.43923 0.130838
6.44162 0.130733
6.44587 0.130641
6.44826 0.130561
6.45065 0.130491
6.45304 0.130555
6.45543 0.130485
6.45782 0.130425
6.5478 0.130372
6.5502 0.130325
6.55259 0.130284
6.55498 0.130249
6.55737 0.130218
6.55976 0.130191
6.56215 0.130167
6.56454 0.130146
6.56693 0.130128
6.56932 0.130112
6.57171 0.130098
6.57615 0.130211
6.57854 0.130184
6.58093 0.130161
6.58332 0.130141
6.58571 0.130123
6.5881 0.130483
6.67669 0.141548
6.67911 0.140354
6.6815 0.139185
6.68389 0.138162
6.68629 0.137392
6.68868 0.136593
6.69107 0.136019
6.69346 0.135391
6.69585 0.134842
6.69824 0.134487
6.70063 0.134051
6.70504 0.134045
6.70743 0.133664
6.70982 0.133331
6.71221 0.133165
6.7146 0.132894
6.71699 0.132657
6.80558 0.1432
6.808 0.1418
6.81039 0.14045
6.81278 0.139269
6.81517 0.13836
6.81757 0.13744
6.81996 0.136635
6.82235 0.135931
6.82474 0.135314
6.82713 0.1349
6.82952 0.134413
6.83393 0.134236
6.83632 0.133832
6.83871 0.133478
6.8411 0.133293
6.84349 0.133006
6.84588 0.132756
6.84827 0.132661
6.93629 0.132453
6.93868 0.132147
6.94107 0.132003
6.94346 0.131878
6.94585 0.131643
6.94824 0.131563
6.95063 0.131492
6.95302 0.131431
6.95541 0.131377
6.9578 0.131205
6.96019 0.131179
6.96401 0.131157
6.9664 0.131012
6.96879 0.130886
6.97118 0.130775
6.97357 0.130678
6.97596 0.130593
6.97844 0.130519
7.06637 0.130454
7.06877 0.130398
7.07116 0.130348
7.07355 0.130304
7.07594 0.130266
7.07833 0.130233
7.08098 0.130204
7.08337 0.130178
7.08576 0.130156
7.08815 0.130262
7.09054 0.130229
7.0941 0.1302
7.09649 0.130175
7.09888 0.130153
7.10127 0.130134
7.10366 0.130117
7.10605 0.130228
7.10852 0.130199
7.19646 0.130174
7.19885 0.130403
7.20124 0.130727
7.20383 0.130886
7.20622 0.131151
7.20879 0.131382
7.21118 0.131584
7.21357 0.131761
7.21596 0.131791
7.21835 0.131942
7.22074 0.131949
7.22353 0.132081
7.22592 0.131946
7.22831 0.131952
7.2307 0.131958
7.23309 0.131964
7.23548 0.131968
7.23787 0.131847
7.32535 0.142491
7.32774 0.141055
7.33013 0.139923
7.33271 0.138808
7.33511 0.137957
7.33768 0.137087
7.34007 0.136451
7.34246 0.13577
7.34485 0.135174
7.34724 0.134777
7.34963 0.134305
7.35242 0.134017
7.35486 0.13364
7.35725 0.133435
7.35964 0.13313
7.36203 0.132989
7.36442 0.13274
7.36681 0.132523
7.45424 0.143082
7.45663 0.141572
7.45902 0.140376
7.46141 0.139204
7.4638 0.138178
7.46619 0.137281
7.46858 0.136496
7.47097 0.135684
7.47336 0.135098
7.47575 0.134586
7.47814 0.134138
7.48053 0.133746
7.48292 0.133277
7.48537 0.132993
7.48777 0.132619
7.49016 0.132416
7.49255 0.132114
7.49494 0.13185
7.49733 0.131744
7.58432 0.131526
7.58671 0.131335
7.5891 0.131168
7.59149 0.131022
7.59389 0.130894
7.59628 0.130783
7.59867 0.130685
7.60106 0.130724
7.60345 0.130634
7.60584 0.130554
7.60823 0.130485
7.61062 0.130424
7.61301 0.130496
7.61546 0.130434
7.61785 0.13038
7.62024 0.130333
7.62263 0.130291
7.62502 0.13038
7.62741 0.130332
7.71464 0.130291
7.71703 0.130379
7.71942 0.130332
7.72181 0.13029
7.7242 0.130379
7.72659 0.130707
7.72898 0.130868
7.73137 0.131135
7.73376 0.131243
7.73615 0.131463
7.73854 0.131655
7.74093 0.131698
7.74332 0.131861
7.74571 0.131878
7.7481 0.132018
7.75049 0.132141
7.75288 0.132123
7.75527 0.132233
7.75766 0.132204
7.84353 0.142678
7.84592 0.141219
7.84831 0.139941
7.8507 0.138824
7.85309 0.137971
7.85548 0.137099
7.85787 0.136337
7.86026 0.135795
7.8629 0.135195
7.86529 0.134796
7.86769 0.134322
7.87008 0.134031
7.87247 0.133777
7.87486 0.13343
7.87725 0.133251
7.87964 0.13297
7.88203 0.132849
7.88442 0.132743
7.88681 0.132525
7.97244 0.142834
7.97483 0.141355
7.97722 0.140186
7.97961 0.139037
7.98201 0.138158
7.9844 0.137263
7.98679 0.13648
7.98918 0.13592
7.99157 0.135305
7.99396 0.134767
7.99635 0.134296
7.99874 0.133884
8.00113 0.133524
8.00386 0.133208
8.00625 0.133057
8.00865 0.1328
8.01104 0.1327
8.01343 0.132487
8.01582 0.132302
8.01821 0.132264
8.10253 0.131981
8.10492 0.131733
8.10731 0.131517
8.1097 0.131327
8.11209 0.131161
8.11448 0.131016
8.11687 0.130889
8.11926 0.130778
8.12165 0.130681
8.12404 0.130721
8.12643 0.13063
8.12882 0.130552
8.13121 0.130483
8.13395 0.130422
8.13634 0.13037
8.13873 0.130323
8.14126 0.130283
8.14365 0.130248
8.14604 0.130342
8.14843 0.130299
8.23264 0.130262
8.23503 0.130354
8.23742 0.13031
8.23981 0.130271
8.2422 0.130237
8.24459 0.130207
8.24698 0.130182
8.24937 0.130159
8.25177 0.130139
8.25416 0.130122
8.25655 0.130356
8.25894 0.130562
8.26133 0.130867
8.26372 0.131008
8.26611 0.131257
8.2685 0.13135
8.27089 0.131431
8.27328 0.131502
8.27567 0.131565
8.27806 0.131619
8.36184 0.141792
8.36432 0.140568
8.36671 0.139372
8.3691 0.13845
8.37149 0.137644
8.37388 0.136813
8.37629 0.136212
8.37868 0.135685
8.38107 0.135225
8.38346 0.134822
8.38585 0.134344
8.38824 0.134051
8.39061 0.133795
8.39301 0.13357
8.3954 0.133374
8.39779 0.133077
8.40018 0.132943
8.40257 0.132825
8.40496 0.132597
8.40735 0.132522
8.49073 0.142457
8.49321 0.14115
8.4956 0.139881
8.49799 0.138771
8.50038 0.1378
8.50313 0.137075
8.50552 0.13644
8.50791 0.13576
8.5103 0.13529
8.51269 0.134754
8.51508 0.13441
8.51747 0.134108
8.51988 0.13372
8.52227 0.133505
8.52471 0.133192
8.52713 0.133043
8.52952 0.132912
8.53191 0.132673
8.5343 0.132589
8.53669 0.132516
8.53908 0.132451
8.62081 0.132145
8.62329 0.131877
8.62569 0.131642
8.62808 0.131562
8.63047 0.131367
8.63322 0.131196
8.63565 0.131046
8.63804 0.131041
8.64048 0.13091
8.64287 0.130797
8.64526 0.130697
8.64765 0.13061
8.65027 0.130659
8.65266 0.130576
8.65505 0.130629
8.65744 0.130551
8.66006 0.130607
8.66245 0.130656
8.66484 0.130574
8.66723 0.130627
8.66962 0.130549
8.75089 0.13048
8.75338 0.13042
8.75577 0.130368
8.75816 0.130322
8.76055 0.130281
8.7633 0.130246
8.76573 0.130216
8.76813 0.130189
8.77094 0.130165
8.77333 0.130269
8.77572 0.130236
8.77811 0.130331
8.7805 0.13029
8.78289 0.130254
8.78529 0.130597
8.78768 0.130772
8.79007 0.131051
8.79246 0.131169
8.79485 0.131273
8.79724 0.131489
8.79963 0.131553
8.8801 0.141484
8.88249 0.140298
8.88488 0.139136
8.88727 0.138244
8.88966 0.137339
8.89219 0.136671
8.89462 0.135962
8.89701 0.135467
8.89983 0.134909
8.90222 0.134545
8.90461 0.134102
8.907 0.133839
8.90939 0.133484
8.91178 0.133174
8.91417 0.133027
8.91657 0.132774
8.91896 0.132552
8.92135 0.132358
8.92375 0.132188
8.92654 0.132165
8.92893 0.132019
9.00923 0.141767
9.01195 0.140421
9.01434 0.139368
9.01673 0.138447
9.01912 0.137641
9.02151 0.136936
9.0239 0.136194
9.02629 0.13567
9.02872 0.135086
9.03111 0.1347
9.0335 0.134238
9.03589 0.133833
9.03828 0.133479
9.04067 0.133169
9.04306 0.133023
9.04579 0.13277
9.04818 0.132674
9.05057 0.13259
9.05296 0.132391
9.05535 0.132342
9.05774 0.132174
9.06013 0.132152
9.13931 0.131883
9.14225 0.131773
9.14464 0.131551
9.14703 0.131482
9.14942 0.131297
9.15181 0.131135
9.15421 0.131118
9.1566 0.130978
9.15899 0.130856
9.16138 0.130749
9.16377 0.130655
9.16616 0.130698
9.16855 0.130611
9.17094 0.130535
9.17333 0.130468
9.17587 0.130409
9.17826 0.130358
9.18065 0.130313
9.18304 0.130399
9.18543 0.130349
9.18782 0.130306
9.19021 0.130267
9.2694 0.130234
9.27267 0.130205
9.27506 0.130304
9.27745 0.130266
9.27984 0.130233
9.28223 0.130329
9.28462 0.130288
9.28701 0.130377
9.28972 0.130455
9.29211 0.130523
9.2945 0.130582
9.29689 0.13051
9.29928 0.130571
9.30167 0.130625
9.30406 0.130672
9.30645 0.130713
9.30884 0.130623
9.31123 0.130671
9.31362 0.130962
9.31601 0.131217
9.3184 0.131439
9.32079 0.131635
9.39832 0.14118
9.4019 0.140033
9.40429 0.139029
9.40668 0.138025
9.40907 0.137272
9.41146 0.136613
9.41385 0.135911
9.41625 0.135422
9.41864 0.13487
9.42103 0.134511
9.42342 0.134072
9.42581 0.133688
9.4282 0.133477
9.43059 0.133167
9.43301 0.133021
9.4354 0.132769
9.43779 0.132548
9.44018 0.132479
9.44257 0.132294
9.44496 0.132133
9.44735 0.131991
9.44974 0.131867
9.52721 0.141259
9.53079 0.140101
9.53318 0.139089
9.53557 0.138078
9.53796 0.137193
9.54035 0.136419
9.54274 0.135741
9.54513 0.135274
9.54753 0.13474
9.54992 0.134272
9.55231 0.133863
9.5547 0.133505
9.55713 0.133317
9.55952 0.133027
9.56191 0.132774
9.5643 0.132552
9.5667 0.132358
9.56909 0.132313
9.57148 0.132149
9.57387 0.132006
9.57626 0.132005
9.57865 0.131879
9.58104 0.131894
9.65732 0.131658
9.66091 0.13145
9.6633 0.131269
9.66569 0.13111
9.66808 0.131097
9.67047 0.13096
9.67286 0.13084
9.67525 0.130735
9.67764 0.130643
9.68003 0.130687
9.68242 0.130602
9.68481 0.130526
9.68722 0.130461
9.68961 0.130403
9.692 0.130353
9.69439 0.130309
9.69678 0.13027
9.69917 0.130236
9.70156 0.130207
9.70395 0.130181
9.70634 0.130158
9.70873 0.130138
9.71112 0.130121
9.7878 0.130106
9.79139 0.130218
9.79378 0.130191
9.79617 0.130292
9.79856 0.130255
9.80097 0.130223
9.80336 0.13032
9.80575 0.13028
9.80814 0.13037
9.81053 0.130324
9.81292 0.130284
9.81529 0.130373
9.81768 0.130326
9.82007 0.130411
9.82246 0.130484
9.82485 0.130424
9.82724 0.130496
9.82964 0.130434
9.83203 0.130505
9.83442 0.130567
9.83681 0.130496
9.8392 0.130559
9.84159 0.130489
9.91669 0.139803
9.92028 0.138952
9.92267 0.137958
9.92506 0.137214
9.92745 0.136437
9.92985 0.135757
9.93224 0.135288
9.93464 0.134752
9.93703 0.134408
9.93942 0.133982
9.94181 0.133609
9.94424 0.133408
9.94663 0.133107
9.94902 0.132969
9.95147 0.132722
9.95386 0.132507
9.95625 0.132444
9.95864 0.132263
9.96103 0.13223
9.96342 0.132077
9.96581 0.131942
9.9682 0.131949
9.97059 0.131831
10.0456 0.140852
10.0492 0.13987
10.0516 0.138762
10.0539 0.137791
10.0563 0.136942
10.0587 0.1362
10.0611 0.135675
10.0635 0.13509
10.0659 0.134579
10.0683 0.134132
10.0707 0.13374
10.0731 0.133523
10.0755 0.133207
10.0779 0.132931
10.0804 0.13269
10.0827 0.132479
10.0851 0.132419
10.0875 0.132242
10.0899 0.132086
10.0923 0.131951
10.0947 0.131832
10.0971 0.131853
10.0995 0.131746
10.1745 0.140778
10.1781 0.139806
10.1805 0.138705
10.1829 0.137742
10.1853 0.137024
10.1878 0.136271
10.1902 0.135737
10.1925 0.135145
10.1949 0.134627
10.1973 0.134299
10.1997 0.133886
10.2021 0.13365
10.2045 0.133319
10.2069 0.133029
10.2093 0.132901
10.2117 0.132663
10.2141 0.13258
10.2164 0.132383
10.2188 0.13221
10.2212 0.132184
10.2236 0.132036
10.226 0.132031
10.2284 0.131902
10.2308 0.131789
10.3049 0.131566
10.3086 0.13137
10.311 0.131199
10.3134 0.131174
10.4793 0.131027
10.4817 0.130899
10.4841 0.130786
10.4865 0.130688
10.4889 0.130602
10.5627 0.139402
10.5664 0.138477
10.5688 0.137417
10.5711 0.13649
10.5735 0.135679
10.5759 0.134969
10.6082 0.138098
10.6106 0.137211
10.613 0.136559
10.6154 0.135864
10.6178 0.135256
10.6919 0.143724
10.6955 0.142384
10.6979 0.140961
10.7002 0.139841
10.7026 0.138736
10.705 0.137894
10.7372 0.140907
10.7396 0.139669
10.742 0.13871
10.7444 0.137746
10.7468 0.136903
10.7492 0.13629
10.8221 0.135629
10.8257 0.134925
10.8281 0.134435
10.8305 0.13388
10.8329 0.133395
10.8353 0.132971
10.8675 0.132599
10.8699 0.132275
10.8722 0.13199
10.8746 0.131741
10.877 0.131649
10.8794 0.131443
10.9525 0.131262
10.9561 0.13123
10.9585 0.131076
10.9609 0.130941
10.9633 0.130949
10.9656 0.13083
10.9976 0.130726
11 0.130636
11.0024 0.130556
11.0047 0.130737
11.0071 0.13102
11.0095 0.131142
11.0814 0.139999
11.085 0.138999
11.0876 0.137999
11.09 0.137125
11.0924 0.136484
11.0948 0.135798
11.1265 0.138949
11.1289 0.137955
11.1312 0.137211
11.1336 0.136434
11.136 0.13588
11.1384 0.13527
11.2105 0.143486
11.2139 0.142051
11.2167 0.140794
11.2191 0.139695
11.2215 0.138733
11.2241 0.137891
11.2554 0.14078
11.2577 0.139557
11.2601 0.138613
11.2625 0.137661
11.2649 0.136829
11.2674 0.1361
11.2698 0.135462
11.3406 0.13478
11.3441 0.134307
11.3468 0.133769
11.3492 0.133298
11.3515 0.132885
11.3542 0.132525
11.3855 0.132209
11.3879 0.131933
11.3902 0.131691
11.3926 0.13148
11.395 0.13142
11.3978 0.131242
11.4002 0.131212
11.4707 0.131061
11.4742 0.130928
11.4771 0.130937
11.4795 0.13082
11.4819 0.130717
11.4843 0.130628
11.5156 0.130549
11.5179 0.130481
11.5203 0.130421
11.5227 0.130368
11.5251 0.130322
11.528 0.130407
11.5304 0.130356
11.5996 0.138936
11.6031 0.138194
11.606 0.137295
11.6084 0.136508
11.6108 0.13582
11.6132 0.135342
11.6444 0.138424
11.6468 0.137496
11.6492 0.136809
11.6516 0.136083
11.654 0.135573
11.6569 0.135001
11.6593 0.134501
11.7285 0.142438
11.732 0.141134
11.7349 0.139867
11.7373 0.138884
11.7397 0.137898
11.7421 0.137161
11.7733 0.140016
11.7757 0.138889
11.7781 0.138028
11.7805 0.137149
11.7829 0.136381
11.7858 0.135708
11.7882 0.135244
11.8574 0.143089
11.8598 0.141578
11.8621 0.140256
11.8653 0.139099
11.8677 0.137961
11.8701 0.137091
11.8725 0.136205
11.9034 0.135429
11.9058 0.134751
11.9082 0.134157
11.9106 0.133637
11.913 0.133182
11.9162 0.13291
11.9186 0.132546
11.9875 0.132228
11.9899 0.131949
11.9923 0.131706
11.9954 0.131492
11.9978 0.131306
12.0002 0.131143
12.0025 0.131
12.0336 0.130875
12.036 0.13089
12.0384 0.130779
12.0408 0.130682
12.0432 0.130722
12.0463 0.130631
12.0487 0.130552
12.1176 0.130483
12.12 0.130548
12.1225 0.130479
12.1249 0.13067
12.1273 0.130836
12.1297 0.130981
12.1321 0.131109
12.1627 0.13472
12.1651 0.13438
12.1675 0.133958
12.1699 0.133588
12.1723 0.133389
12.1752 0.133216
12.1776 0.132939
12.2465 0.141071
12.2489 0.139812
12.2514 0.138711
12.2538 0.137747
12.2563 0.137029
12.2587 0.136275
12.2612 0.135741
12.2916 0.138648
12.294 0.137817
12.2964 0.136965
12.2988 0.136219
12.3012 0.135692
12.3041 0.13523
12.3068 0.134702
12.3754 0.142614
12.3778 0.141162
12.3803 0.140017
12.3827 0.13889
12.3852 0.138029
12.3876 0.13715
12.3902 0.136506
12.3926 0.135818
12.4217 0.135091
12.4241 0.134454
12.4265 0.133898
12.4289 0.13341
12.4313 0.132984
12.4343 0.132611
12.4369 0.132285
12.5055 0.131999
12.5079 0.131749
12.5104 0.131531
12.5128 0.131339
12.5153 0.131172
12.5177 0.131025
12.5203 0.130897
12.5227 0.130785
12.5518 0.130687
12.5542 0.130601
12.5566 0.130526
12.559 0.13046
12.5614 0.130403
12.5644 0.130352
12.567 0.130308
12.6356 0.13027
12.638 0.130236
12.6404 0.130207
12.6429 0.130181
12.6454 0.130158
12.6478 0.130138
12.6504 0.130121
12.6528 0.130356
12.6808 0.133811
12.6831 0.133585
12.6856 0.133262
12.6882 0.133104
12.6906 0.132966
12.6933 0.132845
12.6959 0.132615
12.7645 0.140788
12.7668 0.139564
12.7693 0.138619
12.7718 0.137666
12.7743 0.136958
12.777 0.136213
12.7794 0.135687
12.7818 0.135101
12.8096 0.137838
12.812 0.137108
12.8145 0.136345
12.8171 0.135802
12.8194 0.135202
12.8225 0.134801
12.8248 0.134326
12.8933 0.142285
12.8957 0.140875
12.8982 0.139765
12.9011 0.138795
12.9035 0.137945
12.9059 0.137077
12.9083 0.136443
12.9106 0.135762
12.913 0.135292
12.9397 0.13463
12.9421 0.134052
12.9447 0.133545
12.9473 0.133102
12.9497 0.132714
12.9526 0.132375
12.955 0.132203
13.0236 0.131928
13.026 0.131812
13.0284 0.131585
13.0312 0.131387
13.0336 0.131214
13.036 0.131062
13.0383 0.130929
13.0407 0.130813
13.0431 0.130711
13.0698 0.130623
13.075 0.13067
13.0774 0.130586
13.0798 0.130513
13.0827 0.130449
13.0851 0.130393
13.1537 0.130344
13.1561 0.130301
13.1585 0.130263
13.1612 0.13023
13.1636 0.130201
13.166 0.130301
13.1684 0.130264
13.1708 0.130231
13.1732 0.130202
13.1999 0.130177
13.2039 0.130654
13.2063 0.130698
13.2087 0.130985
13.2111 0.131362
13.2135 0.131692
13.2159 0.131855
13.2826 0.139999
13.285 0.138999
13.2874 0.137999
13.2901 0.137249
13.2925 0.136468
13.2949 0.135784
13.2973 0.135186
13.2997 0.134663
13.3021 0.13433
13.3288 0.136914
13.3328 0.136425
13.3352 0.135872
13.3376 0.135263
13.34 0.13473
13.3424 0.134264
13.3447 0.133856
13.4119 0.141624
13.4143 0.140421
13.4167 0.139243
13.4191 0.138338
13.4219 0.137421
13.4242 0.136743
13.4266 0.13615
13.429 0.135631
13.4314 0.135177
13.4577 0.137655
13.4617 0.137073
13.4641 0.136439
13.4665 0.135759
13.4689 0.135164
13.4712 0.134769
13.4736 0.134298
13.476 0.13401
13.542 0.133509
13.5444 0.133071
13.5468 0.132687
13.5492 0.132351
13.5519 0.132057
13.5543 0.1318
13.5567 0.131575
13.5591 0.131378
13.5615 0.131206
13.5878 0.131055
13.5918 0.130923
13.5942 0.130808
13.5967 0.130707
13.5991 0.130743
13.6015 0.130651
13.6039 0.130569
13.6063 0.130498
13.6721 0.130561
13.6745 0.130491
13.6768 0.130429
13.6792 0.130376
13.6822 0.130454
13.6846 0.130397
13.687 0.130347
13.6894 0.130304
13.6918 0.130266
13.7179 0.130233
13.722 0.130329
13.7244 0.130288
13.7268 0.130252
13.7292 0.13022
13.7316 0.130193
13.734 0.130419
13.7364 0.130741
13.801 0.138649
13.8033 0.137693
13.8057 0.136856
13.8081 0.136249
13.8114 0.135718
13.8138 0.135128
13.8162 0.134737
13.8186 0.134395
13.821 0.133971
13.8468 0.136599
13.8509 0.136149
13.8533 0.135506
13.8557 0.134942
13.8581 0.134575
13.8605 0.134128
13.8629 0.133737
13.8653 0.13352
13.9299 0.140955
13.9323 0.139835
13.9347 0.138731
13.9371 0.13789
13.9403 0.137153
13.9427 0.136384
13.9451 0.135836
13.9475 0.135232
13.9498 0.134703
13.9757 0.13724
13.9798 0.13671
13.9822 0.136121
13.9846 0.135481
13.987 0.134921
13.9894 0.134431
13.9918 0.134002
13.9942 0.133752
13.9965 0.133408
14.06 0.133107
14.0624 0.132718
14.0648 0.132379
14.0672 0.132081
14.0704 0.131821
14.0728 0.131593
14.0751 0.131394
14.0775 0.13122
14.0799 0.131068
14.1058 0.130934
14.11 0.130942
14.1124 0.130825
14.1148 0.130721
14.1172 0.130756
14.1196 0.130662
14.122 0.130579
14.1244 0.130507
14.1268 0.130443
14.1901 0.130388
14.1925 0.130339
14.1949 0.130297
14.1973 0.13026
14.2004 0.130227
14.2028 0.130199
14.2052 0.130174
14.2076 0.130152
14.21 0.130258
14.2359 0.130226
14.2405 0.130198
14.2429 0.130173
14.2453 0.130276
14.2477 0.130242
14.2501 0.130337
14.2525 0.13042
14.2549 0.130367
14.2573 0.130446
14.3202 0.13039
14.3226 0.130592
14.325 0.130768
14.3277 0.131047
14.3301 0.131291
14.3325 0.13138
14.3349 0.131457
14.3373 0.131525
14.3397 0.131584
14.3648 0.134386
14.3694 0.134338
14.3718 0.133921
14.3742 0.133681
14.3766 0.133346
14.379 0.133052
14.3814 0.132796
14.3838 0.132571
14.3862 0.1325
14.4491 0.139937
14.4515 0.13882
14.4539 0.137843
14.457 0.137112
14.4594 0.136473
14.4618 0.135789
14.4643 0.135316
14.4667 0.134901
14.4691 0.134538
14.4937 0.136971
14.4983 0.1366
14.5007 0.1359
14.5031 0.135412
14.5055 0.134861
14.508 0.134378
14.5104 0.134081
14.5128 0.133696
14.5151 0.133484
14.5781 0.140798
14.5805 0.139574
14.5828 0.138502
14.5852 0.137689
14.5876 0.136853
14.59 0.136121
14.5924 0.135481
14.5948 0.134796
14.5972 0.134322
14.5996 0.133781
14.6241 0.133434
14.6285 0.133004
14.6309 0.132629
14.6333 0.1323
14.6357 0.132013
14.6381 0.131886
14.6405 0.13165
14.6429 0.131444
14.6453 0.131264
14.7082 0.131106
14.7105 0.130967
14.7129 0.130846
14.7153 0.130741
14.7177 0.130648
14.7201 0.130567
14.7225 0.130496
14.7249 0.130434
14.7273 0.13038
14.7297 0.130332
14.7544 0.130291
14.7587 0.130255
14.7611 0.130348
14.7634 0.130304
14.7658 0.130266
14.7682 0.130233
14.7706 0.130204
14.773 0.130303
14.7754 0.130265
14.8382 0.130232
14.8406 0.130203
14.843 0.130303
14.8457 0.130265
14.8481 0.130357
14.8504 0.130687
14.8528 0.130851
14.8552 0.13112
14.8576 0.131355
14.86 0.131561
14.8833 0.134365
14.8876 0.134195
14.8901 0.13392
14.8924 0.133555
14.8949 0.133236
14.8973 0.133081
14.8997 0.132821
14.9021 0.132719
14.9045 0.132504
14.9675 0.139941
14.9699 0.138823
14.9723 0.13797
14.9748 0.137099
14.9772 0.136462
14.9796 0.135779
14.982 0.135182
14.9844 0.134784
14.9868 0.134311
14.9891 0.134022
15.0122 0.136269
15.0164 0.135861
15.0189 0.135253
15.0213 0.134721
15.0238 0.134256
15.0262 0.133974
15.0286 0.133602
15.0312 0.133402
15.0337 0.133102
15.0966 0.140464
15.099 0.139281
15.1013 0.138371
15.1041 0.137575
15.1065 0.136878
15.1088 0.136143
15.1112 0.135625
15.1136 0.135172
15.116 0.134776
15.1184 0.134429
15.1208 0.134
15.1423 0.1335
15.1465 0.133063
15.1493 0.132805
15.1517 0.132454
15.1541 0.132272
15.1565 0.131988
15.1589 0.13174
15.1613 0.131522
15.1638 0.131332
15.2267 0.131166
15.229 0.131145
15.2314 0.131002
15.2341 0.130876
15.2365 0.130767
15.2389 0.130671
15.2413 0.130587
15.2438 0.130514
15.2462 0.13045
15.2486 0.130393
15.251 0.130469
15.2727 0.130411
15.2767 0.130359
15.2795 0.130314
15.2818 0.130275
15.2842 0.130241
15.2866 0.130211
15.289 0.130309
15.2914 0.130271
15.2939 0.130237
15.3567 0.130207
15.3591 0.130181
15.3615 0.130159
15.3642 0.130139
15.3678 0.130246
15.5468 0.130216
15.5492 0.130189
15.5521 0.13029
15.6145 0.137754
15.6169 0.136785
15.6193 0.135937
15.622 0.135319
15.6256 0.13478
15.628 0.134307
15.6762 0.139519
15.6786 0.138579
15.6812 0.137757
15.7434 0.144412
15.7458 0.142735
15.7482 0.141394
15.7509 0.140094
15.7545 0.139083
15.7569 0.138072
15.8051 0.142938
15.8075 0.141446
15.8099 0.14014
15.8123 0.138998
15.8737 0.137873
15.8761 0.137014
15.8785 0.136137
15.881 0.135495
15.8846 0.134808
15.887 0.134207
15.9352 0.133681
15.9376 0.133221
15.94 0.132818
15.9423 0.132466
16.0038 0.132158
16.0062 0.131888
16.0086 0.131652
16.0113 0.131446
16.0147 0.131265
16.0171 0.131232
16.0653 0.131078
16.0676 0.130943
16.07 0.13095
16.0724 0.131206
16.1329 0.138556
16.1353 0.137736
16.1377 0.136894
16.1405 0.136282
16.1436 0.135747
16.146 0.135154
16.1942 0.140384
16.1968 0.139211
16.1992 0.13831
16.2016 0.137396
16.2624 0.143972
16.2648 0.142475
16.2672 0.141166
16.2696 0.14002
16.2725 0.139018
16.2749 0.138015
16.3231 0.143013
16.3257 0.141512
16.3281 0.140323
16.3304 0.139157
16.3913 0.145513
16.3937 0.143699
16.3961 0.142236
16.3985 0.140832
16.4009 0.139603
16.4033 0.138527
16.4057 0.137587
16.4532 0.136638
16.4557 0.135808
16.4581 0.135082
16.4605 0.134447
16.5214 0.133891
16.5238 0.133405
16.5262 0.132979
16.5286 0.132607
16.531 0.132281
16.5334 0.131996
16.5357 0.131746
16.5834 0.131528
16.5858 0.131337
16.5882 0.13117
16.5906 0.131024
16.6515 0.130896
16.6539 0.130784
16.6563 0.131061
16.6587 0.131178
16.661 0.131406
16.6634 0.131605
16.6658 0.131655
16.7123 0.137323
16.7147 0.136532
16.7171 0.135966
16.7195 0.135345
16.7804 0.142177
16.7828 0.14078
16.7852 0.139682
16.7875 0.138597
16.7899 0.137647
16.7923 0.136817
16.7947 0.136089
16.8416 0.141078
16.8439 0.139818
16.8463 0.138841
16.8487 0.137861
16.9093 0.144378
16.9117 0.142706
16.914 0.141368
17.1077 0.139947
17.1683 0.138703
17.1706 0.137616
17.173 0.136789
17.1754 0.13594
17.2366 0.142573
17.2974 0.148501
17.2998 0.146313
17.3022 0.144524
17.3046 0.142834
17.3655 0.148729
17.4263 0.153888
17.4287 0.151027
17.4311 0.148649
17.4335 0.146443
17.4944 0.151887
17.5552 0.156651
17.5576 0.153445
17.56 0.150639
17.5624 0.148184
17.5648 0.146036
17.6245 0.144032
17.6853 0.142278
17.6877 0.140743
17.6901 0.139525
17.6924 0.138335
17.6949 0.137293
17.7546 0.136381
17.8154 0.135584
17.8178 0.134886
17.8201 0.134275
17.8225 0.133991
17.8249 0.133742
17.8838 0.140649
17.9443 0.146818
17.9467 0.144841
17.9491 0.143236
17.9515 0.141706
17.9538 0.140368
18.0127 0.146322
18.0732 0.151782
18.0756 0.149184
18.078 0.146911
18.0803 0.144922
18.0827 0.143182
18.0851 0.141784
18.1428 0.140311
18.2033 0.139022
18.2057 0.137894
18.2081 0.137033
18.2105 0.136154
18.2128 0.135384
18.2152 0.134711
18.2731 0.134247
18.3334 0.133716
18.3358 0.133252
18.3381 0.132845
18.3405 0.13249
18.3429 0.132179
18.3453 0.131906
18.402 0.138668
18.4623 0.144959
18.4646 0.143215
18.467 0.141813
18.4694 0.140461
18.4718 0.139278
18.4745 0.138369
18.5309 0.144198
18.5913 0.149923
18.5937 0.147558
18.596 0.145613
18.5984 0.143786
18.6008 0.142188
18.6034 0.140914
18.6598 0.146425
18.6622 0.144622
18.7215 0.142794
18.7239 0.141195
18.7263 0.139796
18.7287 0.138571
18.7311 0.137625
18.7339 0.136672
18.7898 0.135838
18.7923 0.135108
18.8516 0.134469
18.8541 0.134036
18.8565 0.133531
18.8589 0.13309
18.8613 0.132704
18.864 0.132366
18.9199 0.13207
18.9224 0.131811
18.9817 0.131585
18.9841 0.131762
18.9865 0.131792
18.9889 0.131818
18.9913 0.131965
18.994 0.132095
19.0488 0.138708
19.0513 0.137869
19.1106 0.144136
19.113 0.142494
19.1154 0.141057
19.1178 0.1398
19.1201 0.138825
19.1229 0.137847
19.1777 0.143491
19.1802 0.142055
19.2395 0.147798
19.2419 0.145698
19.2443 0.143986
19.2466 0.142363
19.249 0.141067
19.2514 0.139809
19.2538 0.138708
19.3079 0.137619
19.3103 0.136667
19.3696 0.135833
19.3719 0.135104
19.3743 0.134466
19.3767 0.133908
19.3791 0.133419
19.3815 0.132992
19.3839 0.132618
19.438 0.132291
19.4404 0.132004
19.4996 0.131754
19.502 0.13166
19.5044 0.131452
19.5068 0.131271
19.5092 0.131487
19.5116 0.131551
19.514 0.131607
19.5669 0.138031
19.5693 0.137277
19.6285 0.143618
19.6309 0.14204
19.6333 0.14066
19.6357 0.139453
19.6381 0.138521
19.6405 0.137581
19.6429 0.136758
19.6958 0.142414
19.6982 0.141112
19.7578 0.146973
19.7602 0.145101
19.7626 0.143464
19.765 0.142031
19.7674 0.140777
19.7698 0.139555
19.7722 0.13861
19.7746 0.137784
19.8259 0.136811
19.8287 0.13596
19.8884 0.13534
19.8907 0.134672
19.8931 0.134213
19.8955 0.133687
19.8979 0.133226
19.9003 0.132948
19.9027 0.132579
19.9051 0.132382
19.9559 0.132084
19.9588 0.131823
20.0184 0.131596
20.0208 0.131396
20.0232 0.131222
20.0256 0.131069
20.028 0.13106
20.0304 0.130928
20.0328 0.130812
20.0352 0.131085
20.0848 0.137075
20.0877 0.13644
20.1473 0.14301
20.1497 0.141509
20.1521 0.14032
20.1545 0.139155
20.1569 0.138136
20.1593 0.137244
20.1617 0.136463
20.1641 0.135905
20.2137 0.141167
20.2165 0.140021
20.2762 0.146144
20.2786 0.144251
20.281 0.142719
20.2834 0.141254
20.2858 0.139973
20.2882 0.138976
20.2906 0.137979
20.293 0.137107
20.3426 0.142218
20.345 0.140941
20.3474 0.139698
20.4063 0.138486
20.4087 0.137425
20.4111 0.136497
20.4135 0.135685
20.4159 0.134974
20.4183 0.134353
20.4207 0.133809
20.4231 0.133457
20.4727 0.133025
20.4751 0.132647
20.4775 0.132316
20.5364 0.132027
20.5388 0.131773
20.5412 0.131552
20.5436 0.131358
20.546 0.131188
20.5484 0.13104
20.5508 0.13091
20.5532 0.130796
20.6029 0.130696
20.6053 0.130609
20.6077 0.130783
20.6653 0.137935
20.6677 0.137068
20.6701 0.136435
20.6725 0.135755
20.6749 0.135161
20.6773 0.134766
20.6797 0.134295
20.682 0.134008
20.7318 0.139507
20.7342 0.138569
20.7366 0.137623
20.7942 0.143795
20.7966 0.142196
20.799 0.140796
20.8014 0.139572
20.8038 0.1385
20.8062 0.137688
20.8085 0.136852
20.8109 0.13612
20.8607 0.141355
20.8631 0.140186
20.8655 0.139038
20.9232 0.145033
20.9256 0.143279
20.928 0.141744
20.9303 0.140526
20.9327 0.139335
20.9351 0.138418
20.9375 0.137491
20.9399 0.13668
20.9423 0.136095
20.9908 0.135333
20.9932 0.134666
20.9956 0.134083
21.0533 0.133573
21.0556 0.133126
21.058 0.13286
21.0604 0.132503
21.0628 0.13219
21.0652 0.131916
21.0676 0.131677
21.07 0.131467
21.0724 0.131284
21.1209 0.131123
21.1233 0.130983
21.1257 0.13086
21.1833 0.130752
21.1857 0.130658
21.1881 0.130576
21.1905 0.130754
21.1929 0.13091
21.1953 0.131171
21.198 0.1314
21.2004 0.1316
21.2028 0.131775
21.2498 0.137428
21.2522 0.136749
21.2549 0.136031
21.3122 0.142402
21.3146 0.140977
21.3174 0.139855
21.3198 0.138748
21.3222 0.137904
21.3245 0.137166
21.327 0.13652
21.3294 0.13583
21.3318 0.135227
21.3787 0.140323
21.3811 0.139283
21.3838 0.138248
21.4411 0.144342
21.4435 0.142674
21.4464 0.14134
21.4488 0.140047
21.4512 0.139041
21.4536 0.138036
21.456 0.137157
21.4584 0.136387
21.4607 0.135714
21.4631 0.135249
21.5088 0.134593
21.5112 0.134019
21.5139 0.133517
21.5716 0.133077
21.5739 0.132692
21.5765 0.132356
21.5789 0.132061
21.5813 0.131804
21.5836 0.131578
21.586 0.131506
21.5884 0.131318
21.5908 0.131153
21.5932 0.131009
21.6389 0.130883
21.6412 0.130772
21.644 0.130676
21.7016 0.130591
21.704 0.130642
21.7066 0.130562
21.7089 0.130492
21.7113 0.13043
21.7137 0.130377
21.7164 0.130705
21.7188 0.130866
21.7212 0.131133
21.7236 0.131367
21.7678 0.136696
21.7702 0.136109
21.7728 0.13547
21.8305 0.141911
21.8329 0.140547
21.8354 0.139354
21.8378 0.13831
21.8402 0.137521
21.8426 0.136706
21.8453 0.136118
21.8477 0.135478
21.8501 0.135043
21.8525 0.134538
21.8967 0.139346
21.8991 0.138427
21.9017 0.137499
21.9594 0.143687
21.9618 0.142101
21.9647 0.140838
21.9671 0.139733
21.9695 0.138767
21.9719 0.137796
21.9743 0.137071
21.9767 0.136312
21.9791 0.135773
21.9814 0.135177
21.9838 0.134655
22.0268 0.134073
22.0292 0.133564
22.0318 0.133118
22.0895 0.132728
22.0919 0.132387
22.0948 0.132089
22.0972 0.131828
22.0996 0.131599
22.102 0.131399
22.1044 0.131225
22.1067 0.131071
22.1091 0.130938
22.1115 0.13082
22.1139 0.130718
22.1569 0.130628
22.1593 0.13055
22.1619 0.130481
22.2196 0.130421
22.222 0.130368
22.2249 0.130322
22.2273 0.130282
22.2297 0.130247
22.2321 0.130341
22.2344 0.130298
22.2368 0.130261
22.2392 0.130228
22.2416 0.1302
22.244 0.13055
22.2858 0.135731
22.2882 0.135265
22.2908 0.134732
22.3485 0.141265
22.3509 0.139982
22.3538 0.138984
22.3562 0.138111
22.3586 0.137222
22.3609 0.136445
22.3633 0.135764
22.3657 0.135168
22.3681 0.134772
22.3705 0.134301
22.3729 0.133888
22.4147 0.138402
22.4171 0.137602
22.4197 0.136777
22.4774 0.143055
22.4798 0.141548
22.4826 0.140354
22.4851 0.13931
22.4874 0.138271
22.4898 0.137362
22.4922 0.136692
22.4946 0.135981
22.497 0.135483
22.4994 0.134923
22.5018 0.134432
22.5042 0.134128
22.5451 0.133737
22.5475 0.13327
22.5499 0.132861
22.6075 0.132504
22.6098 0.132191
22.6129 0.131917
22.6153 0.131677
22.6177 0.131468
22.6201 0.131409
22.6225 0.131233
22.6249 0.131079
22.6273 0.130944
22.6297 0.130826
22.6321 0.130848
22.6345 0.130742
22.6752 0.130649
22.6776 0.130568
22.68 0.130497
22.7375 0.130435
22.7399 0.13038
22.743 0.130458
22.7454 0.130401
22.7478 0.130351
22.7502 0.130307
22.7526 0.130268
22.755 0.130235
22.7574 0.130206
22.76 0.130305
22.7624 0.130267
22.7648 0.130233
22.8053 0.130204
22.8077 0.130429
22.8101 0.13075
22.8664 0.137781
22.8688 0.136934
22.8719 0.136317
22.8743 0.135652
22.8767 0.135071
22.8791 0.134687
22.8815 0.134226
22.8839 0.133823
22.8863 0.133595
22.8891 0.133396
22.8915 0.133096
22.8939 0.132834
22.9342 0.13748
22.9366 0.13667
22.9392 0.136086
22.9953 0.1422
22.9977 0.1408
23.0008 0.1397
23.0032 0.138738
23.0056 0.137771
23.0082 0.137049
23.0106 0.136293
23.013 0.135756
23.0154 0.135287
23.018 0.134751
23.0204 0.134282
23.0227 0.133872
23.0631 0.138388
23.0655 0.137464
23.0681 0.136781
23.0704 0.136059
23.1254 0.135301
23.1278 0.134639
23.1309 0.134059
23.1333 0.133551
23.1357 0.133108
23.1383 0.132719
23.1407 0.132379
23.1431 0.132082
23.1455 0.131822
23.1481 0.131719
23.1507 0.131504
23.1531 0.131441
23.1932 0.131261
23.1956 0.131103
23.1981 0.130965
23.2005 0.130845
23.2555 0.130739
23.2579 0.130647
23.261 0.130691
23.2634 0.130605
23.2658 0.130529
23.2684 0.130463
23.2708 0.130405
23.2732 0.130354
23.2756 0.13031
23.2781 0.130271
23.2808 0.130237
23.2832 0.130208
23.3232 0.130182
23.3256 0.130159
23.3282 0.130139
23.3306 0.130122
23.3856 0.130107
23.388 0.130343
23.3904 0.130675
23.3928 0.130716
23.3952 0.130876
23.3979 0.131017
23.4003 0.13114
23.4027 0.131247
23.4051 0.131341
23.4075 0.131424
23.4099 0.131371
23.4123 0.131449
23.4521 0.136143
23.4548 0.1355
23.4572 0.135063
23.4596 0.134555
23.5145 0.140736
23.5169 0.139519
23.5193 0.138579
23.5217 0.137631
23.5243 0.136928
23.5268 0.136187
23.5292 0.135663
23.5316 0.13508
23.534 0.13457
23.5364 0.134124
23.5388 0.133734
23.5412 0.133517
23.581 0.137952
23.5837 0.137083
23.5861 0.136448
23.5885 0.135767
23.6435 0.141796
23.6459 0.140446
23.6483 0.139391
23.6507 0.138342
23.653 0.137549
23.6554 0.13673
23.6578 0.136014
23.6602 0.135387
23.6626 0.134839
23.665 0.134359
23.6674 0.133939
23.6698 0.133572
23.6722 0.13325
23.7111 0.132844
23.7138 0.132489
23.7162 0.132177
23.7186 0.131905
23.7736 0.131667
23.776 0.131459
23.7784 0.131276
23.7807 0.131117
23.7831 0.130977
23.7855 0.130855
23.7879 0.130748
23.7903 0.130655
23.7927 0.130573
23.7951 0.130626
23.7975 0.130548
23.7999 0.130479
23.8023 0.13042
23.8412 0.130367
23.8439 0.130321
23.8463 0.130281
23.8487 0.130246
23.906 0.13034
23.9084 0.130298
23.9108 0.13026
23.9132 0.130228
23.9159 0.130449
23.9183 0.130768
23.9207 0.131047
23.9231 0.131291
23.9255 0.131505
23.9278 0.131567
23.9302 0.131746
23.9326 0.131903
23.9701 0.136415
23.9728 0.135738
23.9752 0.135271
23.9776 0.134737
24.0349 0.141145
24.0373 0.139877
24.0397 0.139017
24.0421 0.13839
24.0446 0.137841
24.0469 0.137236
24.0493 0.136832
24.0517 0.136353
24.0541 0.136059
24.0565 0.135676
24.0589 0.135342
24.0613 0.135174
24.0637 0.134902
24.099 0.138789
24.1017 0.137816
24.1041 0.137089
24.1065 0.136328
24.1641 0.142662
24.1665 0.141329
24.1689 0.140038
24.1713 0.139033
24.1737 0.138029
24.1761 0.137275
24.1785 0.136616
24.1809 0.135914
24.1833 0.135425
24.1857 0.134872
24.188 0.134513
24.1904 0.134199
24.1928 0.133799
24.1952 0.133574
24.2294 0.133252
24.2318 0.132846
24.2342 0.13249
24.2366 0.132179
24.2942 0.131906
24.2966 0.131668
24.299 0.131585
24.3014 0.131386
24.3038 0.131213
24.3062 0.131062
24.3086 0.130929
24.311 0.130938
24.3134 0.130821
24.3158 0.130718
24.3182 0.130628
24.3206 0.13055
24.323 0.130481
24.3254 0.130421
24.3595 0.130368
24.3619 0.130322
24.3643 0.130282
24.3667 0.130247
24.4243 0.130216
24.4267 0.130189
24.4291 0.130165
24.4317 0.130145
24.4341 0.130252
24.4365 0.13022
24.4389 0.130193
24.4413 0.130169
24.4436 0.130147
24.4462 0.130254
24.4486 0.130597
24.451 0.130773
24.4534 0.131051
24.4558 0.131295
24.4886 0.135258
24.491 0.134726
24.4934 0.134385
24.4958 0.133962
24.5532 0.140592
24.5556 0.139393
24.558 0.138344
24.5606 0.137426
24.563 0.136622
24.5654 0.13592
24.5678 0.135305
24.8124 0.134642
24.8148 0.134061
24.8172 0.133554
24.8198 0.133109
24.8222 0.132721
24.8245 0.132381
24.8269 0.132083
24.8293 0.131823
24.9413 0.145345
24.9437 0.143552
24.9461 0.142108
24.9487 0.140719
24.951 0.139629
24.9534 0.138551
24.9558 0.137607
24.9582 0.136906
25.0705 0.149918
25.0729 0.147553
25.0753 0.145609
25.0777 0.143783
25.0801 0.14231
25.0824 0.140896
25.0848 0.139659
25.0872 0.138702
25.0896 0.137739
25.201 0.136772
25.2034 0.13605
25.2058 0.135294
25.2082 0.134757
25.2105 0.134163
25.2129 0.133642
25.2153 0.133312
25.2177 0.132898
25.2201 0.132661
25.3311 0.132453
25.3335 0.132146
25.3358 0.131878
25.3382 0.132018
25.3406 0.132016
25.343 0.132139
25.3454 0.132247
25.3478 0.132216
25.3502 0.132314
25.46 0.14565
25.4623 0.143818
25.4647 0.142216
25.4671 0.140939
25.4695 0.139697
25.4719 0.13861
25.4743 0.137658
25.4767 0.136826
25.4791 0.136223
25.5888 0.148945
25.5912 0.146827
25.5936 0.144849
25.596 0.143242
25.5984 0.141712
25.6008 0.140373
25.6032 0.139326
25.6056 0.138286
25.608 0.137375
25.6104 0.136578
25.7189 0.135756
25.7213 0.135036
25.7237 0.134407
25.7261 0.133856
25.7285 0.133374
25.7309 0.132952
25.7333 0.132583
25.7357 0.13226
25.7381 0.132103
25.7404 0.13184
25.849 0.131735
25.8514 0.131518
25.8538 0.131328
25.8562 0.131162
25.8586 0.131017
25.861 0.13089
25.8634 0.131154
25.8657 0.131259
25.8681 0.131477
25.8705 0.131542
25.9779 0.144725
25.9803 0.143009
25.9827 0.141508
25.9851 0.140319
25.9875 0.139154
25.9899 0.138135
25.9924 0.137368
25.9948 0.136572
25.9972 0.136001
25.9996 0.135376
26.1068 0.147954
26.1092 0.145959
26.1116 0.14409
26.114 0.142453
26.1164 0.141022
26.1188 0.139769
26.1213 0.138798
26.1237 0.137823
26.1261 0.137095
26.1284 0.136333
26.1308 0.135667
26.237 0.135083
26.2394 0.134448
26.2418 0.133892
26.2442 0.13353
26.2466 0.133089
26.249 0.132703
26.2514 0.132365
26.2538 0.132069
26.2562 0.131811
26.2586 0.131584
26.261 0.131386
26.3673 0.131213
26.3697 0.131061
26.3721 0.131054
26.3744 0.130922
26.3768 0.130807
26.3792 0.130831
26.3816 0.130727
26.384 0.130761
26.3864 0.130666
26.3888 0.130583
26.3912 0.130885
26.4962 0.144024
26.4986 0.142396
26.5009 0.140972
26.5033 0.139725
26.5057 0.138635
26.5081 0.137805
26.5106 0.136955
26.513 0.136335
26.5154 0.135668
26.5178 0.135085
26.5202 0.134699
26.6254 0.147112
26.6278 0.145098
26.6301 0.143461
26.6325 0.142028
26.6349 0.14065
26.6373 0.139568
26.6397 0.138497
26.6421 0.137685
26.6445 0.136849
26.6469 0.136118
26.6493 0.135604
26.6517 0.135028
26.7555 0.1344
26.7578 0.13385
26.7602 0.133368
26.7626 0.132947
26.765 0.132704
26.7674 0.132366
26.7698 0.13207
26.7722 0.131811
26.7746 0.131585
26.777 0.131387
26.7794 0.131214
26.7817 0.131062
26.8856 0.130929
26.888 0.130813
26.8904 0.130711
26.8928 0.130622
26.8952 0.130545
26.8976 0.130477
26.8999 0.130417
26.9023 0.130365
26.905 0.130444
26.9074 0.130514
26.9098 0.130449
26.9122 0.130518
27.0157 0.130454
27.0181 0.130772
27.0205 0.13105
27.0229 0.131169
27.0253 0.131398
27.0277 0.131473
27.0301 0.131664
27.0325 0.131831
27.0349 0.131852
27.0373 0.131871
27.0397 0.131887
27.042 0.132026
27.1446 0.144523
27.147 0.142832
27.1494 0.141353
27.1518 0.140059
27.1541 0.139052
27.1566 0.138045
27.159 0.137165
27.1614 0.136394
27.1638 0.13572
27.1662 0.135255
27.1685 0.134723
27.1709 0.134258
27.2736 0.14635
27.2759 0.144432
27.2783 0.142878
27.2807 0.141393
27.2831 0.140219
27.2855 0.139066
27.2879 0.138058
27.2903 0.137301
27.2927 0.136513
27.2951 0.135949
27.2975 0.13533
27.2999 0.134789
27.3022 0.134441
27.4036 0.133885
27.406 0.133525
27.4084 0.133084
27.4108 0.132699
27.4132 0.132361
27.4156 0.132066
27.418 0.131808
27.4204 0.131582
27.4231 0.131509
27.4255 0.131321
27.4279 0.131155
27.4303 0.131136
27.4326 0.130994
27.5337 0.13087
27.5361 0.130761
27.5385 0.130666
27.5409 0.130583
27.5433 0.130885
27.5457 0.131024
27.5481 0.131271
27.5505 0.131487
27.5532 0.131676
27.5556 0.131717
27.558 0.131877
27.5604 0.132018
27.5628 0.132015
27.6629 0.144263
27.6653 0.142731
27.6677 0.141264
27.6701 0.140106
27.6725 0.139093
27.6749 0.138081
27.6773 0.137321
27.6797 0.136531
27.6821 0.135965
27.6845 0.135344
27.6869 0.134801
27.6893 0.134326
27.6917 0.13391
27.7918 0.145796
27.7942 0.144072
27.7966 0.142438
27.799 0.141133
27.8014 0.139866
27.8038 0.138758
27.8062 0.137913
27.8086 0.137049
27.811 0.136293
27.8134 0.135631
27.8157 0.135053
27.8181 0.134671
27.8205 0.134212
27.8229 0.133811
27.9219 0.133334
27.9243 0.132917
27.9267 0.132553
27.9291 0.132234
27.9315 0.131954
27.9339 0.13171
27.9363 0.131496
27.9387 0.131309
27.941 0.131271
27.9434 0.131112
27.9458 0.130973
27.9482 0.130851
27.9506 0.130745
27.953 0.130652
28.052 0.130695
28.0544 0.130608
28.0568 0.130532
28.0592 0.130466
28.0616 0.130408
28.064 0.130357
28.0664 0.130312
28.0687 0.130273
28.0715 0.130614
28.0739 0.130787
28.0763 0.131064
28.0787 0.131306
28.0811 0.131518
28.0835 0.131703
28.181 0.14374
28.1833 0.142148
28.1857 0.140754
28.1881 0.13966
28.1905 0.138577
28.1929 0.13763
28.1953 0.136926
28.1977 0.136186
28.2004 0.135662
28.2028 0.13508
28.2052 0.134695
28.2076 0.134233
28.21 0.133829
28.2123 0.133475
28.3098 0.145041
28.3122 0.143411
28.3146 0.141859
28.3174 0.140627
28.3198 0.139424
28.3221 0.138496
28.3245 0.137684
28.3269 0.136848
28.3293 0.136242
28.3317 0.135587
28.3341 0.135139
28.3365 0.134621
28.3389 0.134169
28.3413 0.133897
28.3437 0.133535
28.4399 0.133093
28.4423 0.132707
28.4447 0.132368
28.4474 0.132072
28.4498 0.131813
28.4522 0.131587
28.4546 0.131388
28.457 0.13134
28.4594 0.131172
28.4618 0.131026
28.4642 0.130898
28.4666 0.130785
28.469 0.130687
28.4714 0.130601
28.4737 0.130526
28.57 0.130585
28.5724 0.130512
28.5748 0.130448
28.5775 0.130392
28.5799 0.130343
28.5823 0.1303
28.5847 0.130263
28.5871 0.13023
28.5895 0.130201
28.5919 0.130176
28.5943 0.130154
28.5967 0.130385
28.5991 0.130712
28.6015 0.130998
28.6039 0.131123
28.6989 0.142858
28.7013 0.141375
28.7037 0.140078
28.7064 0.139069
28.7088 0.13806
28.7112 0.137303
28.7136 0.136515
28.716 0.135825
28.7184 0.135222
28.7208 0.134694
28.7232 0.134358
28.7256 0.133938
28.728 0.133571
28.7304 0.133249
28.7327 0.132968
28.8282 0.144472
28.8306 0.142913
28.8329 0.141424
28.8353 0.140246
28.8377 0.13909
28.8401 0.138204
28.8425 0.137303
28.8449 0.136516
28.8473 0.135951
28.8497 0.135332
28.8521 0.134916
28.8545 0.134426
28.8569 0.133998
28.8592 0.133748
28.8616 0.133405
28.864 0.133229
28.9583 0.132825
28.9606 0.132472
28.963 0.132288
28.9655 0.132002
28.9679 0.131752
28.9703 0.131533
28.9727 0.131341
28.975 0.131299
28.9774 0.131136
28.9798 0.130994
28.9822 0.13087
28.9846 0.130761
28.987 0.130666
28.9894 0.130583
28.9918 0.13051
28.9942 0.130446
29.0883 0.13039
29.0907 0.130342
29.0931 0.130299
29.0956 0.130262
29.098 0.130229
29.1003 0.1302
29.1027 0.130175
29.1051 0.130153
29.1078 0.130134
29.1102 0.130242
29.1126 0.130212
29.115 0.130311
29.1174 0.130397
29.1198 0.130347
29.1222 0.130429
29.1246 0.13075
29.2172 0.142281
29.2196 0.140871
29.222 0.139762
29.2245 0.138667
29.2268 0.137709
29.2292 0.136995
29.2316 0.136246
29.234 0.135715
29.2368 0.135126
29.2393 0.134735
29.2416 0.134268
29.244 0.133985
29.2464 0.133611
29.2488 0.133285
29.2513 0.133124
29.2536 0.132859
29.3462 0.144001
29.3486 0.142376
29.351 0.140954
29.3534 0.13971
29.3558 0.138621
29.3582 0.137794
29.3605 0.136944
29.3629 0.136201
29.3658 0.135551
29.3682 0.135107
29.3706 0.134594
29.373 0.134145
29.3753 0.133752
29.3777 0.133408
29.3801 0.133232
29.3825 0.132953
29.4755 0.144084
29.4779 0.142448
29.4803 0.141142
29.4827 0.139999
29.4851 0.138999
29.4874 0.138125
29.4898 0.137234
29.4922 0.13658
29.4946 0.136007
29.497 0.135506
29.4994 0.134943
29.5018 0.13445
29.5042 0.134144
29.5066 0.133751
29.509 0.133407
29.5113 0.133106
29.5137 0.132843
29.6056 0.132488
29.608 0.132177
29.6104 0.131905
29.6127 0.131666
29.6151 0.131458
29.6175 0.131276
29.6199 0.131116
29.6223 0.130977
29.6247 0.130855
29.6271 0.130748
29.6295 0.130654
29.6319 0.130573
29.6343 0.130501
29.6367 0.130438
29.639 0.130509
29.6414 0.130445
29.6438 0.130389
29.7357 0.130341
29.7384 0.130423
29.7408 0.13037
29.7432 0.130699
29.7456 0.130987
29.748 0.131113
29.7504 0.131349
29.7528 0.131555
29.7551 0.131736
29.7575 0.131894
29.7599 0.131907
29.7623 0.132044
29.7647 0.132163
29.7671 0.132268
29.7695 0.132359
29.7719 0.132315
29.7743 0.1324
29.8645 0.143475
29.8673 0.142041
29.8697 0.140661
29.8721 0.139578
29.8745 0.138506
29.8769 0.137568
29.8793 0.136872
29.8816 0.136138
29.884 0.13562
29.8864 0.135043
29.8889 0.134538
29.8913 0.13422
29.8937 0.133818
29.896 0.133591
29.8985 0.133267
29.9009 0.132983
29.9032 0.13286
29.9934 0.143628
29.9962 0.142174
29.9986 0.140778
30.001 0.139555
30.0034 0.138486
30.0058 0.13755
30.0081 0.136856
30.0105 0.136124
30.0129 0.135484
30.0153 0.134923
30.0177 0.134433
30.0201 0.134129
30.0225 0.133738
30.0249 0.133396
30.0273 0.133096
30.0297 0.132834
30.0321 0.13273
30.0344 0.132514
