0.238217 1
0.279362 1441
0.321837 4321
0.364312 7201
0.405592 10081
0.407983 12961
0.447677 15841
0.450068 18721
0.452458 21601
0.489762 24481
0.492152 27361
0.494543 30241
0.496933 33121
0.530967 36001
0.533357 38881
0.535748 41761
0.538138 44641
0.540528 47521
0.542919 50401
0.571856 53281
0.574247 56161
0.576637 59041
0.579028 61921
0.581418 64801
0.583808 67681
0.586199 70561
0.59098 76321
0.612746 79201
0.615136 82081
0.617527 84961
0.619917 87841
0.622308 90721
0.624698 93601
0.627088 96481
0.629479 99361
0.631869 102241
0.63426 105121
0.63665 108001
0.63904 110881
0.641431 113761
0.654325 116641
0.656716 119521
0.659106 122401
0.661496 125281
0.663887 128161
0.666277 131041
0.668668 133921
0.671058 136801
0.673448 139681
0.675839 142561
0.678229 145441
0.68062 148321
0.68301 151201
0.6854 154081
0.687791 156961
0.690181 159841
0.692572 162721
0.694962 165601
0.697352 168481
0.699743 171361
0.702133 174241
0.704524 177121
0.706914 180001
0.709304 182881
0.711695 185761
0.714085 188641
0.716476 191521
0.718866 194401
0.721256 197281
0.723647 200161
0.726037 203041
0.728428 205921
0.730818 208801
0.733208 211681
0.735599 214561
0.737989 217441
0.74038 220321
0.74277 223201
0.74516 226081
0.747551 228961
0.749941 231841
0.752332 234721
0.754722 237601
0.757112 240481
0.759503 243361
0.761893 246241
0.764284 249121
0.766674 252001
0.769064 254881
0.771455 257761
0.773845 260641
0.776236 263521
0.778626 266401
0.781016 269281
0.783407 272161
0.785797 275041
0.788187 277921
0.790578 280801
0.792968 283681
0.795359 286561
0.797749 289441
0.800139 292321
0.80253 295201
0.80492 298081
0.807311 300961
0.809701 303841
0.812091 306721
0.814482 309601
0.816872 312481
0.819263 315361
0.821653 318241
0.824043 321121
0.826434 324001
0.828824 326881
0.831215 329761
0.833605 332641
0.835995 335521
0.838386 338401
0.843167 344161
0.845557 347041
0.847947 349921
0.850338 352801
0.852728 355681
0.855119 358561
0.857509 361441
0.859899 364321
0.86229 367201
0.86468 370081
0.867071 372961
0.869461 375841
0.871851 378721
0.874242 381601
0.876632 384481
0.879023 387361
0.881413 390241
0.883803 393121
0.886194 396001
0.888584 398881
0.890975 401761
0.893365 404641
0.895755 407521
0.898146 410401
0.900536 413281
0.902927 416161
0.905317 419041
0.907707 421921
0.910098 424801
0.912488 427681
0.914879 430561
0.917269 433441
0.919659 436321
0.92205 439201
0.92444 442081
0.926831 444961
0.929221 447841
0.931611 450721
0.934002 453601
0.936392 456481
0.938783 459361
0.941173 462241
1.13245 470881
1.13364 551521
1.13483 584641
1.1372 646561
1.18858 757441
1.19097 760321
1.19336 763201
1.19575 766081
1.19814 768961
1.20053 771841
1.20292 774721
1.20531 777601
1.2077 780481
1.21009 783361
1.21248 786241
1.21487 789121
1.21726 792001
1.21965 794881
1.22204 797761
1.22444 800641
1.22683 802081
1.22922 803521
1.23161 804961
1.234 807841
1.23758 810721
1.23997 813601
1.24236 816481
1.24475 819361
1.24714 822241
1.24953 825121
1.25192 828001
1.25432 830881
1.25671 833761
1.2591 836641
1.26149 839521
1.26388 842401
1.26627 845281
1.26866 848161
1.27105 851041
1.27344 853921
1.27583 856801
1.27822 859681
1.28061 862561
1.283 865441
1.28539 868321
1.28778 871201
1.29017 874081
1.29256 876961
1.29495 879841
1.29734 882721
1.29973 885601
1.30212 888481
1.30451 891361
1.3069 894241
1.30929 897121
1.31168 900001
1.31408 902881
1.31647 905761
1.31886 908641
1.32125 911521
1.32364 914401
1.32603 917281
1.32843 918721
1.42403 1035361
1.42642 1038241
1.42881 1041121
1.4312 1044001
1.43359 1046881
1.43599 1049761
1.43838 1052641
1.44077 1055521
1.44316 1058401
1.44555 1061281
1.44794 1064161
1.45033 1067041
1.45272 1069921
1.45511 1072801
1.4575 1075681
1.45989 1078561
1.46228 1081441
1.46467 1084321
1.46706 1087201
1.46945 1090081
1.47184 1092961
1.47423 1095841
1.47662 1098721
1.47901 1101601
1.4814 1104481
1.48379 1107361
1.48618 1110241
1.48857 1113121
1.49096 1116001
1.49335 1118881
1.49575 1121761
1.49814 1124641
1.50053 1127521
1.50292 1130401
1.50531 1133281
1.5077 1136161
1.51009 1139041
1.51248 1141921
1.51487 1144801
1.51726 1147681
1.51965 1150561
1.52204 1153441
1.52443 1156321
1.52682 1159201
1.52921 1162081
1.5316 1164961
1.5352 1166401
1.58299 1225441
1.60478 1228321
1.60717 1231201
1.60956 1234081
1.61195 1236961
1.61434 1239841
1.61673 1242721
1.61912 1245601
1.62151 1248481
1.6239 1251361
1.64754 1254241
1.64993 1257121
1.65232 1260001
1.65471 1262881
1.6571 1265761
1.65949 1268641
1.66188 1271521
1.66427 1274401
1.66666 1277281
1.68962 1280161
1.69201 1283041
1.6944 1285921
1.69679 1288801
1.69918 1291681
1.70157 1294561
1.70396 1297441
1.70635 1300321
1.70874 1303201
1.7312 1306081
1.73359 1308961
1.73598 1311841
1.73837 1314721
1.74076 1317601
1.74315 1320481
1.74554 1323361
1.74793 1326241
1.75032 1329121
1.77209 1332001
1.77448 1334881
1.77687 1337761
1.77926 1340641
1.78165 1343521
1.78404 1346401
1.78643 1349281
1.78882 1352161
1.79121 1355041
1.7936 1357921
1.8145 1360801
1.81689 1363681
1.81928 1366561
1.82167 1369441
1.82406 1372321
1.82645 1375201
1.82884 1378081
1.83123 1380961
1.83362 1383841
1.83601 1386721
1.85658 1389601
1.85897 1392481
1.86136 1395361
1.86375 1398241
1.86614 1401121
1.86853 1404001
1.87092 1406881
1.87331 1409761
1.8757 1412641
1.87809 1415521
1.89747 1418401
1.89986 1421281
1.90225 1424161
1.90464 1427041
1.90703 1429921
1.90942 1432801
1.91181 1435681
1.9142 1438561
1.91659 1441441
1.91898 1444321
1.93836 1447201
1.94075 1450081
1.94314 1452961
1.94553 1455841
1.94792 1458721
1.95031 1461601
1.9527 1464481
1.95509 1467361
1.95748 1470241
1.95987 1473121
1.96226 1476001
1.98063 1478881
1.98302 1481761
1.98541 1484641
1.9878 1487521
1.99019 1490401
1.99279 1493281
1.99518 1496161
1.99758 1499041
1.99997 1501921
2.00236 1504801
2.00475 1507681
2.02271 1510561
2.0251 1513441
2.02749 1516321
2.02988 1519201
2.03227 1522081
2.03488 1524961
2.03727 1527841
2.03966 1530721
2.04205 1533601
2.04444 1536481
2.04683 1539361
2.0636 1542241
2.06599 1545121
2.06838 1548001
2.07077 1550881
2.07316 1553761
2.07577 1556641
2.07816 1559521
2.08055 1562401
2.08294 1565281
2.08533 1568161
2.08772 1571041
2.10449 1573921
2.10688 1576801
2.10927 1579681
2.11166 1582561
2.11405 1585441
2.11688 1588321
2.11945 1591201
2.12184 1594081
2.12423 1596961
2.12901 1602721
2.1314 1605601
2.14676 1608481
2.14915 1611361
2.15154 1614241
2.15393 1617121
2.15632 1620001
2.15911 1622881
2.16153 1625761
2.16392 1628641
2.16631 1631521
2.17109 1634401
2.17348 1637281
2.17587 1640161
2.18885 1643041
2.19124 1645921
2.19363 1648801
2.19602 1651681
2.19841 1654561
2.2012 1657441
2.20362 1660321
2.20641 1663201
2.2088 1666081
2.21358 1668961
2.21597 1671841
2.21836 1674721
2.23006 1677601
2.23245 1680481
2.23484 1683361
2.23723 1686241
2.23963 1689121
2.24209 1692001
2.24451 1694881
2.24769 1697761
2.25008 1700641
2.25486 1703521
2.25725 1706401
2.25964 1709281
2.27095 1712161
2.27334 1715041
2.27573 1717921
2.27812 1720801
2.28051 1723681
2.28298 1726561
2.28576 1729441
2.28858 1732321
2.29097 1735201
2.29575 1738081
2.29814 1740961
2.30053 1743841
2.31305 1745281
2.35753 1785601
2.37436 1788481
2.37874 1791361
2.38113 1794241
2.38389 1797121
2.39604 1800001
2.39843 1802881
2.41645 1805761
2.42083 1808641
2.42322 1811521
2.42598 1814401
2.43813 1817281
2.44052 1820161
2.45853 1823041
2.46291 1825921
2.46566 1828801
2.46806 1831681
2.48043 1834561
2.48282 1837441
2.50062 1840321
2.5038 1843201
2.50694 1846081
2.50933 1848961
2.52171 1851841
2.5241 1854721
2.54188 1857601
2.54469 1860481
2.54783 1863361
2.55022 1866241
2.5626 1869121
2.56499 1872001
2.58277 1874881
2.58597 1877761
2.58872 1880641
2.59111 1883521
2.5935 1886401
2.60507 1889281
2.60746 1892161
2.62486 1895041
2.62806 1897921
2.63119 1900801
2.63358 1903681
2.63597 1906561
2.64716 1909441
2.64955 1912321
2.66695 1915201
2.67014 1918081
2.67327 1920961
2.67566 1923841
2.67806 1926721
2.68805 1929601
2.69044 1932481
2.70784 1935361
2.71103 1938241
2.71416 1941121
2.71655 1944001
2.71894 1946881
2.72894 1949761
2.73133 1952641
2.74911 1955521
2.75192 1958401
2.75505 1961281
2.75783 1964161
2.76022 1967041
2.76983 1969921
2.77222 1972801
2.77461 1975681
2.79119 1978561
2.79401 1981441
2.79714 1984321
2.79991 1987201
2.8023 1990081
2.81191 1992961
2.8143 1995841
2.81669 1998721
2.83328 2001601
2.83609 2004481
2.83922 2007361
2.84239 2010241
2.84478 2013121
2.85399 2016001
2.85658 2018881
2.85897 2021761
2.87417 2024641
2.87698 2027521
2.88011 2030401
2.88328 2033281
2.88567 2036161
2.89488 2039041
2.89786 2041921
2.90025 2044801
2.91506 2047681
2.91787 2050561
2.921 2053441
2.92417 2056321
2.92656 2059201
2.93577 2062081
2.93875 2064961
2.94114 2067841
2.95633 2070721
2.95872 2073601
2.96111 2076481
2.9635 2079361
2.96625 2082241
2.96864 2085121
2.97825 2088001
2.98123 2090881
2.98362 2093761
2.9988 2096641
3.00119 2099521
3.00359 2102401
3.00598 2105281
3.00837 2108161
3.01076 2111041
3.02034 2113921
3.02332 2116801
3.02571 2119681
3.04128 2122561
3.04367 2125441
3.04606 2128321
3.04845 2131201
3.05084 2134081
3.05323 2136961
3.06162 2139841
3.0646 2142721
3.06699 2145601
3.08256 2148481
3.08495 2151361
3.08734 2154241
3.08973 2157121
3.09212 2160001
3.09451 2162881
3.10251 2165761
3.10589 2168641
3.10828 2171521
3.12345 2174401
3.12584 2177281
3.12823 2180161
3.13062 2183041
3.13301 2185921
3.1354 2188801
3.13781 2191681
3.14499 2194561
3.14797 2197441
3.15036 2200321
3.16553 2203201
3.16792 2206081
3.17031 2208961
3.17271 2211841
3.1751 2214721
3.17749 2217601
3.17989 2220481
3.18708 2223361
3.19027 2226241
3.19284 2229121
3.20762 2232001
3.21001 2234881
3.21279 2237761
3.21518 2240641
3.21757 2243521
3.21996 2246401
3.22235 2249281
3.22797 2252161
3.23155 2255041
3.23412 2257921
3.24851 2260801
3.2509 2263681
3.25407 2266561
3.25646 2269441
3.25885 2272321
3.26124 2275201
3.26363 2278081
3.26886 2280961
3.27283 2283841
3.27522 2286721
3.2894 2289601
3.29179 2292481
3.29496 2295361
3.29735 2298241
3.29974 2301121
3.30334 2302561
3.34781 2337121
3.37831 2340001
3.38071 2342881
3.3831 2345761
3.38668 2348641
3.38907 2351521
3.42079 2354401
3.42318 2357281
3.42557 2360161
3.42877 2363041
3.43116 2365921
3.46327 2368801
3.46566 2371681
3.46805 2374561
3.47088 2377441
3.47327 2380321
3.50574 2383201
3.50813 2386081
3.51052 2388961
3.55619 2407681
3.59472 2410561
3.59711 2413441
3.6372 2416321
3.63959 2419201
3.67928 2422081
3.68167 2424961
3.72017 2427841
3.72256 2430721
3.76106 2433601
3.76345 2436481
3.766 2439361
3.80315 2442241
3.80554 2445121
3.80847 2448001
3.84523 2450881
3.84762 2453761
3.85056 2456641
3.8877 2459521
3.89009 2462401
3.89248 2465281
3.92859 2468161
3.93098 2471041
3.93337 2473921
3.96948 2476801
3.97187 2479681
3.97665 2485441
4.01195 2488321
4.01434 2491201
4.01952 2494081
4.02191 2496961
4.05443 2499841
4.05682 2502721
4.062 2505601
4.06439 2508481
4.0969 2511361
4.09929 2514241
4.10289 2517121
4.10567 2520001
4.13818 2522881
4.14057 2525761
4.14416 2528641
4.14695 2531521
4.17907 2534401
4.18146 2537281
4.18385 2540161
4.18624 2543041
4.18903 2545921
4.22116 2548801
4.22356 2551681
4.22595 2554561
4.22834 2557441
4.23112 2560321
4.26325 2563201
4.26564 2566081
4.26803 2568961
4.27042 2571841
4.27281 2574721
4.30414 2577601
4.30653 2580481
4.30892 2583361
4.31131 2586241
4.3137 2589121
4.34503 2592001
4.34742 2594881
4.34981 2597761
4.3522 2600641
4.35459 2603521
4.35698 2606401
4.38711 2609281
4.3895 2612161
4.39189 2615041
4.39428 2617921
4.39668 2620801
4.39945 2623681
4.4292 2626561
4.43159 2629441
4.43398 2632321
4.43758 2633761
4.48206 2655361
4.51973 2658241
4.52212 2661121
4.56062 2664001
4.56301 2666881
4.60154 2669761
4.60393 2672641
4.60632 2675521
4.64401 2678401
4.6464 2681281
4.64879 2684161
4.68649 2687041
4.68888 2689921
4.69127 2692801
4.72777 2695681
4.73016 2698561
4.73255 2701441
4.76905 2704321
4.77144 2707201
4.77383 2710081
4.81033 2712961
4.81272 2715841
4.81511 2718721
4.8175 2721601
4.8528 2724481
4.85519 2727361
4.85758 2730241
4.85997 2733121
4.89528 2736001
4.89767 2738881
4.90006 2741761
4.90245 2744641
4.93656 2747521
4.93895 2750401
4.94134 2753281
4.94373 2756161
4.97784 2759041
4.98023 2761921
4.98262 2764801
4.98501 2767681
4.9874 2770561
5.02031 2773441
5.0227 2776321
5.02509 2779201
5.02748 2782081
5.02987 2784961
5.0624 2787841
5.06479 2790721
5.06718 2793601
5.06957 2796481
5.07196 2799361
5.10448 2802241
5.10687 2805121
5.10926 2808001
5.11172 2810881
5.11411 2813761
5.14537 2816641
5.14776 2819521
5.15015 2822401
5.15261 2825281
5.155 2828161
5.18626 2831041
5.18865 2833921
5.19105 2836801
5.19383 2839681
5.19622 2842561
5.19861 2845441
5.22874 2848321
5.23113 2851201
5.23352 2854081
5.2363 2856961
5.23869 2859841
5.24108 2862721
5.27122 2865601
5.27361 2868481
5.276 2871361
5.27848 2874241
5.28087 2877121
5.28327 2880001
5.31211 2882881
5.3145 2885761
5.31689 2888641
5.31976 2891521
5.32215 2894401
5.32454 2897281
5.353 2900161
5.35539 2903041
5.35778 2905921
5.36065 2908801
5.36304 2911681
5.36543 2914561
5.36782 2917441
5.39546 2920321
5.39785 2923201
5.40024 2926081
5.40274 2928961
5.40513 2931841
5.40752 2934721
5.40991 2937601
5.43794 2940481
5.44033 2943361
5.44272 2946241
5.44511 2949121
5.4475 2952001
5.44989 2954881
5.45228 2957761
5.47922 2960641
5.48161 2963521
5.484 2966401
5.48639 2969281
5.48878 2972161
5.49117 2975041
5.49356 2977921
5.5205 2980801
5.52289 2983681
5.52528 2986561
5.52767 2989441
5.53006 2992321
5.53245 2995201
5.53484 2998081
5.56139 3000961
5.56378 3003841
5.56617 3006721
5.56856 3009601
5.57095 3012481
5.57334 3015361
5.57573 3018241
5.57812 3021121
5.60347 3024001
5.60586 3026881
5.60825 3029761
5.61064 3032641
5.61304 3035521
5.61543 3038401
5.61782 3041281
5.62021 3044161
5.64556 3047041
5.64795 3049921
5.65034 3052801
5.65273 3055681
5.65512 3058561
5.65751 3061441
5.6599 3064321
5.66269 3067201
5.68645 3070081
5.68884 3072961
5.69123 3075841
5.69362 3078721
5.69601 3081601
5.74327 3110401
5.77661 3113281
5.779 3116161
5.78176 3119041
5.78416 3121921
5.81869 3124801
5.82108 3127681
5.82424 3130561
5.82663 3133441
5.86078 3136321
5.86317 3139201
5.86632 3142081
5.86872 3144961
5.90325 3147841
5.90564 3150721
5.90803 3153601
5.91042 3156481
5.94413 3159361
5.94653 3162241
5.94929 3165121
5.95168 3168001
5.98539 3170881
5.98778 3173761
5.99018 3176641
5.99296 3179521
5.99535 3182401
6.02787 3185281
6.03026 3188161
6.03266 3191041
6.03544 3193921
6.11125 3212641
6.12161 3215521
6.15215 3218401
6.16369 3221281
6.1946 3224161
6.20577 3227041
6.23588 3229921
6.24666 3232801
6.27716 3235681
6.28755 3238561
6.31844 3241441
6.32083 3244321
6.32964 3247201
6.36092 3250081
6.36331 3252961
6.37172 3255841
6.403 3258721
6.40539 3261601
6.4142 3264481
6.44389 3267361
6.44628 3270241
6.45547 3273121
6.48478 3276001
6.48717 3278881
6.49675 3281761
6.52567 3284641
6.52806 3287521
6.53045 3290401
6.53923 3293281
6.56776 3296161
6.57015 3299041
6.57254 3301921
6.58132 3304801
6.61022 3307681
6.61261 3310561
6.61501 3313441
6.6226 3316321
6.6515 3319201
6.65389 3322081
6.65629 3324961
6.66389 3327841
6.69278 3330721
6.69517 3333601
6.69757 3336481
6.70517 3339361
6.70756 3342241
6.73487 3345121
6.73726 3348001
6.73965 3350881
6.74763 3353761
6.75002 3356641
6.77695 3359521
6.77934 3362401
6.78173 3365281
6.78976 3368161
6.79215 3371041
6.81904 3373921
6.82143 3376801
6.82382 3379681
6.83104 3382561
6.83343 3385441
6.86029 3388321
6.86269 3391201
6.8651 3394081
6.87232 3396961
6.87471 3399841
6.90157 3402721
6.90397 3405601
6.90636 3408481
6.90875 3411361
6.91472 3414241
6.91711 3417121
6.94405 3420001
6.94644 3422881
6.94883 3425761
6.95122 3428641
6.9572 3431521
6.95959 3434401
6.98653 3437281
6.98892 3440161
6.99131 3443041
6.9937 3445921
6.99848 3448801
7.00087 3451681
7.02781 3454561
7.0302 3457441
7.03259 3460321
7.03498 3463201
7.03976 3466081
7.04215 3468961
7.06869 3471841
7.07109 3474721
7.07348 3477601
7.07587 3480481
7.08065 3483361
7.08304 3486241
7.08543 3489121
7.11078 3492001
7.11317 3494881
7.11556 3497761
7.11795 3500641
7.12273 3503521
7.12512 3506401
7.12752 3509281
7.15286 3512161
7.15525 3515041
7.15765 3517921
7.16004 3520801
7.16482 3523681
7.16721 3526561
7.1696 3529441
7.19375 3532321
7.19614 3535201
7.19853 3538081
7.20093 3540961
7.20571 3543841
7.2081 3546721
7.21088 3549601
7.23464 3552481
7.23703 3555361
7.23942 3558241
7.24181 3561121
7.2466 3564001
7.24938 3566881
7.25177 3569761
7.27553 3572641
7.27792 3575521
7.28031 3578401
7.2827 3581281
7.28509 3584161
7.28868 3587041
7.29186 3589921
7.29465 3592801
7.31762 3595681
7.32001 3598561
7.3224 3601441
7.32479 3604321
7.33116 3610081
7.33394 3612961
7.33712 3615841
7.3597 3618721
7.36209 3621601
7.36448 3624481
7.36687 3627361
7.37205 3630241
7.37483 3633121
7.37722 3636001
7.37961 3638881
7.40059 3641761
7.40298 3644641
7.40537 3647521
7.40776 3650401
7.41293 3653281
7.41611 3656161
7.4185 3659041
7.42089 3661921
7.44148 3664801
7.44387 3667681
7.44626 3670561
7.44865 3673441
7.45382 3676321
7.45661 3679201
7.459 3682081
7.46139 3684961
7.46378 3687841
7.48357 3690721
7.48596 3693601
7.48873 3696481
7.49112 3699361
7.49629 3702241
7.49908 3705121
7.50147 3708001
7.50386 3710881
7.50625 3713761
7.52565 3716641
7.52804 3719521
7.53081 3722401
7.53321 3725281
7.53838 3728161
7.54117 3731041
7.54395 3733921
7.54634 3736801
7.54873 3739681
7.56655 3742561
7.56932 3745441
7.57171 3748321
7.5741 3751201
7.57927 3754081
7.58205 3756961
7.58523 3759841
7.58762 3762721
7.59001 3765601
7.60783 3768481
7.6106 3771361
7.61299 3774241
7.61538 3777121
7.62016 3780001
7.62294 3782881
7.62612 3785761
7.62851 3788641
7.6309 3791521
7.63329 3794401
7.64991 3797281
7.65269 3800161
7.65508 3803041
7.65747 3805921
7.66224 3808801
7.66543 3811681
7.66821 3814561
7.6706 3817441
7.67299 3820321
7.67538 3823201
7.692 3826081
7.69477 3828961
7.69716 3831841
7.69955 3834721
7.70433 3837601
7.70751 3840481
7.71029 3843361
7.71268 3846241
7.71507 3849121
7.71746 3852001
7.73289 3854881
7.73566 3857761
7.73805 3860641
7.74044 3863521
7.74521 3866401
7.74879 3869281
7.75118 3872161
7.75357 3875041
7.75596 3877921
7.75835 3880801
7.77378 3883681
7.77655 3886561
7.77894 3889441
7.78133 3892321
7.7861 3895201
7.78968 3898081
7.79328 3899521
7.83776 3934081
7.86627 3936961
7.86948 3939841
7.87267 3942721
7.87627 3945601
7.87866 3948481
7.90874 3951361
7.91156 3954241
7.91476 3957121
7.91836 3960001
7.92075 3962881
7.95083 3965761
7.95365 3968641
7.95684 3971521
7.96044 3974401
7.96318 3977281
7.99291 3980161
7.9953 3983041
7.99773 3985921
8.00133 3988801
8.00446 3991681
8.0338 3994561
8.03619 3997441
8.03862 4000321
8.04222 4003201
8.04575 4006081
8.07469 4008961
8.07708 4011841
8.07949 4014721
8.08227 4017601
8.0847 4020481
8.08823 4023361
8.11677 4026241
8.11916 4029121
8.12235 4032001
8.12474 4034881
8.12713 4037761
8.13031 4040641
8.15886 4043521
8.16125 4046401
8.16483 4049281
8.16722 4052161
8.16961 4055041
8.172 4057921
8.19975 4060801
8.20214 4063681
8.20612 4066561
8.20851 4069441
8.2109 4072321
8.21329 4075201
8.24102 4078081
8.24341 4080961
8.247 4083841
8.2494 4086721
8.25179 4089601
8.25418 4092481
8.25657 4095361
8.2835 4098241
8.28589 4101121
8.28909 4104001
8.29148 4106881
8.29387 4109761
8.29626 4112641
8.29904 4115521
8.32598 4118401
8.32837 4121281
8.33117 4124161
8.33356 4127041
8.33596 4129921
8.33835 4132801
8.34273 4134241
8.40936 4158721
8.42171 4161601
8.42572 4164481
8.45026 4167361
8.46419 4170241
8.46819 4173121
8.49235 4176001
8.50666 4178881
8.50946 4181761
8.53324 4184641
8.54755 4187521
8.55035 4190401
8.57413 4193281
8.58844 4196161
8.59163 4199041
8.59402 4201921
8.61621 4204801
8.63052 4207681
8.63373 4210561
8.63649 4213441
8.65868 4216321
8.67261 4219201
8.67658 4222081
8.67897 4224961
8.70076 4227841
8.7135 4230721
8.71787 4233601
8.72026 4236481
8.74165 4239361
8.75476 4242241
8.75915 4245121
8.76154 4248001
8.78293 4250881
8.79604 4253761
8.79843 4256641
8.80162 4259521
8.80401 4262401
8.82541 4265281
8.83852 4268161
8.84091 4271041
8.8441 4273921
8.84649 4276801
8.86749 4279681
8.8806 4282561
8.883 4285441
8.8862 4288321
8.88859 4291201
8.90838 4294081
8.92188 4296961
8.92429 4299841
8.92748 4302721
8.93011 4305601
8.94927 4308481
8.96277 4311361
8.96518 4314241
8.96836 4317121
8.97139 4320001
8.97378 4322881
8.99169 4325761
9.00486 4328641
9.00726 4331521
9.01083 4334401
9.01387 4337281
9.01626 4340161
9.03416 4343041
9.04694 4345921
9.04935 4348801
9.05331 4351681
9.05596 4354561
9.05835 4357441
9.07664 4360321
9.08783 4363201
9.09062 4366081
9.0946 4368961
9.09724 4371841
9.09963 4374721
9.11753 4377601
9.12872 4380481
9.1319 4383361
9.13628 4386241
9.13867 4389121
9.14106 4392001
9.15842 4394881
9.16999 4397761
9.17239 4400641
9.17478 4403521
9.17837 4406401
9.18076 4409281
9.18315 4412161
9.2005 4415041
9.21247 4417921
9.21487 4420801
9.21726 4423681
9.22084 4426561
9.22323 4429441
9.22562 4432321
9.24259 4435201
9.25457 4438081
9.25735 4440961
9.25974 4443841
9.26213 4446721
9.26452 4449601
9.26691 4452481
9.28348 4455361
9.29546 4458241
9.29863 4461121
9.30102 4464001
9.30341 4466881
9.3058 4469761
9.30819 4472641
9.32436 4475521
9.33635 4478401
9.33952 4481281
9.34191 4484161
9.3443 4487041
9.34669 4489921
9.34909 4492801
9.35148 4495681
9.36645 4498561
9.37881 4501441
9.3816 4504321
9.384 4507201
9.38678 4510081
9.38917 4512961
9.39156 4515841
9.39395 4518721
9.40853 4521601
9.4209 4524481
9.42369 4527361
9.42608 4530241
9.42926 4533121
9.43165 4536001
9.43404 4538881
9.43643 4541761
9.44942 4544641
9.46218 4547521
9.46458 4550401
9.46736 4553281
9.47015 4556161
9.47254 4559041
9.47493 4561921
9.47732 4564801
9.49031 4567681
9.50346 4570561
9.50625 4573441
9.50864 4576321
9.51104 4579201
9.51343 4582081
9.51582 4584961
9.51821 4587841
9.5206 4590721
9.53278 4593601
9.54594 4596481
9.54872 4599361
9.55112 4602241
9.55351 4605121
9.5559 4608001
9.55829 4610881
9.56068 4613761
9.56307 4616641
9.57526 4619521
9.58841 4622401
9.59082 4625281
9.59321 4628161
9.59561 4631041
9.64129 4661281
9.67501 4664161
9.6774 4667041
9.6798 4669921
9.6822 4672801
9.71709 4675681
9.71948 4678561
9.72189 4681441
9.72428 4684321
9.75918 4687201
9.76157 4690081
9.76396 4692961
9.76635 4695841
9.80007 4698721
9.80246 4701601
9.80485 4704481
9.80762 4707361
9.84096 4710241
9.84335 4713121
9.84574 4716001
9.84813 4718881
9.85052 4721761
9.88304 4724641
9.88543 4727521
9.88821 4730401
9.8906 4733281
9.89299 4736161
9.92513 4739041
9.92752 4741921
9.9307 4744801
9.93309 4747681
9.93548 4750561
9.9664 4753441
9.9688 4756321
9.97159 4759201
9.97398 4762081
9.97637 4764961
10.0077 4767841
10.0101 4770721
10.0565 4790881
10.0935 4793761
10.097 4796641
10.1347 4799521
10.1379 4802401
10.1756 4805281
10.1792 4808161
10.2169 4811041
10.2205 4813921
10.2229 4816801
10.2594 4819681
10.2626 4822561
10.2654 4825441
10.3015 4828321
10.305 4831201
10.3075 4834081
10.3427 4836961
10.3463 4839841
10.3487 4842721
10.3836 4845601
10.3872 4848481
10.39 4851361
10.4249 4854241
10.4285 4857121
10.4309 4860001
10.4333 4862881
10.4674 4865761
10.471 4868641
10.4734 4871521
10.4758 4874401
10.5099 4877281
10.5131 4880161
10.5155 4883041
10.5178 4885921
10.5508 4888801
10.554 4891681
10.5563 4894561
10.5591 4897441
10.5916 4900321
10.5948 4903201
10.5976 4906081
10.6 4908961
10.6325 4911841
10.6349 4914721
10.6377 4917601
10.6401 4920481
10.6425 4923361
10.6746 4926241
10.677 4929121
10.6802 4932001
10.6826 4934881
10.685 4937761
10.7171 4940641
10.7195 4943521
10.7219 4946401
10.7243 4949281
10.7267 4952161
10.7584 4955041
10.7608 4957921
10.7632 4960801
10.7656 4963681
10.768 4966561
10.7993 4969441
10.8021 4972321
10.8045 4975201
10.8068 4978081
10.8092 4980961
10.8116 4983841
10.8413 4986721
10.8441 4989601
10.8465 4992481
10.8489 4995361
10.8513 4998241
10.8537 5001121
10.8838 5004001
10.8862 5006881
10.8886 5009761
10.891 5012641
10.8934 5015521
10.8958 5018401
10.9251 5021281
10.9275 5024161
10.9299 5027041
10.9323 5029921
10.9347 5032801
10.9371 5035681
10.966 5038561
10.9688 5041441
10.9712 5044321
10.9736 5047201
10.976 5050081
10.9784 5052961
11.0069 5055841
11.0097 5058721
11.0121 5061601
11.0145 5064481
11.0168 5067361
11.0192 5070241
11.0216 5073121
11.0494 5076001
11.0522 5078881
11.0545 5081761
11.0581 5083201
11.103 5107681
11.1391 5110561
11.1415 5113441
11.1439 5116321
11.1812 5119201
11.1836 5122081
11.186 5124961
11.2233 5127841
11.2257 5130721
11.2281 5133601
11.2643 5136481
11.2667 5139361
11.2691 5142241
11.3052 5145121
11.3076 5148001
11.31 5150881
11.3124 5153761
11.3473 5156641
11.3497 5159521
11.3521 5162401
11.3548 5165281
11.3894 5168161
11.3922 5171041
11.3945 5173921
11.3969 5176801
11.4303 5179681
11.4334 5182561
11.4358 5185441
11.4382 5188321
11.4711 5191201
11.4743 5194081
11.4767 5196961
11.4791 5199841
11.5124 5202721
11.5148 5205601
11.5172 5208481
11.5196 5211361
11.522 5214241
11.5549 5217121
11.5573 5220001
11.5597 5222881
11.5621 5225761
11.5645 5228641
11.5974 5231521
11.5998 5234401
11.6022 5237281
11.6046 5240161
11.6069 5243041
11.6387 5245921
11.6411 5248801
11.6434 5251681
11.6458 5254561
11.6482 5257441
11.6799 5260321
11.6823 5263201
11.6847 5266081
11.6871 5268961
11.6895 5271841
11.6919 5274721
11.7224 5277601
11.7248 5280481
11.7272 5283361
11.7296 5286241
11.732 5289121
11.7344 5292001
11.7645 5294881
11.7669 5297761
11.7693 5300641
11.7717 5303521
11.7741 5306401
11.7765 5309281
11.8054 5312161
11.8082 5315041
11.8106 5317921
11.813 5320801
11.8153 5323681
11.8177 5326561
11.8463 5329441
11.8495 5332321
11.8519 5335201
11.8542 5338081
11.8566 5340961
11.859 5343841
11.8876 5346721
11.8903 5349601
11.8927 5352481
11.8951 5355361
11.8975 5358241
11.8999 5361121
11.9023 5364001
11.9304 5366881
11.9328 5369761
11.9352 5372641
11.9376 5375521
11.94 5378401
11.9424 5381281
11.9448 5384161
11.9729 5387041
11.9753 5389921
11.9777 5392801
11.9801 5395681
11.9849 5401441
11.9873 5404321
12.0138 5407201
12.0162 5410081
12.0186 5412961
12.021 5415841
12.0258 5418721
12.0281 5421601
12.0305 5424481
12.0547 5427361
12.0571 5430241
12.0595 5433121
12.0619 5436001
12.0666 5438881
12.069 5441761
12.0714 5444641
12.0738 5447521
12.0968 5450401
12.0992 5453281
12.1016 5456161
12.104 5459041
12.1087 5461921
12.1111 5464801
12.1135 5467681
12.1159 5470561
12.1389 5473441
12.1413 5476321
12.1436 5479201
12.146 5482081
12.1508 5484961
12.1532 5487841
12.1556 5490721
12.158 5493601
12.1798 5496481
12.1825 5499361
12.1849 5502241
12.1873 5505121
12.1917 5508001
12.1941 5510881
12.1965 5513761
12.1989 5516641
12.2206 5519521
12.2234 5522401
12.2258 5525281
12.2282 5528161
12.2326 5531041
12.235 5533921
12.2374 5536801
12.2398 5539681
12.2422 5542561
12.2627 5545441
12.2655 5548321
12.2679 5551201
12.2703 5554081
12.2747 5556961
12.2771 5559841
12.2798 5562721
12.2822 5565601
12.2846 5568481
12.3048 5571361
12.3076 5574241
12.31 5577121
12.3124 5580001
12.3168 5582881
12.3192 5585761
12.3223 5588641
12.3247 5591521
12.3271 5594401
12.3469 5597281
12.3493 5600161
12.3517 5603041
12.3541 5605921
12.3577 5608801
12.36 5611681
12.3632 5614561
12.3656 5617441
12.368 5620321
12.3878 5623201
12.3902 5626081
12.3926 5628961
12.395 5631841
12.3989 5634721
12.4013 5637601
12.4041 5640481
12.4065 5643361
12.4089 5646241
12.4287 5649121
12.4311 5652001
12.4335 5654881
12.4358 5657761
12.4382 5660641
12.4414 5663521
12.4438 5666401
12.4462 5669281
12.4486 5672161
12.451 5675041
12.4708 5677921
12.4732 5680801
12.4755 5683681
12.4779 5686561
12.4803 5689441
12.4835 5692321
12.4859 5695201
12.4883 5698081
12.4907 5700961
12.4931 5703841
12.5128 5706721
12.5156 5709601
12.518 5712481
12.5204 5715361
12.5228 5718241
12.5252 5721121
12.5276 5724001
12.53 5726881
12.5324 5729761
12.5347 5732641
12.5537 5735521
12.5569 5738401
12.5593 5741281
12.5617 5744161
12.5641 5747041
12.5665 5749921
12.5689 5752801
12.5712 5755681
12.5736 5758561
12.576 5761441
12.5946 5764321
12.5978 5767201
12.6002 5770081
12.6026 5772961
12.605 5775841
12.6074 5778721
12.6097 5781601
12.6121 5784481
12.6145 5787361
12.6169 5790241
12.6193 5793121
12.6371 5796001
12.6399 5798881
12.6423 5801761
12.6447 5804641
12.647 5807521
12.6494 5810401
12.6518 5813281
12.6542 5816161
12.6566 5819041
12.659 5821921
12.6614 5824801
12.6792 5827681
12.6823 5830561
12.6847 5833441
12.6871 5836321
12.6895 5839201
12.6919 5842081
12.6943 5844961
12.6967 5847841
12.6991 5850721
12.7015 5853601
12.7039 5856481
12.7201 5859361
12.7232 5862241
12.7256 5865121
12.728 5868001
12.7304 5870881
12.7328 5873761
12.7352 5876641
12.7376 5879521
12.74 5882401
12.7424 5885281
12.7448 5888161
12.7613 5891041
12.7641 5893921
12.7665 5896801
12.7689 5899681
12.7713 5902561
12.7737 5905441
12.7761 5908321
12.7785 5911201
12.7809 5914081
12.7833 5916961
12.7856 5919841
12.788 5922721
12.8034 5925601
12.8062 5928481
12.8086 5931361
12.811 5934241
12.8134 5937121
12.8158 5940001
12.8182 5942881
12.8206 5945761
12.8229 5948641
12.8253 5951521
12.8277 5954401
12.8301 5957281
12.8459 5960161
12.8483 5963041
12.8507 5965921
12.8531 5968801
12.8555 5971681
12.8579 5974561
12.8603 5977441
12.8626 5980321
12.865 5983201
12.8674 5986081
12.8698 5988961
12.8722 5991841
12.8872 5994721
12.8896 5997601
12.892 6000481
12.8943 6003361
12.8967 6006241
12.8991 6009121
12.9015 6012001
12.9039 6014881
12.9063 6017761
12.9087 6020641
12.9111 6023521
12.9135 6026401
12.9285 6029281
12.9308 6032161
12.9332 6035041
12.9356 6037921
12.938 6040801
12.9404 6043681
12.9428 6046561
12.9452 6049441
12.9476 6052321
12.95 6055201
12.9524 6058081
12.9547 6060961
12.9697 6063841
12.9721 6066721
12.9745 6069601
12.9769 6072481
12.9793 6075361
12.9817 6078241
12.9841 6081121
12.9865 6084001
12.9889 6086881
12.9912 6089761
12.9936 6092641
12.996 6095521
12.9984 6098401
13.0124 6101281
13.0148 6104161
13.0172 6107041
13.0196 6109921
13.022 6112801
13.0243 6115681
13.0267 6118561
13.0291 6121441
13.0315 6124321
13.0339 6127201
13.0363 6130081
13.0387 6132961
13.0411 6135841
13.0549 6138721
13.0573 6141601
13.0596 6144481
13.062 6147361
13.0644 6150241
13.0668 6153121
13.0692 6156001
13.0716 6158881
13.074 6161761
13.0764 6164641
13.0788 6167521
13.0812 6170401
13.0836 6173281
13.0958 6176161
13.0981 6179041
13.1005 6181921
13.1029 6184801
13.1053 6187681
13.1077 6190561
13.1101 6193441
13.1125 6196321
13.1149 6199201
13.1173 6202081
13.1199 6204961
13.1223 6207841
13.1247 6210721
13.1366 6213601
13.139 6216481
13.1414 6219361
13.1438 6222241
13.1462 6225121
13.1488 6228001
13.1512 6230881
13.1536 6233761
13.156 6236641
13.1584 6239521
13.1612 6242401
13.1636 6245281
13.166 6248161
13.1683 6251041
13.1787 6253921
13.1811 6256801
13.1835 6259681
13.1859 6262561
13.1883 6265441
13.1913 6268321
13.1937 6271201
13.1961 6274081
13.1985 6276961
13.2009 6279841
13.2036 6282721
13.206 6285601
13.2084 6288481
13.2108 6291361
13.2212 6294241
13.2236 6297121
13.226 6300001
13.2284 6302881
13.2307 6305761
13.2334 6308641
13.2358 6311521
13.2382 6314401
13.2406 6317281
13.2866 6361921
13.3143 6364801
13.3167 6367681
13.3191 6370561
13.3215 6373441
13.3239 6376321
13.3267 6379201
13.3552 6382081
13.3576 6384961
13.36 6387841
13.3624 6390721
13.3648 6393601
13.3677 6396481
13.3961 6399361
13.3985 6402241
13.4009 6405121
13.4033 6408001
13.4057 6410881
13.4081 6413761
13.4109 6416641
13.4386 6419521
13.441 6422401
13.4434 6425281
13.4902 6449761
13.5264 6452641
13.5288 6455521
13.5311 6458401
13.5688 6461281
13.5712 6464161
13.5736 6467041
13.6109 6469921
13.6133 6472801
13.6157 6475681
13.6518 6478561
13.6542 6481441
13.6566 6484321
13.6931 6487201
13.6955 6490081
13.6978 6492961
13.7002 6495841
13.7351 6498721
13.7375 6501601
13.7399 6504481
13.7427 6507361
13.7772 6510241
13.7796 6513121
13.7821 6516001
13.7852 6518881
13.8181 6521761
13.8205 6524641
13.8233 6527521
13.8261 6530401
13.859 6533281
13.8614 6536161
13.8646 6539041
13.867 6541921
13.8999 6544801
13.9023 6547681
13.9047 6550561
13.9071 6553441
13.9095 6556321
13.9424 6559201
13.9448 6562081
13.9472 6564961
13.9496 6567841
13.952 6570721
13.9845 6573601
13.9869 6576481
13.9892 6579361
13.9917 6582241
13.9941 6585121
14.0254 6588001
14.0277 6590881
14.0301 6593761
14.0326 6596641
14.0349 6599521
14.0662 6602401
14.0686 6605281
14.071 6608161
14.0734 6611041
14.0758 6613921
14.0782 6616801
14.1085 6619681
14.1109 6622561
14.1133 6625441
14.1159 6628321
14.1183 6631201
14.1207 6634081
14.1506 6636961
14.153 6639841
14.1554 6642721
14.158 6645601
14.1604 6648481
14.1628 6651361
14.1915 6654241
14.1939 6657121
14.1963 6660001
14.1989 6662881
14.2013 6665761
14.2037 6668641
14.2324 6671521
14.2348 6674401
14.2372 6677281
14.2402 6680161
14.2426 6683041
14.2449 6685921
14.2735 6688801
14.2759 6691681
14.2783 6694561
14.281 6697441
14.2834 6700321
14.2858 6703201
14.2882 6706081
14.3157 6708961
14.3181 6711841
14.3205 6714721
14.3231 6717601
14.3255 6720481
14.3279 6723361
14.3303 6726241
14.3578 6729121
14.3602 6732001
14.3626 6734881
14.3652 6737761
14.3676 6740641
14.37 6743521
14.3724 6746401
14.3991 6749281
14.4015 6752161
14.4039 6755041
14.4065 6757921
14.4089 6760801
14.4113 6763681
14.4137 6766561
14.44 6769441
14.4424 6772321
14.4447 6775201
14.4474 6778081
14.4498 6780961
14.4522 6783841
14.4546 6786721
14.457 6789601
14.4821 6792481
14.4844 6795361
14.4868 6798241
14.4899 6801121
14.4923 6804001
14.4946 6806881
14.497 6809761
14.4994 6812641
14.5241 6815521
14.5265 6818401
14.5289 6821281
14.532 6824161
14.5343 6827041
14.5367 6829921
14.5391 6832801
14.5415 6835681
14.5654 6838561
14.5678 6841441
14.5702 6844321
14.5728 6847201
14.5752 6850081
14.5776 6852961
14.58 6855841
14.5824 6858721
14.6067 6861601
14.6091 6864481
14.6115 6867361
14.6139 6870241
14.6163 6873121
14.6187 6876001
14.6234 6881761
14.6258 6884641
14.6492 6887521
14.6516 6890401
14.654 6893281
14.6564 6896161
14.6587 6899041
14.6611 6901921
14.6655 6904801
14.6679 6907681
14.6703 6910561
14.6913 6913441
14.6937 6916321
14.696 6919201
14.6984 6922081
14.7008 6924961
14.7032 6927841
14.7076 6930721
14.7102 6933601
14.7126 6936481
14.7333 6939361
14.7357 6942241
14.7381 6945121
14.7405 6948001
14.7429 6950881
14.7453 6953761
14.7485 6956641
14.7515 6959521
14.7539 6962401
14.7742 6965281
14.7766 6968161
14.779 6971041
14.7814 6973921
14.7838 6976801
14.7862 6979681
14.7894 6982561
14.7924 6985441
14.7948 6988321
14.8151 6991201
14.8175 6994081
14.8199 6996961
14.8223 6999841
14.8247 7002721
14.8271 7005601
14.8295 7008481
14.8319 7011361
14.8345 7014241
14.8369 7017121
14.8572 7020001
14.8596 7022881
14.862 7025761
14.8644 7028641
14.8672 7031521
14.8695 7034401
14.8719 7037281
14.8743 7040161
14.877 7043041
14.8794 7045921
14.8993 7048801
14.9017 7051681
14.9041 7054561
14.9065 7057441
14.9089 7060321
14.9112 7063201
14.9136 7066081
14.916 7068961
14.9184 7071841
14.9208 7074721
14.9402 7077601
14.9426 7080481
14.9886 7113601
15.0038 7116481
15.0232 7119361
15.0256 7122241
15.0287 7125121
15.0447 7128001
15.0641 7130881
15.0665 7133761
15.0696 7136641
15.0856 7139521
15.088 7142401
15.1065 7145281
15.1089 7148161
15.1121 7151041
15.1277 7153921
15.1301 7156801
15.149 7159681
15.1514 7162561
15.1546 7165441
15.1697 7168321
15.1721 7171201
15.1915 7174081
15.1939 7176961
15.1963 7179841
15.2106 7182721
15.213 7185601
15.2328 7188481
15.2352 7191361
15.2376 7194241
15.2515 7197121
15.2539 7200001
15.2741 7202881
15.2765 7205761
15.2789 7208641
15.2812 7211521
15.2936 7214401
15.296 7217281
15.3165 7220161
15.3189 7223041
15.3213 7225921
15.3237 7228801
15.3357 7231681
15.3381 7234561
15.359 7237441
15.3614 7240321
15.3638 7243201
15.3662 7246081
15.3766 7248961
15.379 7251841
15.3999 7254721
15.4023 7257601
15.4047 7260481
15.4071 7263361
15.4175 7266241
15.4201 7269121
15.4408 7272001
15.4432 7274881
15.4456 7277761
15.448 7280641
15.4584 7283521
15.4608 7286401
15.4631 7289281
15.4829 7292161
15.4853 7295041
15.4877 7297921
15.4901 7300801
15.5005 7303681
15.5028 7306561
15.5052 7309441
15.5253 7312321
15.5277 7315201
15.5301 7318081
15.5325 7320961
15.5429 7323841
15.5453 7326721
15.5477 7329601
15.5662 7332481
15.5686 7335361
15.571 7338241
15.5734 7341121
15.5838 7344001
15.5862 7346881
15.5886 7349761
15.6071 7352641
15.6095 7355521
15.6119 7358401
15.6143 7361281
15.6247 7364161
15.6271 7367041
15.6295 7369921
15.648 7372801
15.6504 7375681
15.6528 7378561
15.6552 7381441
15.658 7384321
15.6668 7387201
15.6692 7390081
15.6716 7392961
15.6901 7395841
15.6925 7398721
15.6949 7401601
15.6977 7404481
15.7004 7407361
15.7089 7410241
15.7113 7413121
15.7137 7416001
15.7322 7418881
15.7346 7421761
15.737 7424641
15.7394 7427521
15.7417 7430401
15.7498 7433281
15.7522 7436161
15.7546 7439041
15.7731 7441921
15.7759 7444801
15.7782 7447681
15.7806 7450561
15.783 7453441
15.7907 7456321
15.7931 7459201
15.7956 7462081
15.8144 7464961
15.8171 7467841
15.8195 7470721
15.8219 7473601
15.8243 7476481
15.8267 7479361
15.834 7480801
15.8784 7509601
15.9077 7512481
15.9101 7515361
15.9169 7518241
15.9193 7521121
15.9498 7524001
15.9522 7526881
15.959 7529761
15.9614 7532641
15.9919 7535521
15.9946 7538401
16.0014 7541281
16.0038 7544161
16.0363 7549921
16.0423 7552801
16.0447 7555681
16.0772 7558561
16.0796 7561441
16.0832 7564321
16.0856 7567201
16.1181 7570081
16.1205 7572961
16.1241 7575841
16.1265 7578721
16.1289 7581601
16.1602 7584481
16.1626 7587361
16.1662 7590241
16.1686 7593121
16.171 7596001
16.2026 7598881
16.205 7601761
16.2086 7604641
16.211 7607521
16.2134 7610401
16.2439 7613281
16.2463 7616161
16.2499 7619041
16.2523 7621921
16.2547 7624801
16.2848 7627681
16.2872 7630561
16.2908 7633441
16.2932 7636321
16.2956 7639201
16.3257 7642081
16.3281 7644961
16.3305 7647841
16.3329 7650721
16.3353 7653601
16.3377 7656481
16.3678 7659361
16.3702 7662241
16.3726 7665121
16.375 7668001
16.3773 7670881
16.3797 7673761
16.4099 7676641
16.4123 7679521
16.4147 7682401
16.4174 7685281
16.4198 7688161
16.4222 7691041
16.4508 7693921
16.4531 7696801
16.4555 7699681
16.4587 7702561
16.4611 7705441
16.4635 7708321
16.4916 7711201
16.494 7714081
16.4964 7716961
16.4996 7719841
16.5465 7721281
16.5814 7742881
16.5854 7745761
16.5877 7747201
16.6223 7750081
16.6278 7752961
16.6632 7755841
16.6659 7758721
16.6699 7761601
16.7056 7764481
16.7084 7767361
16.712 7770241
16.7481 7773121
16.7505 7776001
16.7541 7778881
16.789 7781761
16.7914 7784641
16.795 7787521
16.8299 7790401
16.8323 7793281
16.8359 7796161
16.8708 7799041
16.8732 7801921
16.8756 7804801
16.878 7807681
16.9132 7810561
16.9156 7813441
16.918 7816321
16.9204 7819201
16.9553 7822081
16.9577 7824961
16.9601 7827841
16.9625 7830721
16.9962 7833601
16.9986 7836481
17.001 7839361
17.0034 7842241
17.0371 7845121
17.0395 7848001
17.0419 7850881
17.0443 7853761
17.0467 7856641
17.0792 7859521
17.0816 7862401
17.084 7865281
17.0864 7868161
17.0888 7871041
17.1213 7873921
17.1237 7876801
17.1261 7879681
17.1288 7882561
17.1312 7885441
17.1634 7888321
17.1658 7891201
17.1681 7894081
17.1705 7896961
17.1729 7899841
17.2043 7902721
17.2066 7905601
17.209 7908481
17.2114 7911361
17.2138 7914241
17.2455 7917121
17.2479 7920001
17.2503 7922881
17.2527 7925761
17.2551 7928641
17.2575 7931521
17.288 7934401
17.2904 7937281
17.2928 7940161
17.2952 7943041
17.2976 7945921
17.3 7948801
17.3301 7951681
17.3325 7954561
17.3349 7957441
17.3373 7960321
17.3397 7963201
17.342 7966081
17.3714 7968961
17.3738 7971841
17.3762 7974721
17.3785 7977601
17.3809 7980481
17.3833 7983361
17.4127 7986241
17.415 7989121
17.4174 7992001
17.4198 7994881
17.4222 7997761
17.4246 8000641
17.427 8003521
17.4548 8006401
17.4572 8009281
17.4595 8012161
17.4619 8015041
17.4643 8017921
17.4667 8020801
17.4691 8023681
17.4968 8026561
17.4992 8029441
17.5016 8032321
17.504 8035201
17.5064 8038081
17.5088 8040961
17.5112 8043841
17.5377 8046721
17.5401 8049601
17.5425 8052481
17.5449 8055361
17.5473 8058241
17.5497 8061121
17.5521 8064001
17.5786 8066881
17.581 8069761
17.5834 8072641
17.5858 8075521
17.5882 8078401
17.5906 8081281
17.593 8084161
17.6195 8087041
17.6219 8089921
17.6243 8092801
17.6267 8095681
17.6291 8098561
17.6315 8101441
17.6339 8104321
17.6362 8107201
17.6616 8110081
17.664 8112961
17.6664 8115841
17.6688 8118721
17.6712 8121601
17.6736 8124481
17.6759 8127361
17.6783 8130241
17.7037 8133121
17.7061 8136001
17.7085 8138881
17.7109 8141761
17.7132 8144641
17.7156 8147521
17.718 8150401
17.7208 8153281
17.7446 8156161
17.747 8159041
17.7494 8161921
17.7517 8164801
17.7541 8167681
17.7565 8170561
17.7589 8173441
17.7621 8176321
17.7855 8179201
17.7879 8182081
17.7902 8184961
17.7926 8187841
17.795 8190721
17.7974 8193601
17.8002 8196481
17.8026 8199361
17.805 8202241
17.8275 8205121
17.8299 8208001
17.8323 8210881
17.8347 8213761
17.8371 8216641
17.8395 8219521
17.8427 8222401
17.8451 8225281
17.8475 8228161
17.8696 8231041
17.872 8233921
17.8744 8236801
17.8768 8239681
17.8792 8242561
17.8816 8245441
17.884 8248321
17.8864 8251201
17.8888 8254081
17.9105 8256961
17.9129 8259841
17.9153 8262721
17.9181 8265601
17.9205 8268481
17.9229 8271361
17.9253 8274241
17.9276 8277121
17.93 8280001
17.9514 8282881
17.9538 8285761
17.9562 8288641
17.9594 8291521
17.9617 8294401
17.9641 8297281
17.9665 8300161
17.9689 8303041
17.9713 8305921
17.9737 8308801
17.9935 8311681
17.9959 8314561
17.9983 8317441
18.0038 8323201
18.0062 8326081
18.0086 8328961
18.011 8331841
18.0134 8334721
18.0158 8337601
18.036 8340481
18.0384 8343361
18.0408 8346241
18.0459 8349121
18.0483 8352001
18.0507 8354881
18.0531 8357761
18.0555 8360641
18.0579 8363521
18.0603 8366401
18.0773 8369281
18.0796 8372161
18.082 8375041
18.0868 8377921
18.0892 8380801
18.0916 8383681
18.094 8386561
18.0964 8389441
18.0988 8392321
18.1011 8395201
18.1185 8398081
18.1209 8400961
18.1233 8403841
18.1277 8406721
18.1301 8409601
18.1325 8412481
18.1349 8415361
18.1373 8418241
18.1396 8421121
18.142 8424001
18.1594 8426881
18.1618 8429761
18.1642 8432641
18.1666 8435521
18.1698 8438401
18.1722 8441281
18.1746 8444161
18.177 8447041
18.1793 8449921
18.1817 8452801
18.1841 8455681
18.2019 8458561
18.2043 8461441
18.2067 8464321
18.2091 8467201
18.2119 8470081
18.2143 8472961
18.2166 8475841
18.219 8478721
18.2214 8481601
18.2238 8484481
18.2262 8487361
18.2444 8490241
18.2468 8493121
18.2492 8496001
18.2516 8498881
18.2539 8501761
18.2563 8504641
18.2587 8507521
18.2611 8510401
18.2635 8513281
18.2659 8516161
18.2683 8519041
18.2857 8521921
18.2881 8524801
18.2904 8527681
18.2928 8530561
18.2952 8533441
18.2976 8536321
18.3 8539201
18.3024 8542081
18.3048 8544961
18.3072 8547841
18.3096 8550721
18.3269 8553601
18.3293 8556481
18.3317 8559361
18.3341 8562241
18.3365 8565121
18.3389 8568001
18.3413 8570881
18.3437 8573761
18.3461 8576641
18.3485 8579521
18.3508 8582401
18.3532 8585281
18.3694 8588161
18.3718 8591041
18.3742 8593921
18.3766 8596801
18.379 8599681
18.3814 8602561
18.3838 8605441
18.3862 8608321
18.3885 8611201
18.3909 8614081
18.3933 8616961
18.3957 8619841
18.4119 8622721
18.4143 8625601
18.4167 8628481
18.4191 8631361
18.4215 8634241
18.4238 8637121
18.4262 8640001
18.4286 8642881
18.431 8645761
18.4334 8648641
18.4358 8651521
18.4382 8654401
18.4532 8657281
18.4556 8660161
18.458 8663041
18.4603 8665921
18.4627 8668801
18.4651 8671681
18.4675 8674561
18.4699 8677441
18.4723 8680321
18.4747 8683201
18.4771 8686081
18.4795 8688961
18.4941 8691841
18.4965 8694721
18.4988 8697601
18.5012 8700481
18.5036 8703361
18.506 8706241
18.5087 8709121
18.511 8712001
18.5134 8714881
18.5158 8717761
18.5182 8720641
18.5206 8723521
18.523 8726401
18.5362 8729281
18.5385 8732161
18.5409 8735041
18.5433 8737921
18.5457 8740801
18.5481 8743681
18.5511 8746561
18.5535 8749441
18.5559 8752321
18.5583 8755201
18.5607 8758081
18.5631 8760961
18.5655 8763841
18.5782 8766721
18.5806 8769601
18.583 8772481
18.5854 8775361
18.5878 8778241
18.5902 8781121
18.5932 8784001
18.5956 8786881
18.598 8789761
18.6004 8792641
18.6028 8795521
18.6052 8798401
18.6076 8801281
18.6191 8804161
18.6215 8807041
18.6239 8809921
18.6263 8812801
18.6291 8815681
18.6315 8818561
18.6341 8821441
18.6365 8824321
18.6389 8827201
18.6413 8830081
18.6437 8832961
18.6461 8835841
18.6484 8838721
18.66 8841601
18.6624 8844481
18.6648 8847361
18.6672 8850241
18.6703 8853121
18.6727 8856001
18.6751 8858881
18.6775 8861761
18.6799 8864641
18.6823 8867521
18.6847 8870401
18.6871 8873281
18.6895 8876161
18.6919 8879041
18.7021 8881921
18.7045 8884801
18.7069 8887681
18.7093 8890561
18.7136 8892001
18.7584 8935201
18.7839 8938081
18.7863 8940961
18.7898 8943841
18.7922 8946721
18.7954 8949601
18.7984 8952481
18.8248 8955361
18.8272 8958241
18.8311 8961121
18.8335 8964001
18.8363 8966881
18.8393 8969761
18.8661 8972641
18.8684 8975521
18.8724 8978401
18.8748 8981281
18.8772 8984161
18.8802 8987041
18.9073 8989921
18.9097 8992801
18.9121 8995681
18.9149 8998561
18.9173 9001441
18.9197 9004321
18.9223 9007201
18.9498 9010081
18.9522 9012961
18.9546 9015841
18.9574 9018721
18.9598 9021601
18.9622 9024481
18.9646 9027361
18.9923 9030241
18.9947 9033121
18.9971 9036001
18.9999 9038881
19.0023 9041761
19.0046 9044641
19.007 9047521
19.0336 9050401
19.036 9053281
19.0384 9056161
19.0408 9059041
19.0432 9061921
19.0455 9064801
19.0479 9067681
19.0748 9070561
19.0772 9073441
19.0796 9076321
19.082 9079201
19.0844 9082081
19.0868 9084961
19.0892 9087841
19.0916 9090721
19.1173 9093601
19.1197 9096481
19.1221 9099361
19.1245 9102241
19.1269 9105121
19.1293 9108001
19.1317 9110881
19.1341 9113761
19.1598 9116641
19.1622 9119521
19.1646 9122401
19.167 9125281
19.1694 9128161
19.1717 9131041
19.1741 9133921
19.1765 9136801
19.2011 9139681
19.2035 9142561
19.2059 9145441
19.2082 9148321
19.2106 9151201
19.213 9154081
19.2154 9156961
19.2178 9159841
19.2424 9162721
19.2447 9165601
19.2471 9168481
19.2495 9171361
19.2519 9174241
19.2543 9177121
19.2567 9180001
19.2591 9182881
19.2615 9185761
19.2848 9188641
19.2872 9191521
19.2896 9194401
19.292 9197281
19.3381 9226081
19.3718 9228961
19.3742 9231841
19.3766 9234721
19.379 9237601
19.4139 9240481
19.4163 9243361
19.4187 9246241
19.4211 9249121
19.456 9252001
19.4587 9254881
19.4611 9257761
19.4635 9260641
19.4988 9263521
19.5012 9266401
19.5036 9269281
19.506 9272161
19.5401 9275041
19.5425 9277921
19.5449 9280801
19.5473 9283681
19.5814 9286561
19.5838 9289441
19.5862 9292321
19.5886 9295201
19.591 9298081
19.6239 9300961
19.6263 9303841
19.6286 9306721
19.631 9309601
19.6334 9312481
19.6663 9315361
19.6687 9318241
19.6711 9321121
19.6735 9324001
19.6759 9326881
19.7076 9329761
19.71 9332641
19.7124 9335521
19.7148 9338401
19.7172 9341281
19.7489 9344161
19.7513 9347041
19.7537 9349921
19.7561 9352801
19.7585 9355681
19.7609 9358561
19.7914 9361441
19.7938 9364321
19.7962 9367201
19.7985 9370081
19.8009 9372961
19.8033 9375841
19.8339 9378721
19.8362 9381601
19.8386 9384481
19.841 9387361
19.8434 9390241
19.8458 9393121
19.8759 9396001
19.8783 9398881
19.8807 9401761
19.8831 9404641
19.8855 9407521
19.8879 9410401
19.9168 9413281
19.9192 9416161
19.9216 9419041
19.924 9421921
19.9264 9424801
19.9288 9427681
19.9577 9430561
19.9601 9433441
19.9625 9436321
19.9649 9439201
19.9673 9442081
19.9701 9444961
19.9728 9447841
19.9998 9450721
20.0022 9453601
20.0046 9456481
20.007 9459361
20.0094 9462241
20.0122 9465121
20.0149 9468001
20.0419 9470881
20.0443 9473761
20.0471 9476641
20.0495 9479521
20.0518 9482401
20.0542 9485281
20.0566 9488161
20.0828 9491041
20.0856 9493921
20.088 9496801
20.0907 9499681
20.0931 9502561
20.0955 9505441
20.0979 9508321
20.1237 9511201
20.1265 9514081
20.1288 9516961
20.132 9519841
20.1344 9522721
20.1368 9525601
20.1392 9528481
20.1416 9531361
20.1661 9534241
20.1689 9537121
20.1713 9540001
20.1741 9542881
20.1765 9545761
20.1789 9548641
20.1813 9551521
20.1837 9554401
20.2082 9557281
20.2114 9560161
20.2138 9563041
20.2166 9565921
20.219 9568801
20.2214 9571681
20.2238 9574561
20.2262 9577441
20.2495 9580321
20.2523 9583201
20.2547 9586081
20.2575 9588961
20.2599 9591841
20.2623 9594721
20.2647 9597601
20.267 9600481
20.2904 9603361
20.2936 9606241
20.296 9609121
20.2984 9612001
20.3008 9614881
20.3032 9617761
20.3055 9620641
20.3079 9623521
20.3317 9626401
20.3341 9629281
20.3365 9632161
20.3389 9635041
20.3413 9637921
20.3436 9640801
20.346 9643681
20.3484 9646561
20.3508 9649441
20.3741 9652321
20.3765 9655201
20.3789 9658081
20.3813 9660961
20.3837 9663841
20.3861 9666721
20.3885 9669601
20.3909 9672481
20.3933 9675361
20.4166 9678241
20.419 9681121
20.4214 9684001
20.4238 9686881
20.4262 9689761
20.4286 9692641
20.431 9695521
20.4334 9698401
20.4357 9701281
20.4575 9704161
20.4599 9707041
20.4623 9709921
20.4647 9712801
20.4671 9715681
20.4695 9718561
20.4719 9721441
20.4742 9724321
20.4766 9727201
20.4984 9730081
20.5008 9732961
20.5032 9735841
20.5056 9738721
20.508 9741601
20.5104 9744481
20.5127 9747361
20.5151 9750241
20.5175 9753121
20.5199 9756001
20.5405 9758881
20.5429 9761761
20.5453 9764641
20.5477 9767521
20.5501 9770401
20.5525 9773281
20.5548 9776161
20.5572 9779041
20.6041 9812161
20.6367 9815041
20.639 9817921
20.6414 9820801
20.6438 9823681
20.6779 9826561
20.6803 9829441
20.6827 9832321
20.6851 9835201
20.7192 9838081
20.7216 9840961
20.724 9843841
20.7263 9846721
20.7287 9849601
20.7617 9852481
20.764 9855361
20.7664 9858241
20.7688 9861121
20.7712 9864001
20.8037 9866881
20.8061 9869761
20.8085 9872641
20.8109 9875521
20.8133 9878401
20.8446 9881281
20.847 9884161
20.8494 9887041
20.8518 9889921
20.8542 9892801
20.8855 9895681
20.8879 9898561
20.8907 9901441
20.8931 9904321
20.8955 9907201
20.8979 9910081
20.9276 9912961
20.93 9915841
20.9328 9918721
20.9352 9921601
20.9376 9924481
20.9399 9927361
20.9697 9930241
20.9721 9933121
20.9749 9936001
20.9772 9938881
20.9796 9941761
20.982 9944641
21.011 9947521
21.0133 9950401
21.0157 9953281
21.0181 9956161
21.0205 9959041
21.0229 9961921
21.0518 9964801
21.0542 9967681
21.0566 9970561
21.059 9973441
21.0614 9976321
21.0638 9979201
21.0927 9982081
21.0951 9984961
21.0975 9987841
21.0999 9990721
21.1023 9993601
21.1047 9996481
21.1071 9999361
21.1348 10002241
21.1372 10005121
21.1396 10008001
21.142 10010881
21.1444 10013761
21.1468 10016641
21.1492 10019521
21.1769 10022401
21.1817 10028161
21.1841 10031041
21.1865 10033921
21.1889 10036801
21.1912 10039681
21.2178 10042561
21.2226 10045441
21.225 10048321
21.2274 10051201
21.2297 10054081
21.2345 10059841
21.2587 10062721
21.2635 10065601
21.2659 10068481
21.2682 10071361
21.271 10074241
21.2734 10077121
21.277 10080001
21.2794 10082881
21.3008 10085761
21.3056 10088641
21.3079 10091521
21.3103 10094401
21.3135 10097281
21.3159 10100161
21.3191 10103041
21.3215 10105921
21.3429 10108801
21.3476 10111681
21.35 10114561
21.3524 10117441
21.3556 10120321
21.358 10123201
21.3612 10126081
21.3638 10128961
21.3837 10131841
21.3889 10134721
21.3913 10137601
21.3937 10140481
21.3965 10143361
21.3989 10146241
21.4021 10149121
21.4051 10152001
21.4246 10154881
21.4302 10157761
21.4326 10160641
21.4378 10166401
21.4401 10169281
21.443 10172161
21.446 10175041
21.4655 10177921
21.4711 10180801
21.4735 10183681
21.4759 10186561
21.4798 10189441
21.4822 10192321
21.4846 10195201
21.487 10198081
21.4894 10200961
21.5076 10203841
21.5132 10206721
21.5156 10209601
21.518 10212481
21.5219 10215361
21.5243 10218241
21.5267 10221121
21.5291 10224001
21.5315 10226881
21.5497 10229761
21.5557 10232641
21.558 10235521
21.5604 10238401
21.5628 10241281
21.5652 10244161
21.5676 10247041
21.57 10249921
21.5724 10252801
21.5906 10255681
21.5965 10258561
21.5989 10261441
21.6013 10264321
21.6037 10267201
21.6061 10270081
21.6085 10272961
21.6109 10275841
21.6133 10278721
21.6315 10281601
21.6398 10287361
21.6422 10290241
21.6446 10293121
21.647 10296001
21.6494 10298881
21.6518 10301761
21.6542 10304641
21.6566 10307521
21.6739 10310401
21.6819 10313281
21.6843 10316161
21.6867 10319041
21.6891 10321921
21.6915 10324801
21.6939 10327681
21.6963 10330561
21.6986 10333441
21.701 10336321
21.7164 10339201
21.724 10342081
21.7264 10344961
21.7288 10347841
21.7312 10350721
21.7336 10353601
21.7359 10356481
21.7383 10359361
21.7407 10362241
21.7431 10365121
21.7573 10368001
21.7649 10370881
21.7673 10373761
21.7697 10376641
21.7721 10379521
21.7744 10382401
21.7768 10385281
21.7792 10388161
21.7816 10391041
21.784 10393921
21.7982 10396801
21.8058 10399681
21.8082 10402561
21.8106 10405441
21.8129 10408321
21.8153 10411201
21.8177 10414081
21.8201 10416961
21.8225 10419841
21.8249 10422721
21.8275 10425601
21.8403 10428481
21.8479 10431361
21.8502 10434241
21.8526 10437121
21.855 10440001
21.8574 10442881
21.8598 10445761
21.8622 10448641
21.8646 10451521
21.8672 10454401
21.87 10457281
21.8824 10460161
21.8899 10463041
21.8923 10465921
21.8947 10468801
21.8971 10471681
21.8995 10474561
21.9019 10477441
21.9043 10480321
21.9067 10483201
21.9097 10486081
21.9125 10488961
21.9245 10491841
21.9308 10494721
21.9332 10497601
21.9356 10500481
21.938 10503361
21.9404 10506241
21.9428 10509121
21.9452 10512001
21.9476 10514881
21.9506 10517761
21.9538 10520641
21.9653 10523521
21.9717 10526401
21.9741 10529281
21.9765 10532161
21.9789 10535041
21.9813 10537921
21.9837 10540801
21.9864 10543681
21.9888 10546561
21.9915 10549441
21.9951 10552321
22.0062 10555201
22.0126 10558081
22.015 10560961
22.0174 10563841
22.0198 10566721
22.0222 10569601
22.0246 10572481
22.027 10575361
22.0293 10578241
22.0317 10581121
22.0341 10584001
22.0375 10586881
22.0483 10589761
22.0547 10592641
22.0571 10595521
22.0595 10598401
22.0619 10601281
22.0643 10604161
22.0666 10607041
22.069 10609921
22.0716 10612801
22.074 10615681
22.0764 10618561
22.08 10621441
22.0904 10624321
22.0968 10627201
22.0992 10630081
22.1016 10632961
22.104 10635841
22.1067 10638721
22.1091 10641601
22.1115 10644481
22.1139 10647361
22.1163 10650241
22.1187 10653121
22.1211 10656001
22.1313 10658881
22.1377 10661761
22.1401 10664641
22.1425 10667521
22.1448 10670401
22.148 10673281
22.1504 10676161
22.1528 10679041
22.1552 10681921
22.1576 10684801
22.16 10687681
22.1623 10690561
22.1722 10693441
22.1786 10696321
22.1809 10699201
22.1833 10702081
22.1857 10704961
22.1889 10707841
22.1913 10710721
22.1937 10713601
22.1961 10716481
22.1985 10719361
22.2008 10722241
22.2032 10725121
22.2056 10728001
22.2144 10730881
22.2206 10733761
22.2234 10736641
22.2258 10739521
22.2282 10742401
22.231 10745281
22.2334 10748161
22.2358 10751041
22.2381 10753921
22.2405 10756801
22.2429 10759681
22.2453 10762561
22.2477 10765441
22.2569 10768321
22.2628 10771201
22.2659 10774081
22.2683 10776961
22.2707 10779841
22.2731 10782721
22.2755 10785601
22.2779 10788481
22.2802 10791361
22.2826 10794241
22.285 10797121
22.2874 10800001
22.2898 10802881
22.2978 10805761
22.3041 10808641
22.3068 10811521
22.3092 10814401
22.3116 10817281
22.314 10820161
22.3164 10823041
22.3187 10825921
22.3211 10828801
22.3235 10831681
22.3259 10834561
22.3283 10837441
22.3307 10840321
22.3387 10843201
22.3454 10846081
22.3478 10848961
22.3505 10851841
22.3528 10854721
22.3552 10857601
22.3576 10860481
22.36 10863361
22.3624 10866241
22.3648 10869121
22.3672 10872001
22.3696 10874881
22.372 10877761
22.3744 10880641
22.3807 10883521
22.3875 10886401
22.3903 10889281
22.3931 10892161
22.3955 10895041
22.3979 10897921
22.4002 10900801
22.4026 10903681
22.405 10906561
22.4074 10909441
22.4098 10912321
22.4122 10915201
22.4146 10918081
22.417 10920961
22.4232 10923841
22.43 10926721
22.4324 10929601
22.4355 10932481
22.4379 10935361
22.4403 10938241
22.4427 10941121
22.4451 10944001
22.4475 10946881
22.4499 10949761
22.4523 10952641
22.4547 10955521
22.4571 10958401
22.4595 10961281
22.4645 10964161
22.4709 10967041
22.4733 10969921
22.4764 10972801
22.4788 10975681
22.4812 10978561
22.4836 10981441
22.486 10984321
22.4884 10987201
22.4908 10990081
22.4932 10992961
22.4956 10995841
22.498 10998721
22.5006 11001601
22.5054 11004481
22.5118 11007361
22.5142 11010241
22.5174 11013121
22.5197 11016001
22.5221 11018881
22.5245 11021761
22.5269 11024641
22.5293 11027521
22.5317 11030401
22.5341 11033281
22.5365 11036161
22.5389 11039041
22.5412 11041921
22.5439 11044801
22.5479 11047681
22.5542 11050561
22.5566 11053441
22.5602 11056321
22.5626 11059201
22.565 11062081
22.5674 11064961
22.5698 11067841
22.5722 11070721
22.5746 11073601
22.5769 11076481
22.5793 11079361
22.5817 11082241
22.5841 11085121
22.5865 11088001
22.5903 11090881
22.5967 11093761
22.5991 11096641
22.6027 11099521
22.6051 11102401
22.6075 11105281
22.6099 11108161
22.6123 11111041
22.6146 11113921
22.617 11116801
22.6194 11119681
22.6218 11122561
22.6242 11125441
22.6266 11128321
22.629 11131201
22.6316 11134081
22.638 11136961
22.6404 11139841
22.6436 11142721
22.646 11145601
22.6484 11148481
22.6508 11151361
22.6531 11154241
22.6555 11157121
22.6579 11160001
22.6603 11162881
22.663 11165761
22.6654 11168641
22.6678 11171521
22.6701 11174401
22.6725 11177281
22.6789 11180161
22.6813 11183041
22.6849 11185921
22.6872 11188801
22.6896 11191681
22.692 11194561
22.6944 11197441
22.6968 11200321
22.6992 11203201
22.7016 11206081
22.7043 11208961
22.7066 11211841
22.709 11214721
22.7114 11217601
22.7138 11220481
22.7166 11223361
22.721 11226241
22.7234 11229121
22.7269 11232001
22.7293 11234881
22.7317 11237761
22.7341 11240641
22.7368 11243521
22.7392 11246401
22.7415 11249281
22.7439 11252161
22.7467 11255041
22.7491 11257921
22.7515 11260801
22.7539 11263681
22.7563 11266561
22.7587 11269441
22.7631 11272321
22.7654 11275201
22.769 11278081
22.7714 11280961
22.7738 11283841
22.7762 11286721
22.7788 11289601
22.7816 11292481
22.784 11295361
22.7868 11298241
22.7892 11301121
22.7916 11304001
22.794 11306881
22.7964 11309761
22.7988 11312641
22.8012 11315521
22.8055 11318401
22.8079 11321281
22.8115 11322721
22.856 11373121
22.8794 11376001
22.8818 11378881
22.8842 11381761
22.8873 11384641
22.8897 11387521
22.8933 11390401
22.8957 11393281
22.9206 11396161
22.923 11399041
22.9254 11401921
22.9282 11404801
22.9306 11407681
22.9342 11410561
22.9366 11413441
22.9615 11416321
22.9639 11419201
22.9663 11422081
22.9687 11424961
22.9711 11427841
22.9735 11430721
22.9763 11433601
22.9787 11436481
23.0036 11439361
23.006 11442241
23.0084 11445121
23.0108 11448001
23.0132 11450881
23.0156 11453761
23.0188 11456641
23.0211 11459521
23.0457 11462401
23.0481 11465281
23.0505 11468161
23.0529 11471041
23.0553 11473921
23.0577 11476801
23.06 11479681
23.0624 11482561
23.0866 11485441
23.089 11488321
23.0914 11491201
23.0938 11494081
23.0962 11496961
23.0985 11499841
23.1009 11502721
23.1037 11505601
23.1275 11508481
23.1299 11511361
23.1323 11514241
23.1347 11517121
23.137 11520001
23.1398 11522881
23.1422 11525761
23.145 11528641
23.1474 11531521
23.1696 11534401
23.172 11537281
23.1743 11540161
23.1767 11543041
23.1791 11545921
23.1823 11548801
23.1847 11551681
23.1875 11554561
23.1899 11557441
23.2117 11560321
23.2141 11563201
23.2164 11566081
23.2188 11568961
23.2212 11571841
23.2244 11574721
23.2268 11577601
23.2292 11580481
23.2316 11583361
23.2526 11586241
23.255 11589121
23.2574 11592001
23.2601 11594881
23.2625 11597761
23.2653 11600641
23.2677 11603521
23.2701 11606401
23.2724 11609281
23.2935 11612161
23.2959 11615041
23.2982 11617921
23.3014 11620801
23.3038 11623681
23.3495 11655361
23.3816 11658241
23.3844 11661121
23.3871 11664001
23.3895 11666881
23.4225 11669761
23.4253 11672641
23.4284 11675521
23.4308 11678401
23.4635 11681281
23.4661 11684161
23.4693 11687041
23.4717 11689921
23.5048 11692801
23.5072 11695681
23.5096 11698561
23.512 11701441
23.5144 11704321
23.5473 11707201
23.5496 11710081
23.552 11712961
23.5544 11715841
23.5568 11718721
23.5897 11721601
23.5921 11724481
23.5945 11727361
23.5969 11730241
23.5993 11733121
23.631 11736001
23.6334 11738881
23.6358 11741761
23.6382 11744641
23.6406 11747521
23.6723 11750401
23.6747 11753281
23.6771 11756161
23.6795 11759041
23.6819 11761921
23.6843 11764801
23.7148 11767681
23.7172 11770561
23.7196 11773441
23.7219 11776321
23.7243 11779201
23.7267 11782081
23.7569 11784961
23.7592 11787841
23.7616 11790721
23.764 11793601
23.7664 11796481
23.7688 11799361
23.7977 11802241
23.8001 11805121
23.8025 11808001
23.8049 11810881
23.8073 11813761
23.8097 11816641
23.8386 11819521
23.841 11822401
23.8434 11825281
23.8458 11828161
23.8482 11831041
23.8509 11833921
23.8795 11836801
23.8819 11839681
23.8843 11842561
23.8867 11845441
23.8891 11848321
23.8915 11851201
23.8939 11854081
23.9216 11856961
23.924 11859841
23.9264 11862721
23.9288 11865601
23.9312 11868481
23.9336 11871361
23.9362 11874241
23.9637 11877121
23.9661 11880001
23.9689 11882881
23.9713 11885761
23.9736 11888641
23.976 11891521
23.9784 11894401
24.0046 11897281
24.007 11900161
24.0101 11903041
24.0125 11905921
24.0149 11908801
24.0173 11911681
24.0197 11914561
24.0455 11917441
24.0479 11920321
24.051 11923201
24.0534 11926081
24.0558 11928961
24.0582 11931841
24.0606 11934721
24.063 11937601
24.088 11940481
24.0903 11943361
24.0931 11946241
24.0955 11949121
24.0979 11952001
24.1003 11954881
24.1027 11957761
24.1051 11960641
24.13 11963521
24.1328 11966401
24.1352 11969281
24.1376 11972161
24.14 11975041
24.1424 11977921
24.1448 11980801
24.1472 11983681
24.1709 11986561
24.1745 11989441
24.1769 11992321
24.1793 11995201
24.1817 11998081
24.1841 12000961
24.1865 12003841
24.1888 12006721
24.2122 12009601
24.2154 12012481
24.2178 12015361
24.2202 12018241
24.2226 12021121
24.225 12024001
24.2273 12026881
24.2297 12029761
24.2321 12032641
24.2547 12035521
24.2579 12038401
24.2603 12041281
24.2626 12044161
24.265 12047041
24.2674 12049921
24.2698 12052801
24.2722 12055681
24.2746 12058561
24.2968 12061441
24.3004 12064321
24.3027 12067201
24.3051 12070081
24.3075 12072961
24.3099 12075841
24.3123 12078721
24.3147 12081601
24.3171 12084481
24.3392 12087361
24.3416 12090241
24.344 12093121
24.3464 12096001
24.3488 12098881
24.3512 12101761
24.3536 12104641
24.356 12107521
24.3584 12110401
24.3801 12113281
24.3829 12116161
24.3853 12119041
24.3877 12121921
24.3901 12124801
24.3925 12127681
24.3949 12130561
24.3973 12133441
24.3997 12136321
24.4214 12139201
24.4242 12142081
24.4266 12144961
24.429 12147841
24.4314 12150721
24.4338 12153601
24.4361 12156481
24.4385 12159361
24.4409 12162241
24.4433 12165121
24.4643 12168001
24.4667 12170881
24.4691 12173761
24.4715 12176641
24.4738 12179521
24.4762 12182401
24.4786 12185281
24.481 12188161
24.4834 12191041
24.4858 12193921
24.5068 12196801
24.5091 12199681
24.5115 12202561
24.5139 12205441
24.5163 12208321
24.5187 12211201
24.5211 12214081
24.5235 12216961
24.5259 12219841
24.5283 12222721
24.548 12225601
24.5504 12228481
24.5528 12231361
24.5552 12234241
24.5576 12237121
24.56 12240001
24.5624 12242881
24.5648 12245761
24.5672 12248641
24.5696 12251521
24.5889 12254401
24.5917 12257281
24.5941 12260161
24.5965 12263041
24.5989 12265921
24.6013 12268801
24.6037 12271681
24.6061 12274561
24.6084 12277441
24.6108 12280321
24.6132 12283201
24.6314 12286081
24.6338 12288961
24.6362 12291841
24.6386 12294721
24.641 12297601
24.6434 12300481
24.646 12303361
24.6484 12306241
24.6507 12309121
24.6531 12312001
24.6555 12314881
24.6739 12317761
24.6763 12320641
24.6787 12323521
24.6811 12326401
24.6835 12329281
24.6858 12332161
24.6884 12335041
24.6908 12337921
24.6932 12340801
24.698 12346561
24.7152 12349441
24.7176 12352321
24.72 12355201
24.7224 12358081
24.7248 12360961
24.7272 12363841
24.7295 12366721
24.7319 12369601
24.7343 12372481
24.7391 12375361
24.7415 12378241
24.7585 12384001
24.7609 12386881
24.7633 12389761
24.7657 12392641
24.768 12395521
24.7704 12398401
24.7728 12401281
24.7752 12404161
24.78 12407041
24.7824 12409921
24.7847 12412801
24.801 12415681
24.8033 12418561
24.8057 12421441
24.8081 12424321
24.8105 12427201
24.8129 12430081
24.8153 12432961
24.8177 12435841
24.8201 12438721
24.8225 12441601
24.8249 12444481
24.8273 12447361
24.8434 12450241
24.8458 12453121
24.8482 12456001
24.8506 12458881
24.853 12461761
24.8554 12464641
24.8578 12467521
24.8602 12470401
24.8626 12473281
24.865 12476161
24.8673 12479041
24.8697 12481921
24.8859 12484801
24.8883 12487681
24.8907 12490561
24.8931 12493441
24.8955 12496321
24.8979 12499201
24.944 12516481
24.9729 12538081
24.9753 12540961
24.9777 12543841
24.9801 12546721
24.9825 12549601
24.9849 12551041
25.0138 12553921
25.0174 12556801
25.0198 12559681
25.0222 12562561
25.0246 12565441
25.055 12568321
25.0575 12571201
25.0599 12574081
25.0623 12576961
25.0646 12579841
25.067 12582721
25.0971 12585601
25.0996 12588481
25.1019 12591361
25.1043 12594241
25.1067 12597121
25.1091 12600001
25.1392 12602881
25.1416 12605761
25.144 12608641
25.1464 12611521
25.1488 12614401
25.1512 12617281
25.1805 12620161
25.1829 12623041
25.1853 12625921
25.1877 12628801
25.1901 12631681
25.1925 12634561
25.2217 12637441
25.2241 12640321
25.2265 12643201
25.2289 12646081
25.2313 12648961
25.2337 12651841
25.2361 12654721
25.2642 12657601
25.2666 12660481
25.269 12663361
25.2714 12666241
25.2738 12669121
25.2762 12672001
25.2785 12674881
25.3063 12677761
25.3087 12680641
25.3111 12683521
25.3135 12686401
25.3158 12689281
25.3182 12692161
25.3209 12695041
25.3472 12697921
25.3496 12700801
25.352 12703681
25.3543 12706561
25.3567 12709441
25.3591 12712321
25.3622 12715201
25.3884 12718081
25.3909 12720961
25.3932 12723841
25.3956 12726721
25.398 12729601
25.4004 12732481
25.4031 12735361
25.4293 12738241
25.4317 12741121
25.4341 12744001
25.4365 12746881
25.4389 12749761
25.4413 12752641
25.4437 12755521
25.4462 12758401
25.4714 12761281
25.4738 12764161
25.4762 12767041
25.4786 12769921
25.481 12772801
25.4834 12775681
25.4858 12778561
25.4882 12781441
25.5135 12784321
25.5158 12787201
25.5183 12790081
25.5207 12792961
25.5231 12795841
25.5255 12798721
25.5279 12801601
25.5303 12804481
25.5545 12807361
25.5569 12810241
25.5593 12813121
25.5617 12816001
25.5641 12818881
25.5665 12821761
25.5689 12824641
25.5716 12827521
25.5954 12830401
25.5978 12833281
25.6002 12836161
25.6026 12839041
25.605 12841921
25.6074 12844801
25.6098 12847681
25.6121 12850561
25.6147 12853441
25.6375 12856321
25.6399 12859201
25.6423 12862081
25.6447 12864961
25.6471 12867841
25.6495 12870721
25.6518 12873601
25.6544 12876481
25.6568 12879361
25.6796 12882241
25.682 12885121
25.6844 12888001
25.6868 12890881
25.6891 12893761
25.6915 12896641
25.6939 12899521
25.6965 12902401
25.6989 12905281
25.7207 12908161
25.723 12911041
25.7254 12913921
25.7278 12916801
25.7302 12919681
25.7326 12922561
25.735 12925441
25.7374 12928321
25.7402 12931201
25.7615 12934081
25.7639 12936961
25.7663 12939841
25.7687 12942721
25.7711 12945601
25.7735 12948481
25.7759 12951361
25.7783 12954241
25.7807 12957121
25.7831 12960001
25.8036 12962881
25.806 12965761
25.8084 12968641
25.8108 12971521
25.8132 12974401
25.8156 12977281
25.818 12980161
25.8204 12983041
25.8228 12985921
25.8255 12988801
25.8457 12991681
25.8485 12994561
25.8509 12997441
25.8533 13000321
25.8557 13003201
25.8581 13006081
25.8605 13008961
25.8628 13011841
25.8652 13014721
25.868 13017601
25.8866 13020481
25.8894 13023361
25.8922 13026241
25.8946 13029121
25.8969 13032001
25.8993 13034881
25.9017 13037761
25.9041 13040641
25.9065 13043521
25.9093 13046401
25.9275 13049281
25.9303 13052161
25.9331 13055041
25.9354 13057921
25.9378 13060801
25.9402 13063681
25.9426 13066561
25.945 13069441
25.9474 13072321
25.9502 13075201
25.9526 13078081
25.9696 13080961
25.9724 13083841
25.9751 13086721
25.9775 13089601
25.9799 13092481
25.9823 13095361
25.9847 13098241
25.9871 13101121
25.9895 13104001
25.9923 13106881
25.9947 13109761
26.0117 13112641
26.0144 13115521
26.0176 13118401
26.02 13121281
26.0224 13124161
26.0248 13127041
26.0272 13129921
26.0296 13132801
26.0319 13135681
26.0344 13138561
26.0367 13141441
26.0538 13144321
26.0565 13147201
26.0589 13150081
26.0613 13152961
26.0637 13155841
26.0661 13158721
26.0684 13161601
26.0708 13164481
26.0732 13167361
26.0756 13170241
26.078 13173121
26.0946 13176001
26.0978 13178881
26.1002 13181761
26.1026 13184641
26.1049 13187521
26.1073 13190401
26.1097 13193281
26.1121 13196161
26.1145 13199041
26.1169 13201921
26.1193 13204801
26.1355 13207681
26.1387 13210561
26.1411 13213441
26.1434 13216321
26.1458 13219201
26.1482 13222081
26.1506 13224961
26.153 13227841
26.1554 13230721
26.1578 13233601
26.1602 13236481
26.1626 13239361
26.178 13242241
26.1807 13245121
26.1831 13248001
26.1855 13250881
26.1879 13253761
26.1903 13256641
26.1927 13259521
26.1951 13262401
26.1975 13265281
26.1999 13268161
26.2023 13271041
26.2047 13273921
26.2201 13276801
26.2228 13279681
26.2252 13282561
26.2276 13285441
26.23 13288321
26.2324 13291201
26.2348 13294081
26.2372 13296961
26.2396 13299841
26.242 13302721
26.2443 13305601
26.2467 13308481
26.261 13311361
26.2637 13314241
26.2661 13317121
26.2685 13320001
26.2709 13322881
26.2733 13325761
26.2757 13328641
26.2781 13331521
26.2805 13334401
26.2828 13337281
26.2852 13340161
26.2876 13343041
26.3019 13345921
26.305 13348801
26.3074 13351681
26.3098 13354561
26.3122 13357441
26.3146 13360321
26.3169 13363201
26.3193 13366081
26.3217 13368961
26.3241 13371841
26.3265 13374721
26.3289 13377601
26.3313 13380481
26.3439 13383361
26.3471 13386241
26.3495 13389121
26.3519 13392001
26.3542 13394881
26.3566 13397761
26.359 13400641
26.3614 13403521
26.3638 13406401
26.3662 13409281
26.3686 13412161
26.371 13415041
26.3736 13417921
26.386 13420801
26.3892 13423681
26.3916 13426561
26.3939 13429441
26.3963 13432321
26.3987 13435201
26.4011 13438081
26.4035 13440961
26.4059 13443841
26.4083 13446721
26.4107 13449601
26.4131 13452481
26.4155 13455361
26.4269 13458241
26.4301 13461121
26.4324 13464001
26.4348 13466881
26.4372 13469761
26.4396 13472641
26.442 13475521
26.4444 13478401
26.4468 13481281
26.4492 13484161
26.4516 13487041
26.4543 13489921
26.4567 13492801
26.4678 13495681
26.4709 13498561
26.4733 13501441
26.519 13544641
26.5393 13547521
26.5417 13550401
26.5508 13553281
26.5539 13556161
26.5563 13559041
26.5587 13561921
26.5806 13564801
26.583 13567681
26.5917 13570561
26.5948 13573441
26.5972 13576321
26.5996 13579201
26.6219 13582081
26.6243 13584961
26.6326 13587841
26.6357 13590721
26.6381 13593601
26.6405 13596481
26.6632 13599361
26.6656 13602241
26.6679 13605121
26.6747 13608001
26.6778 13610881
26.6802 13613761
26.6826 13616641
26.7056 13619521
26.708 13622401
26.7104 13625281
26.7167 13628161
26.7199 13631041
26.7223 13633921
26.7247 13636801
26.7481 13639681
26.7505 13642561
26.7529 13645441
26.7588 13648321
26.7612 13651201
26.7636 13654081
26.766 13656961
26.7894 13659841
26.7918 13662721
26.7942 13665601
26.7997 13668481
26.8021 13671361
26.8045 13674241
26.8069 13677121
26.8303 13680001
26.8327 13682881
26.8351 13685761
26.8406 13688641
26.843 13691521
26.8454 13694401
26.8478 13697281
26.8502 13700161
26.8724 13703041
26.8748 13705921
26.8772 13708801
26.8827 13711681
26.8855 13714561
26.8879 13717441
26.8903 13720321
26.8926 13723201
26.9145 13726081
26.9168 13728961
26.9192 13731841
26.9248 13734721
26.9279 13737601
26.9303 13740481
26.9327 13743361
26.9351 13746241
26.9553 13749121
26.9577 13752001
26.9601 13754881
26.9661 13757761
26.9688 13760641
26.9712 13763521
26.9736 13766401
26.976 13769281
26.9962 13772161
26.9986 13775041
27.001 13777921
27.007 13780801
27.0097 13783681
27.0121 13786561
27.0145 13789441
27.0169 13792321
27.0193 13795201
27.0383 13798081
27.0407 13800961
27.0435 13803841
27.0491 13806721
27.0522 13809601
27.0546 13812481
27.057 13815361
27.0594 13818241
27.0618 13821121
27.0804 13824001
27.0828 13826881
27.086 13829761
27.0916 13832641
27.0943 13835521
27.0967 13838401
27.0991 13841281
27.1014 13844161
27.1038 13847041
27.1225 13849921
27.1253 13852801
27.1277 13855681
27.1324 13858561
27.1356 13861441
27.1379 13864321
27.1403 13867201
27.1427 13870081
27.1451 13872961
27.1638 13875841
27.1666 13878721
27.1737 13884481
27.1764 13887361
27.1788 13890241
27.1812 13893121
27.1836 13896001
27.186 13898881
27.205 13901761
27.2078 13904641
27.2102 13907521
27.2162 13910401
27.2189 13913281
27.2213 13916161
27.2237 13919041
27.2261 13921921
27.2285 13924801
27.2309 13927681
27.2475 13930561
27.2503 13933441
27.2527 13936321
27.2583 13939201
27.2614 13942081
27.2638 13944961
27.2662 13947841
27.2686 13950721
27.271 13953601
27.2734 13956481
27.29 13959361
27.2928 13962241
27.2952 13965121
27.3008 13968001
27.3035 13970881
27.3059 13973761
27.3083 13976641
27.3107 13979521
27.3131 13982401
27.3154 13985281
27.3313 13988161
27.3341 13991041
27.3364 13993921
27.342 13996801
27.3448 13999681
27.3472 14002561
27.3495 14005441
27.3519 14008321
27.3543 14011201
27.3567 14014081
27.3725 14016961
27.3753 14019841
27.3777 14022721
27.3829 14025601
27.3857 14028481
27.388 14031361
27.3904 14034241
27.3928 14037121
27.3952 14040001
27.3988 14041441
27.4543 14076001
27.4738 14078881
27.4762 14081761
27.4786 14084641
27.4822 14087521
27.4952 14090401
27.5159 14093281
27.5187 14096161
27.5211 14099041
27.5245 14101921
27.5377 14104801
27.558 14107681
27.5612 14110561
27.5635 14113441
27.5666 14116321
27.5797 14119201
27.6005 14122081
27.6029 14124961
27.6053 14127841
27.6077 14130721
27.6206 14133601
27.6414 14136481
27.6438 14139361
27.6462 14142241
27.6486 14145121
27.6615 14148001
27.6847 14153761
27.6871 14156641
27.6895 14159521
27.6918 14162401
27.7036 14165281
27.7268 14168161
27.7292 14171041
27.7315 14173921
27.7339 14176801
27.7363 14179681
27.7457 14182561
27.7688 14185441
27.7736 14191201
27.776 14194081
27.7784 14196961
27.7866 14199841
27.8097 14202721
27.8145 14205601
27.8169 14208481
27.8195 14211361
27.8219 14214241
27.8275 14217121
27.8506 14220001
27.8554 14222881
27.8578 14225761
27.8604 14228641
27.8628 14231521
27.8684 14234401
27.8915 14237281
27.8963 14240161
27.9011 14245921
27.9035 14248801
27.9059 14251681
27.9105 14254561
27.9336 14257441
27.9384 14260321
27.9432 14263201
27.9456 14266081
27.9479 14268961
27.9503 14271841
27.9527 14274721
27.9757 14277601
27.9805 14280481
27.9852 14283361
27.9876 14286241
27.99 14289121
27.9924 14292001
27.9948 14294881
28.0166 14297761
28.0214 14300641
28.0261 14303521
28.0285 14306401
28.0309 14309281
28.0333 14312161
28.0357 14315041
28.0575 14317921
28.0622 14320801
28.067 14323681
28.0694 14326561
28.0718 14329441
28.0742 14332321
28.0766 14335201
28.079 14338081
28.0995 14340961
28.1043 14343841
28.1091 14346721
28.1115 14349601
28.1139 14352481
28.1163 14355361
28.1187 14358241
28.1211 14361121
28.1416 14364001
28.1464 14366881
28.1512 14369761
28.1536 14372641
28.156 14375521
28.1584 14378401
28.1608 14381281
28.1631 14384161
28.1825 14387041
28.1873 14389921
28.1921 14392801
28.1945 14395681
28.1969 14398561
28.1993 14401441
28.2016 14404321
28.204 14407201
28.2234 14410081
28.2282 14412961
28.233 14415841
28.2354 14418721
28.2378 14421601
28.2401 14424481
28.2425 14427361
28.2449 14430241
28.2643 14433121
28.2667 14436001
28.2703 14438881
28.2751 14441761
28.2774 14444641
28.2798 14447521
28.2822 14450401
28.2846 14453281
28.287 14456161
28.3068 14459041
28.3092 14461921
28.3124 14464801
28.3171 14467681
28.3195 14470561
28.3219 14473441
28.3243 14476321
28.3267 14479201
28.3291 14482081
28.3492 14484961
28.3516 14487841
28.354 14490721
28.358 14493601
28.3604 14496481
28.3628 14499361
28.3652 14502241
28.3676 14505121
28.3702 14508001
28.3901 14510881
28.3925 14513761
28.3949 14516641
28.3989 14519521
28.4013 14522401
28.4037 14525281
28.4061 14528161
28.4085 14531041
28.4115 14533921
28.431 14536801
28.4334 14539681
28.4358 14542561
28.4398 14545441
28.4422 14548321
28.4446 14551201
28.447 14554081
28.4494 14556961
28.4518 14559841
28.4542 14562721
28.4731 14565601
28.4755 14568481
28.4779 14571361
28.4819 14574241
28.4843 14577121
28.4867 14580001
28.4894 14582881
28.4918 14585761
28.4942 14588641
28.4966 14591521
28.5152 14594401
28.5176 14597281
28.52 14600161
28.524 14603041
28.5264 14605921
28.5288 14608801
28.5312 14611681
28.5335 14614561
28.5359 14617441
28.5383 14620321
28.5561 14623201
28.5585 14626081
28.5609 14628961
28.5649 14631841
28.5673 14634721
28.5697 14637601
28.572 14640481
28.5744 14643361
28.5768 14646241
28.5792 14649121
28.597 14652001
28.5994 14654881
28.6018 14657761
28.6058 14660641
28.6085 14663521
28.6109 14666401
28.6133 14669281
28.6157 14672161
28.6181 14675041
28.6205 14677921
28.6229 14680801
28.639 14683681
28.6415 14686561
28.6438 14689441
28.6478 14692321
28.651 14695201
28.6558 14700961
28.6582 14703841
28.6606 14706721
28.663 14709601
28.6653 14712481
28.6811 14715361
28.6835 14718241
28.6859 14721121
28.6899 14724001
28.6931 14726881
28.6979 14729761
28.7003 14732641
28.7027 14735521
28.705 14738401
28.7074 14741281
28.7101 14744161
28.722 14747041
28.7244 14749921
28.7272 14752801
28.7308 14755681
28.734 14758561
28.7388 14761441
28.7412 14764321
28.7435 14767201
28.7459 14770081
28.7483 14772961
28.751 14775841
28.7629 14778721
28.7657 14781601
28.7685 14784481
28.7717 14787361
28.7749 14790241
28.7797 14793121
28.782 14796001
28.7844 14798881
28.7868 14801761
28.7892 14804641
28.7919 14807521
28.8038 14810401
28.8062 14813281
28.8086 14816161
28.811 14819041
28.8142 14821921
28.817 14824801
28.8217 14827681
28.8241 14830561
28.8265 14833441
28.8289 14836321
28.8316 14839201
28.834 14842081
28.8459 14844961
28.8483 14847841
28.8507 14850721
28.8531 14853601
28.8562 14856481
28.859 14859361
28.8638 14862241
28.8662 14865121
28.8686 14868001
28.871 14870881
28.8737 14873761
28.8761 14876641
28.8884 14879521
28.8907 14882401
28.8931 14885281
28.8955 14888161
28.8979 14891041
28.9003 14893921
28.9047 14896801
28.9071 14899681
28.9095 14902561
28.9119 14905441
28.9146 14908321
28.917 14911201
28.9296 14914081
28.932 14916961
28.9344 14919841
28.9368 14922721
28.9392 14925601
28.9416 14928481
28.9456 14931361
28.948 14934241
28.9504 14937121
28.9528 14940001
28.9555 14942881
28.9578 14945761
28.9709 14948641
28.9733 14951521
28.9757 14954401
28.9781 14957281
28.9805 14960161
28.9829 14963041
28.9853 14965921
28.9877 14968801
28.9901 14971681
28.9925 14974561
28.9949 14977441
28.9975 14980321
28.9999 14983201
29.0134 14986081
29.0158 14988961
29.0182 14991841
29.0206 14994721
29.0229 14997601
29.0253 15000481
29.0277 15003361
29.0301 15006241
29.0325 15009121
29.0349 15012001
29.0373 15014881
29.0397 15017761
29.0555 15023521
29.0579 15026401
29.0603 15029281
29.0626 15032161
29.065 15035041
29.0674 15037921
29.0698 15040801
29.0722 15043681
29.0746 15046561
29.077 15049441
29.0794 15052321
29.0821 15055201
29.0964 15058081
29.0988 15060961
29.1011 15063841
29.1035 15066721
29.1059 15069601
29.1083 15072481
29.1107 15075361
29.1131 15078241
29.1155 15081121
29.1179 15084001
29.1203 15086881
29.1227 15089761
29.125 15092641
29.1373 15095521
29.1396 15098401
29.142 15101281
29.1444 15104161
29.1468 15107041
29.1492 15109921
29.1516 15112801
29.154 15115681
29.1564 15118561
29.1588 15121441
29.1612 15124321
29.1635 15127201
29.1659 15130081
29.1683 15132961
29.1793 15135841
29.1817 15138721
29.1841 15141601
29.1865 15144481
29.1889 15147361
29.1913 15150241
29.1937 15153121
29.1961 15156001
29.1985 15158881
29.2009 15161761
29.2032 15164641
29.2056 15167521
29.2084 15170401
29.2107 15173281
29.2214 15176161
29.2238 15179041
29.2262 15181921
29.2286 15184801
29.231 15187681
29.2334 15190561
29.2358 15193441
29.2382 15196321
29.2405 15199201
29.2429 15202081
29.2453 15204961
29.2477 15207841
29.2501 15210721
29.2525 15213601
29.2623 15216481
29.2647 15219361
29.2671 15222241
29.2695 15225121
29.2719 15228001
29.2743 15230881
29.2767 15233761
29.3223 15278401
29.3501 15281281
29.3525 15284161
29.3549 15287041
29.3573 15289921
29.3596 15292801
29.362 15295681
29.391 15298561
29.3934 15301441
29.3958 15304321
29.3981 15307201
29.4005 15310081
29.4029 15312961
29.4319 15315841
29.4343 15318721
29.4366 15321601
29.439 15324481
29.4414 15327361
29.4438 15330241
29.4462 15333121
29.4739 15336001
29.4763 15338881
29.4787 15341761
29.4811 15344641
29.4835 15347521
29.4859 15350401
29.4883 15353281
29.516 15356161
29.5184 15359041
29.5208 15361921
29.5232 15364801
29.526 15367681
29.5284 15370561
29.5308 15373441
29.5569 15376321
29.5593 15379201
29.5617 15382081
29.5641 15384961
29.5673 15387841
29.5696 15390721
29.572 15393601
29.5978 15396481
29.6002 15399361
29.6026 15402241
29.605 15405121
29.6086 15406561
29.6534 15432481
29.6875 15435361
29.6911 15438241
29.6935 15441121
29.7288 15444001
29.7324 15446881
29.7348 15449761
29.7701 15452641
29.7737 15455521
29.7761 15458401
29.8114 15461281
29.815 15464161
29.8173 15467041
29.8197 15469921
29.8538 15472801
29.857 15475681
29.8594 15478561
29.8618 15481441
29.8963 15484321
29.8991 15487201
29.9015 15490081
29.9039 15492961
29.9372 15495841
29.94 15498721
29.9424 15501601
29.9448 15504481
29.9781 15507361
29.9809 15510241
29.9833 15513121
29.9857 15516001
30.019 15518881
30.0214 15521761
30.0238 15524641
30.0262 15527521
30.0286 15530401
30.0611 15533281
30.0635 15536161
30.0659 15539041
30.0682 15541921
30.0706 15544801
