0.0 0
0.0382165 0.038
0.0791493 0.038375
0.121234 0.0388281
0.163319 0.0392246
0.204209 0.0446965
0.206599 0.0444845
0.246293 0.0441739
0.248684 0.0441522
0.251074 0.0442581
0.288378 0.0439759
0.290769 0.0439789
0.293159 0.0441065
0.295549 0.0440932
0.329268 0.0483316
0.331658 0.0476651
0.334048 0.047207
0.336439 0.0470561
0.338829 0.0467991
0.341607 0.0466992
0.370157 0.0502368
0.372548 0.0493322
0.374938 0.0485407
0.377328 0.0482231
0.379719 0.0478202
0.382109 0.0475927
0.3845 0.0476436
0.38689 0.0476881
0.38928 0.0477271
0.411047 0.0505112
0.413437 0.0495723
0.415828 0.0487508
0.418218 0.0484069
0.420608 0.0481061
0.422999 0.0477178
0.425389 0.0477531
0.42778 0.0477839
0.43017 0.047811
0.43256 0.0480846
0.434951 0.048324
0.437341 0.0486585
0.439732 0.0492012
0.442122 0.049676
0.453474 0.0487165
0.455864 0.048127
0.458255 0.0477361
0.460645 0.0473941
0.463036 0.0474698
0.465426 0.0474111
0.467816 0.0473597
0.470207 0.0476897
0.472597 0.0479785
0.474988 0.0481062
0.477378 0.0485929
0.479768 0.0490188
0.482159 0.0493915
0.484549 0.0499675
0.48694 0.0504716
0.48933 0.0510376
0.49172 0.0517829
0.494111 0.0524351
0.496501 0.0530057
0.498892 0.053755
0.501282 0.0544106
0.503672 0.0538593
0.506063 0.0537519
0.508453 0.0536579
0.510844 0.0534506
0.513234 0.0536443
0.515624 0.0538138
0.518015 0.0539621
0.520405 0.0543418
0.522796 0.0546741
0.525186 0.0550898
0.527576 0.0557036
0.532357 0.0562406
0.534748 0.0569606
0.537138 0.0577155
0.539528 0.058251
0.541919 0.0589697
0.544309 0.0597235
0.5467 0.060258
0.54909 0.0611008
0.55148 0.0618382
0.553871 0.0624834
0.556261 0.063423
0.558652 0.0641201
0.561042 0.0648551
0.563432 0.0657482
0.565823 0.0664047
0.568213 0.0671041
0.570604 0.0679661
0.572994 0.0687203
0.575384 0.0693803
0.577775 0.0702077
0.580165 0.0710568
0.582556 0.0716747
0.584946 0.0724653
0.587336 0.0732822
0.589727 0.0739969
0.592117 0.0749973
0.594508 0.0757476
0.596898 0.0764042
0.599288 0.0773537
0.601679 0.0780594
0.604069 0.078802
0.60646 0.0797018
0.60885 0.080489
0.74237 0.0783029
0.74476 0.07639
0.747151 0.0748413
0.749541 0.0733611
0.751931 0.072066
0.755532 0.0711827
0.834939 0.0675349
0.83733 0.064468
0.83972 0.0616595
0.842111 0.0593271
0.844501 0.0571612
0.846891 0.055266
0.851672 0.0536078
0.854063 0.0522818
0.856453 0.0509966
0.858843 0.049872
0.876095 0.050888
0.878485 0.050027
0.880875 0.0495236
0.883266 0.0490832
0.885656 0.0486978
0.888047 0.0483606
0.890437 0.0480655
0.892827 0.0478073
0.895218 0.0473314
0.897608 0.047165
0.899999 0.0468943
0.902389 0.0467826
0.916984 0.0481847
0.919375 0.0475366
0.921765 0.0469696
0.924155 0.0465984
0.926546 0.0461486
0.928936 0.045755
0.931327 0.0454106
0.933717 0.0451093
0.936107 0.0449706
0.938498 0.0447243
0.940888 0.0445088
0.943279 0.0444452
0.958045 0.0458895
0.960441 0.0456533
0.962832 0.0453217
0.965222 0.0451565
0.967612 0.0448869
0.970003 0.044776
0.972393 0.044679
0.974784 0.0444692
0.977174 0.0444105
0.979564 0.0442342
0.981955 0.0440799
0.984345 0.0440699
0.98673 0.0439362
1.0004 0.0436942
1.00279 0.0434824
1.00518 0.0434221
1.00757 0.0432443
1.00996 0.0430888
1.01235 0.0429527
1.01474 0.0428336
1.01713 0.0428544
1.01952 0.0427476
1.02191 0.0426542
1.0243 0.0426974
1.02669 0.0426102
1.02908 0.0426589
1.04248 0.0425766
1.04487 0.0425045
1.04726 0.0424414
1.04965 0.0423863
1.05204 0.042463
1.05443 0.0424051
1.05682 0.0426045
1.05921 0.0429039
1.0616 0.0430409
1.06399 0.0431608
1.06638 0.0433907
1.06877 0.0434669
1.07116 0.0436585
1.08354 0.0449512
1.08593 0.0447073
1.08832 0.0446189
1.09071 0.0444165
1.0931 0.0443645
1.09549 0.0441939
1.09788 0.0440447
1.10027 0.0440391
1.10266 0.0439092
1.10505 0.0439205
1.10744 0.0439305
1.10984 0.0438142
1.11223 0.0438374
1.1247 0.0449827
1.12709 0.0448599
1.12948 0.0447524
1.13187 0.0445333
1.13426 0.0444667
1.13665 0.0442833
1.13904 0.0442479
1.14143 0.0442169
1.14382 0.0440648
1.14621 0.0440567
1.1486 0.0439246
1.15099 0.043809
1.15338 0.0438329
1.1656 0.0449788
1.22816 0.0447314
1.23055 0.04439
1.23294 0.0440913
1.23533 0.0438299
1.2478 0.0448511
1.25019 0.0446197
1.26932 0.0464173
1.27171 0.0459901
1.2741 0.0457413
1.27649 0.0455237
1.28869 0.0464582
1.29108 0.0461509
1.3102 0.0478821
1.3126 0.0472718
1.31499 0.0467378
1.31738 0.0462706
1.32975 0.0471118
1.33214 0.0467228
1.35127 0.0483825
1.35366 0.0477096
1.35605 0.0472459
1.35844 0.0468402
1.36083 0.0463602
1.3721 0.0459402
1.37449 0.0454476
1.39335 0.0450167
1.39574 0.0446396
1.39813 0.0443096
1.40052 0.0440209
1.40291 0.0437683
1.41419 0.0435473
1.41658 0.0433539
1.43543 0.0431846
1.43783 0.0430366
1.44022 0.042907
1.44261 0.0427936
1.445 0.0429444
1.45525 0.0442014
1.45764 0.0440512
1.47632 0.0460448
1.47871 0.0456642
1.48111 0.0454562
1.4835 0.0451491
1.48589 0.0448805
1.49628 0.0457704
1.49867 0.0454241
1.5174 0.0472461
1.51979 0.0467154
1.52218 0.0463759
1.52457 0.0459539
1.52696 0.0455847
1.52935 0.0453866
1.53837 0.0449633
1.54076 0.0445929
1.55963 0.0442688
1.56202 0.0441102
1.56441 0.0438464
1.5668 0.0436156
1.56919 0.0435386
1.57158 0.0433463
1.58045 0.043178
1.58285 0.0430308
1.60191 0.0429019
1.6043 0.0427892
1.60669 0.0426905
1.60908 0.0427292
1.61147 0.0426381
1.61386 0.0425583
1.62254 0.0424885
1.62493 0.0426775
1.64281 0.0448428
1.6452 0.0447374
1.64759 0.0445202
1.64998 0.0443302
1.65237 0.0441639
1.65476 0.0440184
1.66377 0.0447661
1.66616 0.0446704
1.6837 0.0464616
1.68609 0.0461539
1.68848 0.0457596
1.69087 0.0454147
1.69326 0.0452378
1.69565 0.0449581
1.70466 0.0455884
1.70705 0.0453898
1.70944 0.0450911
1.72612 0.0448297
1.72851 0.044476
1.73091 0.0441665
1.7333 0.0440207
1.73569 0.0437681
1.73808 0.0436721
1.74704 0.0435881
1.74943 0.0433896
1.75182 0.0432159
1.76861 0.0430639
1.771 0.0429309
1.77339 0.0429395
1.77578 0.0428221
1.77817 0.0428443
1.78056 0.0427388
1.78912 0.0426464
1.79151 0.0425656
1.7939 0.0424949
1.8107 0.0424331
1.81343 0.0427539
1.81582 0.0430347
1.81821 0.0432804
1.8206 0.0434953
1.82299 0.0435584
1.83035 0.0443636
1.83275 0.0441931
1.83514 0.044169
1.85159 0.0458979
1.85439 0.0456606
1.85678 0.0453281
1.85917 0.0451621
1.86156 0.0448918
1.86395 0.0446553
1.87124 0.0451984
1.87364 0.0449236
1.87603 0.0448082
1.89283 0.0463321
1.89528 0.0460406
1.89801 0.0457855
1.9004 0.0455623
1.90279 0.0452421
1.90518 0.0450868
1.90757 0.0449509
1.91333 0.0445821
1.91573 0.0442593
1.91812 0.0439769
1.93526 0.0438548
1.93805 0.0437479
1.94044 0.0435294
1.94283 0.0433383
1.94522 0.043296
1.94761 0.043134
1.95 0.0429922
1.95558 0.0428682
1.95797 0.0427597
1.96036 0.0426647
1.97749 0.0425816
1.98014 0.0425089
1.98259 0.0424453
1.98498 0.0423896
1.98737 0.0427159
1.98976 0.0428764
1.99215 0.0431419
1.99647 0.0436242
1.99886 0.0435461
2.00125 0.0436029
2.01838 0.0454025
2.02131 0.0452272
2.02382 0.0449488
2.02621 0.0448302
2.0286 0.0447264
2.03099 0.0445106
2.03338 0.0444468
2.03743 0.0445159
2.03982 0.0443264
2.04221 0.0442856
2.05956 0.0459999
2.0622 0.0457499
2.06485 0.0454062
2.06724 0.0452304
2.06963 0.0449516
2.07202 0.0448327
2.07441 0.0447286
2.07695 0.0445125
2.07988 0.0441984
2.08227 0.0440486
2.08503 0.0439176
2.10164 0.0436779
2.10429 0.0434681
2.10694 0.0432846
2.10959 0.043124
2.11198 0.0429835
2.11437 0.0428606
2.11676 0.042753
2.11955 0.0427839
2.12223 0.0428109
2.12462 0.0427095
2.12715 0.0426208
2.14373 0.0425432
2.14637 0.0424753
2.1492 0.0425409
2.15167 0.0424733
2.15406 0.0425391
2.15645 0.0424717
2.15884 0.0424128
2.16123 0.0427362
2.16363 0.0428942
2.16605 0.0430324
2.16844 0.0431533
2.18462 0.0448842
2.18744 0.0447736
2.19009 0.0446769
2.19288 0.0444673
2.19527 0.0444089
2.19766 0.0442328
2.20006 0.0442037
2.20245 0.0441782
2.20484 0.044031
2.20733 0.0440271
2.2097 0.0438987
2.22569 0.0455364
2.22833 0.0453443
2.23098 0.0450513
2.23406 0.0449199
2.23645 0.0448049
2.23905 0.0447043
2.24144 0.0446162
2.24383 0.0444142
2.24622 0.0443624
2.24861 0.0443171
2.251 0.0442775
2.2534 0.0442428
2.26792 0.0439624
2.27042 0.0437171
2.27306 0.0436275
2.27614 0.0434241
2.27853 0.0432461
2.28134 0.0430903
2.28373 0.042954
2.28612 0.0429598
2.28851 0.0428398
2.29091 0.0427348
2.2933 0.042643
2.29569 0.0425626
2.31001 0.0426173
2.3125 0.0425401
2.31533 0.0424726
2.31823 0.0424135
2.32062 0.0423618
2.3237 0.0423166
2.32642 0.042402
2.32881 0.0423518
2.3312 0.0424328
2.33359 0.0425037
2.33598 0.0424407
2.33837 0.0427606
2.35119 0.0444156
2.35358 0.0442386
2.35622 0.0442088
2.35912 0.0441827
2.36151 0.0440349
2.36459 0.0440305
2.36738 0.0440267
2.36977 0.0438983
2.37216 0.0439111
2.37455 0.0437972
2.37694 0.0436975
2.37934 0.0437353
2.39222 0.0450184
2.39461 0.0447661
2.39711 0.0446703
2.40019 0.0445866
2.40258 0.0443882
2.40548 0.0443397
2.40856 0.0442972
2.41095 0.0441351
2.41334 0.0441182
2.41613 0.0441034
2.41852 0.0440905
2.42091 0.0440792
2.4233 0.0440693
2.43431 0.0438106
2.4367 0.0435843
2.43919 0.0433863
2.44242 0.043213
2.44481 0.0430614
2.44946 0.0431787
2.52037 0.0431563
2.52449 0.0432618
2.52688 0.0432291
2.52927 0.0433254
2.53245 0.0431598
2.53484 0.0430148
2.56274 0.0428879
2.56684 0.0427769
2.56923 0.0428048
2.57162 0.0427042
2.57469 0.0426162
2.57708 0.0426642
2.60482 0.0425811
2.60893 0.0425085
2.61132 0.0424449
2.61385 0.0423893
2.61677 0.0423407
2.61916 0.0422981
2.64691 0.0422608
2.64999 0.0426032
2.65238 0.0427778
2.65477 0.0428056
2.65793 0.0429549
2.66032 0.0430855
2.6878 0.0461998
2.69088 0.0459249
2.69327 0.0456842
2.69566 0.0453487
2.69899 0.0451801
2.70138 0.0450326
2.72887 0.0479035
2.73177 0.0474156
2.73416 0.0469886
2.73655 0.0464901
2.73894 0.0460538
2.74133 0.0456721
2.74372 0.0452131
2.77095 0.0448114
2.77385 0.04446
2.77624 0.0441525
2.77863 0.0438834
2.78102 0.043773
2.78341 0.0435514
2.7858 0.0433575
2.81304 0.0433128
2.81612 0.0432737
2.81851 0.0431145
2.8209 0.0429752
2.82329 0.0432283
2.82568 0.0433247
2.82807 0.0435341
2.85393 0.0465924
2.85701 0.0462683
2.8594 0.0458598
2.86179 0.0455023
2.86418 0.0453145
2.86657 0.0450252
2.86896 0.0447721
2.895 0.0475505
2.8979 0.0471067
2.90029 0.0465934
2.90268 0.0461442
2.90507 0.0458762
2.90746 0.0455167
2.90985 0.0452021
2.91224 0.0450518
2.93723 0.0446703
2.93998 0.0443365
2.94237 0.0440445
2.94476 0.0437889
2.94715 0.0435653
2.94954 0.0433696
2.95193 0.0431984
2.95433 0.0430486
2.97932 0.0429176
2.98225 0.0429279
2.98464 0.0428119
2.98703 0.0428354
2.98942 0.042731
2.99181 0.0426396
2.9942 0.0426846
2.99659 0.0429741
3.02027 0.0458523
3.02342 0.0456208
3.02581 0.0452932
3.0282 0.0451315
3.03059 0.0448651
3.03298 0.0446319
3.03537 0.044553
3.03776 0.0443588
3.06116 0.046939
3.06449 0.0465716
3.06696 0.0461252
3.06935 0.0458595
3.07174 0.0455021
3.07413 0.0453143
3.07652 0.04515
3.07891 0.0448813
3.10254 0.0473961
3.10493 0.0468466
3.10732 0.0463658
3.10971 0.045945
3.1121 0.0455769
3.11449 0.0452548
3.11688 0.044848
3.11927 0.044617
3.12166 0.0444148
3.14462 0.044113
3.14701 0.0439739
3.1494 0.0437271
3.15179 0.0435112
3.15418 0.0433223
3.15657 0.043157
3.15896 0.0430124
3.16135 0.0428859
3.16374 0.0427751
3.1867 0.0426782
3.1891 0.0425935
3.19149 0.0427693
3.19388 0.0429231
3.19627 0.0431827
3.19866 0.0432849
3.20106 0.0434993
3.20345 0.0436869
3.20584 0.043726
3.22759 0.0462603
3.22999 0.0458527
3.23238 0.0454961
3.23477 0.0451841
3.23716 0.0450361
3.23955 0.0447816
3.24194 0.0445589
3.24434 0.044364
3.24673 0.0441935
3.26883 0.0465443
3.27122 0.0462263
3.27362 0.045948
3.27601 0.0457045
3.2784 0.0454914
3.28079 0.04518
3.28318 0.0450325
3.28557 0.0449034
3.28796 0.0446655
3.29035 0.0445823
3.31092 0.0442595
3.31331 0.0439771
3.3157 0.04373
3.31809 0.0435137
3.32048 0.0433245
3.32287 0.0431589
3.32526 0.0430141
3.32805 0.0430123
3.33044 0.0430108
3.33283 0.0428844
3.35335 0.0428989
3.35574 0.0427865
3.35813 0.0428132
3.36052 0.0427115
3.36291 0.0426226
3.3653 0.0426698
3.36769 0.0429611
3.37008 0.0432159
3.37247 0.0433139
3.37486 0.0433997
3.39458 0.0457247
3.39697 0.0453841
3.39936 0.0452111
3.40175 0.0449347
3.40414 0.0448179
3.40653 0.0447157
3.40892 0.0445012
3.41131 0.0444385
3.4137 0.0442587
3.41609 0.0442264
3.43547 0.0463231
3.43786 0.0459077
3.44025 0.0456692
3.44264 0.0453356
3.44503 0.0451686
3.44742 0.0448976
3.44981 0.0446604
3.4522 0.0445778
3.45459 0.0443806
3.45698 0.044208
3.45937 0.044057
3.47755 0.0437999
3.47994 0.0435749
3.48233 0.043378
3.48472 0.0432058
3.48711 0.0430551
3.4895 0.0429232
3.4919 0.0428078
3.49429 0.0427068
3.49668 0.0426185
3.49907 0.0426661
3.50146 0.0425829
3.51964 0.04251
3.52203 0.0425713
3.52442 0.0424999
3.52681 0.0424374
3.5292 0.0423827
3.53159 0.0423349
3.53398 0.042293
3.53637 0.0422564
3.53876 0.0422243
3.54115 0.0425713
3.54354 0.0427499
3.56071 0.0447811
3.5631 0.0446835
3.56549 0.0444731
3.56788 0.0442889
3.57027 0.0442528
3.57266 0.0440962
3.57505 0.0440842
3.57744 0.0440737
3.57983 0.0439395
3.58222 0.043947
3.58462 0.0438286
3.6016 0.0456001
3.60399 0.0452751
3.60638 0.0449907
3.60877 0.0447418
3.61116 0.0446491
3.61355 0.044443
3.61594 0.0442626
3.61833 0.0441048
3.62072 0.0439667
3.62311 0.0439708
3.6255 0.0438495
3.6279 0.0437433
3.64369 0.0435254
3.64608 0.0434597
3.64847 0.0432772
3.65086 0.0431176
3.65325 0.0429779
3.65564 0.0428557
3.65803 0.0428737
3.66042 0.0427645
3.66281 0.0426689
3.6652 0.0425853
3.66759 0.0425121
3.66998 0.0424481
3.68577 0.0423921
3.68816 0.0423431
3.69055 0.0423002
3.69294 0.0422627
3.69533 0.0422298
3.69772 0.0422011
3.70011 0.042176
3.7025 0.042154
3.70489 0.0421347
3.70728 0.0421179
3.70967 0.0421032
3.71206 0.0422153
3.72684 0.0440634
3.72923 0.0440554
3.73162 0.0439235
3.73401 0.0439331
3.73641 0.0439414
3.7388 0.0438238
3.74119 0.0438458
3.74358 0.0437401
3.74597 0.0436476
3.74836 0.0436916
3.75075 0.0436052
3.75314 0.0436545
3.76812 0.0451977
3.77051 0.045048
3.7729 0.044792
3.77529 0.044693
3.77768 0.0444814
3.78007 0.0444212
3.78329 0.0444935
3.85739 0.0441819
3.85978 0.0439091
3.86217 0.0436705
3.86456 0.0434617
3.86695 0.043279
3.86934 0.0431191
3.89947 0.0429792
3.90186 0.0428568
3.90425 0.0427497
3.90664 0.042656
3.90903 0.042699
3.91142 0.0426116
3.94156 0.0425352
3.94395 0.0424683
3.94634 0.0424097
3.94873 0.0423585
3.95112 0.0423137
3.95351 0.0422745
3.98381 0.0422402
3.9862 0.0425852
3.98859 0.042887
3.99098 0.0430261
3.99337 0.0432729
3.99576 0.0433638
4.02485 0.0468183
4.02724 0.046466
4.02963 0.0460327
4.03202 0.0457787
4.03441 0.0455563
4.0368 0.0452368
4.06574 0.0483322
4.06813 0.0477907
4.07052 0.0471918
4.07291 0.0466678
4.0753 0.0462094
4.07769 0.0458082
4.08008 0.0455822
4.10782 0.0451344
4.11021 0.0447426
4.1126 0.0443998
4.115 0.0442248
4.11739 0.0439467
4.11978 0.0437034
4.12217 0.0434904
4.15026 0.0434291
4.15265 0.0432505
4.15504 0.0432192
4.15743 0.0430668
4.15982 0.0431834
4.16221 0.0434105
4.1646 0.0436092
4.19115 0.046783
4.19354 0.0463102
4.19593 0.0458964
4.27806 0.0455343
4.28045 0.0450925
4.28324 0.044706
4.32049 0.0443677
4.32288 0.0440718
4.32533 0.0438128
4.36258 0.0435862
4.36497 0.0436379
4.36736 0.0438082
4.40358 0.0480822
4.40597 0.0474469
4.40836 0.047016
4.44447 0.050764
4.44686 0.0497935
4.44925 0.0490693
4.45164 0.0483107
4.48688 0.0475218
4.48927 0.0469566
4.49167 0.046337
4.49406 0.0459199
4.52897 0.0454299
4.53136 0.0450012
4.53375 0.044626
4.53614 0.0442978
4.56986 0.0481355
4.57225 0.0476186
4.57464 0.0470413
4.57703 0.0466611
4.61075 0.0500785
4.61314 0.0493187
4.61553 0.0485288
4.61792 0.0478377
4.65164 0.051108
4.65403 0.0502195
4.65642 0.0493171
4.65881 0.0485274
4.6612 0.0479615
4.69372 0.0472163
4.69611 0.0465643
4.6985 0.0459937
4.701 0.0456195
4.70339 0.0451671
4.73619 0.0448962
4.73858 0.0445342
4.74097 0.0442174
4.74336 0.0443152
4.74575 0.0442758
4.77708 0.0479913
4.77947 0.0473674
4.78186 0.0468215
4.78439 0.0464688
4.78678 0.0460352
4.81797 0.0492808
4.82036 0.0484957
4.82275 0.0478087
4.82528 0.0473326
4.82767 0.0467911
4.83006 0.0464422
4.86008 0.0460119
4.86247 0.0455104
4.86486 0.0450716
4.86785 0.0446877
4.87024 0.0444767
4.87263 0.0441671
4.90249 0.0438962
4.90488 0.0436592
4.90733 0.0435768
4.90993 0.0433797
4.91232 0.0432072
4.91471 0.0430563
4.94338 0.0465493
4.94577 0.0461056
4.94822 0.0458424
4.95082 0.0454871
4.95321 0.0453012
4.9556 0.0450136
4.98427 0.0481369
4.98666 0.0474948
4.98946 0.0470579
4.99191 0.0465507
4.9943 0.0462318
4.99669 0.0458279
5.02516 0.0488494
5.02755 0.0481182
5.02994 0.0474784
5.03248 0.0469186
5.03513 0.0465538
5.03759 0.0461096
5.03998 0.0457209
5.06724 0.0452558
5.06963 0.0448488
5.07202 0.0446177
5.07456 0.0442905
5.07722 0.0440042
5.07967 0.0437537
5.08206 0.0436594
5.10933 0.043452
5.11172 0.0432705
5.11434 0.0431117
5.11673 0.0432227
5.11912 0.0434449
5.12151 0.0435143
5.1239 0.043575
5.15022 0.0466281
5.15261 0.0461746
5.15523 0.0459028
5.15762 0.0455399
5.16001 0.0453474
5.1624 0.045054
5.16479 0.0447973
5.19111 0.0476976
5.1935 0.0471104
5.19612 0.0467216
5.1986 0.0462564
5.20099 0.0458493
5.20338 0.0454932
5.20577 0.0451815
5.20816 0.0450338
5.23337 0.0446546
5.23576 0.0443228
5.23855 0.0440324
5.24094 0.0437784
5.24333 0.0436811
5.24572 0.0434709
5.24811 0.0434121
5.2505 0.0432356
5.27545 0.0430811
5.27784 0.042946
5.28063 0.0428277
5.28302 0.0428493
5.28541 0.0427431
5.2878 0.0426502
5.29019 0.0429439
5.29259 0.0430759
5.31669 0.0459415
5.31908 0.0456988
5.32152 0.0454864
5.32391 0.0451756
5.3263 0.0449037
5.32869 0.0446657
5.33108 0.0445825
5.33347 0.0443847
5.35758 0.0469616
5.35997 0.0464664
5.36241 0.0460331
5.3648 0.045654
5.36719 0.0454472
5.36958 0.0451413
5.37197 0.0448736
5.37436 0.0446394
5.37675 0.0444345
5.39966 0.0441302
5.40205 0.0439889
5.4045 0.0437403
5.40689 0.0435228
5.40928 0.0433324
5.41167 0.0431659
5.41406 0.0431451
5.41645 0.043002
5.41884 0.0428767
5.44175 0.0427671
5.44424 0.0426713
5.44663 0.0425873
5.44902 0.0426389
5.45141 0.0425591
5.4538 0.0424892
5.45619 0.042428
5.45858 0.0423745
5.46097 0.0423277
5.48263 0.0450367
5.48512 0.0449072
5.48752 0.0446688
5.48991 0.0444602
5.4923 0.0442776
5.49469 0.0441179
5.49708 0.0441032
5.49947 0.0439653
5.50186 0.0438446
5.52352 0.0462391
5.5261 0.0459592
5.52849 0.0455893
5.53088 0.0452656
5.53327 0.0451074
5.53566 0.044844
5.53805 0.0447385
5.54044 0.0445212
5.54283 0.044331
5.56441 0.0466646
5.56723 0.0463316
5.56962 0.0459151
5.57201 0.0456757
5.5744 0.0454663
5.57679 0.045158
5.57918 0.0450132
5.58157 0.0447616
5.58396 0.0445414
5.58635 0.0444737
5.6065 0.0441645
5.60931 0.0438939
5.61172 0.0436572
5.61411 0.04345
5.6165 0.0432688
5.61889 0.0431102
5.62129 0.0429714
5.62368 0.04285
5.62607 0.0428687
5.62846 0.0427601
5.64858 0.0426651
5.6514 0.042582
5.65381 0.0425092
5.6562 0.0428206
5.65859 0.042968
5.66098 0.043097
5.66337 0.0433349
5.66576 0.043418
5.66815 0.0436158
5.67054 0.0436638
5.68986 0.0458308
5.69228 0.045602
5.6947 0.0452767
5.69709 0.0451171
5.69948 0.0448525
5.70187 0.0446209
5.70426 0.0445433
5.70665 0.0443504
5.70904 0.0443066
5.71143 0.0441433
5.73075 0.0461254
5.73317 0.0458597
5.73559 0.0455022
5.73798 0.0451895
5.74037 0.0449158
5.74276 0.0446763
5.74515 0.0445918
5.74754 0.0443928
5.74993 0.0442187
5.75232 0.0440664
5.75471 0.0439331
5.77292 0.0436914
5.77531 0.04348
5.7777 0.043295
5.78009 0.0432581
5.78248 0.0431009
5.78487 0.0429632
5.78726 0.0428428
5.78965 0.0427375
5.79204 0.0427703
5.79443 0.042674
5.79682 0.0425898
5.81557 0.042641
5.81796 0.0425609
5.82036 0.0426158
5.82275 0.0425388
5.82514 0.0425965
5.82753 0.0426469
5.82992 0.042566
5.83231 0.0428703
5.8347 0.0431365
5.83709 0.0433694
5.83948 0.0435733
5.85646 0.0456266
5.85885 0.0452983
5.86124 0.045136
5.86364 0.044869
5.86603 0.0447604
5.86842 0.0445403
5.87081 0.0443478
5.8732 0.0443043
5.87559 0.0441413
5.87798 0.0439986
5.88037 0.0438738
5.89735 0.0456396
5.89974 0.0453096
5.90213 0.0451459
5.90452 0.0448777
5.90692 0.044643
5.90931 0.0444376
5.9117 0.0442579
5.91409 0.0442257
5.91648 0.0440724
5.91887 0.0439384
5.92126 0.0439461
5.92365 0.0438278
5.93944 0.0435994
5.94183 0.0433994
5.94422 0.0432245
5.94661 0.0430714
5.949 0.0429375
5.95139 0.0428203
5.95378 0.0427178
5.95617 0.0426281
5.95856 0.0425495
5.96095 0.0424809
5.96334 0.0424207
5.96573 0.0423682
5.98187 0.0423221
5.98426 0.0424069
5.98665 0.042356
5.98904 0.0424365
5.99143 0.0425069
5.99382 0.0424436
5.99621 0.0425131
5.9986 0.042449
6.00099 0.0423929
6.00338 0.0424688
6.00577 0.0427852
6.00816 0.043062
6.02276 0.0448043
6.02515 0.0447037
6.02754 0.0444908
6.02993 0.0443044
6.03272 0.0441414
6.03511 0.0441237
6.0375 0.0441082
6.03989 0.0439697
6.04228 0.0439735
6.04467 0.0439768
6.04706 0.0439797
6.04945 0.0439822
6.06399 0.0453595
6.06638 0.0451895
6.06877 0.0449158
6.07116 0.0448014
6.0736 0.0447012
6.076 0.0444885
6.07839 0.0443025
6.08078 0.0441397
6.08317 0.0441222
6.08556 0.0439819
6.08795 0.0438592
6.09034 0.0437518
6.09273 0.0436578
6.10607 0.0435756
6.10846 0.0433786
6.11085 0.0432063
6.11324 0.0430555
6.11569 0.0429236
6.11808 0.0429331
6.12047 0.0428165
6.12286 0.0427144
6.12525 0.0426251
6.12764 0.042547
6.13003 0.0426036
6.13242 0.0425282
6.13481 0.0424621
6.14856 0.0424044
6.15095 0.0423538
6.15334 0.0424346
6.15573 0.0423803
6.15812 0.0424577
6.16051 0.0424005
6.1629 0.0423505
6.16529 0.0424316
6.16768 0.0423777
6.17007 0.0424555
6.17246 0.0423985
6.17485 0.0423487
6.17724 0.0424301
6.18944 0.0440014
6.19184 0.0438762
6.19423 0.0438917
6.19662 0.0437802
6.19901 0.0438077
6.2014 0.0437067
6.20419 0.0437434
6.20658 0.0437755
6.20897 0.0436785
6.21136 0.0437187
6.21375 0.0436289
6.21614 0.0436753
6.21853 0.0437159
6.23068 0.0448764
6.23307 0.0447668
6.23546 0.044671
6.23785 0.0444621
6.24024 0.0444043
6.24263 0.0442288
6.24508 0.0442002
6.24747 0.0440502
6.24986 0.0439189
6.25225 0.043929
6.25464 0.0438129
6.25703 0.0438363
6.25942 0.0437318
6.27157 0.0448903
6.27396 0.044654
6.27635 0.0444472
6.27874 0.0442663
6.28113 0.044233
6.28352 0.0440789
6.28591 0.0439441
6.2883 0.043826
6.29069 0.0437228
6.29308 0.0437574
6.29547 0.0436628
6.29786 0.0435799
6.30025 0.0435074
6.30264 0.043444
6.31394 0.0432635
6.31633 0.0432306
6.31872 0.0430767
6.32111 0.0430671
6.3235 0.0429338
6.32589 0.042817
6.32828 0.0428399
6.33067 0.0427349
6.33306 0.0427681
6.33545 0.042672
6.33784 0.042588
6.34023 0.0426395
6.34262 0.0425596
6.34501 0.0426146
6.35602 0.0426628
6.35841 0.04258
6.3608 0.0425075
6.36319 0.042444
6.36558 0.0426385
6.36797 0.0428087
6.37036 0.0430826
6.37276 0.0431973
6.37515 0.0434226
6.37754 0.0434948
6.45143 0.043308
6.45382 0.0431445
6.45621 0.0430014
6.4586 0.0428762
6.46206 0.0430167
6.46445 0.0430146
6.49266 0.0462628
6.49505 0.0459799
6.49744 0.0457324
6.49983 0.0453909
6.50295 0.045217
6.50534 0.0449399
6.53355 0.0479474
6.53594 0.047329
6.53833 0.0467879
6.54072 0.0463144
6.54311 0.0460251
6.5455 0.0456469
6.54789 0.0451911
6.57563 0.0447922
6.57802 0.0445682
6.58041 0.0442471
6.5828 0.0439663
6.58519 0.0437205
6.58758 0.0435054
6.58997 0.0433172
6.61772 0.0431526
6.62011 0.0430085
6.6225 0.0428824
6.62489 0.0430221
6.62728 0.0432694
6.62967 0.0433607
6.63206 0.0435656
6.65861 0.0467449
6.661 0.0462768
6.66339 0.0458672
6.66578 0.0455088
6.66817 0.0453202
6.75001 0.0450302
6.7524 0.0446514
6.75479 0.04432
6.79097 0.048155
6.79336 0.0475106
6.79575 0.0469468
6.83186 0.0507034
6.83425 0.0498655
6.83664 0.0490073
6.87283 0.0525064
6.87548 0.0514431
6.87787 0.0503877
6.88026 0.0495892
6.91491 0.0486406
6.91757 0.0478105
6.91996 0.0470842
6.92235 0.0464487
6.95721 0.0460176
6.95965 0.0455154
6.96204 0.045201
6.96443 0.0451758
6.9981 0.0490289
7.00054 0.0482753
7.00293 0.0476158
7.00532 0.0470389
7.03947 0.050534
7.04186 0.0495923
7.04426 0.0488932
7.04665 0.0482816
7.08036 0.0516214
7.08275 0.0505437
7.08514 0.0497257
7.08754 0.048885
7.08993 0.0481494
7.12245 0.0473807
7.12484 0.0467081
7.12724 0.0461196
7.12963 0.0456047
7.13202 0.0452791
7.24667 0.0484942
7.24945 0.0478074
7.28909 0.0472065
7.29154 0.0465557
7.33153 0.0459862
7.33392 0.0457379
7.37242 0.0501457
7.37481 0.0492525
7.41331 0.0530959
7.4157 0.0518339
7.41809 0.0508547
7.4554 0.0497479
7.45779 0.0487794
7.46018 0.0479319
7.49748 0.0471905
7.49987 0.0465416
7.50226 0.0459739
7.53961 0.0454772
7.542 0.0454175
7.54439 0.0453654
7.5805 0.0494447
7.58289 0.0486391
7.58528 0.0479342
7.62147 0.0515674
7.62387 0.0504965
7.62626 0.0496844
7.62896 0.0488489
7.66356 0.0479928
7.66595 0.0472437
7.66834 0.0465882
7.67104 0.0461397
7.70591 0.0456222
7.7083 0.0452944
7.71082 0.0448826
7.71321 0.0445223
7.7468 0.048332
7.74919 0.0477905
7.75171 0.0471917
7.7541 0.0467927
7.78769 0.0501936
7.79008 0.0494194
7.79288 0.048617
7.79527 0.0480399
7.82858 0.0512849
7.83097 0.0502493
7.83336 0.0493431
7.83575 0.0485502
7.83814 0.0478565
7.87096 0.0471244
7.87335 0.0466088
7.87574 0.0460327
7.87813 0.0456536
7.88052 0.0451969
7.91305 0.0449223
7.91544 0.044557
7.91783 0.0442374
7.92022 0.0443327
7.92275 0.0442911
7.95394 0.0478797
7.95633 0.0472698
7.95872 0.0467361
7.96111 0.046394
7.96364 0.0459698
7.99525 0.0493486
7.99764 0.04868
8.00003 0.048095
8.00242 0.0475831
8.00481 0.0470102
8.0072 0.046634
8.03733 0.0460547
8.03972 0.0455479
8.04211 0.0451044
8.0445 0.0447163
8.04689 0.0443768
8.04928 0.0440797
8.07976 0.0438197
8.08215 0.0437173
8.08454 0.0435026
8.08693 0.0433148
8.08932 0.0432754
8.09171 0.043116
8.12065 0.0466015
8.12304 0.0462763
8.12543 0.0458668
8.12782 0.0455084
8.13021 0.0453199
8.1326 0.0450299
8.16188 0.0481512
8.16427 0.0476323
8.16666 0.0470532
8.16905 0.0466716
8.17144 0.0463376
8.17383 0.0459204
8.20277 0.0489304
8.20516 0.0483141
8.20755 0.0476498
8.20994 0.0470686
8.21233 0.04656
8.21472 0.046115
8.21711 0.0458506
8.2452 0.0454943
8.24759 0.0450575
8.24998 0.0446753
8.25237 0.0444659
8.25476 0.0441577
8.25715 0.044013
8.25954 0.0437613
8.2873 0.0435412
8.28969 0.0433485
8.29208 0.043305
8.29447 0.0435168
8.29686 0.0435772
8.2993 0.0437551
8.30169 0.0437857
8.32819 0.0469375
8.33058 0.0464453
8.33297 0.0460146
8.33536 0.0456378
8.33775 0.0453081
8.34019 0.0451446
8.34258 0.0448765
8.36907 0.0477669
8.37147 0.0471711
8.37386 0.0466497
8.37625 0.0463185
8.37864 0.0459037
8.38103 0.0456657
8.38342 0.0453325
8.38581 0.0450409
8.41116 0.0446608
8.41355 0.0443282
8.41594 0.0440372
8.41833 0.0437825
8.42072 0.0435597
8.42311 0.0433648
8.4255 0.0431942
8.42789 0.0430449
8.45327 0.0429143
8.45566 0.0428
8.45805 0.042825
8.46044 0.0427219
8.46283 0.0426316
8.46523 0.0425527
8.46762 0.0427336
8.47001 0.0430169
8.49655 0.0430148
8.49894 0.0430129
8.50133 0.0430113
8.50372 0.0430099
8.50611 0.0431337
8.50851 0.043117
8.5109 0.0431023
8.53753 0.0460895
8.53992 0.0457034
8.54231 0.0457404
8.5447 0.0457729
8.54709 0.0458013
8.54948 0.0458261
8.55187 0.0457228
8.55426 0.0457575
8.55665 0.0457878
8.57961 0.0453143
8.582 0.045025
8.58439 0.0446469
8.58678 0.044316
8.58917 0.0440265
8.59156 0.0437732
8.59395 0.0435516
8.59635 0.0433576
8.59874 0.0431879
8.62199 0.0430394
8.62438 0.0429095
8.62677 0.0427958
8.62916 0.0428213
8.63155 0.0427187
8.63394 0.0426288
8.63633 0.0426752
8.63872 0.0425908
8.64111 0.042642
8.66442 0.0426867
8.66681 0.0429759
8.6692 0.0432289
8.67159 0.0434503
8.67398 0.043519
8.67637 0.0437041
8.67876 0.0438661
8.68115 0.0440078
8.68354 0.0441319
8.70531 0.0466154
8.7077 0.0461635
8.71009 0.045893
8.71248 0.0455314
8.71488 0.045215
8.71727 0.0450631
8.71966 0.0448052
8.72229 0.0447046
8.72468 0.0444915
8.7462 0.0468051
8.74859 0.0463294
8.75098 0.0459132
8.75337 0.0455491
8.75576 0.0452304
8.75816 0.0450766
8.76055 0.0448171
8.76294 0.0445899
8.76533 0.0443912
8.76772 0.0442173
8.78863 0.0439401
8.79102 0.0438226
8.79341 0.0437198
8.7958 0.0435048
8.79819 0.0434417
8.80058 0.0432615
8.80297 0.0431038
8.80536 0.0430908
8.80775 0.0429545
8.81014 0.0429602
8.83072 0.0428401
8.83311 0.0427351
8.8355 0.0426432
8.83789 0.0425628
8.84028 0.0428675
8.84268 0.043009
8.84507 0.0432579
8.84746 0.0434757
8.84985 0.0435412
8.85224 0.0437236
8.87161 0.0458831
8.87408 0.0456477
8.87647 0.0453168
8.87892 0.0450272
8.88171 0.0448988
8.8841 0.0447864
8.88649 0.0446881
8.88888 0.0444771
8.89128 0.0444175
8.89367 0.0443653
8.9125 0.0463196
8.91531 0.0460297
8.9177 0.045651
8.92009 0.0454446
8.9226 0.045264
8.92499 0.044981
8.92738 0.0447334
8.92977 0.0445167
8.93216 0.0444521
8.93456 0.0442706
8.93695 0.0441118
8.95461 0.0438478
8.95778 0.0436168
8.96017 0.0435397
8.96256 0.0433473
8.96495 0.0431789
8.96734 0.0431565
8.96973 0.0430119
8.97212 0.0430104
8.97452 0.0428841
8.97691 0.0427736
8.9793 0.0428019
8.9967 0.0427017
8.99994 0.042614
9.00233 0.0425372
9.00472 0.0424701
9.00712 0.0425363
9.00951 0.0424693
9.0119 0.0424106
9.01429 0.0427343
9.01668 0.0428925
9.01907 0.0431559
9.02146 0.0433864
9.03759 0.0452131
9.0411 0.0451865
9.04357 0.0450382
9.04596 0.0447834
9.04835 0.0446855
9.05074 0.0444748
9.05313 0.0444154
9.05552 0.0443635
9.05791 0.0441931
9.0603 0.0441689
9.06269 0.0440228
9.07848 0.045645
9.08199 0.0454393
9.08446 0.0451344
9.08685 0.0448676
9.08924 0.0447592
9.09163 0.0445393
9.09402 0.0444719
9.09641 0.0442879
9.0988 0.0441269
9.10119 0.044111
9.10358 0.0439722
9.10597 0.0438506
9.12091 0.0436193
9.12407 0.0435419
9.12689 0.0433492
9.12928 0.0433055
9.13167 0.0431423
9.13406 0.0431245
9.13645 0.042984
9.13884 0.042861
9.14123 0.0428783
9.14362 0.0427686
9.14601 0.0427975
9.1484 0.0428228
9.163 0.0427199
9.16633 0.04263
9.16897 0.0425512
9.17136 0.0424823
9.17375 0.042422
9.17614 0.0423693
9.17853 0.0423231
9.18092 0.0422827
9.18331 0.0422474
9.1857 0.0422165
9.18809 0.0421894
9.19048 0.0424157
9.20388 0.0439888
9.20722 0.0441152
9.20986 0.0439758
9.21225 0.0439788
9.21464 0.0438564
9.21703 0.0438744
9.21942 0.0437651
9.22181 0.0436695
9.2242 0.0437108
9.22659 0.0436219
9.22898 0.0435442
9.23137 0.0434762
9.24477 0.0447916
9.24811 0.0448177
9.25075 0.0445905
9.25314 0.0445167
9.25553 0.0443271
9.25792 0.0441612
9.26031 0.044016
9.2627 0.043889
9.26509 0.0439029
9.26748 0.04379
9.26987 0.0436913
9.27226 0.0437299
9.28585 0.0450136
9.28824 0.0448869
9.29063 0.0445261
9.29302 0.0443353
9.29541 0.0440434
9.2978 0.043788
9.30019 0.0436895
9.30258 0.0434783
9.30497 0.0432935
9.30736 0.0431318
9.30975 0.0429903
9.31214 0.0429915
9.31453 0.0428676
9.32793 0.0427592
9.33032 0.0426643
9.33271 0.0425812
9.3351 0.0425086
9.33749 0.042445
9.33988 0.0423894
9.34228 0.0423407
9.34467 0.0422981
9.34706 0.0423858
9.34945 0.0423376
9.35184 0.0422954
9.35423 0.0422585
9.35662 0.0422262
9.37002 0.0423229
9.37241 0.0422825
9.3748 0.0424972
9.37719 0.0428101
9.37958 0.0429588
9.38197 0.043089
9.38436 0.0433278
9.38675 0.0434119
9.38914 0.0436104
9.39153 0.0436591
9.39392 0.0437017
9.39631 0.043864
9.3987 0.043881
9.41091 0.0451459
9.4133 0.0448776
9.41569 0.0446429
9.41808 0.0445626
9.42047 0.0443672
9.42286 0.0441963
9.42525 0.0441718
9.42764 0.0440253
9.43003 0.0440222
9.43242 0.0438944
9.43481 0.0437826
9.4372 0.0438098
9.43959 0.0437085
9.45198 0.04487
9.45437 0.0447612
9.45676 0.0445411
9.45915 0.0444734
9.46154 0.0442893
9.46393 0.0441281
9.46632 0.0441121
9.46871 0.0439731
9.4711 0.0439764
9.47349 0.0438544
9.47588 0.0437476
9.47827 0.0437791
9.48067 0.0436817
9.48306 0.0437215
9.49421 0.0436313
9.4966 0.0434274
9.49899 0.043249
9.50138 0.0430929
9.50377 0.0429563
9.50616 0.0429617
9.50855 0.0428415
9.51094 0.0427363
9.51333 0.0426443
9.51572 0.0425637
9.51811 0.0426183
9.52051 0.042541
9.5229 0.0424734
9.52529 0.0424142
9.5363 0.0423624
9.53869 0.0423171
9.54134 0.0424025
9.54373 0.0423522
9.54612 0.0424331
9.54851 0.042379
9.5509 0.0425816
9.55329 0.0428839
9.55568 0.0431484
9.55807 0.0433799
9.56046 0.0435824
9.56285 0.0436346
9.56524 0.0438053
9.56763 0.0439546
9.57759 0.0449603
9.57998 0.0447152
9.58237 0.0446258
9.58476 0.0444226
9.58715 0.0443698
9.58954 0.0441986
9.59193 0.0440487
9.59432 0.0440426
9.59671 0.0439123
9.59911 0.0439233
9.6015 0.0438079
9.60389 0.0437069
9.60628 0.0437435
9.60867 0.0436506
9.61849 0.0445693
9.62088 0.0443731
9.62327 0.0443265
9.62594 0.0441607
9.62833 0.0441406
9.63072 0.043998
9.63311 0.0439982
9.6379 0.0438735
9.64029 0.0438893
9.64268 0.0437781
9.64507 0.0438059
9.64746 0.0438301
9.64985 0.0437264
9.65224 0.0437606
9.66058 0.0435405
9.66297 0.0433479
9.66536 0.0431794
9.66854 0.043157
9.67093 0.0430124
9.67332 0.0430108
9.67571 0.0428845
9.68026 0.0428989
9.68265 0.0431616
9.68504 0.0433914
9.68743 0.0435924
9.68983 0.0436434
9.69222 0.043813
9.69461 0.0439613
9.697 0.0439662
9.70297 0.0437204
9.70536 0.0436303
9.70815 0.0435516
9.71063 0.0433576
9.71319 0.0433129
9.71558 0.0431488
9.71797 0.0430052
9.72235 0.0428795
9.72474 0.0427696
9.72713 0.0426734
9.72952 0.0428392
9.73191 0.0429843
9.7343 0.0432363
9.73669 0.0433317
9.73908 0.0435403
9.74401 0.0440977
9.7464 0.0440855
9.74904 0.0440748
9.75152 0.0439405
9.75437 0.0439479
9.75676 0.0438294
9.75915 0.0438507
9.76327 0.0441194
9.76566 0.0439795
9.76805 0.043982
9.77044 0.0438593
9.77283 0.0437519
9.77522 0.0437829
9.77761 0.043685
9.78 0.0437244
9.7849 0.0438839
9.78729 0.0437734
9.79022 0.0438017
9.79261 0.0437015
9.79526 0.0437388
9.79765 0.0436464
9.80004 0.0436906
9.80416 0.0438543
9.80655 0.0437475
9.80894 0.0436541
9.81133 0.0435723
9.81372 0.0435008
9.81611 0.0435632
9.8185 0.0434928
9.82089 0.0434312
9.82328 0.0433773
9.82729 0.0433301
9.82968 0.0431639
9.83231 0.0430184
9.8347 0.0428911
9.83734 0.0427797
9.83973 0.0426822
9.84212 0.042597
9.84641 0.0425223
9.8488 0.042457
9.85119 0.0425249
9.85358 0.0424593
9.85597 0.0424019
9.85836 0.0423516
9.86075 0.0423077
9.86313 0.0423942
9.86552 0.042345
9.86937 0.0423018
9.87176 0.0422641
9.87455 0.0422311
9.87694 0.0422022
9.87967 0.0421769
9.88206 0.0422798
9.88445 0.0422448
9.8885 0.0422142
9.89128 0.0423125
9.89367 0.0422734
9.89606 0.0423642
9.89845 0.0424437
9.90084 0.0423882
9.90323 0.0424647
9.90562 0.0427816
9.90801 0.0430589
9.9104 0.0433015
9.91279 0.0432639
9.91543 0.0433559
9.91783 0.0433114
9.92056 0.0433975
9.92295 0.0433478
9.92534 0.0433043
9.92939 0.0435163
9.93217 0.0435767
9.93456 0.0435046
9.93695 0.0434416
9.93935 0.0433864
9.94181 0.0433381
9.94432 0.0434208
9.94671 0.0433682
9.9491 0.0434472
9.95149 0.0433913
9.95388 0.0433424
9.95632 0.0434246
9.95871 0.0433715
9.96145 0.0434501
9.96384 0.0433938
9.96623 0.0434696
9.97028 0.0436609
9.97306 0.0437033
9.97545 0.0436154
9.97784 0.0435384
9.98024 0.0435961
9.9827 0.0435216
9.98557 0.0435814
9.98796 0.0435087
9.99035 0.0435701
9.99274 0.0434989
9.99513 0.0435615
9.99752 0.0436163
9.99991 0.0435393
10.0023 0.0435969
10.0047 0.0435223
10.0071 0.043582
10.0095 0.0435092
10.0125 0.0433206
10.0153 0.0431555
10.0177 0.0430111
10.0201 0.0430097
10.0225 0.0428835
10.0251 0.042898
10.0277 0.0427858
10.03 0.0428126
10.0324 0.042711
10.0348 0.0426221
10.0372 0.0425444
10.0396 0.0424763
10.042 0.0424168
10.0444 0.0423647
10.0468 0.0423191
10.0492 0.0422792
10.0516 0.0422443
10.0545 0.0422138
10.0574 0.042187
10.0598 0.0421637
10.0621 0.0421432
10.0649 0.0421253
10.0676 0.0421096
10.07 0.0420959
10.0724 0.0420839
10.0748 0.0420734
10.0772 0.0421893
10.0796 0.0421656
10.0819 0.0423949
10.0843 0.0427205
10.0867 0.0430055
10.0891 0.0432548
10.0915 0.0434729
10.0939 0.0435388
10.0963 0.0437215
10.0987 0.0437563
10.1011 0.0437867
10.1035 0.0438134
10.1058 0.0437117
10.1085 0.0437478
10.1109 0.0436543
10.1133 0.0436975
10.1157 0.0436103
10.1181 0.043659
10.1204 0.0435766
10.123 0.0435046
10.1254 0.0435665
10.1278 0.0434957
10.1301 0.0435587
10.1325 0.0434889
10.1349 0.0434278
10.1373 0.0434993
10.1397 0.0434369
10.1421 0.0435073
10.1445 0.0434439
10.147 0.0435134
10.1494 0.0435742
10.1518 0.0435024
10.1542 0.0435646
10.1566 0.043494
10.159 0.0434323
10.1614 0.0433783
10.1639 0.043331
10.1663 0.0434146
10.1686 0.0433628
10.171 0.0434424
10.1734 0.0433871
10.1758 0.0433387
10.1783 0.0434214
10.1811 0.0434937
10.1834 0.043557
10.1858 0.0434874
10.1882 0.0435515
10.1906 0.0434825
10.193 0.0435472
10.1954 0.0436038
10.1978 0.0435283
10.2002 0.0435873
10.2026 0.0436389
10.205 0.043559
10.2073 0.0436141
10.2097 0.0435374
10.2121 0.0435952
10.2145 0.0435208
10.2169 0.0434557
10.2193 0.0435237
10.2217 0.0434583
10.2241 0.043401
10.2265 0.0433509
10.2289 0.043307
10.2312 0.0432686
10.2336 0.043235
10.236 0.0432057
10.2384 0.04318
10.2408 0.0431575
10.2432 0.0431378
10.2456 0.0431206
10.248 0.0431055
10.2504 0.0430923
10.2528 0.0430808
10.2552 0.0430707
10.2575 0.0430618
10.2599 0.0433041
10.2623 0.0436411
10.2647 0.043811
10.2671 0.0440846
10.2695 0.044199
10.2719 0.0442991
10.2743 0.0445117
10.2767 0.0445728
10.2791 0.0447512
10.2814 0.0447823
10.2838 0.0448095
10.2862 0.0449583
10.2886 0.0449635
10.291 0.0450931
10.2934 0.0452064
10.2958 0.0451806
10.2982 0.0452831
10.3006 0.0452477
10.303 0.0452167
10.3054 0.0453146
10.3077 0.0452753
10.3101 0.0453659
10.3125 0.0453201
10.3149 0.0452801
10.3173 0.0453701
10.3197 0.0453238
10.3221 0.0454084
10.3245 0.0453573
10.3269 0.0453127
10.3293 0.0453986
10.3316 0.0453488
10.334 0.0454302
10.3364 0.0453764
10.3388 0.0453293
10.3412 0.0454132
10.3436 0.0453615
10.346 0.0453163
10.3484 0.0454018
10.3508 0.0453516
10.3532 0.0454326
10.3556 0.0453785
10.3579 0.0453312
10.3603 0.0454148
10.3627 0.045363
10.3651 0.0454426
10.3675 0.0453873
10.3699 0.0453389
10.3723 0.0454215
10.3747 0.0453688
10.3771 0.0454477
10.3795 0.0453917
10.3818 0.0453428
10.3842 0.0454249
10.3866 0.0453718
10.389 0.0454503
10.3914 0.045519
10.3938 0.0454542
10.3962 0.0455224
10.3986 0.0454571
10.401 0.0454
10.4034 0.045475
10.4057 0.0454156
10.4081 0.0454886
10.4105 0.0454276
10.4129 0.0453741
10.4153 0.0454524
10.4177 0.0453958
10.4201 0.0454713
10.4225 0.0454124
10.4249 0.0453609
10.4273 0.0454408
10.4297 0.0453857
10.432 0.0454625
10.4344 0.0454046
10.4368 0.0453541
10.4392 0.0454348
10.4416 0.0453805
10.444 0.0453329
10.4464 0.0456663
10.4488 0.045958
10.4512 0.0462132
10.4536 0.0464366
10.4559 0.046507
10.4583 0.0466936
10.4607 0.0468569
10.4631 0.0469998
10.4655 0.0471248
10.4679 0.0471092
10.4703 0.0472206
10.4727 0.047318
10.4751 0.0474033
10.4775 0.0474778
10.4799 0.0474181
10.4822 0.0474909
10.4846 0.0475545
10.487 0.0476102
10.4894 0.0476589
10.4918 0.0477015
10.4942 0.0477389
10.4966 0.0477715
10.499 0.0476751
10.5014 0.0477157
10.5038 0.0477512
10.5061 0.0477823
10.5085 0.0478095
10.5109 0.0477083
10.5133 0.0477448
10.5157 0.0477767
10.5181 0.0478046
10.5205 0.047829
10.5229 0.0477254
10.5253 0.0477597
10.5277 0.0477898
10.53 0.047816
10.5324 0.047839
10.5348 0.0477342
10.5372 0.0477674
10.5396 0.0477965
10.542 0.0478219
10.5444 0.0478442
10.5468 0.0478636
10.5492 0.0478807
10.5516 0.0478956
10.554 0.0477836
10.5563 0.0478107
10.5587 0.0478344
10.5611 0.0478551
10.5635 0.0478732
10.5659 0.047764
10.5683 0.0477935
10.5707 0.0478193
10.5731 0.0478419
10.5755 0.0478617
10.5779 0.047754
10.5802 0.0477847
10.5826 0.0478116
10.585 0.0478352
10.5874 0.0478558
10.5898 0.0477488
10.5922 0.0477802
10.5946 0.0478077
10.597 0.0477067
10.5994 0.0477434
10.6018 0.0477755
10.6042 0.0478035
10.6065 0.0478281
10.6089 0.0477246
10.6113 0.047759
10.6137 0.0477891
10.6161 0.0478155
10.6185 0.0478385
10.6209 0.0477337
10.6233 0.047767
10.6257 0.0477961
10.6281 0.0478216
10.6304 0.0478439
10.6328 0.0477384
10.6352 0.0477711
10.6376 0.0477997
10.64 0.0478248
10.6424 0.0480967
10.6448 0.0483346
10.6472 0.0486678
10.6496 0.0488343
10.652 0.04898
10.6544 0.0491075
10.6567 0.0492191
10.6591 0.0494417
10.6615 0.0495115
10.6639 0.0495725
10.6663 0.049626
10.6687 0.0496727
10.6711 0.0498386
10.6735 0.0498588
10.6759 0.0498765
10.6783 0.0498919
10.6806 0.0499054
10.683 0.0500422
10.6854 0.050037
10.6878 0.0500323
10.6902 0.0500283
10.6926 0.0500248
10.695 0.0500217
10.6974 0.050019
10.6998 0.0500166
10.7022 0.0501395
10.7045 0.0501221
10.7069 0.0501068
10.7093 0.0500935
10.7117 0.0500818
10.7141 0.0501966
10.7165 0.050172
10.7189 0.0501505
10.7213 0.0501317
10.7237 0.0501152
10.7261 0.0502258
10.7285 0.0501976
10.7308 0.0501729
10.7332 0.0501513
10.7356 0.0501324
10.738 0.0502408
10.7404 0.0502107
10.7428 0.0501844
10.7452 0.0502863
10.7476 0.0502505
10.75 0.0502192
10.7524 0.0501918
10.7547 0.0501678
10.7571 0.0502719
10.7595 0.0502379
10.7619 0.0502081
10.7643 0.0501821
10.7667 0.0501594
10.7691 0.0502644
10.7715 0.0502314
10.7739 0.0502025
10.7763 0.0501772
10.7787 0.050155
10.781 0.0502606
10.7834 0.0502281
10.7858 0.0501995
10.7882 0.0501746
10.8611 0.0491528
10.8635 0.0482587
10.8659 0.0474763
10.8683 0.0467918
10.8707 0.0461928
10.8731 0.0457937
10.8755 0.0453195
10.8779 0.0449046
10.8803 0.0445415
10.8827 0.0442238
10.9033 0.0439458
10.9057 0.0437026
10.9081 0.0436148
10.9105 0.0434129
10.9128 0.0432363
10.9152 0.0430818
10.9176 0.0429466
10.92 0.0429532
10.9224 0.0428341
10.9248 0.0427298
10.9454 0.0426386
10.9478 0.0425588
10.9502 0.0424889
10.9525 0.0424278
10.9549 0.0423743
10.9573 0.0423275
10.9597 0.0422866
10.9621 0.0422508
10.9645 0.0422194
10.9669 0.042192
10.9878 0.042168
10.9902 0.042522
10.9926 0.0428317
10.995 0.0429778
10.9974 0.0432306
10.9998 0.0434517
11.0021 0.0436453
11.0045 0.0438146
11.0069 0.0438378
11.0093 0.0439831
11.0291 0.0463602
11.0315 0.0460652
11.0339 0.045682
11.0363 0.0454718
11.0387 0.0452878
11.041 0.0451268
11.0434 0.044986
11.0458 0.0447377
11.0482 0.0446455
11.0506 0.0445648
11.07 0.0464942
11.0724 0.0460574
11.0751 0.0458003
11.0775 0.0455752
11.0799 0.0452533
11.0823 0.0450967
11.0847 0.0448346
11.0871 0.0447302
11.0895 0.044639
11.0918 0.0444341
11.0942 0.0443798
11.1121 0.0442074
11.1145 0.0439314
11.1175 0.04369
11.1199 0.0434788
11.1223 0.0434189
11.1246 0.0432415
11.127 0.0432114
11.1294 0.0430599
11.1318 0.0429274
11.1342 0.0429365
11.1366 0.0428194
11.1545 0.042717
11.1569 0.0426274
11.1597 0.042549
11.1621 0.0426053
11.1645 0.0429047
11.1669 0.0430416
11.1693 0.0432864
11.1717 0.0433756
11.174 0.0435786
11.1764 0.0437563
11.1788 0.0437868
11.1954 0.0456884
11.1978 0.0453524
11.2006 0.0451833
11.203 0.0449104
11.2056 0.0446716
11.2092 0.0447127
11.2841 0.0444986
11.2865 0.0441863
11.2889 0.043913
11.2925 0.0436738
11.2949 0.0434646
11.3254 0.0469065
11.3281 0.0465432
11.3305 0.0462253
11.3334 0.0460722
11.3358 0.0456881
11.3663 0.0489771
11.369 0.04823
11.3714 0.0475762
11.3744 0.0471292
11.3768 0.0466131
11.4071 0.0497864
11.4102 0.0490631
11.4126 0.0484302
11.415 0.0477514
11.4174 0.0471575
11.4198 0.0466378
11.4492 0.0460581
11.4535 0.0456758
11.5354 0.0454664
11.5378 0.0450331
11.5764 0.0491539
11.5788 0.0483847
11.6173 0.0523366
11.6197 0.0511695
11.6582 0.0547733
11.6606 0.0533017
11.663 0.052014
11.7003 0.0507622
11.7027 0.0496669
11.705 0.0488336
11.7427 0.0479794
11.7451 0.047357
11.7475 0.0466873
11.7836 0.0506014
11.786 0.0496512
11.7884 0.0488198
11.8245 0.0523424
11.8269 0.0511746
11.8292 0.0502777
11.8654 0.053618
11.8678 0.0522908
11.8702 0.0512544
11.8726 0.0502226
11.9078 0.0491948
11.9102 0.0484204
11.913 0.0476179
11.9154 0.0470406
11.9499 0.0464106
11.9523 0.0458592
11.9551 0.0455018
11.9574 0.0454391
11.9908 0.0491342
11.9931 0.0484924
11.9962 0.0479309
11.9986 0.0473145
12.0316 0.0506502
12.034 0.0498189
12.0371 0.0490916
12.0395 0.0483301
12.0727 0.0515389
12.0751 0.0505965
12.0775 0.0496469
12.0799 0.0486911
12.0823 0.0479797
12.1148 0.0472322
12.1172 0.0465782
12.1196 0.0460059
12.122 0.0455052
12.1244 0.045067
12.1569 0.0446837
12.1593 0.0443482
12.1617 0.0443047
12.1641 0.0443916
12.1664 0.0444676
12.1978 0.0480342
12.2002 0.0475299
12.2026 0.0469637
12.2049 0.0464682
12.2073 0.0460347
12.2387 0.0492803
12.2414 0.0486203
12.2437 0.0479178
12.2461 0.047428
12.2485 0.0469995
12.2509 0.0464996
12.2808 0.0459371
12.2839 0.045445
12.2863 0.0451394
12.2887 0.044747
12.2911 0.0445286
12.2935 0.0443375
12.3228 0.0440453
12.326 0.0439147
12.3284 0.0436753
12.3308 0.0434659
12.3332 0.0432827
12.3356 0.0433723
12.3637 0.0467008
12.3673 0.0464882
12.3697 0.0460522
12.3721 0.0457956
12.3744 0.0455712
12.3768 0.0452498
12.4046 0.0482186
12.4082 0.0478162
12.4106 0.0472142
12.4129 0.0466874
12.4157 0.0462265
12.4181 0.0459482
12.4458 0.0488297
12.4482 0.048226
12.4506 0.0474477
12.453 0.0467668
12.4553 0.0462959
12.4578 0.0457589
12.4602 0.0452891
12.4879 0.0448779
12.4903 0.0445182
12.4927 0.0442034
12.4951 0.044053
12.4974 0.0437964
12.4999 0.0435718
12.5023 0.0433753
12.5304 0.0433284
12.5327 0.0431624
12.5351 0.0433921
12.5375 0.0435931
12.5399 0.0436439
12.5423 0.0438134
12.5447 0.0439618
12.5712 0.0470915
12.5737 0.0465801
12.5761 0.0462576
12.5785 0.0458504
12.5809 0.0454941
12.5833 0.0453073
12.5857 0.0450189
12.6125 0.0478915
12.6149 0.0472801
12.6173 0.0468701
12.62 0.0465113
12.6224 0.0461974
12.6248 0.0459227
12.6272 0.0456824
12.6296 0.0454721
12.6546 0.0450381
12.657 0.0446583
12.6593 0.044326
12.6621 0.0440353
12.6645 0.0437809
12.6669 0.0435583
12.6693 0.0433635
12.6717 0.043193
12.697 0.0430439
12.6994 0.0430384
12.7022 0.0430336
12.7046 0.0429044
12.7069 0.0427914
12.7093 0.0430674
12.7117 0.043309
12.7141 0.0435204
12.7379 0.0463303
12.7403 0.046039
12.7431 0.0457842
12.7455 0.0454361
12.7478 0.0451316
12.7503 0.0449902
12.7529 0.0447414
12.7553 0.0446487
12.7788 0.0470676
12.7812 0.0466842
12.7843 0.0463487
12.7867 0.0459301
12.7891 0.0456888
12.7915 0.0454777
12.7939 0.045168
12.7963 0.045022
12.7987 0.0447692
12.8209 0.0444231
12.8232 0.0441202
12.8264 0.0438552
12.8288 0.0436233
12.8312 0.0434204
12.8336 0.0432428
12.836 0.0432125
12.8384 0.0430609
12.8408 0.0429283
12.8629 0.0428123
12.8653 0.0427107
12.8685 0.0426219
12.8708 0.0425441
12.8732 0.0424761
12.8761 0.0425416
12.8785 0.0424739
12.8809 0.0424147
12.8833 0.0424878
12.9038 0.0450519
12.9062 0.0449204
12.9093 0.0448053
12.9117 0.0445797
12.9141 0.0445072
12.9173 0.0444438
12.9197 0.0442633
12.9221 0.0442304
12.945 0.0464516
12.9474 0.0461452
12.9502 0.045877
12.9526 0.0455174
12.955 0.0453277
12.9582 0.0451617
12.9606 0.0448915
12.963 0.0446551
12.9859 0.0469482
12.9883 0.0464547
12.9907 0.0462728
12.9931 0.0462387
12.9955 0.0460839
12.9979 0.0459484
13.0002 0.0458299
13.0026 0.0456011
13.005 0.045526
13.0074 0.0454602
13.0283 0.0451527
13.0307 0.0447586
13.0331 0.0445388
13.0355 0.0442214
13.0379 0.0439438
13.0403 0.0438258
13.0427 0.0435976
13.0451 0.0435229
13.0475 0.0433325
13.0498 0.0431659
13.0705 0.0430202
13.0729 0.0428927
13.0753 0.0427811
13.0776 0.0426835
13.08 0.042723
13.0824 0.0430076
13.0848 0.0431317
13.0872 0.0433652
13.0897 0.0434446
13.0921 0.043639
13.1114 0.0459341
13.1138 0.0455674
13.1162 0.0453714
13.119 0.045075
13.1213 0.0449406
13.1237 0.0446981
13.1261 0.0446108
13.1285 0.0445344
13.1309 0.0443426
13.1333 0.0442998
13.1523 0.0462623
13.1547 0.0458545
13.1571 0.0456227
13.1598 0.0452949
13.1622 0.045133
13.1646 0.0448664
13.167 0.0447581
13.1694 0.0445383
13.1718 0.044346
13.1742 0.0443028
13.1767 0.0441399
13.1947 0.0438724
13.1971 0.0437634
13.1995 0.043543
13.2023 0.0434751
13.2047 0.0432907
13.2071 0.0432544
13.2094 0.0430976
13.2118 0.0429604
13.2142 0.0429653
13.2166 0.0428447
13.219 0.0428641
13.2368 0.0427561
13.2392 0.0426616
13.2416 0.0425789
13.2444 0.0425065
13.2468 0.0424432
13.2492 0.0423878
13.2516 0.0423393
13.254 0.0422969
13.2564 0.0426348
13.2588 0.0428054
13.2612 0.0430798
13.2777 0.0449448
13.2801 0.0448267
13.2829 0.0445984
13.2857 0.0445236
13.288 0.0444581
13.2908 0.0444008
13.2932 0.0443507
13.2956 0.0443069
13.2979 0.0442685
13.3003 0.044235
13.3027 0.0442056
13.3189 0.0458049
13.3213 0.0455793
13.3238 0.0452569
13.3265 0.0450998
13.3289 0.0448373
13.3317 0.0446076
13.3341 0.0445317
13.3365 0.0443402
13.3389 0.0441727
13.3413 0.0441511
13.3437 0.0440072
13.3461 0.0440063
13.361 0.0438805
13.3634 0.0436455
13.3662 0.0435648
13.3686 0.0433692
13.3714 0.043323
13.3739 0.0431576
13.3763 0.0430129
13.3787 0.0428863
13.3811 0.0429005
13.3835 0.042788
13.3859 0.0426895
13.3882 0.0426033
13.4031 0.0425279
13.4059 0.0424619
13.4083 0.0424042
13.4107 0.0423536
13.4135 0.0423094
13.416 0.0422708
13.4184 0.0422369
13.4208 0.0422073
13.4232 0.0421814
13.4256 0.0421587
13.4279 0.0421389
13.4303 0.0421215
13.444 0.0438563
13.4468 0.0437493
13.4492 0.0437806
13.4516 0.043683
13.4551 0.0438477
13.4575 0.0438667
13.4599 0.0438834
13.4623 0.0438979
13.4647 0.0439107
13.4671 0.0439219
13.4695 0.0439316
13.4719 0.0439402
13.4853 0.0453227
13.4877 0.0450323
13.4905 0.0449033
13.4928 0.0446654
13.4961 0.0447072
13.4985 0.0444938
13.5009 0.0443071
13.5033 0.0442687
13.5057 0.0441101
13.5081 0.0440963
13.5105 0.0439593
13.5129 0.0438394
13.5265 0.0452345
13.5289 0.0449552
13.5313 0.0448358
13.5337 0.0446063
13.5361 0.0445305
13.5385 0.0442142
13.5409 0.0439374
13.5433 0.0438202
13.5457 0.0435927
13.5481 0.0435186
13.5505 0.0433288
13.5529 0.0431627
13.5553 0.0431424
13.5686 0.0429996
13.571 0.0429996
13.5734 0.0428747
13.5758 0.0427653
13.5782 0.0426697
13.5806 0.042586
13.583 0.0426377
13.5854 0.042558
13.5878 0.0424882
13.5902 0.0424272
13.5926 0.0423738
13.595 0.0424521
13.5974 0.0423956
13.6115 0.0424711
13.6138 0.0424122
13.6162 0.0424857
13.6186 0.0428
13.621 0.0432
13.6242 0.04355
13.6972 0.0433562
13.7 0.0431867
13.7024 0.0431634
13.7077 0.043018
13.7101 0.0428907
13.7393 0.0427794
13.7421 0.0428069
13.7445 0.0427061
13.7501 0.0427428
13.7525 0.043025
13.7549 0.0431468
13.7815 0.0430035
13.7842 0.0428781
13.7866 0.0430183
13.7911 0.043516
13.7935 0.0434515
13.7963 0.0435201
13.8224 0.0465801
13.8251 0.0462576
13.8275 0.0458504
13.832 0.0458691
13.8344 0.0455104
13.8374 0.0453216
13.8633 0.0480314
13.866 0.0474025
13.8684 0.0468522
13.8708 0.0463707
13.8741 0.0458243
13.8765 0.0453463
13.8799 0.044928
13.9054 0.044562
13.9082 0.0443667
13.9106 0.0440709
13.913 0.043937
13.9162 0.0436949
13.9186 0.043483
13.922 0.0434227
13.9477 0.0432448
13.9505 0.0430892
13.9529 0.0429531
13.9553 0.0428339
13.9584 0.0427297
13.9608 0.0428885
13.9632 0.0431524
13.9887 0.0460084
13.9914 0.0457573
13.9938 0.0454127
13.9962 0.0452361
13.9993 0.0450816
14.0017 0.0448214
14.0041 0.0447187
14.0296 0.0473789
14.0325 0.0469565
14.0349 0.0464619
14.0373 0.0461542
14.0404 0.0458849
14.0428 0.0455243
14.0452 0.0453338
14.0475 0.045042
14.0721 0.0447868
14.0746 0.0444384
14.077 0.0442586
14.0794 0.0439763
14.0829 0.0437293
14.0852 0.0436381
14.0876 0.0434333
14.09 0.0433792
14.1142 0.0432068
14.117 0.0430559
14.1194 0.0429239
14.1218 0.0428084
14.1249 0.0427074
14.1273 0.042619
14.1297 0.0425416
14.1321 0.0424739
14.1551 0.0452897
14.158 0.0451284
14.1604 0.0449874
14.1628 0.044739
14.1658 0.0446466
14.1682 0.0445658
14.1706 0.0443701
14.173 0.0443238
14.1963 0.0467833
14.1989 0.0463104
14.2013 0.0458966
14.2037 0.0455345
14.207 0.0454677
14.2094 0.0452842
14.2118 0.0449987
14.2142 0.0448739
14.2377 0.0472646
14.2425 0.0468566
14.2449 0.0463745
14.2473 0.0460777
14.2497 0.045568
14.2521 0.045247
14.2544 0.0449661
14.2568 0.0445953
14.2798 0.0442709
14.2846 0.0439871
14.287 0.0439887
14.2894 0.0441151
14.2917 0.0441007
14.2941 0.0442131
14.2965 0.0441865
14.2989 0.0441632
14.3013 0.0442678
14.3223 0.0441093
14.3267 0.0438456
14.3291 0.0437399
14.3315 0.0435224
14.3339 0.0435821
14.3363 0.0437594
14.3387 0.0437894
14.3411 0.0439408
14.3435 0.0440732
14.3632 0.046314
14.3676 0.0461498
14.37 0.045881
14.3724 0.0455209
14.3748 0.0452058
14.3772 0.0450551
14.3796 0.0447982
14.382 0.0445734
14.3844 0.0443767
14.4041 0.0464546
14.4089 0.0462728
14.4112 0.0459887
14.4136 0.0456151
14.416 0.0454132
14.4184 0.0452366
14.4208 0.044957
14.4232 0.0448374
14.4256 0.0447327
14.428 0.0445161
14.4462 0.0442016
14.4509 0.0439264
14.4533 0.0436856
14.4557 0.0434749
14.4581 0.0432905
14.4605 0.0431292
14.4629 0.0429881
14.4653 0.0428646
14.4677 0.0427565
14.4701 0.0427869
14.4886 0.0426886
14.4935 0.0427275
14.4959 0.0426366
14.4983 0.042682
14.5007 0.0425967
14.5031 0.0426471
14.5054 0.0426913
14.5078 0.0429798
14.5102 0.0432324
14.5126 0.0434533
14.5296 0.0453967
14.5344 0.0454721
14.5368 0.0451631
14.5392 0.0450177
14.5416 0.0447655
14.544 0.0445448
14.5463 0.0443517
14.5487 0.0441827
14.5511 0.0441599
14.5535 0.0440149
14.5704 0.045763
14.5753 0.0457927
14.5777 0.0454436
14.5801 0.0452631
14.5825 0.0449802
14.5849 0.0447327
14.5872 0.0446411
14.5896 0.044436
14.592 0.0443815
14.5944 0.0442088
14.5968 0.0440577
14.6125 0.0438005
14.6177 0.0435754
14.6202 0.0435035
14.6226 0.0433156
14.6249 0.0431511
14.6273 0.0431322
14.6297 0.0429907
14.6321 0.0429919
14.6345 0.0428679
14.6369 0.0427594
14.6393 0.0427895
14.6546 0.0426908
14.6598 0.0426044
14.6635 0.0426539
14.7235 0.0425721
14.7376 0.0425006
14.7428 0.042438
14.7472 0.0425083
14.7496 0.0424448
14.7656 0.0423892
14.7797 0.0423405
14.785 0.0422979
14.7893 0.0422607
14.7917 0.0422281
14.8077 0.0421996
14.8206 0.0437997
14.8258 0.0440747
14.8302 0.0443154
14.8326 0.0441509
14.8485 0.0457571
14.8615 0.0467874
14.8667 0.046689
14.8711 0.0466029
14.8735 0.0461525
14.8894 0.0475085
14.9048 0.0469449
14.9088 0.0463268
14.9134 0.0457859
14.9158 0.0453127
14.9315 0.0448986
14.9469 0.0445363
14.9496 0.0445942
14.952 0.044395
14.9556 0.0440956
14.958 0.0438336
14.9738 0.0436044
14.989 0.0435289
14.9917 0.0433378
14.9941 0.0432955
14.9977 0.0431336
15.0001 0.0433669
15.0147 0.045071
15.0301 0.0465622
15.035 0.0461169
15.0386 0.0458523
15.0409 0.0454957
15.0562 0.0468088
15.071 0.0480827
15.0762 0.0478223
15.0787 0.0473445
15.0811 0.0473015
15.0835 0.0470138
15.0973 0.0482621
15.0997 0.0476043
15.1132 0.0469038
15.1186 0.0462908
15.121 0.0457545
15.1234 0.0452851
15.1257 0.0448745
15.1394 0.0445152
15.1417 0.0442008
15.1553 0.0439257
15.1607 0.043685
15.1631 0.0435994
15.1654 0.0433994
15.1678 0.0432245
15.1814 0.0430714
15.1838 0.0429375
15.1974 0.0428203
15.2016 0.0432178
15.204 0.0431906
15.2063 0.0431667
15.2087 0.0431459
15.2224 0.0446277
15.2251 0.0445492
15.2383 0.0458555
15.2424 0.0457486
15.2448 0.045405
15.2472 0.0452294
15.2496 0.0449507
15.2633 0.0462069
15.2659 0.045806
15.2791 0.0468303
15.2837 0.0466015
15.2861 0.0462763
15.2885 0.0459918
15.2909 0.0456178
15.2932 0.0454156
15.3055 0.0449886
15.3082 0.04474
15.3212 0.0443975
15.3258 0.0440978
15.3282 0.0438356
15.3305 0.0436062
15.3329 0.0434054
15.3353 0.0432297
15.3479 0.043076
15.3633 0.0429415
15.3679 0.0428238
15.3702 0.0427208
15.3726 0.0426307
15.375 0.0429269
15.3774 0.043186
15.3892 0.0445378
15.4048 0.0460956
15.4072 0.0458336
15.4096 0.0458544
15.412 0.0456226
15.4144 0.0454198
15.4168 0.0452423
15.4191 0.045087
15.4304 0.0460761
15.4458 0.0473166
15.4481 0.046902
15.4505 0.0464143
15.4529 0.0459875
15.4553 0.0457391
15.4577 0.0453967
15.4601 0.0452221
15.4715 0.0460693
15.4738 0.0456857
15.4881 0.04535
15.4905 0.0449312
15.4929 0.0445648
15.4953 0.0443692
15.4977 0.0440731
15.5001 0.0439389
15.5025 0.0436966
15.5138 0.0434845
15.5162 0.0434239
15.5302 0.0432459
15.5326 0.0430902
15.535 0.0429539
15.5374 0.0428347
15.5398 0.0427303
15.5422 0.0426391
15.5445 0.0425592
15.5559 0.0424893
15.5583 0.0424281
15.5714 0.0439996
15.5738 0.0438746
15.5762 0.0438903
15.5786 0.043904
15.581 0.043791
15.5834 0.0438171
15.5858 0.043715
15.5968 0.0447506
15.5992 0.0446568
15.6123 0.0458247
15.6147 0.0454716
15.6171 0.0452877
15.6195 0.0450017
15.6219 0.0447515
15.6243 0.0446575
15.6267 0.0444504
15.6377 0.0453941
15.6401 0.0452198
15.6532 0.0463173
15.6556 0.0459027
15.658 0.0455398
15.6604 0.0452223
15.6628 0.0449446
15.6652 0.0448265
15.6676 0.0445982
15.6699 0.0443984
15.6798 0.0440986
15.6822 0.0438363
15.6953 0.0436067
15.6977 0.0434059
15.7001 0.0433552
15.7025 0.0431858
15.7049 0.0430375
15.7073 0.0429078
15.7096 0.0427944
15.712 0.0428201
15.722 0.0428426
15.7244 0.0427372
15.7376 0.0426451
15.74 0.0425644
15.7424 0.0424939
15.7447 0.0426822
15.7471 0.0429719
15.7495 0.0432254
15.7519 0.0433222
15.7543 0.0435319
15.7629 0.0443405
15.7653 0.0441729
15.7786 0.0454013
15.781 0.0451011
15.7834 0.0449635
15.7858 0.044718
15.7882 0.0446283
15.7906 0.0444248
15.7929 0.0442467
15.7953 0.0442158
15.804 0.0448138
15.8064 0.0447121
15.8195 0.0458731
15.8219 0.045514
15.8243 0.0453247
15.8267 0.0450341
15.8291 0.0449049
15.8314 0.0446668
15.8338 0.0444584
15.8362 0.0444011
15.8389 0.044226
15.8464 0.0440727
15.8488 0.0438136
15.8619 0.0435869
15.8643 0.0435136
15.8667 0.0433244
15.869 0.0432838
15.8714 0.0431233
15.8738 0.0429829
15.8762 0.0429851
15.8786 0.0428619
15.881 0.0427542
15.8885 0.0426599
15.8909 0.0425774
15.904 0.0425052
15.9063 0.0424421
15.9087 0.0423868
15.9111 0.0423385
15.9135 0.0422962
15.9159 0.0422591
15.9183 0.0422267
15.9207 0.0424484
15.9231 0.0427674
15.9295 0.0435464
15.933 0.0437281
16.0041 0.0436371
16.0065 0.0435575
16.0129 0.0433628
16.0167 0.0431924
16.028 0.0431684
16.0462 0.0430223
16.0485 0.0428945
16.0549 0.0427827
16.0588 0.0426849
16.0701 0.0425993
16.0882 0.0425244
16.0906 0.0427088
16.0958 0.0432452
16.0997 0.0434646
16.111 0.0445315
16.1293 0.0463401
16.1317 0.0459225
16.1367 0.0459322
16.1406 0.0458157
16.1519 0.0465887
16.1702 0.0482651
16.1726 0.047607
16.1749 0.0470311
16.1788 0.0464022
16.1831 0.045977
16.194 0.0454798
16.2125 0.0450449
16.2149 0.0446642
16.2173 0.0444562
16.2209 0.0441492
16.2251 0.0438805
16.2364 0.0437705
16.2548 0.0435492
16.2571 0.0434805
16.2595 0.0432955
16.263 0.0431335
16.266 0.0434918
16.2773 0.0445554
16.2956 0.0463609
16.298 0.0460658
16.3004 0.0456826
16.3039 0.0454723
16.3069 0.0452882
16.3181 0.0461272
16.3365 0.0477363
16.3389 0.0471443
16.3413 0.0466262
16.3448 0.046298
16.3478 0.0460107
16.3502 0.0457594
16.3602 0.0452894
16.3786 0.0448783
16.381 0.0446435
16.3834 0.044313
16.387 0.0440239
16.3899 0.0437709
16.3923 0.0435496
16.4023 0.0433559
16.4207 0.0431864
16.4231 0.0430381
16.4256 0.0429083
16.4292 0.0429198
16.432 0.0428048
16.4345 0.0427042
16.4445 0.0426162
16.4616 0.0446642
16.464 0.0444561
16.4665 0.0442741
16.4701 0.0443649
16.4729 0.0441942
16.4754 0.04417
16.4854 0.0450237
16.5026 0.0466458
16.505 0.04619
16.5074 0.0459163
16.511 0.0458017
16.5138 0.0454515
16.5167 0.0452701
16.5263 0.0459863
16.5435 0.047488
16.5459 0.046927
16.5482 0.0465611
16.5506 0.046116
16.5535 0.0456015
16.5559 0.0451513
16.5587 0.0447574
16.5684 0.0444127
16.5855 0.0441111
16.5879 0.0438472
16.5905 0.0436163
16.5929 0.0434143
16.5956 0.0432375
16.598 0.0432078
16.6008 0.0430568
16.6108 0.0429247
16.6276 0.0428091
16.63 0.042833
16.6326 0.0427289
16.635 0.0428878
16.6374 0.0431518
16.6398 0.0432578
16.6421 0.0433506
16.6517 0.0443068
16.6685 0.0460184
16.6709 0.0456411
16.6735 0.045311
16.6759 0.0450221
16.6783 0.0448943
16.6806 0.0446575
16.683 0.0445754
16.6926 0.0452534
16.7094 0.0468468
16.7118 0.0463659
16.7144 0.0460702
16.7168 0.0456864
16.7191 0.0454756
16.7215 0.0451661
16.7239 0.0448954
16.7263 0.0446585
16.7347 0.0443261
16.7518 0.0440354
16.7542 0.043906
16.7566 0.0436677
16.759 0.0435842
16.7614 0.0433862
16.7638 0.0432129
16.7662 0.0431863
16.7686 0.043038
16.7769 0.0429083
16.7939 0.0427947
16.7975 0.0428204
16.8829 0.0428428
16.9001 0.0447375
16.9178 0.0462703
16.9214 0.0457365
16.925 0.0453945
16.9421 0.0449701
16.9599 0.0445989
16.9635 0.044274
16.9671 0.0439898
16.9832 0.045741
17.0008 0.0472734
17.0044 0.0469892
17.008 0.0466156
17.0241 0.0479136
17.0418 0.0491744
17.0453 0.0486526
17.0489 0.048071
17.0651 0.0493122
17.0675 0.0485231
17.0842 0.0478328
17.0874 0.0471037
17.091 0.0464657
17.1072 0.0459075
17.1096 0.0454191
17.1263 0.0449917
17.1295 0.0446177
17.133 0.0444155
17.1493 0.0441136
17.1517 0.0438494
17.1683 0.0436182
17.1707 0.0436659
17.1739 0.0437077
17.1902 0.0453692
17.1926 0.0450731
17.2092 0.0466889
17.2116 0.0462278
17.2148 0.0459493
17.2311 0.0474557
17.2335 0.0468987
17.2501 0.0482864
17.2525 0.0476256
17.2549 0.0470474
17.2574 0.0465415
17.2732 0.0459738
17.2756 0.045477
17.2922 0.0450424
17.2946 0.0446621
17.297 0.0444543
17.2995 0.0441476
17.3177 0.0438791
17.3343 0.0436442
17.3367 0.0434387
17.3391 0.0432589
17.3417 0.0431015
17.3586 0.0450888
17.361 0.0448277
17.3752 0.0464742
17.3776 0.04604
17.38 0.04566
17.3826 0.0453275
17.3995 0.0469115
17.4018 0.0464226
17.4161 0.0476198
17.4185 0.0470423
17.4209 0.046537
17.4239 0.0462199
17.4403 0.0476924
17.4427 0.0471058
17.4451 0.0467176
17.4582 0.0461279
17.4606 0.0456119
17.463 0.0451604
17.466 0.0448904
17.4828 0.0445291
17.4852 0.0443379
17.4876 0.0440457
17.5003 0.04379
17.5027 0.0435662
17.5054 0.0434955
17.5082 0.0433085
17.5249 0.043145
17.5273 0.0430018
17.5297 0.0428766
17.5424 0.042767
17.5447 0.0429212
17.5471 0.043181
17.5495 0.0432834
17.566 0.044998
17.5684 0.0448732
17.5707 0.0446391
17.5832 0.0458092
17.5856 0.045458
17.588 0.0452758
17.5904 0.0449913
17.6069 0.0464924
17.6092 0.0461808
17.6119 0.0457832
17.6241 0.0468103
17.6265 0.046334
17.6289 0.0459173
17.6313 0.0455526
17.6337 0.0452335
17.6489 0.0448294
17.6513 0.0444757
17.6541 0.0442912
17.6662 0.0440048
17.6686 0.0437542
17.671 0.0436599
17.6734 0.0434524
17.6758 0.0432709
17.691 0.043237
17.6934 0.0430824
17.6962 0.0429471
17.7083 0.0428287
17.7107 0.0427251
17.7131 0.0426345
17.7155 0.0425552
17.7179 0.0427358
17.7319 0.0443938
17.7343 0.0442196
17.7371 0.0441921
17.7492 0.0452931
17.7516 0.0450065
17.754 0.0448807
17.7564 0.0446456
17.7588 0.0444399
17.7728 0.0457599
17.7752 0.0455399
17.778 0.0453474
17.7905 0.046304
17.7929 0.045891
17.7953 0.0456546
17.7976 0.0453228
17.8 0.0451574
17.8137 0.0463878
17.8161 0.0460893
17.8185 0.0457031
17.8209 0.0452402
17.8328 0.0448352
17.8352 0.0446058
17.8376 0.0442801
17.84 0.0441201
17.8424 0.0438551
17.8561 0.0437482
17.8585 0.0435297
17.8609 0.0433384
17.8633 0.0432961
17.8749 0.0431341
17.8773 0.0429924
17.8797 0.0428683
17.8821 0.0427598
17.8845 0.0426648
17.8982 0.0425817
17.9006 0.042509
17.9034 0.0428204
17.9058 0.0430928
17.9158 0.0442062
17.9182 0.0441804
17.9206 0.0440329
17.923 0.0439038
17.9254 0.0437908
17.9391 0.0451919
17.9415 0.044918
17.9443 0.0448032
17.9467 0.0445778
17.9571 0.0455056
17.9595 0.0453174
17.9619 0.0450277
17.9643 0.0448992
17.9667 0.0447868
17.9804 0.0460635
17.9852 0.0458055
17.988 0.0454549
17.9904 0.045273
17.9992 0.0448639
18.0016 0.0445059
18.0043 0.0443177
18.0067 0.0440279
18.0091 0.0438995
18.0224 0.043662
18.0273 0.0434543
18.0297 0.0435225
18.0321 0.0437072
18.0345 0.0437438
18.0413 0.0435258
18.0437 0.0433351
18.0464 0.0431682
18.0488 0.0430222
18.0512 0.0428944
18.0645 0.0427826
18.0697 0.0426848
18.0721 0.0427242
18.0745 0.0426337
18.0769 0.0425544
18.0847 0.0426101
18.1566 0.0425339
18.159 0.0425921
18.1668 0.0432681
18.1696 0.0431096
18.1975 0.0462209
18.1999 0.0458183
18.2077 0.046091
18.2105 0.0458296
18.2384 0.0487259
18.2408 0.0480102
18.2432 0.0475089
18.2498 0.0468203
18.253 0.0462178
18.2806 0.0456905
18.283 0.0453542
18.2854 0.0449349
18.2919 0.0445681
18.2954 0.0443721
18.3227 0.0440756
18.3251 0.0438161
18.3275 0.0435891
18.3328 0.0440155
18.3363 0.0441385
18.3636 0.0471212
18.366 0.0467311
18.3684 0.0462647
18.3739 0.0462316
18.3775 0.0460776
18.4049 0.0488179
18.4073 0.0482157
18.4097 0.0475637
18.4148 0.0473683
18.4172 0.0469472
18.4196 0.0463288
18.4469 0.0457877
18.4494 0.0453143
18.4518 0.0449
18.4572 0.0446625
18.4596 0.0443297
18.462 0.0441635
18.489 0.044018
18.4915 0.0437658
18.4939 0.043545
18.4993 0.0433519
18.5016 0.0431829
18.5041 0.0430351
18.5302 0.0461557
18.5327 0.0457612
18.5351 0.0455411
18.5404 0.0457234
18.5427 0.045383
18.5451 0.0452101
18.5712 0.0479339
18.5736 0.0473171
18.576 0.0467775
18.5812 0.0466803
18.5836 0.0462203
18.586 0.0459427
18.6123 0.0485749
18.6147 0.047878
18.617 0.0473933
18.6194 0.0469691
18.6237 0.046348
18.6261 0.0459295
18.6285 0.0454383
18.6543 0.0450085
18.657 0.0446324
18.6594 0.0443034
18.6622 0.0441405
18.6658 0.0438729
18.6682 0.0436388
18.6706 0.0434339
18.6964 0.0432547
18.6992 0.0432229
18.7016 0.04307
18.704 0.0433113
18.707 0.0435223
18.7094 0.0435821
18.7118 0.0435093
18.7373 0.0464456
18.7401 0.0461399
18.7425 0.0457474
18.7452 0.045529
18.7479 0.0452129
18.7503 0.0449363
18.7531 0.0448192
18.7782 0.0475918
18.7815 0.0471429
18.7839 0.046625
18.7863 0.0462969
18.7887 0.0458848
18.7911 0.0456492
18.7935 0.045318
18.7959 0.0449033
18.8204 0.0445404
18.8236 0.0442228
18.826 0.043945
18.8284 0.0437018
18.8308 0.0434891
18.8331 0.043303
18.8355 0.0431401
18.838 0.0429976
18.8625 0.0428729
18.8661 0.0428888
18.8685 0.0429027
18.8709 0.0427898
18.8733 0.0428161
18.8757 0.0427141
18.8781 0.0429998
18.8804 0.0432499
18.9034 0.0460936
18.907 0.0458319
18.9094 0.0454779
18.9118 0.0451682
18.9931 0.0448972
18.9955 0.044535
18.9979 0.0442181
19.034 0.0481909
19.0364 0.047542
19.0388 0.0469743
19.0749 0.0507275
19.0773 0.0498865
19.0797 0.0490257
19.0821 0.0483975
19.1173 0.0477228
19.1197 0.0470075
19.1222 0.0465065
19.1245 0.0459432
19.1598 0.0454503
19.1621 0.045144
19.1649 0.044751
19.1673 0.0447821
19.201 0.0486844
19.2034 0.0480988
19.2082 0.0475865
19.2419 0.0508882
19.2443 0.0500271
19.2495 0.0495237
19.2519 0.0487083
19.2831 0.0519947
19.2855 0.0509954
19.2879 0.049996
19.2915 0.0489965
19.2939 0.0481219
19.3252 0.0473567
19.3276 0.0466871
19.33 0.0461012
19.3336 0.0455886
19.336 0.045265
19.368 0.0449819
19.3704 0.0447341
19.3728 0.0445174
19.3752 0.0447027
19.3776 0.0446149
19.4089 0.048038
19.4113 0.0474082
19.4137 0.0468572
19.4161 0.0465001
19.4185 0.0460626
19.4501 0.0494297
19.4525 0.048751
19.4549 0.0480321
19.4573 0.0475281
19.4597 0.0469621
19.4621 0.0465918
19.4926 0.0460179
19.495 0.0455156
19.4974 0.0452012
19.4997 0.044801
19.5021 0.0445759
19.5045 0.0442539
19.5347 0.0439722
19.537 0.0438506
19.5394 0.0436193
19.5418 0.0434169
19.5442 0.0432398
19.5466 0.0430848
19.5755 0.0465742
19.5779 0.0461274
19.5803 0.0457365
19.5827 0.0453944
19.5851 0.0452201
19.5875 0.0449426
19.6166 0.0480748
19.619 0.0475654
19.6214 0.0471198
19.6238 0.0466048
19.6262 0.0462792
19.6286 0.0458693
19.6577 0.0488856
19.66 0.0482749
19.6624 0.0476156
19.6648 0.0470386
19.6672 0.0466588
19.6696 0.0462014
19.672 0.0458013
19.6997 0.0453261
19.7021 0.0449103
19.7045 0.0445465
19.7069 0.0442282
19.7093 0.0439497
19.7117 0.043706
19.7141 0.0436177
19.7421 0.0435405
19.7445 0.043348
19.7469 0.0431795
19.7493 0.043407
19.7517 0.0436061
19.7541 0.0437804
19.7565 0.0439328
19.7831 0.0470662
19.7855 0.0465579
19.7879 0.0461132
19.7903 0.0458491
19.7927 0.0454929
19.7951 0.0453063
19.7975 0.045018
19.824 0.0478908
19.8264 0.0472794
19.8288 0.0467445
19.8315 0.0464014
19.8339 0.0459762
19.8363 0.0457292
19.8386 0.0453881
19.841 0.0452146
19.8664 0.0448127
19.8688 0.0444611
19.8712 0.0442785
19.8736 0.0439937
19.876 0.0437445
19.8784 0.0435264
19.8808 0.0433356
19.8831 0.0431687
19.9086 0.0430226
19.911 0.0430198
19.9134 0.0428923
19.9158 0.0427807
19.9182 0.0428082
19.9206 0.0427071
19.923 0.0428687
19.9254 0.0431352
19.9495 0.0459933
19.9519 0.0456191
19.9546 0.0452917
19.957 0.0450052
19.9594 0.0448796
19.9617 0.0446446
19.9641 0.0445641
19.9665 0.0444936
19.9907 0.0470569
19.9931 0.0466748
19.9955 0.0463404
19.9979 0.0459229
20.0003 0.0456825
20.0027 0.0453472
20.0051 0.0451788
20.0074 0.0449064
20.0098 0.0446681
20.0328 0.0443346
20.0352 0.0440428
20.0376 0.0437874
20.04 0.043564
20.0424 0.0433685
20.0448 0.0431974
20.0471 0.0430478
20.0495 0.0429168
20.0519 0.0428022
20.0749 0.0427019
20.0773 0.0426142
20.0797 0.0425374
20.0821 0.0425952
20.0844 0.0425208
20.0868 0.0424557
20.0892 0.0423988
20.0916 0.0423489
20.094 0.0424303
20.1158 0.0451265
20.1182 0.0449857
20.1206 0.0447375
20.1229 0.0445203
20.1253 0.0443303
20.1277 0.044164
20.1301 0.0441435
20.1325 0.0440005
20.1349 0.0438755
20.1568 0.046141
20.1592 0.0458734
20.1616 0.0455142
20.164 0.045325
20.1664 0.0451593
20.17 0.0451394
20.2472 0.044747
20.2495 0.0444036
20.2525 0.0442282
20.2549 0.0439496
20.2883 0.0477059
20.2907 0.0471177
20.2934 0.046728
20.2957 0.046262
20.3292 0.0498542
20.3316 0.0489975
20.3342 0.0483728
20.3366 0.0477012
20.3701 0.0511135
20.3725 0.0500993
20.3749 0.0492119
20.3773 0.0484354
20.3797 0.047756
20.4122 0.0470365
20.4146 0.0464069
20.417 0.0458561
20.4194 0.0453741
20.4218 0.0449523
20.4543 0.0445833
20.457 0.0442604
20.4593 0.0441028
20.4617 0.044215
20.4641 0.0443131
20.4952 0.048024
20.4978 0.047396
20.5002 0.0469715
20.5026 0.046475
20.505 0.0461657
20.5364 0.0493949
20.5388 0.0485956
20.5412 0.0480211
20.5439 0.0473935
20.5463 0.0469693
20.5487 0.0464731
20.5785 0.045914
20.5809 0.0454247
20.5833 0.0449967
20.5863 0.0447471
20.5887 0.0444037
20.5911 0.0442282
20.6206 0.0439497
20.623 0.043706
20.6254 0.0434927
20.6284 0.0433061
20.6308 0.0431429
20.6333 0.043
20.6615 0.046375
20.6639 0.0459531
20.6663 0.045709
20.6693 0.0454954
20.6717 0.0451834
20.6741 0.0450355
20.7025 0.0480311
20.7049 0.0474022
20.7073 0.0469769
20.7102 0.0466048
20.7126 0.0461542
20.7151 0.0458849
20.7434 0.0487743
20.7459 0.0480525
20.7483 0.047546
20.7507 0.0469777
20.7531 0.0464805
20.7555 0.0460454
20.7579 0.0455398
20.7855 0.0450973
20.7883 0.0448351
20.7907 0.0444807
20.7931 0.0442956
20.7955 0.0440087
20.7978 0.0437576
20.8002 0.0436629
20.8276 0.043455
20.8304 0.0432732
20.8328 0.043114
20.8353 0.0429748
20.8377 0.0431029
20.8401 0.04334
20.8425 0.0435475
20.8685 0.0466041
20.8713 0.0462786
20.8737 0.0458688
20.8762 0.0456352
20.8786 0.0453058
20.881 0.0450175
20.8834 0.0447654
20.9094 0.0475447
20.9122 0.0471016
20.9146 0.0465889
20.9171 0.0462653
20.9196 0.0458571
20.922 0.0455
20.9244 0.0453125
20.9267 0.0450234
20.9515 0.0446455
20.9543 0.0443148
20.9567 0.0440255
20.9594 0.0437723
20.9618 0.0435507
20.9642 0.0434819
20.9666 0.0432967
20.969 0.0432596
20.9935 0.0431021
20.9964 0.0429644
20.9987 0.0428438
21.0019 0.0427383
21.0043 0.042771
21.0067 0.0426747
21.0091 0.0427153
21.0115 0.0430009
21.0344 0.0457508
21.0372 0.0455319
21.0396 0.0452155
21.0428 0.0450635
21.0455 0.0449306
21.0479 0.0446893
21.0503 0.0446031
21.0527 0.0444027
21.0753 0.0468524
21.0781 0.0464958
21.0805 0.0460588
21.0837 0.0458015
21.0864 0.0455763
21.0888 0.0452543
21.0912 0.0450975
21.0936 0.0448353
21.096 0.0446059
21.1174 0.0442801
21.1202 0.0439951
21.1226 0.0437457
21.1262 0.0436525
21.129 0.043446
21.1314 0.0433902
21.1338 0.0432164
21.1361 0.0431894
21.1385 0.0431657
21.1595 0.04302
21.1623 0.0428925
21.1647 0.0427809
21.1683 0.0426833
21.1711 0.0427229
21.1735 0.0426325
21.1758 0.0425535
21.1782 0.0424843
21.1806 0.0424237
21.2016 0.0423708
21.204 0.0425744
21.2063 0.0427526
21.2095 0.0430335
21.2119 0.0430294
21.2143 0.0430257
21.2167 0.0430225
21.2191 0.0431447
21.2219 0.0431266
21.2425 0.0454858
21.2448 0.045175
21.2476 0.0450282
21.2504 0.0448996
21.2528 0.0446622
21.2552 0.0445794
21.258 0.044507
21.2604 0.0444436
21.2628 0.0442632
21.2833 0.0464803
21.2857 0.0460452
21.2881 0.0457896
21.2905 0.0454409
21.2933 0.0451358
21.2957 0.0448688
21.2981 0.0446352
21.3004 0.0443058
21.3028 0.0440176
21.3053 0.0438904
21.3254 0.0436541
21.3278 0.0434473
21.3302 0.0432664
21.3326 0.0431081
21.3354 0.0429696
21.3377 0.0428484
21.3401 0.0427423
21.3425 0.0426495
21.345 0.0426934
21.3474 0.0426067
21.3675 0.0425308
21.3699 0.0424645
21.3723 0.0424064
21.3747 0.0423556
21.3771 0.0426862
21.3795 0.0428504
21.3819 0.0429941
21.3843 0.0431198
21.3866 0.0432299
21.3891 0.0433261
21.4084 0.0455354
21.4108 0.0452184
21.4132 0.0450661
21.4156 0.0448079
21.418 0.0445819
21.4204 0.0443841
21.4227 0.0442111
21.4251 0.0441847
21.4275 0.0440366
21.43 0.0439071
21.4493 0.0459187
21.4517 0.0455538
21.4541 0.0453596
21.4565 0.0450647
21.4589 0.0448066
21.4612 0.0447058
21.4636 0.0444925
21.466 0.044431
21.4684 0.0442521
21.4708 0.0440956
21.4732 0.0440836
21.4917 0.0438232
21.4941 0.0437203
21.4965 0.0435052
21.4989 0.0433171
21.5013 0.0432775
21.5037 0.0431178
21.5061 0.043103
21.5085 0.0429652
21.5108 0.0428445
21.5132 0.042864
21.5156 0.042756
21.5338 0.0426615
21.5362 0.0425788
21.5386 0.0425064
21.541 0.0424431
21.5434 0.0423877
21.5458 0.0423393
21.5481 0.0422969
21.5505 0.0425098
21.5529 0.042696
21.5553 0.042984
21.5577 0.043111
21.575 0.0450971
21.5774 0.04496
21.5798 0.044715
21.5822 0.0446256
21.5855 0.0446724
21.6608 0.0443384
21.6632 0.0441711
21.6656 0.0438997
21.6685 0.0436622
21.6709 0.0434544
21.7029 0.0432726
21.7053 0.0431136
21.7077 0.0429744
21.7106 0.0428526
21.713 0.042871
21.745 0.0428871
21.7474 0.0431512
21.7498 0.0432573
21.7522 0.0434752
21.7859 0.0470408
21.7883 0.0465357
21.7907 0.0460937
21.7931 0.045832
21.8268 0.049353
21.8292 0.0486839
21.8316 0.0483484
21.834 0.0479298
21.8363 0.0476886
21.8387 0.0473525
21.8692 0.0468085
21.8716 0.0462074
21.874 0.0458065
21.8764 0.0454557
21.8788 0.0450237
21.8812 0.0447707
21.9113 0.0444244
21.9137 0.0441214
21.9161 0.0438562
21.9185 0.0436242
21.9209 0.0434211
21.9234 0.0432435
21.9522 0.0467131
21.9546 0.0462489
21.957 0.0458428
21.9594 0.0454875
21.9618 0.0451765
21.9643 0.0450295
21.9931 0.0481508
21.9955 0.0475069
21.9979 0.0469436
22.0003 0.0465756
22.0027 0.0461287
22.0052 0.0458626
22.034 0.0487548
22.0364 0.0480354
22.0388 0.047406
22.0412 0.0469802
22.0436 0.0464827
22.046 0.0461724
22.0484 0.0457758
22.0761 0.0454288
22.0785 0.0450002
22.0809 0.0446252
22.0837 0.0442971
22.086 0.0441349
22.0884 0.0438681
22.0908 0.0436346
22.1182 0.0434302
22.1206 0.0432515
22.1229 0.043095
22.1253 0.0433331
22.1277 0.0434165
22.1301 0.0434894
22.1325 0.0435533
22.1594 0.0467341
22.1618 0.0462673
22.1642 0.0459839
22.1666 0.0457359
22.169 0.0453939
22.1713 0.0452197
22.1737 0.0449422
22.2003 0.0478245
22.2027 0.0472214
22.2051 0.0468187
22.2075 0.0463414
22.2098 0.0459237
22.2122 0.0456832
22.2148 0.0453478
22.2172 0.0451794
22.2424 0.0447819
22.2448 0.0444342
22.2471 0.0441299
22.2495 0.0438637
22.2519 0.0436307
22.2543 0.0434269
22.2569 0.0432485
22.2592 0.0430925
22.2845 0.0429559
22.2868 0.0428364
22.2893 0.0427319
22.2916 0.0426404
22.294 0.0426853
22.2964 0.0425997
22.2988 0.0427747
22.3012 0.0430529
22.3257 0.0459213
22.3281 0.0456811
22.3305 0.045471
22.3329 0.0451621
22.3353 0.0450168
22.3377 0.0447647
22.3401 0.0446691
22.3424 0.0445855
22.3666 0.0471373
22.369 0.0466201
22.3714 0.0461676
22.3738 0.0457717
22.3762 0.0455502
22.3786 0.0452314
22.381 0.0450775
22.3834 0.0448178
22.3858 0.0445906
22.4087 0.0442668
22.4111 0.0441084
22.4135 0.0438449
22.4159 0.0436143
22.4183 0.0434125
22.4207 0.0432359
22.4231 0.0430814
22.4255 0.0429462
22.4279 0.042828
22.4508 0.0427245
22.4532 0.0426339
22.4556 0.0425547
22.458 0.0424853
22.4605 0.0424247
22.4629 0.0423716
22.4653 0.0423251
22.4677 0.0422845
22.47 0.0423739
22.4921 0.0452022
22.4945 0.0450519
22.4969 0.0447954
22.4993 0.044696
22.5017 0.044609
22.5041 0.0445329
22.5065 0.0444663
22.5089 0.044283
22.5113 0.0442476
22.533 0.0465917
22.5354 0.0461427
22.5378 0.0457499
22.5402 0.0455311
22.5426 0.0452147
22.545 0.0449379
22.5474 0.0446957
22.5498 0.0444837
22.5522 0.0444232
22.5739 0.0466203
22.5763 0.0461678
22.5787 0.0457718
22.5811 0.0455503
22.5835 0.0452315
22.5859 0.0449526
22.5883 0.0448335
22.5907 0.0446043
22.5931 0.0445288
22.5955 0.0443377
22.6161 0.0441705
22.6185 0.0438992
22.6212 0.0437868
22.6239 0.0435634
22.6263 0.043493
22.6287 0.0434314
22.6311 0.0433774
22.6335 0.0433303
22.6359 0.043164
22.6383 0.0431435
22.6583 0.0430005
22.6609 0.0428755
22.6633 0.042766
22.6657 0.0429203
22.6681 0.0431803
22.6705 0.0432827
22.6729 0.0433724
22.6753 0.0434508
22.6777 0.0435195
22.68 0.0437045
22.6992 0.0458665
22.7018 0.0455082
22.7042 0.0453196
22.707 0.0451547
22.7094 0.0450104
22.7118 0.0447591
22.7142 0.0446642
22.7166 0.0445812
22.719 0.0443835
22.7213 0.0443356
22.74 0.0462936
22.7429 0.0458819
22.7452 0.0456467
22.7479 0.0453158
22.7503 0.0450264
22.7527 0.0447731
22.7551 0.0446764
22.7575 0.0444669
22.7599 0.0442835
22.7622 0.0442481
22.7646 0.0440921
22.7822 0.0438306
22.7849 0.0436017
22.7877 0.0434015
22.7901 0.0433513
22.7925 0.0431824
22.795 0.0431596
22.7974 0.0430147
22.7998 0.0428878
22.8022 0.0429018
22.8046 0.0427891
22.807 0.0426905
22.8243 0.0426042
22.827 0.0426536
22.8298 0.0425719
22.8322 0.0425004
22.8346 0.0424379
22.8374 0.0423832
22.8398 0.0423353
22.8422 0.0426684
22.8446 0.0429598
22.8469 0.0430898
22.8493 0.0433286
22.8651 0.0452875
22.8679 0.0450016
22.8711 0.0448764
22.8735 0.0447668
22.8759 0.044546
22.8786 0.0444777
22.881 0.044418
22.8834 0.0443658
22.8858 0.044195
22.8882 0.0441707
22.8906 0.0441493
22.9064 0.0457557
22.9088 0.0454112
22.912 0.0452348
22.9144 0.0449555
22.9168 0.044711
22.9195 0.0446221
22.9219 0.0444194
22.9243 0.044242
22.9267 0.0440867
22.9291 0.0440759
22.9315 0.0439414
22.9339 0.0438237
22.9485 0.0435957
22.9509 0.0433963
22.9545 0.0433467
22.9569 0.0431784
22.9593 0.0431561
22.9619 0.0430116
22.9643 0.0430101
22.9667 0.0428839
22.9691 0.0428984
22.9715 0.0427861
22.9739 0.0426878
22.9763 0.0427268
22.9905 0.042636
22.9933 0.0426815
22.9969 0.0425963
22.9993 0.0426468
23.0017 0.0425659
23.0041 0.0426202
23.0065 0.0425427
23.0089 0.0424748
23.0113 0.0424155
23.0137 0.0423635
23.0161 0.0426931
23.0184 0.0429815
23.0314 0.0444838
23.0342 0.0444233
23.0378 0.0443704
23.0405 0.0443241
23.0429 0.0441586
23.0453 0.0441388
23.0477 0.0439964
23.0501 0.0439969
23.0525 0.0439973
23.0549 0.0438726
23.0573 0.0438885
23.0597 0.0437775
23.0723 0.0450553
23.0754 0.0449234
23.0787 0.0448079
23.0814 0.0447069
23.0838 0.0444936
23.0863 0.0444319
23.0887 0.0442529
23.0911 0.0442213
23.0935 0.0440686
23.0959 0.043935
23.0982 0.0439432
23.1006 0.0438253
23.103 0.0438471
23.1144 0.0436162
23.1175 0.0434142
23.1211 0.0433624
23.1235 0.0431921
23.1259 0.0430431
23.1287 0.0429127
23.1311 0.0429236
23.1335 0.0428082
23.1359 0.0427071
23.1383 0.0427438
23.1407 0.0426508
23.1431 0.0426944
23.1455 0.0426076
23.1565 0.0425317
23.1596 0.0424652
23.1632 0.0424071
23.1656 0.0423562
23.168 0.0423117
23.1708 0.0422727
23.1732 0.0422386
23.1756 0.0422088
23.178 0.0421827
23.1804 0.0421598
23.1828 0.0421399
23.1852 0.0421224
23.1876 0.0421071
23.1986 0.0420937
23.201 0.042332
23.204 0.0426655
23.2069 0.0427073
23.2093 0.0428689
23.2117 0.0430103
23.2141 0.043134
23.2165 0.0431172
23.2189 0.0431026
23.2213 0.0432148
23.2237 0.0431879
23.2261 0.0432894
23.2285 0.0432532
23.2395 0.0443466
23.2419 0.0441783
23.2449 0.044156
23.2478 0.0440115
23.2501 0.0440101
23.2526 0.0438838
23.255 0.0437733
23.2578 0.0436767
23.2602 0.0437171
23.2626 0.0437524
23.265 0.0436584
23.3383 0.0434511
23.3408 0.0432697
23.3432 0.043111
23.3456 0.0429721
23.348 0.0428506
23.3504 0.0427443
23.3796 0.0460262
23.382 0.045648
23.3844 0.045442
23.3868 0.0451367
23.3891 0.0449946
23.3915 0.0448703
23.4205 0.0480115
23.4229 0.0473851
23.4252 0.0469619
23.4276 0.0464667
23.43 0.0461584
23.4324 0.0457636
23.4617 0.0487931
23.4641 0.048194
23.4665 0.0476697
23.4689 0.047086
23.4713 0.0467003
23.4737 0.0462377
23.476 0.045958
23.5038 0.0454633
23.5062 0.0450304
23.5086 0.0446516
23.511 0.0443201
23.5133 0.0440301
23.5157 0.0437763
23.5181 0.0435543
23.5462 0.043485
23.5486 0.0432994
23.551 0.043137
23.5534 0.0431198
23.5558 0.0433549
23.5582 0.0435605
23.5606 0.0437404
23.5872 0.0468979
23.5896 0.0464106
23.592 0.0461093
23.5944 0.0458456
23.5968 0.0454899
23.5992 0.0453037
23.6016 0.0450157
23.6283 0.0478888
23.6307 0.0472777
23.633 0.046868
23.6354 0.0463845
23.6378 0.0459614
23.6402 0.0457162
23.6426 0.0453767
23.645 0.0450796
23.671 0.0446947
23.6733 0.0444828
23.6757 0.0441725
23.6781 0.0440259
23.6805 0.0438977
23.6829 0.0436605
23.6853 0.0435779
23.6877 0.0435057
23.713 0.0434425
23.7154 0.0432622
23.718 0.0431044
23.7227 0.0429663
23.7251 0.0429705
23.7275 0.0428492
23.7299 0.0429931
23.7539 0.0458689
23.7563 0.0455103
23.7591 0.0453215
23.7639 0.0454063
23.7663 0.0452305
23.7687 0.0453267
23.7711 0.0454109
23.7735 0.0454845
23.795 0.047924
23.7974 0.0474335
23.8002 0.0470043
23.8048 0.0467537
23.8072 0.0464095
23.8096 0.0459833
23.812 0.0456104
23.8144 0.0452841
23.8359 0.0473736
23.8383 0.0469519
23.8407 0.0464579
23.8431 0.0460257
23.8469 0.0455225
23.8493 0.0450822
23.8517 0.0446969
23.8541 0.0444848
23.8565 0.0441742
23.878 0.0439024
23.8804 0.0436646
23.8827 0.0434565
23.8851 0.0432745
23.889 0.0432402
23.8914 0.0430851
23.8938 0.0429495
23.8962 0.0428308
23.8986 0.042727
23.9201 0.0427611
23.9224 0.0426659
23.9248 0.0425827
23.9272 0.0428849
23.9304 0.0431493
23.9328 0.0431306
23.9352 0.0432393
23.9376 0.0433344
23.94 0.0432926
23.9611 0.045756
23.9635 0.0454115
23.9659 0.0451101
23.9683 0.0449713
23.9713 0.0448499
23.9737 0.0446187
23.9761 0.0445413
23.9785 0.0443487
23.9809 0.0441801
24.002 0.0465326
24.0044 0.046091
24.0068 0.0457046
24.0092 0.0454915
24.0116 0.0451801
24.014 0.0447826
24.0164 0.0445598
24.0187 0.0442398
24.0214 0.0440848
24.0238 0.0439492
24.0441 0.0437056
24.0465 0.0434924
24.0489 0.0433058
24.0513 0.0431426
24.0537 0.0429998
24.0561 0.0429998
24.0584 0.0428748
24.0608 0.0427655
24.0635 0.0426698
24.0659 0.0425861
24.0862 0.0425128
24.0886 0.0424487
24.091 0.0423926
24.0934 0.0423435
24.0957 0.0423006
24.0981 0.042263
24.1005 0.0424801
24.1029 0.0426701
24.1053 0.0429614
24.1077 0.0430912
24.1273 0.0454548
24.1296 0.0451479
24.132 0.0450044
24.1344 0.0448789
24.1368 0.044644
24.1392 0.0445635
24.1416 0.0443681
24.144 0.0441971
24.1464 0.0441724
24.1488 0.0440259
24.1681 0.0461476
24.1705 0.0457542
24.1729 0.0454099
24.1753 0.0451087
24.1777 0.0448451
24.1801 0.0447395
24.1825 0.044522
24.1849 0.0443318
24.1873 0.0442903
24.1897 0.044129
24.1921 0.0441129
24.2102 0.0438488
24.2126 0.0436177
24.215 0.0435405
24.2174 0.0433479
24.2198 0.0431794
24.2222 0.043032
24.2246 0.042903
24.227 0.0427901
24.2294 0.0426914
24.2317 0.0426049
24.2341 0.0425293
24.2523 0.0424631
24.2547 0.0424053
24.2571 0.0423546
24.2595 0.0423103
24.2619 0.0422715
24.2643 0.0422376
24.2667 0.0422079
24.269 0.0423069
24.2714 0.0422685
24.2738 0.042485
24.2762 0.0427993
24.2935 0.0448244
24.2959 0.0445964
24.2983 0.0445218
24.3007 0.0443316
24.3031 0.0442901
24.3055 0.0442539
24.3079 0.0440971
24.3102 0.044085
24.3126 0.0439494
24.315 0.0439557
24.3174 0.0439612
24.3344 0.0457161
24.3368 0.0453766
24.3392 0.0452045
24.3416 0.0449289
24.344 0.0446878
24.3463 0.0444768
24.3487 0.0442922
24.3511 0.0442557
24.3535 0.0440987
24.3559 0.0439614
24.3583 0.0438412
24.3607 0.0437361
24.3766 0.0435191
24.379 0.0433292
24.3813 0.043163
24.3837 0.0430177
24.3861 0.0430154
24.3885 0.0428885
24.3909 0.0427774
24.3933 0.0426803
24.3957 0.0425952
24.3981 0.0426458
24.4005 0.0425651
24.4029 0.0424945
24.4187 0.0424327
24.4211 0.0425036
24.4235 0.0424406
24.4259 0.0423855
24.4283 0.0423374
24.4307 0.0422952
24.4331 0.0423833
24.4355 0.0423354
24.4379 0.0422935
24.4402 0.0422568
24.4426 0.0422247
24.445 0.0423216
24.4609 0.0422814
24.4633 0.0426212
24.4657 0.0427936
24.4681 0.0430694
24.4705 0.0433107
24.4729 0.0433969
24.4753 0.0435973
24.4777 0.0436476
24.4801 0.0438166
24.4825 0.0439646
24.4848 0.043969
24.4872 0.0440979
24.5021 0.0457106
24.5045 0.0454968
24.5069 0.0451847
24.5093 0.0450366
24.5117 0.044782
24.5141 0.0446843
24.5165 0.0445987
24.5189 0.0443989
24.5212 0.044349
24.5236 0.0441804
24.526 0.0441579
24.5284 0.0441381
24.5431 0.0456209
24.5455 0.0452933
24.5478 0.0450066
24.5506 0.0448808
24.553 0.0447707
24.5554 0.0446743
24.5578 0.044465
24.5602 0.0444069
24.5626 0.044356
24.565 0.0441865
24.5674 0.0441632
24.5698 0.0440178
24.5721 0.0440156
24.5851 0.0437636
24.5875 0.0435432
24.5899 0.0433503
24.5927 0.0431815
24.5951 0.0430338
24.5975 0.0429046
24.5999 0.0427915
24.6023 0.0426926
24.6047 0.042606
24.6071 0.0426552
24.6095 0.0425733
24.6118 0.0425017
24.6143 0.042439
24.6276 0.0423841
24.63 0.0423361
24.6324 0.0424191
24.6351 0.0424917
24.6375 0.0428052
24.6399 0.0429546
24.6423 0.0432102
24.6447 0.043434
24.6471 0.0436297
24.6495 0.043801
24.7241 0.0435759
24.7265 0.0433789
24.7289 0.0432065
24.7313 0.0430557
24.7337 0.0429238
24.7366 0.0429333
24.8199 0.0428166
24.8499 0.0427145
24.8608 0.0436252
24.8908 0.0470471
24.902 0.0476662
24.9317 0.0505829
24.9433 0.050885
24.973 0.0533994
24.9754 0.0522245
24.9854 0.0509464
25.015 0.0499531
25.0174 0.048959
25.0275 0.0480891
25.0571 0.047328
25.0595 0.046662
25.0686 0.0472042
25.098 0.0501787
25.1004 0.0492814
25.1097 0.0493712
25.1391 0.0520748
25.1415 0.0509404
25.1505 0.0508229
25.18 0.05322
25.1824 0.0519425
25.1848 0.0508247
25.1929 0.0497216
25.2221 0.0488814
25.2245 0.0480212
25.2269 0.0472686
25.235 0.04661
25.2642 0.0460338
25.2665 0.0455295
25.2689 0.0453383
25.2759 0.0457961
25.305 0.0489465
25.3074 0.0482032
25.3098 0.0475528
25.317 0.0476087
25.3462 0.0505326
25.3486 0.049591
25.351 0.0488922
25.3582 0.0489056
25.3606 0.0482924
25.3887 0.0475059
25.3911 0.0469426
25.3934 0.0463248
25.4003 0.0457842
25.4027 0.0453112
25.4309 0.0448973
25.4333 0.0445351
25.4357 0.0442182
25.4424 0.043941
25.4448 0.0436983
25.4718 0.046861
25.4742 0.0465034
25.4766 0.0460655
25.4833 0.0463073
25.4857 0.0458939
25.513 0.0486572
25.5153 0.048075
25.5177 0.0474406
25.5243 0.0475106
25.5267 0.0469467
25.5539 0.0495784
25.5563 0.0488811
25.5587 0.048146
25.5611 0.0476277
25.5664 0.0469242
25.5688 0.0463087
25.5963 0.0458951
25.5987 0.0454082
25.6011 0.0451072
25.6035 0.0447188
25.6085 0.044379
25.6109 0.0440816
25.6384 0.0438214
25.6408 0.0435937
25.6433 0.0433945
25.6456 0.0434702
25.6494 0.0437864
25.6518 0.0436881
25.6793 0.0468521
25.6817 0.0463706
25.6845 0.0460743
25.6877 0.045815
25.77 0.0454631
25.7724 0.0451552
25.8109 0.0492608
25.8133 0.0486032
25.8518 0.0524028
25.8541 0.0513525
25.8565 0.0503084
25.8942 0.0493948
25.8966 0.0484705
25.899 0.0476617
25.9363 0.046954
25.9387 0.0463347
25.9412 0.0459179
25.9772 0.0500531
25.9796 0.0491715
25.9821 0.0485251
26.0181 0.0520844
26.0205 0.0509489
26.023 0.0499553
26.0589 0.0532109
26.0613 0.0519345
26.0637 0.0508177
26.0661 0.0499655
26.101 0.0490948
26.1034 0.0482079
26.1058 0.0474319
26.1083 0.046753
26.1431 0.0461588
26.1455 0.045639
26.1479 0.0451841
26.1503 0.0451611
26.184 0.049016
26.1864 0.048264
26.189 0.047606
26.1914 0.0471552
26.2249 0.0505108
26.2273 0.049572
26.2299 0.0487505
26.2323 0.0481567
26.2347 0.0475121
26.267 0.0468231
26.2694 0.0462202
26.272 0.0456927
26.2745 0.0452311
26.2769 0.0448272
26.3091 0.0445988
26.3115 0.0442739
26.3141 0.0441147
26.3166 0.0438504
26.319 0.0437441
26.3511 0.0435261
26.3535 0.0435853
26.3559 0.0436371
26.3583 0.0436825
26.3607 0.0437222
26.392 0.0473819
26.3944 0.0468342
26.3968 0.0463549
26.3992 0.0460605
26.4016 0.045678
26.4332 0.0490932
26.4356 0.0483316
26.4379 0.0476651
26.4403 0.047207
26.4427 0.0466811
26.4451 0.046346
26.4752 0.0458027
26.4776 0.0453274
26.48 0.0450365
26.4824 0.0446569
26.4848 0.0443248
26.4872 0.0440342
26.5173 0.0437799
26.5197 0.0435574
26.5221 0.0433627
26.5245 0.0431924
26.5269 0.0432934
26.5293 0.0435067
26.5582 0.0469433
26.5606 0.0464504
26.563 0.0461441
26.5654 0.0457511
26.5678 0.0454072
26.5702 0.0452313
26.5991 0.0483274
26.6015 0.0476615
26.6041 0.0472038
26.6068 0.0466783
26.6092 0.0463435
26.6116 0.0460506
26.614 0.0457943
26.6412 0.04532
26.6436 0.044905
26.6464 0.0445419
26.6489 0.0442241
26.6513 0.0439461
26.6537 0.0437028
26.6561 0.04349
26.6833 0.0433037
26.6857 0.0431408
26.6887 0.0429982
26.6911 0.0429984
26.6935 0.0428736
26.6959 0.0427644
26.6983 0.0426689
26.7242 0.0458352
26.7266 0.0454808
26.7298 0.0452957
26.7322 0.0451338
26.7346 0.044867
26.7371 0.0447587
26.7395 0.0446638
26.7651 0.0474559
26.7675 0.0468989
26.7707 0.0465365
26.7731 0.0462194
26.7755 0.045817
26.778 0.0454649
26.7804 0.0451568
26.806 0.0477622
26.8084 0.0471669
26.8108 0.046646
26.8132 0.0461903
26.8156 0.0456665
26.818 0.0452082
26.8204 0.0449322
26.8228 0.0445656
26.8481 0.0443699
26.8505 0.0440737
26.8529 0.0438145
26.8557 0.0435877
26.8581 0.0435142
26.8605 0.0434499
26.8629 0.0432687
26.8653 0.0432351
26.8902 0.0430807
26.9494 0.0429456
26.9732 0.0428274
26.976 0.042724
26.9904 0.0441335
27.014 0.0467418
27.0169 0.0462741
27.0313 0.0474898
27.0337 0.0469286
27.0561 0.0463125
27.059 0.0457735
27.0757 0.0453018
27.0982 0.044889
27.1014 0.0446529
27.1178 0.0443213
27.1202 0.0444061
27.1403 0.0441054
27.1435 0.0438422
27.1588 0.0454869
27.1612 0.0453011
27.1812 0.0472634
27.1845 0.0468555
27.1997 0.0479986
27.2021 0.0474987
27.2221 0.0491864
27.2254 0.0485381
27.2406 0.0494708
27.243 0.048787
27.2458 0.0480636
27.2642 0.0473057
27.2675 0.0466424
27.2827 0.0460621
27.2851 0.0455544
27.2879 0.0451101
27.3067 0.0447213
27.3239 0.0461312
27.4073 0.0457398
27.4097 0.0452723
27.4494 0.0448633
27.4518 0.0445053
27.4916 0.0441922
27.4939 0.0441682
27.5328 0.0487721
27.5352 0.0481756
27.5739 0.0521537
27.5763 0.0511345
27.5789 0.0501176
27.616 0.0491029
27.6184 0.0482151
27.6211 0.0475632
27.6581 0.0469928
27.6605 0.0463687
27.6633 0.0458226
27.7006 0.0453448
27.703 0.0451767
27.7053 0.0451546
27.7415 0.0492603
27.7438 0.0484777
27.7466 0.047918
27.7828 0.0515533
27.7851 0.0506091
27.7875 0.049783
27.7899 0.0489351
27.8248 0.0480682
27.8272 0.0473097
27.8296 0.046646
27.832 0.0461902
27.8669 0.0456664
27.8693 0.0452081
27.8717 0.0448071
27.8741 0.0444562
27.9082 0.0483992
27.9106 0.0478493
27.913 0.0473681
27.9154 0.0469471
27.9491 0.0504537
27.9515 0.049522
27.9539 0.0487068
27.9563 0.0479934
27.9908 0.0513692
27.9931 0.0504481
27.9955 0.0496421
27.9979 0.0489368
28.0003 0.0483197
28.0332 0.0476547
28.0356 0.0469479
28.038 0.0463294
28.0403 0.0459132
28.0427 0.0454241
28.0753 0.0449961
28.0777 0.0446216
28.0801 0.0444189
28.0825 0.0444915
28.0849 0.0444301
28.1162 0.0481263
28.1186 0.0474855
28.121 0.0470498
28.1238 0.0465436
28.1262 0.0462257
28.157 0.0495724
28.1602 0.0488759
28.1626 0.0482664
28.1651 0.0477331
28.1674 0.0472665
28.1698 0.0467332
28.1991 0.0461415
28.2023 0.0456238
28.2047 0.0451708
28.2072 0.0447745
28.2096 0.0444277
28.212 0.0442492
28.2412 0.0439681
28.2445 0.0437221
28.2469 0.0435068
28.2493 0.0433184
28.2517 0.0431536
28.2541 0.0430094
28.2821 0.0463833
28.2854 0.0460853
28.2882 0.0458247
28.2909 0.0455966
28.2933 0.045397
28.2957 0.0452224
28.3231 0.0481946
28.3267 0.0476703
28.329 0.0472115
28.3318 0.046685
28.3342 0.0463494
28.3366 0.0459307
28.364 0.0486894
28.3664 0.0479782
28.3687 0.0472309
28.3712 0.0465771
28.3739 0.0460049
28.3763 0.0455043
28.3787 0.0450663
28.4064 0.044808
28.4088 0.044457
28.4112 0.0442749
28.4136 0.0439905
28.416 0.0438667
28.4184 0.0436334
28.4208 0.0434292
28.4485 0.0432505
28.4509 0.0430942
28.4533 0.0429574
28.4557 0.0430878
28.4581 0.0433268
28.4604 0.0434109
28.4628 0.0434846
28.4894 0.046674
28.4918 0.0462148
28.4942 0.0459379
28.4966 0.0455707
28.4989 0.0452493
28.581 0.0449682
28.5834 0.0445971
28.5858 0.0442725
28.6219 0.0481134
28.6243 0.0474743
28.6267 0.046915
28.6628 0.0506756
28.6652 0.0498412
28.6676 0.048986
28.704 0.0526128
28.7064 0.0515362
28.7088 0.0504691
28.7112 0.0496605
28.7461 0.0487029
28.7485 0.0478651
28.7509 0.0471319
28.7533 0.0464904
28.7885 0.0459291
28.7909 0.045438
28.7933 0.0451332
28.7957 0.0451166
28.8295 0.048977
28.8319 0.0482299
28.8343 0.0477012
28.8367 0.0471135
28.8704 0.0505993
28.8728 0.0496494
28.8752 0.0489432
28.8776 0.0482003
28.9116 0.0515503
28.914 0.0506065
28.9164 0.0497807
28.9188 0.0489331
28.9212 0.0483165
28.9538 0.0475269
28.9562 0.046836
28.9586 0.0462315
28.961 0.0458276
28.9634 0.0453491
28.9959 0.0449305
28.9986 0.0445642
29.001 0.0444937
29.0034 0.044557
29.0058 0.0444873
29.0371 0.0481764
29.0395 0.0476544
29.0419 0.0470726
29.0443 0.0466885
29.0467 0.0462274
29.0781 0.049574
29.0805 0.0487523
29.0829 0.0480332
29.0853 0.0475291
29.0877 0.0469629
29.0901 0.0465926
29.1202 0.0460185
29.1226 0.0455162
29.1253 0.0452017
29.1301 0.0449265
29.1324 0.0445606
29.1625 0.0442406
29.1649 0.0439605
29.1674 0.0437154
29.1721 0.043501
29.1748 0.0435634
29.1772 0.043743
29.2034 0.0471501
29.2058 0.0466313
29.2086 0.0463024
29.213 0.0462646
29.2158 0.0458565
29.2182 0.0456245
29.2443 0.0482964
29.2467 0.0476344
29.2495 0.0471801
29.2543 0.0470326
29.2567 0.0465285
29.3385 0.0459624
29.342 0.0457171
29.3674 0.0481275
29.3813 0.0474865
29.3845 0.0468007
29.4095 0.0462006
29.4234 0.0456756
29.427 0.0453411
29.4516 0.0449235
29.4659 0.044558
29.4682 0.0446133
29.4932 0.0472866
29.5067 0.0482508
29.5091 0.0477194
29.5341 0.0500045
29.5478 0.0505039
29.5501 0.049691
29.5525 0.0488546
29.5765 0.0479978
29.5898 0.047248
29.5922 0.046592
29.5946 0.046018
29.6186 0.0455158
29.6323 0.0452013
29.6347 0.0448011
29.6371 0.044576
29.6607 0.044254
29.6732 0.0455972
29.6756 0.0452726
29.6779 0.0449885
29.7016 0.047365
29.7144 0.0481943
29.7168 0.047545
29.7192 0.0471019
29.7425 0.0493392
29.7553 0.0499218
29.7577 0.0490566
29.7601 0.0484245
29.7625 0.0477464
29.785 0.0470281
29.7975 0.0463996
29.7999 0.0458497
29.8022 0.0453684
29.8046 0.0449474
29.8271 0.044704
29.8399 0.044366
29.8423 0.0441952
29.8446 0.0439208
29.847 0.0440557
29.868 0.0464238
29.8808 0.0472458
29.8832 0.0468401
29.8855 0.0463601
29.8879 0.04594
29.9217 0.0469475
29.924 0.0465791
29.9264 0.0461317
29.9288 0.0457402
29.9312 0.0455227
29.9645 0.0452074
29.9669 0.0451815
29.9693 0.0451588
29.9717 0.0451389
29.9741 0.0452466
29.9764 0.0452157
30.0066 0.0448138
30.009 0.044462
30.0114 0.0441543
30.0137 0.043885
30.0161 0.0436494
30.0185 0.0434432
30.0486 0.0432628
30.0511 0.04323
30.0534 0.0434512
30.0558 0.0435198
30.0582 0.0437048
30.0606 0.0437417
30.0896 0.047149
30.0923 0.0467554
30.0947 0.046286
30.0971 0.0460002
30.0995 0.0457502
