0.412217 1440
0.627149 2880
0.843234 4320
1.05932 5760
1.26051 7200
1.27545 8640
1.47544 10080
1.49098 11520
1.49337 12960
1.69153 14400
1.70587 15840
1.70826 17280
1.71065 18720
1.90658 20160
1.90897 21600
1.92211 23040
1.9245 24480
1.92689 25920
1.92928 27360
2.12147 28800
2.12386 30240
2.12625 31680
2.137 33120
2.13939 34560
2.14178 36000
2.14417 37440
2.14656 38880
2.14895 40320
2.33635 41760
2.33875 43200
2.34114 44640
2.34353 46080
2.34592 47520
2.35309 48960
2.35548 50400
2.35787 51840
2.36026 53280
2.36265 54720
2.36504 56160
2.36743 57600
2.36982 59040
2.37221 60480
2.55261 61920
2.555 63360
2.55739 64800
2.55978 66240
2.56217 67680
2.56456 69120
2.56695 70560
2.56934 72000
2.57173 73440
2.57412 74880
2.57651 76320
2.5789 77760
2.58129 79200
2.58368 80640
2.58607 82080
2.58846 83520
2.59085 84960
2.59324 86400
2.59563 87840
2.59802 89280
2.60041 90720
2.76869 92160
2.77108 93600
2.77347 95040
2.77586 96480
2.77825 97920
2.78064 99360
2.78303 100800
2.78542 102240
2.78781 103680
2.7902 105120
2.79259 106560
2.79499 108000
2.79738 109440
2.79977 110880
2.80216 112320
2.80455 113760
2.80694 115200
2.80933 116640
2.81172 118080
2.81411 119520
2.8165 120960
2.81889 122400
2.82128 123840
2.82367 125280
2.82606 126720
2.82845 128160
2.83084 129600
2.83323 131040
2.83562 132480
2.83801 133920
2.8404 135360
2.98427 136800
2.98666 138240
2.98905 139680
2.99144 141120
2.99383 142560
2.99624 144000
2.99862 145440
3.00101 146880
3.0034 148320
3.00579 149760
3.00818 151200
3.01057 152640
3.01296 154080
3.01535 155520
3.01774 156960
3.02013 158400
3.02252 159840
3.02491 161280
3.0273 162720
3.02969 164160
3.03208 165600
3.03447 167040
3.03686 168480
3.03925 169920
3.04164 171360
3.04403 172800
3.04642 174240
3.04881 175680
3.0512 177120
3.05359 178560
3.05599 180000
3.05838 181440
3.06077 182880
3.06316 184320
3.06555 185760
3.06794 187200
3.07033 188640
3.07272 190080
3.07511 191520
3.0775 192960
3.07989 194400
3.08228 195840
3.08467 197280
3.08706 198720
3.08945 200160
3.09184 201600
3.09423 203040
3.20045 204480
3.20284 205920
3.20523 207360
3.20762 208800
3.21001 210240
3.2124 211680
3.21479 213120
3.2173 214560
3.21969 216000
3.22208 217440
3.22447 218880
3.22687 220320
3.22926 221760
3.23165 223200
3.23404 224640
3.23643 226080
3.23882 227520
3.24121 228960
3.2436 230400
3.24599 231840
3.24838 233280
3.25077 234720
3.25316 236160
3.25555 237600
3.25794 239040
3.26033 240480
3.26272 241920
3.26511 243360
3.2675 244800
3.26989 246240
3.27228 247680
3.27467 249120
3.27706 250560
3.27945 252000
3.28184 253440
3.28423 254880
3.28663 256320
3.28902 257760
3.29141 259200
3.2938 260640
3.29619 262080
3.29858 263520
3.30097 264960
3.30336 266400
3.30575 267840
3.31033 132480
3.68675 132495
3.68914 132510
3.69153 132525
3.69392 132540
3.69631 132555
3.69873 132570
3.70112 132585
3.7047 132600
3.70709 132615
3.70948 132630
3.71187 132645
3.71427 132660
3.71666 132675
3.71905 132690
3.72144 132705
3.72383 132720
3.72622 132735
3.72861 132750
3.731 132765
3.73339 132780
3.73578 132795
3.73817 132810
3.74056 132825
3.74295 132840
3.74534 132855
3.74773 132870
3.75012 132885
3.75251 132900
3.7549 132915
3.75729 132930
3.75968 132945
3.76207 132960
3.76446 132975
3.76685 132990
3.76924 133005
3.77163 133020
3.77403 133035
3.77642 133050
3.77881 133065
3.7812 133080
3.78359 133095
3.78598 133110
3.78837 133125
3.79076 133140
3.79315 133155
3.79554 133170
3.90308 133185
3.90547 133200
3.90786 133215
3.91025 133230
3.91264 133245
3.91503 133260
3.91742 133275
3.92101 133290
3.9234 133305
3.92579 133320
3.92818 133335
3.93057 133350
3.93296 133365
3.93535 133380
3.93774 133395
3.94013 133410
3.94252 133425
3.94491 133440
3.9473 133455
3.94969 133470
3.95208 133485
3.95447 133500
3.95686 133515
3.95925 133530
3.96164 133545
3.96403 133560
3.96642 133575
3.96881 133590
3.9712 133605
3.97359 133620
3.97598 133635
3.97838 133650
3.98077 133665
3.98316 133680
3.98555 133695
3.98794 133710
3.99033 133725
3.99272 133740
3.99511 133755
3.9975 133770
3.99989 133785
4.00228 133800
4.00467 133815
4.00706 133830
4.00945 133845
4.01184 133860
4.11941 133875
4.1218 133890
4.12419 133905
4.12658 133920
4.12897 133935
4.13136 133950
4.13375 133965
4.13709 133980
4.13948 133995
4.14187 134010
4.14426 134025
4.14665 134040
4.14904 134055
4.15143 134070
4.15407 134085
4.15646 134100
4.15885 134115
4.16124 134130
4.16363 134145
4.16602 134160
4.16841 134175
4.1708 134190
4.17319 134205
4.17558 134220
4.17797 134235
4.18036 134250
4.18275 134265
4.18514 134280
4.18753 134295
4.18993 134310
4.19232 134325
4.19471 134340
4.1971 134355
4.19949 134370
4.20188 134385
4.20427 134400
4.20666 134415
4.20905 134430
4.21144 134445
4.21383 134460
4.21622 134475
4.21861 134490
4.221 134505
4.22339 134520
4.22578 134535
4.22817 134550
4.33549 134565
4.33788 134580
4.34052 134595
4.34291 134610
4.3453 134625
4.34769 134640
4.35008 134655
4.35247 134670
4.35486 134685
4.35725 134700
4.35964 134715
4.36203 134730
4.36442 134745
4.36681 134760
4.36921 134775
4.3716 134790
4.37399 134805
4.37638 134820
4.37877 134835
4.38116 134850
4.38355 134865
4.38594 134880
4.38833 134895
4.39072 134910
4.39311 134925
4.3955 134940
4.39789 134955
4.40028 134970
4.40267 134985
4.40506 135000
4.40745 135015
4.40984 135030
4.41223 135045
4.41462 135060
4.41701 135075
4.4194 135090
4.42179 135105
4.42418 135120
4.42657 135135
4.42897 135150
4.43136 135165
4.43375 135180
4.43614 135195
4.43853 135210
4.44092 135225
4.44331 135240
4.55088 135255
4.55327 135270
4.55566 135285
4.55805 135300
4.56044 135315
4.56283 135330
4.56522 135345
4.56761 135360
4.57 135375
4.57239 135390
4.57478 135405
4.57717 135420
4.57956 135435
4.58195 135450
4.58434 135465
4.58673 135480
4.58912 135495
4.59151 135510
4.5939 135525
4.59629 135540
4.59868 135555
4.60107 135570
4.60346 135585
4.60585 135600
4.60824 135615
4.61064 135630
4.61303 135645
4.61542 135660
4.61781 135675
4.6202 135690
4.62259 135705
4.62498 135720
4.62737 135735
4.62976 135750
4.63215 135765
4.63454 135780
4.63693 135795
4.63932 135810
4.64171 135825
4.6441 135840
4.64649 135855
4.64888 135870
4.65127 135885
4.65366 135900
4.65605 135915
4.65844 135930
4.76601 135945
4.7684 135960
4.77079 135975
4.77318 135990
4.77557 136005
4.77796 136020
4.78035 136035
4.78274 136050
4.78513 136065
4.78752 136080
4.78992 136095
4.79231 136110
4.7947 136125
4.79709 136140
4.79948 136155
4.80187 136170
4.80426 136185
4.80665 136200
4.80904 136215
4.81143 136230
4.81382 136245
4.81621 136260
4.8186 136275
4.82099 136290
4.82338 136305
4.82577 136320
4.82816 136335
4.83055 136350
4.83294 136365
4.83533 136380
4.83772 136395
4.84011 136410
4.8425 136425
4.84489 136440
4.84728 136455
4.84968 136470
4.85207 136485
4.85446 136500
4.85685 136515
4.85924 136530
4.86163 136545
4.86402 136560
4.86641 136575
4.8688 136590
4.87119 136605
4.87358 136620
4.87597 136635
4.9821 136650
4.98449 136665
4.98688 136680
4.98927 136695
4.99166 136710
4.99405 136725
4.99668 136740
4.99907 136755
5.00147 136770
5.00386 136785
5.00625 136800
5.00864 136815
5.01103 136830
5.01342 136845
5.01581 136860
5.0182 136875
5.02059 136890
5.02298 136905
5.02537 136920
5.02776 136935
5.03015 136950
5.03254 136965
5.03493 136980
5.03732 136995
5.03971 137010
5.0421 137025
5.04449 137040
5.04688 137055
5.04927 137070
5.05166 137085
5.05405 137100
5.05644 137115
5.05883 137130
5.06123 137145
5.06362 137160
5.06601 137175
5.0684 137190
5.07079 137205
5.07318 137220
5.07557 137235
5.07796 137250
5.08035 137265
5.08274 137280
5.08513 137295
5.08752 137310
5.08991 137325
5.0923 137340
5.19827 137355
5.20067 137370
5.20306 137385
5.20545 137400
5.20784 137415
5.21023 137430
5.21277 137445
5.21516 137460
5.21755 137475
5.21994 137490
5.22233 137505
5.22472 137520
5.22711 137535
5.2295 137550
5.23189 137565
5.23453 137580
5.23692 137595
5.23931 137610
5.2417 137625
5.24409 137640
5.24648 137655
5.24887 137670
5.25126 137685
5.25365 137700
5.25604 137715
5.25843 137730
5.26323 66960
5.64067 66990
5.64306 67020
5.64545 67050
5.64784 67080
5.65023 67110
5.65262 67140
5.65524 67170
5.65763 67200
5.66002 67230
5.66241 67260
5.6648 67290
5.66719 67320
5.66958 67350
5.67197 67380
5.67436 67410
5.67675 67440
5.67914 67470
5.68153 67500
5.68392 67530
5.68631 67560
5.6887 67590
5.6911 67620
5.69349 67650
5.85683 67680
5.85922 67710
5.86161 67740
5.864 67770
5.86639 67800
5.86878 67830
5.87132 67860
5.87371 67890
5.8761 67920
5.8785 67950
5.88089 67980
5.88328 68010
5.88567 68040
5.88806 68070
5.89069 68100
5.89308 68130
5.89547 68160
5.89786 68190
5.90025 68220
5.90265 68250
5.90504 68280
5.90743 68310
5.90982 68340
6.07316 68370
6.07555 68400
6.07834 68430
6.08073 68460
6.08312 68490
6.08551 68520
6.0879 68550
6.09029 68580
6.09268 68610
6.09507 68640
6.09746 68670
6.09985 68700
6.10224 68730
6.10463 68760
6.10702 68790
6.10941 68820
6.11181 68850
6.1142 68880
6.11659 68910
6.11898 68940
6.12137 68970
6.12376 69000
6.12615 69030
6.2883 69060
6.29069 69090
6.29323 69120
6.29562 69150
6.29826 69179
6.30065 69208
6.30304 69237
6.30543 69266
6.30782 69295
6.31021 69324
6.3126 69353
6.31499 69382
6.31738 69411
6.31977 69440
6.32216 69469
6.32455 69498
6.32694 69527
6.32933 69556
6.33172 69585
6.33411 69614
6.3365 69643
6.33889 69672
6.34128 69701
6.50383 69730
6.50622 69759
6.50861 69788
6.511 69817
6.51339 69846
6.51578 69875
6.51817 69904
6.52056 69933
6.52295 69962
6.52534 69991
6.52773 70020
6.53012 70049
6.53252 70078
6.53491 70107
6.5373 70136
6.53969 70165
6.54208 70194
6.54447 70223
6.54686 70252
6.54925 70281
6.55164 70310
6.55403 70339
6.55642 70368
6.55881 70397
6.71992 70426
6.72231 70455
6.7247 70484
6.72709 70513
6.72948 70542
6.73187 70571
6.7345 70600
6.73689 70629
6.73928 70658
6.74168 70687
6.74407 70716
6.74646 70745
6.74885 70774
6.75124 70803
6.75363 70832
6.75602 70861
6.75841 70890
6.7608 70919
6.76319 70948
6.76558 70977
6.76797 71006
6.77036 71035
6.77275 71064
6.77514 71093
6.93609 71122
6.93848 71151
6.94087 71180
6.94327 71209
6.94566 71238
6.94805 71267
6.95044 71296
6.95323 71325
6.95562 71354
6.95801 71383
6.9604 71412
6.96279 71441
6.96518 71470
6.96757 71499
6.96996 71528
6.97235 71556
6.97474 71584
6.97713 71612
6.97952 71640
6.98191 71668
6.9843 71696
6.98669 71724
6.98908 71752
6.99147 71780
7.15123 71808
7.15402 71836
7.15641 71864
7.1588 71892
7.16119 71920
7.16358 71948
7.16597 71976
7.16836 72004
7.17075 72032
7.17314 72060
7.17553 72088
7.17792 72116
7.18031 72144
7.1827 72172
7.18509 72200
7.18748 72228
7.18987 72256
7.19227 72284
7.19466 72312
7.19705 72340
7.19944 72368
7.20183 72396
7.20422 72424
7.20661 72452
7.36637 72480
7.36891 72508
7.3713 72536
7.37369 72564
7.37608 72592
7.37847 72620
7.38086 72648
7.38325 72676
7.38564 72704
7.38803 72732
7.39067 72760
7.39306 72788
7.39545 72816
7.39784 72844
7.40023 72872
7.40262 72900
7.40501 72928
7.4074 72956
7.40979 72984
7.41218 73012
7.41457 73040
7.41696 73068
7.41935 73096
7.42174 73124
7.42413 73152
7.5831 73180
7.58549 73208
7.58788 73236
7.59027 73264
7.59266 73292
7.59505 73320
7.59744 73348
7.59983 73376
7.60222 73404
7.60461 73432
7.607 73460
7.60939 73488
7.61178 73516
7.61417 73544
7.61656 73572
7.61895 73600
7.62134 73628
7.62373 73656
7.62612 73684
7.62851 73712
7.6309 73740
7.63329 73768
7.63568 73796
7.63807 73824
7.64046 73852
7.79943 73880
7.80182 73908
7.80421 73936
7.8066 73964
7.80899 73992
7.81138 74020
7.81377 74048
7.81616 74076
7.81855 74103
7.82094 74130
7.82333 74157
7.82572 74184
7.82811 74211
7.8305 74238
7.83289 74265
7.83528 74292
7.83767 74319
7.84006 74346
7.84245 74373
7.84484 74400
7.84723 74427
7.84962 74454
7.85201 74481
7.85441 74508
7.8568 74535
8.01432 74562
8.01671 74589
8.0191 74616
8.02149 74643
8.02388 74670
8.02627 74697
8.02866 74724
8.03105 74751
8.03344 74778
8.03583 74805
8.03822 74832
8.04061 74859
8.043 74886
8.04539 74913
8.04803 74940
8.05042 74967
8.05281 74994
8.0552 75021
8.05759 75048
8.05998 75075
8.06237 75102
8.06476 75129
8.06715 75156
8.06954 75183
8.07193 75210
8.22921 75237
8.2316 75264
8.23399 75291
8.23638 75318
8.23877 75345
8.24116 75372
8.24377 75399
8.24616 75426
8.24855 75453
8.25094 75480
8.25333 75507
8.25572 75534
8.25811 75561
8.2605 75588
8.26289 75615
8.26528 75642
8.26767 75669
8.27006 75696
8.27245 75723
8.27484 75750
8.27723 75777
8.27962 75804
8.28201 75831
8.2844 75858
8.28679 75885
8.28918 75912
8.44529 75939
8.44768 75966
8.45007 75993
8.45246 76020
8.45485 76047
8.45724 76074
8.45985 76101
8.46224 76128
8.46483 76155
8.46722 76182
8.46961 76209
8.472 76236
8.47439 76263
8.47678 76290
8.47917 76317
8.48156 76344
8.48395 76371
8.48634 76398
8.48873 76425
8.49112 76452
8.49351 76479
8.4959 76506
8.49829 76533
8.50068 76560
8.50307 76587
8.50546 76614
8.66137 76641
8.66377 76668
8.66616 76695
8.66855 76722
8.67094 76749
8.67333 76776
8.6762 76803
8.67859 76829
8.68098 76855
8.68337 76881
8.68577 76907
8.68816 76933
8.69055 76959
8.69294 76985
8.69533 77011
8.69772 77037
8.70011 77063
8.7025 77089
8.70489 77115
8.70728 77141
8.70967 77167
8.71206 77193
8.71445 77219
8.71684 77245
8.71923 77271
8.72162 77297
8.87626 77323
8.87895 77349
8.88134 77375
8.88373 77401
8.88612 77427
8.88851 77453
8.89139 77479
8.89378 77505
8.89617 77531
8.89856 77557
8.90095 77583
8.90334 77609
8.90573 77635
8.90812 77661
8.91051 77687
8.9129 77713
8.91529 77739
8.91769 77765
8.9204 77791
8.92279 77817
8.92518 77843
8.92757 77869
8.92996 77895
8.93235 77921
8.93474 77947
8.93713 77973
9.09115 77999
9.09384 78025
9.09623 78051
9.09862 78077
9.10121 78103
9.1036 78129
9.10628 78155
9.10897 78181
9.11136 78207
9.11375 78233
9.11614 78259
9.11853 78285
9.12092 78311
9.12331 78337
9.1257 78363
9.12809 78389
9.13051 78415
9.1329 78441
9.13529 78467
9.13768 78493
9.14007 78519
9.14246 78545
9.14485 78571
9.14724 78597
9.14963 78623
9.15202 78649
9.15441 78675
9.30724 78701
9.31011 78727
9.3125 78753
9.31489 78779
9.31729 78805
9.31968 78831
9.32276 78857
9.32555 78883
9.32794 78909
9.33033 78935
9.33272 78961
9.33511 78987
9.3375 79013
9.3399 79039
9.34229 79065
9.34468 79091
9.34707 79117
9.34946 79143
9.35185 79169
9.35424 79195
9.35663 79221
9.35902 79247
9.36141 79273
9.3638 79299
9.36619 79325
9.36858 79351
9.37097 79377
9.52332 79403
9.5262 79429
9.52859 79455
9.53098 79481
9.53338 79507
9.53577 79533
9.53885 79559
9.54164 79585
9.54422 79611
9.54661 79637
9.549 79663
9.55149 79689
9.55388 79715
9.55627 79741
9.55866 79767
9.56105 79792
9.56344 79817
9.56583 79842
9.56822 79867
9.57061 79892
9.573 79917
9.57542 79942
9.57781 79967
9.5802 79992
9.58259 80017
9.58498 80042
9.58737 80067
9.73846 80092
9.74125 80117
9.74364 80142
9.74603 80167
9.74842 80192
9.75081 80217
9.75374 80242
9.75669 80267
9.75911 80292
9.76159 80317
9.76398 80342
9.76648 80367
9.76887 80392
9.77126 80417
9.77365 80442
9.77613 80467
9.77852 80492
9.78091 80517
9.7833 80542
9.78569 80567
9.78808 80592
9.79047 80617
9.79289 80642
9.79528 80667
9.79767 80692
9.80006 80717
9.80245 80742
9.95365 80767
9.95614 80792
9.95872 80817
9.96111 80842
9.96352 80867
9.96591 80892
9.96863 80917
9.97158 80942
9.974 80967
9.97648 80992
9.97887 81017
9.98137 81042
9.98376 81067
9.98615 81092
9.98854 81117
9.99102 81142
9.9935 81167
9.99589 81192
9.99829 81217
10.0007 81242
10.0031 81267
10.0055 81292
10.0078 81317
10.0102 81342
10.0127 81367
10.015 81392
10.0175 81417
10.0199 81442
10.1697 81467
10.1722 81492
10.1748 81517
10.1772 81542
10.1796 81567
10.1822 81592
10.1847 81617
10.1877 81642
10.1901 81667
10.1926 81692
10.195 81717
10.1975 81742
10.1998 81767
10.2022 81792
10.2046 81817
10.2071 81842
10.2096 81867
10.212 81892
10.2144 81917
10.2168 81942
10.2192 81967
10.2215 81992
10.2239 82017
10.2263 82042
10.2287 82067
10.2311 82092
10.2336 82117
10.236 82142
10.3858 82167
10.3885 82192
10.3913 82217
10.3937 82242
10.3961 82267
10.3986 82292
10.401 82317
10.4038 82342
10.4062 82367
10.4087 82392
10.411 82417
10.4135 82442
10.4159 82467
10.4183 82492
10.4207 82517
10.4232 82542
10.4257 82567
10.4281 82592
10.4305 82617
10.4328 82642
10.4352 82667
10.4377 82692
10.4401 82717
10.4425 82742
10.4449 82767
10.4473 82792
10.4498 82817
10.4522 82842
10.6007 82867
10.6037 82892
10.6062 82917
10.6087 82942
10.611 82967
10.6135 82991
10.6159 83015
10.6186 83039
10.6213 83063
10.6237 83087
10.6263 83111
10.6287 83135
10.6311 83159
10.6335 83183
10.6359 83207
10.6382 83231
10.6406 83255
10.6432 83279
10.6456 83303
10.648 83327
10.6504 83351
10.6528 83375
10.6552 83399
10.6576 83423
10.66 83447
10.6624 83471
10.6648 83495
10.6672 83519
10.8158 83543
10.8186 83567
10.8211 83591
10.8235 83615
10.8259 83639
10.8284 83663
10.8307 83687
10.8338 83711
10.8362 83735
10.8386 83759
10.8412 83783
10.8436 83807
10.846 83831
10.8484 83855
10.8507 83879
10.8531 83903
10.8555 83927
10.8581 83951
10.8605 83975
10.8629 83999
10.8653 84023
10.8677 84047
10.8701 84071
10.8725 84095
10.8749 84119
10.8773 84143
10.8798 84167
10.8823 84191
11.031 84215
11.0334 84239
11.0357 84263
11.0381 84287
11.0405 84311
11.0429 84335
11.0453 84359
11.0477 84383
11.0501 84407
11.0525 84431
11.0549 84455
11.0573 84479
11.0597 84503
11.0621 84527
11.0644 84551
11.0668 84575
11.0692 84599
11.0716 84623
11.0745 84647
11.0769 84671
11.0793 84695
11.0817 84719
11.0841 84743
11.0865 84767
11.0889 84791
11.0913 84815
11.0937 84839
11.0962 84863
11.0986 84887
11.2471 84911
11.2494 84935
11.2518 84959
11.2542 84983
11.2566 85007
11.259 85031
11.2615 85055
11.2639 85079
11.2667 85103
11.269 85127
11.2714 85151
11.2738 85175
11.2762 85199
11.2786 85223
11.281 85247
11.2834 85271
11.2858 85295
11.2882 85319
11.2906 85343
11.2931 85367
11.2955 85391
11.2979 85415
11.3002 85439
11.3026 85463
11.305 85487
11.3074 85511
11.3098 85535
11.3123 85559
11.3147 85583
11.4631 85607
11.4655 85631
11.4679 85655
11.4703 85679
11.4727 85703
11.4751 85727
11.4775 85751
11.4799 85775
11.4823 85799
11.4847 85823
11.487 85847
11.4894 85871
11.4918 85895
11.4942 85919
11.4966 85943
11.499 85967
11.5014 85991
11.5038 86015
11.5062 86039
11.5086 86063
11.5109 86087
11.5133 86111
11.5157 86135
11.5181 86159
11.5209 86183
11.5233 86207
11.5257 86231
11.5281 86255
11.5305 86279
11.678 86303
11.6804 86327
11.6828 86351
11.6852 86375
11.6876 86399
11.69 86423
11.6924 86446
11.6948 86469
11.6972 86492
11.6995 86515
11.7019 86538
11.7043 86561
11.7067 86584
11.7091 86607
11.7115 86630
11.7139 86653
11.7163 86676
11.7187 86699
11.7211 86722
11.7234 86745
11.7258 86768
11.7282 86791
11.7306 86814
11.733 86837
11.7361 86860
11.7385 86883
11.7409 86906
11.7433 86929
11.7457 86952
11.8929 86975
11.8953 86998
11.8979 87021
11.9003 87044
11.9026 87067
11.905 87090
11.9074 87113
11.9098 87136
11.9122 87159
11.9146 87182
11.917 87205
11.9194 87228
11.9218 87251
11.9242 87274
11.9265 87297
11.9289 87320
11.9313 87343
11.9337 87366
11.9361 87389
11.9385 87412
11.9409 87435
11.9433 87458
11.9457 87481
11.9481 87504
11.9505 87527
11.9529 87550
11.9553 87573
11.9577 87596
11.96 87619
11.9624 87642
12.109 87665
12.1114 87688
12.1139 87711
12.1163 87734
12.1187 87757
12.1213 87780
12.1237 87803
12.1261 87826
12.1285 87849
12.1309 87872
12.1333 87895
12.1357 87918
12.1381 87941
12.1405 87964
12.1429 87987
12.1452 88010
12.1476 88033
12.15 88056
12.1524 88079
12.1548 88102
12.1572 88125
12.1596 88148
12.162 88171
12.1644 88194
12.1668 88217
12.1692 88240
12.1715 88263
12.1739 88286
12.1763 88309
12.1787 88332
12.3251 88355
12.3275 88378
12.3303 88401
12.3327 88424
12.3351 88447
12.3375 88470
12.3399 88493
12.3423 88516
12.3447 88539
12.3471 88562
12.3495 88585
12.3518 88608
12.3542 88631
12.3566 88654
12.359 88677
12.3614 88700
12.3638 88723
12.3662 88746
12.3686 88769
12.371 88792
12.3734 88815
12.3757 88838
12.3781 88861
12.3805 88884
12.3829 88907
12.3853 88930
12.3877 88953
12.3901 88976
12.3925 88999
12.3949 89022
12.54 89045
12.5424 89068
12.5455 89091
12.5479 89114
12.5503 89137
12.5527 89160
12.5551 89183
12.5575 89206
12.5599 89229
12.5623 89252
12.5646 89275
12.567 89298
12.5694 89321
12.5719 89344
12.5743 89367
12.5767 89390
12.5791 89413
12.5815 89436
12.5839 89459
12.5863 89482
12.5886 89505
12.591 89528
12.5934 89551
12.5958 89574
12.5982 89597
12.6006 89620
12.603 89643
12.6054 89666
12.6078 89689
12.6102 89712
12.755 89735
12.7574 89758
12.7604 89781
12.763 89804
12.7654 89827
12.7678 89850
12.7701 89873
12.7725 89896
12.7749 89919
12.7773 89942
12.7797 89965
12.7821 89988
12.7845 90011
12.7869 90034
12.7893 90057
12.7917 90080
12.794 90103
12.7964 90126
12.7988 90149
12.8012 90172
12.8036 90194
12.806 90216
12.8084 90238
12.8108 90260
12.8132 90282
12.8156 90304
12.818 90326
12.8203 90348
12.8227 90370
12.8251 90392
12.8275 90414
12.9711 90436
12.9735 90458
12.9767 90480
12.9791 90502
12.9814 90524
12.9838 90546
12.9862 90568
12.9886 90590
12.991 90612
12.9934 90634
12.9958 90656
12.9982 90678
13.0006 90700
13.003 90722
13.0054 90744
13.0077 90766
13.0102 90788
13.0126 90810
13.0149 90832
13.0173 90854
13.0197 90876
13.0221 90898
13.0245 90920
13.0269 90942
13.0293 90964
13.0317 90986
13.0341 91008
13.0365 91030
13.0388 91052
13.0412 91074
13.0436 91096
13.1872 91118
13.1896 91140
13.1928 91162
13.1955 91184
13.1979 91206
13.2003 91228
13.2027 91250
13.2051 91272
13.2075 91294
13.2099 91316
13.2122 91338
13.2146 91360
13.217 91382
13.2194 91404
13.2218 91426
13.2242 91448
13.2268 91470
13.2292 91492
13.2316 91514
13.234 91536
13.2364 91558
13.2388 91580
13.2412 91602
13.2436 91624
13.246 91646
13.2484 91668
13.2507 91690
13.2531 91712
13.2555 91734
13.2579 91756
13.2603 91778
13.4022 91800
13.4046 91822
13.4078 91844
13.4104 91866
13.413 91888
13.4154 91910
13.4178 91932
13.4202 91954
13.4225 91976
13.4249 91998
13.4273 92020
13.4297 92042
13.4321 92064
13.4345 92086
13.4369 92108
13.4393 92130
13.4417 92152
13.4441 92174
13.4465 92196
13.4489 92218
13.4513 92240
13.454 92262
13.4564 92284
13.4588 92306
13.4611 92328
13.4635 92350
13.4659 92372
13.4683 92394
13.4707 92416
13.4731 92438
13.4755 92460
13.6172 92482
13.6196 92504
13.6227 92526
13.6253 92548
13.6279 92570
13.6302 92592
13.6327 92614
13.635 92636
13.6374 92658
13.6398 92680
13.6422 92702
13.6446 92724
13.6474 92746
13.6498 92768
13.6522 92790
13.6546 92812
13.657 92834
13.6593 92856
13.6617 92878
13.6641 92900
13.6669 92922
13.6693 92944
13.6717 92966
13.6741 92988
13.6765 93010
13.6789 93032
13.6813 93054
13.6836 93076
13.686 93098
13.6884 93120
13.6908 93142
13.6932 93164
13.8333 93186
13.8357 93208
13.8388 93230
13.8414 93252
13.8439 93274
13.8463 93296
13.8487 93318
13.8511 93340
13.8535 93362
13.8559 93384
13.8583 93406
13.8607 93428
13.8635 93450
13.8659 93472
13.8683 93494
13.8707 93516
13.873 93538
13.8754 93560
13.878 93582
13.8804 93604
13.8834 93626
13.8858 93648
13.8882 93670
13.8906 93692
13.893 93714
13.8953 93736
13.8977 93758
13.9001 93780
13.9025 93802
13.9049 93824
13.9073 93846
13.9097 93868
14.0497 93890
14.0521 93912
14.0548 93934
14.0575 93956
14.0606 93978
14.063 94000
14.0653 94022
14.0677 94044
14.0701 94066
14.0725 94088
14.0749 94110
14.0773 94132
14.0797 94154
14.0821 94176
14.0845 94198
14.0869 94220
14.0895 94242
14.0919 94264
14.0943 94285
14.0966 94306
14.099 94327
14.1014 94348
14.1038 94369
14.1062 94390
14.1086 94411
14.111 94432
14.1134 94453
14.1158 94474
14.1182 94495
14.1205 94516
14.1229 94537
14.1254 94558
14.2646 94579
14.2669 94600
14.2697 94621
14.2724 94642
14.2755 94663
14.2778 94684
14.2802 94705
14.2828 94726
14.2852 94747
14.2876 94768
14.29 94789
14.2923 94810
14.2947 94831
14.2971 94852
14.2995 94873
14.3019 94894
14.3044 94915
14.3068 94936
14.3091 94957
14.3115 94978
14.3139 94999
14.3165 95020
14.3189 95041
14.3213 95062
14.3237 95083
14.3261 95104
14.3285 95125
14.3308 95146
14.3332 95167
14.3356 95188
14.338 95209
14.3407 95230
14.4797 95251
14.4821 95272
14.4846 95293
14.4872 95314
14.4903 95335
14.4927 95356
14.4951 95377
14.4977 95398
14.5001 95419
14.5025 95440
14.5048 95461
14.5076 95482
14.51 95503
14.5123 95524
14.5147 95545
14.5171 95566
14.5195 95587
14.5219 95608
14.5243 95629
14.5267 95650
14.5291 95671
14.5318 95692
14.5342 95713
14.5365 95734
14.5389 95755
14.5413 95776
14.5437 95797
14.5461 95818
14.5485 95839
14.5509 95860
14.5533 95881
14.5557 95902
14.5581 95923
14.6958 95944
14.6982 95965
14.701 95986
14.7034 96007
14.7064 96028
14.7088 96049
14.7112 96070
14.7138 96091
14.7161 96112
14.7185 96133
14.7209 96154
14.7237 96175
14.726 96196
14.7284 96217
14.7308 96238
14.7332 96259
14.7356 96280
14.738 96301
14.7404 96322
14.7428 96343
14.7452 96364
14.7479 96385
14.7502 96406
14.7526 96427
14.755 96448
14.7574 96469
14.7598 96490
14.7622 96511
14.7646 96532
14.767 96553
14.7694 96574
14.7718 96595
14.7741 96616
14.9119 96637
14.9143 96658
14.9177 96679
14.9201 96700
14.9225 96721
14.9249 96742
14.9273 96763
14.9298 96784
14.9322 96805
14.9346 96826
14.937 96847
14.9397 96868
14.9421 96889
14.9445 96910
14.9469 96931
14.9493 96952
14.952 96973
14.9545 96994
14.9569 97015
14.9592 97036
14.9616 97057
14.964 97078
14.9664 97099
14.9688 97120
14.9713 97141
14.9737 97162
14.9761 97183
14.9785 97204
14.9808 97225
14.9832 97246
14.9856 97267
14.988 97288
14.9904 97309
15.1268 97330
15.1292 97351
15.1326 97372
15.1349 97393
15.1374 97414
15.1398 97435
15.1422 97456
15.1447 97477
15.1471 97498
15.1495 97519
15.1519 97540
15.1546 97561
15.157 97582
15.1595 97603
15.1618 97624
15.1642 97645
15.1669 97666
15.1694 97687
15.1717 97708
15.1741 97729
15.1765 97750
15.1789 97771
15.1813 97792
15.1837 97813
15.1862 97834
15.1886 97855
15.191 97876
15.1933 97897
15.1957 97918
15.1981 97939
15.2005 97960
15.2029 97981
15.2053 98002
15.3417 98023
15.3441 98044
15.3474 98065
15.3498 98086
15.3523 98107
15.3547 98128
15.3571 98149
15.3596 98170
15.3623 98191
15.3647 98212
15.3671 98233
15.3695 98254
15.3719 98275
15.3743 98296
15.3767 98317
15.3791 98338
15.3818 98359
15.3842 98380
15.3866 98401
15.389 98422
15.3914 98443
15.3938 98464
15.3962 98485
15.3986 98506
15.4011 98527
15.4035 98548
15.4058 98569
15.4082 98590
15.4106 98611
15.413 98632
15.4154 98653
15.4178 98674
15.4202 98695
15.4226 98716
15.5581 98737
15.5605 98758
15.5638 98778
15.5662 98798
15.5686 98818
15.571 98838
15.5734 98858
15.576 98878
15.5784 98898
15.5808 98918
15.5832 98938
15.5856 98958
15.588 98978
15.5904 98998
15.5928 99018
15.5952 99038
15.5982 99058
15.6006 99078
15.603 99098
15.6054 99118
15.6078 99138
15.6101 99158
15.6125 99178
15.6149 99198
15.6173 99218
15.6197 99238
15.6222 99258
15.6246 99278
15.627 99298
15.6294 99318
15.6318 99338
15.6342 99358
15.6366 99378
15.6389 99398
15.7742 99418
15.7766 99438
15.7798 99458
15.7823 99478
15.7847 99498
15.7871 99518
15.7895 99538
15.7921 99558
15.7945 99578
15.7969 99598
15.7993 99618
15.8017 99638
15.8041 99658
15.8065 99678
15.8089 99698
15.8113 99718
15.8144 99738
15.8167 99758
15.8191 99778
15.8215 99798
15.8239 99818
15.8263 99838
15.8287 99858
15.8311 99878
15.8335 99898
15.8359 99918
15.8383 99938
15.8407 99958
15.8431 99978
15.8455 99998
15.8479 100018
15.8503 100038
15.8526 100058
15.855 100078
15.9891 100098
15.9914 100118
15.9947 100138
15.9972 100158
16 100178
16.0024 100198
16.0047 100218
16.0071 100238
16.0095 100258
16.0119 100278
16.0143 100298
16.0167 100318
16.0191 100338
16.0215 100358
16.0239 100378
16.0263 100398
16.0296 100418
16.0322 100438
16.0346 100458
16.0369 100478
16.0393 100498
16.0417 100518
16.0441 100538
16.0465 100558
16.0489 100578
16.0513 100598
16.0537 100618
16.0561 100638
16.0584 100658
16.0608 100678
16.0632 100698
16.0656 100718
16.068 100738
16.0704 100758
16.2041 100778
16.2065 100798
16.2096 100818
16.2121 100838
16.2149 100858
16.2172 100878
16.2196 100898
16.222 100918
16.2244 100938
16.2268 100958
16.2292 100978
16.2316 100998
16.234 101018
16.2364 101038
16.2388 101058
16.2411 101078
16.2445 101098
16.2471 101118
16.2494 101138
16.2518 101158
16.2542 101178
16.2566 101198
16.259 101218
16.2614 101238
16.2638 101258
16.2662 101278
16.2686 101298
16.271 101318
16.2733 101338
16.2757 101358
16.2781 101378
16.2805 101398
16.2829 101418
16.2853 101438
16.419 101458
16.4213 101478
16.4246 101498
16.427 101518
16.4294 101538
16.4318 101558
16.4342 101578
16.4366 101598
16.439 101618
16.4414 101638
16.4437 101658
16.4461 101678
16.4485 101698
16.4509 101718
16.4533 101738
16.4557 101758
16.4581 101778
16.4606 101798
16.4631 101818
16.4655 101838
16.4683 101858
16.4707 101878
16.4731 101898
16.4755 101918
16.478 101938
16.4803 101958
16.4827 101978
16.4851 101998
16.4875 102018
16.4899 102038
16.4923 102058
16.4947 102078
16.4971 102098
16.4995 102118
16.5019 102138
16.6353 102158
16.6377 102178
16.6407 102198
16.6431 102218
16.6455 102238
16.6479 102258
16.6503 102278
16.6527 102298
16.6553 102318
16.6577 102338
16.66 102358
16.6624 102378
16.6649 102398
16.6673 102418
16.6697 102438
16.6721 102458
16.6745 102478
16.6769 102498
16.6797 102518
16.6821 102538
16.6844 102558
16.6868 102578
16.6892 102598
16.6916 102618
16.694 102638
16.6964 102658
16.6988 102678
16.7012 102698
16.7036 102718
16.706 102738
16.7084 102758
16.7108 102778
16.7132 102798
16.7156 102818
16.7179 102838
16.8518 102858
16.8542 102878
16.857 102898
16.8597 102918
16.8621 102938
16.8645 102958
16.8669 102978
16.8693 102998
16.8717 103018
16.8741 103038
16.8765 103058
16.8789 103078
16.8813 103098
16.8837 103118
16.886 103138
16.8884 103158
16.8908 103178
16.8932 103198
16.8956 103218
16.898 103238
16.9004 103258
16.9028 103278
16.9052 103298
16.9076 103318
16.9099 103338
16.9123 103358
16.9147 103378
16.9171 103398
16.9195 103418
16.9219 103438
16.9243 103458
16.9267 103478
16.9291 103498
16.9315 103518
16.9339 103538
17.067 103558
17.0694 103578
17.0719 103598
17.0746 103618
17.077 103638
17.0794 103658
17.0818 103678
17.0842 103698
17.0866 103717
17.089 103736
17.0914 103755
17.0938 103774
17.0962 103793
17.0985 103812
17.1009 103831
17.1033 103850
17.1057 103869
17.1081 103888
17.1105 103907
17.1129 103926
17.1153 103945
17.1177 103964
17.1201 103983
17.1224 104002
17.1248 104021
17.1272 104040
17.1296 104059
17.1321 104078
17.1345 104097
17.1369 104116
17.1395 104135
17.1419 104154
17.1443 104173
17.1467 104192
17.1491 104211
17.2822 104230
17.2846 104249
17.287 104268
17.2895 104287
17.2919 104306
17.2943 104325
17.2967 104344
17.2991 104363
17.3015 104382
17.3039 104401
17.3063 104420
17.3087 104439
17.311 104458
17.3134 104477
17.3158 104496
17.3182 104515
17.3206 104534
17.323 104553
17.3254 104572
17.3278 104591
17.3302 104610
17.3326 104629
17.335 104648
17.3374 104667
17.3398 104686
17.3422 104705
17.3445 104724
17.3469 104743
17.3493 104762
17.3517 104781
17.3541 104800
17.3565 104819
17.3589 104838
17.3613 104857
17.3637 104876
17.3661 104895
17.4986 104914
17.501 104933
17.5034 104952
17.5057 104971
17.5081 104990
17.5105 105009
17.5129 105028
17.5153 105047
17.5177 105066
17.5201 105085
17.5225 105104
17.5249 105123
17.5273 105142
17.5296 105161
17.532 105180
17.5344 105199
17.5368 105218
17.5392 105237
17.5416 105256
17.544 105275
17.5464 105294
17.5488 105313
17.5512 105332
17.5536 105351
17.5559 105370
17.5583 105389
17.5607 105408
17.5631 105427
17.5655 105446
17.5679 105465
17.5703 105484
17.5727 105503
17.5751 105522
17.5775 105541
17.5798 105560
17.5822 105579
17.7147 105598
17.717 105617
17.7196 105636
17.722 105655
17.7244 105674
17.7268 105693
17.7292 105712
17.7316 105731
17.734 105750
17.7364 105769
17.7388 105788
17.7411 105807
17.7435 105826
17.7459 105845
17.7483 105864
17.7507 105883
17.7531 105902
17.7555 105921
17.7579 105940
17.7603 105959
17.7627 105978
17.765 105997
17.7674 106016
17.7698 106035
17.7722 106054
17.7746 106073
17.777 106092
17.7794 106111
17.7818 106130
17.7842 106149
17.7866 106168
17.789 106187
17.7913 106206
17.7937 106225
17.7961 106244
17.7985 106263
17.9298 106282
17.9322 106301
17.9346 106320
17.937 106339
17.9394 106358
17.9418 106377
17.9442 106396
17.9465 106415
17.9489 106434
17.9513 106453
17.9537 106472
17.9561 106491
17.9585 106510
17.9609 106529
17.9633 106548
17.9657 106567
17.9681 106586
17.9705 106605
17.9728 106624
17.9752 106643
17.9776 106662
17.98 106681
17.9824 106700
17.9848 106719
17.9872 106738
17.9896 106757
17.992 106776
17.9944 106795
17.9967 106814
17.9992 106833
18.0016 106852
18.004 106871
18.0064 106890
18.0088 106909
18.0112 106928
18.0135 106947
18.1447 106966
18.1471 106985
18.1495 107004
18.1522 107023
18.1546 107042
18.1571 107061
18.1594 107080
18.1618 107099
18.1642 107118
18.1666 107137
18.169 107156
18.1714 107175
18.1738 107194
18.1762 107213
18.1786 107232
18.1813 107251
18.1836 107270
18.186 107289
18.1884 107308
18.1908 107327
18.1932 107346
18.1956 107365
18.198 107384
18.2004 107403
18.2028 107422
18.2052 107441
18.2076 107460
18.2099 107479
18.2123 107498
18.2147 107517
18.2171 107536
18.2195 107555
18.2219 107574
18.2243 107593
18.2267 107612
18.2291 107631
18.2315 107650
18.3608 107669
18.3636 107688
18.366 107707
18.3683 107726
18.3707 107745
18.3731 107764
18.3755 107783
18.3779 107802
18.3803 107821
18.3827 107840
18.3851 107859
18.3875 107878
18.3899 107897
18.3923 107916
18.3947 107935
18.3973 107954
18.3997 107973
18.4021 107992
18.4045 108011
18.4069 108030
18.4093 108049
18.4117 108068
18.4141 108087
18.4165 108106
18.4189 108125
18.4212 108144
18.4236 108163
18.426 108182
18.4284 108201
18.4308 108220
18.4332 108239
18.436 108258
18.4384 108277
18.4408 108296
18.4432 108315
18.4456 108334
18.448 108353
18.577 108372
18.5797 108391
18.5822 108410
18.5846 108429
18.587 108448
18.5894 108467
18.5918 108486
18.5942 108505
18.5966 108524
18.599 108543
18.6014 108562
18.6037 108581
18.6061 108600
18.6085 108619
18.6109 108638
18.6134 108657
18.6158 108676
18.6182 108695
18.6206 108714
18.623 108733
18.6255 108752
18.6278 108771
18.6302 108790
18.6326 108809
18.635 108828
18.6375 108847
18.6399 108866
18.6425 108885
18.6449 108904
18.6473 108923
18.6497 108942
18.6521 108961
18.6545 108980
18.6569 108999
18.6593 109018
18.6616 109037
18.664 109056
18.7919 109075
18.7945 109094
18.7971 109113
18.7995 109132
18.8019 109151
18.8043 109169
18.8067 109187
18.8091 109205
18.8115 109223
18.8139 109241
18.8162 109259
18.8186 109277
18.821 109295
18.8234 109313
18.8258 109331
18.8285 109349
18.8309 109367
18.8333 109385
18.8357 109403
18.8381 109421
18.8404 109439
18.8428 109457
18.8452 109475
18.8476 109493
18.85 109511
18.8524 109529
18.8548 109547
18.8574 109565
18.8598 109583
18.8622 109601
18.8646 109619
18.867 109637
18.8694 109655
18.8718 109673
18.8741 109691
18.8765 109709
18.8789 109727
19.0072 109745
19.0096 109763
19.012 109781
19.0144 109799
19.0168 109817
19.0192 109835
19.0217 109853
19.0241 109871
19.0264 109889
19.0288 109907
19.0312 109925
19.0336 109943
19.036 109961
19.0384 109979
19.0408 109997
19.0434 110015
19.0458 110033
19.0482 110051
19.0506 110069
19.0529 110087
19.0553 110105
19.0577 110123
19.0601 110141
19.0625 110159
19.0649 110177
19.0673 110195
19.0697 110213
19.0721 110231
19.0745 110249
19.0769 110267
19.0792 110285
19.0816 110303
19.084 110321
19.0864 110339
19.0888 110357
19.0912 110375
19.0937 110393
19.0961 110411
19.2233 110429
19.2257 110447
19.2281 110465
19.2305 110483
19.2329 110501
19.2353 110519
19.2381 110537
19.2405 110555
19.2429 110573
19.2453 110591
19.2477 110609
19.2501 110627
19.2525 110645
19.2549 110663
19.2572 110681
19.2596 110699
19.262 110717
19.2644 110735
19.2668 110753
19.2692 110771
19.2716 110789
19.274 110807
19.2764 110825
19.2788 110843
19.2811 110861
19.2835 110879
19.2859 110897
19.2883 110915
19.2907 110933
19.2931 110951
19.2955 110969
19.2979 110987
19.3003 111005
19.3027 111023
19.3051 111041
19.3074 111059
19.3098 111077
19.3122 111095
19.4394 111113
19.4418 111131
19.4442 111149
19.4469 111167
19.4493 111185
19.4517 111203
19.4554 111221
19.4578 54000
19.7221 54038
19.7245 54076
19.7269 54114
19.7293 54152
19.7317 54190
19.7341 54228
19.7365 54266
19.7388 54304
19.7412 54342
19.7436 54380
19.8695 54418
19.8719 54456
19.8743 54494
19.8772 54532
19.8796 54570
19.882 54607
19.8856 54644
19.888 54681
19.937 54718
19.9394 54755
19.9421 54792
19.9445 54829
19.9469 54866
19.9493 54903
19.9517 54940
19.9541 54977
19.9567 55014
19.9591 55051
20.0845 55088
20.0869 55125
20.0893 55162
20.0921 55199
20.0945 55236
20.0969 55273
20.1005 55310
20.1029 55347
20.1521 55384
20.1549 55421
20.1573 55458
20.1596 55495
20.162 55532
20.1644 55569
20.1668 55606
20.1692 55643
20.1716 55680
20.174 55717
20.1764 55754
20.3006 55791
20.303 55828
20.3054 55865
20.3082 55902
20.3106 55939
20.313 55976
20.3166 56013
20.3189 56050
20.3682 56086
20.371 56122
20.3733 56158
20.3757 56194
20.3781 56230
20.3805 56266
20.3829 56302
20.3853 56338
20.3877 56374
20.3901 56410
20.3925 56446
20.5167 56482
20.5191 56518
20.5215 56554
20.5243 56590
20.5267 56626
20.5315 56662
20.5339 26640
20.8223 26717
20.8246 26794
20.9478 26871
20.9502 26948
20.9526 27024
20.9553 27100
20.9577 27176
20.9625 27252
20.9648 27328
21.0383 27403
21.0407 27478
21.1639 27553
21.1662 27628
21.1686 27703
21.1714 27777
21.1737 27851
21.1785 27925
21.1809 27999
21.2544 28073
21.2568 28146
21.3787 28219
21.3811 28292
21.3835 28365
21.3862 28438
21.3886 28510
21.3934 28582
21.3958 28654
21.4693 28726
21.4717 28798
21.5936 28870
21.596 28941
21.5984 29012
21.6011 29083
21.6035 29154
21.6083 29225
21.6107 29295
21.6842 29365
21.6866 29435
21.8085 29505
21.8109 29575
21.8133 29645
21.8157 29714
21.8181 29783
21.8205 29852
21.8244 29921
21.8268 29990
21.9003 30059
21.9027 30127
22.0246 30195
22.027 30263
22.0294 30331
22.0318 30399
22.0342 30467
22.0366 30535
22.0405 30602
22.0429 30669
22.1164 30736
22.1188 30803
22.2407 30870
22.2431 30937
22.2455 31004
22.2479 31070
22.2503 31136
22.2527 31202
22.2554 31268
22.2578 31334
22.3313 31400
22.3337 31466
22.4556 31531
22.458 31596
22.4604 31661
22.4628 31726
22.4652 31791
22.4676 31856
22.4703 31921
22.4727 31985
22.5462 32049
22.5485 32113
22.6706 32177
22.673 32241
22.6754 32305
22.6778 32369
22.6801 32433
22.6825 32496
22.6849 32559
22.6873 32622
22.6897 32685
22.7623 32748
22.7647 32811
22.8867 32874
22.8891 32937
22.8914 32999
22.8938 33061
22.8962 33123
22.8986 33185
22.901 33247
22.9034 33309
22.9058 33371
22.9784 33433
22.9808 33495
23.1028 33556
23.1051 33617
23.1075 33678
23.1099 33739
23.1123 33800
23.1147 33861
23.1171 33922
23.1195 33983
23.1219 34044
23.1933 34104
23.1956 34164
23.3176 34224
23.32 34284
23.3224 34344
23.3248 34404
23.3272 34464
23.3296 34524
23.332 34584
23.3344 34643
23.3368 34702
23.4081 34761
23.4105 34820
23.5325 34879
23.5349 34938
23.5373 34997
23.5397 35056
23.5421 35115
23.5445 35174
23.5469 35232
23.5493 35290
23.5517 35348
23.554 35406
23.6242 35464
23.6266 35522
23.7486 35580
23.751 35638
23.7534 35696
23.7558 35754
23.7582 35811
23.7606 35868
23.763 35925
23.7653 35982
23.7677 36039
23.7701 36096
23.8403 36153
23.9647 36210
23.9671 36267
23.9695 36324
23.9719 36381
23.9743 36437
23.9767 36493
23.979 36549
23.9814 36605
23.9838 36661
23.9862 36717
24.0552 36773
24.18 36829
24.1824 36885
24.1847 36941
24.1871 36997
24.1895 37053
24.1919 37108
24.1943 37163
24.1967 37218
24.1991 37273
24.2015 37328
24.2039 37383
24.2705 37438
24.3949 37493
24.3972 37548
24.3996 37603
24.402 37658
24.4044 37713
24.4068 37767
24.4092 37821
24.4116 37875
24.414 37929
24.4164 37983
24.4188 38037
24.4853 38091
24.6109 38145
24.6133 17280
24.8462 17400
24.8487 17519
24.8511 17637
24.9163 17754
25.0419 17870
25.0443 17986
25.0622 18101
25.0648 18215
25.0672 18328
25.1324 18441
25.2581 18553
25.2605 18664
25.2783 18775
25.2809 18885
25.2833 18994
25.3485 19103
25.4742 19211
25.4766 19318
25.4944 19425
25.4968 19531
25.4992 19637
25.5634 19742
25.6895 19847
25.6919 19951
25.7096 20054
25.712 20157
25.7144 20259
25.7783 20361
25.9044 20462
25.9068 20563
25.9245 20663
25.9269 20763
25.9293 20862
25.9317 20961
25.9944 21059
26.1205 21157
26.1229 21255
26.1409 21352
26.1434 21449
26.1458 21545
26.1482 21641
26.2107 21736
26.3367 21831
26.3391 21925
26.357 22019
26.3595 22113
26.3619 22206
26.3643 22299
26.4256 22391
26.5516 22483
26.554 22575
26.5722 22666
26.5745 22757
26.5769 22848
26.5793 22938
26.6405 23028
26.7665 23118
26.7689 23207
26.787 23296
26.7894 23385
26.7918 23473
26.7942 23561
26.8554 23649
26.9817 23736
26.9841 23823
26.9865 23910
27.0035 23996
27.0059 24082
27.0083 24168
27.0107 24253
27.0715 24338
27.1978 24423
27.2002 24507
27.2026 24591
27.2196 24675
27.222 24759
27.2244 24842
27.2268 24925
27.2876 25008
27.4139 25090
27.4163 25172
27.4186 25254
27.4345 25336
27.4369 25417
27.4393 25498
27.4416 25579
27.5026 25660
27.629 25740
27.6314 25820
27.6338 25900
27.6494 25980
27.6518 26059
27.6541 26138
27.6565 26217
27.7179 26296
27.8441 26374
27.8465 26452
27.8489 26530
27.8643 26608
27.8666 26685
27.869 26762
27.8714 26839
27.8738 26916
27.9341 26993
28.0602 27069
28.0626 27145
28.065 27221
28.0803 27297
28.0827 27372
28.0851 27447
28.0875 27522
28.0899 27597
28.1502 27672
28.2763 27746
28.279 27820
28.2814 27894
28.2964 27968
28.2988 28042
28.3012 28115
28.3036 28188
28.306 28261
28.3651 28334
28.4912 28407
28.4943 28479
28.4966 28551
28.5113 28623
28.5137 28695
28.5161 28767
28.5185 28839
28.5209 28910
28.5803 28981
28.7061 29052
28.7092 29123
28.7116 29194
28.7262 29265
28.7286 29335
28.731 29405
28.7334 29475
28.7358 29545
28.7382 29615
28.7964 29685
28.9221 29754
28.9253 29823
28.9277 29892
28.9424 29961
28.9448 30030
28.9472 30099
28.9496 30167
28.952 30235
28.9544 30303
29.0125 30371
29.1382 30439
29.1417 30507
29.1441 30574
29.1585 30641
29.1609 30708
29.1633 30775
29.1657 30842
29.1681 30909
29.1705 30976
29.2276 31042
29.3534 31108
29.357 31174
29.3594 31240
29.3734 31306
29.3758 31372
29.3782 31438
29.3806 31503
29.383 31568
29.3853 31633
29.4425 31698
29.5683 31763
29.5719 31828
29.5742 31893
29.5883 31958
29.5907 32022
29.5931 32086
29.5955 32150
29.5978 32214
29.6002 32278
29.6574 32342
29.6598 32406
29.7846 32469
29.7882 32532
29.7906 32595
29.8047 32658
29.807 32721
29.8094 32784
29.8118 32847
29.8142 32910
29.8166 32973
29.8735 33035
29.8759 33097
30.0007 33159
30.0043 33221
30.0067 33283
30.0207 33345
30.0231 33407
30.0255 33469
30.0279 33530
30.0303 33591
30.0327 33652
30.0896 33713
30.092 33774
