0.322217 1
0.547149 1441
0.773234 4321
0.999396 7201
1.20059 8641
1.22548 11521
1.42548 14401
1.45038 17281
1.45277 20161
1.65157 23041
1.67553 25921
1.67872 28801
1.68191 31681
1.87715 34561
1.88033 37441
1.90217 40321
1.90456 43201
1.90695 46081
1.90934 48961
2.10204 51841
2.10443 54721
2.10682 57601
2.12706 60481
2.12945 63361
2.13184 66241
2.13423 69121
2.13662 72001
2.13901 74881
2.32766 77761
2.33005 80641
2.33244 83521
2.33483 86401
2.33722 89281
2.35314 92161
2.35553 95041
2.35792 97921
2.36031 100801
2.36271 103681
2.3651 106561
2.36749 109441
2.36988 112321
2.37227 115201
2.55374 118081
2.55614 120961
2.55853 123841
2.56092 126721
2.56331 129601
2.5657 132481
2.56809 135361
2.57865 138241
2.58104 141121
2.58343 144001
2.58582 146881
2.58901 149761
2.5922 152641
2.59538 155521
2.59857 158401
2.60176 161281
2.60495 164161
2.60813 167041
2.61132 169921
2.61451 172801
2.6177 175681
2.78303 178561
2.78622 181441
2.78941 184321
2.79259 187201
2.79578 190081
2.79897 192961
2.80215 195841
2.80534 198721
2.80853 201601
2.81172 204481
2.8149 207361
2.81809 210241
2.82128 213121
2.82446 216001
2.82765 218881
2.83084 221761
2.83403 224641
2.83721 227521
2.8404 230401
2.84359 233281
2.84677 236161
2.84996 239041
2.85315 241921
2.85634 244801
2.85952 247681
2.86271 250561
2.8659 253441
2.86908 256321
2.87227 259201
2.87546 262081
2.87865 264961
3.02406 267841
3.02685 270721
3.03004 273601
3.03323 276481
3.03641 279361
3.0396 282241
3.04279 285121
3.04597 288001
3.04916 290881
3.05235 293761
3.05554 296641
3.05872 299521
3.06191 302401
3.0651 305281
3.06828 308161
3.07147 311041
3.07466 313921
3.07785 316801
3.08103 319681
3.08502 322561
3.08781 325441
3.0902 328321
3.09378 331201
3.09697 334081
3.10016 336961
3.10334 339841
3.10613 342721
3.10852 345601
3.11091 348481
3.1133 351361
3.11569 354241
3.11808 357121
3.12047 360001
3.12287 362881
3.12526 365761
3.12765 368641
3.13004 371521
3.13243 374401
3.13522 377281
3.1384 380161
3.14159 383041
3.14478 385921
3.41789 584641
3.55655 587521
3.55934 590401
3.56213 593281
3.56492 596161
3.56811 599041
3.5709 601921
3.57369 604801
3.57647 607681
3.57966 610561
3.58205 613441
3.58444 616321
3.58683 619201
3.58924 622081
3.59164 624961
3.5952 627841
3.59918 630721
3.60277 633601
3.60675 636481
3.61034 639361
3.61432 642241
3.6187 645121
3.62189 648001
3.62588 650881
3.62906 653761
3.63305 656641
3.63623 659521
3.63902 662401
3.64181 665281
3.6446 668161
3.64779 671041
3.65097 673921
3.65376 676801
3.65695 679681
3.78169 682561
3.78488 685441
3.78806 688321
3.79205 691201
3.79523 694081
3.79922 696961
3.80241 699841
3.80559 702721
3.80918 705601
3.81237 708481
3.81476 711361
3.81754 714241
3.82033 717121
3.82312 720001
3.82711 722881
3.83109 725761
3.83507 728641
3.83985 731521
3.84344 734401
3.84703 737281
3.85221 740161
3.85579 743041
3.86017 745921
3.86376 748801
3.86774 751681
3.87013 754561
3.87332 757441
3.87651 760321
3.8793 763201
3.88288 766081
3.88726 768961
3.89045 771841
3.89404 774721
4.00721 777601
4.01039 780481
4.01398 783361
4.01796 786241
4.02195 789121
4.02633 792001
4.02992 794881
4.0339 797761
4.03788 800641
4.04147 803521
4.04466 806401
4.04824 809281
4.05063 812161
4.05342 815041
4.0582 817921
4.06219 820801
4.06657 823681
4.07175 826561
4.07573 829441
4.07932 832321
4.08529 835201
4.08928 838081
4.09406 840961
4.09804 843841
4.10282 846721
4.10561 849601
4.1092 852481
4.11238 855361
4.11557 858241
4.11956 861121
4.12473 864001
4.12832 866881
4.1327 869761
4.23234 872641
4.23633 875521
4.23991 878401
4.2423 881281
4.24549 884161
4.24947 887041
4.25465 889921
4.25864 892801
4.26302 895681
4.2674 898561
4.27178 901441
4.27537 904321
4.27935 907201
4.28254 910081
4.28612 912961
4.29091 915841
4.29529 918721
4.29967 921601
4.30525 924481
4.30923 927361
4.31282 930241
4.31919 933121
4.32437 936001
4.32955 938881
4.33393 941761
4.33832 944641
4.3415 947521
4.34549 950401
4.34907 953281
4.35306 956161
4.35705 959041
4.36302 961921
4.367 964801
4.37178 967681
4.45897 970561
4.46256 973441
4.46654 976321
4.46973 979201
4.47331 982081
4.4777 984961
4.48327 987841
4.48686 990721
4.49244 993601
4.49682 996481
4.5016 999361
4.50598 1002241
4.51036 1005121
4.51435 1008001
4.51833 1010881
4.52391 1013761
4.52829 1016641
4.53267 1019521
4.53825 1022401
4.54224 1025281
4.54622 1028161
4.55339 1031041
4.55817 1033921
4.56335 1036801
4.56853 1039681
4.57331 1042561
4.5769 1045441
4.58128 1048321
4.58526 1051201
4.59004 1054081
4.59443 1056961
4.6008 1059841
4.60558 1062721
4.61076 1065601
4.68545 1068481
4.68944 1071361
4.69382 1074241
4.69661 1077121
4.70099 1080001
4.70537 1082881
4.71015 1085761
4.71454 1088641
4.72011 1091521
4.7245 1094401
4.72968 1097281
4.73446 1100161
4.73924 1103041
4.74402 1105921
4.7488 1108801
4.75478 1111681
4.75916 1114561
4.76394 1117441
4.77031 1120321
4.7739 1123201
4.77828 1126081
4.78545 1128961
4.78983 1131841
4.79581 1134721
4.80139 1137601
4.80657 1140481
4.81095 1143361
4.81533 1146241
4.81971 1149121
4.82529 1152001
4.82967 1154881
4.83685 1157761
4.84203 1160641
4.8476 1163521
4.91254 1166401
4.91653 1169281
4.92051 1172161
4.9241 1175041
4.92927 1177921
4.93326 1180801
4.93804 1183681
4.94242 1186561
4.9484 1189441
4.95318 1192321
4.95836 1195201
4.96354 1198081
4.96832 1200961
4.9739 1203841
4.97868 1206721
4.98545 1209601
4.99023 1212481
4.99541 1215361
5.00178 1218241
5.00617 1221121
5.01095 1224001
5.01812 1226881
5.0225 1229761
5.02848 1232641
5.03445 1235521
5.03963 1238401
5.04441 1241281
5.04959 1244161
5.05397 1247041
5.06035 1249921
5.06513 1252801
5.0731 1255681
5.07828 1258561
5.08465 1261441
5.14162 1264321
5.14561 1267201
5.14919 1270081
5.15357 1272961
5.15875 1275841
5.16274 1278721
5.16792 1281601
5.1723 1284481
5.17867 1287361
5.18345 1290241
5.18664 1293121
5.19102 1296001
5.1958 1298881
5.20138 1301761
5.20736 1304641
5.21254 1307521
5.21971 1310401
5.22489 1313281
5.23046 1316161
5.23684 1319041
5.24162 1321921
5.2464 1324801
5.25357 1327681
5.25835 1330561
5.26473 1333441
5.2707 1336321
5.27628 1339201
5.28146 1342081
5.28664 1344961
5.29182 1347841
5.29859 1350721
5.30377 1353601
5.31214 1356481
5.31771 1359361
5.32528 1362241
5.37389 1365121
5.37827 1368001
5.38186 1370881
5.38624 1373761
5.39182 1376641
5.3958 1379521
5.40098 1382401
5.40616 1385281
5.41213 1388161
5.41731 1391041
5.4209 1393921
5.42568 1396801
5.43086 1399681
5.43644 1402561
5.44281 1405441
5.44879 1408321
5.45596 1411201
5.46114 1414081
5.46791 1416961
5.47389 1419841
5.47907 1422721
5.48345 1425601
5.49102 1428481
5.4958 1431361
5.50217 1434241
5.50855 1437121
5.51412 1440001
5.5201 1442881
5.52528 1445761
5.53126 1448641
5.53843 1451521
5.54361 1454401
5.55237 1457281
5.55874 1460161
5.56592 1463041
5.60854 1465921
5.61213 1468801
5.61651 1471681
5.6209 1474561
5.62687 1477441
5.63086 1480321
5.63603 1483201
5.64161 1486081
5.64799 1488961
5.65356 1491841
5.65755 1494721
5.66193 1497601
5.66751 1500481
5.67269 1503361
5.67866 1506241
5.68544 1509121
5.69261 1512001
5.69858 1514881
5.70496 1517761
5.71133 1520641
5.71651 1523521
5.72129 1526401
5.72926 1529281
5.73484 1532161
5.74081 1535041
5.74719 1537921
5.75277 1540801
5.75914 1543681
5.76432 1546561
5.7699 1549441
5.77747 1552321
5.78344 1555201
5.79221 1558081
5.79858 1560961
5.80615 1563841
5.844 1566721
5.84719 1569601
5.85236 1572481
5.85635 1575361
5.86193 1578241
5.86671 1581121
5.87149 1584001
5.87746 1586881
5.88384 1589761
5.88981 1592641
5.8942 1595521
5.89898 1598401
5.90376 1601281
5.90973 1604161
5.91611 1607041
5.92288 1609921
5.93045 1612801
5.93722 1615681
5.944 1618561
5.94997 1621441
5.95475 1624321
5.95993 1627201
5.9679 1630081
5.97388 1632961
5.97985 1635841
5.98623 1638721
5.9922 1641601
5.99858 1644481
6.00376 1647361
6.00973 1650241
6.0169 1653121
6.02328 1656001
6.03244 1658881
6.03961 1661761
6.04758 1664641
6.08025 1667521
6.08463 1670401
6.08941 1673281
6.0934 1676161
6.09897 1679041
6.10375 1681921
6.10893 1684801
6.11451 1687681
6.12128 1690561
6.12726 1693441
6.13204 1696321
6.13722 1699201
6.1424 1702081
6.14917 1704961
6.15515 1707841
6.15794 1710721
6.16431 1713601
6.17188 1716481
6.17865 1719361
6.18582 1722241
6.1918 1725121
6.19658 1728001
6.20176 1730881
6.20973 1733761
6.2157 1736641
6.22168 1739521
6.22806 1742401
6.23403 1745281
6.2408 1748161
6.24598 1751041
6.25236 1753921
6.25953 1756801
6.2655 1759681
6.27467 1762561
6.28184 1765441
6.29021 1768321
6.32009 1771201
6.32407 1774081
6.32925 1776961
6.33363 1779841
6.33881 1782721
6.34359 1785601
6.34917 1788481
6.35514 1791361
6.36232 1794241
6.36829 1797121
6.37307 1800001
6.37825 1802881
6.38423 1805761
6.3906 1808641
6.39658 1811521
6.40016 1814401
6.40654 1817281
6.41411 1820161
6.42129 1823041
6.42845 1825921
6.43443 1828801
6.43881 1831681
6.44399 1834561
6.45235 1837441
6.45793 1840321
6.46391 1843201
6.47069 1846081
6.47626 1848961
6.48303 1851841
6.48862 1854721
6.49498 1857601
6.50215 1860481
6.50813 1863361
6.51689 1866241
6.52446 1869121
6.53283 1872001
6.56152 1874881
6.5659 1877761
6.57108 1880641
6.57586 1883521
6.58144 1886401
6.58622 1889281
6.59219 1892161
6.59777 1895041
6.60454 1897921
6.61052 1900801
6.6149 1903681
6.62089 1906561
6.62725 1909441
6.63323 1912321
6.6396 1915201
6.64239 1918081
6.64876 1920961
6.65673 1923841
6.66351 1926721
6.67107 1929601
6.67546 1932481
6.67984 1935361
6.68542 1938241
6.69378 1941121
6.69896 1944001
6.70494 1946881
6.71211 1949761
6.71729 1952641
6.72446 1955521
6.72964 1958401
6.73601 1961281
6.74319 1964161
6.74916 1967041
6.75832 1969921
6.76589 1972801
6.77466 1975681
6.80175 1978561
6.80693 1981441
6.81171 1984321
6.81649 1987201
6.82167 1990081
6.82725 1992961
6.83362 1995841
6.8388 1998721
6.84597 2001601
6.85195 2004481
6.85593 2007361
6.86111 2010241
6.86589 2013121
6.87027 2016001
6.87426 2018881
6.87665 2021761
6.88143 2024641
6.88701 2027521
6.89418 2030401
6.90215 2033281
6.90653 2036161
6.91171 2039041
6.91729 2041921
6.92565 2044801
6.93043 2047681
6.93482 2050561
6.9396 2053441
6.94318 2056321
6.94961 2059201
6.95479 2062081
6.96116 2064961
6.96873 2067841
6.9755 2070721
6.98467 2073601
6.99224 2076481
6.99981 2079361
7.02688 2082241
7.03206 2085121
7.03764 2088001
7.04242 2090881
7.0484 2093761
7.05477 2096641
7.05995 2099521
7.06433 2102401
7.07143 2105281
7.0782 2108161
7.08259 2111041
7.08816 2113921
7.09374 2116801
7.09892 2119681
7.1029 2122561
7.10609 2125441
7.11167 2128321
7.11765 2131201
7.12362 2134081
7.1296 2136961
7.13398 2139841
7.14035 2142721
7.14633 2145601
7.1547 2148481
7.15788 2151361
7.16187 2154241
7.16625 2157121
7.17143 2160001
7.17501 2162881
7.18139 2165761
7.18617 2168641
7.19135 2171521
7.19733 2174401
7.2041 2177281
7.21286 2180161
7.21964 2183041
7.22721 2185921
7.2536 2188801
7.25878 2191681
7.26515 2194561
7.27033 2197441
7.2767 2200321
7.28308 2203201
7.28905 2206081
7.29304 2208961
7.30021 2211841
7.30778 2214721
7.31176 2217601
7.31615 2220481
7.32252 2223361
7.3277 2226241
7.33288 2229121
7.33646 2232001
7.34284 2234881
7.34921 2237761
7.35519 2240641
7.36117 2243521
7.36515 2246401
7.37152 2249281
7.3763 2252161
7.38467 2255041
7.38865 2257921
7.39264 2260801
7.39742 2263681
7.4026 2266561
7.40698 2269441
7.41336 2272321
7.41774 2275201
7.42332 2278081
7.42929 2280961
7.43686 2283841
7.44363 2286721
7.45041 2289601
7.45718 2292481
7.48108 2295361
7.48586 2298241
7.49224 2301121
7.49821 2304001
7.50379 2306881
7.51056 2309761
7.51654 2312641
7.52052 2315521
7.52809 2318401
7.53606 2321281
7.54124 2324161
7.54523 2327041
7.5516 2329921
7.55718 2332801
7.56236 2335681
7.56594 2338561
7.57232 2341441
7.57909 2344321
7.58507 2347201
7.59104 2350081
7.59542 2352961
7.6018 2355841
7.60658 2358721
7.61495 2361601
7.61933 2364481
7.62371 2367361
7.6273 2370241
7.63287 2373121
7.63726 2376001
7.64363 2378881
7.64841 2381761
7.65479 2384641
7.66116 2387521
7.66913 2390401
7.6755 2393281
7.68227 2396161
7.68905 2399041
7.71016 2401921
7.71494 2404801
7.72172 2407681
7.72809 2410561
7.73367 2413441
7.74004 2416321
7.74602 2419201
7.75 2422081
7.75757 2424961
7.76514 2427841
7.77072 2430721
7.7747 2433601
7.78028 2436481
7.78586 2439361
7.79144 2442241
7.79542 2445121
7.80259 2448001
7.80936 2450881
7.81534 2453761
7.82171 2456641
7.8257 2459521
7.83247 2462401
7.83725 2465281
7.84602 2468161
7.85 2471041
7.85518 2473921
7.85877 2476801
7.86514 2479681
7.86952 2482561
7.87629 2485441
7.88147 2488321
7.88785 2491201
7.89382 2494081
7.90179 2496961
7.90777 2499841
7.91534 2502721
7.92211 2505601
7.94203 2508481
7.94721 2511361
7.95358 2514241
7.95956 2517121
7.96554 2520001
7.97111 2522881
7.97709 2525761
7.98147 2528641
7.98825 2531521
7.99542 2534401
8.00139 2537281
8.00577 2540161
8.01175 2543041
8.01693 2545921
8.02291 2548801
8.02689 2551681
8.03446 2554561
8.04123 2557441
8.04721 2560321
8.05358 2563201
8.05717 2566081
8.06434 2568961
8.06952 2571841
8.07868 2574721
8.08346 2577601
8.08904 2580481
8.09263 2583361
8.099 2586241
8.10378 2589121
8.10657 2592001
8.11215 2594881
8.11812 2597761
8.1245 2600641
8.13087 2603521
8.13844 2606401
8.14482 2609281
8.15358 2612161
8.15956 2615041
8.17709 2617921
8.18227 2620801
8.18824 2623681
8.19422 2626561
8.19979 2629441
8.20537 2632321
8.21175 2635201
8.21613 2638081
8.2225 2640961
8.22967 2643841
8.23565 2646721
8.24043 2649601
8.24641 2652481
8.25119 2655361
8.25756 2658241
8.26155 2661121
8.26912 2664001
8.27589 2666881
8.28226 2669761
8.28904 2672641
8.29302 2675521
8.29979 2678401
8.30577 2681281
8.31453 2684161
8.31931 2687041
8.32569 2689921
8.32927 2692801
8.33605 2695681
8.34083 2698561
8.34402 2701441
8.35039 2704321
8.35597 2707201
8.36314 2710081
8.36951 2712961
8.37708 2715841
8.38346 2718721
8.39142 2721601
8.3978 2724481
8.41413 2727361
8.41891 2730241
8.42489 2733121
8.43087 2736001
8.43605 2738881
8.44162 2741761
8.448 2744641
8.45238 2747521
8.45875 2750401
8.46593 2753281
8.4715 2756161
8.47708 2759041
8.48306 2761921
8.48784 2764801
8.49421 2767681
8.49859 2770561
8.50616 2773441
8.51294 2776321
8.51971 2779201
8.52648 2782081
8.53086 2784961
8.53804 2787841
8.54361 2790721
8.55198 2793601
8.55716 2796481
8.56393 2799361
8.56752 2802241
8.57429 2805121
8.57947 2808001
8.58305 2810881
8.58983 2813761
8.5958 2816641
8.60297 2819521
8.60935 2822401
8.61612 2825281
8.6221 2828161
8.63007 2831041
8.63644 2833921
8.65078 2836801
8.65596 2839681
8.66234 2842561
8.66831 2845441
8.67349 2848321
8.67907 2851201
8.68504 2854081
8.68943 2856961
8.6962 2859841
8.70337 2862721
8.70895 2865601
8.71413 2868481
8.7205 2871361
8.72488 2874241
8.73126 2877121
8.73604 2880001
8.74401 2882881
8.75038 2885761
8.75755 2888641
8.76472 2891521
8.76951 2894401
8.77628 2897281
8.78186 2900161
8.78982 2903041
8.7954 2905921
8.80178 2908801
8.80616 2911681
8.81333 2914561
8.81891 2917441
8.82249 2920321
8.82927 2923201
8.83484 2926081
8.84241 2928961
8.84919 2931841
8.85596 2934721
8.86154 2937601
8.8695 2940481
8.87588 2943361
8.88942 2946241
8.8946 2949121
8.90098 2952001
8.90695 2954881
8.91173 2957761
8.91771 2960641
8.92369 2963521
8.92807 2966401
8.93444 2969281
8.94161 2972161
8.94799 2975041
8.95277 2977921
8.95994 2980801
8.96392 2983681
8.9703 2986561
8.97588 2989441
8.98345 2992321
8.98982 2995201
8.99739 2998081
9.00496 3000961
9.00974 3003841
9.01691 3006721
9.02249 3009601
9.02966 3012481
9.03603 3015361
9.04241 3018241
9.04679 3021121
9.05436 3024001
9.05994 3026881
9.06352 3029761
9.0699 3032641
9.07587 3035521
9.08305 3038401
9.09062 3041281
9.09659 3044161
9.10257 3047041
9.11054 3049921
9.11651 3052801
9.1193 3055681
9.13205 3058561
9.13643 3061441
9.14281 3064321
9.14918 3067201
9.15396 3070081
9.15994 3072961
9.16591 3075841
9.1699 3078721
9.17627 3081601
9.18384 3084481
9.19021 3087361
9.1946 3090241
9.20217 3093121
9.20615 3096001
9.21292 3098881
9.2181 3101761
9.22567 3104641
9.23205 3107521
9.23962 3110401
9.24719 3113281
9.25276 3116161
9.25914 3119041
9.26472 3121921
9.27229 3124801
9.27826 3127681
9.28464 3130561
9.28902 3133441
9.29659 3136321
9.30216 3139201
9.30575 3142081
9.31212 3144961
9.3181 3147841
9.32527 3150721
9.33284 3153601
9.33882 3156481
9.34479 3159361
9.35276 3162241
9.35914 3165121
9.36232 3168001
9.37428 3170881
9.37866 3173761
9.38503 3176641
9.39141 3179521
9.39619 3182401
9.40258 3185281
9.40814 3188161
9.41212 3191041
9.4189 3193921
9.42607 3196801
9.43244 3199681
9.43682 3202561
9.44439 3205441
9.44838 3208321
9.45515 3211201
9.46033 3214081
9.4679 3216961
9.47427 3219841
9.48184 3222721
9.48941 3225601
9.4954 3228481
9.50136 3231361
9.50734 3234241
9.51451 3237121
9.52089 3240001
9.52686 3242881
9.53124 3245761
9.53881 3248641
9.54439 3251521
9.54798 3254401
9.55435 3257281
9.56033 3260161
9.5675 3263041
9.57507 3265921
9.58104 3268801
9.58702 3271681
9.59499 3274561
9.60136 3277441
9.60455 3280321
9.6165 3283201
9.62088 3286081
9.62606 3288961
9.63244 3291841
9.63722 3294721
9.64359 3297601
9.64917 3300481
9.65315 3303361
9.65993 3306241
9.6671 3309121
9.67347 3312001
9.67786 3314881
9.68542 3317761
9.68941 3320641
9.69618 3323521
9.70136 3326401
9.70893 3329281
9.7153 3332161
9.72287 3335041
9.73044 3337921
9.73642 3340801
9.7424 3343681
9.74837 3346561
9.75554 3349441
9.76192 3352321
9.76789 3355201
9.77228 3358081
9.77985 3360961
9.78542 3363841
9.78901 3366721
9.79538 3369601
9.80136 3372481
9.80853 3375361
9.8161 3378241
9.82128 3381121
9.82566 3384001
9.83124 3386881
9.83562 3389761
9.83801 3392641
9.84598 3395521
9.84957 3398401
9.85395 3401281
9.85992 3404161
9.8651 3407041
9.87148 3409921
9.87666 3412801
9.88144 3415681
9.88821 3418561
9.89578 3421441
9.90255 3424321
9.90773 3427201
9.9145 3430081
9.91769 3432961
9.92287 3435841
9.92685 3438721
9.93405 3441601
9.94082 3444481
9.94802 3447361
9.95639 3450241
9.96276 3453121
9.96874 3456001
9.97511 3458881
9.98189 3461761
9.98826 3464641
9.99503 3467521
9.99982 3470401
10.005 3473281
10.0105 3476161
10.0141 3479041
10.0203 3481921
10.0262 3484801
10.0337 3487681
10.042 3490561
10.048 3493441
10.0528 3496321
10.0584 3499201
10.0639 3502081
10.0671 3504961
10.0751 3507841
10.0791 3510721
10.0839 3513601
10.0902 3516481
10.0934 3519361
10.097 3522241
10.1022 3525121
10.1062 3528001
10.1102 3530881
10.1157 3533761
10.1229 3536641
10.1305 3539521
10.1357 3542401
10.1432 3545281
10.1464 3548161
10.1524 3551041
10.1564 3553921
10.1639 3556801
10.1703 3559681
10.1779 3562561
10.1859 3565441
10.1906 3568321
10.1954 3571201
10.2012 3574081
10.2085 3576961
10.2148 3579841
10.222 3582721
10.2276 3585601
10.2324 3588481
10.2387 3591361
10.2427 3594241
10.2487 3597121
10.2547 3600001
10.2622 3602881
10.2706 3605761
10.2762 3608641
10.2798 3611521
10.2846 3614401
10.2905 3617281
10.2936 3620161
10.3021 3623041
10.3061 3625921
10.3113 3628801
10.3184 3631681
10.3212 3634561
10.3252 3637441
10.3312 3640321
10.3356 3643201
10.3395 3646081
10.3455 3648961
10.3531 3651841
10.3607 3654721
10.367 3657601
10.3722 3660481
10.3754 3663361
10.3802 3666241
10.3842 3669121
10.3917 3672001
10.3985 3674881
10.4057 3677761
10.4136 3680641
10.4184 3683521
10.4236 3686401
10.4296 3689281
10.4367 3692161
10.4431 3695041
10.4503 3697921
10.4563 3700801
10.4607 3703681
10.4654 3706561
10.4691 3709441
10.4758 3712321
10.4818 3715201
10.4894 3718081
10.4977 3720961
10.5029 3723841
10.5065 3726721
10.5113 3729601
10.5177 3732481
10.5208 3735361
10.5296 3738241
10.5332 3741121
10.5392 3744001
10.5467 3746881
10.5499 3749761
10.5531 3752641
10.5579 3755521
10.5627 3758401
10.5671 3761281
10.573 3764161
10.5798 3767041
10.5874 3769921
10.5934 3772801
10.5989 3775681
10.6021 3778561
10.6073 3781441
10.6113 3784321
10.6193 3787201
10.626 3790081
10.6332 3792961
10.6408 3795841
10.6447 3798721
10.6499 3801601
10.6559 3804481
10.6631 3807361
10.6695 3810241
10.6766 3813121
10.683 3816001
10.6874 3818881
10.6922 3821761
10.6961 3824641
10.7025 3827521
10.7085 3830401
10.7165 3833281
10.7244 3836161
10.7296 3839041
10.7324 3841921
10.7372 3844801
10.7436 3847681
10.7471 3850561
10.7555 3853441
10.7595 3856321
10.7655 3859201
10.773 3862081
10.7766 3864961
10.7802 3867841
10.7854 3870721
10.7902 3873601
10.7945 3876481
10.8009 3879361
10.8077 3882241
10.8153 3885121
10.8208 3888001
10.8256 3890881
10.8292 3893761
10.8348 3896641
10.8396 3899521
10.8467 3902401
10.8539 3905281
10.8611 3908161
10.8679 3911041
10.8726 3913921
10.8774 3916801
10.8834 3919681
10.8906 3922561
10.8969 3925441
10.9041 3928321
10.9109 3931201
10.9145 3934081
10.9192 3936961
10.9244 3939841
10.9304 3942721
10.9364 3945601
10.9443 3948481
10.9519 3951361
10.9575 3954241
10.9603 3957121
10.9651 3960001
10.9714 3962881
10.9754 3965761
10.983 3968641
10.9878 3971521
10.9941 3974401
11.0009 3977281
11.0041 3980161
11.0081 3983041
11.0129 3985921
11.018 3988801
11.0232 3991681
11.0296 3994561
11.0364 3997441
11.0439 4000321
11.0495 4003201
11.0543 4006081
11.0571 4008961
11.0599 4011841
11.0659 4014721
11.0706 4017601
11.0778 4020481
11.0854 4023361
11.0926 4026241
11.0981 4029121
11.1029 4032001
11.1077 4034881
11.1137 4037761
11.1212 4040641
11.1284 4043521
11.1356 4046401
11.1416 4049281
11.1455 4052161
11.1503 4055041
11.1559 4057921
11.1615 4060801
11.1674 4063681
11.1754 4066561
11.1826 4069441
11.1878 4072321
11.191 4075201
11.1957 4078081
11.2021 4080961
11.2061 4083841
11.2137 4086721
11.2192 4089601
11.2252 4092481
11.2324 4095361
11.2356 4098241
11.24 4101121
11.2447 4104001
11.2495 4106881
11.2543 4109761
11.2611 4112641
11.2678 4115521
11.2754 4118401
11.2806 4121281
11.2854 4124161
11.289 4127041
11.2925 4129921
11.2981 4132801
11.3033 4135681
11.3109 4138561
11.3184 4141441
11.3256 4144321
11.3308 4147201
11.3356 4150081
11.3404 4152961
11.3463 4155841
11.3543 4158721
11.3615 4161601
11.3682 4164481
11.3738 4167361
11.3782 4170241
11.383 4173121
11.3882 4176001
11.3937 4178881
11.4001 4181761
11.4081 4184641
11.4153 4187521
11.42 4190401
11.424 4193281
11.4288 4196161
11.4348 4199041
11.4388 4201921
11.4467 4204801
11.4519 4207681
11.4583 4210561
11.4655 4213441
11.4686 4216321
11.473 4219201
11.4778 4222081
11.4826 4224961
11.4878 4227841
11.4941 4230721
11.5017 4233601
11.5089 4236481
11.5145 4239361
11.5192 4242241
11.5232 4245121
11.5272 4248001
11.5324 4250881
11.5376 4253761
11.5439 4256641
11.5519 4259521
11.5591 4262401
11.5639 4265281
11.5686 4268161
11.5734 4271041
11.5798 4273921
11.587 4276801
11.5941 4279681
11.6005 4282561
11.6069 4285441
11.6113 4288321
11.616 4291201
11.6212 4294081
11.6268 4296961
11.6332 4299841
11.6403 4302721
11.6479 4305601
11.6527 4308481
11.6575 4311361
11.6619 4314241
11.6678 4317121
11.6722 4320001
11.6798 4322881
11.6846 4325761
11.6909 4328641
11.6985 4331521
11.7021 4334401
11.7073 4337281
11.7121 4340161
11.7168 4343041
11.7216 4345921
11.728 4348801
11.736 4351681
11.7427 4354561
11.7479 4357441
11.7531 4360321
11.7571 4363201
11.7615 4366081
11.7662 4368961
11.7718 4371841
11.7782 4374721
11.7862 4377601
11.7937 4380481
11.7981 4383361
11.8033 4386241
11.8081 4389121
11.8141 4392001
11.8208 4394881
11.828 4397761
11.834 4400641
11.8411 4403521
11.8455 4406401
11.8507 4409281
11.8559 4412161
11.8611 4415041
11.8674 4417921
11.8746 4420801
11.8822 4423681
11.8866 4426561
11.8917 4429441
11.8965 4432321
11.9025 4435201
11.9065 4438081
11.914 4440961
11.9192 4443841
11.926 4446721
11.9332 4449601
11.9372 4452481
11.9427 4455361
11.9475 4458241
11.9515 4461121
11.9567 4464001
11.9631 4466881
11.9706 4469761
11.9774 4472641
11.983 4475521
11.9882 4478401
11.9921 4481281
11.9969 4484161
12.0017 4487041
12.0069 4489921
12.0136 4492801
12.0216 4495681
12.0292 4498561
12.0324 4501441
12.0356 4504321
12.0411 4507201
12.0455 4510081
12.0511 4512961
12.0583 4515841
12.065 4518721
12.071 4521601
12.0786 4524481
12.083 4527361
12.0886 4530241
12.0933 4533121
12.0985 4536001
12.1045 4538881
12.1117 4541761
12.1192 4544641
12.1248 4547521
12.1296 4550401
12.1344 4553281
12.1403 4556161
12.1443 4559041
12.1515 4561921
12.1571 4564801
12.163 4567681
12.1702 4570561
12.175 4573441
12.1806 4576321
12.1858 4579201
12.1893 4582081
12.1945 4584961
12.2009 4587841
12.2085 4590721
12.2152 4593601
12.2208 4596481
12.2268 4599361
12.2304 4602241
12.2356 4605121
12.2403 4608001
12.2455 4610881
12.2519 4613761
12.2603 4616641
12.2674 4619521
12.271 4622401
12.2746 4625281
12.2802 4628161
12.285 4631041
12.2905 4633921
12.2969 4636801
12.3037 4639681
12.3101 4642561
12.3172 4645441
12.322 4648321
12.3284 4651201
12.3328 4654081
12.3379 4656961
12.3439 4659841
12.3503 4662721
12.3579 4665601
12.3638 4668481
12.3686 4671361
12.3734 4674241
12.3798 4677121
12.3834 4680001
12.3901 4682881
12.3957 4685761
12.4021 4688641
12.4093 4691521
12.414 4694401
12.42 4697281
12.4252 4700161
12.4296 4703041
12.4344 4705921
12.4407 4708801
12.4483 4711681
12.4547 4714561
12.4603 4717441
12.4662 4720321
12.4702 4723201
12.4754 4726081
12.4806 4728961
12.4858 4731841
12.4921 4734721
12.4997 4737601
12.5069 4740481
12.5109 4743361
12.5148 4746241
12.5204 4749121
12.5244 4752001
12.53 4754881
12.5363 4757761
12.5431 4760641
12.5495 4763521
12.5567 4766401
12.5614 4769281
12.5678 4772161
12.5726 4775041
12.5774 4777921
12.583 4780801
12.5897 4783681
12.5969 4786561
12.6033 4789441
12.6081 4792321
12.6132 4795201
12.6192 4798081
12.6228 4800961
12.6296 4803841
12.6359 4806721
12.6419 4809601
12.6491 4812481
12.6543 4815361
12.6599 4818241
12.665 4821121
12.6702 4824001
12.675 4826881
12.681 4829761
12.6881 4832641
12.6941 4835521
12.7005 4838401
12.7069 4841281
12.7104 4844161
12.7156 4847041
12.7204 4849921
12.7256 4852801
12.7316 4855681
12.7395 4858561
12.7467 4861441
12.7507 4864321
12.7551 4867201
12.761 4870081
12.765 4872961
12.7706 4875841
12.777 4878721
12.7834 4881601
12.7893 4884481
12.7965 4887361
12.8017 4890241
12.8085 4893121
12.8132 4896001
12.8184 4898881
12.8232 4901761
12.8304 4904641
12.8371 4907521
12.8435 4910401
12.8487 4913281
12.8547 4916161
12.8602 4919041
12.8638 4921921
12.8706 4924801
12.8774 4927681
12.883 4930561
12.8901 4933441
12.8953 4936321
12.9009 4939201
12.9061 4942081
12.9112 4944961
12.916 4947841
12.9216 4950721
12.9288 4953601
12.9343 4956481
12.9411 4959361
12.9475 4962241
12.9515 4965121
12.9567 4968001
12.9618 4970881
12.9666 4973761
12.9726 4976641
12.9806 4979521
12.9873 4982401
12.9917 4985281
12.9965 4988161
13.0021 4991041
13.0061 4993921
13.012 4996801
13.0184 4999681
13.0244 5002561
13.0304 5005441
13.0379 5008321
13.0403 5011201
13.0439 5014081
13.0507 5016961
13.0559 5019841
13.0606 5022721
13.0654 5025601
13.0726 5028481
13.0798 5031361
13.0861 5034241
13.0909 5037121
13.0969 5040001
13.1025 5042881
13.1061 5045761
13.1128 5048641
13.12 5051521
13.1252 5054401
13.1324 5057281
13.1379 5060161
13.1435 5063041
13.1487 5065921
13.1539 5068801
13.1582 5071681
13.1642 5074561
13.171 5077441
13.177 5080321
13.1833 5083201
13.1897 5086081
13.1937 5088961
13.1989 5091841
13.2041 5094721
13.2092 5097601
13.2148 5100481
13.2232 5103361
13.2296 5106241
13.2339 5109121
13.2387 5112001
13.2443 5114881
13.2487 5117761
13.2543 5120641
13.261 5123521
13.2666 5126401
13.2726 5129281
13.2802 5132161
13.2833 5135041
13.2861 5137921
13.2929 5140801
13.2981 5143681
13.3033 5146561
13.3076 5149441
13.3148 5152321
13.322 5155201
13.3284 5158081
13.3331 5160961
13.3391 5163841
13.3451 5166721
13.3487 5169601
13.3551 5172481
13.3626 5175361
13.3678 5178241
13.3754 5181121
13.381 5184001
13.3857 5186881
13.3897 5189761
13.3937 5192641
13.3973 5195521
13.4013 5198401
13.4057 5201281
13.4108 5204161
13.4168 5207041
13.4232 5209921
13.4268 5212801
13.4323 5215681
13.4375 5218561
13.4427 5221441
13.4487 5224321
13.4559 5227201
13.4602 5230081
13.463 5232961
13.4662 5235841
13.471 5238721
13.4754 5241601
13.4818 5244481
13.4889 5247361
13.4949 5250241
13.5017 5253121
13.5089 5256001
13.5125 5258881
13.516 5261761
13.5204 5264641
13.5242 5267521
13.5296 5270401
13.5328 5273281
13.5399 5276161
13.5474 5279041
13.5546 5281921
13.5594 5284801
13.5654 5287681
13.5713 5290561
13.5757 5293441
13.5809 5296321
13.5877 5299201
13.5937 5302081
13.6008 5304961
13.6064 5307841
13.612 5310721
13.6156 5313601
13.6196 5316481
13.6235 5319361
13.6279 5322241
13.6323 5325121
13.6383 5328001
13.6431 5330881
13.6483 5333761
13.6521 5336641
13.658 5339521
13.6636 5342401
13.6692 5345281
13.6756 5348161
13.6831 5351041
13.6875 5353921
13.6907 5356801
13.6943 5359681
13.6991 5362561
13.7035 5365441
13.7082 5368321
13.7146 5371201
13.7206 5374081
13.7278 5376961
13.7353 5379841
13.7393 5382721
13.7429 5385601
13.7469 5388481
13.7513 5391361
13.7568 5394241
13.7604 5397121
13.7668 5400001
13.7744 5402881
13.7815 5405761
13.7863 5408641
13.7923 5411521
13.7983 5414401
13.8027 5417281
13.8074 5420161
13.8142 5423041
13.8202 5425921
13.827 5428801
13.8317 5431681
13.8373 5434561
13.8417 5437441
13.8457 5440321
13.8505 5443201
13.8548 5446081
13.86 5448961
13.8664 5451841
13.8712 5454721
13.8764 5457601
13.8799 5460481
13.8855 5463361
13.8907 5466241
13.8963 5469121
13.903 5472001
13.9102 5474881
13.915 5477761
13.919 5480641
13.9226 5483521
13.9274 5486401
13.9317 5489281
13.9361 5492161
13.9425 5495041
13.9485 5497921
13.9556 5500801
13.9632 5503681
13.9672 5506561
13.9712 5509441
13.976 5512321
13.9803 5515201
13.9855 5518081
13.9899 5520961
13.9959 5523841
14.0034 5526721
14.0102 5529601
14.013 5532481
14.0166 5535361
14.0226 5538241
14.0281 5541121
14.0325 5544001
14.0373 5546881
14.0449 5549761
14.0505 5552641
14.0572 5555521
14.0624 5558401
14.0676 5561281
14.072 5564161
14.076 5567041
14.0807 5569921
14.0855 5572801
14.0907 5575681
14.0975 5578561
14.1022 5581441
14.107 5584321
14.111 5587201
14.117 5590081
14.1218 5592961
14.1273 5595841
14.1341 5598721
14.1409 5601601
14.1461 5604481
14.1505 5607361
14.1548 5610241
14.1592 5613121
14.164 5616001
14.1684 5618881
14.1744 5621761
14.1803 5624641
14.1871 5627521
14.1951 5630401
14.1995 5633281
14.203 5636161
14.2074 5639041
14.2122 5641921
14.217 5644801
14.2218 5647681
14.2281 5650561
14.2349 5653441
14.2417 5656321
14.2453 5659201
14.2489 5662081
14.2552 5664961
14.2612 5667841
14.266 5670721
14.2708 5673601
14.2771 5676481
14.2831 5679361
14.2895 5682241
14.2951 5685121
14.3003 5688001
14.3042 5690881
14.3082 5693761
14.3134 5696641
14.3182 5699521
14.3238 5702401
14.3309 5705281
14.3357 5708161
14.3405 5711041
14.3445 5713921
14.3497 5716801
14.3548 5719681
14.3608 5722561
14.3676 5725441
14.3736 5728321
14.3795 5731201
14.3835 5734081
14.3887 5736961
14.3935 5739841
14.3987 5742721
14.4026 5745601
14.4082 5748481
14.4142 5751361
14.421 5754241
14.4289 5757121
14.4333 5760001
14.4369 5762881
14.4413 5765761
14.4461 5768641
14.4508 5771521
14.456 5774401
14.4628 5777281
14.4696 5780161
14.4759 5783041
14.4799 5785921
14.4839 5788801
14.4899 5791681
14.4947 5794561
14.4991 5797441
14.5042 5800321
14.5102 5803201
14.5158 5806081
14.523 5808961
14.5285 5811841
14.5341 5814721
14.5381 5817601
14.5421 5820481
14.5477 5823361
14.5528 5826241
14.5584 5829121
14.5652 5832001
14.57 5834881
14.5751 5837761
14.5791 5840641
14.5847 5843521
14.5891 5846401
14.5947 5849281
14.6022 5852161
14.6082 5855041
14.6138 5857921
14.6182 5860801
14.6234 5863681
14.6285 5866561
14.6329 5869441
14.6373 5872321
14.6425 5875201
14.6489 5878081
14.6556 5880961
14.6628 5883841
14.668 5886721
14.672 5889601
14.6767 5892481
14.6815 5895361
14.6863 5898241
14.6911 5901121
14.6979 5904001
14.7042 5906881
14.7106 5909761
14.715 5912641
14.719 5915521
14.7249 5918401
14.7293 5921281
14.7341 5924161
14.7393 5927041
14.7453 5929921
14.752 5932801
14.7592 5935681
14.764 5938561
14.7696 5941441
14.7743 5944321
14.7779 5947201
14.7835 5950081
14.7887 5952961
14.7943 5955841
14.8006 5958721
14.8058 5961601
14.8114 5964481
14.8154 5967361
14.8214 5970241
14.8257 5973121
14.8313 5976001
14.8381 5978881
14.8437 5981761
14.85 5984641
14.8548 5987521
14.86 5990401
14.8656 5993281
14.87 5996161
14.8743 5999041
14.8791 6001921
14.8851 6004801
14.8927 6007681
14.8994 6010561
14.9042 6013441
14.909 6016321
14.9138 6019201
14.9186 6022081
14.9237 6024961
14.9281 6027841
14.9341 6030721
14.9405 6033601
14.9465 6036481
14.9516 6039361
14.956 6042241
14.962 6045121
14.9672 6048001
14.972 6050881
14.9747 6053761
14.9791 6056641
14.9851 6059521
14.9919 6062401
14.9986 6065281
15.0034 6068161
15.009 6071041
15.0138 6073921
15.0174 6076801
15.0233 6079681
15.0281 6082561
15.0337 6085441
15.0401 6088321
15.0449 6091201
15.0508 6094081
15.0552 6096961
15.0612 6099841
15.066 6102721
15.072 6105601
15.0775 6108481
15.0831 6111361
15.0891 6114241
15.0943 6117121
15.0998 6120001
15.105 6122881
15.1102 6125761
15.1146 6128641
15.119 6131521
15.1249 6134401
15.1325 6137281
15.1393 6140161
15.1445 6143041
15.1492 6145921
15.1544 6148801
15.1592 6151681
15.1636 6154561
15.1688 6157441
15.1743 6160321
15.1807 6163201
15.1867 6166081
15.1919 6168961
15.1963 6171841
15.2026 6174721
15.2078 6177601
15.2126 6180481
15.2158 6183361
15.2202 6186241
15.2261 6189121
15.2325 6192001
15.2393 6194881
15.2441 6197761
15.2496 6200641
15.2548 6203521
15.2584 6206401
15.2644 6209281
15.2692 6212161
15.2751 6215041
15.2815 6217921
15.2867 6220801
15.2927 6223681
15.2974 6226561
15.3034 6229441
15.3082 6232321
15.3142 6235201
15.3194 6238081
15.3245 6240961
15.3305 6243841
15.3357 6246721
15.3417 6249601
15.3468 6252481
15.352 6255361
15.3564 6258241
15.3612 6261121
15.3672 6264001
15.3743 6266881
15.3807 6269761
15.3863 6272641
15.3907 6275521
15.3966 6278401
15.4014 6281281
15.4058 6284161
15.4106 6287041
15.4162 6289921
15.4225 6292801
15.4281 6295681
15.4333 6298561
15.4381 6301441
15.4449 6304321
15.4504 6307201
15.4552 6310081
15.4584 6312961
15.4624 6315841
15.4696 6318721
15.4755 6321601
15.4823 6324481
15.4863 6327361
15.4919 6330241
15.4958 6333121
15.4994 6336001
15.5058 6338881
15.5106 6341761
15.5166 6344641
15.5225 6347521
15.5277 6350401
15.5337 6353281
15.5385 6356161
15.5449 6359041
15.5492 6361921
15.5552 6364801
15.5608 6367681
15.566 6370561
15.5715 6373441
15.5767 6376321
15.5827 6379201
15.5883 6382081
15.5931 6384961
15.5974 6387841
15.6026 6390721
15.6086 6393601
15.6154 6396481
15.6217 6399361
15.6273 6402241
15.6321 6405121
15.6377 6408001
15.6425 6410881
15.6468 6413761
15.652 6416641
15.6576 6419521
15.664 6422401
15.6692 6425281
15.6743 6428161
15.6795 6431041
15.6859 6433921
15.6915 6436801
15.6966 6439681
15.6994 6442561
15.7034 6445441
15.7106 6448321
15.717 6451201
15.7233 6454081
15.7273 6456961
15.7329 6459841
15.7369 6462721
15.7409 6465601
15.7472 6468481
15.752 6471361
15.7576 6474241
15.764 6477121
15.7688 6480001
15.7747 6482881
15.7799 6485761
15.7859 6488641
15.7903 6491521
15.7962 6494401
15.8018 6497281
15.8074 6500161
15.8126 6503041
15.8178 6505921
15.8237 6508801
15.8293 6511681
15.8341 6514561
15.8385 6517441
15.8437 6520321
15.85 6523201
15.8564 6526081
15.8632 6528961
15.8684 6531841
15.8731 6534721
15.8787 6537601
15.8835 6540481
15.8879 6543361
15.8931 6546241
15.899 6549121
15.905 6552001
15.9106 6554881
15.9154 6557761
15.9205 6560641
15.9269 6563521
15.9325 6566401
15.9377 6569281
15.9405 6572161
15.9444 6575041
15.9516 6577921
15.958 6580801
15.9644 6583681
15.9683 6586561
15.9739 6589441
15.9779 6592321
15.9819 6595201
15.9883 6598081
15.9927 6600961
15.9966 6603841
16.001 6606721
16.0034 6609601
16.0062 6612481
16.0102 6615361
16.0138 6618241
16.0181 6621121
16.0213 6624001
16.0253 6626881
16.0293 6629761
16.0336 6632641
16.0389 6635521
16.044 6638401
16.0498 6641281
16.0555 6644161
16.0602 6647041
16.0651 6649921
16.07 6652801
16.0768 6655681
16.0839 6658561
16.0911 6661441
16.0975 6664321
16.1026 6667201
16.1082 6670081
16.1138 6672961
16.1186 6675841
16.125 6678721
16.1313 6681601
16.1377 6684481
16.1437 6687361
16.1493 6690241
16.1556 6693121
16.1624 6696001
16.1684 6698881
16.1736 6701761
16.1768 6704641
16.1815 6707521
16.1891 6710401
16.1943 6713281
16.1987 6716161
16.2019 6719041
16.2062 6721921
16.2094 6724801
16.2126 6727681
16.2174 6730561
16.221 6733441
16.2238 6736321
16.2273 6739201
16.2297 6742081
16.2323 6744961
16.2369 6747841
16.2399 6750721
16.2442 6753601
16.2476 6756481
16.2517 6759361
16.2561 6762241
16.2609 6765121
16.266 6768001
16.2716 6770881
16.2776 6773761
16.2832 6776641
16.2883 6779521
16.2935 6782401
16.2991 6785281
16.3063 6788161
16.3142 6791041
16.3218 6793921
16.3282 6796801
16.3346 6799681
16.3401 6802561
16.3465 6805441
16.3517 6808321
16.3585 6811201
16.3652 6814081
16.3716 6816961
16.3776 6819841
16.382 6822721
16.3867 6825601
16.3919 6828481
16.3967 6831361
16.4007 6834241
16.4035 6837121
16.4079 6840001
16.4152 6842881
16.4204 6845761
16.425 6848641
16.4281 6851521
16.4323 6854401
16.4362 6857281
16.4394 6860161
16.445 6863041
16.4489 6865921
16.4525 6868801
16.4561 6871681
16.4593 6874561
16.4625 6877441
16.4669 6880321
16.4704 6883201
16.4752 6886081
16.478 6888961
16.482 6891841
16.4872 6894721
16.4924 6897601
16.4971 6900481
16.5039 6903361
16.5103 6906241
16.5159 6909121
16.5218 6912001
16.527 6914881
16.533 6917761
16.5406 6920641
16.5485 6923521
16.5561 6926401
16.5621 6929281
16.5689 6932161
16.5728 6935041
16.578 6937921
16.582 6940801
16.5872 6943681
16.592 6946561
16.5967 6949441
16.6025 6952321
16.6069 6955201
16.6119 6958081
16.6168 6960961
16.6216 6963841
16.626 6966721
16.6296 6969601
16.6347 6972481
16.6415 6975361
16.6471 6978241
16.6519 6981121
16.6551 6984001
16.6594 6986881
16.6634 6989761
16.667 6992641
16.6726 6995521
16.677 6998401
16.681 7001281
16.6849 7004161
16.6885 7007041
16.6921 7009921
16.6973 7012801
16.7017 7015681
16.7065 7018561
16.7096 7021441
16.714 7024321
16.7196 7027201
16.7248 7030081
16.7304 7032961
16.7375 7035841
16.7439 7038721
16.7503 7041601
16.7567 7044481
16.7618 7047361
16.7666 7050241
16.7722 7053121
16.7782 7056001
16.7837 7058881
16.7881 7061761
16.7941 7064641
16.7977 7067521
16.8033 7070401
16.8073 7073281
16.8129 7076161
16.8185 7079041
16.8228 7081921
16.8292 7084801
16.8344 7087681
16.8392 7090561
16.844 7093441
16.8491 7096321
16.8531 7099201
16.8567 7102081
16.8627 7104961
16.8691 7107841
16.8746 7110721
16.8794 7113601
16.8834 7116481
16.8882 7119361
16.8926 7122241
16.8961 7125121
16.9021 7128001
16.9065 7130881
16.9109 7133761
16.9153 7136641
16.9197 7139521
16.9236 7142401
16.9288 7145281
16.934 7148161
16.9392 7151041
16.9428 7153921
16.9475 7156801
16.9535 7159681
16.9583 7162561
16.9607 7165441
16.9643 7168321
16.9698 7171201
16.975 7174081
16.9798 7176961
16.9846 7179841
16.9894 7182721
16.9942 7185601
17.0001 7188481
17.0057 7191361
17.0121 7194241
17.0165 7197121
17.0224 7200001
17.0264 7202881
17.0316 7205761
17.036 7208641
17.0408 7211521
17.0467 7214401
17.0515 7217281
17.0575 7220161
17.0627 7223041
17.0679 7225921
17.0726 7228801
17.0782 7231681
17.0822 7234561
17.0866 7237441
17.0926 7240321
17.0985 7243201
17.1045 7246081
17.1093 7248961
17.1137 7251841
17.1189 7254721
17.1236 7257601
17.1276 7260481
17.1336 7263361
17.1384 7266241
17.1428 7269121
17.1475 7272001
17.1511 7274881
17.1547 7277761
17.1587 7280641
17.1631 7283521
17.1675 7286401
17.1706 7289281
17.1754 7292161
17.1814 7295041
17.1866 7297921
17.1898 7300801
17.1937 7303681
17.1993 7306561
17.2049 7309441
17.2101 7312321
17.2149 7315201
17.2196 7318081
17.2244 7320961
17.2304 7323841
17.236 7326721
17.2424 7329601
17.2467 7332481
17.2527 7335361
17.2571 7338241
17.2623 7341121
17.2671 7344001
17.2718 7346881
17.2778 7349761
17.2826 7352641
17.2886 7355521
17.2937 7358401
17.2993 7361281
17.3041 7364161
17.3097 7367041
17.3141 7369921
17.3188 7372801
17.3248 7375681
17.3308 7378561
17.3364 7381441
17.3404 7384321
17.3443 7387201
17.3483 7390081
17.3523 7392961
17.3559 7395841
17.3619 7398721
17.3671 7401601
17.3714 7404481
17.3766 7407361
17.3806 7410241
17.3846 7413121
17.389 7416001
17.3933 7418881
17.3981 7421761
17.4017 7424641
17.4069 7427521
17.4125 7430401
17.4173 7433281
17.4212 7436161
17.4252 7439041
17.4316 7441921
17.4356 7444801
17.4412 7447681
17.4459 7450561
17.4507 7453441
17.4559 7456321
17.4619 7459201
17.4671 7462081
17.4738 7464961
17.4782 7467841
17.4842 7470721
17.4886 7473601
17.4941 7476481
17.4989 7479361
17.5037 7482241
17.5101 7485121
17.5149 7488001
17.5208 7490881
17.5264 7493761
17.5308 7496641
17.5348 7499521
17.5392 7502401
17.5431 7505281
17.5479 7508161
17.5539 7511041
17.5599 7513921
17.5651 7516801
17.5698 7519681
17.5742 7522561
17.5782 7525441
17.583 7528321
17.5866 7531201
17.5925 7534081
17.5977 7536961
17.6021 7539841
17.6073 7542721
17.6113 7545601
17.6157 7548481
17.6204 7551361
17.6248 7554241
17.63 7557121
17.6336 7560001
17.6388 7562881
17.6447 7565761
17.6495 7568641
17.6535 7571521
17.6579 7574401
17.6643 7577281
17.6682 7580161
17.6742 7583041
17.679 7585921
17.6838 7588801
17.689 7591681
17.6949 7594561
17.7001 7597441
17.7069 7600321
17.7117 7603201
17.718 7606081
17.7216 7608961
17.726 7611841
17.73 7614721
17.734 7617601
17.7408 7620481
17.7455 7623361
17.7515 7626241
17.7571 7629121
17.7615 7632001
17.7655 7634881
17.7702 7637761
17.7742 7640641
17.779 7643521
17.7854 7646401
17.7909 7649281
17.7961 7652161
17.8013 7655041
17.8057 7657921
17.8101 7660801
17.8145 7663681
17.8184 7666561
17.8244 7669441
17.8296 7672321
17.8344 7675201
17.8392 7678081
17.8435 7680961
17.8479 7683841
17.8527 7686721
17.8575 7689601
17.8627 7692481
17.8662 7695361
17.8718 7698241
17.8778 7701121
17.8826 7704001
17.887 7706881
17.8913 7709761
17.8981 7712641
17.9021 7715521
17.9081 7718401
17.9109 7721281
17.9141 7724161
17.918 7727041
17.9224 7729921
17.928 7732801
17.9336 7735681
17.94 7738561
17.9451 7741441
17.9515 7744321
17.9555 7747201
17.9599 7750081
17.9643 7752961
17.9682 7755841
17.975 7758721
17.9802 7761601
17.9862 7764481
17.9909 7767361
17.9957 7770241
17.9997 7773121
18.0045 7776001
18.0093 7778881
18.0141 7781761
18.02 7784641
18.026 7787521
18.0308 7790401
18.0356 7793281
18.0403 7796161
18.0451 7799041
18.0491 7801921
18.0539 7804801
18.0599 7807681
18.065 7810561
18.0698 7813441
18.0746 7816321
18.0794 7819201
18.0834 7822081
18.0886 7824961
18.0933 7827841
18.0989 7830721
18.1033 7833601
18.1073 7836481
18.1121 7839361
18.1168 7842241
18.1216 7845121
18.1264 7848001
18.1324 7850881
18.1372 7853761
18.1431 7856641
18.1463 7859521
18.1499 7862401
18.1539 7865281
18.1583 7868161
18.1635 7871041
18.1694 7873921
18.1758 7876801
18.1814 7879681
18.1878 7882561
18.1917 7885441
18.1961 7888321
18.2005 7891201
18.2045 7894081
18.2113 7896961
18.2164 7899841
18.2224 7902721
18.2272 7905601
18.232 7908481
18.236 7911361
18.2407 7914241
18.2459 7917121
18.2507 7920001
18.2563 7922881
18.2623 7925761
18.2674 7928641
18.2722 7931521
18.277 7934401
18.2818 7937281
18.2862 7940161
18.2909 7943041
18.2969 7945921
18.3017 7948801
18.3057 7951681
18.3105 7954561
18.3152 7957441
18.3192 7960321
18.3244 7963201
18.3292 7966081
18.3352 7968961
18.3399 7971841
18.3435 7974721
18.3483 7977601
18.3531 7980481
18.3579 7983361
18.3631 7986241
18.3694 7989121
18.3742 7992001
18.3798 7994881
18.3842 7997761
18.3881 8000641
18.3917 8003521
18.3961 8006401
18.4013 8009281
18.4073 8012161
18.4136 8015041
18.4192 8017921
18.4244 8020801
18.4284 8023681
18.4328 8026561
18.4376 8029441
18.4419 8032321
18.4479 8035201
18.4535 8038081
18.4595 8040961
18.4642 8043841
18.469 8046721
18.473 8049601
18.4778 8052481
18.483 8055361
18.4877 8058241
18.4933 8061121
18.4985 8064001
18.5029 8066881
18.5077 8069761
18.5128 8072641
18.518 8075521
18.5224 8078401
18.5272 8081281
18.5328 8084161
18.5375 8087041
18.5419 8089921
18.5467 8092801
18.5515 8095681
18.5559 8098561
18.5611 8101441
18.5662 8104321
18.5718 8107201
18.577 8110081
18.581 8112961
18.5854 8115841
18.5901 8118721
18.5949 8121601
18.6005 8124481
18.6069 8127361
18.6117 8130241
18.6164 8133121
18.6212 8136001
18.6252 8138881
18.6292 8141761
18.634 8144641
18.6387 8147521
18.6447 8150401
18.6515 8153281
18.6563 8156161
18.6622 8159041
18.6658 8161921
18.6706 8164801
18.6758 8167681
18.6798 8170561
18.6858 8173441
18.6913 8176321
18.6961 8179201
18.7009 8182081
18.7057 8184961
18.7097 8187841
18.7144 8190721
18.72 8193601
18.7252 8196481
18.7304 8199361
18.736 8202241
18.7395 8205121
18.7443 8208001
18.7503 8210881
18.7555 8213761
18.7603 8216641
18.765 8219521
18.7702 8222401
18.775 8225281
18.7798 8228161
18.7846 8231041
18.7893 8233921
18.7945 8236801
18.7993 8239681
18.8041 8242561
18.8105 8245441
18.8152 8248321
18.82 8251201
18.8236 8254081
18.8284 8256961
18.8336 8259841
18.8391 8262721
18.8451 8265601
18.8499 8268481
18.8551 8271361
18.8599 8274241
18.8642 8277121
18.8682 8280001
18.8734 8282881
18.8782 8285761
18.8838 8288641
18.8901 8291521
18.8945 8294401
18.9005 8297281
18.9041 8300161
18.9093 8303041
18.914 8305921
18.918 8308801
18.9236 8311681
18.9292 8314561
18.9324 8317441
18.9359 8320321
18.9407 8323201
18.9455 8326081
18.9495 8328961
18.9547 8331841
18.9603 8334721
18.9654 8337601
18.9714 8340481
18.9762 8343361
18.9802 8346241
18.985 8349121
18.9909 8352001
18.9969 8354881
19.0017 8357761
19.0065 8360641
19.0112 8363521
19.016 8366401
19.0208 8369281
19.0256 8372161
19.0304 8375041
19.0351 8377921
19.0403 8380801
19.0451 8383681
19.0519 8386561
19.0567 8389441
19.0614 8392321
19.0654 8395201
19.0702 8398081
19.075 8400961
19.0806 8403841
19.0869 8406721
19.0909 8409601
19.0957 8412481
19.1005 8415361
19.1053 8418241
19.1093 8421121
19.114 8424001
19.1188 8426881
19.1252 8429761
19.1308 8432641
19.1355 8435521
19.1411 8438401
19.1451 8441281
19.1499 8444161
19.1551 8447041
19.1595 8449921
19.1646 8452801
19.1706 8455681
19.1742 8458561
19.1778 8461441
19.1826 8464321
19.1873 8467201
19.1917 8470081
19.1969 8472961
19.2029 8475841
19.2081 8478721
19.214 8481601
19.2188 8484481
19.2232 8487361
19.228 8490241
19.234 8493121
19.2395 8496001
19.2443 8498881
19.2495 8501761
19.2543 8504641
19.2591 8507521
19.2634 8510401
19.2682 8513281
19.2734 8516161
19.2782 8519041
19.2834 8521921
19.2877 8524801
19.2945 8527681
19.2993 8530561
19.3041 8533441
19.3081 8536321
19.3128 8539201
19.3176 8542081
19.3232 8544961
19.3292 8547841
19.3328 8550721
19.3375 8553601
19.3423 8556481
19.3475 8559361
19.3523 8562241
19.3571 8565121
19.3618 8568001
19.3678 8570881
19.3734 8573761
19.3782 8576641
19.3834 8579521
19.3877 8582401
19.3929 8585281
19.3977 8588161
19.4021 8591041
19.4069 8593921
19.4128 8596801
19.4164 8599681
19.42 8602561
19.4248 8605441
19.4296 8608321
19.4339 8611201
19.4391 8614081
19.4443 8616961
19.4491 8619841
19.4551 8622721
19.4598 8625601
19.4646 8628481
19.4694 8631361
19.475 8634241
19.481 8637121
19.4857 8640001
19.4905 8642881
19.4953 8645761
19.5001 8648641
19.5049 8651521
19.5096 8654401
19.5144 8657281
19.5192 8660161
19.5244 8663041
19.5288 8665921
19.5355 8668801
19.5403 8671681
19.5451 8674561
19.5491 8677441
19.5539 8680321
19.5586 8683201
19.5646 8686081
19.5702 8688961
19.5738 8691841
19.5786 8694721
19.5837 8697601
19.5889 8700481
19.5933 8703361
19.5981 8706241
19.6029 8709121
19.6088 8712001
19.6144 8714881
19.6192 8717761
19.6244 8720641
19.6288 8723521
19.6339 8726401
19.6387 8729281
19.6435 8732161
19.6483 8735041
19.6539 8737921
19.6578 8740801
19.661 8743681
19.6658 8746561
19.671 8749441
19.675 8752321
19.6802 8755201
19.6853 8758081
19.6905 8760961
19.6965 8763841
19.7013 8766721
19.7057 8769601
19.7104 8772481
19.716 8775361
19.7224 8778241
19.7268 8781121
19.7316 8784001
19.7363 8786881
19.7411 8789761
19.7459 8792641
19.7511 8795521
19.7559 8798401
19.7606 8801281
19.7654 8804161
19.7698 8807041
19.7766 8809921
19.7817 8812801
19.7861 8815681
19.7905 8818561
19.7949 8821441
19.7997 8824321
19.8057 8827201
19.8112 8830081
19.8148 8832961
19.8196 8835841
19.8248 8838721
19.8304 8841601
19.8343 8844481
19.8391 8847361
19.8439 8850241
19.8499 8853121
19.8555 8856001
19.8602 8858881
19.8654 8861761
19.8698 8864641
19.875 8867521
19.8798 8870401
19.8845 8873281
19.8893 8876161
19.8949 8879041
19.8989 8881921
19.9021 8884801
19.9068 8887681
19.912 8890561
19.916 8893441
19.9212 8896321
19.9264 8899201
19.9315 8902081
19.9379 8904961
19.9427 8907841
19.9451 8910721
19.9483 8913601
19.9527 8916481
19.9582 8919361
19.9646 8922241
19.969 8925121
19.9742 8928001
19.979 8930881
19.9833 8933761
19.9885 8936641
19.9933 8939521
19.9969 8942401
20.0001 8945281
20.0041 8948161
20.0072 8951041
20.012 8953921
20.0164 8956801
20.0212 8959681
20.0252 8962561
20.03 8965441
20.0351 8968321
20.0411 8971201
20.0471 8974081
20.0507 8976961
20.0551 8979841
20.0594 8982721
20.0634 8985601
20.0658 8988481
20.069 8991361
20.0726 8994241
20.0778 8997121
20.0829 9000001
20.0877 9002881
20.0925 9005761
20.0973 9008641
20.1021 9011521
20.1068 9014401
20.1116 9017281
20.1164 9020161
20.1212 9023041
20.125 9025921
20.1284 9028801
20.1332 9031681
20.1382 9034561
20.1422 9037441
20.1478 9040321
20.153 9043201
20.158 9046081
20.165 9048961
20.1697 9051841
20.1725 9054721
20.1753 9057601
20.1805 9060481
20.1849 9063361
20.191 9066241
20.1957 9069121
20.2009 9072001
20.2057 9074881
20.2101 9077761
20.2153 9080641
20.22 9083521
20.224 9086401
20.2276 9089281
20.232 9092161
20.2352 9095041
20.2396 9097921
20.2435 9100801
20.2475 9103681
20.2519 9106561
20.2567 9109441
20.2619 9112321
20.2675 9115201
20.2738 9118081
20.2778 9120961
20.2818 9123841
20.2862 9126721
20.2906 9129601
20.2937 9132481
20.2965 9135361
20.3001 9138241
20.3049 9141121
20.309 9144001
20.3138 9146881
20.3196 9149761
20.3244 9152641
20.3292 9155521
20.334 9158401
20.3388 9161281
20.3435 9164161
20.3483 9167041
20.3523 9169921
20.3555 9172801
20.3603 9175681
20.3647 9178561
20.3686 9181441
20.3743 9184321
20.3799 9187201
20.385 9190081
20.3922 9192961
20.3969 9195841
20.4001 9198721
20.4029 9201601
20.4081 9204481
20.4125 9207361
20.4169 9210241
20.4216 9213121
20.4264 9216001
20.4308 9218881
20.4352 9221761
20.4404 9224641
20.4451 9227521
20.4495 9230401
20.4535 9233281
20.4579 9236161
20.4607 9239041
20.4655 9241921
20.4694 9244801
20.4738 9247681
20.4782 9250561
20.483 9253441
20.4874 9256321
20.4927 9259201
20.4989 9262081
20.5029 9264961
20.5069 9267841
20.5117 9270721
20.5161 9273601
20.5192 9276481
20.5224 9279361
20.5264 9282241
20.5312 9285121
20.5352 9288001
20.5396 9290881
20.5455 9293761
20.5493 9296641
20.5541 9299521
20.5597 9302401
20.5648 9305281
20.5692 9308161
20.5744 9311041
20.578 9313921
20.582 9316801
20.5868 9319681
20.5915 9322561
20.5955 9325441
20.6007 9328321
20.6059 9331201
20.6101 9334081
20.6177 9336961
20.6229 9339841
20.626 9342721
20.6296 9345601
20.6344 9348481
20.6388 9351361
20.6432 9354241
20.6476 9357121
20.6523 9360001
20.6567 9362881
20.6615 9365761
20.6663 9368641
20.6703 9371521
20.6746 9374401
20.6786 9377281
20.683 9380161
20.6861 9383041
20.6905 9385921
20.6949 9388801
20.6993 9391681
20.7041 9394561
20.7084 9397441
20.7124 9400321
20.718 9403201
20.7244 9406081
20.7284 9408961
20.7324 9411841
20.7372 9414721
20.7411 9417601
20.7447 9420481
20.7491 9423361
20.7531 9426241
20.7575 9429121
20.7615 9432001
20.7658 9434881
20.7718 9437761
20.7754 9440641
20.7802 9443521
20.7862 9446401
20.7906 9449281
20.7949 9452161
20.7997 9455041
20.8037 9457921
20.8077 9460801
20.8125 9463681
20.8168 9466561
20.8212 9469441
20.8264 9472321
20.8312 9475201
20.8356 9478081
20.8431 9480961
20.8483 9483841
20.8511 9486721
20.8547 9489601
20.8593 9492481
20.8637 9495361
20.8682 9498241
20.8725 9501121
20.8773 9504001
20.88 9506881
20.8836 9509761
20.8884 9512641
20.8932 9515521
20.8972 9518401
20.9019 9521281
20.9059 9524161
20.9103 9527041
20.9139 9529921
20.9179 9532801
20.9227 9535681
20.9274 9538561
20.9322 9541441
20.9362 9544321
20.9406 9547201
20.9462 9550081
20.9525 9552961
20.9561 9555841
20.9601 9558721
20.9649 9561601
20.9693 9564481
20.9732 9567361
20.9772 9570241
20.9816 9573121
20.986 9576001
20.9904 9578881
20.9948 9581761
21.0003 9584641
21.0039 9587521
21.0091 9590401
21.0147 9593281
21.0191 9596161
21.0234 9599041
21.0286 9601921
21.0322 9604801
21.0366 9607681
21.041 9610561
21.0454 9613441
21.0494 9616321
21.0537 9619201
21.0581 9622081
21.0625 9624961
21.0701 9627841
21.0749 9630721
21.0781 9633601
21.082 9636481
21.0864 9639361
21.0908 9642241
21.0956 9645121
21.1 9648001
21.1051 9650881
21.1079 9653761
21.1115 9656641
21.1167 9659521
21.1215 9662401
21.1259 9665281
21.1302 9668161
21.1346 9671041
21.139 9673921
21.143 9676801
21.147 9679681
21.1518 9682561
21.1565 9685441
21.1613 9688321
21.1649 9691201
21.1697 9694081
21.1753 9696961
21.182 9699841
21.1856 9702721
21.1896 9705601
21.1944 9708481
21.1992 9711361
21.2028 9714241
21.2067 9717121
21.2115 9720001
21.2159 9722881
21.2203 9725761
21.2251 9728641
21.231 9731521
21.2342 9734401
21.239 9737281
21.2438 9740161
21.2482 9743041
21.2525 9745921
21.2573 9748801
21.2609 9751681
21.2657 9754561
21.2697 9757441
21.2741 9760321
21.278 9763201
21.282 9766081
21.2872 9768961
21.2924 9771841
21.2988 9774721
21.3039 9777601
21.3075 9780481
21.3115 9783361
21.3163 9786241
21.3203 9789121
21.3247 9792001
21.3294 9794881
21.3342 9797761
21.3374 9800641
21.341 9803521
21.3462 9806401
21.3502 9809281
21.3553 9812161
21.3593 9815041
21.3645 9817921
21.3689 9820801
21.3729 9823681
21.3765 9826561
21.3816 9829441
21.3868 9832321
21.3912 9835201
21.3952 9838081
21.4 9840961
21.4051 9843841
21.4119 9846721
21.4159 9849601
21.4203 9852481
21.4243 9855361
21.4286 9858241
21.4326 9861121
21.4362 9864001
21.441 9866881
21.4454 9869761
21.4498 9872641
21.4545 9875521
21.4601 9878401
21.4633 9881281
21.4681 9884161
21.4729 9887041
21.4776 9889921
21.4828 9892801
21.4876 9895681
21.4912 9898561
21.4964 9901441
21.5 9904321
21.5047 9907201
21.5087 9910081
21.5123 9912961
21.5179 9915841
21.5227 9918721
21.5282 9921601
21.5334 9924481
21.5374 9927361
21.5418 9930241
21.5466 9933121
21.551 9936001
21.5549 9938881
21.5601 9941761
21.5645 9944641
21.5681 9947521
21.5721 9950401
21.5772 9953281
21.5812 9956161
21.5868 9959041
21.5908 9961921
21.596 9964801
21.6004 9967681
21.6043 9970561
21.6083 9973441
21.6139 9976321
21.6187 9979201
21.6231 9982081
21.627 9984961
21.6314 9987841
21.6362 9990721
21.6426 9993601
21.6462 9996481
21.6509 9999361
21.6549 10002241
21.6593 10005121
21.6637 10008001
21.6677 10010881
21.6725 10013761
21.6772 10016641
21.6816 10019521
21.6868 10022401
21.692 10025281
21.6956 10028161
21.7 10031041
21.7047 10033921
21.7095 10036801
21.7143 10039681
21.7191 10042561
21.7227 10045441
21.7282 10048321
21.7318 10051201
21.7366 10054081
21.741 10056961
21.7446 10059841
21.7505 10062721
21.7549 10065601
21.7605 10068481
21.7657 10071361
21.7697 10074241
21.7745 10077121
21.7788 10080001
21.7832 10082881
21.7876 10085761
21.7924 10088641
21.7972 10091521
21.8011 10094401
21.8051 10097281
21.8099 10100161
21.8143 10103041
21.8187 10105921
21.8231 10108801
21.8286 10111681
21.833 10114561
21.8366 10117441
21.841 10120321
21.8462 10123201
21.8509 10126081
21.8537 10128961
21.8573 10131841
21.8613 10134721
21.8665 10137601
21.8709 10140481
21.8772 10143361
21.8808 10146241
21.8856 10149121
21.8892 10152001
21.8936 10154881
21.898 10157761
21.9023 10160641
21.9071 10163521
21.9119 10166401
21.9163 10169281
21.9215 10172161
21.927 10175041
21.9306 10177921
21.9354 10180801
21.9402 10183681
21.945 10186561
21.9493 10189441
21.9541 10192321
21.9577 10195201
21.9633 10198081
21.9669 10200961
21.9721 10203841
21.9764 10206721
21.9804 10209601
21.986 10212481
21.9908 10215361
21.9968 10218241
22.0015 10221121
22.0059 10224001
22.0103 10226881
22.0147 10229761
22.0191 10232641
22.0231 10235521
22.0274 10238401
22.0322 10241281
22.0366 10244161
22.0406 10247041
22.0454 10249921
22.0497 10252801
22.0545 10255681
22.0589 10258561
22.0649 10261441
22.0693 10264321
22.0729 10267201
22.0776 10270081
22.0824 10272961
22.0872 10275841
22.0904 10278721
22.094 10281601
22.0976 10284481
22.1027 10287361
22.1071 10290241
22.1127 10293121
22.1167 10296001
22.1215 10298881
22.1254 10301761
22.1306 10304641
22.1354 10307521
22.1394 10310401
22.1438 10313281
22.1489 10316161
22.1537 10319041
22.1585 10321921
22.1637 10324801
22.1673 10327681
22.1725 10330561
22.1768 10333441
22.182 10336321
22.1864 10339201
22.1916 10342081
22.1956 10344961
22.2011 10347841
22.2047 10350721
22.2103 10353601
22.2143 10356481
22.2187 10359361
22.2234 10362241
22.2278 10365121
22.2338 10368001
22.2382 10370881
22.2426 10373761
22.247 10376641
22.2513 10379521
22.2561 10382401
22.2601 10385281
22.2653 10388161
22.2697 10391041
22.2748 10393921
22.2784 10396801
22.2832 10399681
22.2872 10402561
22.292 10405441
22.296 10408321
22.3023 10411201
22.3067 10414081
22.3099 10416961
22.3151 10419841
22.3199 10422721
22.3242 10425601
22.3282 10428481
22.3322 10431361
22.3362 10434241
22.341 10437121
22.3458 10440001
22.3513 10442881
22.3557 10445761
22.3601 10448641
22.3633 10451521
22.3681 10454401
22.3728 10457281
22.3772 10460161
22.3816 10463041
22.3872 10465921
22.392 10468801
22.3964 10471681
22.4015 10474561
22.4059 10477441
22.4107 10480321
22.4155 10483201
22.4203 10486081
22.4246 10488961
22.4294 10491841
22.4338 10494721
22.4386 10497601
22.4426 10500481
22.4481 10503361
22.4517 10506241
22.4561 10509121
22.4617 10512001
22.4665 10514881
22.472 10517761
22.476 10520641
22.4804 10523521
22.4848 10526401
22.4884 10529281
22.4936 10532161
22.4983 10535041
22.5035 10537921
22.5079 10540801
22.5131 10543681
22.5167 10546561
22.5215 10549441
22.5254 10552321
22.5302 10555201
22.535 10558081
22.5406 10560961
22.5454 10563841
22.5485 10566721
22.5533 10569601
22.5581 10572481
22.5621 10575361
22.5669 10578241
22.5709 10581121
22.5748 10584001
22.5796 10586881
22.5848 10589761
22.5904 10592641
22.5948 10595521
22.5987 10598401
22.6031 10601281
22.6075 10604161
22.6123 10607041
22.6171 10609921
22.6207 10612801
22.6262 10615681
22.631 10618561
22.6354 10621441
22.6402 10624321
22.645 10627201
22.6497 10630081
22.6545 10632961
22.6597 10635841
22.6641 10638721
22.6693 10641601
22.6736 10644481
22.6784 10647361
22.682 10650241
22.6872 10653121
22.6912 10656001
22.6956 10658881
22.7007 10661761
22.7055 10664641
22.7107 10667521
22.7151 10670401
22.7191 10673281
22.7242 10676161
22.7282 10679041
22.7334 10681921
22.7382 10684801
22.743 10687681
22.7477 10690561
22.7525 10693441
22.7557 10696321
22.7609 10699201
22.7653 10702081
22.7697 10704961
22.7744 10707841
22.78 10710721
22.7848 10713601
22.7884 10716481
22.7928 10719361
22.7979 10722241
22.8023 10725121
22.8071 10728001
22.8115 10730881
22.8159 10733761
22.8202 10736641
22.8254 10739521
22.8306 10742401
22.835 10745281
22.8394 10748161
22.8442 10751041
22.8481 10753921
22.8529 10756801
22.8581 10759681
22.8617 10762561
22.8673 10765441
22.8704 10768321
22.8732 10771201
22.8776 10774081
22.8824 10776961
22.8872 10779841
22.8924 10782721
22.8971 10785601
22.9019 10788481
22.9063 10791361
22.9115 10794241
22.9163 10797121
22.921 10800001
22.9242 10802881
22.9294 10805761
22.9338 10808641
22.9382 10811521
22.943 10814401
22.9481 10817281
22.9533 10820161
22.9577 10823041
22.9613 10825921
22.9665 10828801
22.9708 10831681
22.9756 10834561
22.9808 10837441
22.9852 10840321
22.99 10843201
22.9952 10846081
22.9979 10848961
23.0031 10851841
23.0075 10854721
23.0119 10857601
23.0167 10860481
23.0222 10863361
23.027 10866241
23.0306 10869121
23.035 10872001
23.0402 10874881
23.0445 10877761
23.0493 10880641
23.0537 10883521
23.0581 10886401
23.0629 10889281
23.0681 10892161
23.0732 10895041
23.0772 10897921
23.0816 10900801
23.0864 10903681
23.0904 10906561
23.0951 10909441
23.1003 10912321
23.1039 10915201
23.1095 10918081
23.1131 10920961
23.1155 10923841
23.1198 10926721
23.1246 10929601
23.1294 10932481
23.1346 10935361
23.1394 10938241
23.1445 10941121
23.1485 10944001
23.1537 10946881
23.1585 10949761
23.1633 10952641
23.1669 10955521
23.1716 10958401
23.176 10961281
23.1804 10964161
23.1856 10967041
23.1904 10969921
23.1955 10972801
23.1999 10975681
23.2035 10978561
23.2087 10981441
23.2135 10984321
23.2183 10987201
23.223 10990081
23.2274 10992961
23.2326 10995841
23.2374 10998721
23.2402 11001601
23.2457 11004481
23.2497 11007361
23.2541 11010241
23.2593 11013121
23.2645 11016001
23.2692 11018881
23.2728 11021761
23.2772 11024641
23.2824 11027521
23.2868 11030401
23.292 11033281
23.2963 11036161
23.3007 11039041
23.3055 11041921
23.3107 11044801
23.3155 11047681
23.3194 11050561
23.3238 11053441
23.329 11056321
23.3326 11059201
23.3378 11062081
23.3426 11064961
23.3461 11067841
23.3513 11070721
23.3541 11073601
23.3565 11076481
23.3589 11079361
23.3625 11082241
23.3657 11085121
23.3688 11088001
23.3712 11090881
23.3744 11093761
23.3776 11096641
23.3832 11099521
23.3872 11102401
23.392 11105281
23.3959 11108161
23.4007 11111041
23.4051 11113921
23.4091 11116801
23.4151 11119681
23.4198 11122561
23.425 11125441
23.4294 11128321
23.4338 11131201
23.439 11134081
23.4437 11136961
23.4469 11139841
23.4501 11142721
23.4537 11145601
23.4577 11148481
23.4623 11151361
23.4651 11154241
23.4712 11157121
23.4752 11160001
23.4799 11162881
23.4847 11165761
23.4899 11168641
23.4947 11171521
23.4987 11174401
23.5023 11177281
23.5078 11180161
23.5126 11183041
23.5178 11185921
23.5222 11188801
23.5266 11191681
23.5313 11194561
23.5356 11197441
23.5406 11200321
23.5449 11203201
23.5487 11206081
23.5541 11208961
23.5581 11211841
23.5641 11214721
23.5685 11217601
23.5725 11220481
23.578 11223361
23.5812 11226241
23.5844 11229121
23.5868 11232001
23.5908 11234881
23.5936 11237761
23.5968 11240641
23.5999 11243521
23.6035 11246401
23.6067 11249281
23.6123 11252161
23.6163 11255041
23.6211 11257921
23.6246 11260801
23.6278 11263681
23.631 11266561
23.6346 11269441
23.6402 11272321
23.645 11275201
23.6501 11278081
23.6545 11280961
23.6589 11283841
23.6644 11286721
23.6688 11289601
23.6724 11292481
23.6756 11295361
23.6792 11298241
23.6828 11301121
23.6872 11304001
23.6912 11306881
23.6972 11309761
23.7012 11312641
23.706 11315521
23.7103 11318401
23.7148 11321281
23.7196 11324161
23.7239 11327041
23.7273 11329921
23.7331 11332801
23.7379 11335681
23.7434 11338561
23.7482 11341441
23.7526 11344321
23.7574 11347201
23.7618 11350081
23.7665 11352961
23.7701 11355841
23.7741 11358721
23.7793 11361601
23.7837 11364481
23.7897 11367361
23.794 11370241
23.7976 11373121
23.8029 11376001
23.8062 11378881
23.8093 11381761
23.8117 11384641
23.8158 11387521
23.8194 11390401
23.823 11393281
23.8265 11396161
23.8309 11399041
23.8337 11401921
23.8397 11404801
23.8433 11407681
23.8461 11410561
23.8501 11413441
23.8532 11416321
23.8564 11419201
23.8596 11422081
23.8636 11424961
23.8688 11427841
23.8736 11430721
23.8791 11433601
23.8839 11436481
23.8883 11439361
23.8927 11442241
23.8959 11445121
23.8989 11448001
23.9018 11450881
23.9054 11453761
23.9098 11456641
23.9134 11459521
23.9178 11462401
23.9238 11465281
23.9282 11468161
23.933 11471041
23.9377 11473921
23.9417 11476801
23.9465 11479681
23.9505 11482561
23.9541 11485441
23.9597 11488321
23.964 11491201
23.97 11494081
23.9748 11496961
23.9789 11499841
23.9835 11502721
23.9879 11505601
23.9928 11508481
23.9964 11511361
24.0008 11514241
24.006 11517121
24.0107 11520001
24.0175 11522881
24.0215 11525761
24.0251 11528641
24.0299 11531521
24.0334 11534401
24.0366 11537281
24.0394 11540161
24.0434 11543041
24.047 11545921
24.051 11548801
24.055 11551681
24.0593 11554561
24.0625 11557441
24.0681 11560321
24.0713 11563201
24.0737 11566081
24.0765 11568961
24.0793 11571841
24.0833 11574721
24.0869 11577601
24.0905 11580481
24.0953 11583361
24.1004 11586241
24.1064 11589121
24.1112 11592001
24.1156 11594881
24.1196 11597761
24.1235 11600641
24.1267 11603521
24.1295 11606401
24.1339 11609281
24.1379 11612161
24.1415 11615041
24.1455 11617921
24.1514 11620801
24.1562 11623681
24.1606 11626561
24.164 11629441
24.1678 11632321
24.1732 11635201
24.1776 11638081
24.1811 11640961
24.1863 11643841
24.1911 11646721
24.1975 11649601
24.2023 11652481
24.2062 11655361
24.2106 11658241
24.215 11661121
24.2194 11664001
24.2231 11666881
24.228 11669761
24.2329 11672641
24.2375 11675521
24.2443 11678401
24.2483 11681281
24.2512 11684161
24.2562 11687041
24.2599 11689921
24.2636 11692801
24.2664 11695681
24.2704 11698561
24.274 11701441
24.2787 11704321
24.2827 11707201
24.2875 11710081
24.2907 11712961
24.2963 11715841
24.2998 11718721
24.3026 11721601
24.305 11724481
24.3086 11727361
24.3126 11730241
24.3154 11733121
24.319 11736001
24.3238 11738881
24.3285 11741761
24.3345 11744641
24.3389 11747521
24.3421 11750401
24.3457 11753281
24.3485 11756161
24.3524 11759041
24.3552 11761921
24.3596 11764801
24.3632 11767681
24.3668 11770561
24.3716 11773441
24.3775 11776321
24.3823 11779201
24.3871 11782081
24.3907 11784961
24.3947 11787841
24.3998 11790721
24.4038 11793601
24.4074 11796481
24.4122 11799361
24.417 11802241
24.423 11805121
24.4277 11808001
24.4313 11810881
24.4355 11813761
24.4399 11816641
24.4449 11819521
24.4481 11822401
24.4536 11825281
24.4584 11828161
24.4628 11831041
24.4696 11833921
24.4739 11836801
24.4767 11839681
24.4815 11842561
24.4851 11845441
24.4887 11848321
24.4923 11851201
24.4959 11854081
24.4994 11856961
24.5046 11859841
24.509 11862721
24.5138 11865601
24.5166 11868481
24.5214 11871361
24.5247 11874241
24.528 11877121
24.5308 11880001
24.5344 11882881
24.5383 11885761
24.5415 11888641
24.5451 11891521
24.5495 11894401
24.5543 11897281
24.5603 11900161
24.565 11903041
24.5682 11905921
24.5718 11908801
24.5754 11911681
24.579 11914561
24.5826 11917441
24.5866 11920321
24.5905 11923201
24.5945 11926081
24.5989 11928961
24.6045 11931841
24.6093 11934721
24.6132 11937601
24.6168 11940481
24.6204 11943361
24.6256 11946241
24.6296 11949121
24.6332 11952001
24.6383 11954881
24.6427 11957761
24.6487 11960641
24.6539 11963521
24.6575 11966401
24.6614 11969281
24.6654 11972161
24.6698 11975041
24.6734 11977921
24.6791 11980801
24.6839 11983681
24.6887 11986561
24.6947 11989441
24.699 11992321
24.7018 11995201
24.7066 11998081
24.71 12000961
24.7144 12003841
24.718 12006721
24.7211 12009601
24.7251 12012481
24.7299 12015361
24.7343 12018241
24.7391 12021121
24.7423 12024001
24.747 12026881
24.7506 12029761
24.7542 12032641
24.7574 12035521
24.7614 12038401
24.7654 12041281
24.7686 12044161
24.7725 12047041
24.7769 12049921
24.7801 12052801
24.7837 12055681
24.7893 12058561
24.7937 12061441
24.7976 12064321
24.8004 12067201
24.8048 12070081
24.808 12072961
24.812 12075841
24.816 12078721
24.8199 12081601
24.8243 12084481
24.8283 12087361
24.8339 12090241
24.8387 12093121
24.8427 12096001
24.8462 12098881
24.8498 12101761
24.855 12104641
24.8586 12107521
24.8626 12110401
24.8674 12113281
24.8713 12116161
24.8773 12119041
24.8817 12121921
24.8853 12124801
24.8893 12127681
24.8937 12130561
24.898 12133441
24.902 12136321
24.9068 12139201
24.9112 12142081
24.9164 12144961
24.9215 12147841
24.9263 12150721
24.9291 12153601
24.9339 12156481
24.9375 12159361
24.9423 12162241
24.9458 12165121
24.949 12168001
24.953 12170881
24.9578 12173761
24.9622 12176641
24.967 12179521
24.9705 12182401
24.9749 12185281
24.9785 12188161
24.9821 12191041
24.9861 12193921
24.9897 12196801
24.9937 12199681
24.9972 12202561
25.0012 12205441
25.006 12208321
25.0096 12211201
25.0132 12214081
25.018 12216961
25.0227 12219841
25.0267 12222721
25.0299 12225601
25.0343 12228481
25.0375 12231361
25.0415 12234241
25.0458 12237121
25.049 12240001
25.0542 12242881
25.0582 12245761
25.0634 12248641
25.0678 12251521
25.0713 12254401
25.0753 12257281
25.0789 12260161
25.0841 12263041
25.0877 12265921
25.0921 12268801
25.0969 12271681
25.1004 12274561
25.1064 12277441
25.1112 12280321
25.1148 12283201
25.1184 12286081
25.1227 12288961
25.1271 12291841
25.1311 12294721
25.1359 12297601
25.1399 12300481
25.145 12303361
25.1502 12306241
25.1546 12309121
25.1578 12312001
25.1622 12314881
25.1666 12317761
25.1705 12320641
25.1745 12323521
25.1777 12326401
25.1817 12329281
25.1869 12332161
25.1917 12335041
25.1964 12337921
25.2 12340801
25.2044 12343681
25.2084 12346561
25.212 12349441
25.216 12352321
25.2195 12355201
25.2231 12358081
25.2271 12360961
25.2311 12363841
25.2359 12366721
25.2403 12369601
25.2438 12372481
25.2482 12375361
25.2518 12378241
25.2558 12381121
25.2586 12384001
25.263 12386881
25.267 12389761
25.2713 12392641
25.2753 12395521
25.2793 12398401
25.2833 12401281
25.2877 12404161
25.2928 12407041
25.2972 12409921
25.3004 12412801
25.3052 12415681
25.3092 12418561
25.3136 12421441
25.3172 12424321
25.3219 12427201
25.3263 12430081
25.3303 12432961
25.3359 12435841
25.3407 12438721
25.3442 12441601
25.3478 12444481
25.3522 12447361
25.3566 12450241
25.3602 12453121
25.365 12456001
25.3689 12458881
25.3745 12461761
25.3793 12464641
25.3841 12467521
25.3877 12470401
25.3917 12473281
25.396 12476161
25.4 12479041
25.404 12481921
25.4072 12484801
25.4116 12487681
25.4164 12490561
25.4215 12493441
25.4259 12496321
25.4295 12499201
25.4343 12502081
25.4379 12504961
25.4419 12507841
25.4454 12510721
25.449 12513601
25.4526 12516481
25.4574 12519361
25.461 12522241
25.4658 12525121
25.4697 12528001
25.4741 12530881
25.4781 12533761
25.4817 12536641
25.4857 12539521
25.4889 12542401
25.4936 12545281
25.4976 12548161
25.5016 12551041
25.506 12553921
25.51 12556801
25.5144 12559681
25.5183 12562561
25.5235 12565441
25.5279 12568321
25.5311 12571201
25.5359 12574081
25.5395 12576961
25.5442 12579841
25.5478 12582721
25.5522 12585601
25.5566 12588481
25.561 12591361
25.5669 12594241
25.5713 12597121
25.5753 12600001
25.5785 12602881
25.5829 12605761
25.5881 12608641
25.5916 12611521
25.596 12614401
25.6004 12617281
25.6052 12620161
25.6104 12623041
25.6152 12625921
25.6187 12628801
25.6223 12631681
25.6267 12634561
25.6307 12637441
25.6351 12640321
25.6379 12643201
25.6422 12646081
25.6474 12648961
25.6518 12651841
25.6566 12654721
25.6602 12657601
25.6654 12660481
25.6689 12663361
25.6725 12666241
25.6761 12669121
25.6797 12672001
25.6837 12674881
25.6881 12677761
25.692 12680641
25.6968 12683521
25.7012 12686401
25.7052 12689281
25.7096 12692161
25.7132 12695041
25.7171 12697921
25.7207 12700801
25.7255 12703681
25.7295 12706561
25.7335 12709441
25.7375 12712321
25.7414 12715201
25.7458 12718081
25.7498 12720961
25.7526 12723841
25.7574 12726721
25.7618 12729601
25.7657 12732481
25.7701 12735361
25.7733 12738241
25.7781 12741121
25.7821 12744001
25.7865 12746881
25.7908 12749761
25.7952 12752641
25.8008 12755521
25.8056 12758401
25.8092 12761281
25.8128 12764161
25.8163 12767041
25.8219 12769921
25.8259 12772801
25.8295 12775681
25.8339 12778561
25.8387 12781441
25.8438 12784321
25.8482 12787201
25.8522 12790081
25.8562 12792961
25.8606 12795841
25.8646 12798721
25.8689 12801601
25.8713 12804481
25.8761 12807361
25.8809 12810241
25.8853 12813121
25.8897 12816001
25.894 12818881
25.8988 12821761
25.9028 12824641
25.9064 12827521
25.91 12830401
25.9136 12833281
25.9179 12836161
25.9215 12839041
25.9263 12841921
25.9307 12844801
25.9347 12847681
25.9395 12850561
25.943 12853441
25.947 12856321
25.9518 12859201
25.9554 12862081
25.9598 12864961
25.9634 12867841
25.9677 12870721
25.9721 12873601
25.9765 12876481
25.9809 12879361
25.9845 12882241
25.9877 12885121
25.9928 12888001
25.9976 12890881
26.0012 12893761
26.0056 12896641
26.0088 12899521
26.014 12902401
26.0175 12905281
26.0215 12908161
26.0263 12911041
26.0307 12913921
26.0359 12916801
26.0406 12919681
26.0446 12922561
26.0482 12925441
26.0518 12928321
26.0574 12931201
26.0614 12934081
26.0649 12936961
26.0689 12939841
26.0737 12942721
26.0793 12945601
26.0833 12948481
26.0877 12951361
26.0912 12954241
26.0956 12957121
26.0996 12960001
26.104 12962881
26.1068 12965761
26.1116 12968641
26.1163 12971521
26.1203 12974401
26.1247 12977281
26.1295 12980161
26.1339 12983041
26.1375 12985921
26.1414 12988801
26.1454 12991681
26.149 12994561
26.1534 12997441
26.157 13000321
26.1622 13003201
26.1661 13006081
26.1709 13008961
26.1757 13011841
26.1793 13014721
26.1833 13017601
26.1881 13020481
26.192 13023361
26.196 13026241
26.2 13029121
26.204 13032001
26.2084 13034881
26.2132 13037761
26.2171 13040641
26.2207 13043521
26.2243 13046401
26.2291 13049281
26.2343 13052161
26.2375 13055041
26.2422 13057921
26.2454 13060801
26.2506 13063681
26.2542 13066561
26.2582 13069441
26.2618 13072321
26.2665 13075201
26.2713 13078081
26.2761 13080961
26.2809 13083841
26.2841 13086721
26.2877 13089601
26.2928 13092481
26.2968 13095361
26.3004 13098241
26.3044 13101121
26.3092 13104001
26.3147 13106881
26.3183 13109761
26.3227 13112641
26.3267 13115521
26.3311 13118401
26.3351 13121281
26.339 13124161
26.3426 13127041
26.347 13129921
26.3514 13132801
26.3558 13135681
26.3602 13138561
26.3649 13141441
26.3693 13144321
26.3729 13147201
26.3773 13150081
26.3817 13152961
26.3853 13155841
26.3896 13158721
26.3932 13161601
26.398 13164481
26.4024 13167361
26.4072 13170241
26.412 13173121
26.4155 13176001
26.4199 13178881
26.4247 13181761
26.4287 13184641
26.4323 13187521
26.4367 13190401
26.4402 13193281
26.445 13196161
26.4498 13199041
26.4534 13201921
26.457 13204801
26.4606 13207681
26.4653 13210561
26.4705 13213441
26.4745 13216321
26.4789 13219201
26.4825 13222081
26.4872 13224961
26.4912 13227841
26.4944 13230721
26.4984 13233601
26.5028 13236481
26.5084 13239361
26.5127 13242241
26.5171 13245121
26.5207 13248001
26.5243 13250881
26.5295 13253761
26.5335 13256641
26.537 13259521
26.541 13262401
26.5458 13265281
26.5514 13268161
26.555 13271041
26.559 13273921
26.5629 13276801
26.5673 13279681
26.5717 13282561
26.5761 13285441
26.5797 13288321
26.5841 13291201
26.5888 13294081
26.5928 13296961
26.5972 13299841
26.6024 13302721
26.6064 13305601
26.61 13308481
26.6151 13311361
26.6191 13314241
26.6227 13317121
26.6271 13320001
26.6307 13322881
26.6355 13325761
26.6402 13328641
26.6442 13331521
26.649 13334401
26.653 13337281
26.6574 13340161
26.6617 13343041
26.6657 13345921
26.6697 13348801
26.6741 13351681
26.6777 13354561
26.6825 13357441
26.6876 13360321
26.6908 13363201
26.6944 13366081
26.698 13368961
26.7032 13371841
26.708 13374721
26.7119 13377601
26.7163 13380481
26.7199 13383361
26.7247 13386241
26.7287 13389121
26.7319 13392001
26.7362 13394881
26.7406 13397761
26.7462 13400641
26.7502 13403521
26.7546 13406401
26.7582 13409281
26.7621 13412161
26.7665 13415041
26.7697 13417921
26.7733 13420801
26.7769 13423681
26.7805 13426561
26.7853 13429441
26.7908 13432321
26.7948 13435201
26.7988 13438081
26.8028 13440961
26.8072 13443841
26.8119 13446721
26.8163 13449601
26.8199 13452481
26.8243 13455361
26.8291 13458241
26.8331 13461121
26.8378 13464001
26.8422 13466881
26.847 13469761
26.8506 13472641
26.8554 13475521
26.859 13478401
26.8625 13481281
26.8669 13484161
26.8709 13487041
26.8753 13489921
26.8805 13492801
26.8845 13495681
26.8888 13498561
26.8936 13501441
26.8976 13504321
26.902 13507201
26.906 13510081
26.91 13512961
26.9143 13515841
26.9175 13518721
26.9227 13521601
26.9279 13524481
26.9311 13527361
26.9347 13530241
26.9382 13533121
26.9442 13536001
26.9486 13538881
26.9522 13541761
26.957 13544641
26.9605 13547521
26.9649 13550401
26.9689 13553281
26.9725 13556161
26.9765 13559041
26.9809 13561921
26.9864 13564801
26.99 13567681
26.9948 13570561
26.9988 13573441
27.0028 13576321
27.008 13579201
27.0107 13582081
27.0147 13584961
27.0183 13587841
27.0223 13590721
27.0267 13593601
27.0327 13596481
27.0366 13599361
27.0406 13602241
27.0446 13605121
27.049 13608001
27.0542 13610881
27.0578 13613761
27.0613 13616641
27.0661 13619521
27.0705 13622401
27.0741 13625281
27.0789 13628161
27.0841 13631041
27.0884 13633921
27.092 13636801
27.0968 13639681
27.1008 13642561
27.1044 13645441
27.1092 13648321
27.1127 13651201
27.1171 13654081
27.1223 13656961
27.1259 13659841
27.1303 13662721
27.135 13665601
27.1386 13668481
27.1434 13671361
27.1474 13674241
27.1518 13677121
27.1562 13680001
27.159 13682881
27.1637 13685761
27.1693 13688641
27.1725 13691521
27.1761 13694401
27.1793 13697281
27.1852 13700161
27.19 13703041
27.1936 13705921
27.1984 13708801
27.202 13711681
27.2068 13714561
27.2107 13717441
27.2147 13720321
27.2187 13723201
27.2235 13726081
27.2287 13728961
27.2327 13731841
27.2378 13734721
27.2414 13737601
27.245 13740481
27.2506 13743361
27.2538 13746241
27.257 13749121
27.2605 13752001
27.2645 13754881
27.2693 13757761
27.2749 13760641
27.2797 13763521
27.2821 13766401
27.2856 13769281
27.29 13772161
27.2952 13775041
27.2988 13777921
27.3024 13780801
27.308 13783681
27.3123 13786561
27.3151 13789441
27.3199 13792321
27.3251 13795201
27.3295 13798081
27.3331 13800961
27.3378 13803841
27.3418 13806721
27.3458 13809601
27.3506 13812481
27.3542 13815361
27.3581 13818241
27.3637 13821121
27.3669 13824001
27.3717 13826881
27.3765 13829761
27.3797 13832641
27.3844 13835521
27.3888 13838401
27.3936 13841281
27.3972 13844161
27.4 13847041
27.4052 13849921
27.4107 13852801
27.4139 13855681
27.4171 13858561
27.4203 13861441
27.4267 13864321
27.4319 13867201
27.4346 13870081
27.4394 13872961
27.4434 13875841
27.4478 13878721
27.4522 13881601
27.4562 13884481
27.4597 13887361
27.4649 13890241
27.4697 13893121
27.4737 13896001
27.4793 13898881
27.4828 13901761
27.4864 13904641
27.4916 13907521
27.4952 13910401
27.498 13913281
27.5016 13916161
27.5056 13919041
27.5103 13921921
27.5159 13924801
27.5207 13927681
27.5231 13930561
27.5267 13933441
27.5311 13936321
27.537 13939201
27.5398 13942081
27.5434 13944961
27.549 13947841
27.5538 13950721
27.5562 13953601
27.5617 13956481
27.5661 13959361
27.5709 13962241
27.5741 13965121
27.5789 13968001
27.5832 13970881
27.5872 13973761
27.592 13976641
27.5952 13979521
27.5992 13982401
27.6052 13985281
27.6083 13988161
27.6127 13991041
27.6175 13993921
27.6211 13996801
27.6255 13999681
27.6299 14002561
27.635 14005441
27.6382 14008321
27.641 14011201
27.6462 14014081
27.6518 14016961
27.655 14019841
27.6581 14022721
27.6613 14025601
27.6677 14028481
27.6729 14031361
27.6757 14034241
27.6805 14037121
27.6848 14040001
27.6892 14042881
27.6932 14045761
27.6972 14048641
27.7008 14051521
27.706 14054401
27.7107 14057281
27.7147 14060161
27.7203 14063041
27.7239 14065921
27.7279 14068801
27.7314 14071681
27.7338 14074561
27.7362 14077441
27.739 14080321
27.7418 14083201
27.745 14086081
27.749 14088961
27.753 14091841
27.7558 14094721
27.7597 14097601
27.7637 14100481
27.7685 14103361
27.7721 14106241
27.7757 14109121
27.7789 14112001
27.7828 14114881
27.7876 14117761
27.79 14120641
27.7956 14123521
27.8 14126401
27.8032 14129281
27.8056 14132161
27.8091 14135041
27.8123 14137921
27.8163 14140801
27.8215 14143681
27.8251 14146561
27.8295 14149441
27.8354 14152321
27.8394 14155201
27.8442 14158081
27.849 14160961
27.853 14163841
27.8577 14166721
27.8621 14169601
27.8665 14172481
27.8693 14175361
27.8717 14178241
27.8745 14181121
27.8801 14184001
27.8832 14186881
27.8864 14189761
27.8896 14192641
27.8956 14195521
27.9012 14198401
27.904 14201281
27.9091 14204161
27.9139 14207041
27.9179 14209921
27.9223 14212801
27.9271 14215681
27.9303 14218561
27.9342 14221441
27.9394 14224321
27.9434 14227201
27.949 14230081
27.953 14232961
27.9569 14235841
27.9609 14238721
27.9641 14241601
27.9669 14244481
27.9697 14247361
27.9729 14250241
27.9765 14253121
27.9804 14256001
27.9844 14258881
27.9876 14261761
27.9916 14264641
27.9948 14267521
27.9992 14270401
28.0036 14273281
28.0071 14276161
28.0107 14279041
28.0151 14281921
28.0199 14284801
28.0227 14287681
28.0287 14290561
28.0326 14293441
28.0358 14296321
28.0386 14299201
28.0422 14302081
28.0458 14304961
28.0494 14307841
28.0546 14310721
28.0585 14313601
28.0617 14316481
28.0673 14319361
28.0713 14322241
28.0761 14325121
28.0805 14328001
28.0848 14330881
28.0896 14333761
28.0936 14336641
28.0984 14339521
28.1012 14342401
28.1036 14345281
28.1063 14348161
28.1119 14351041
28.1151 14353921
28.1187 14356801
28.1227 14359681
28.1283 14362561
28.133 14365441
28.1362 14368321
28.141 14371201
28.1458 14374081
28.1498 14376961
28.1542 14379841
28.1589 14382721
28.1621 14385601
28.1661 14388481
28.1705 14391361
28.1749 14394241
28.18 14397121
28.1848 14400001
28.1888 14402881
28.1924 14405761
28.1956 14408641
28.1988 14411521
28.2016 14414401
28.2047 14417281
28.2087 14420161
28.2127 14423041
28.2171 14425921
28.2207 14428801
28.2243 14431681
28.2279 14434561
28.2318 14437441
28.2362 14440321
28.2398 14443201
28.2434 14446081
28.2482 14448961
28.253 14451841
28.2561 14454721
28.2613 14457601
28.2645 14460481
28.2673 14463361
28.2705 14466241
28.2745 14469121
28.2785 14472001
28.2824 14474881
28.2876 14477761
28.292 14480641
28.2952 14483521
28.2996 14486401
28.3039 14489281
28.3087 14492161
28.3131 14495041
28.3175 14497921
28.3223 14500801
28.3255 14503681
28.3302 14506561
28.333 14509441
28.3358 14512321
28.3386 14515201
28.3442 14518081
28.3478 14520961
28.3514 14523841
28.3553 14526721
28.3613 14529601
28.3657 14532481
28.3689 14535361
28.3741 14538241
28.3788 14541121
28.3832 14544001
28.3884 14546881
28.392 14549761
28.3948 14552641
28.3988 14555521
28.4024 14558401
28.4067 14561281
28.4115 14564161
28.4163 14567041
28.4203 14569921
28.4239 14572801
28.4279 14575681
28.4306 14578561
28.4338 14581441
28.4374 14584321
28.4422 14587201
28.4462 14590081
28.451 14592961
28.4545 14595841
28.4573 14598721
28.4609 14601601
28.4649 14604481
28.4693 14607361
28.4725 14610241
28.4765 14613121
28.4812 14616001
28.4864 14618881
28.4904 14621761
28.4952 14624641
28.4988 14627521
28.502 14630401
28.5059 14633281
28.5095 14636161
28.5135 14639041
28.5179 14641921
28.5231 14644801
28.5271 14647681
28.5294 14650561
28.5334 14653441
28.5382 14656321
28.5426 14659201
28.5466 14662081
28.5506 14664961
28.5557 14667841
28.5593 14670721
28.5645 14673601
28.5673 14676481
28.5709 14679361
28.5741 14682241
28.5788 14685121
28.5828 14688001
28.5864 14690881
28.5904 14693761
28.5956 14696641
28.5996 14699521
28.6027 14702401
28.6079 14705281
28.6123 14708161
28.6167 14711041
28.6215 14713921
28.6255 14716801
28.6286 14719681
28.6334 14722561
28.6378 14725441
28.6414 14728321
28.6466 14731201
28.651 14734081
28.6545 14736961
28.6585 14739841
28.6621 14742721
28.6649 14745601
28.6677 14748481
28.6721 14751361
28.6765 14754241
28.6808 14757121
28.6856 14760001
28.6892 14762881
28.6924 14765761
28.6968 14768641
28.7012 14771521
28.7047 14774401
28.7091 14777281
28.7127 14780161
28.7171 14783041
28.7223 14785921
28.7255 14788801
28.7306 14791681
28.7338 14794561
28.7366 14797441
28.741 14800321
28.7446 14803201
28.7474 14806081
28.7506 14808961
28.7553 14811841
28.7601 14814721
28.7641 14817601
28.7669 14820481
28.7713 14823361
28.7765 14826241
28.7808 14829121
28.7848 14832001
28.7888 14834881
28.7936 14837761
28.7968 14840641
28.8019 14843521
28.8047 14846401
28.8083 14849281
28.8115 14852161
28.8163 14855041
28.8199 14857921
28.8239 14860801
28.8278 14863681
28.8334 14866561
28.8374 14869441
28.841 14872321
28.8462 14875201
28.8502 14878081
28.8545 14880961
28.8589 14883841
28.8629 14886721
28.8661 14889601
28.8709 14892481
28.8753 14895361
28.8793 14898241
28.884 14901121
28.888 14904001
28.8924 14906881
28.8964 14909761
28.9 14912641
28.9031 14915521
28.9063 14918401
28.9107 14921281
28.9151 14924161
28.9195 14927041
28.9239 14929921
28.9278 14932801
28.931 14935681
28.9354 14938561
28.9394 14941441
28.9434 14944321
28.9474 14947201
28.9509 14950081
28.9557 14952961
28.9605 14955841
28.9637 14958721
28.9693 14961601
28.9729 14964481
28.9756 14967361
28.98 14970241
28.984 14973121
28.9868 14976001
28.9908 14978881
28.9948 14981761
28.9996 14984641
29.0031 14987521
29.0059 14990401
29.0103 14993281
29.0151 14996161
29.0191 14999041
29.0239 15001921
29.0278 15004801
29.0326 15007681
29.0358 15010561
29.041 15013441
29.0442 15016321
29.0474 15019201
29.0509 15022081
29.0553 15024961
29.0589 15027841
29.0629 15030721
29.0665 15033601
29.0725 15036481
29.0764 15039361
29.0804 15042241
29.0856 15045121
29.0904 15048001
29.0944 15050881
29.0988 15053761
29.1031 15056641
29.1063 15059521
29.1111 15062401
29.1155 15065281
29.1191 15068161
29.1235 15071041
29.1274 15073921
29.1314 15076801
29.135 15079681
29.1386 15082561
29.1422 15085441
29.1454 15088321
29.1498 15091201
29.1537 15094081
29.1585 15096961
29.1637 15099841
29.1681 15102721
29.1713 15105601
29.1756 15108481
29.18 15111361
29.184 15114241
29.1884 15117121
29.192 15120001
29.196 15122881
29.2003 15125761
29.2035 15128641
29.2083 15131521
29.2123 15134401
29.2151 15137281
29.2195 15140161
29.2231 15143041
29.2266 15145921
29.231 15148801
29.235 15151681
29.2394 15154561
29.243 15157441
29.2462 15160321
29.2505 15163201
29.2553 15166081
29.2593 15168961
29.2637 15171841
29.2673 15174721
29.2721 15177601
29.2756 15180481
29.2808 15183361
29.2844 15186241
29.288 15189121
29.292 15192001
29.2956 15194881
29.2995 15197761
29.3035 15200641
29.3075 15203521
29.3135 15206401
29.3179 15209281
29.3215 15212161
29.3258 15215041
29.3306 15217921
29.3346 15220801
29.3386 15223681
29.3426 15226561
29.3462 15229441
29.3505 15232321
29.3545 15235201
29.3581 15238081
29.3625 15240961
29.3669 15243841
29.3713 15246721
29.3748 15249601
29.3784 15252481
29.382 15255361
29.386 15258241
29.3904 15261121
29.3948 15264001
29.3995 15266881
29.4043 15269761
29.4083 15272641
29.4115 15275521
29.4159 15278401
29.4203 15281281
29.4246 15284161
29.4282 15287041
29.4322 15289921
29.4366 15292801
29.4406 15295681
29.4434 15298561
29.4485 15301441
29.4521 15304321
29.4549 15307201
29.4593 15310081
29.4629 15312961
29.4673 15315841
29.4717 15318721
29.4756 15321601
29.4808 15324481
29.4844 15327361
29.4872 15330241
29.4916 15333121
29.4964 15336001
29.5003 15338881
29.5051 15341761
29.5087 15344641
29.5131 15347521
29.5171 15350401
29.5219 15353281
29.5254 15356161
29.5294 15359041
29.533 15361921
29.5366 15364801
29.5406 15367681
29.5446 15370561
29.5485 15373441
29.5549 15376321
29.5589 15379201
29.5625 15382081
29.5669 15384961
29.5717 15387841
29.5756 15390721
29.58 15393601
29.5836 15396481
29.5872 15399361
29.5916 15402241
29.5956 15405121
29.5995 15408001
29.6035 15410881
29.6079 15413761
29.6119 15416641
29.6159 15419521
29.6191 15422401
29.6234 15425281
29.627 15428161
29.6314 15431041
29.6358 15433921
29.6406 15436801
29.6454 15439681
29.6497 15442561
29.6529 15445441
29.6569 15448321
29.6613 15451201
29.6657 15454081
29.6693 15456961
29.6732 15459841
29.6776 15462721
29.682 15465601
29.6844 15468481
29.6896 15471361
29.6932 15474241
29.6964 15477121
29.7003 15480001
29.7039 15482881
29.7083 15485761
29.7127 15488641
29.7167 15491521
29.7222 15494401
29.7258 15497281
29.7282 15500161
29.731 15503041
29.7342 15505921
29.739 15508801
29.7426 15511681
29.7473 15514561
29.7513 15517441
29.7553 15520321
29.7593 15523201
29.7641 15526081
29.7681 15528961
29.772 15531841
29.7752 15534721
29.7792 15537601
29.7832 15540481
29.7868 15543361
29.7912 15546241
29.7971 15549121
29.8015 15552001
29.8051 15554881
29.8095 15557761
29.8139 15560641
29.8179 15563521
29.8222 15566401
29.8258 15569281
29.8298 15572161
29.8342 15575041
29.8378 15577921
29.8418 15580801
29.8458 15583681
29.8505 15586561
29.8545 15589441
29.8581 15592321
29.8617 15595201
29.8665 15598081
29.8697 15600961
29.8736 15603841
29.878 15606721
29.8828 15609601
29.8876 15612481
29.8924 15615361
29.8956 15618241
29.8991 15621121
29.9035 15624001
29.9079 15626881
29.9119 15629761
29.9155 15632641
29.9203 15635521
29.9242 15638401
29.927 15641281
29.9322 15644161
29.9354 15647041
29.9386 15649921
29.9426 15652801
29.9461 15655681
29.9501 15658561
29.9529 15661441
29.9557 15664321
29.9593 15667201
29.9621 15670081
29.9645 15672961
29.9669 15675841
29.9693 15678721
29.9716 15681601
29.9744 15684481
29.9776 15687361
29.9808 15690241
29.9852 15693121
29.9888 15696001
29.9932 15698881
29.9971 15701761
30.0007 15704641
30.0043 15707521
30.0083 15710401
30.0119 15713281
30.0159 15716161
30.0203 15719041
30.0262 15721921
30.0302 15724801
30.0342 15727681
30.0386 15730561
30.0418 15733441
30.0446 15736321
30.0485 15739201
30.0524 15742081
30.0559 15744961
30.0608 15747841
30.0644 15750721
30.068 15753601
30.0722 15756481
30.0771 15759361
30.0815 15762241
30.0851 15765121
30.0895 15768001
30.0943 15770881
30.0975 15773761
