0.322217 0.222
0.547149 0.222375
0.773234 0.222828
0.999396 0.223225
1.20059 0.248697
1.22548 0.245859
1.42548 0.268377
1.45038 0.26608
1.45277 0.261195
1.65157 0.256796
1.67553 0.255946
1.67872 0.252453
1.68191 0.249521
1.87715 0.271456
1.88033 0.266149
1.90217 0.261255
1.90456 0.257224
1.90695 0.253571
1.90934 0.250374
2.10204 0.271702
2.10443 0.266115
2.10682 0.2611
2.12706 0.259338
2.12945 0.255296
2.13184 0.251759
2.13423 0.249039
2.13662 0.246659
2.13901 0.244577
2.32766 0.266254
2.33005 0.261473
2.33244 0.257289
2.33483 0.253878
2.33722 0.251018
2.35314 0.247891
2.35553 0.245404
2.35792 0.243229
2.36031 0.24145
2.36271 0.240144
2.3651 0.239001
2.36749 0.238001
2.36988 0.237376
2.37227 0.236829
2.55374 0.235475
2.55614 0.234666
2.55853 0.233833
2.56092 0.233103
2.56331 0.232841
2.5657 0.23261
2.56809 0.232409
2.57865 0.233483
2.58104 0.232798
2.58343 0.232198
2.58582 0.231923
2.58901 0.231933
2.5922 0.231941
2.59538 0.232324
2.59857 0.232783
2.60176 0.233185
2.60495 0.233912
2.60813 0.234798
2.61132 0.235698
2.61451 0.236861
2.6177 0.237878
2.78303 0.236894
2.78622 0.236407
2.78941 0.235981
2.79259 0.235733
2.79578 0.235892
2.79897 0.236155
2.80215 0.236511
2.80534 0.237197
2.80853 0.237922
2.81172 0.238557
2.8149 0.239487
2.81809 0.239552
2.82128 0.239608
2.82446 0.240032
2.82765 0.240528
2.83084 0.241087
2.83403 0.242076
2.83721 0.242816
2.8404 0.243464
2.84359 0.244406
2.84677 0.245231
2.84996 0.245952
2.85315 0.247083
2.85634 0.248072
2.85952 0.248938
2.86271 0.250071
2.8659 0.250937
2.86908 0.25182
2.87227 0.252968
2.87546 0.253972
2.87865 0.25485
3.02406 0.273869
3.02685 0.27001
3.03004 0.266759
3.03323 0.264289
3.03641 0.262128
3.0396 0.260237
3.04279 0.258957
3.04597 0.257838
3.04916 0.256983
3.05235 0.25661
3.05554 0.256159
3.05872 0.255764
3.06191 0.255793
3.0651 0.255944
3.06828 0.256076
3.07147 0.256567
3.07466 0.256996
3.07785 0.257246
3.08103 0.257966
3.08502 0.25872
3.08781 0.259255
3.0902 0.260098
3.09378 0.260836
3.09697 0.261481
3.10016 0.262546
3.10334 0.263353
3.10613 0.264059
3.10852 0.264926
3.11091 0.265561
3.1133 0.266116
3.11569 0.266851
3.11808 0.267495
3.12047 0.267933
3.12287 0.268566
3.12526 0.268995
3.12765 0.269246
3.13004 0.26984
3.13243 0.270235
3.13522 0.270581
3.1384 0.271258
3.14159 0.271851
3.14478 0.272245
3.55655 0.266589
3.55934 0.26164
3.56213 0.257435
3.56492 0.253756
3.56811 0.250661
3.5709 0.247954
3.57369 0.24571
3.57647 0.243746
3.57966 0.242153
3.58205 0.240759
3.58444 0.239539
3.58683 0.238471
3.58924 0.237537
3.59164 0.236595
3.5952 0.235896
3.59918 0.235284
3.60277 0.234873
3.60675 0.234514
3.61034 0.234325
3.61432 0.234284
3.6187 0.234374
3.62189 0.234452
3.62588 0.234646
3.62906 0.23494
3.63305 0.235322
3.63623 0.235657
3.63902 0.23595
3.64181 0.236206
3.6446 0.236555
3.64779 0.236861
3.65097 0.237253
3.65376 0.237597
3.65695 0.238022
3.78169 0.253769
3.78488 0.250548
3.78806 0.247855
3.79205 0.245623
3.79523 0.243795
3.79922 0.242196
3.80241 0.240921
3.80559 0.239806
3.80918 0.238955
3.81237 0.238211
3.81476 0.237434
3.81754 0.23688
3.82033 0.23652
3.82312 0.236205
3.82711 0.236179
3.83109 0.236157
3.83507 0.236137
3.83985 0.236245
3.84344 0.23634
3.84703 0.236422
3.85221 0.236619
3.85579 0.236667
3.86017 0.236959
3.86376 0.237089
3.86774 0.237203
3.87013 0.237177
3.87332 0.237155
3.87651 0.237136
3.8793 0.237244
3.88288 0.237338
3.88726 0.237671
3.89045 0.237962
3.89404 0.238342
4.00721 0.252424
4.01039 0.249496
4.01398 0.246934
4.01796 0.244692
4.02195 0.242731
4.02633 0.241264
4.02992 0.239856
4.0339 0.238749
4.03788 0.237906
4.04147 0.237167
4.04466 0.236522
4.04824 0.236206
4.05063 0.235806
4.05342 0.235455
4.0582 0.235398
4.06219 0.235348
4.06657 0.235305
4.07175 0.235392
4.07573 0.235468
4.07932 0.235534
4.08529 0.235842
4.08928 0.235987
4.09406 0.236364
4.09804 0.236568
4.10282 0.236872
4.10561 0.237013
4.1092 0.237262
4.11238 0.237479
4.11557 0.237669
4.11956 0.23796
4.12473 0.238465
4.12832 0.238782
4.1327 0.239184
4.23234 0.251536
4.23633 0.248719
4.23991 0.246254
4.2423 0.244098
4.24549 0.242085
4.24947 0.240325
4.25465 0.238784
4.25864 0.237561
4.26302 0.236616
4.2674 0.235789
4.27178 0.235065
4.27537 0.234557
4.27935 0.234113
4.28254 0.233848
4.28612 0.233742
4.29091 0.233525
4.29529 0.233459
4.29967 0.233402
4.30525 0.233476
4.30923 0.233542
4.31282 0.233474
4.31919 0.23354
4.32437 0.233722
4.32955 0.233882
4.33393 0.234022
4.33832 0.234269
4.3415 0.234485
4.34549 0.234675
4.34907 0.234965
4.35306 0.235345
4.35705 0.235677
4.36302 0.236092
4.367 0.236331
4.37178 0.236664
4.45897 0.235331
4.46256 0.234165
4.46654 0.233269
4.46973 0.232486
4.47331 0.231925
4.4777 0.231434
4.48327 0.23113
4.48686 0.230739
4.49244 0.230521
4.49682 0.230331
4.5016 0.23029
4.50598 0.230254
4.51036 0.230347
4.51435 0.230554
4.51833 0.230734
4.52391 0.231018
4.52829 0.231265
4.53267 0.231482
4.53825 0.231672
4.54224 0.231838
4.54622 0.232108
4.55339 0.232345
4.55817 0.232552
4.56335 0.232733
4.56853 0.233016
4.57331 0.233264
4.5769 0.233481
4.58128 0.233796
4.58526 0.234071
4.59004 0.234437
4.59443 0.234758
4.6008 0.235038
4.60558 0.235533
4.61076 0.235967
4.68545 0.234846
4.68944 0.233865
4.69382 0.233007
4.69661 0.232256
4.70099 0.231599
4.70537 0.231149
4.71015 0.231381
4.71454 0.231333
4.72011 0.231666
4.7245 0.231708
4.72968 0.23187
4.73446 0.232011
4.73924 0.232259
4.74402 0.232477
4.7488 0.232667
4.75478 0.233084
4.75916 0.233448
4.76394 0.233642
4.77031 0.234187
4.7739 0.234289
4.77828 0.234503
4.78545 0.235065
4.78983 0.235182
4.79581 0.235409
4.80139 0.235733
4.80657 0.236016
4.81095 0.236139
4.81533 0.236497
4.81971 0.236685
4.82529 0.237099
4.82967 0.237337
4.83685 0.23792
4.84203 0.23843
4.8476 0.238876
4.91254 0.246766
4.91653 0.244796
4.92051 0.243071
4.9241 0.241562
4.92927 0.240492
4.93326 0.239556
4.93804 0.238736
4.94242 0.237894
4.9484 0.237407
4.95318 0.236856
4.95836 0.236499
4.96354 0.236187
4.96832 0.235914
4.9739 0.235674
4.97868 0.235465
4.98545 0.235657
4.99023 0.2357
4.99541 0.235737
5.00178 0.23602
5.00617 0.236018
5.01095 0.23614
5.01812 0.236623
5.0225 0.23667
5.02848 0.236961
5.03445 0.237216
5.03963 0.237314
5.04441 0.2374
5.04959 0.2376
5.05397 0.23765
5.06035 0.238069
5.06513 0.23831
5.0731 0.239021
5.07828 0.239394
5.08465 0.239719
5.14162 0.246505
5.14561 0.244816
5.14919 0.243339
5.15357 0.242047
5.15875 0.241041
5.16274 0.240036
5.16792 0.239281
5.1723 0.238621
5.17867 0.238294
5.18345 0.237882
5.18664 0.237272
5.19102 0.236738
5.1958 0.236145
5.20138 0.235752
5.20736 0.235533
5.21254 0.235342
5.21971 0.235174
5.22489 0.235027
5.23046 0.235024
5.23684 0.235021
5.24162 0.235018
5.2464 0.235141
5.25357 0.235123
5.25835 0.235233
5.26473 0.235329
5.2707 0.235413
5.27628 0.235611
5.28146 0.235785
5.28664 0.235937
5.29182 0.236195
5.29859 0.23642
5.30377 0.236618
5.31214 0.236915
5.31771 0.237176
5.32528 0.237654
5.37389 0.236947
5.37827 0.236454
5.38186 0.235897
5.38624 0.235535
5.39182 0.235218
5.3958 0.234941
5.40098 0.234698
5.40616 0.234611
5.41213 0.234535
5.41731 0.234468
5.4209 0.234409
5.42568 0.234358
5.43086 0.234438
5.43644 0.234509
5.44281 0.23457
5.44879 0.234749
5.45596 0.234905
5.46114 0.235167
5.46791 0.235396
5.47389 0.235597
5.47907 0.235897
5.48345 0.236035
5.49102 0.236281
5.4958 0.23637
5.50217 0.236574
5.50855 0.236752
5.51412 0.236908
5.5201 0.23717
5.52528 0.237399
5.53126 0.237724
5.53843 0.238008
5.54361 0.238257
5.55237 0.238475
5.55874 0.238791
5.56592 0.238942
5.60854 0.238449
5.61213 0.237893
5.61651 0.237531
5.6209 0.23709
5.62687 0.236829
5.63086 0.2366
5.63603 0.236525
5.64161 0.236334
5.64799 0.236168
5.65356 0.236147
5.65755 0.236253
5.66193 0.236222
5.66751 0.236319
5.67269 0.237029
5.67866 0.23765
5.68544 0.238319
5.69261 0.239029
5.69858 0.239526
5.70496 0.23996
5.71133 0.240465
5.71651 0.240782
5.72129 0.240934
5.72926 0.241567
5.73484 0.241746
5.74081 0.242153
5.74719 0.242509
5.75277 0.242695
5.75914 0.242983
5.76432 0.24311
5.7699 0.243222
5.77747 0.243569
5.78344 0.243748
5.79221 0.244404
5.79858 0.244604
5.80615 0.245028
5.844 0.24915
5.84719 0.247881
5.85236 0.246896
5.85635 0.246034
5.86193 0.245405
5.86671 0.244729
5.87149 0.244263
5.87746 0.243855
5.88384 0.243623
5.88981 0.24342
5.8942 0.243118
5.89898 0.242853
5.90376 0.242746
5.90973 0.242653
5.91611 0.242821
5.92288 0.242969
5.93045 0.243223
5.93722 0.243445
5.944 0.243639
5.94997 0.243809
5.95475 0.243708
5.95993 0.24362
5.9679 0.243917
5.97388 0.243928
5.97985 0.244062
5.98623 0.244304
5.9922 0.244391
5.99858 0.244592
6.00376 0.244518
6.00973 0.244578
6.0169 0.244881
6.02328 0.245021
6.03244 0.245518
6.03961 0.245703
6.04758 0.246116
6.08025 0.249601
6.08463 0.248526
6.08941 0.24771
6.0934 0.246871
6.09897 0.246263
6.10375 0.24573
6.10893 0.245263
6.11451 0.244981
6.12128 0.244858
6.12726 0.244751
6.13204 0.244532
6.13722 0.24434
6.1424 0.244298
6.14917 0.244511
6.15515 0.244697
6.15794 0.244235
6.16431 0.243955
6.17188 0.243586
6.17865 0.243263
6.18582 0.243105
6.1918 0.242967
6.19658 0.242846
6.20176 0.24274
6.20973 0.242648
6.2157 0.242567
6.22168 0.242496
6.22806 0.242434
6.23403 0.24238
6.2408 0.242332
6.24598 0.242291
6.25236 0.242379
6.25953 0.242457
6.2655 0.2424
6.27467 0.24235
6.28184 0.242306
6.29021 0.242393
6.32009 0.242094
6.32407 0.241832
6.32925 0.241603
6.33363 0.241403
6.33881 0.241227
6.34359 0.241074
6.34917 0.241065
6.35514 0.241057
6.36232 0.241049
6.36829 0.241043
6.37307 0.241038
6.37825 0.241033
6.38423 0.241154
6.3906 0.241135
6.39658 0.241118
6.40016 0.241353
6.40654 0.241434
6.41411 0.24163
6.42129 0.241801
6.42845 0.241951
6.43443 0.242082
6.43881 0.242072
6.44399 0.242063
6.45235 0.24218
6.45793 0.242157
6.46391 0.242138
6.47069 0.242121
6.47626 0.242105
6.48303 0.242217
6.48862 0.242315
6.49498 0.242276
6.50215 0.242366
6.50813 0.242445
6.51689 0.24239
6.52446 0.242466
6.53283 0.242408
6.56152 0.242232
6.5659 0.242078
6.57108 0.242068
6.57586 0.24206
6.58144 0.242177
6.58622 0.24228
6.59219 0.24237
6.59777 0.242324
6.60454 0.242283
6.61052 0.242248
6.6149 0.242092
6.62089 0.24208
6.62725 0.242195
6.63323 0.242296
6.6396 0.242384
6.64239 0.242336
6.64876 0.242294
6.65673 0.242257
6.66351 0.242225
6.67107 0.242322
6.67546 0.242907
6.67984 0.243168
6.68542 0.243647
6.69378 0.244441
6.69896 0.244636
6.70494 0.244932
6.71211 0.24544
6.71729 0.245635
6.72446 0.245931
6.72964 0.245939
6.73601 0.246197
6.74319 0.246547
6.74916 0.246604
6.75832 0.247028
6.76589 0.247275
6.77466 0.247616
6.80175 0.250289
6.80693 0.249628
6.81171 0.249174
6.81649 0.248652
6.82167 0.248321
6.82725 0.248031
6.83362 0.247902
6.8388 0.247664
6.84597 0.247706
6.85195 0.247618
6.85593 0.247291
6.86111 0.247254
6.86589 0.246972
6.87027 0.246476
6.87426 0.245791
6.87665 0.244693
6.88143 0.243981
6.88701 0.243358
6.89418 0.242689
6.90215 0.242227
6.90653 0.241324
6.91171 0.240659
6.91729 0.240326
6.92565 0.240285
6.93043 0.239875
6.93482 0.23939
6.9396 0.238842
6.94318 0.237861
6.94961 0.237129
6.95479 0.236238
6.96116 0.235708
6.96873 0.235244
6.9755 0.234839
6.98467 0.234859
6.99224 0.234752
6.99981 0.234658
7.02688 0.236825
7.03206 0.236097
7.03764 0.23546
7.04242 0.234903
7.0484 0.23454
7.05477 0.234347
7.05995 0.234054
7.06433 0.233672
7.07143 0.233588
7.0782 0.233515
7.08259 0.2332
7.08816 0.233175
7.09374 0.233028
7.09892 0.233025
7.1029 0.232897
7.10609 0.232785
7.11167 0.233062
7.11765 0.233429
7.12362 0.23375
7.1296 0.233906
7.13398 0.233543
7.14035 0.2336
7.14633 0.233775
7.1547 0.234178
7.15788 0.233906
7.16187 0.233543
7.16625 0.23335
7.17143 0.233181
7.17501 0.233034
7.18139 0.232904
7.18617 0.232791
7.19135 0.232442
7.19733 0.232012
7.2041 0.231636
7.21286 0.231181
7.21964 0.230658
7.22721 0.230326
7.2536 0.22991
7.25878 0.229422
7.26515 0.229244
7.27033 0.229088
7.2767 0.228952
7.28308 0.228958
7.28905 0.229089
7.29304 0.229077
7.30021 0.229068
7.30778 0.229059
7.31176 0.229052
7.31615 0.22892
7.32252 0.22893
7.3277 0.228939
7.33288 0.229072
7.33646 0.229188
7.34284 0.229414
7.34921 0.229737
7.35519 0.23002
7.36117 0.230268
7.36515 0.230484
7.37152 0.230549
7.3763 0.23048
7.38467 0.23042
7.38865 0.230493
7.39264 0.230556
7.39742 0.230612
7.4026 0.23066
7.40698 0.230703
7.41336 0.230865
7.41774 0.230882
7.42332 0.231021
7.42929 0.231144
7.43686 0.231251
7.44363 0.231219
7.45041 0.231192
7.45718 0.231043
7.48108 0.230663
7.48586 0.230205
7.49224 0.229804
7.49821 0.229579
7.50379 0.229256
7.51056 0.228974
7.51654 0.228728
7.52052 0.228512
7.52809 0.228448
7.53606 0.228517
7.54124 0.228702
7.54523 0.228739
7.5516 0.228772
7.55718 0.228925
7.56236 0.22906
7.56594 0.229052
7.57232 0.229171
7.57909 0.229274
7.58507 0.229365
7.59104 0.229444
7.59542 0.229514
7.6018 0.229575
7.60658 0.229628
7.61495 0.229674
7.61933 0.22984
7.62371 0.229985
7.6273 0.230612
7.63287 0.23116
7.63726 0.23164
7.64363 0.23231
7.64841 0.232647
7.65479 0.233191
7.66116 0.233792
7.66913 0.234568
7.6755 0.235122
7.68227 0.235607
7.68905 0.236031
7.71016 0.238152
7.71494 0.237508
7.72172 0.237319
7.72809 0.237155
7.73367 0.236885
7.74004 0.2369
7.74602 0.236787
7.75 0.236439
7.75757 0.236509
7.76514 0.23657
7.77072 0.236249
7.7747 0.235843
7.78028 0.235738
7.78586 0.23552
7.79144 0.23533
7.79542 0.235039
7.80259 0.235284
7.80936 0.235499
7.81534 0.235561
7.82171 0.235616
7.8257 0.235414
7.83247 0.235612
7.83725 0.235661
7.84602 0.236203
7.85 0.236178
7.85518 0.236156
7.85877 0.236011
7.86514 0.23626
7.86952 0.236352
7.87629 0.236683
7.88147 0.236848
7.88785 0.237117
7.89382 0.237352
7.90179 0.237683
7.90777 0.237723
7.91534 0.238007
7.92211 0.238257
7.94203 0.240099
7.94721 0.239712
7.95358 0.239623
7.95956 0.23942
7.96554 0.239118
7.97111 0.238978
7.97709 0.238731
7.98147 0.238264
7.98825 0.238231
7.99542 0.238202
8.00139 0.237927
8.00577 0.237561
8.01175 0.237491
8.01693 0.237305
8.02291 0.237267
8.02689 0.236983
8.03446 0.237235
8.04123 0.237456
8.04721 0.237524
8.05358 0.237583
8.05717 0.237386
8.06434 0.237587
8.06952 0.237514
8.07868 0.23795
8.08346 0.237831
8.08904 0.237977
8.09263 0.237855
8.099 0.238248
8.10378 0.238217
8.10657 0.238065
8.11215 0.237807
8.11812 0.237706
8.1245 0.237618
8.13087 0.237541
8.13844 0.237473
8.14482 0.237414
8.15358 0.237487
8.15956 0.237426
8.17709 0.237123
8.18227 0.236858
8.18824 0.236625
8.19422 0.236422
8.19979 0.236119
8.20537 0.235854
8.21175 0.235623
8.21613 0.235545
8.2225 0.235352
8.22967 0.235183
8.23565 0.235035
8.24043 0.235031
8.24641 0.235027
8.25119 0.235023
8.25756 0.23502
8.26155 0.235018
8.26912 0.235016
8.27589 0.234889
8.28226 0.234903
8.28904 0.23504
8.29302 0.23516
8.29979 0.23514
8.30577 0.235247
8.31453 0.235341
8.31931 0.235424
8.32569 0.235496
8.32927 0.235684
8.33605 0.235848
8.34083 0.235992
8.34402 0.236243
8.35039 0.236463
8.35597 0.23653
8.36314 0.236839
8.36951 0.237109
8.37708 0.237345
8.38346 0.237552
8.39142 0.237608
8.3978 0.237657
8.41413 0.237575
8.41891 0.237378
8.42489 0.237206
8.43087 0.237055
8.43605 0.237048
8.44162 0.236917
8.448 0.236803
8.45238 0.236702
8.45875 0.236614
8.46593 0.236538
8.4715 0.23647
8.47708 0.236537
8.48306 0.236595
8.48784 0.23652
8.49421 0.23658
8.49859 0.236633
8.50616 0.236679
8.51294 0.236719
8.51971 0.236754
8.52648 0.236785
8.53086 0.236812
8.53804 0.237085
8.54361 0.2372
8.55198 0.237175
8.55716 0.237278
8.56393 0.237368
8.56752 0.237447
8.57429 0.237516
8.57947 0.237702
8.58305 0.237864
8.58983 0.238006
8.5958 0.238255
8.60297 0.238348
8.60935 0.238555
8.61612 0.23961
8.6221 0.240284
8.63007 0.241124
8.63644 0.241608
8.65078 0.243032
8.65596 0.242778
8.66234 0.242931
8.66831 0.243064
8.67349 0.243056
8.67907 0.243049
8.68504 0.243168
8.68943 0.243022
8.6962 0.243144
8.70337 0.243376
8.70895 0.243329
8.71413 0.243288
8.7205 0.243252
8.72488 0.242971
8.73126 0.243099
8.73604 0.242962
8.74401 0.243342
8.75038 0.243424
8.75755 0.243621
8.76472 0.243793
8.76951 0.243694
8.77628 0.243982
8.78186 0.24386
8.78982 0.244127
8.7954 0.244111
8.80178 0.244097
8.80616 0.24396
8.81333 0.244215
8.81891 0.244188
8.82249 0.24404
8.82927 0.244285
8.83484 0.244374
8.84241 0.244702
8.84919 0.24499
8.85596 0.245116
8.86154 0.245101
8.8695 0.245339
8.87588 0.245296
8.88942 0.246259
8.8946 0.245977
8.90098 0.245855
8.90695 0.245623
8.91173 0.245295
8.91771 0.245133
8.92369 0.244992
8.92807 0.244743
8.93444 0.244775
8.94161 0.244803
8.94799 0.244703
8.95277 0.244615
8.95994 0.244663
8.96392 0.244455
8.9703 0.244648
8.97588 0.244567
8.98345 0.244871
8.98982 0.244887
8.99739 0.245151
9.00496 0.245382
9.00974 0.245335
9.01691 0.245543
9.02249 0.2456
9.02966 0.2459
9.03603 0.246037
9.04241 0.246158
9.04679 0.246013
9.05436 0.246261
9.05994 0.246229
9.06352 0.246075
9.0699 0.246191
9.07587 0.246167
9.08305 0.246521
9.09062 0.246706
9.09659 0.246743
9.10257 0.246775
9.11054 0.247053
9.11651 0.247046
9.1193 0.246666
9.13205 0.246207
9.13643 0.245681
9.14281 0.245221
9.14918 0.244944
9.15396 0.244576
9.15994 0.244254
9.16591 0.243972
9.1699 0.2436
9.17627 0.2434
9.18384 0.243225
9.19021 0.243197
9.1946 0.243048
9.20217 0.243042
9.20615 0.243036
9.21292 0.242907
9.2181 0.242918
9.22567 0.242804
9.23205 0.242828
9.23962 0.242725
9.24719 0.242759
9.25276 0.242789
9.25914 0.242816
9.26472 0.242714
9.27229 0.242749
9.27826 0.242656
9.28464 0.242574
9.28902 0.242627
9.29659 0.242549
9.30216 0.242605
9.30575 0.242529
9.31212 0.242588
9.3181 0.24264
9.32527 0.24256
9.33284 0.24249
9.33882 0.242429
9.34479 0.242375
9.35276 0.242328
9.35914 0.242412
9.36232 0.242486
9.37428 0.242425
9.37866 0.242372
9.38503 0.24245
9.39141 0.242394
9.39619 0.24247
9.40258 0.242536
9.40814 0.242594
9.41212 0.242645
9.4189 0.242564
9.42607 0.242619
9.43244 0.242541
9.43682 0.242474
9.44439 0.242414
9.44838 0.242363
9.45515 0.242442
9.46033 0.242387
9.4679 0.242339
9.47427 0.242296
9.48184 0.242259
9.48941 0.242227
9.4954 0.242324
9.50136 0.242283
9.50734 0.242373
9.51451 0.242326
9.52089 0.242285
9.52686 0.24225
9.53124 0.242218
9.53881 0.242191
9.54439 0.242167
9.54798 0.242146
9.55435 0.242128
9.56033 0.242112
9.5675 0.242098
9.57507 0.242211
9.58104 0.242309
9.58702 0.242396
9.59499 0.242346
9.60136 0.242303
9.60455 0.242265
9.6165 0.242232
9.62088 0.242203
9.62606 0.242928
9.63244 0.243437
9.63722 0.243757
9.64359 0.244162
9.64917 0.244517
9.65315 0.244577
9.65993 0.24488
9.6671 0.245395
9.67347 0.245596
9.67786 0.245521
9.68542 0.245956
9.68941 0.245837
9.69618 0.246107
9.70136 0.246094
9.70893 0.246332
9.7153 0.24654
9.72287 0.246723
9.73044 0.247008
9.73642 0.247007
9.7424 0.247006
9.74837 0.247005
9.75554 0.247129
9.76192 0.247113
9.76789 0.247099
9.77228 0.246962
9.77985 0.247091
9.78542 0.24708
9.78901 0.24682
9.79538 0.246968
9.80136 0.246972
9.80853 0.2471
9.8161 0.247338
9.82128 0.24717
9.82566 0.246774
9.83124 0.246427
9.83562 0.245749
9.83801 0.244655
9.84598 0.244198
9.84957 0.242799
9.85395 0.241574
9.85992 0.240502
9.8651 0.239564
9.87148 0.238869
9.87666 0.238135
9.88144 0.237368
9.88821 0.237072
9.89578 0.236938
9.90255 0.236696
9.90773 0.236359
9.9145 0.236439
9.91769 0.235884
9.92287 0.235524
9.92685 0.234833
9.93405 0.234604
9.94082 0.234279
9.94802 0.234119
9.95639 0.234104
9.96276 0.233841
9.96874 0.233611
9.97511 0.233534
9.98189 0.233468
9.98826 0.233409
9.99503 0.233483
9.99982 0.233298
10.005 0.233135
10.0105 0.232869
10.0141 0.232385
10.0203 0.232212
10.0262 0.23206
10.0337 0.232053
10.042 0.232296
10.048 0.232259
10.0528 0.232102
10.0584 0.232214
10.0639 0.232187
10.0671 0.232164
10.0751 0.232768
10.0791 0.232922
10.0839 0.233057
10.0902 0.23355
10.0934 0.233606
10.097 0.233405
10.1022 0.233105
10.1062 0.232717
10.1102 0.232252
10.1157 0.231596
10.1229 0.231021
10.1305 0.230643
10.1357 0.230313
10.1432 0.230149
10.1464 0.230005
10.1524 0.230005
10.1564 0.230004
10.1639 0.229879
10.1703 0.229894
10.1779 0.229782
10.1859 0.229684
10.1906 0.229474
10.1954 0.229165
10.2012 0.228769
10.2085 0.228548
10.2148 0.228229
10.222 0.228076
10.2276 0.228066
10.2324 0.228058
10.2387 0.228051
10.2427 0.228044
10.2487 0.228039
10.2547 0.228034
10.2622 0.228155
10.2706 0.228135
10.2762 0.228118
10.2798 0.227979
10.2846 0.227731
10.2905 0.22764
10.2936 0.227435
10.3021 0.227381
10.3061 0.227333
10.3113 0.227416
10.3184 0.227489
10.3212 0.227553
10.3252 0.227609
10.3312 0.227783
10.3356 0.227935
10.3395 0.228068
10.3455 0.22831
10.3531 0.228646
10.3607 0.228815
10.367 0.229213
10.3722 0.229187
10.3754 0.229163
10.3802 0.229018
10.3842 0.228891
10.3917 0.228779
10.3985 0.228682
10.4057 0.228597
10.4136 0.228522
10.4184 0.228457
10.4236 0.2284
10.4296 0.22835
10.4367 0.228306
10.4431 0.228393
10.4503 0.228344
10.4563 0.228426
10.4607 0.228373
10.4654 0.228201
10.4691 0.228051
10.4758 0.227919
10.4818 0.227805
10.4894 0.227704
10.4977 0.227616
10.5029 0.227414
10.5065 0.227362
10.5113 0.227317
10.5177 0.227277
10.5208 0.227243
10.5296 0.227212
10.5332 0.227186
10.5392 0.227288
10.5467 0.227377
10.5499 0.227455
10.5531 0.227523
10.5579 0.227332
10.5627 0.227291
10.5671 0.227379
10.573 0.227457
10.5798 0.228275
10.5874 0.228991
10.5934 0.229492
10.5989 0.22968
10.6021 0.22972
10.6073 0.230005
10.6113 0.23013
10.6193 0.230738
10.626 0.231271
10.6332 0.231737
10.6408 0.232145
10.6447 0.232002
10.6499 0.231877
10.6559 0.231892
10.6631 0.232156
10.6695 0.232261
10.6766 0.232353
10.683 0.232309
10.6874 0.232146
10.6922 0.232127
10.6961 0.231987
10.7025 0.232113
10.7085 0.232224
10.7165 0.232571
10.7244 0.232875
10.7296 0.232765
10.7324 0.23242
10.7372 0.232242
10.7436 0.232212
10.7471 0.231935
10.7555 0.232319
10.7595 0.232029
10.7655 0.232025
10.773 0.232272
10.7766 0.231988
10.7802 0.231864
10.7854 0.231881
10.7902 0.232021
10.7945 0.232019
10.8009 0.232141
10.8077 0.232374
10.8153 0.232827
10.8208 0.232849
10.8256 0.232742
10.8292 0.232525
10.8348 0.232459
10.8396 0.232402
10.8467 0.232726
10.8539 0.232886
10.8611 0.23315
10.8679 0.233256
10.8726 0.233099
10.8774 0.233087
10.8834 0.233201
10.8906 0.233426
10.8969 0.233373
10.9041 0.233576
10.9109 0.233629
10.9145 0.233425
10.9192 0.233247
10.9244 0.233091
10.9304 0.233205
10.9364 0.233304
10.9443 0.233641
10.9519 0.233811
10.9575 0.23371
10.9603 0.233371
10.9651 0.233325
10.9714 0.233409
10.9754 0.233233
10.983 0.233454
10.9878 0.233272
10.9941 0.233488
11.0009 0.233677
11.0041 0.233342
11.0081 0.233175
11.0129 0.233028
11.018 0.233024
11.0232 0.233021
11.0296 0.233269
11.0364 0.23361
11.0439 0.233909
11.0495 0.23392
11.0543 0.23393
11.0571 0.233689
11.0599 0.233228
11.0659 0.232949
11.0706 0.232706
11.0778 0.232492
11.0854 0.232431
11.0926 0.232252
11.0981 0.232096
11.1029 0.231834
11.1077 0.231604
11.1137 0.231404
11.1212 0.231353
11.1284 0.231434
11.1356 0.23138
11.1416 0.231332
11.1455 0.231291
11.1503 0.231255
11.1559 0.231223
11.1615 0.231195
11.1674 0.231171
11.1754 0.231149
11.1826 0.231131
11.1878 0.230989
11.191 0.230866
11.1957 0.230757
11.2021 0.230788
11.2061 0.230814
11.2137 0.230837
11.2192 0.230983
11.2252 0.230985
11.2324 0.231112
11.2356 0.231098
11.24 0.231086
11.2447 0.2312
11.2495 0.231175
11.2543 0.231153
11.2611 0.231259
11.2678 0.231227
11.2754 0.231323
11.2806 0.231283
11.2854 0.231247
11.289 0.231217
11.2925 0.231439
11.2981 0.231635
11.3033 0.231805
11.3109 0.231955
11.3184 0.232085
11.3256 0.2322
11.3308 0.232175
11.3356 0.232278
11.3404 0.232368
11.3463 0.232447
11.3543 0.232516
11.3615 0.232577
11.3682 0.23263
11.3738 0.232551
11.3782 0.232607
11.383 0.232531
11.3882 0.23259
11.3937 0.232516
11.4001 0.232577
11.4081 0.232629
11.4153 0.232676
11.42 0.232716
11.424 0.232877
11.4288 0.232892
11.4348 0.232781
11.4388 0.232683
11.4467 0.232723
11.4519 0.232632
11.4583 0.232678
11.4655 0.232719
11.4686 0.232754
11.473 0.232909
11.4778 0.232921
11.4826 0.232931
11.4878 0.232939
11.4941 0.232947
11.5017 0.233079
11.5089 0.233069
11.5145 0.233185
11.5192 0.233287
11.5232 0.233501
11.5272 0.233688
11.5324 0.233727
11.5376 0.233762
11.5439 0.234541
11.5519 0.235349
11.5591 0.236055
11.5639 0.236298
11.5686 0.236511
11.5734 0.236697
11.5798 0.236985
11.587 0.237362
11.5941 0.237692
11.6005 0.237855
11.6069 0.237873
11.6113 0.237889
11.616 0.237903
11.6212 0.23804
11.6268 0.238035
11.6332 0.238281
11.6403 0.238496
11.6479 0.238559
11.6527 0.238364
11.6575 0.238193
11.6619 0.238044
11.6678 0.238164
11.6722 0.238143
11.6798 0.2385
11.6846 0.238438
11.6909 0.238508
11.6985 0.238695
11.7021 0.238483
11.7073 0.238547
11.7121 0.238604
11.7168 0.238653
11.7216 0.238697
11.728 0.23886
11.736 0.239127
11.7427 0.239361
11.7479 0.239316
11.7531 0.239277
11.7571 0.239117
11.7615 0.238977
11.7662 0.23898
11.7718 0.238983
11.7782 0.239235
11.7862 0.239706
11.7937 0.239992
11.7981 0.239868
11.8033 0.239885
11.8081 0.239899
11.8141 0.240037
11.8208 0.240157
11.828 0.240263
11.834 0.240105
11.8411 0.240217
11.8455 0.240065
11.8507 0.239931
11.8559 0.239815
11.8611 0.239838
11.8674 0.239983
11.8746 0.24011
11.8822 0.240347
11.8866 0.240178
11.8917 0.240031
11.8965 0.239902
11.9025 0.240039
11.9065 0.239909
11.914 0.240171
11.9192 0.240149
11.926 0.240381
11.9332 0.240708
11.9372 0.240495
11.9427 0.240433
11.9475 0.240379
11.9515 0.240206
11.9567 0.240181
11.9631 0.240408
11.9706 0.240732
11.9774 0.24089
11.983 0.240779
11.9882 0.240807
11.9921 0.240581
11.9969 0.240383
12.0017 0.240335
12.0069 0.240293
12.0136 0.240507
12.0216 0.240818
12.0292 0.241091
12.0324 0.24083
12.0356 0.240351
12.0411 0.240057
12.0455 0.239675
12.0511 0.239341
12.0583 0.239173
12.065 0.239026
12.071 0.238898
12.0786 0.238661
12.083 0.238453
12.0886 0.238397
12.0933 0.238347
12.0985 0.238179
12.1045 0.238031
12.1117 0.237902
12.1192 0.23779
12.1248 0.237816
12.1296 0.237839
12.1344 0.237859
12.1403 0.237877
12.1443 0.237892
12.1515 0.237781
12.1571 0.237808
12.163 0.237707
12.1702 0.237619
12.175 0.237666
12.1806 0.237708
12.1858 0.237745
12.1893 0.237776
12.1945 0.237804
12.2009 0.237704
12.2085 0.237741
12.2152 0.237773
12.2208 0.237802
12.2268 0.237826
12.2304 0.237848
12.2356 0.237992
12.2403 0.238118
12.2455 0.238228
12.2519 0.2382
12.2603 0.2383
12.2674 0.238262
12.271 0.238355
12.2746 0.238435
12.2802 0.238506
12.285 0.238568
12.2905 0.238622
12.2969 0.238544
12.3037 0.238476
12.3101 0.238541
12.3172 0.238599
12.322 0.238774
12.3284 0.238927
12.3328 0.238936
12.3379 0.238944
12.3439 0.238951
12.3503 0.238957
12.3579 0.238838
12.3638 0.238858
12.3686 0.238876
12.3734 0.238891
12.3798 0.238905
12.3834 0.238917
12.3901 0.238927
12.3957 0.238811
12.4021 0.238835
12.4093 0.238855
12.414 0.238874
12.42 0.239014
12.4252 0.239138
12.4296 0.239245
12.4344 0.23934
12.4407 0.239422
12.4483 0.239494
12.4547 0.239433
12.4603 0.239504
12.4662 0.239566
12.4702 0.23962
12.4754 0.239667
12.4806 0.239709
12.4858 0.239745
12.4921 0.239902
12.4997 0.239789
12.5069 0.239691
12.5109 0.239604
12.5148 0.239654
12.5204 0.239697
12.5244 0.240235
12.53 0.240831
12.5363 0.241477
12.5431 0.242167
12.5495 0.242646
12.5567 0.243065
12.5614 0.243182
12.5678 0.24341
12.5726 0.243483
12.5774 0.243673
12.583 0.243839
12.5897 0.244109
12.5969 0.244345
12.6033 0.244552
12.6081 0.244608
12.6132 0.244657
12.6192 0.244825
12.6228 0.244597
12.6296 0.244772
12.6359 0.244801
12.6419 0.244951
12.6491 0.245207
12.6543 0.245181
12.6599 0.245158
12.665 0.245139
12.6702 0.245121
12.675 0.245106
12.681 0.245218
12.6881 0.245566
12.6941 0.24562
12.7005 0.245667
12.7069 0.245709
12.7104 0.245495
12.7156 0.245433
12.7204 0.245379
12.7256 0.245332
12.7316 0.245415
12.7395 0.245613
12.7467 0.245787
12.7507 0.245563
12.7551 0.245493
12.761 0.245681
12.765 0.245596
12.7706 0.245647
12.777 0.245816
12.7834 0.245964
12.7893 0.245968
12.7965 0.246097
12.8017 0.24596
12.8085 0.24609
12.8132 0.246079
12.8184 0.246069
12.8232 0.24606
12.8304 0.246303
12.8371 0.246515
12.8435 0.246576
12.8487 0.246379
12.8547 0.246331
12.8602 0.246415
12.8638 0.246113
12.8706 0.246349
12.8774 0.246555
12.883 0.246611
12.8901 0.24691
12.8953 0.246796
12.9009 0.246696
12.9061 0.246734
12.9112 0.246643
12.916 0.246562
12.9216 0.246617
12.9288 0.24679
12.9343 0.246691
12.9411 0.24673
12.9475 0.246763
12.9515 0.246543
12.9567 0.246475
12.9618 0.246416
12.9666 0.246364
12.9726 0.246443
12.9806 0.246763
12.9873 0.246918
12.9917 0.246678
12.9965 0.246593
13.0021 0.246644
13.0061 0.246438
13.012 0.246509
13.0184 0.246695
13.0244 0.246858
13.0304 0.246876
13.0379 0.247016
13.0403 0.246639
13.0439 0.246059
13.0507 0.245552
13.0559 0.245108
13.0606 0.24472
13.0654 0.24438
13.0726 0.244082
13.0798 0.243822
13.0861 0.243719
13.0909 0.243504
13.0969 0.243316
13.1025 0.243152
13.1061 0.243133
13.1128 0.242991
13.12 0.242992
13.1252 0.242993
13.1324 0.242869
13.1379 0.24276
13.1435 0.24279
13.1487 0.242692
13.1539 0.242605
13.1582 0.242529
13.1642 0.242588
13.171 0.242515
13.177 0.24245
13.1833 0.242394
13.1897 0.242345
13.1937 0.242302
13.1989 0.242264
13.2041 0.242356
13.2092 0.242437
13.2148 0.242382
13.2232 0.242459
13.2296 0.242402
13.2339 0.242352
13.2387 0.242308
13.2443 0.242269
13.2487 0.242236
13.2543 0.242206
13.261 0.242305
13.2666 0.242267
13.2726 0.242234
13.2802 0.24233
13.2833 0.242413
13.2861 0.242487
13.2929 0.242426
13.2981 0.242498
13.3033 0.24256
13.3076 0.24249
13.3148 0.242429
13.322 0.242375
13.3284 0.242329
13.3331 0.242412
13.3391 0.242486
13.3451 0.24255
13.3487 0.242481
13.3551 0.242546
13.3626 0.242478
13.3678 0.242418
13.3754 0.242491
13.381 0.242555
13.3857 0.242485
13.3897 0.2423
13.3937 0.242012
13.3973 0.241636
13.4013 0.241056
13.4057 0.240299
13.4108 0.239512
13.4168 0.238698
13.4232 0.238111
13.4268 0.237472
13.4323 0.237038
13.4375 0.236533
13.4427 0.236091
13.4487 0.23583
13.4559 0.235351
13.4602 0.234807
13.463 0.234206
13.4662 0.233431
13.471 0.232627
13.4754 0.231923
13.4818 0.231308
13.4889 0.23077
13.4949 0.230423
13.5017 0.230245
13.5089 0.229965
13.5125 0.229844
13.516 0.229864
13.5204 0.229631
13.5242 0.229177
13.5296 0.22878
13.5328 0.228807
13.5399 0.229206
13.5474 0.229681
13.5546 0.230095
13.5594 0.230209
13.5654 0.230432
13.5713 0.230628
13.5757 0.23055
13.5809 0.230731
13.5877 0.23089
13.5937 0.230904
13.6008 0.231166
13.6064 0.231145
13.612 0.231127
13.6156 0.230986
13.6196 0.230863
13.6235 0.230755
13.6279 0.23066
13.6323 0.230703
13.6383 0.23099
13.6431 0.231241
13.6483 0.231336
13.6521 0.231044
13.658 0.231164
13.6636 0.231143
13.6692 0.23125
13.6756 0.231469
13.6831 0.23191
13.6875 0.231922
13.6907 0.231681
13.6943 0.231596
13.6991 0.231772
13.7035 0.2318
13.7082 0.23195
13.7146 0.232081
13.7206 0.232071
13.7278 0.232187
13.7353 0.232414
13.7393 0.232237
13.7429 0.231958
13.7469 0.231713
13.7513 0.231624
13.7568 0.231671
13.7604 0.231587
13.7668 0.231889
13.7744 0.232277
13.7815 0.232493
13.7863 0.232431
13.7923 0.232502
13.7983 0.232565
13.8027 0.232369
13.8074 0.232323
13.8142 0.232532
13.8202 0.232591
13.827 0.232642
13.8317 0.232437
13.8373 0.232257
13.8417 0.231975
13.8457 0.231728
13.8505 0.231637
13.8548 0.231557
13.86 0.231738
13.8664 0.232021
13.8712 0.232143
13.8764 0.23225
13.8799 0.232094
13.8855 0.232207
13.8907 0.232181
13.8963 0.232284
13.903 0.232498
13.9102 0.232811
13.915 0.23271
13.919 0.232496
13.9226 0.232434
13.9274 0.232505
13.9317 0.232442
13.9361 0.232511
13.9425 0.232697
13.9485 0.23286
13.9556 0.233128
13.9632 0.233487
13.9672 0.233301
13.9712 0.233138
13.976 0.233121
13.9803 0.233231
13.9855 0.233327
13.9899 0.233286
13.9959 0.2335
14.0034 0.233938
14.0102 0.234196
14.013 0.233921
14.0166 0.233431
14.0226 0.233002
14.0281 0.232627
14.0325 0.232299
14.0373 0.232011
14.0449 0.23176
14.0505 0.23154
14.0572 0.231472
14.0624 0.231413
14.0676 0.231237
14.072 0.231082
14.076 0.230947
14.0807 0.230828
14.0855 0.23085
14.0907 0.230744
14.0975 0.230776
14.1022 0.230804
14.107 0.230828
14.111 0.230975
14.117 0.230978
14.1218 0.230981
14.1273 0.230983
14.1341 0.230985
14.1409 0.230862
14.1461 0.230879
14.1505 0.231019
14.1548 0.231142
14.1592 0.231249
14.164 0.231468
14.1684 0.231535
14.1744 0.231593
14.1803 0.231644
14.1871 0.231688
14.1951 0.231727
14.1995 0.231761
14.203 0.231791
14.2074 0.231817
14.2122 0.23184
14.217 0.231735
14.2218 0.231768
14.2281 0.231922
14.2349 0.231807
14.2417 0.231706
14.2453 0.231743
14.2489 0.231775
14.2552 0.231928
14.2612 0.232062
14.266 0.232179
14.2708 0.232282
14.2771 0.232372
14.2831 0.23245
14.2895 0.232394
14.2951 0.23247
14.3003 0.232536
14.3042 0.232594
14.3082 0.232645
14.3134 0.232689
14.3182 0.232728
14.3238 0.232762
14.3309 0.232792
14.3357 0.232818
14.3405 0.232841
14.3445 0.23286
14.3497 0.232878
14.3548 0.232893
14.3608 0.232907
14.3676 0.232918
14.3736 0.232928
14.3795 0.232937
14.3835 0.232945
14.3887 0.233077
14.3935 0.233192
14.3987 0.233293
14.4026 0.233382
14.4082 0.233459
14.4142 0.233527
14.421 0.233461
14.4289 0.233403
14.4333 0.233478
14.4369 0.233418
14.4413 0.233491
14.4461 0.233554
14.4508 0.23361
14.456 0.233784
14.4628 0.233811
14.4696 0.23396
14.4759 0.233965
14.4799 0.233969
14.4839 0.234098
14.4899 0.234086
14.4947 0.2347
14.4991 0.235112
14.5042 0.235598
14.5102 0.236149
14.5158 0.23638
14.523 0.236708
14.5285 0.236994
14.5341 0.237245
14.5381 0.237339
14.5421 0.237422
14.5477 0.237619
14.5528 0.237792
14.5584 0.238068
14.5652 0.238559
14.57 0.238614
14.5751 0.238788
14.5791 0.238814
14.5847 0.238962
14.5891 0.239092
14.5947 0.239206
14.6022 0.239555
14.6082 0.239735
14.6138 0.239769
14.6182 0.239672
14.6234 0.239713
14.6285 0.239749
14.6329 0.239656
14.6373 0.239574
14.6425 0.239627
14.6489 0.239674
14.6556 0.239839
14.6628 0.240109
14.668 0.239971
14.672 0.239724
14.6767 0.239759
14.6815 0.239789
14.6863 0.239815
14.6911 0.239963
14.6979 0.240093
14.7042 0.240331
14.7106 0.240415
14.715 0.240238
14.719 0.240083
14.7249 0.240198
14.7293 0.240173
14.7341 0.240152
14.7393 0.240133
14.7453 0.240241
14.752 0.240461
14.7592 0.240903
14.764 0.240915
14.7696 0.240926
14.7743 0.24081
14.7779 0.240584
14.7835 0.240636
14.7887 0.240681
14.7943 0.240846
14.8006 0.24099
14.8058 0.240867
14.8114 0.241008
14.8154 0.240882
14.8214 0.241022
14.8257 0.241019
14.8313 0.241142
14.8381 0.241499
14.8437 0.241437
14.85 0.241507
14.8548 0.241444
14.86 0.241513
14.8656 0.241574
14.87 0.241502
14.8743 0.241565
14.8791 0.241619
14.8851 0.241792
14.8927 0.242068
14.8994 0.242309
14.9042 0.242271
14.909 0.242237
14.9138 0.242207
14.9186 0.242181
14.9237 0.242159
14.9281 0.242139
14.9341 0.242246
14.9405 0.242341
14.9465 0.242298
14.9516 0.242136
14.956 0.242119
14.962 0.242229
14.9672 0.242325
14.972 0.242285
14.9747 0.241999
14.9791 0.241749
14.9851 0.241531
14.9919 0.241214
14.9986 0.240937
15.0034 0.24082
15.009 0.240718
15.0138 0.240503
15.0174 0.24044
15.0233 0.240385
15.0281 0.240337
15.0337 0.24017
15.0401 0.240149
15.0449 0.240005
15.0508 0.239879
15.0552 0.239894
15.0612 0.239908
15.066 0.239919
15.072 0.239929
15.0775 0.239813
15.0831 0.239837
15.0891 0.239732
15.0943 0.239765
15.0998 0.23967
15.105 0.239711
15.1102 0.239872
15.1146 0.239888
15.119 0.239777
15.1249 0.23968
15.1325 0.23972
15.1393 0.239755
15.1445 0.239786
15.1492 0.239812
15.1544 0.239961
15.1592 0.240091
15.1636 0.240079
15.1688 0.240069
15.1743 0.240061
15.1807 0.240053
15.1867 0.240047
15.1919 0.240041
15.1963 0.240036
15.2026 0.240156
15.2078 0.240137
15.2126 0.240245
15.2158 0.240339
15.2202 0.240422
15.2261 0.240494
15.2325 0.240557
15.2393 0.240613
15.2441 0.240661
15.2496 0.240578
15.2548 0.240631
15.2584 0.240677
15.2644 0.240718
15.2692 0.240753
15.2751 0.240909
15.2815 0.24092
15.2867 0.241055
15.2927 0.241173
15.2974 0.241277
15.3034 0.241367
15.3082 0.241571
15.3142 0.24175
15.3194 0.241781
15.3245 0.241683
15.3305 0.241598
15.3357 0.241523
15.3417 0.241583
15.3468 0.24151
15.352 0.241571
15.3564 0.241625
15.3612 0.241797
15.3672 0.241947
15.3743 0.241954
15.3807 0.241835
15.3863 0.241855
15.3907 0.241748
15.3966 0.24178
15.4014 0.241807
15.4058 0.241831
15.4106 0.241852
15.4162 0.241871
15.4225 0.241887
15.4281 0.241901
15.4333 0.241914
15.4381 0.241924
15.4449 0.241934
15.4504 0.242067
15.4552 0.242184
15.4584 0.242286
15.4624 0.24225
15.4696 0.242344
15.4755 0.242426
15.4823 0.242498
15.4863 0.242435
15.4919 0.242381
15.4958 0.242833
15.4994 0.243104
15.5058 0.243591
15.5106 0.243892
15.5166 0.244281
15.5225 0.244621
15.5277 0.244793
15.5337 0.245069
15.5385 0.245185
15.5449 0.245412
15.5492 0.245486
15.5552 0.245675
15.5608 0.245716
15.566 0.245751
15.5715 0.245907
15.5767 0.245919
15.5827 0.246054
15.5883 0.246172
15.5931 0.246276
15.5974 0.246116
15.6026 0.246102
15.6086 0.246214
15.6154 0.246437
15.6217 0.246508
15.6273 0.246569
15.6321 0.246498
15.6377 0.246561
15.6425 0.246491
15.6468 0.246304
15.652 0.246391
15.6576 0.246467
15.664 0.246534
15.6692 0.246592
15.6743 0.246518
15.6795 0.246453
15.6859 0.246522
15.6915 0.246582
15.6966 0.246509
15.6994 0.246195
15.7034 0.246046
15.7106 0.24629
15.717 0.246379
15.7233 0.246581
15.7273 0.246384
15.7329 0.246336
15.7369 0.246169
15.7409 0.246023
15.7472 0.24627
15.752 0.246361
15.7576 0.246441
15.764 0.246511
15.7688 0.246447
15.7747 0.246516
15.7799 0.246452
15.7859 0.24652
15.7903 0.246455
15.7962 0.246523
15.8018 0.246458
15.8074 0.246526
15.8126 0.246585
15.8178 0.246512
15.8237 0.246573
15.8293 0.246626
15.8341 0.246548
15.8385 0.246354
15.8437 0.24631
15.85 0.246521
15.8564 0.246706
15.8632 0.246868
15.8684 0.246884
15.8731 0.246774
15.8787 0.246677
15.8835 0.246593
15.8879 0.246393
15.8931 0.246469
15.899 0.246536
15.905 0.246719
15.9106 0.246754
15.9154 0.24666
15.9205 0.246577
15.9269 0.24663
15.9325 0.246676
15.9377 0.246592
15.9405 0.246268
15.9444 0.246109
15.9516 0.246346
15.958 0.246427
15.9644 0.246624
15.9683 0.246421
15.9739 0.246368
15.9779 0.246197
15.9819 0.246048
15.9883 0.246292
15.9927 0.24613
15.9966 0.245864
16.001 0.245631
16.0034 0.244927
16.0062 0.244061
16.0102 0.243054
16.0138 0.241922
16.0181 0.240807
16.0213 0.239581
16.0253 0.238258
16.0293 0.236976
16.0336 0.235604
16.0389 0.234403
16.044 0.233353
16.0498 0.232434
16.0555 0.23163
16.0602 0.230926
16.0651 0.230435
16.07 0.229881
16.0768 0.229396
16.0839 0.229096
16.0911 0.228959
16.0975 0.228964
16.1026 0.228969
16.1082 0.229098
16.1138 0.22921
16.1186 0.229434
16.125 0.22963
16.1313 0.229926
16.1377 0.230185
16.1437 0.230537
16.1493 0.23097
16.1556 0.231474
16.1624 0.23204
16.1684 0.232535
16.1736 0.232968
16.1768 0.233347
16.1815 0.233803
16.1891 0.234328
16.1943 0.234662
16.1987 0.234579
16.2019 0.234382
16.2062 0.234209
16.2094 0.233933
16.2126 0.233566
16.2174 0.232996
16.221 0.232371
16.2238 0.2317
16.2273 0.230987
16.2297 0.230364
16.2323 0.229818
16.2369 0.229341
16.2399 0.228923
16.2442 0.228558
16.2476 0.228238
16.2517 0.227958
16.2561 0.227839
16.2609 0.227734
16.266 0.227767
16.2716 0.227796
16.2776 0.227822
16.2832 0.227844
16.2883 0.227863
16.2935 0.227881
16.2991 0.228145
16.3063 0.228377
16.3142 0.228705
16.3218 0.228867
16.3282 0.229134
16.3346 0.229492
16.3401 0.229805
16.3465 0.230205
16.3517 0.230554
16.3585 0.230985
16.3652 0.231362
16.3716 0.231692
16.3776 0.23198
16.382 0.231983
16.3867 0.23186
16.3919 0.231502
16.3967 0.231065
16.4007 0.230556
16.4035 0.230112
16.4079 0.229598
16.4152 0.229148
16.4204 0.228755
16.425 0.228535
16.4281 0.228343
16.4323 0.22805
16.4362 0.227919
16.4394 0.227804
16.445 0.227704
16.4489 0.227741
16.4525 0.227898
16.4561 0.228036
16.4593 0.228281
16.4625 0.228496
16.4669 0.228684
16.4704 0.228974
16.4752 0.229227
16.478 0.229824
16.482 0.230471
16.4872 0.231162
16.4924 0.231767
16.4971 0.232421
16.5039 0.232993
16.5103 0.233744
16.5159 0.234276
16.5218 0.234742
16.527 0.235274
16.533 0.23574
16.5406 0.236397
16.5485 0.237098
16.5561 0.23771
16.5621 0.238122
16.5689 0.238356
16.5728 0.238312
16.578 0.238273
16.582 0.237989
16.5872 0.23774
16.592 0.237148
16.5967 0.236379
16.6025 0.235707
16.6069 0.234868
16.6119 0.23426
16.6168 0.233727
16.6216 0.233261
16.626 0.232729
16.6296 0.232263
16.6347 0.232105
16.6415 0.232342
16.6471 0.232299
16.6519 0.232137
16.6551 0.23187
16.6594 0.231761
16.6634 0.231666
16.667 0.231583
16.6726 0.23176
16.677 0.23179
16.681 0.231816
16.6849 0.231839
16.6885 0.231859
16.6921 0.232002
16.6973 0.232377
16.7017 0.232704
16.7065 0.233116
16.7096 0.233227
16.714 0.233573
16.7196 0.234002
16.7248 0.234377
16.7304 0.23483
16.7375 0.235476
16.7439 0.236041
16.7503 0.236536
16.7567 0.237094
16.7618 0.237457
16.7666 0.23765
16.7722 0.237944
16.7782 0.237951
16.7837 0.237582
16.7881 0.236884
16.7941 0.236274
16.7977 0.235365
16.8033 0.234819
16.8073 0.234092
16.8129 0.23358
16.8185 0.233258
16.8228 0.232975
16.8292 0.232979
16.8344 0.232856
16.8392 0.232874
16.844 0.232765
16.8491 0.232794
16.8531 0.232695
16.8567 0.232483
16.8627 0.232548
16.8691 0.232854
16.8746 0.232872
16.8794 0.232763
16.8834 0.232668
16.8882 0.232709
16.8926 0.232746
16.8961 0.232778
16.9021 0.233055
16.9065 0.233173
16.9109 0.233277
16.9153 0.233492
16.9197 0.233681
16.9236 0.233846
16.9288 0.234115
16.934 0.234351
16.9392 0.234807
16.9428 0.234956
16.9475 0.235336
16.9535 0.235794
16.9583 0.236195
16.9607 0.236171
16.9643 0.235899
16.9698 0.235412
16.975 0.234985
16.9798 0.234237
16.9846 0.233458
16.9894 0.232775
16.9942 0.232178
17.0001 0.231656
17.0057 0.231074
17.0121 0.230815
17.0165 0.230463
17.0224 0.230155
17.0264 0.230011
17.0316 0.229759
17.036 0.229539
17.0408 0.229347
17.0467 0.229179
17.0515 0.229156
17.0575 0.229012
17.0627 0.228885
17.0679 0.228775
17.0726 0.228803
17.0782 0.228827
17.0822 0.228849
17.0866 0.228993
17.0926 0.229119
17.0985 0.229104
17.1045 0.229216
17.1093 0.229314
17.1137 0.2294
17.1189 0.229475
17.1236 0.229665
17.1276 0.229832
17.1336 0.229978
17.1384 0.230231
17.1428 0.230452
17.1475 0.230646
17.1511 0.230815
17.1547 0.230838
17.1587 0.230733
17.1631 0.230642
17.1675 0.230311
17.1706 0.230022
17.1754 0.22977
17.1814 0.229548
17.1866 0.229355
17.1898 0.229311
17.1937 0.229272
17.1993 0.229363
17.2049 0.229317
17.2101 0.229528
17.2149 0.229587
17.2196 0.229638
17.2244 0.229684
17.2304 0.229723
17.236 0.229758
17.2424 0.229788
17.2467 0.229815
17.2527 0.229838
17.2571 0.229983
17.2623 0.23011
17.2671 0.230346
17.2718 0.230428
17.2778 0.2305
17.2826 0.230562
17.2886 0.230617
17.2937 0.230665
17.2993 0.230832
17.3041 0.230978
17.3097 0.23098
17.3141 0.231108
17.3188 0.231219
17.3248 0.231317
17.3308 0.231402
17.3364 0.231477
17.3404 0.231417
17.3443 0.231365
17.3483 0.231195
17.3523 0.23092
17.3559 0.230555
17.3619 0.230236
17.3671 0.230081
17.3714 0.229946
17.3766 0.229828
17.3806 0.229724
17.3846 0.229759
17.389 0.229789
17.3933 0.229815
17.3981 0.229963
17.4017 0.230093
17.4069 0.230206
17.4125 0.230306
17.4173 0.230392
17.4212 0.230593
17.4252 0.230769
17.4316 0.230923
17.4356 0.231558
17.4412 0.232238
17.4459 0.232583
17.4507 0.23301
17.4559 0.233384
17.4619 0.233836
17.4671 0.234232
17.4738 0.234703
17.4782 0.234865
17.4842 0.235257
17.4886 0.23535
17.4941 0.235556
17.4989 0.235611
17.5037 0.23566
17.5101 0.236077
17.5149 0.236193
17.5208 0.236419
17.5264 0.236616
17.5308 0.236664
17.5348 0.236456
17.5392 0.236274
17.5431 0.23599
17.5479 0.235616
17.5539 0.235539
17.5599 0.235472
17.5651 0.235413
17.5698 0.235111
17.5742 0.234972
17.5782 0.234851
17.583 0.234744
17.5866 0.234651
17.5925 0.234945
17.5977 0.235077
17.6021 0.235067
17.6073 0.235184
17.6113 0.235161
17.6157 0.235141
17.6204 0.235248
17.6248 0.235342
17.63 0.235424
17.6336 0.235371
17.6388 0.235575
17.6447 0.235878
17.6495 0.236018
17.6535 0.236016
17.6579 0.236014
17.6643 0.236387
17.6682 0.236464
17.6742 0.236781
17.679 0.236808
17.6838 0.236957
17.689 0.237088
17.6949 0.237327
17.7001 0.237536
17.7069 0.237719
17.7117 0.237754
17.718 0.238035
17.7216 0.237905
17.726 0.237917
17.73 0.237553
17.734 0.237233
17.7408 0.237204
17.7455 0.236929
17.7515 0.236938
17.7571 0.236945
17.7615 0.236702
17.7655 0.236489
17.7702 0.236428
17.7742 0.23625
17.779 0.236094
17.7854 0.236332
17.7909 0.236415
17.7961 0.236488
17.8013 0.236427
17.8057 0.236374
17.8101 0.236327
17.8145 0.236286
17.8184 0.236251
17.8244 0.236469
17.8296 0.236536
17.8344 0.236594
17.8392 0.236644
17.8435 0.236564
17.8479 0.236493
17.8527 0.236557
17.8575 0.236612
17.8627 0.236786
17.8662 0.236812
17.8718 0.236961
17.8778 0.237216
17.8826 0.237314
17.887 0.237275
17.8913 0.237365
17.8981 0.23782
17.9021 0.237842
17.9081 0.238112
17.9109 0.237848
17.9141 0.237617
17.918 0.23729
17.9224 0.236879
17.928 0.236394
17.9336 0.23597
17.94 0.235598
17.9451 0.235399
17.9515 0.235099
17.9555 0.234961
17.9599 0.234716
17.9643 0.234752
17.9682 0.234783
17.975 0.23481
17.9802 0.234834
17.9862 0.234854
17.9909 0.234623
17.9957 0.234545
17.9997 0.234477
18.0045 0.234417
18.0093 0.23449
18.0141 0.234679
18.02 0.234719
18.026 0.234879
18.0308 0.234769
18.0356 0.234673
18.0403 0.234714
18.0451 0.23475
18.0491 0.234781
18.0539 0.234808
18.0599 0.234832
18.065 0.234978
18.0698 0.234981
18.0746 0.234983
18.0794 0.23511
18.0834 0.235222
18.0886 0.235319
18.0933 0.235404
18.0989 0.235479
18.1033 0.235669
18.1073 0.23571
18.1121 0.235621
18.1168 0.235419
18.1216 0.235366
18.1264 0.235321
18.1324 0.235155
18.1372 0.235136
18.1431 0.235119
18.1463 0.235229
18.1499 0.235201
18.1539 0.235175
18.1583 0.235279
18.1635 0.235369
18.1694 0.235448
18.1758 0.235517
18.1814 0.235577
18.1878 0.23563
18.1917 0.235676
18.1961 0.235842
18.2005 0.235861
18.2045 0.235879
18.2113 0.235894
18.2164 0.235907
18.2224 0.235919
18.2272 0.236054
18.232 0.236047
18.236 0.236041
18.2407 0.236036
18.2459 0.236032
18.2507 0.236028
18.2563 0.236024
18.2623 0.236021
18.2674 0.236144
18.2722 0.236251
18.277 0.236219
18.2818 0.236192
18.2862 0.236293
18.2909 0.236381
18.2969 0.236459
18.3017 0.236401
18.3057 0.236351
18.3105 0.236307
18.3152 0.236269
18.3192 0.236235
18.3244 0.236206
18.3292 0.23618
18.3352 0.236283
18.3399 0.236247
18.3435 0.236216
18.3483 0.236189
18.3531 0.236291
18.3579 0.236254
18.3631 0.236348
18.3694 0.236429
18.3742 0.2365
18.3798 0.236438
18.3842 0.236633
18.3881 0.236929
18.3917 0.237063
18.3961 0.23718
18.4013 0.237283
18.4073 0.237372
18.4136 0.237451
18.4192 0.237519
18.4244 0.238204
18.4284 0.238554
18.4328 0.23886
18.4376 0.239127
18.4419 0.239361
18.4479 0.239816
18.4535 0.240089
18.4595 0.240453
18.4642 0.240646
18.469 0.240816
18.473 0.240964
18.4778 0.241093
18.483 0.241207
18.4877 0.241306
18.4933 0.241517
18.4985 0.241578
18.5029 0.241381
18.5077 0.241208
18.5128 0.241057
18.518 0.241175
18.5224 0.241153
18.5272 0.241134
18.5328 0.241242
18.5375 0.241212
18.5419 0.24106
18.5467 0.241053
18.5515 0.241046
18.5559 0.240915
18.5611 0.241051
18.5662 0.24117
18.5718 0.241273
18.577 0.241239
18.581 0.241209
18.5854 0.241308
18.5901 0.241395
18.5949 0.241345
18.6005 0.241552
18.6069 0.241733
18.6117 0.241766
18.6164 0.241796
18.6212 0.241821
18.6252 0.241719
18.6292 0.241629
18.634 0.241675
18.6387 0.241716
18.6447 0.241876
18.6515 0.242142
18.6563 0.242249
18.6622 0.242343
18.6658 0.242175
18.6706 0.242153
18.6758 0.242259
18.6798 0.242227
18.6858 0.242448
18.6913 0.242642
18.6961 0.242687
18.7009 0.242476
18.7057 0.242292
18.7097 0.242005
18.7144 0.24188
18.72 0.24202
18.7252 0.242142
18.7304 0.242249
18.736 0.242218
18.7395 0.242066
18.7443 0.242058
18.7503 0.242175
18.7555 0.242279
18.7603 0.242244
18.765 0.242338
18.7702 0.242421
18.775 0.242368
18.7798 0.242322
18.7846 0.242407
18.7893 0.242481
18.7945 0.242546
18.7993 0.242728
18.8041 0.242762
18.8105 0.242917
18.8152 0.243052
18.82 0.24317
18.8236 0.243149
18.8284 0.243131
18.8336 0.243114
18.8391 0.24335
18.8451 0.243556
18.8499 0.243487
18.8551 0.243551
18.8599 0.243482
18.8642 0.243422
18.8682 0.243369
18.8734 0.243448
18.8782 0.243642
18.8838 0.243812
18.8901 0.244085
18.8945 0.24395
18.9005 0.243956
18.9041 0.243711
18.9093 0.243747
18.914 0.243779
18.918 0.243682
18.9236 0.243721
18.9292 0.243756
18.9324 0.243412
18.9359 0.24286
18.9407 0.242503
18.9455 0.24219
18.9495 0.241916
18.9547 0.241677
18.9603 0.241467
18.9654 0.241284
18.9714 0.241248
18.9762 0.241217
18.9802 0.24119
18.985 0.241041
18.9909 0.240911
18.9969 0.240922
19.0017 0.240932
19.0065 0.24094
19.0112 0.240948
19.016 0.241079
19.0208 0.241069
19.0256 0.241061
19.0304 0.241053
19.0351 0.241047
19.0403 0.241041
19.0451 0.241036
19.0519 0.241031
19.0567 0.241027
19.0614 0.241024
19.0654 0.241146
19.0702 0.241253
19.075 0.241221
19.0806 0.241193
19.0869 0.241169
19.0909 0.241148
19.0957 0.241005
19.1005 0.241004
19.1053 0.241004
19.1093 0.241003
19.114 0.241003
19.1188 0.240877
19.1252 0.241018
19.1308 0.24089
19.1355 0.240904
19.1411 0.240916
19.1451 0.240927
19.1499 0.240811
19.1551 0.240834
19.1595 0.240855
19.1646 0.240873
19.1706 0.240889
19.1742 0.241028
19.1778 0.241149
19.1826 0.241256
19.1873 0.241349
19.1917 0.24143
19.1969 0.241501
19.2029 0.241564
19.2081 0.241743
19.214 0.2419
19.2188 0.241913
19.2232 0.242049
19.228 0.242168
19.234 0.242272
19.2395 0.242363
19.2443 0.242442
19.2495 0.242512
19.2543 0.242573
19.2591 0.242626
19.2634 0.242673
19.2682 0.242714
19.2734 0.24275
19.2782 0.242781
19.2834 0.242808
19.2877 0.242707
19.2945 0.242744
19.2993 0.242776
19.3041 0.242804
19.3081 0.242828
19.3128 0.242725
19.3176 0.242759
19.3232 0.242789
19.3292 0.242816
19.3328 0.242714
19.3375 0.242625
19.3423 0.242546
19.3475 0.242478
19.3523 0.242543
19.3571 0.2426
19.3618 0.24265
19.3678 0.242569
19.3734 0.242623
19.3782 0.24267
19.3834 0.242586
19.3877 0.242513
19.3929 0.242574
19.3977 0.242502
19.4021 0.242564
19.4069 0.242494
19.4128 0.242432
19.4164 0.242378
19.42 0.242456
19.4248 0.242399
19.4296 0.242349
19.4339 0.242305
19.4391 0.242392
19.4443 0.243093
19.4491 0.243582
19.4551 0.244009
19.4598 0.244133
19.4646 0.244366
19.4694 0.24457
19.475 0.244874
19.481 0.24514
19.4857 0.245247
19.4905 0.245341
19.4953 0.245424
19.5001 0.245496
19.5049 0.245434
19.5096 0.245505
19.5144 0.245567
19.5192 0.245621
19.5244 0.245668
19.5288 0.245585
19.5355 0.245887
19.5403 0.245901
19.5451 0.245913
19.5491 0.245799
19.5539 0.245699
19.5586 0.245737
19.5646 0.245895
19.5702 0.246033
19.5738 0.245779
19.5786 0.245806
19.5837 0.245831
19.5889 0.245852
19.5933 0.24587
19.5981 0.245886
19.6029 0.245776
19.6088 0.245929
19.6144 0.246063
19.6192 0.246055
19.6244 0.246048
19.6288 0.245917
19.6339 0.245927
19.6387 0.245936
19.6435 0.245944
19.6483 0.245951
19.6539 0.246082
19.6578 0.245947
19.661 0.245829
19.6658 0.245725
19.671 0.245759
19.675 0.245665
19.6802 0.245831
19.6853 0.245853
19.6905 0.245871
19.6965 0.246012
19.7013 0.246011
19.7057 0.246009
19.7104 0.246008
19.716 0.246132
19.7224 0.246366
19.7268 0.24632
19.7316 0.24628
19.7363 0.246245
19.7411 0.246214
19.7459 0.246063
19.7511 0.24618
19.7559 0.246157
19.7606 0.246138
19.7654 0.24612
19.7698 0.24598
19.7766 0.246233
19.7817 0.246204
19.7861 0.246178
19.7905 0.246031
19.7949 0.245902
19.7997 0.245914
19.8057 0.24605
19.8112 0.246169
19.8148 0.245898
19.8196 0.24591
19.8248 0.245922
19.8304 0.246056
19.8343 0.246049
19.8391 0.246043
19.8439 0.245913
19.8499 0.246049
19.8555 0.246168
19.8602 0.246147
19.8654 0.246128
19.8698 0.245987
19.875 0.245989
19.8798 0.24599
19.8845 0.245991
19.8893 0.245993
19.8949 0.245993
19.8989 0.245869
19.9021 0.245761
19.9068 0.245666
19.912 0.245832
19.916 0.245853
19.9212 0.245997
19.9264 0.245997
19.9315 0.245997
19.9379 0.246123
19.9427 0.246107
19.9451 0.245844
19.9483 0.245488
19.9527 0.245052
19.9582 0.244671
19.9646 0.244337
19.969 0.244045
19.9742 0.243914
19.979 0.243675
19.9833 0.243466
19.9885 0.243407
19.9933 0.243231
19.9969 0.242953
20.0001 0.242583
20.0041 0.242136
20.0072 0.241619
20.012 0.240916
20.0164 0.240177
20.0212 0.23953
20.0252 0.238963
20.03 0.238468
20.0351 0.23816
20.0411 0.23789
20.0471 0.237653
20.0507 0.237447
20.0551 0.237266
20.0594 0.236983
20.0634 0.236485
20.0658 0.235799
20.069 0.234949
20.0726 0.234206
20.0778 0.23343
20.0829 0.232626
20.0877 0.231923
20.0925 0.231308
20.0973 0.230894
20.1021 0.230532
20.1068 0.230091
20.1116 0.229704
20.1164 0.229366
20.1212 0.229071
20.125 0.228687
20.1284 0.228351
20.1332 0.228182
20.1382 0.227909
20.1422 0.227671
20.1478 0.227462
20.153 0.227279
20.158 0.227244
20.165 0.227214
20.1697 0.227187
20.1725 0.227164
20.1753 0.227143
20.1805 0.22725
20.1849 0.227094
20.191 0.226957
20.1957 0.226963
20.2009 0.226842
20.2057 0.226862
20.2101 0.226879
20.2153 0.226894
20.22 0.226908
20.224 0.227044
20.2276 0.227039
20.232 0.227034
20.2352 0.227155
20.2396 0.227135
20.2435 0.227118
20.2475 0.226979
20.2519 0.226856
20.2567 0.226874
20.2619 0.226765
20.2675 0.226669
20.2738 0.226586
20.2778 0.226637
20.2818 0.226558
20.2862 0.226613
20.2906 0.226661
20.2937 0.226829
20.2965 0.226975
20.3001 0.227103
20.3049 0.22709
20.309 0.227079
20.3138 0.226944
20.3196 0.226951
20.3244 0.226957
20.3292 0.226963
20.334 0.226967
20.3388 0.226971
20.3435 0.226975
20.3483 0.226978
20.3523 0.227106
20.3555 0.227093
20.3603 0.227081
20.3647 0.226946
20.3686 0.226828
20.3743 0.226849
20.3799 0.226868
20.385 0.226885
20.3922 0.227024
20.3969 0.227021
20.4001 0.227143
20.4029 0.227125
20.4081 0.227235
20.4125 0.22733
20.4169 0.227914
20.4216 0.2283
20.4264 0.228637
20.4308 0.228808
20.4352 0.228957
20.4404 0.229087
20.4451 0.229201
20.4495 0.229176
20.4535 0.229154
20.4579 0.22926
20.4607 0.229227
20.4655 0.229324
20.4694 0.229408
20.4738 0.229482
20.4782 0.229672
20.483 0.229838
20.4874 0.229983
20.4927 0.23011
20.4989 0.230222
20.5029 0.230069
20.5069 0.229935
20.5117 0.229943
20.5161 0.22995
20.5192 0.229832
20.5224 0.229728
20.5264 0.229762
20.5312 0.229917
20.5352 0.230052
20.5396 0.230045
20.5455 0.23029
20.5493 0.230254
20.5541 0.230222
20.5597 0.230194
20.5648 0.230295
20.5692 0.230383
20.5744 0.23046
20.578 0.230278
20.582 0.230118
20.5868 0.230228
20.5915 0.230325
20.5955 0.230409
20.6007 0.230608
20.6059 0.230657
20.6101 0.2307
20.6177 0.230862
20.6229 0.230755
20.626 0.23066
20.6296 0.230453
20.6344 0.230646
20.6388 0.230565
20.6432 0.23062
20.6476 0.230667
20.6523 0.230709
20.6567 0.23062
20.6615 0.230668
20.6663 0.230709
20.6703 0.230621
20.6746 0.230418
20.6786 0.230241
20.683 0.230086
20.6861 0.22995
20.6905 0.229956
20.6949 0.229837
20.6993 0.229857
20.7041 0.23
20.7084 0.23
20.7124 0.23
20.718 0.230125
20.7244 0.230359
20.7284 0.230314
20.7324 0.230275
20.7372 0.230366
20.7411 0.23032
20.7447 0.23003
20.7491 0.230026
20.7531 0.230148
20.7575 0.230254
20.7615 0.230223
20.7658 0.230195
20.7718 0.23042
20.7754 0.230368
20.7802 0.230447
20.7862 0.230641
20.7906 0.230686
20.7949 0.2306
20.7997 0.230525
20.8037 0.230335
20.8077 0.230293
20.8125 0.230381
20.8168 0.230333
20.8212 0.230292
20.8264 0.23038
20.8312 0.230458
20.8356 0.230401
20.8431 0.230725
20.8483 0.23076
20.8511 0.23054
20.8547 0.230222
20.8593 0.230195
20.8637 0.230045
20.8682 0.23004
20.8725 0.22991
20.8773 0.229921
20.88 0.229681
20.8836 0.229346
20.8884 0.229052
20.8932 0.228796
20.8972 0.228571
20.9019 0.228375
20.9059 0.228203
20.9103 0.228178
20.9139 0.228031
20.9179 0.227902
20.9227 0.227914
20.9274 0.227925
20.9322 0.227934
20.9362 0.227942
20.9406 0.22795
20.9462 0.227956
20.9525 0.227961
20.9561 0.227966
20.9601 0.22797
20.9649 0.227849
20.9693 0.227868
20.9732 0.228009
20.9772 0.228008
20.9816 0.228007
20.986 0.228006
20.9904 0.228131
20.9948 0.228239
21.0003 0.228334
21.0039 0.228293
21.0091 0.228381
21.0147 0.228333
21.0191 0.228417
21.0234 0.22849
21.0286 0.228553
21.0322 0.228609
21.0366 0.228658
21.041 0.228576
21.0454 0.228629
21.0494 0.22855
21.0537 0.228356
21.0581 0.228187
21.0625 0.228039
21.0701 0.227909
21.0749 0.22767
21.0781 0.227586
21.082 0.227638
21.0864 0.227558
21.0908 0.227489
21.0956 0.227427
21.1 0.227374
21.1051 0.227452
21.1079 0.227396
21.1115 0.227471
21.1167 0.227537
21.1215 0.227595
21.1259 0.227646
21.1302 0.227815
21.1346 0.227963
21.139 0.228093
21.143 0.228206
21.147 0.228305
21.1518 0.228392
21.1565 0.228468
21.1613 0.228535
21.1649 0.228468
21.1697 0.228534
21.1753 0.228593
21.182 0.228768
21.1856 0.228797
21.1896 0.228823
21.1944 0.22897
21.1992 0.229099
21.2028 0.229086
21.2067 0.229076
21.2115 0.229191
21.2159 0.229292
21.2203 0.229381
21.2251 0.229583
21.231 0.22976
21.2342 0.229915
21.239 0.229926
21.2438 0.22981
21.2482 0.229709
21.2525 0.22962
21.2573 0.229543
21.2609 0.22935
21.2657 0.229306
21.2697 0.229268
21.2741 0.229234
21.278 0.229205
21.282 0.229179
21.2872 0.229157
21.2924 0.229262
21.2988 0.229105
21.3039 0.229092
21.3075 0.22908
21.3115 0.22907
21.3163 0.229186
21.3203 0.229288
21.3247 0.229252
21.3294 0.229346
21.3342 0.229302
21.3374 0.22939
21.341 0.229341
21.3462 0.229423
21.3502 0.229995
21.3553 0.230496
21.3593 0.230934
21.3645 0.231317
21.3689 0.231653
21.3729 0.231821
21.3765 0.232093
21.3816 0.232457
21.3868 0.232775
21.3912 0.233053
21.3952 0.233171
21.4 0.2334
21.4051 0.233725
21.4119 0.234009
21.4159 0.233883
21.4203 0.234023
21.4243 0.234145
21.4286 0.234127
21.4326 0.233986
21.4362 0.233988
21.441 0.233989
21.4454 0.233991
21.4498 0.233992
21.4545 0.233993
21.4601 0.234119
21.4633 0.233854
21.4681 0.233872
21.4729 0.233763
21.4776 0.233793
21.4828 0.233819
21.4876 0.233966
21.4912 0.233971
21.4964 0.234224
21.5 0.234196
21.5047 0.234297
21.5087 0.23426
21.5123 0.234227
21.5179 0.234324
21.5227 0.234408
21.5282 0.234607
21.5334 0.234656
21.5374 0.234574
21.5418 0.234502
21.5466 0.234565
21.551 0.234494
21.5549 0.234432
21.5601 0.234628
21.5645 0.234675
21.5681 0.23459
21.5721 0.234642
21.5772 0.234936
21.5812 0.234944
21.5868 0.235076
21.5908 0.235067
21.596 0.235183
21.6004 0.235285
21.6043 0.235375
21.6083 0.235453
21.6139 0.235646
21.6187 0.235816
21.6231 0.235964
21.627 0.235968
21.6314 0.235972
21.6362 0.236101
21.6426 0.236213
21.6462 0.236061
21.6509 0.235929
21.6549 0.235688
21.6593 0.235602
21.6637 0.235526
21.6677 0.235461
21.6725 0.235528
21.6772 0.235712
21.6816 0.235748
21.6868 0.235905
21.692 0.236041
21.6956 0.235911
21.7 0.235922
21.7047 0.235932
21.7095 0.236066
21.7143 0.236182
21.7191 0.236285
21.7227 0.236124
21.7282 0.236234
21.7318 0.236079
21.7366 0.236194
21.741 0.23617
21.7446 0.236149
21.7505 0.23638
21.7549 0.236458
21.7605 0.23665
21.7657 0.236694
21.7697 0.236607
21.7745 0.236656
21.7788 0.236699
21.7832 0.236737
21.7876 0.23677
21.7924 0.236924
21.7972 0.236933
21.8011 0.236942
21.8051 0.236949
21.8099 0.236955
21.8143 0.236961
21.8187 0.236966
21.8231 0.23697
21.8286 0.237099
21.833 0.237211
21.8366 0.23706
21.841 0.236927
21.8462 0.237062
21.8509 0.237054
21.8537 0.236797
21.8573 0.236447
21.8613 0.236142
21.8665 0.235999
21.8709 0.235749
21.8772 0.235655
21.8808 0.235448
21.8856 0.235392
21.8892 0.235343
21.8936 0.235175
21.898 0.235028
21.9023 0.235025
21.9071 0.235022
21.9119 0.234894
21.9163 0.234907
21.9215 0.234919
21.927 0.235054
21.9306 0.235047
21.9354 0.235166
21.9402 0.235271
21.945 0.235237
21.9493 0.235207
21.9541 0.235181
21.9577 0.235159
21.9633 0.235139
21.9669 0.235121
21.9721 0.235231
21.9764 0.235327
21.9804 0.235411
21.986 0.235485
21.9908 0.235549
21.9968 0.235606
22.0015 0.235655
22.0059 0.235698
22.0103 0.235736
22.0147 0.235769
22.0191 0.235798
22.0231 0.235823
22.0274 0.23572
22.0322 0.23563
22.0366 0.235551
22.0406 0.235482
22.0454 0.235547
22.0497 0.235479
22.0545 0.235544
22.0589 0.235476
22.0649 0.235541
22.0693 0.235599
22.0729 0.235649
22.0776 0.235818
22.0824 0.235841
22.0872 0.235985
22.0904 0.236112
22.094 0.236098
22.0976 0.236086
22.1027 0.236075
22.1071 0.236191
22.1127 0.236042
22.1167 0.236037
22.1215 0.236032
22.1254 0.236028
22.1306 0.23615
22.1354 0.236381
22.1394 0.236458
22.1438 0.236401
22.1489 0.236476
22.1537 0.236541
22.1585 0.236599
22.1637 0.236524
22.1673 0.236583
22.1725 0.236635
22.1768 0.236556
22.182 0.236737
22.1864 0.236769
22.1916 0.236798
22.1956 0.236948
22.2011 0.23708
22.2047 0.237195
22.2103 0.237296
22.2143 0.237384
22.2187 0.237461
22.2234 0.237403
22.2278 0.237353
22.2338 0.237309
22.2382 0.23727
22.2426 0.237236
22.247 0.237082
22.2513 0.237072
22.2561 0.237063
22.2601 0.237055
22.2653 0.237173
22.2697 0.237151
22.2748 0.237257
22.2784 0.23735
22.2832 0.237431
22.2872 0.237503
22.292 0.23744
22.296 0.237385
22.3023 0.237462
22.3067 0.237404
22.3099 0.237353
22.3151 0.237434
22.3199 0.23738
22.3242 0.237332
22.3282 0.237416
22.3322 0.237614
22.3362 0.237787
22.341 0.237814
22.3458 0.237837
22.3513 0.237982
22.3557 0.23811
22.3601 0.238221
22.3633 0.238693
22.3681 0.239232
22.3728 0.239578
22.3772 0.23988
22.3816 0.240145
22.3872 0.240627
22.392 0.240924
22.3964 0.241183
22.4015 0.24141
22.4059 0.241484
22.4107 0.241674
22.4155 0.241839
22.4203 0.242109
22.4246 0.242096
22.4294 0.242209
22.4338 0.242183
22.4386 0.242285
22.4426 0.242124
22.4481 0.242359
22.4517 0.242189
22.4561 0.242165
22.4617 0.24227
22.4665 0.242361
22.472 0.242691
22.476 0.242729
22.4804 0.242638
22.4848 0.242558
22.4884 0.242489
22.4936 0.242428
22.4983 0.242374
22.5035 0.242452
22.5079 0.242396
22.5131 0.242596
22.5167 0.242522
22.5215 0.242582
22.5254 0.242509
22.5302 0.24257
22.535 0.242624
22.5406 0.242921
22.5454 0.242931
22.5485 0.242815
22.5533 0.242963
22.5581 0.242967
22.5621 0.242971
22.5669 0.24285
22.5709 0.242744
22.5748 0.242651
22.5796 0.242694
22.5848 0.242858
22.5904 0.243125
22.5948 0.24311
22.5987 0.243096
22.6031 0.243084
22.6075 0.243199
22.6123 0.243299
22.6171 0.243511
22.6207 0.243447
22.6262 0.243642
22.631 0.243686
22.6354 0.243726
22.6402 0.24376
22.645 0.243665
22.6497 0.243707
22.6545 0.243743
22.6597 0.243775
22.6641 0.243804
22.6693 0.243953
22.6736 0.243959
22.6784 0.244089
22.682 0.244078
22.6872 0.244193
22.6912 0.244044
22.6956 0.244039
22.7007 0.244034
22.7055 0.24403
22.7107 0.244026
22.7151 0.243898
22.7191 0.243785
22.7242 0.243812
22.7282 0.243836
22.7334 0.243981
22.7382 0.244109
22.743 0.244095
22.7477 0.244083
22.7525 0.244198
22.7557 0.243923
22.7609 0.243933
22.7653 0.243941
22.7697 0.243948
22.7744 0.243955
22.78 0.244211
22.7848 0.244184
22.7884 0.244036
22.7928 0.244032
22.7979 0.244028
22.8023 0.244024
22.8071 0.244146
22.8115 0.244253
22.8159 0.244346
22.8202 0.244553
22.8254 0.244734
22.8306 0.244892
22.835 0.244781
22.8394 0.244808
22.8442 0.244957
22.8481 0.244962
22.8529 0.244967
22.8581 0.245096
22.8617 0.244959
22.8673 0.245214
22.8704 0.245063
22.8732 0.24468
22.8776 0.244345
22.8824 0.244052
22.8872 0.24392
22.8924 0.243805
22.8971 0.243705
22.9019 0.243491
22.9063 0.243305
22.9115 0.243142
22.9163 0.243124
22.921 0.243109
22.9242 0.24297
22.9294 0.242849
22.9338 0.242743
22.9382 0.242775
22.943 0.242678
22.9481 0.242718
22.9533 0.242753
22.9577 0.242659
22.9613 0.242577
22.9665 0.242505
22.9708 0.242442
22.9756 0.242386
22.9808 0.242338
22.9852 0.242421
22.99 0.242368
22.9952 0.242447
22.9979 0.242391
23.0031 0.242467
23.0075 0.242409
23.0119 0.242358
23.0167 0.242313
23.0222 0.242274
23.027 0.242365
23.0306 0.242319
23.035 0.242279
23.0402 0.242369
23.0445 0.242323
23.0493 0.242283
23.0537 0.242247
23.0581 0.242342
23.0629 0.242299
23.0681 0.242386
23.0732 0.242463
23.0772 0.24253
23.0816 0.242464
23.0864 0.242406
23.0904 0.242355
23.0951 0.242436
23.1003 0.242381
23.1039 0.242334
23.1095 0.242292
23.1131 0.24238
23.1155 0.242333
23.1198 0.242291
23.1246 0.242255
23.1294 0.242223
23.1346 0.242195
23.1394 0.242171
23.1445 0.242274
23.1485 0.24224
23.1537 0.24221
23.1585 0.242184
23.1633 0.242161
23.1669 0.242141
23.1716 0.242123
23.176 0.242233
23.1804 0.242204
23.1856 0.242303
23.1904 0.242265
23.1955 0.242232
23.1999 0.242203
23.2035 0.242178
23.2087 0.242156
23.2135 0.242261
23.2183 0.242353
23.223 0.242434
23.2274 0.24238
23.2326 0.242457
23.2374 0.2424
23.2402 0.242475
23.2457 0.242416
23.2497 0.242364
23.2541 0.242443
23.2593 0.242513
23.2645 0.242449
23.2692 0.242393
23.2728 0.242344
23.2772 0.242426
23.2824 0.242372
23.2868 0.242326
23.292 0.242285
23.2963 0.242375
23.3007 0.242328
23.3055 0.242412
23.3107 0.24236
23.3155 0.242315
23.3194 0.242276
23.3238 0.242241
23.329 0.242336
23.3326 0.242294
23.3378 0.242257
23.3426 0.242225
23.3461 0.242322
23.3513 0.242282
23.3541 0.242122
23.3565 0.241981
23.3589 0.241609
23.3625 0.241158
23.3657 0.240513
23.3688 0.239699
23.3712 0.239361
23.3744 0.238816
23.3776 0.238089
23.3832 0.237703
23.3872 0.23724
23.392 0.23671
23.3959 0.236121
23.4007 0.235856
23.4051 0.235624
23.4091 0.235296
23.4151 0.235259
23.4198 0.235102
23.425 0.235089
23.4294 0.234953
23.4338 0.234834
23.439 0.234855
23.4437 0.234873
23.4469 0.234639
23.4501 0.234309
23.4537 0.23377
23.4577 0.233299
23.4623 0.232887
23.4651 0.232276
23.4712 0.232116
23.4752 0.231852
23.4799 0.23162
23.4847 0.231418
23.4899 0.231241
23.4947 0.231085
23.4987 0.230825
23.5023 0.230722
23.5078 0.230631
23.5126 0.230553
23.5178 0.230608
23.5222 0.230657
23.5266 0.230575
23.5313 0.230628
23.5356 0.23055
23.5406 0.230481
23.5449 0.230296
23.5487 0.230134
23.5541 0.230242
23.5581 0.230087
23.5641 0.230326
23.5685 0.23041
23.5725 0.230359
23.578 0.230564
23.5812 0.230494
23.5844 0.230432
23.5868 0.230378
23.5908 0.230581
23.5936 0.230633
23.5968 0.230679
23.5999 0.230719
23.6035 0.230879
23.6067 0.231019
23.6123 0.231517
23.6163 0.231702
23.6211 0.231989
23.6246 0.232116
23.6278 0.232101
23.631 0.231964
23.6346 0.231593
23.6402 0.231519
23.645 0.231204
23.6501 0.231179
23.6545 0.230906
23.6589 0.230668
23.6644 0.23071
23.6688 0.230621
23.6724 0.230418
23.6756 0.230241
23.6792 0.230086
23.6828 0.22995
23.6872 0.229956
23.6912 0.229837
23.6972 0.230107
23.7012 0.230094
23.706 0.230082
23.7103 0.230197
23.7148 0.230172
23.7196 0.230151
23.7239 0.230007
23.7273 0.229881
23.7331 0.230021
23.7379 0.230018
23.7434 0.230141
23.7482 0.230248
23.7526 0.230217
23.7574 0.230315
23.7618 0.230276
23.7665 0.230366
23.7701 0.23032
23.7741 0.23028
23.7793 0.23037
23.7837 0.230199
23.7897 0.230299
23.794 0.230262
23.7976 0.230104
23.8029 0.230091
23.8062 0.22983
23.8093 0.229601
23.8117 0.229276
23.8158 0.229241
23.8194 0.229211
23.823 0.229185
23.8265 0.229287
23.8309 0.229501
23.8337 0.229563
23.8397 0.229993
23.8433 0.230119
23.8461 0.230104
23.8501 0.229966
23.8532 0.229845
23.8564 0.22974
23.8596 0.229522
23.8636 0.229457
23.8688 0.229275
23.8736 0.22924
23.8791 0.22921
23.8839 0.229184
23.8883 0.229286
23.8927 0.229125
23.8959 0.22886
23.8989 0.228502
23.9018 0.228189
23.9054 0.227916
23.9098 0.227801
23.9134 0.227576
23.9178 0.227379
23.9238 0.227207
23.9282 0.227181
23.933 0.227158
23.9377 0.227138
23.9417 0.227121
23.9465 0.227106
23.9505 0.227093
23.9541 0.227081
23.9597 0.226946
23.964 0.226953
23.97 0.226959
23.9748 0.226839
23.9789 0.226734
23.9835 0.226642
23.9879 0.226562
23.9928 0.226492
23.9964 0.22643
24.0008 0.226376
24.006 0.226329
24.0107 0.226413
24.0175 0.226612
24.0215 0.22666
24.0251 0.226828
24.0299 0.226849
24.0334 0.226868
24.0366 0.226885
24.0394 0.227024
24.0434 0.227146
24.047 0.227128
24.051 0.227237
24.055 0.227332
24.0593 0.227541
24.0625 0.227723
24.0681 0.227883
24.0713 0.227897
24.0737 0.227785
24.0765 0.227562
24.0793 0.227367
24.0833 0.227321
24.0869 0.227281
24.0905 0.227246
24.0953 0.227215
24.1004 0.227188
24.1064 0.227165
24.1112 0.227269
24.1156 0.227235
24.1196 0.227206
24.1235 0.227305
24.1267 0.227392
24.1295 0.227468
24.1339 0.227535
24.1379 0.227593
24.1415 0.227644
24.1455 0.227688
24.1514 0.227727
24.1562 0.227761
24.1606 0.227791
24.164 0.227567
24.1678 0.227371
24.1732 0.227325
24.1776 0.227284
24.1811 0.227249
24.1863 0.227218
24.1911 0.22719
24.1975 0.227167
24.2023 0.227271
24.2062 0.227362
24.2106 0.227317
24.215 0.227402
24.2194 0.227352
24.2231 0.227308
24.228 0.227269
24.2329 0.227236
24.2375 0.227206
24.2443 0.22718
24.2483 0.227158
24.2512 0.227013
24.2562 0.227012
24.2599 0.226885
24.2636 0.226899
24.2664 0.226912
24.2704 0.226923
24.274 0.226933
24.2787 0.227066
24.2827 0.227183
24.2875 0.227285
24.2907 0.227374
24.2963 0.227453
24.2998 0.227521
24.3026 0.227706
24.305 0.227868
24.3086 0.228009
24.3126 0.228133
24.3154 0.228616
24.319 0.229039
24.3238 0.229534
24.3285 0.229968
24.3345 0.230472
24.3389 0.230663
24.3421 0.230705
24.3457 0.230617
24.3485 0.230415
24.3524 0.230238
24.3552 0.230083
24.3596 0.230073
24.3632 0.230064
24.3668 0.229931
24.3716 0.229939
24.3775 0.230197
24.3823 0.230297
24.3871 0.230385
24.3907 0.230337
24.3947 0.23042
24.3998 0.230617
24.4038 0.23054
24.4074 0.230473
24.4122 0.230539
24.417 0.230471
24.423 0.230537
24.4277 0.23047
24.4313 0.230286
24.4355 0.230126
24.4399 0.229985
24.4449 0.229862
24.4481 0.229754
24.4536 0.229785
24.4584 0.229937
24.4628 0.229945
24.4696 0.230202
24.4739 0.230051
24.4767 0.229795
24.4815 0.229821
24.4851 0.229718
24.4887 0.229628
24.4923 0.22955
24.4959 0.229481
24.4994 0.229421
24.5046 0.229618
24.509 0.229791
24.5138 0.229942
24.5166 0.229824
24.5214 0.229971
24.5247 0.229725
24.528 0.229509
24.5308 0.229321
24.5344 0.229281
24.5383 0.22937
24.5415 0.229324
24.5451 0.229409
24.5495 0.229608
24.5543 0.229782
24.5603 0.230059
24.565 0.230177
24.5682 0.230154
24.5718 0.23001
24.5754 0.230009
24.579 0.230008
24.5826 0.230007
24.5866 0.230131
24.5905 0.23024
24.5945 0.230335
24.5989 0.230543
24.6045 0.23085
24.6093 0.230994
24.6132 0.230994
24.6168 0.230745
24.6204 0.230652
24.6256 0.230696
24.6296 0.230609
24.6332 0.230533
24.6383 0.230591
24.6427 0.230517
24.6487 0.230702
24.6539 0.23074
24.6575 0.230647
24.6614 0.230566
24.6654 0.230495
24.6698 0.230434
24.6734 0.230254
24.6791 0.230348
24.6839 0.230304
24.6887 0.230266
24.6947 0.230483
24.699 0.230422
24.7018 0.23012
24.7066 0.230105
24.71 0.229842
24.7144 0.229736
24.718 0.229644
24.7211 0.229564
24.7251 0.229618
24.7299 0.229666
24.7343 0.229708
24.7391 0.229744
24.7423 0.229651
24.747 0.22982
24.7506 0.229717
24.7542 0.229753
24.7574 0.229784
24.7614 0.229936
24.7654 0.230069
24.7686 0.23006
24.7725 0.230178
24.7769 0.23028
24.7801 0.23037
24.7837 0.230199
24.7893 0.230049
24.7937 0.229793
24.7976 0.229694
24.8004 0.229607
24.8048 0.229531
24.808 0.229465
24.812 0.229407
24.816 0.229356
24.8199 0.229311
24.8243 0.229397
24.8283 0.229473
24.8339 0.229414
24.8387 0.229362
24.8427 0.229317
24.8462 0.229402
24.8498 0.229352
24.855 0.229433
24.8586 0.229379
24.8626 0.229331
24.8674 0.22929
24.8713 0.229254
24.8773 0.229222
24.8817 0.229069
24.8853 0.228936
24.8893 0.228819
24.8937 0.228716
24.898 0.228752
24.902 0.228783
24.9068 0.22856
24.9112 0.22849
24.9164 0.228429
24.9215 0.22825
24.9263 0.228094
24.9291 0.228082
24.9339 0.227947
24.9375 0.227954
24.9423 0.227959
24.9458 0.227964
24.949 0.227969
24.953 0.227973
24.9578 0.227976
24.9622 0.227979
24.967 0.227857
24.9705 0.227875
24.9749 0.227765
24.9785 0.227795
24.9821 0.22782
24.9861 0.227968
24.9897 0.227972
24.9937 0.227975
24.9972 0.228103
25.0012 0.228215
25.006 0.228439
25.0096 0.228509
25.0132 0.228695
25.018 0.228608
25.0227 0.228657
25.0267 0.2287
25.0299 0.228738
25.0343 0.228895
25.0375 0.229033
25.0415 0.229154
25.0458 0.22926
25.049 0.229352
25.0542 0.229433
25.0582 0.229504
25.0634 0.229566
25.0678 0.229495
25.0713 0.229434
25.0753 0.229379
25.0789 0.229332
25.0841 0.22929
25.0877 0.229254
25.0921 0.229347
25.0969 0.229304
25.1004 0.229266
25.1064 0.229233
25.1112 0.229329
25.1148 0.229288
25.1184 0.229252
25.1227 0.22922
25.1271 0.229193
25.1311 0.229169
25.1359 0.229147
25.1399 0.229004
25.145 0.229004
25.1502 0.229003
25.1546 0.228878
25.1578 0.228768
25.1622 0.228797
25.1666 0.228822
25.1705 0.22872
25.1745 0.228755
25.1777 0.22866
25.1817 0.228578
25.1869 0.228631
25.1917 0.228677
25.1964 0.228842
25.2 0.228987
25.2044 0.229114
25.2084 0.229224
25.212 0.229196
25.216 0.229172
25.2195 0.229275
25.2231 0.229366
25.2271 0.229445
25.2311 0.229514
25.2359 0.22945
25.2403 0.229644
25.2438 0.229688
25.2482 0.229852
25.2518 0.230371
25.2558 0.230699
25.2586 0.230862
25.263 0.231129
25.267 0.231238
25.2713 0.231583
25.2753 0.231885
25.2793 0.23215
25.2833 0.232381
25.2877 0.232458
25.2928 0.232651
25.2972 0.23282
25.3004 0.232842
25.3052 0.232987
25.3092 0.233114
25.3136 0.233349
25.3172 0.233306
25.3219 0.233393
25.3263 0.233468
25.3303 0.233535
25.3359 0.233718
25.3407 0.233753
25.3442 0.233659
25.3478 0.233577
25.3522 0.23363
25.3566 0.233676
25.3602 0.233591
25.365 0.233518
25.3689 0.233453
25.3745 0.233646
25.3793 0.23369
25.3841 0.233729
25.3877 0.233638
25.3917 0.233683
25.396 0.233723
25.4 0.233757
25.404 0.233788
25.4072 0.233689
25.4116 0.233728
25.4164 0.233887
25.4215 0.234026
25.4259 0.234023
25.4295 0.233895
25.4343 0.233908
25.4379 0.233795
25.4419 0.233695
25.4454 0.233733
25.449 0.233767
25.4526 0.233671
25.4574 0.233712
25.461 0.233623
25.4658 0.23367
25.4697 0.233711
25.4741 0.233747
25.4781 0.233904
25.4817 0.233791
25.4857 0.233817
25.4889 0.233715
25.4936 0.233876
25.4976 0.234016
25.5016 0.234139
25.506 0.234122
25.51 0.234107
25.5144 0.234218
25.5183 0.234316
25.5235 0.234526
25.5279 0.234586
25.5311 0.234512
25.5359 0.234573
25.5395 0.234502
25.5442 0.234564
25.5478 0.234493
25.5522 0.234557
25.5566 0.234612
25.561 0.234536
25.5669 0.234719
25.5713 0.234879
25.5753 0.234894
25.5785 0.234782
25.5829 0.234809
25.5881 0.234958
25.5916 0.234964
25.596 0.235093
25.6004 0.235206
25.6052 0.235431
25.6104 0.235502
25.6152 0.235564
25.6187 0.235369
25.6223 0.235322
25.6267 0.235282
25.6307 0.235122
25.6351 0.235107
25.6379 0.234843
25.6422 0.234863
25.6474 0.235005
25.6518 0.235004
25.6566 0.235004
25.6602 0.235003
25.6654 0.235128
25.6689 0.234987
25.6725 0.234989
25.6761 0.23499
25.6797 0.234866
25.6837 0.234758
25.6881 0.234913
25.692 0.234924
25.6968 0.235059
25.7012 0.235176
25.7052 0.235279
25.7096 0.235244
25.7132 0.235214
25.7171 0.235312
25.7207 0.235273
25.7255 0.235489
25.7295 0.235553
25.7335 0.235609
25.7375 0.235658
25.7414 0.2357
25.7458 0.235738
25.7498 0.235646
25.7526 0.23544
25.7574 0.23526
25.7618 0.235102
25.7657 0.234965
25.7701 0.234969
25.7733 0.234848
25.7781 0.234742
25.7821 0.234774
25.7865 0.234677
25.7908 0.234593
25.7952 0.234644
25.8008 0.234563
25.8056 0.234493
25.8092 0.234431
25.8128 0.234377
25.8163 0.23433
25.8219 0.234164
25.8259 0.234143
25.8295 0.234
25.8339 0.233875
25.8387 0.233766
25.8438 0.23367
25.8482 0.233586
25.8522 0.233638
25.8562 0.233683
25.8606 0.233723
25.8646 0.233758
25.8689 0.233663
25.8713 0.233705
25.8761 0.233742
25.8809 0.233649
25.8853 0.233693
25.8897 0.233606
25.894 0.233656
25.8988 0.233574
25.9028 0.233627
25.9064 0.233674
25.91 0.233589
25.9136 0.233641
25.9179 0.233686
25.9215 0.2336
25.9263 0.23365
25.9307 0.233694
25.9347 0.233607
25.9395 0.233656
25.943 0.233699
25.947 0.233737
25.9518 0.23377
25.9554 0.233923
25.9598 0.233933
25.9634 0.233941
25.9677 0.233949
25.9721 0.23408
25.9765 0.234195
25.9809 0.234296
25.9845 0.234384
25.9877 0.234461
25.9928 0.234528
25.9976 0.234712
26.0012 0.234873
26.0056 0.234889
26.0088 0.234903
26.014 0.234915
26.0175 0.234926
26.0215 0.234935
26.0263 0.235068
26.0307 0.23506
26.0359 0.235052
26.0406 0.235046
26.0446 0.23504
26.0482 0.23516
26.0518 0.23514
26.0574 0.235247
26.0614 0.235342
26.0649 0.235299
26.0689 0.235261
26.0737 0.235229
26.0793 0.235325
26.0833 0.235285
26.0877 0.235249
26.0912 0.235218
26.0956 0.235191
26.0996 0.235167
26.104 0.235146
26.1068 0.235128
26.1116 0.235112
26.1163 0.235223
26.1203 0.235195
26.1247 0.235171
26.1295 0.235149
26.1339 0.235131
26.1375 0.235114
26.1414 0.2351
26.1454 0.235212
26.149 0.235311
26.1534 0.235397
26.157 0.235347
26.1622 0.235429
26.1661 0.2355
26.1709 0.235563
26.1757 0.235617
26.1793 0.235665
26.1833 0.235707
26.1881 0.235869
26.192 0.23601
26.196 0.236134
26.2 0.236242
26.204 0.236212
26.2084 0.236185
26.2132 0.236287
26.2171 0.236376
26.2207 0.236329
26.2243 0.236413
26.2291 0.236486
26.2343 0.236551
26.2375 0.236482
26.2422 0.236547
26.2454 0.236603
26.2506 0.236653
26.2542 0.236696
26.2582 0.236734
26.2618 0.237142
26.2665 0.2375
26.2713 0.237937
26.2761 0.23832
26.2809 0.23853
26.2841 0.238714
26.2877 0.23875
26.2928 0.239031
26.2968 0.239027
26.3004 0.239024
26.3044 0.239146
26.3092 0.239377
26.3147 0.23958
26.3183 0.239508
26.3227 0.239444
26.3267 0.239389
26.3311 0.239465
26.3351 0.239532
26.339 0.239591
26.3426 0.239517
26.347 0.239702
26.3514 0.239739
26.3558 0.239647
26.3602 0.239691
26.3649 0.23973
26.3693 0.239763
26.3729 0.239668
26.3773 0.23971
26.3817 0.239746
26.3853 0.239778
26.3896 0.239805
26.3932 0.23983
26.398 0.240101
26.4024 0.240088
26.4072 0.240202
26.412 0.240302
26.4155 0.240264
26.4199 0.240231
26.4247 0.240327
26.4287 0.240286
26.4323 0.240251
26.4367 0.240219
26.4402 0.240192
26.445 0.240418
26.4498 0.240491
26.4534 0.240429
26.457 0.240251
26.4606 0.240219
26.4653 0.240317
26.4705 0.240402
26.4745 0.240352
26.4789 0.240433
26.4825 0.240379
26.4872 0.240582
26.4912 0.240634
26.4944 0.240555
26.4984 0.240485
26.5028 0.24055
26.5084 0.240731
26.5127 0.240765
26.5171 0.240794
26.5207 0.240695
26.5243 0.240608
26.5295 0.240782
26.5335 0.240809
26.537 0.240833
26.541 0.240854
26.5458 0.240872
26.5514 0.241013
26.555 0.240886
26.559 0.240776
26.5629 0.240679
26.5673 0.240719
26.5717 0.240629
26.5761 0.240675
26.5797 0.240591
26.5841 0.240767
26.5888 0.240796
26.5928 0.240822
26.5972 0.240969
26.6024 0.241098
26.6064 0.241211
26.61 0.241059
26.6151 0.241302
26.6191 0.241389
26.6227 0.24134
26.6271 0.241423
26.6307 0.24137
26.6355 0.241449
26.6402 0.241518
26.6442 0.241578
26.649 0.241506
26.653 0.241443
26.6574 0.241512
26.6617 0.241573
26.6657 0.241502
26.6697 0.241439
26.6741 0.241509
26.6777 0.241445
26.6825 0.241515
26.6876 0.241575
26.6908 0.241503
26.6944 0.241441
26.698 0.24151
26.7032 0.241697
26.708 0.241735
26.7119 0.241643
26.7163 0.241687
26.7199 0.241601
26.7247 0.241651
26.7287 0.24157
26.7319 0.241374
26.7362 0.241452
26.7406 0.24152
26.7462 0.24183
26.7502 0.241852
26.7546 0.24187
26.7582 0.241761
26.7621 0.241791
26.7665 0.241817
26.7697 0.24159
26.7733 0.241391
26.7769 0.241092
26.7805 0.240831
26.7853 0.240727
26.7908 0.240511
26.7948 0.240447
26.7988 0.240391
26.8028 0.240342
26.8072 0.2403
26.8119 0.240262
26.8163 0.240229
26.8199 0.240201
26.8243 0.240176
26.8291 0.240279
26.8331 0.240369
26.8378 0.240323
26.8422 0.240282
26.847 0.240372
26.8506 0.240451
26.8554 0.240394
26.859 0.24022
26.8625 0.240192
26.8669 0.240043
26.8709 0.240038
26.8753 0.240033
26.8805 0.240029
26.8845 0.240025
26.8888 0.240022
26.8936 0.240144
26.8976 0.240126
26.902 0.240111
26.906 0.240097
26.91 0.240085
26.9143 0.240074
26.9175 0.240065
26.9227 0.240057
26.9279 0.24005
26.9311 0.240168
26.9347 0.240147
26.9382 0.240129
26.9442 0.240238
26.9486 0.240333
26.9522 0.240416
26.957 0.240364
26.9605 0.240444
26.9649 0.240388
26.9689 0.24034
26.9725 0.240422
26.9765 0.24037
26.9809 0.240323
26.9864 0.240283
26.99 0.240248
26.9948 0.240217
26.9988 0.24019
27.0028 0.240166
27.008 0.24027
27.0107 0.240361
27.0147 0.240441
27.0183 0.240636
27.0223 0.240807
27.0267 0.240831
27.0327 0.240977
27.0366 0.241105
27.0406 0.241217
27.0446 0.241315
27.049 0.241275
27.0542 0.241491
27.0578 0.241429
27.0613 0.241501
27.0661 0.241563
27.0705 0.241493
27.0741 0.241431
27.0789 0.241377
27.0841 0.241455
27.0884 0.241398
27.092 0.241473
27.0968 0.241414
27.1008 0.241487
27.1044 0.241552
27.1092 0.241733
27.1127 0.241766
27.1171 0.241795
27.1223 0.241821
27.1259 0.241718
27.1303 0.241753
27.135 0.241784
27.1386 0.241686
27.1434 0.241725
27.1474 0.24176
27.1518 0.24179
27.1562 0.241816
27.159 0.241714
27.1637 0.241625
27.1693 0.241672
27.1725 0.241588
27.1761 0.241639
27.1793 0.241559
27.1852 0.241489
27.19 0.241553
27.1936 0.241484
27.1984 0.241549
27.202 0.24148
27.2068 0.241545
27.2107 0.241602
27.2147 0.241652
27.2187 0.241695
27.2235 0.241858
27.2287 0.241876
27.2327 0.241892
27.2378 0.24203
27.2414 0.242151
27.245 0.242257
27.2506 0.24235
27.2538 0.242431
27.257 0.242378
27.2605 0.24233
27.2645 0.242289
27.2693 0.242378
27.2749 0.242331
27.2797 0.242414
27.2821 0.242863
27.2856 0.24313
27.29 0.243489
27.2952 0.243927
27.2988 0.243937
27.3024 0.244069
27.308 0.244311
27.3123 0.244522
27.3151 0.244582
27.3199 0.244634
27.3251 0.24493
27.3295 0.244939
27.3331 0.244946
27.3378 0.244953
27.3418 0.244959
27.3458 0.244964
27.3506 0.245093
27.3542 0.245082
27.3581 0.245197
27.3637 0.245297
27.3669 0.245135
27.3717 0.245243
27.3765 0.245338
27.3797 0.24517
27.3844 0.245274
27.3888 0.24524
27.3936 0.245335
27.3972 0.245418
27.4 0.245116
27.4052 0.245351
27.4107 0.245557
27.4139 0.245363
27.4171 0.245317
27.4203 0.245153
27.4267 0.245384
27.4319 0.245461
27.4346 0.245278
27.4394 0.245368
27.4434 0.245322
27.4478 0.245407
27.4522 0.245481
27.4562 0.245546
27.4597 0.245478
27.4649 0.245543
27.4697 0.2456
27.4737 0.245525
27.4793 0.245709
27.4828 0.245621
27.4864 0.245543
27.4916 0.2456
27.4952 0.245525
27.498 0.245335
27.5016 0.245293
27.5056 0.245256
27.5103 0.245349
27.5159 0.245431
27.5207 0.245502
27.5231 0.245314
27.5267 0.24515
27.5311 0.245256
27.537 0.245474
27.5398 0.24529
27.5434 0.245254
27.549 0.245347
27.5538 0.245428
27.5562 0.24525
27.5617 0.245344
27.5661 0.245551
27.5709 0.245482
27.5741 0.245422
27.5789 0.245369
27.5832 0.245448
27.5872 0.245517
27.592 0.245702
27.5952 0.245614
27.5992 0.245538
27.6052 0.24572
27.6083 0.24563
27.6127 0.245677
27.6175 0.245717
27.6211 0.245627
27.6255 0.245674
27.6299 0.24559
27.635 0.245766
27.6382 0.24567
27.641 0.245461
27.6462 0.245654
27.6518 0.245697
27.655 0.245485
27.6581 0.245424
27.6613 0.245246
27.6677 0.245465
27.6729 0.245532
27.6757 0.245341
27.6805 0.245423
27.6848 0.24537
27.6892 0.245449
27.6932 0.245518
27.6972 0.245453
27.7008 0.245271
27.706 0.245363
27.7107 0.245442
27.7147 0.245387
27.7203 0.245589
27.7239 0.24539
27.7279 0.245341
27.7314 0.245299
27.7338 0.244886
27.7362 0.2444
27.739 0.2441
27.7418 0.243588
27.745 0.243014
27.749 0.242388
27.753 0.241714
27.7558 0.240875
27.7597 0.240266
27.7637 0.239857
27.7685 0.2395
27.7721 0.238938
27.7757 0.23857
27.7789 0.238124
27.7828 0.237609
27.7876 0.237158
27.79 0.236763
27.7956 0.236417
27.8 0.23599
27.8032 0.235617
27.8056 0.235039
27.8091 0.234535
27.8123 0.233843
27.8163 0.233237
27.8215 0.232708
27.8251 0.232369
27.8295 0.232073
27.8354 0.231814
27.8394 0.231712
27.8442 0.231748
27.849 0.231655
27.853 0.231573
27.8577 0.231626
27.8621 0.231798
27.8665 0.231698
27.8693 0.231611
27.8717 0.23141
27.8745 0.230983
27.8801 0.230735
27.8832 0.230519
27.8864 0.230204
27.8896 0.229928
27.8956 0.229687
27.9012 0.229601
27.904 0.229401
27.9091 0.229351
27.9139 0.229307
27.9179 0.229144
27.9223 0.229126
27.9271 0.229235
27.9303 0.229331
27.9342 0.229289
27.9394 0.229253
27.9434 0.229222
27.949 0.229069
27.953 0.22906
27.9569 0.229053
27.9609 0.229046
27.9641 0.22929
27.9669 0.229379
27.9697 0.229457
27.9729 0.22965
27.9765 0.229943
27.9804 0.2302
27.9844 0.230425
27.9876 0.230622
27.9916 0.230794
27.9948 0.23082
27.9992 0.230843
28.0036 0.230862
28.0071 0.231005
28.0107 0.231129
28.0151 0.231363
28.0199 0.231442
28.0227 0.231512
28.0287 0.231698
28.0326 0.231861
28.0358 0.231878
28.0386 0.232018
28.0422 0.232141
28.0458 0.232249
28.0494 0.232342
28.0546 0.232425
28.0585 0.232497
28.0617 0.232434
28.0673 0.23238
28.0713 0.232333
28.0761 0.232291
28.0805 0.232255
28.0848 0.232223
28.0896 0.232195
28.0936 0.232046
28.0984 0.23204
28.1012 0.232035
28.1036 0.232031
28.1063 0.232027
28.1119 0.231898
28.1151 0.231911
28.1187 0.231922
28.1227 0.232057
28.1283 0.232175
28.133 0.232153
28.1362 0.232259
28.141 0.232226
28.1458 0.232198
28.1498 0.232173
28.1542 0.232152
28.1589 0.232008
28.1621 0.232007
28.1661 0.232006
28.1705 0.23188
28.1749 0.23177
28.18 0.231799
28.1848 0.231824
28.1888 0.231846
28.1924 0.231865
28.1956 0.231757
28.1988 0.231787
28.2016 0.231814
28.2047 0.231837
28.2087 0.231858
28.2127 0.231875
28.2171 0.232016
28.2207 0.232139
28.2243 0.232247
28.2279 0.232341
28.2318 0.232298
28.2362 0.232386
28.2398 0.232338
28.2434 0.23242
28.2482 0.232493
28.253 0.232556
28.2561 0.232737
28.2613 0.23277
28.2645 0.233173
28.2673 0.233402
28.2705 0.233602
28.2745 0.233901
28.2785 0.234164
28.2824 0.234518
28.2876 0.234953
28.292 0.235209
28.2952 0.235433
28.2996 0.235754
28.3039 0.235785
28.3087 0.235937
28.3131 0.23607
28.3175 0.236186
28.3223 0.236413
28.3255 0.236361
28.3302 0.236441
28.333 0.236261
28.3358 0.235978
28.3386 0.235856
28.3442 0.236124
28.3478 0.236108
28.3514 0.236095
28.3553 0.236208
28.3613 0.236557
28.3657 0.236612
28.3689 0.236411
28.3741 0.236609
28.3788 0.236658
28.3832 0.236826
28.3884 0.237098
28.392 0.237086
28.3948 0.23695
28.3988 0.236831
28.4024 0.236727
28.4067 0.236636
28.4115 0.236682
28.4163 0.236597
28.4203 0.236522
28.4239 0.236332
28.4279 0.236165
28.4306 0.23602
28.4338 0.235892
28.4374 0.235906
28.4422 0.236167
28.4462 0.236397
28.451 0.236597
28.4545 0.236647
28.4573 0.236691
28.4609 0.236605
28.4649 0.236654
28.4693 0.236823
28.4725 0.23672
28.4765 0.236755
28.4812 0.23691
28.4864 0.237047
28.4904 0.237166
28.4952 0.237395
28.4988 0.237346
28.502 0.237302
28.5059 0.23739
28.5095 0.237591
28.5135 0.237767
28.5179 0.237921
28.5231 0.238306
28.5271 0.238518
28.5294 0.238453
28.5334 0.238396
28.5382 0.238472
28.5426 0.238538
28.5466 0.238471
28.5506 0.238287
28.5557 0.238251
28.5593 0.238095
28.5645 0.238208
28.5673 0.238057
28.5709 0.237925
28.5741 0.238059
28.5788 0.238302
28.5828 0.238264
28.5864 0.238356
28.5904 0.238437
28.5956 0.238632
28.5996 0.238553
28.6027 0.238359
28.6079 0.238439
28.6123 0.238384
28.6167 0.238336
28.6215 0.238294
28.6255 0.238132
28.6286 0.237991
28.6334 0.238117
28.6378 0.238227
28.6414 0.238324
28.6466 0.238533
28.651 0.238592
28.6545 0.238518
28.6585 0.238453
28.6621 0.238521
28.6649 0.238331
28.6677 0.238165
28.6721 0.238269
28.6765 0.238361
28.6808 0.238316
28.6856 0.238401
28.6892 0.238476
28.6924 0.238416
28.6968 0.238489
28.7012 0.238803
28.7047 0.238953
28.7091 0.239084
28.7127 0.239198
28.7171 0.239423
28.7223 0.239621
28.7255 0.239543
28.7306 0.2396
28.7338 0.2394
28.7366 0.239225
28.741 0.239197
28.7446 0.239172
28.7474 0.239026
28.7506 0.238773
28.7553 0.238676
28.7601 0.238466
28.7641 0.238283
28.7669 0.238123
28.7713 0.238107
28.7765 0.238094
28.7808 0.238082
28.7848 0.238072
28.7888 0.238063
28.7936 0.238055
28.7968 0.237923
28.8019 0.237808
28.8047 0.237707
28.8083 0.237743
28.8115 0.237651
28.8163 0.237694
28.8199 0.237607
28.8239 0.237532
28.8278 0.237465
28.8334 0.237532
28.8374 0.23759
28.841 0.237642
28.8462 0.237811
28.8502 0.237835
28.8545 0.237856
28.8589 0.237749
28.8629 0.237655
28.8661 0.237698
28.8709 0.237611
28.8753 0.23766
28.8793 0.237702
28.884 0.237739
28.888 0.237772
28.8924 0.2378
28.8964 0.237825
28.9 0.237722
28.9031 0.237882
28.9063 0.238022
28.9107 0.238019
28.9151 0.238142
28.9195 0.238249
28.9239 0.238218
28.9278 0.238191
28.931 0.238292
28.9354 0.23838
28.9394 0.238333
28.9434 0.238416
28.9474 0.238364
28.9509 0.238319
28.9557 0.238279
28.9605 0.238244
28.9637 0.238213
28.9693 0.238312
28.9729 0.238398
28.9756 0.238473
28.98 0.238664
28.984 0.238831
28.9868 0.238852
28.9908 0.238996
28.9948 0.238996
28.9996 0.238997
29.0031 0.238997
29.0059 0.238997
29.0103 0.238998
29.0151 0.238998
29.0191 0.238998
29.0239 0.238998
29.0278 0.238999
29.0326 0.238999
29.0358 0.238999
29.041 0.238999
29.0442 0.239124
29.0474 0.239109
29.0509 0.239095
29.0553 0.239083
29.0589 0.239073
29.0629 0.239064
29.0665 0.239056
29.0725 0.239049
29.0764 0.239043
29.0804 0.239162
29.0856 0.239142
29.0904 0.239249
29.0944 0.239343
29.0988 0.239425
29.1031 0.239622
29.1063 0.239669
29.1111 0.239836
29.1155 0.239856
29.1191 0.239874
29.1235 0.239765
29.1274 0.239669
29.1314 0.239586
29.135 0.239512
29.1386 0.239448
29.1422 0.239392
29.1454 0.239343
29.1498 0.2393
29.1537 0.239138
29.1585 0.239121
29.1637 0.239231
29.1681 0.239452
29.1713 0.23952
29.1756 0.23958
29.18 0.239758
29.184 0.239913
29.1884 0.240049
29.192 0.240168
29.196 0.240147
29.2003 0.240128
29.2035 0.240112
29.2083 0.239973
29.2123 0.239977
29.2151 0.23998
29.2195 0.239857
29.2231 0.23975
29.2266 0.239781
29.231 0.239934
29.235 0.240067
29.2394 0.240684
29.243 0.240973
29.2462 0.241226
29.2505 0.241698
29.2553 0.242111
29.2593 0.242347
29.2637 0.242554
29.2673 0.242734
29.2721 0.243018
29.2756 0.243015
29.2808 0.243263
29.2844 0.243356
29.288 0.243311
29.292 0.243397
29.2956 0.243598
29.2995 0.243648
29.3035 0.243817
29.3075 0.243965
29.3135 0.244344
29.3179 0.244426
29.3215 0.244498
29.3258 0.244561
29.3306 0.244616
29.3346 0.244539
29.3386 0.244471
29.3426 0.244412
29.3462 0.244236
29.3505 0.244206
29.3545 0.244056
29.3581 0.243924
29.3625 0.243808
29.3669 0.243707
29.3713 0.243744
29.3748 0.243651
29.3784 0.243569
29.382 0.243623
29.386 0.24367
29.3904 0.243837
29.3948 0.243982
29.3995 0.244234
29.4043 0.244455
29.4083 0.244523
29.4115 0.244333
29.4159 0.244291
29.4203 0.24438
29.4246 0.244332
29.4282 0.244291
29.4322 0.244254
29.4366 0.244348
29.4406 0.244429
29.4434 0.24425
29.4485 0.244344
29.4521 0.244301
29.4549 0.244014
29.4593 0.244012
29.4629 0.243885
29.4673 0.2439
29.4717 0.244037
29.4756 0.244033
29.4808 0.244153
29.4844 0.244259
29.4872 0.244352
29.4916 0.244433
29.4964 0.244629
29.5003 0.244675
29.5051 0.244841
29.5087 0.244861
29.5131 0.245003
29.5171 0.245003
29.5219 0.245127
29.5254 0.245111
29.5294 0.245098
29.533 0.24521
29.5366 0.245184
29.5406 0.245161
29.5446 0.245141
29.5485 0.245123
29.5549 0.245358
29.5589 0.245313
29.5625 0.245274
29.5669 0.24524
29.5717 0.245335
29.5756 0.245293
29.58 0.245381
29.5836 0.245334
29.5872 0.245292
29.5916 0.245255
29.5956 0.245224
29.5995 0.245196
29.6035 0.245171
29.6079 0.24515
29.6119 0.245131
29.6159 0.24499
29.6191 0.244991
29.6234 0.244992
29.627 0.244993
29.6314 0.244994
29.6358 0.244995
29.6406 0.24512
29.6454 0.24523
29.6497 0.245202
29.6529 0.245051
29.6569 0.245045
29.6613 0.245164
29.6657 0.245144
29.6693 0.245126
29.6732 0.24511
29.6776 0.245096
29.682 0.245209
29.6844 0.245058
29.6896 0.245176
29.6932 0.245154
29.6964 0.24501
29.7003 0.245133
29.7039 0.244992
29.7083 0.245118
29.7127 0.245103
29.7167 0.24509
29.7222 0.245329
29.7258 0.245288
29.7282 0.245127
29.731 0.244986
29.7342 0.244738
29.739 0.244396
29.7426 0.244096
29.7473 0.243834
29.7513 0.24373
29.7553 0.243514
29.7593 0.243324
29.7641 0.243284
29.7681 0.243248
29.772 0.243217
29.7752 0.243065
29.7792 0.243057
29.7832 0.24305
29.7868 0.242919
29.7912 0.242929
29.7971 0.242938
29.8015 0.242945
29.8051 0.242952
29.8095 0.242958
29.8139 0.242838
29.8179 0.242734
29.8222 0.242642
29.8258 0.242562
29.8298 0.242492
29.8342 0.242555
29.8378 0.242486
29.8418 0.242425
29.8458 0.242372
29.8505 0.24245
29.8545 0.242519
29.8581 0.242579
29.8617 0.242507
29.8665 0.242568
29.8697 0.242497
29.8736 0.242435
29.878 0.242506
29.8828 0.242443
29.8876 0.242387
29.8924 0.242464
29.8956 0.242531
29.8991 0.24259
29.9035 0.242516
29.9079 0.242451
29.9119 0.242395
29.9155 0.242346
29.9203 0.242427
29.9242 0.242374
29.927 0.242452
29.9322 0.242521
29.9354 0.242456
29.9386 0.242399
29.9426 0.242349
29.9461 0.24243
29.9501 0.242376
29.9529 0.242079
29.9557 0.241694
29.9593 0.241108
29.9621 0.240594
29.9645 0.24002
29.9669 0.239392
29.9693 0.238843
29.9716 0.238113
29.9744 0.237349
29.9776 0.23643
29.9808 0.235501
29.9852 0.234814
29.9888 0.234087
29.9932 0.233451
29.9971 0.232895
30.0007 0.232283
30.0043 0.231873
30.0083 0.231513
30.0119 0.231074
30.0159 0.230815
30.0203 0.230588
30.0262 0.23039
30.0302 0.230216
30.0342 0.230064
30.0386 0.229931
30.0418 0.22969
30.0446 0.229353
30.0485 0.228934
30.0524 0.228692
30.0559 0.228356
30.0608 0.228061
30.0644 0.227929
30.068 0.227688
30.0722 0.227602
30.0771 0.227526
30.0815 0.227461
30.0851 0.227403
30.0895 0.227478
30.0943 0.227543
30.0975 0.2276
