1.09594 2881
1.09594 4321
1.13492 5761
1.37386 7201
1.37506 8641
1.41395 10081
1.41514 11521
1.45403 12961
1.45523 14401
1.49412 15841
1.49531 17281
1.49651 18721
1.5342 20161
1.5354 21601
1.57309 23041
1.57429 24481
1.61215 25921
1.61352 27361
1.61472 28801
1.65104 30241
1.65224 31681
1.65361 33121
1.6548 34561
1.69113 36001
1.69232 37441
1.69369 38881
1.69524 40321
1.7313 41761
1.73249 43201
1.73369 44641
1.73488 46081
1.73608 47521
1.77138 48961
1.77258 50401
1.77377 51841
1.77497 53281
1.81027 54721
1.81147 56161
1.81266 57601
1.81386 59041
1.81505 60481
1.84916 61921
1.85036 63361
1.85155 64801
1.85275 66241
1.85394 67681
1.85514 69121
1.88925 70561
1.89044 72001
1.89164 73441
1.89283 74881
1.89403 76321
1.89522 77761
1.89642 79201
1.92933 80641
1.93053 82081
1.93172 83521
1.93292 84961
1.93411 86401
1.93531 87841
1.96822 89281
1.96942 90721
1.97061 92161
1.97181 93601
1.973 95041
1.9742 96481
2.00711 97921
2.0083 99361
2.0095 100801
2.0107 102241
2.0849 103681
2.0849 105121
2.0849 106561
2.0849 108001
2.0849 109441
2.0849 110881
2.0849 112321
2.0849 113761
2.0849 115201
2.0849 116641
2.0925 118081
2.09369 119521
2.12379 120961
2.13258 122401
2.13378 123841
2.17184 125281
2.17304 126721
2.21073 128161
2.21193 129601
2.24962 131041
2.25082 132481
2.25201 133921
2.2886 135361
2.28979 136801
2.29099 138241
2.29218 139681
2.32868 141121
2.32988 142561
2.33107 144001
2.33227 145441
2.33346 146881
2.36877 148321
2.36996 149761
2.37116 151201
2.37235 152641
2.40774 154081
2.40894 155521
2.41013 156961
2.41133 158401
2.4469 159841
2.44809 161281
2.44929 162721
2.45048 164161
2.45168 165601
2.48579 167041
2.48698 168481
2.48818 169921
2.48937 171361
2.49057 172801
2.49176 174241
2.5259 175681
2.5271 177121
2.52829 178561
2.52967 180001
2.56599 181441
2.56718 182881
2.56839 184321
2.56959 185761
2.57079 187201
2.57198 188641
2.57318 190081
2.60607 191521
2.60727 192961
2.60848 194401
2.60967 195841
2.61087 197281
2.61207 198721
2.64496 200161
2.64616 201601
2.64976 203041
2.65095 204481
2.65215 205921
2.65335 207361
2.68385 208801
2.68505 210241
2.68865 211681
2.68984 213121
2.69104 214561
2.69223 216001
2.69343 217441
2.72274 218881
2.72394 220321
2.72754 221761
2.72912 223201
2.73032 224641
2.73151 226081
2.73271 227521
2.73391 228961
2.76283 230401
2.76402 231841
2.76801 233281
2.76921 234721
2.7704 236161
2.7716 237601
2.77279 239041
2.77399 240481
2.77519 241921
2.80291 243361
2.80411 244801
2.8081 246241
2.80929 247681
2.81049 249121
2.81168 250561
2.81288 252001
2.81407 253441
2.8418 254881
2.843 256321
2.84738 257761
2.84857 259201
2.84977 260641
2.85096 262081
2.85216 263521
2.85335 264961
2.85455 266401
2.88137 267841
2.88257 269281
2.88627 270721
2.88746 272161
2.88866 273601
2.88985 275041
2.89105 276481
2.89224 277921
2.89344 279361
2.89463 280801
2.92145 282241
2.92265 283681
2.92635 285121
2.92755 286561
2.92874 288001
2.92994 289441
2.93113 290881
2.93233 292321
2.93352 293761
2.93472 295201
2.96154 296641
2.96273 298081
2.96393 299521
2.96644 300961
2.96763 302401
2.96916 303841
2.97035 305281
2.97155 306721
2.97274 308161
2.97394 309601
2.97513 311041
3.00162 312481
3.00282 313921
3.00533 315361
3.00652 316801
3.00805 318241
3.00924 319681
3.01044 321121
3.01163 322561
3.01283 324001
3.01402 325441
3.04051 326881
3.04171 328321
3.04422 329761
3.04541 331201
3.04661 332641
3.0478 334081
3.049 335521
3.05019 336961
3.05139 338401
3.05258 339841
3.05378 341281
3.0794 342721
3.0806 344161
3.08311 345601
3.0843 347041
3.0855 348481
3.087 349921
3.08819 351361
3.08939 352801
3.09058 354241
3.09178 355681
3.09297 357121
3.09417 358561
3.11949 360001
3.12068 361441
3.12319 362881
3.12439 364321
3.12589 365761
3.12708 367201
3.12828 368641
3.12947 370081
3.13067 371521
3.13186 372961
3.13306 374401
3.13425 375841
3.13545 377281
3.15957 378721
3.20494 380161
3.20494 381601
3.20494 383041
3.20494 384481
3.20494 385921
3.20494 387361
3.20494 388801
3.20494 390241
3.20494 391681
3.20494 393121
3.20494 394561
3.20494 396001
3.20494 397441
3.20494 398881
3.20494 400321
3.23773 401761
3.23892 403201
3.24131 404641
3.24251 406081
3.24383 407521
3.27781 408961
3.27901 410401
3.2814 411841
3.28259 413281
3.3167 414721
3.3179 416161
3.31909 417601
3.32029 419041
3.3215 420481
3.35559 421921
3.35678 423361
3.35798 424801
3.35918 426241
3.36039 427681
3.36158 429121
3.43816 430561
3.43816 432001
3.43816 433441
3.43816 434881
3.43816 436321
3.43816 437761
3.43816 439201
3.43816 440641
3.43816 442081
3.47587 443521
3.47707 444961
3.51596 446401
3.51715 447841
3.55604 449281
3.55724 450721
3.55843 452161
3.59613 453601
3.59732 455041
3.63502 456481
3.63621 457921
3.67391 459361
3.6751 460801
3.6763 462241
3.71306 463681
3.71426 465121
3.71546 466561
3.71676 468001
3.75315 469441
3.75434 470881
3.75595 472321
3.75715 473761
3.79323 475201
3.79443 476641
3.79562 478081
3.79682 479521
3.79803 480961
3.83351 482401
3.83471 483841
3.8359 485281
3.8371 486721
3.8724 488161
3.8736 489601
3.87479 491041
3.87599 492481
3.95385 493921
3.95385 495361
3.95385 496801
3.95385 498241
3.95385 499681
3.95385 501121
3.95385 502561
3.95385 504001
3.99156 505441
3.99276 506881
4.03164 508321
4.03284 509761
4.0718 511201
4.07299 512641
4.11188 514081
4.11308 515521
4.11427 516961
4.15197 518401
4.15316 519841
4.19094 521281
4.19214 522721
4.22983 524161
4.23103 525601
4.23222 527041
4.26872 528481
4.26992 529921
4.27111 531361
4.27231 532801
4.30892 534241
4.31012 535681
4.31131 537121
4.31251 538561
4.34901 540001
4.3502 541441
4.3514 542881
4.35259 544321
4.35379 545761
4.38909 547201
4.39029 548641
4.39148 550081
4.39268 551521
4.42807 552961
4.42926 554401
4.43046 555841
4.43165 557281
4.43285 558721
4.46696 560161
4.46815 561601
4.46935 563041
4.47054 564481
4.47174 565921
4.47293 567361
4.50704 568801
4.50824 570241
4.50943 571681
4.51063 573121
4.51182 574561
4.51302 576001
4.51421 577441
4.54724 578881
4.54844 580321
4.54963 581761
4.55083 583201
4.55202 584641
4.55322 586081
4.58613 587521
4.58732 588961
4.58852 590401
4.58972 591841
4.59091 593281
4.59211 594721
4.62502 596161
4.62621 597601
4.62741 599041
4.6286 600481
4.6298 601921
4.631 603361
4.63219 604801
4.66408 606241
4.66528 607681
4.66687 609121
4.66807 610561
4.66926 612001
4.67046 613441
4.67165 614881
4.67285 616321
4.70417 617761
4.70536 619201
4.70697 620641
4.70817 622081
4.70936 623521
4.71056 624961
4.71175 626401
4.71295 627841
4.71414 629281
4.74425 630721
4.74545 632161
4.74706 633601
4.74825 635041
4.74945 636481
4.75064 637921
4.75184 639361
4.75303 640801
4.78314 642241
4.78434 643681
4.78595 645121
4.78714 646561
4.78834 648001
4.78953 649441
4.79073 650881
4.79192 652321
4.82203 653761
4.82323 655201
4.82442 656641
4.82562 658081
4.82681 659521
4.82801 660961
4.8292 662401
4.8304 663841
4.83159 665281
4.86092 666721
4.86212 668161
4.8657 669601
4.8669 671041
4.86809 672481
4.86929 673921
4.87048 675361
4.87168 676801
4.87287 678241
4.87407 679681
4.90101 681121
4.90258 682561
4.90579 684001
4.90698 685441
4.90818 686881
4.90937 688321
4.91057 689761
4.91176 691201
4.91296 692641
4.91415 694081
4.91535 695521
4.94147 696961
4.94267 698401
4.94587 699841
4.94707 701281
4.94826 702721
4.94946 704161
4.95065 705601
4.95185 707041
4.98036 708481
4.98156 709921
4.98275 711361
4.98395 712801
4.98514 714241
4.98634 715681
4.98753 717121
4.98873 718561
4.98992 720001
4.99112 721441
5.01925 722881
5.02045 724321
5.02202 725761
5.02321 727201
5.02441 728641
5.0256 730081
5.0268 731521
5.02881 732961
5.03001 734401
5.0312 735841
5.0324 737281
5.05814 738721
5.05934 740161
5.06091 741601
5.0621 743041
5.0633 744481
5.06449 745921
5.06569 747361
5.06688 748801
5.0689 750241
5.07009 751681
5.07129 753121
5.07248 754561
5.09823 756001
5.09942 757441
5.10099 758881
5.10219 760321
5.10338 761761
5.10458 763201
5.10577 764641
5.10697 766081
5.10816 767521
5.10936 768961
5.11055 770401
5.11175 771841
5.11294 773281
5.13831 774721
5.13951 776161
5.14108 777601
5.14227 779041
5.14347 780481
5.14466 781921
5.14591 783361
5.14711 784801
5.1483 786241
5.1495 787681
5.15069 789121
5.15189 790561
5.1772 792001
5.1784 793441
5.17997 794881
5.18116 796321
5.18236 797761
5.18355 799201
5.18515 800641
5.18634 802081
5.18754 803521
5.18873 804961
5.18993 806401
5.19112 807841
5.19232 809281
5.21609 810721
5.21729 812161
5.21886 813601
5.22005 815041
5.22125 816481
5.22244 817921
5.22404 819361
5.22523 820801
5.22643 822241
5.22762 823681
5.22882 825121
5.23001 826561
5.23121 828001
5.2324 829441
5.25618 830881
5.25737 832321
5.25894 833761
5.26014 835201
5.26133 836641
5.26253 838081
5.26412 839521
5.26532 840961
5.26651 842401
5.26771 843841
5.2689 845281
5.2701 846721
5.27129 848161
5.2725 849601
5.2737 851041
5.29903 852481
5.34271 853921
5.34271 855361
5.34271 856801
5.34271 858241
5.34271 859681
5.34271 861121
5.34271 862561
5.34271 864001
5.34271 865441
5.34271 866881
5.34271 868321
5.34271 869761
5.34271 871201
5.34271 872641
5.34271 874081
5.34271 875521
5.34271 876961
5.35347 878401
5.37682 879841
5.37838 881281
5.37958 882721
5.38077 884161
5.38197 885601
5.41571 887041
5.41691 888481
5.41847 889921
5.41966 891361
5.42086 892801
5.42205 894241
5.45579 895681
5.45699 897121
5.45819 898561
5.45938 900001
5.46058 901441
5.46177 902881
5.46297 904321
5.49588 905761
5.49707 907201
5.49827 908641
5.49947 910081
5.50066 911521
5.50186 912961
5.53477 914401
5.53596 915841
5.53716 917281
5.53835 918721
5.53955 920161
5.54075 921601
5.54194 923041
5.61642 924481
5.61642 925921
5.61642 927361
5.61642 928801
5.61642 930241
5.61642 931681
5.61642 933121
5.61642 934561
5.61642 936001
5.61642 937441
5.65288 938881
5.65407 940321
5.65531 941761
5.69296 943201
5.69416 944641
5.73185 946081
5.73342 947521
5.77074 948961
5.77193 950401
5.80963 951841
5.81082 953281
5.81202 954721
5.84852 956161
5.84971 957601
5.85091 959041
5.8521 960481
5.8886 961921
5.8898 963361
5.89099 964801
5.89219 966241
5.89338 967681
5.92903 969121
5.93022 970561
5.93142 972001
5.93261 973441
5.96791 974881
5.96911 976321
5.97031 977761
5.9715 979201
6.0068 980641
6.008 982081
6.00919 983521
6.01039 984961
6.01159 986401
6.04569 987841
6.04689 989281
6.04808 990721
6.04928 992161
6.05047 993601
6.05167 995041
6.08578 996481
6.08697 997921
6.08817 999361
6.08936 1000801
6.09056 1002241
6.09175 1003681
6.09295 1005121
6.12586 1006561
6.12706 1008001
6.12825 1009441
6.12945 1010881
6.13064 1012321
6.13184 1013761
6.16714 1015201
6.16834 1016641
6.16953 1018081
6.17073 1019521
6.17192 1020961
6.17312 1022401
6.20603 1023841
6.20723 1025281
6.20842 1026721
6.20962 1028161
6.21081 1029601
6.21201 1031041
6.2132 1032481
6.24492 1033921
6.24612 1035361
6.24731 1036801
6.24851 1038241
6.2497 1039681
6.2509 1041121
6.25209 1042561
6.25329 1044001
6.28501 1045441
6.2862 1046881
6.2874 1048321
6.28859 1049761
6.28979 1051201
6.29098 1052641
6.29218 1054081
6.29337 1055521
6.29457 1056961
6.32545 1058401
6.32665 1059841
6.32784 1061281
6.32904 1062721
6.33023 1064161
6.33143 1065601
6.33262 1067041
6.33382 1068481
6.36434 1069921
6.36554 1071361
6.36679 1072801
6.36799 1074241
6.36918 1075681
6.37038 1077121
6.37157 1078561
6.37277 1080001
6.40323 1081441
6.40442 1082881
6.40562 1084321
6.40682 1085761
6.40801 1087201
6.40921 1088641
6.4104 1090081
6.4116 1091521
6.41279 1092961
6.44212 1094401
6.44331 1095841
6.44451 1097281
6.4457 1098721
6.4469 1100161
6.4481 1101601
6.44929 1103041
6.45049 1104481
6.45168 1105921
6.45288 1107361
6.4822 1108801
6.4834 1110241
6.48459 1111681
6.48579 1113121
6.48698 1114561
6.48818 1116001
6.48938 1117441
6.49057 1118881
6.49177 1120321
6.49296 1121761
6.49416 1123201
6.52229 1124641
6.52348 1126081
6.52468 1127521
6.52587 1128961
6.52707 1130401
6.52826 1131841
6.52946 1133281
6.53078 1134721
6.53198 1136161
6.53317 1137601
6.56118 1139041
6.56237 1140481
6.56357 1141921
6.56476 1143361
6.56596 1144801
6.56715 1146241
6.56835 1147681
6.56954 1149121
6.57074 1150561
6.57194 1152001
6.57313 1153441
6.60007 1154881
6.60126 1156321
6.60246 1157761
6.60365 1159201
6.60485 1160641
6.60604 1162081
6.60724 1163521
6.60843 1164961
6.60963 1166401
6.61082 1167841
6.61202 1169281
6.61322 1170721
6.64015 1172161
6.64135 1173601
6.64254 1175041
6.64374 1176481
6.64493 1177921
6.64613 1179361
6.64732 1180801
6.64873 1182241
6.64992 1183681
6.65112 1185121
6.65231 1186561
6.65351 1188001
6.6547 1189441
6.68024 1190881
6.68143 1192321
6.68263 1193761
6.68382 1195201
6.68502 1196641
6.68621 1198081
6.68762 1199521
6.68881 1200961
6.69001 1202401
6.6912 1203841
6.6924 1205281
6.69359 1206721
6.71913 1208161
6.72032 1209601
6.72152 1211041
6.72271 1212481
6.72391 1213921
6.7251 1215361
6.72651 1216801
6.7277 1218241
6.7289 1219681
6.73009 1221121
6.73129 1222561
6.73248 1224001
6.80198 1225441
6.80198 1226881
6.80198 1228321
6.80198 1229761
6.80198 1231201
6.80198 1232641
6.80198 1234081
6.80198 1235521
6.80198 1236961
6.80198 1238401
6.80198 1239841
6.80198 1241281
6.80198 1242721
6.80198 1244161
6.80198 1245601
6.80198 1247041
6.81039 1248481
6.81159 1249921
6.83702 1251361
6.83822 1252801
6.83941 1254241
6.84087 1255681
6.85048 1257121
6.85176 1258561
6.87711 1260001
6.8783 1261441
6.87976 1262881
6.88096 1264321
6.89065 1265761
6.89185 1267201
6.91719 1268641
6.91839 1270081
6.91985 1271521
6.92104 1272961
6.93074 1274401
6.93193 1275841
6.93313 1277281
6.95728 1278721
6.95847 1280161
6.95993 1281601
6.96113 1283041
6.97082 1284481
6.97202 1285921
6.99617 1287361
6.99736 1288801
6.99882 1290241
7.00002 1291681
7.00971 1293121
7.01091 1294561
7.03505 1296001
7.03625 1297441
7.03745 1298881
7.03864 1300321
7.03984 1301761
7.0486 1303201
7.0498 1304641
7.07416 1306081
7.07536 1307521
7.07655 1308961
7.07775 1310401
7.07894 1311841
7.08014 1313281
7.08869 1314721
7.08988 1316161
7.11426 1317601
7.11546 1319041
7.11666 1320481
7.11785 1321921
7.11905 1323361
7.12024 1324801
7.12144 1326241
7.12877 1327681
7.12997 1329121
7.15674 1330561
7.15794 1332001
7.15913 1333441
7.16033 1334881
7.20776 1336321
7.20776 1337761
7.20776 1339201
7.20776 1340641
7.20776 1342081
7.20776 1343521
7.20776 1344961
7.20776 1346401
7.20776 1347841
7.20776 1349281
7.20776 1350721
7.24206 1352161
7.24571 1353601
7.2469 1355041
7.28495 1356481
7.28615 1357921
7.32388 1359361
7.32513 1360801
7.32632 1362241
7.36277 1363681
7.36396 1365121
7.36557 1366561
7.36677 1368001
7.40566 1369441
7.40685 1370881
7.40805 1372321
7.40924 1373761
7.44574 1375201
7.44694 1376641
7.44813 1378081
7.44933 1379521
7.45052 1380961
7.48582 1382401
7.48702 1383841
7.48822 1385281
7.48941 1386721
7.52471 1388161
7.52591 1389601
7.5271 1391041
7.5283 1392481
7.5636 1393921
7.5648 1395361
7.56599 1396801
7.56719 1398241
7.56838 1399681
7.60249 1401121
7.60369 1402561
7.60488 1404001
7.60608 1405441
7.60727 1406881
7.60847 1408321
7.64294 1409761
7.64414 1411201
7.64533 1412641
7.64653 1414081
7.64772 1415521
7.64892 1416961
7.65011 1418401
7.68304 1419841
7.68424 1421281
7.68543 1422721
7.68663 1424161
7.68782 1425601
7.68902 1427041
7.72193 1428481
7.72313 1429921
7.72432 1431361
7.72552 1432801
7.72671 1434241
7.72791 1435681
7.76104 1437121
7.76223 1438561
7.76343 1440001
7.76462 1441441
7.76582 1442881
7.76702 1444321
7.76821 1445761
7.79993 1447201
7.80112 1448641
7.80232 1450081
7.80353 1451521
7.80473 1452961
7.80592 1454401
7.80712 1455841
7.80831 1457281
7.84001 1458721
7.84121 1460161
7.84242 1461601
7.84362 1463041
7.84481 1464481
7.84601 1465921
7.8472 1467361
7.8484 1468801
7.84959 1470241
7.8801 1471681
7.88129 1473121
7.8825 1474561
7.8837 1476001
7.8849 1477441
7.88609 1478881
7.88767 1480321
7.88887 1481761
7.91899 1483201
7.92018 1484641
7.92139 1486081
7.92259 1487521
7.92378 1488961
7.92498 1490401
7.92656 1491841
7.92776 1493281
7.92895 1494721
7.95788 1496161
7.95907 1497601
7.96028 1499041
7.96148 1500481
7.96267 1501921
7.96387 1503361
7.96545 1504801
7.96665 1506241
7.96784 1507681
7.96904 1509121
7.99796 1510561
7.99916 1512001
8.00037 1513441
8.00156 1514881
8.00276 1516321
8.00395 1517761
8.00562 1519201
8.00682 1520641
8.00801 1522081
8.00921 1523521
8.0104 1524961
8.03805 1526401
8.03924 1527841
8.04045 1529281
8.04165 1530721
8.04284 1532161
8.04404 1533601
8.04571 1535041
8.0469 1536481
8.0481 1537921
8.04929 1539361
8.07694 1540801
8.07813 1542241
8.07934 1543681
8.08054 1545121
8.08173 1546561
8.08293 1548001
8.0846 1549441
8.08579 1550881
8.08699 1552321
8.08818 1553761
8.11583 1555201
8.11702 1556641
8.11823 1558081
8.11943 1559521
8.12062 1560961
8.12182 1562401
8.12301 1563841
8.12421 1565281
8.1254 1566721
8.1266 1568161
8.12779 1569601
8.15511 1571041
8.1563 1572481
8.1575 1573921
8.15869 1575361
8.15989 1576801
8.16108 1578241
8.16228 1579681
8.16347 1581121
8.16467 1582561
8.16586 1584001
8.16706 1585441
8.16825 1586881
8.19519 1588321
8.19639 1589761
8.19758 1591201
8.19878 1592641
8.19997 1594081
8.20117 1595521
8.20236 1596961
8.20356 1598401
8.20475 1599841
8.20595 1601281
8.20714 1602721
8.20834 1604161
8.20953 1605601
8.23527 1607041
8.23647 1608481
8.23767 1609921
8.23886 1611361
8.24006 1612801
8.24125 1614241
8.24245 1615681
8.24364 1617121
8.24484 1618561
8.24603 1620001
8.24723 1621441
8.24842 1622881
8.27416 1624321
8.27536 1625761
8.27655 1627201
8.27775 1628641
8.27895 1630081
8.28014 1631521
8.28134 1632961
8.28253 1634401
8.28373 1635841
8.28494 1637281
8.28613 1638721
8.28733 1640161
8.28852 1641601
8.31305 1643041
8.31425 1644481
8.31544 1645921
8.31664 1647361
8.31783 1648801
8.31903 1650241
8.32023 1651681
8.32142 1653121
8.32262 1654561
8.32381 1656001
8.32502 1657441
8.32622 1658881
8.32741 1660321
8.32861 1661761
8.35314 1663201
8.35433 1664641
8.35553 1666081
8.35672 1667521
8.35792 1668961
8.35911 1670401
8.36031 1671841
8.36151 1673281
8.36309 1674721
8.36429 1676161
8.36548 1677601
8.36668 1679041
8.36787 1680481
8.36907 1681921
8.37026 1683361
8.39322 1684801
8.39442 1686241
8.39561 1687681
8.39681 1689121
8.398 1690561
8.3992 1692001
8.40039 1693441
8.40159 1694881
8.40318 1696321
8.40437 1697761
8.40557 1699201
8.40676 1700641
8.40796 1702081
8.40915 1703521
8.43211 1704961
8.43331 1706401
8.4345 1707841
8.4357 1709281
8.43689 1710721
8.43809 1712161
8.43928 1713601
8.44048 1715041
8.44207 1716481
8.44326 1717921
8.44446 1719361
8.44565 1720801
8.44685 1722241
8.44804 1723681
8.471 1725121
8.4722 1726561
8.47339 1728001
8.47459 1729441
8.47578 1730881
8.47698 1732321
8.47817 1733761
8.47937 1735201
8.48056 1736641
8.48176 1738081
8.48295 1739521
8.48415 1740961
8.48535 1742401
8.55035 1743841
8.55035 1745281
8.55035 1746721
8.55035 1748161
8.55035 1749601
8.56114 1751041
8.56114 1752481
8.56233 1753921
8.56233 1755361
8.56233 1756801
8.56233 1758241
8.56233 1759681
8.56233 1761121
8.56233 1762561
8.56233 1764001
8.56233 1765441
8.56233 1766881
8.56233 1768321
8.56353 1769761
8.56472 1771201
8.56592 1772641
8.58773 1774081
8.59047 1775521
8.60124 1776961
8.60243 1778401
8.60363 1779841
8.60482 1781281
8.62662 1782721
8.62782 1784161
8.63893 1785601
8.64132 1787041
8.64252 1788481
8.64371 1789921
8.64491 1791361
8.66671 1792801
8.6679 1794241
8.68021 1795681
8.68141 1797121
8.6826 1798561
8.6838 1800001
8.68499 1801441
8.7056 1802881
8.70679 1804321
8.7191 1805761
8.7203 1807201
8.72158 1808641
8.72277 1810081
8.72397 1811521
8.72516 1812961
8.74568 1814401
8.74688 1815841
8.75919 1817281
8.76038 1818721
8.76166 1820161
8.76286 1821601
8.76405 1823041
8.76525 1824481
8.76644 1825921
8.78613 1827361
8.78732 1828801
8.79927 1830241
8.80047 1831681
8.80175 1833121
8.80294 1834561
8.80414 1836001
8.80546 1837441
8.82502 1838881
8.82621 1840321
8.83822 1841761
8.83942 1843201
8.84064 1844641
8.84183 1846081
8.84303 1847521
8.84422 1848961
8.86391 1850401
8.8651 1851841
8.87711 1853281
8.87831 1854721
8.8795 1856161
8.8807 1857601
8.88189 1859041
8.88309 1860481
8.88428 1861921
8.9028 1863361
8.90438 1864801
8.916 1866241
8.9172 1867681
8.91839 1869121
8.91959 1870561
8.92078 1872001
8.92198 1873441
8.92317 1874881
8.92437 1876321
8.94358 1877761
8.94477 1879201
8.99858 1880641
8.99858 1882081
8.99858 1883521
8.99858 1884961
8.99858 1886401
8.99858 1887841
8.99858 1889281
8.99858 1890721
8.99858 1892161
8.99858 1893601
8.99858 1895041
8.99858 1896481
8.99858 1897921
9.02376 1899361
9.03509 1900801
9.03628 1902241
9.03748 1903681
9.07398 1905121
9.07517 1906561
9.07637 1908001
9.07756 1909441
9.11422 1910881
9.11542 1912321
9.11661 1913761
9.11781 1915201
9.119 1916641
9.15431 1918081
9.1555 1919521
9.1932 1920961
9.19439 1922401
9.19571 1923841
9.19691 1925281
9.23209 1926721
9.23328 1928161
9.2346 1929601
9.2358 1931041
9.23699 1932481
9.27098 1933921
9.27217 1935361
9.27349 1936801
9.27469 1938241
9.27588 1939681
9.27708 1941121
9.31106 1942561
9.31226 1944001
9.31366 1945441
9.31486 1946881
9.31605 1948321
9.31725 1949761
9.35151 1951201
9.35271 1952641
9.3539 1954081
9.3551 1955521
9.35629 1956961
9.35749 1958401
9.35868 1959841
9.3916 1961281
9.39279 1962721
9.39399 1964161
9.39518 1965601
9.39638 1967041
9.39757 1968481
9.43049 1969921
9.43168 1971361
9.43288 1972801
9.43407 1974241
9.43527 1975681
9.43646 1977121
9.43766 1978561
9.46938 1980001
9.47057 1981441
9.47177 1982881
9.47296 1984321
9.47416 1985761
9.47535 1987201
9.47655 1988641
9.47774 1990081
9.50946 1991521
9.51066 1992961
9.51185 1994401
9.51305 1995841
9.51424 1997281
9.51544 1998721
9.58845 2000161
9.58845 2001601
9.58845 2003041
9.58845 2004481
9.58845 2005921
9.58845 2007361
9.58845 2008801
9.58845 2010241
9.58845 2011681
9.58845 2013121
9.58845 2014561
9.59577 2016001
9.59696 2017441
9.62734 2018881
9.63585 2020321
9.63705 2021761
9.67474 2023201
9.67594 2024641
9.67713 2026081
9.71363 2027521
9.71483 2028961
9.71602 2030401
9.71722 2031841
9.75372 2033281
9.75491 2034721
9.75611 2036161
9.7573 2037601
9.7938 2039041
9.795 2040481
9.79646 2041921
9.79765 2043361
9.79885 2044801
9.83389 2046241
9.83508 2047681
9.83654 2049121
9.83774 2050561
9.87278 2052001
9.87397 2053441
9.87543 2054881
9.87663 2056321
9.87782 2057761
9.91167 2059201
9.91286 2060641
9.91447 2062081
9.91567 2063521
9.91686 2064961
9.91806 2066401
9.95203 2067841
9.95323 2069281
9.95456 2070721
9.95575 2072161
9.95695 2073601
9.95814 2075041
9.99213 2076481
9.99333 2077921
9.99452 2079361
9.99572 2080801
9.99692 2082241
9.99811 2083681
9.99931 2085121
10.0322 2086561
10.0334 2088001
10.0346 2089441
10.0358 2090881
10.037 2092321
10.0382 2093761
10.0711 2095201
10.0723 2096641
10.0735 2098081
10.0747 2099521
10.0759 2100961
10.0771 2102401
10.0783 2103841
10.11 2105281
10.1112 2106721
10.1124 2108161
10.1136 2109601
10.1148 2111041
10.116 2112481
10.1172 2113921
10.1184 2115361
10.1501 2116801
10.1517 2118241
10.1529 2119681
10.1541 2121121
10.1553 2122561
10.1564 2124001
10.1576 2125441
10.1588 2126881
10.16 2128321
10.1906 2129761
10.1918 2131201
10.1929 2132641
10.1941 2134081
10.1953 2135521
10.1965 2136961
10.1977 2138401
10.1989 2139841
10.2294 2141281
10.2306 2142721
10.2318 2144161
10.233 2145601
10.2342 2147041
10.2354 2148481
10.2366 2149921
10.2378 2151361
10.2683 2152801
10.2695 2154241
10.2707 2155681
10.2719 2157121
10.2731 2158561
10.2743 2160001
10.2755 2161441
10.2767 2162881
10.2779 2164321
10.3072 2165761
10.3084 2167201
10.3096 2168641
10.3108 2170081
10.312 2171521
10.3132 2172961
10.3144 2174401
10.3156 2175841
10.3168 2177281
10.318 2178721
10.3473 2180161
10.3485 2181601
10.3497 2183041
10.3509 2184481
10.3521 2185921
10.3533 2187361
10.3545 2188801
10.3557 2190241
10.3569 2191681
10.3582 2193121
10.3594 2194561
10.3877 2196001
10.3889 2197441
10.3901 2198881
10.3913 2200321
10.3925 2201761
10.3937 2203201
10.3949 2204641
10.3961 2206081
10.3973 2207521
10.3985 2208961
10.4266 2210401
10.4278 2211841
10.429 2213281
10.4302 2214721
10.4314 2216161
10.4326 2217601
10.4338 2219041
10.435 2220481
10.4362 2221921
10.4373 2223361
10.4385 2224801
10.4655 2226241
10.4667 2227681
10.4679 2229121
10.4691 2230561
10.4703 2232001
10.4715 2233441
10.4727 2234881
10.4739 2236321
10.4751 2237761
10.4767 2239201
10.4779 2240641
10.4791 2242081
10.5056 2243521
10.5068 2244961
10.508 2246401
10.5092 2247841
10.5104 2249281
10.5116 2250721
10.5128 2252161
10.514 2253601
10.5156 2255041
10.5168 2256481
10.518 2257921
10.5192 2259361
10.5204 2260801
10.5457 2262241
10.5468 2263681
10.548 2265121
10.5492 2266561
10.5504 2268001
10.5516 2269441
10.5529 2270881
10.554 2272321
10.5557 2273761
10.5569 2275201
10.5581 2276641
10.5593 2278081
10.5845 2279521
10.5857 2280961
10.5869 2282401
10.5881 2283841
10.5893 2285281
10.5905 2286721
10.5917 2288161
10.5929 2289601
10.5946 2291041
10.5958 2292481
10.597 2293921
10.5982 2295361
10.6234 2296801
10.6247 2298241
10.6259 2299681
10.6283 2301121
10.6295 2302561
10.6307 2304001
10.6319 2305441
10.6331 2306881
10.6343 2308321
10.6355 2309761
10.6367 2311201
10.6378 2312641
10.639 2314081
10.6623 2315521
10.6635 2316961
10.6648 2318401
10.666 2319841
10.6684 2321281
10.6696 2322721
10.6708 2324161
10.672 2325601
10.6732 2327041
10.6743 2328481
10.6755 2329921
10.6767 2331361
10.6779 2332801
10.6791 2334241
10.7024 2335681
10.7036 2337121
10.7049 2338561
10.7061 2340001
10.7085 2341441
10.7097 2342881
10.7108 2344321
10.712 2345761
10.7132 2347201
10.7144 2348641
10.7156 2350081
10.7168 2351521
10.718 2352961
10.7192 2354401
10.7204 2355841
10.7425 2357281
10.7437 2358721
10.7453 2360161
10.7465 2361601
10.7926 2363041
10.7926 2364481
10.7926 2365921
10.7926 2367361
10.7926 2368801
10.7926 2370241
10.7926 2371681
10.7926 2373121
10.7926 2374561
10.7926 2376001
10.7926 2377441
10.7926 2378881
10.7926 2380321
10.7926 2381761
10.7926 2383201
10.7926 2384641
10.7926 2386081
10.8231 2387521
10.8243 2388961
10.8279 2390401
10.8291 2391841
10.8303 2393281
10.8315 2394721
10.8632 2396161
10.8647 2397601
10.868 2399041
10.8692 2400481
10.8704 2401921
10.8716 2403361
10.9036 2404801
10.9048 2406241
10.906 2407681
10.9081 2409121
10.9093 2410561
10.9105 2412001
10.9117 2413441
10.9437 2414881
10.9449 2416321
10.947 2417761
10.9482 2419201
10.9494 2420641
10.9507 2422081
10.9828 2423521
10.984 2424961
10.9859 2426401
10.987 2427841
10.9882 2429281
10.9894 2430721
10.9906 2432161
11.0217 2433601
11.0229 2435041
11.0247 2436481
11.0259 2437921
11.0271 2439361
11.0283 2440801
11.0295 2442241
11.0307 2443681
11.0618 2445121
11.063 2446561
11.0648 2448001
11.066 2449441
11.0672 2450881
11.0684 2452321
11.0696 2453761
11.0708 2455201
11.072 2456641
11.1019 2458081
11.1031 2459521
11.1049 2460961
11.1061 2462401
11.1073 2463841
11.1085 2465281
11.1097 2466721
11.1109 2468161
11.1408 2469601
11.142 2471041
11.1462 2472481
11.1474 2473921
11.1486 2475361
11.1498 2476801
11.151 2478241
11.1522 2479681
11.1797 2481121
11.1809 2482561
11.1851 2484001
11.1863 2485441
11.1875 2486881
11.1887 2488321
11.19 2489761
11.1912 2491201
11.1924 2492641
11.2189 2494081
11.2201 2495521
11.224 2496961
11.2252 2498401
11.2264 2499841
11.2276 2501281
11.2289 2502721
11.2301 2504161
11.2313 2505601
11.2325 2507041
11.2593 2508481
11.2605 2509921
11.2641 2511361
11.2653 2512801
11.2664 2514241
11.2676 2515681
11.269 2517121
11.2702 2518561
11.2714 2520001
11.2726 2521441
11.2738 2522881
11.2994 2524321
11.3006 2525761
11.3041 2527201
11.3056 2528641
11.3068 2530081
11.308 2531521
11.3092 2532961
11.3104 2534401
11.3116 2535841
11.3128 2537281
11.3383 2538721
11.3395 2540161
11.3431 2541601
11.3443 2543041
11.3457 2544481
11.3469 2545921
11.3481 2547361
11.3493 2548801
11.3505 2550241
11.4173 2551681
11.4173 2553121
11.4173 2554561
11.4173 2556001
11.4173 2557441
11.4173 2558881
11.4173 2560321
11.4173 2561761
11.4173 2563201
11.4173 2564641
11.4173 2566081
11.4173 2567521
11.4173 2568961
11.4173 2570401
11.4285 2571841
11.4297 2573281
11.4309 2574721
11.455 2576161
11.4562 2577601
11.4686 2579041
11.4697 2580481
11.4939 2581921
11.4951 2583361
11.5074 2584801
11.5086 2586241
11.5328 2587681
11.534 2589121
11.5463 2590561
11.5475 2592001
11.5717 2593441
11.5729 2594881
11.574 2596321
11.5852 2597761
11.5864 2599201
11.6107 2600641
11.6119 2602081
11.6131 2603521
11.6143 2604961
11.6253 2606401
11.6265 2607841
11.6508 2609281
11.652 2610721
11.6532 2612161
11.6544 2613601
11.6556 2615041
11.6654 2616481
11.6666 2617921
11.6909 2619361
11.6921 2620801
11.6933 2622241
11.6945 2623681
11.7043 2625121
11.7055 2626561
11.7298 2628001
11.731 2629441
11.7322 2630881
11.7334 2632321
11.7432 2633761
11.7444 2635201
11.7687 2636641
11.7699 2638081
11.7711 2639521
11.7723 2640961
11.7735 2642401
11.7823 2643841
11.7835 2645281
11.8076 2646721
11.8088 2648161
11.81 2649601
11.8112 2651041
11.8124 2652481
11.8136 2653921
11.8224 2655361
11.8236 2656801
11.8477 2658241
11.8489 2659681
11.8501 2661121
11.8513 2662561
11.8525 2664001
11.8625 2665441
11.8637 2666881
11.8648 2668321
11.8661 2669761
11.8878 2671201
11.889 2672641
11.8902 2674081
11.8914 2675521
11.9013 2676961
11.9025 2678401
11.9037 2679841
11.9049 2681281
11.9267 2682721
11.9279 2684161
11.9291 2685601
11.9302 2687041
11.9402 2688481
11.9414 2689921
11.9426 2691361
11.9438 2692801
11.9656 2694241
11.9667 2695681
11.9679 2697121
11.9691 2698561
11.9703 2700001
11.9791 2701441
11.9803 2702881
11.9815 2704321
11.9827 2705761
12.0044 2707201
12.0056 2708641
12.0068 2710081
12.008 2711521
12.0092 2712961
12.0617 2714401
12.0617 2715841
12.0617 2717281
12.0617 2718721
12.0617 2720161
12.0617 2721601
12.0617 2723041
12.0617 2724481
12.0617 2725921
12.0617 2727361
12.0617 2728801
12.0617 2730241
12.0617 2731681
12.097 2733121
12.0982 2734561
12.0994 2736001
12.1006 2737441
12.1371 2738881
12.1383 2740321
12.1395 2741761
12.1407 2743201
12.1772 2744641
12.1784 2746081
12.2581 2747521
12.2581 2748961
12.2958 2750401
12.2958 2751841
12.2958 2753281
12.2958 2754721
12.2958 2756161
12.2982 2757601
12.3347 2759041
12.4916 2760481
12.4916 2761921
12.4916 2763361
12.4916 2764801
12.4928 2766241
12.5305 2767681
12.5694 2769121
12.5706 2770561
12.6095 2772001
12.6107 2773441
12.6496 2774881
12.6508 2776321
12.652 2777761
12.6898 2779201
12.6912 2780641
12.7286 2782081
12.7298 2783521
12.7675 2784961
12.7687 2786401
12.7699 2787841
12.8065 2789281
12.8077 2790721
12.8089 2792161
12.8101 2793601
12.849 2795041
12.8502 2796481
12.8514 2797921
12.8526 2799361
12.8891 2800801
12.8903 2802241
12.8915 2803681
12.8927 2805121
12.8938 2806561
12.9292 2808001
12.9304 2809441
12.9316 2810881
12.9328 2812321
12.9681 2813761
12.9693 2815201
12.9705 2816641
12.9717 2818081
13.007 2819521
13.0082 2820961
13.0094 2822401
13.0106 2823841
13.0118 2825281
13.0463 2826721
13.0475 2828161
13.0487 2829601
13.0498 2831041
13.051 2832481
13.0522 2833921
13.0867 2835361
13.0879 2836801
13.0891 2838241
13.0903 2839681
13.0915 2841121
13.0927 2842561
13.0939 2844001
13.1268 2845441
13.128 2846881
13.1292 2848321
13.1304 2849761
13.1316 2851201
13.1327 2852641
13.1657 2854081
13.1669 2855521
13.168 2856961
13.1692 2858401
13.1704 2859841
13.1716 2861281
13.2045 2862721
13.2057 2864161
13.2069 2865601
13.2081 2867041
13.2093 2868481
13.2105 2869921
13.2117 2871361
13.2434 2872801
13.2446 2874241
13.2458 2875681
13.2474 2877121
13.2486 2878561
13.2498 2880001
13.251 2881441
13.2522 2882881
13.2835 2884321
13.2847 2885761
13.2863 2887201
13.2875 2888641
13.2887 2890081
13.2899 2891521
13.2911 2892961
13.2923 2894401
13.2935 2895841
13.3236 2897281
13.3248 2898721
13.3264 2900161
13.3276 2901601
13.3288 2903041
13.33 2904481
13.3312 2905921
13.3324 2907361
13.3625 2908801
13.3637 2910241
13.3657 2911681
13.3669 2913121
13.3681 2914561
13.3693 2916001
13.3704 2917441
13.3716 2918881
13.3728 2920321
13.4447 2921761
13.4447 2923201
13.4447 2924641
13.4447 2926081
13.4447 2927521
13.4447 2928961
13.4447 2930401
13.4447 2931841
13.4447 2933281
13.4447 2934721
13.4447 2936161
13.4447 2937601
13.4518 2939041
13.5604 2940481
13.5604 2941921
13.5604 2943361
13.5604 2944801
13.5604 2946241
13.5604 2947681
13.5628 2949121
13.5993 2950561
13.6382 2952001
13.6394 2953441
13.6783 2954881
13.6795 2956321
13.7184 2957761
13.7196 2959201
13.7208 2960641
13.7585 2962081
13.7597 2963521
13.7974 2964961
13.7986 2966401
13.8363 2967841
13.8375 2969281
13.8386 2970721
13.8751 2972161
13.8763 2973601
13.8775 2975041
13.8787 2976481
13.9152 2977921
13.9164 2979361
13.9176 2980801
13.9188 2982241
13.9553 2983681
13.9565 2985121
13.9577 2986561
13.9592 2988001
13.9604 2989441
13.9955 2990881
13.9967 2992321
14.0745 2993761
14.0745 2995201
14.0745 2996641
14.0745 2998081
14.0745 2999521
14.0745 3000961
14.0745 3002401
14.0745 3003841
14.1122 3005281
14.1134 3006721
14.1523 3008161
14.1535 3009601
14.1924 3011041
14.1935 3012481
14.2324 3013921
14.2338 3015361
14.235 3016801
14.273 3018241
14.2742 3019681
14.3118 3021121
14.313 3022561
14.3507 3024001
14.3519 3025441
14.3532 3026881
14.3896 3028321
14.3908 3029761
14.3921 3031201
14.3932 3032641
14.4297 3034081
14.4309 3035521
14.4321 3036961
14.4333 3038401
14.4698 3039841
14.471 3041281
14.4722 3042721
14.4734 3044161
14.4746 3045601
14.5099 3047041
14.5111 3048481
14.5123 3049921
14.5135 3051361
14.5488 3052801
14.55 3054241
14.5512 3055681
14.5524 3057121
14.5536 3058561
14.5877 3060001
14.5889 3061441
14.5901 3062881
14.5912 3064321
14.5924 3065761
14.5936 3067201
14.6277 3068641
14.6289 3070081
14.6301 3071521
14.6313 3072961
14.6325 3074401
14.6337 3075841
14.6349 3077281
14.6678 3078721
14.669 3080161
14.6702 3081601
14.6714 3083041
14.6726 3084481
14.6738 3085921
14.7067 3087361
14.7079 3088801
14.7091 3090241
14.7103 3091681
14.7115 3093121
14.7127 3094561
14.7456 3096001
14.7471 3097441
14.7483 3098881
14.7496 3100321
14.7508 3101761
14.7519 3103201
14.7531 3104641
14.7845 3106081
14.7857 3107521
14.7872 3108961
14.7884 3110401
14.7896 3111841
14.7908 3113281
14.792 3114721
14.7932 3116161
14.8246 3117601
14.8258 3119041
14.8273 3120481
14.8285 3121921
14.8297 3123361
14.8309 3124801
14.8321 3126241
14.8335 3127681
14.8347 3129121
14.8647 3130561
14.8659 3132001
14.8674 3133441
14.8686 3134881
14.8698 3136321
14.871 3137761
14.8724 3139201
14.8736 3140641
14.9036 3142081
14.9048 3143521
14.9063 3144961
14.9075 3146401
14.9087 3147841
14.9099 3149281
14.9113 3150721
14.9124 3152161
14.9424 3153601
14.9436 3155041
14.9448 3156481
14.946 3157921
14.9474 3159361
14.9486 3160801
14.9498 3162241
14.951 3163681
14.9522 3165121
14.9813 3166561
14.9825 3168001
14.9837 3169441
14.9849 3170881
14.9863 3172321
14.9875 3173761
14.9887 3175201
14.9899 3176641
14.9911 3178081
14.9923 3179521
15.0214 3180961
15.0226 3182401
15.0238 3183841
15.025 3185281
15.0262 3186721
15.0274 3188161
15.0286 3189601
15.0298 3191041
15.031 3192481
15.0322 3193921
15.0334 3195361
15.0615 3196801
15.0627 3198241
15.0639 3199681
15.0654 3201121
15.0666 3202561
15.0678 3204001
15.069 3205441
15.0702 3206881
15.0714 3208321
15.0726 3209761
15.1008 3211201
15.102 3212641
15.1031 3214081
15.1043 3215521
15.1055 3216961
15.1067 3218401
15.1079 3219841
15.1091 3221281
15.1103 3222721
15.1115 3224161
15.1127 3225601
15.1396 3227041
15.1411 3228481
15.1423 3229921
15.1435 3231361
15.1447 3232801
15.1459 3234241
15.1471 3235681
15.1483 3237121
15.1495 3238561
15.1507 3240001
15.1519 3241441
15.1531 3242881
15.18 3244321
15.1812 3245761
15.1824 3247201
15.1836 3248641
15.1848 3250081
15.186 3251521
15.1872 3252961
15.1884 3254401
15.1896 3255841
15.1908 3257281
15.192 3258721
15.1932 3260161
15.1944 3261601
15.2201 3263041
15.2213 3264481
15.2225 3265921
15.2237 3267361
15.2249 3268801
15.2261 3270241
15.2273 3271681
15.2285 3273121
15.2297 3274561
15.2309 3276001
15.2321 3277441
15.2333 3278881
15.259 3280321
15.2602 3281761
15.2614 3283201
15.2626 3284641
15.2638 3286081
15.265 3287521
15.2662 3288961
15.2674 3290401
15.2686 3291841
15.2698 3293281
15.271 3294721
15.2724 3296161
15.2979 3297601
15.2991 3299041
15.3003 3300481
15.3015 3301921
15.3027 3303361
15.304 3304801
15.3052 3306241
15.3064 3307681
15.3076 3309121
15.3088 3310561
15.31 3312001
15.3112 3313441
15.3124 3314881
15.3368 3316321
15.338 3317761
15.3392 3319201
15.3404 3320641
15.3416 3322081
15.3428 3323521
15.3878 3324961
15.3878 3326401
15.4208 3327841
15.4208 3329281
15.4208 3330721
15.4208 3332161
15.4208 3333601
15.4208 3335041
15.4208 3336481
15.4208 3337921
15.4208 3339361
15.4208 3340801
15.4208 3342241
15.4208 3343681
15.4208 3345121
15.4208 3346561
15.4208 3348001
15.422 3349441
15.4232 3350881
15.4244 3352321
15.4256 3353761
15.4279 3355201
15.4597 3356641
15.4621 3358081
15.4633 3359521
15.4644 3360961
15.4656 3362401
15.4986 3363841
15.4998 3365281
15.5021 3366721
15.5033 3368161
15.5045 3369601
15.5057 3371041
15.5069 3372481
15.5386 3373921
15.5398 3375361
15.5423 3376801
15.5435 3378241
15.5447 3379681
15.5459 3381121
15.5775 3382561
15.5787 3384001
15.5812 3385441
15.5824 3386881
15.5836 3388321
15.5848 3389761
15.586 3391201
15.6164 3392641
15.6176 3394081
15.6201 3395521
15.6213 3396961
15.6225 3398401
15.6237 3399841
15.6249 3401281
15.6261 3402721
15.6565 3404161
15.6579 3405601
15.6603 3407041
15.6618 3408481
15.663 3409921
15.6642 3411361
15.6654 3412801
15.6666 3414241
15.6968 3415681
15.698 3417121
15.6991 3418561
15.7007 3420001
15.7019 3421441
15.7031 3422881
15.7043 3424321
15.7055 3425761
15.7067 3427201
15.7368 3428641
15.738 3430081
15.7396 3431521
15.7408 3432961
15.742 3434401
15.7432 3435841
15.7444 3437281
15.7456 3438721
15.7758 3440161
15.777 3441601
15.7785 3443041
15.7797 3444481
15.7809 3445921
15.7821 3447361
15.7833 3448801
15.7845 3450241
15.7857 3451681
15.8147 3453121
15.8159 3454561
15.8174 3456001
15.8186 3457441
15.8198 3458881
15.821 3460321
15.8246 3461761
15.8258 3463201
15.8269 3464641
15.8281 3466081
15.8548 3467521
15.856 3468961
15.8575 3470401
15.8587 3471841
15.8599 3473281
15.8611 3474721
15.8649 3476161
15.8661 3477601
15.8673 3479041
15.8685 3480481
15.8697 3481921
15.895 3483361
15.8962 3484801
15.8976 3486241
15.8988 3487681
15.8999 3489121
15.9011 3490561
15.905 3492001
15.9062 3493441
15.9074 3494881
15.9085 3496321
15.9364 3497761
15.9376 3499201
15.9388 3500641
15.94 3502081
15.9412 3503521
15.9424 3504961
15.9439 3506401
15.945 3507841
16.0154 3509281
16.0154 3510721
16.0154 3512161
16.0154 3513601
16.0154 3515041
16.0154 3516481
16.0154 3517921
16.0154 3519361
16.0154 3520801
16.0154 3522241
16.0154 3523681
16.0154 3525121
16.0154 3526561
16.0154 3528001
16.0238 3529441
16.0252 3530881
16.0267 3532321
16.0535 3533761
16.0547 3535201
16.0641 3536641
16.0653 3538081
16.0924 3539521
16.0936 3540961
16.103 3542401
16.1042 3543841
16.1313 3545281
16.1325 3546721
16.1419 3548161
16.1431 3549601
16.1702 3551041
16.1714 3552481
16.1726 3553921
16.1808 3555361
16.182 3556801
16.2091 3558241
16.2103 3559681
16.2115 3561121
16.2127 3562561
16.2209 3564001
16.2221 3565441
16.2492 3566881
16.2504 3568321
16.2519 3569761
16.2531 3571201
16.2542 3572641
16.261 3574081
16.2622 3575521
16.2893 3576961
16.2905 3578401
16.2919 3579841
16.2931 3581281
16.2999 3582721
16.3011 3584161
16.3281 3585601
16.3293 3587041
16.3308 3588481
16.332 3589921
16.3388 3591361
16.3399 3592801
16.3673 3594241
16.3686 3595681
16.3698 3597121
16.371 3598561
16.3722 3600001
16.3776 3601441
16.3788 3602881
16.4062 3604321
16.4074 3605761
16.409 3607201
16.4102 3608641
16.4114 3610081
16.4125 3611521
16.4177 3612961
16.4189 3614401
16.4462 3615841
16.4474 3617281
16.449 3618721
16.4502 3620161
16.4514 3621601
16.4526 3623041
16.4538 3624481
16.4578 3625921
16.459 3627361
16.4863 3628801
16.4876 3630241
16.4892 3631681
16.4904 3633121
16.4916 3634561
16.4929 3636001
16.4967 3637441
16.4979 3638881
16.5252 3640321
16.5264 3641761
16.5717 3643201
16.5717 3644641
16.5717 3646081
16.5717 3647521
16.5717 3648961
16.5717 3650401
16.5717 3651841
16.5717 3653281
16.5717 3654721
16.5717 3656161
16.5717 3657601
16.5717 3659041
16.6074 3660481
16.6086 3661921
16.6098 3663361
16.611 3664801
16.6475 3666241
16.6487 3667681
16.6499 3669121
16.6511 3670561
16.6876 3672001
16.6888 3673441
16.69 3674881
16.6912 3676321
16.7278 3677761
16.729 3679201
16.7302 3680641
16.7314 3682081
16.7326 3683521
16.7679 3684961
16.769 3686401
16.7702 3687841
16.7714 3689281
16.8067 3690721
16.8079 3692161
16.8091 3693601
16.8103 3695041
16.8115 3696481
16.8456 3697921
16.8468 3699361
16.8483 3700801
16.8495 3702241
16.8507 3703681
16.8519 3705121
16.8857 3706561
16.8869 3708001
16.8884 3709441
16.8896 3710881
16.8908 3712321
16.892 3713761
16.9258 3715201
16.927 3716641
16.9282 3718081
16.9294 3719521
16.9306 3720961
16.9318 3722401
16.933 3723841
16.9663 3725281
16.9675 3726721
16.9686 3728161
16.9698 3729601
16.971 3731041
16.9722 3732481
17.0051 3733921
17.0063 3735361
17.0075 3736801
17.0087 3738241
17.0099 3739681
17.0111 3741121
17.0123 3742561
17.044 3744001
17.0452 3745441
17.0464 3746881
17.0476 3748321
17.0488 3749761
17.05 3751201
17.0512 3752641
17.0524 3754081
17.0842 3755521
17.0854 3756961
17.0866 3758401
17.0878 3759841
17.089 3761281
17.0902 3762721
17.0914 3764161
17.0926 3765601
17.0938 3767041
17.1243 3768481
17.1255 3769921
17.1267 3771361
17.1279 3772801
17.1291 3774241
17.1303 3775681
17.1315 3777121
17.1327 3778561
17.1632 3780001
17.1644 3781441
17.1656 3782881
17.1668 3784321
17.168 3785761
17.1692 3787201
17.1704 3788641
17.1715 3790081
17.2024 3791521
17.2036 3792961
17.2048 3794401
17.206 3795841
17.2072 3797281
17.2084 3798721
17.2096 3800161
17.2108 3801601
17.212 3803041
17.2416 3804481
17.2428 3805921
17.244 3807361
17.2452 3808801
17.2464 3810241
17.2476 3811681
17.2488 3813121
17.25 3814561
17.2511 3816001
17.2523 3817441
17.2817 3818881
17.2829 3820321
17.2841 3821761
17.2853 3823201
17.2864 3824641
17.2876 3826081
17.2888 3827521
17.2903 3828961
17.2915 3830401
17.2927 3831841
17.2939 3833281
17.3218 3834721
17.3229 3836161
17.3241 3837601
17.3253 3839041
17.3268 3840481
17.3279 3841921
17.3292 3843361
17.3304 3844801
17.3316 3846241
17.3328 3847681
17.3606 3849121
17.3618 3850561
17.363 3852001
17.3642 3853441
17.3656 3854881
17.3668 3856321
17.3681 3857761
17.3696 3859201
17.3708 3860641
17.372 3862081
17.3732 3863521
17.3995 3864961
17.4007 3866401
17.4019 3867841
17.4031 3869281
17.4045 3870721
17.4057 3872161
17.407 3873601
17.4522 3875041
17.4522 3876481
17.4522 3877921
17.4522 3879361
17.4522 3880801
17.4522 3882241
17.4522 3883681
17.4522 3885121
17.4522 3886561
17.4522 3888001
17.4522 3889441
17.4522 3890881
17.4522 3892321
17.4522 3893761
17.4847 3895201
17.4875 3896641
17.4899 3898081
17.4911 3899521
17.4923 3900961
17.5264 3902401
17.5276 3903841
17.5304 3905281
17.5316 3906721
17.5653 3908161
17.5665 3909601
17.5693 3911041
17.5705 3912481
17.6042 3913921
17.6054 3915361
17.6082 3916801
17.6094 3918241
17.6106 3919681
17.6431 3921121
17.6443 3922561
17.6471 3924001
17.6482 3925441
17.6494 3926881
17.6506 3928321
17.6832 3929761
17.6844 3931201
17.6874 3932641
17.6886 3934081
17.6898 3935521
17.691 3936961
17.6922 3938401
17.7233 3939841
17.7245 3941281
17.7275 3942721
17.7287 3944161
17.7298 3945601
17.731 3947041
17.7622 3948481
17.7633 3949921
17.7663 3951361
17.7675 3952801
17.8457 3954241
17.8457 3955681
17.8457 3957121
17.8457 3958561
17.8457 3960001
17.8457 3961441
17.8457 3962881
17.8457 3964321
17.8457 3965761
17.8457 3967201
17.8517 3968641
17.8837 3970081
17.8849 3971521
17.9226 3972961
17.9238 3974401
17.9615 3975841
17.9627 3977281
18.0004 3978721
18.0016 3980161
18.0393 3981601
18.0405 3983041
18.0417 3984481
18.0782 3985921
18.0794 3987361
18.0806 3988801
18.0818 3990241
18.1183 3991681
18.1195 3993121
18.1207 3994561
18.1219 3996001
18.1231 3997441
18.1584 3998881
18.1596 4000321
18.1608 4001761
18.1623 4003201
18.1973 4004641
18.1984 4006081
18.1999 4007521
18.2011 4008961
18.2361 4010401
18.2373 4011841
18.2388 4013281
18.24 4014721
18.2412 4016161
18.275 4017601
18.2762 4019041
18.2801 4020481
18.2813 4021921
18.2825 4023361
18.2837 4024801
18.3151 4026241
18.3163 4027681
18.3202 4029121
18.3214 4030561
18.3226 4032001
18.3237 4033441
18.3552 4034881
18.3564 4036321
18.3576 4037761
18.3602 4039201
18.3614 4040641
18.3953 4042081
18.3965 4043521
18.3978 4044961
18.399 4046401
18.4002 4047841
18.4014 4049281
18.4342 4050721
18.4354 4052161
18.4367 4053601
18.4379 4055041
18.4391 4056481
18.4403 4057921
18.4731 4059361
18.4743 4060801
18.4756 4062241
18.4768 4063681
18.478 4065121
18.4792 4066561
18.4804 4068001
18.5121 4069441
18.5133 4070881
18.5145 4072321
18.5161 4073761
18.5173 4075201
18.5185 4076641
18.5197 4078081
18.5209 4079521
18.5522 4080961
18.5534 4082401
18.555 4083841
18.5562 4085281
18.5574 4086721
18.5586 4088161
18.5598 4089601
18.561 4091041
18.5621 4092481
18.5923 4093921
18.5935 4095361
18.5951 4096801
18.5963 4098241
18.5975 4099681
18.5986 4101121
18.5998 4102561
18.601 4104001
18.6311 4105441
18.6323 4106881
18.634 4108321
18.6352 4109761
18.6364 4111201
18.6376 4112641
18.6388 4114081
18.64 4115521
18.6412 4116961
18.67 4118401
18.6712 4119841
18.6728 4121281
18.674 4122721
18.6753 4124161
18.6765 4125601
18.6777 4127041
18.6789 4128481
18.6801 4129921
18.6813 4131361
18.7101 4132801
18.7113 4134241
18.7129 4135681
18.7141 4137121
18.7154 4138561
18.7166 4140001
18.7178 4141441
18.719 4142881
18.7202 4144321
18.7214 4145761
18.7502 4147201
18.7514 4148641
18.7526 4150081
18.7538 4151521
18.755 4152961
18.7562 4154401
18.7574 4155841
18.7586 4157281
18.7598 4158721
18.761 4160161
18.7622 4161601
18.7903 4163041
18.7915 4164481
18.8376 4165921
18.8376 4167361
18.8376 4168801
18.8376 4170241
18.8376 4171681
18.8376 4173121
18.8376 4174561
18.8376 4176001
18.8376 4177441
18.8376 4178881
18.8753 4180321
18.8753 4181761
18.8753 4183201
18.8753 4184641
18.8753 4186081
18.8753 4187521
18.8765 4188961
18.8789 4190401
18.9118 4191841
18.913 4193281
18.9142 4194721
18.9166 4196161
18.9511 4197601
18.9523 4199041
18.9535 4200481
18.9547 4201921
18.99 4203361
18.9912 4204801
18.9924 4206241
18.9935 4207681
19.029 4209121
19.0301 4210561
19.0313 4212001
19.0325 4213441
19.0337 4214881
19.0678 4216321
19.069 4217761
19.0702 4219201
19.0714 4220641
19.0726 4222081
19.0738 4223521
19.1079 4224961
19.1091 4226401
19.1103 4227841
19.1115 4229281
19.1127 4230721
19.1139 4232161
19.1151 4233601
19.1484 4235041
19.1496 4236481
19.1508 4237921
19.152 4239361
19.1532 4240801
19.1543 4242241
19.1873 4243681
19.1885 4245121
19.1897 4246561
19.1908 4248001
19.192 4249441
19.1932 4250881
19.2262 4252321
19.2273 4253761
19.2285 4255201
19.2297 4256641
19.2309 4258081
19.2321 4259521
19.2333 4260961
19.2654 4262401
19.3103 4263841
19.3103 4265281
19.3103 4266721
19.3103 4268161
19.3103 4269601
19.3103 4271041
19.3103 4272481
19.3103 4273921
19.3103 4275361
19.3103 4276801
19.3472 4278241
19.3484 4279681
19.3496 4281121
19.3873 4282561
19.3885 4284001
19.4261 4285441
19.4273 4286881
19.465 4288321
19.4662 4289761
19.5039 4291201
19.5051 4292641
19.5063 4294081
19.5428 4295521
19.544 4296961
19.5452 4298401
19.5464 4299841
19.5829 4301281
19.5841 4302721
19.5853 4304161
19.5865 4305601
19.5877 4307041
19.623 4308481
19.6242 4309921
19.6254 4311361
19.6266 4312801
19.6619 4314241
19.6631 4315681
19.6643 4317121
19.6655 4318561
19.7008 4320001
19.702 4321441
19.7032 4322881
19.7044 4324321
19.7056 4325761
19.7397 4327201
19.7409 4328641
19.7421 4330081
19.7432 4331521
19.7444 4332961
19.7456 4334401
19.7797 4335841
19.7809 4337281
19.7821 4338721
19.7833 4340161
19.7845 4341601
19.7857 4343041
19.7869 4344481
19.8202 4345921
19.8213 4347361
19.8225 4348801
19.8237 4350241
19.8249 4351681
19.8261 4353121
19.859 4354561
19.8602 4356001
19.8614 4357441
19.8626 4358881
19.8638 4360321
19.865 4361761
19.8979 4363201
19.8991 4364641
19.9003 4366081
19.9015 4367521
19.9027 4368961
19.9039 4370401
19.9051 4371841
19.9368 4373281
19.938 4374721
19.9392 4376161
19.9404 4377601
19.9416 4379041
19.9428 4380481
19.944 4381921
19.9452 4383361
19.9769 4384801
20.0218 4386241
20.0218 4387681
20.0218 4389121
20.0218 4390561
20.0218 4392001
20.0218 4393441
20.0218 4394881
20.0218 4396321
20.0218 4397761
20.0218 4399201
20.0218 4400641
20.0583 4402081
20.0595 4403521
20.0607 4404961
20.0984 4406401
20.0996 4407841
20.1375 4409281
20.1387 4410721
20.1399 4412161
20.1764 4413601
20.1776 4415041
20.1788 4416481
20.18 4417921
20.2165 4419361
20.2177 4420801
20.2189 4422241
20.2201 4423681
20.2566 4425121
20.2578 4426561
20.259 4428001
20.2602 4429441
20.2614 4430881
20.2967 4432321
20.2979 4433761
20.2991 4435201
20.3003 4436641
20.3356 4438081
20.3368 4439521
20.338 4440961
20.3392 4442401
20.3404 4443841
20.3745 4445281
20.3757 4446721
20.3769 4448161
20.3781 4449601
20.3792 4451041
20.3804 4452481
20.4145 4453921
20.4157 4455361
20.4169 4456801
20.4181 4458241
20.4193 4459681
20.4205 4461121
20.4546 4462561
20.4558 4464001
20.457 4465441
20.4582 4466881
20.4594 4468321
20.4606 4469761
20.4618 4471201
20.4947 4472641
20.4959 4474081
20.4971 4475521
20.4983 4476961
20.4995 4478401
20.5007 4479841
20.5336 4481281
20.5348 4482721
20.536 4484161
20.5372 4485601
20.5384 4487041
20.5396 4488481
20.5408 4489921
20.5727 4491361
20.5739 4492801
20.5751 4494241
20.5763 4495681
20.5775 4497121
20.5787 4498561
20.5799 4500001
20.5811 4501441
20.6128 4502881
20.614 4504321
20.6152 4505761
20.6164 4507201
20.6176 4508641
20.6188 4510081
20.62 4511521
20.6212 4512961
20.6224 4514401
20.6529 4515841
20.6541 4517281
20.6553 4518721
20.6565 4520161
20.6577 4521601
20.6589 4523041
20.6601 4524481
20.6613 4525921
20.6918 4527361
20.693 4528801
20.6942 4530241
20.6954 4531681
20.6966 4533121
20.6978 4534561
20.699 4536001
20.7002 4537441
20.7308 4538881
20.732 4540321
20.7332 4541761
20.7344 4543201
20.7356 4544641
20.7368 4546081
20.738 4547521
20.7392 4548961
20.7404 4550401
20.7697 4551841
20.7709 4553281
20.7721 4554721
20.7733 4556161
20.7745 4557601
20.7757 4559041
20.7769 4560481
20.7781 4561921
20.7793 4563361
20.7805 4564801
20.8098 4566241
20.811 4567681
20.8122 4569121
20.8134 4570561
20.8146 4572001
20.8158 4573441
20.817 4574881
20.8181 4576321
20.8195 4577761
20.8207 4579201
20.8219 4580641
20.8499 4582081
20.8511 4583521
20.8523 4584961
20.8535 4586401
20.8546 4587841
20.8558 4589281
20.857 4590721
20.8582 4592161
20.8596 4593601
20.8608 4595041
20.8888 4596481
20.89 4597921
20.8911 4599361
20.8923 4600801
20.8935 4602241
20.8947 4603681
20.8959 4605121
20.8971 4606561
20.8983 4608001
20.8995 4609441
20.9007 4610881
20.9276 4612321
20.9288 4613761
20.93 4615201
20.9312 4616641
20.9324 4618081
20.9336 4619521
20.9348 4620961
20.936 4622401
20.9375 4623841
20.9387 4625281
20.9399 4626721
20.9411 4628161
20.9677 4629601
20.9689 4631041
20.9701 4632481
20.9713 4633921
20.9725 4635361
20.9737 4636801
20.9749 4638241
20.9761 4639681
20.9776 4641121
20.9788 4642561
20.98 4644001
20.9812 4645441
20.9824 4646881
21.0078 4648321
21.009 4649761
21.0104 4651201
21.0116 4652641
21.0128 4654081
21.014 4655521
21.0152 4656961
21.0164 4658401
21.0177 4659841
21.0189 4661281
21.0201 4662721
21.0213 4664161
21.0467 4665601
21.0479 4667041
21.0493 4668481
21.0505 4669921
21.0517 4671361
21.0529 4672801
21.0541 4674241
21.0554 4675681
21.057 4677121
21.0582 4678561
21.0594 4680001
21.0606 4681441
21.0856 4682881
21.0868 4684321
21.088 4685761
21.0892 4687201
21.0904 4688641
21.0916 4690081
21.0928 4691521
21.094 4692961
21.0952 4694401
21.0964 4695841
21.0975 4697281
21.0991 4698721
21.1003 4700161
21.1245 4701601
21.1257 4703041
21.1269 4704481
21.1281 4705921
21.1293 4707361
21.1305 4708801
21.1317 4710241
21.1328 4711681
21.134 4713121
21.1352 4714561
21.1364 4716001
21.1376 4717441
21.1392 4718881
21.1404 4720321
21.1646 4721761
21.1658 4723201
21.167 4724641
21.1682 4726081
21.1693 4727521
21.1708 4728961
21.172 4730401
21.1732 4731841
21.1744 4733281
21.1756 4734721
21.1768 4736161
21.178 4737601
21.1792 4739041
21.1804 4740481
21.1816 4741921
21.2047 4743361
21.2058 4744801
21.207 4746241
21.2082 4747681
21.2097 4749121
21.2109 4750561
21.2121 4752001
21.2133 4753441
21.2145 4754881
21.2157 4756321
21.2169 4757761
21.2181 4759201
21.2193 4760641
21.2205 4762081
21.2435 4763521
21.2447 4764961
21.2459 4766401
21.2471 4767841
21.2486 4769281
21.2498 4770721
21.251 4772161
21.2522 4773601
21.2534 4775041
21.2546 4776481
21.2558 4777921
21.257 4779361
21.2582 4780801
21.2594 4782241
21.2607 4783681
21.2824 4785121
21.2836 4786561
21.2848 4788001
21.286 4789441
21.2875 4790881
21.2887 4792321
21.2899 4793761
21.2911 4795201
21.2923 4796641
21.2935 4798081
21.2947 4799521
21.2959 4800961
21.2971 4802401
21.2983 4803841
21.2996 4805281
21.3008 4806721
21.3225 4808161
21.3237 4809601
21.3249 4811041
21.3261 4812481
21.3276 4813921
21.3288 4815361
21.33 4816801
21.3312 4818241
21.3324 4819681
21.3336 4821121
21.3348 4822561
21.336 4824001
21.3372 4825441
21.3384 4826881
21.3395 4828321
21.3407 4829761
21.3419 4831201
21.3626 4832641
21.3638 4834081
21.365 4835521
21.409 4836961
21.409 4838401
21.409 4839841
21.409 4841281
21.409 4842721
21.409 4844161
21.409 4845601
21.409 4847041
21.409 4848481
21.409 4849921
21.409 4851361
21.409 4852801
21.409 4854241
21.409 4855681
21.409 4857121
21.409 4858561
21.409 4860001
21.4808 4861441
21.4808 4862881
21.4808 4864321
21.4808 4865761
21.4808 4867201
21.4808 4868641
21.4808 4870081
21.4808 4871521
21.4808 4872961
21.482 4874401
21.4831 4875841
21.4843 4877281
21.486 4878721
21.4871 4880161
21.5185 4881601
21.5197 4883041
21.522 4884481
21.5232 4885921
21.5248 4887361
21.526 4888801
21.5574 4890241
21.5585 4891681
21.5609 4893121
21.5621 4894561
21.5633 4896001
21.5645 4897441
21.5657 4898881
21.5962 4900321
21.5974 4901761
21.5998 4903201
21.601 4904641
21.6022 4906081
21.6034 4907521
21.6046 4908961
21.6058 4910401
21.6363 4911841
21.6375 4913281
21.6399 4914721
21.6411 4916161
21.6423 4917601
21.6435 4919041
21.6447 4920481
21.6459 4921921
21.6471 4923361
21.6764 4924801
21.6776 4926241
21.68 4927681
21.6812 4929121
21.6824 4930561
21.6836 4932001
21.6848 4933441
21.686 4934881
21.7153 4936321
21.7165 4937761
21.7189 4939201
21.7201 4940641
21.7213 4942081
21.7225 4943521
21.7237 4944961
21.7249 4946401
21.7545 4947841
21.7557 4949281
21.7569 4950721
21.758 4952161
21.7592 4953601
21.7604 4955041
21.7616 4956481
21.7628 4957921
21.764 4959361
21.7933 4960801
21.7945 4962241
21.7957 4963681
21.7969 4965121
21.7981 4966561
21.7993 4968001
21.8005 4969441
21.8017 4970881
21.8029 4972321
21.8041 4973761
21.8334 4975201
21.8346 4976641
21.8358 4978081
21.837 4979521
21.8382 4980961
21.8394 4982401
21.8406 4983841
21.8418 4985281
21.843 4986721
21.8442 4988161
21.8454 4989601
21.8735 4991041
21.8747 4992481
21.8759 4993921
21.8771 4995361
21.8783 4996801
21.8795 4998241
21.8807 4999681
21.8819 5001121
21.8831 5002561
21.8843 5004001
21.9124 5005441
21.9136 5006881
21.9148 5008321
21.916 5009761
21.9172 5011201
21.9184 5012641
21.9196 5014081
21.9208 5015521
21.922 5016961
21.9232 5018401
21.9244 5019841
21.9513 5021281
21.9525 5022721
21.9537 5024161
21.9549 5025601
21.9561 5027041
21.9573 5028481
21.9585 5029921
21.9597 5031361
21.9609 5032801
21.9621 5034241
21.9632 5035681
21.9644 5037121
21.9914 5038561
21.9926 5040001
21.9938 5041441
21.995 5042881
21.9962 5044321
21.9974 5045761
21.9986 5047201
21.9997 5048641
22.0009 5050081
22.0021 5051521
22.0033 5052961
22.0045 5054401
22.0057 5055841
22.0315 5057281
22.0327 5058721
22.0339 5060161
22.0351 5061601
22.0362 5063041
22.0374 5064481
22.0386 5065921
22.0398 5067361
22.041 5068801
22.0422 5070241
22.0434 5071681
22.0446 5073121
22.0704 5074561
22.0716 5076001
22.0727 5077441
22.0739 5078881
22.0751 5080321
22.0763 5081761
22.0775 5083201
22.0787 5084641
22.0799 5086081
22.0811 5087521
22.0823 5088961
22.0835 5090401
22.1092 5091841
22.1104 5093281
22.1116 5094721
22.1128 5096161
22.114 5097601
22.1152 5099041
22.1164 5100481
22.1176 5101921
22.1188 5103361
22.12 5104801
22.1212 5106241
22.1224 5107681
22.1236 5109121
22.1481 5110561
22.1493 5112001
22.1505 5113441
22.1517 5114881
22.1529 5116321
22.1541 5117761
22.1553 5119201
22.1565 5120641
22.1577 5122081
22.1589 5123521
22.1601 5124961
22.1613 5126401
22.1625 5127841
22.1637 5129281
22.1882 5130721
22.1894 5132161
22.1909 5133601
22.1921 5135041
22.1933 5136481
22.1945 5137921
22.1957 5139361
22.1969 5140801
22.1981 5142241
22.1993 5143681
22.2005 5145121
22.2017 5146561
22.2029 5148001
22.2041 5149441
22.2053 5150881
22.2283 5152321
22.2295 5153761
22.231 5155201
22.2322 5156641
22.2334 5158081
22.2346 5159521
22.2358 5160961
22.237 5162401
22.2382 5163841
22.2394 5165281
22.2406 5166721
22.2418 5168161
22.243 5169601
22.2442 5171041
22.2672 5172481
22.2684 5173921
22.2723 5175361
22.2735 5176801
22.2747 5178241
22.2759 5179681
22.2771 5181121
22.2783 5182561
22.2795 5184001
22.2807 5185441
22.2819 5186881
22.2831 5188321
22.2843 5189761
22.2855 5191201
22.2867 5192641
22.3061 5194081
22.3073 5195521
22.3112 5196961
22.3124 5198401
22.3136 5199841
22.3148 5201281
22.316 5202721
22.3172 5204161
22.3184 5205601
22.3196 5207041
22.3208 5208481
22.3221 5209921
22.3233 5211361
22.3245 5212801
22.3257 5214241
22.3269 5215681
22.3462 5217121
22.3474 5218561
22.3513 5220001
22.3525 5221441
22.3537 5222881
22.3549 5224321
22.3561 5225761
22.3573 5227201
22.3585 5228641
22.3597 5230081
22.361 5231521
22.3622 5232961
22.3634 5234401
22.3646 5235841
22.3657 5237281
22.367 5238721
22.3682 5240161
22.3863 5241601
22.3874 5243041
22.3914 5244481
22.3926 5245921
22.3938 5247361
22.3949 5248801
22.3962 5250241
22.3974 5251681
22.3986 5253121
22.3997 5254561
22.401 5256001
22.4022 5257441
22.4034 5258881
22.4046 5260321
22.4058 5261761
22.407 5263201
22.4251 5264641
22.4263 5266081
22.4303 5267521
22.4314 5268961
22.4326 5270401
22.4338 5271841
22.435 5273281
22.4362 5274721
22.4374 5276161
22.439 5277601
22.4402 5279041
22.4415 5280481
22.4427 5281921
22.4439 5283361
22.4451 5284801
22.4463 5286241
22.464 5287681
22.4652 5289121
22.4664 5290561
22.4691 5292001
22.4703 5293441
22.4715 5294881
22.4727 5296321
22.4739 5297761
22.4751 5299201
22.4763 5300641
22.4775 5302081
22.4791 5303521
22.4803 5304961
22.4816 5306401
22.4828 5307841
22.484 5309281
22.4852 5310721
22.5029 5312161
22.5041 5313601
22.5053 5315041
22.5065 5316481
22.5092 5317921
22.5104 5319361
22.5116 5320801
22.5128 5322241
22.514 5323681
22.5152 5325121
22.5164 5326561
22.5176 5328001
22.5192 5329441
22.5204 5330881
22.5217 5332321
22.5229 5333761
22.5241 5335201
22.5253 5336641
22.543 5338081
22.5442 5339521
22.5454 5340961
22.5466 5342401
22.5478 5343841
22.5493 5345281
22.5505 5346721
22.5517 5348161
22.5529 5349601
22.5541 5351041
22.5553 5352481
22.5565 5353921
22.5577 5355361
22.5594 5356801
22.5606 5358241
22.5618 5359681
22.563 5361121
22.5642 5362561
22.5654 5364001
22.5831 5365441
22.5843 5366881
22.5855 5368321
22.5867 5369761
22.5882 5371201
22.5894 5372641
22.5906 5374081
22.5918 5375521
22.593 5376961
22.5942 5378401
22.5954 5379841
22.5966 5381281
22.5983 5382721
22.5994 5384161
22.6007 5385601
22.6019 5387041
22.6031 5388481
22.6043 5389921
22.622 5391361
22.6232 5392801
22.6244 5394241
22.6256 5395681
22.6271 5397121
22.6283 5398561
22.6295 5400001
22.6308 5401441
22.632 5402881
22.6332 5404321
22.6344 5405761
22.6356 5407201
22.6368 5408641
22.638 5410081
22.6391 5411521
22.6403 5412961
22.6415 5414401
22.6427 5415841
22.6439 5417281
22.6609 5418721
22.6621 5420161
22.6633 5421601
22.6645 5423041
22.666 5424481
22.6672 5425921
22.6684 5427361
22.6696 5428801
22.6709 5430241
22.6721 5431681
22.6733 5433121
22.6744 5434561
22.6756 5436001
22.6768 5437441
22.678 5438881
22.6792 5440321
22.6804 5441761
22.6816 5443201
22.6828 5444641
22.684 5446081
22.701 5447521
22.7022 5448961
22.7033 5450401
22.7045 5451841
22.7061 5453281
22.7073 5454721
22.7085 5456161
22.7097 5457601
22.7112 5459041
22.7124 5460481
22.7136 5461921
22.7147 5463361
22.7159 5464801
22.7171 5466241
22.7183 5467681
22.7195 5469121
22.7207 5470561
22.7219 5472001
22.7231 5473441
22.7243 5474881
22.7255 5476321
22.741 5477761
22.7422 5479201
22.7434 5480641
22.7446 5482081
22.7462 5483521
22.7473 5484961
22.7485 5486401
22.7497 5487841
22.7512 5489281
22.7524 5490721
22.7536 5492161
22.7548 5493601
22.756 5495041
22.7572 5496481
22.7584 5497921
22.7596 5499361
22.7608 5500801
22.762 5502241
22.7632 5503681
22.7647 5505121
22.7799 5506561
22.7811 5508001
22.7823 5509441
22.7835 5510881
22.785 5512321
22.7862 5513761
22.7874 5515201
22.7886 5516641
22.7901 5518081
22.7913 5519521
22.7925 5520961
22.7937 5522401
22.7949 5523841
22.7961 5525281
22.7973 5526721
22.7985 5528161
22.7997 5529601
22.8011 5531041
22.8023 5532481
22.8035 5533921
22.8047 5535361
22.8188 5536801
22.82 5538241
22.8212 5539681
22.8225 5541121
22.8239 5542561
22.8251 5544001
22.8263 5545441
22.8275 5546881
22.829 5548321
22.8302 5549761
22.8314 5551201
22.8326 5552641
22.8338 5554081
22.835 5555521
22.8362 5556961
22.8374 5558401
22.8386 5559841
22.8398 5561281
22.8412 5562721
22.8426 5564161
22.8438 5565601
22.9014 5567041
22.9014 5568481
22.9014 5569921
22.9014 5571361
22.9014 5572801
22.9014 5574241
22.9014 5575681
22.9014 5577121
22.9014 5578561
22.9014 5580001
22.9014 5581441
22.9014 5582881
22.9014 5584321
22.9014 5585761
22.9014 5587201
22.9014 5588641
22.9014 5590081
22.9014 5591521
22.9014 5592961
22.9014 5594401
22.9014 5595841
22.9014 5597281
22.9014 5598721
22.9014 5600161
22.9014 5601601
22.9164 5603041
22.9176 5604481
22.9188 5605921
22.92 5607361
22.9212 5608801
22.9228 5610241
22.9367 5611681
22.9379 5613121
22.9391 5614561
22.9403 5616001
22.9565 5617441
22.9577 5618881
22.9589 5620321
22.9601 5621761
22.9617 5623201
22.9629 5624641
22.9768 5626081
22.978 5627521
22.9792 5628961
22.9804 5630401
22.9966 5631841
22.9978 5633281
22.999 5634721
23.0002 5636161
23.0013 5637601
23.0025 5639041
23.0037 5640481
23.0169 5641921
23.0181 5643361
23.0193 5644801
23.0205 5646241
23.0366 5647681
23.0378 5649121
23.039 5650561
23.0402 5652001
23.0414 5653441
23.0426 5654881
23.0558 5656321
23.057 5657761
23.0582 5659201
23.0594 5660641
23.0755 5662081
23.0767 5663521
23.0779 5664961
23.0791 5666401
23.0803 5667841
23.0815 5669281
23.0827 5670721
23.0947 5672161
23.0959 5673601
23.0971 5675041
23.0983 5676481
23.1144 5677921
23.1156 5679361
23.1168 5680801
23.118 5682241
23.1192 5683681
23.1204 5685121
23.1216 5686561
23.1228 5688001
23.1347 5689441
23.1359 5690881
23.1372 5692321
23.1384 5693761
23.1548 5695201
23.156 5696641
23.1572 5698081
23.1584 5699521
23.1596 5700961
23.1608 5702401
23.162 5703841
23.1632 5705281
23.1644 5706721
23.1748 5708161
23.176 5709601
23.1772 5711041
23.1784 5712481
23.1949 5713921
23.1961 5715361
23.1973 5716801
23.1985 5718241
23.1997 5719681
23.2009 5721121
23.2021 5722561
23.2032 5724001
23.2137 5725441
23.2149 5726881
23.2161 5728321
23.2173 5729761
23.2338 5731201
23.235 5732641
23.2798 5734081
23.2798 5735521
23.2798 5736961
23.2798 5738401
23.2798 5739841
23.2798 5741281
23.2798 5742721
23.2798 5744161
23.2798 5745601
23.2798 5747041
23.2798 5748481
23.2798 5749921
23.2798 5751361
23.2798 5752801
23.2798 5754241
23.2798 5755681
23.3116 5757121
23.3128 5758561
23.3152 5760001
23.3164 5761441
23.3176 5762881
23.3188 5764321
23.3516 5765761
23.3528 5767201
23.3552 5768641
23.3564 5770081
23.3576 5771521
23.3588 5772961
23.3917 5774401
23.3929 5775841
23.3953 5777281
23.3965 5778721
23.3977 5780161
23.3989 5781601
23.4318 5783041
23.433 5784481
23.4342 5785921
23.4354 5787361
23.4366 5788801
23.4378 5790241
23.439 5791681
23.4719 5793121
23.4731 5794561
23.4743 5796001
23.4755 5797441
23.4767 5798881
23.4779 5800321
23.5108 5801761
23.512 5803201
23.5132 5804641
23.5144 5806081
23.5156 5807521
23.5168 5808961
23.518 5810401
23.5497 5811841
23.5509 5813281
23.5521 5814721
23.5533 5816161
23.5545 5817601
23.5557 5819041
23.5569 5820481
23.5581 5821921
23.59 5823361
23.5912 5824801
23.5924 5826241
23.594 5827681
23.5952 5829121
23.5964 5830561
23.5976 5832001
23.5988 5833441
23.6 5834881
23.6301 5836321
23.6313 5837761
23.6329 5839201
23.6341 5840641
23.6353 5842081
23.6365 5843521
23.6377 5844961
23.6389 5846401
23.669 5847841
23.6702 5849281
23.6718 5850721
23.673 5852161
23.6742 5853601
23.6754 5855041
23.6766 5856481
23.6778 5857921
23.7079 5859361
23.7091 5860801
23.7103 5862241
23.7115 5863681
23.7127 5865121
23.7139 5866561
23.7151 5868001
23.7163 5869441
23.7175 5870881
23.7468 5872321
23.748 5873761
23.7492 5875201
23.7504 5876641
23.7516 5878081
23.7528 5879521
23.754 5880961
23.7552 5882401
23.7564 5883841
23.7576 5885281
23.7869 5886721
23.7881 5888161
23.7893 5889601
23.7905 5891041
23.7917 5892481
23.7929 5893921
23.7941 5895361
23.7953 5896801
23.7964 5898241
23.7976 5899681
23.7988 5901121
23.827 5902561
23.8282 5904001
23.8294 5905441
23.8306 5906881
23.8318 5908321
23.8329 5909761
23.8341 5911201
23.8353 5912641
23.8365 5914081
23.8377 5915521
23.8659 5916961
23.8671 5918401
23.8683 5919841
23.8694 5921281
23.8706 5922721
23.8718 5924161
23.873 5925601
23.8742 5927041
23.8754 5928481
23.8766 5929921
23.8778 5931361
23.9048 5932801
23.9059 5934241
23.9071 5935681
23.9083 5937121
23.9095 5938561
23.9107 5940001
23.9119 5941441
23.9131 5942881
23.9143 5944321
23.9155 5945761
23.9167 5947201
23.9179 5948641
23.9451 5950081
23.9463 5951521
23.9475 5952961
23.9487 5954401
23.9499 5955841
23.9511 5957281
23.9523 5958721
23.9535 5960161
23.9547 5961601
23.9559 5963041
23.9571 5964481
23.9583 5965921
23.9595 5967361
23.9854 5968801
23.9866 5970241
23.9878 5971681
23.989 5973121
23.9902 5974561
23.9914 5976001
23.9926 5977441
23.9938 5978881
23.995 5980321
23.9962 5981761
23.9974 5983201
23.9986 5984641
24.0243 5986081
24.0255 5987521
24.0267 5988961
24.0279 5990401
24.0291 5991841
24.0303 5993281
24.0315 5994721
24.0327 5996161
24.0339 5997601
24.0351 5999041
24.0363 6000481
24.0375 6001921
24.0632 6003361
24.0644 6004801
24.0656 6006241
24.0668 6007681
24.068 6009121
24.0692 6010561
24.0704 6012001
24.0716 6013441
24.0728 6014881
24.074 6016321
24.0752 6017761
24.0764 6019201
24.0776 6020641
24.1025 6022081
24.1037 6023521
24.1049 6024961
24.1061 6026401
24.1073 6027841
24.1085 6029281
24.1096 6030721
24.1108 6032161
24.112 6033601
24.1132 6035041
24.1144 6036481
24.1156 6037921
24.1168 6039361
24.118 6040801
24.1426 6042241
24.1438 6043681
24.145 6045121
24.1461 6046561
24.1473 6048001
24.1485 6049441
24.1497 6050881
24.1509 6052321
24.1521 6053761
24.1533 6055201
24.1545 6056641
24.1557 6058081
24.1569 6059521
24.1581 6060961
24.1593 6062401
24.1826 6063841
24.1838 6065281
24.185 6066721
24.1862 6068161
24.1874 6069601
24.1886 6071041
24.1898 6072481
24.191 6073921
24.1922 6075361
24.1934 6076801
24.1946 6078241
24.1958 6079681
24.197 6081121
24.1982 6082561
24.2219 6084001
24.2231 6085441
24.2243 6086881
24.2255 6088321
24.2267 6089761
24.2279 6091201
24.2291 6092641
24.2303 6094081
24.2315 6095521
24.2327 6096961
24.2773 6098401
24.2773 6099841
24.2773 6101281
24.2773 6102721
24.2773 6104161
24.2773 6105601
24.2773 6107041
24.2773 6108481
24.2773 6109921
24.2773 6111361
24.2773 6112801
24.2773 6114241
24.2773 6115681
24.2773 6117121
24.2773 6118561
24.2773 6120001
24.2773 6121441
24.2773 6122881
24.3081 6124321
24.3093 6125761
24.3104 6127201
24.3125 6128641
24.3137 6130081
24.3149 6131521
24.3162 6132961
24.3481 6134401
24.3493 6135841
24.3514 6137281
24.3526 6138721
24.3538 6140161
24.355 6141601
24.387 6143041
24.3882 6144481
24.3903 6145921
24.3915 6147361
24.3927 6148801
24.3939 6150241
24.4259 6151681
24.4271 6153121
24.4293 6154561
24.4304 6156001
24.4316 6157441
24.4328 6158881
24.434 6160321
24.4648 6161761
24.466 6163201
24.4681 6164641
24.4693 6166081
24.4705 6167521
24.4717 6168961
24.4729 6170401
24.4741 6171841
24.5049 6173281
24.5061 6174721
24.5082 6176161
24.5094 6177601
24.5106 6179041
24.5118 6180481
24.513 6181921
24.5142 6183361
24.5154 6184801
24.5451 6186241
24.5463 6187681
24.5483 6189121
24.5495 6190561
24.5507 6192001
24.5519 6193441
24.5531 6194881
24.5543 6196321
24.584 6197761
24.5852 6199201
25.6273 6200641
25.6273 6202081
25.6273 6203521
25.6273 6204961
25.6273 6206401
25.6273 6207841
25.6273 6209281
25.6273 6210721
25.6273 6212161
25.6273 6213601
25.6273 6215041
25.6273 6216481
25.6273 6217921
25.6273 6219361
25.6273 6220801
25.6273 6222241
25.6273 6223681
25.6273 6225121
25.6273 6226561
25.6273 6228001
25.6273 6229441
25.6273 6230881
25.6273 6232321
25.6273 6233761
25.6273 6235201
25.6273 6236641
25.6273 6238081
25.6273 6239521
25.6273 6240961
25.6273 6242401
25.6273 6243841
25.6273 6245281
25.6273 6246721
25.6273 6248161
25.6273 6249601
25.6273 6251041
25.6273 6252481
25.6273 6253921
25.6273 6255361
25.6273 6256801
25.6273 6258241
25.6273 6259681
25.6273 6261121
25.6273 6262561
25.6273 6264001
25.6273 6265441
25.6273 6266881
25.6273 6268321
25.6273 6269761
25.6273 6271201
25.6273 6272641
25.6273 6274081
25.6273 6275521
25.6273 6276961
25.6273 6278401
25.6273 6279841
25.6273 6281281
25.6273 6282721
25.6273 6284161
25.6273 6285601
25.6273 6287041
25.6273 6288481
25.6273 6289921
25.6273 6291361
25.6273 6292801
25.6273 6294241
25.6662 6295681
25.9051 6297121
25.9063 6298561
25.9452 6300001
25.9464 6301441
25.9852 6302881
25.9864 6304321
26.0253 6305761
26.0265 6307201
26.0277 6308641
26.0656 6310081
26.0668 6311521
26.1045 6312961
26.1057 6314401
26.1433 6315841
26.1445 6317281
26.1457 6318721
26.1822 6320161
26.1834 6321601
26.1846 6323041
26.1858 6324481
26.2223 6325921
26.2235 6327361
26.2247 6328801
26.2259 6330241
26.2624 6331681
26.3073 6333121
26.3073 6334561
26.3073 6336001
26.3073 6337441
26.3073 6338881
26.3073 6340321
26.3073 6341761
26.345 6343201
26.3462 6344641
26.3851 6346081
26.3863 6347521
26.4252 6348961
26.4264 6350401
26.4652 6351841
26.4664 6353281
26.4676 6354721
26.5053 6356161
26.5065 6357601
26.5446 6359041
26.5457 6360481
26.5834 6361921
26.5846 6363361
26.5858 6364801
26.6227 6366241
26.6239 6367681
26.6251 6369121
26.6263 6370561
26.6628 6372001
26.664 6373441
26.6652 6374881
26.6664 6376321
26.7029 6377761
26.7041 6379201
26.7053 6380641
26.7065 6382081
26.7077 6383521
26.7433 6384961
26.7445 6386401
26.7457 6387841
26.7469 6389281
26.7822 6390721
26.7834 6392161
26.7846 6393601
26.7858 6395041
26.787 6396481
26.8211 6397921
26.8223 6399361
26.8235 6400801
26.8247 6402241
26.8259 6403681
26.8271 6405121
26.8613 6406561
26.8625 6408001
26.8637 6409441
26.8649 6410881
26.8661 6412321
26.8673 6413761
26.8685 6415201
26.9014 6416641
26.9026 6418081
26.9038 6419521
26.905 6420961
26.9061 6422401
26.9073 6423841
26.9403 6425281
26.9415 6426721
26.9426 6428161
26.9438 6429601
26.945 6431041
26.9462 6432481
26.9795 6433921
26.9807 6435361
26.9819 6436801
26.9831 6438241
26.9843 6439681
26.9855 6441121
26.9867 6442561
27.0184 6444001
27.0196 6445441
27.0208 6446881
27.022 6448321
27.0232 6449761
27.0244 6451201
27.0256 6452641
27.0268 6454081
27.0585 6455521
27.0597 6456961
27.0609 6458401
27.0621 6459841
27.0633 6461281
27.0645 6462721
27.0657 6464161
27.0669 6465601
27.0681 6467041
27.0986 6468481
27.0998 6469921
27.101 6471361
27.1022 6472801
27.1034 6474241
27.1046 6475681
27.1058 6477121
27.107 6478561
27.1375 6480001
27.1387 6481441
27.1398 6482881
27.141 6484321
27.1423 6485761
27.1435 6487201
27.1447 6488641
27.1459 6490081
27.1763 6491521
27.1775 6492961
27.1787 6494401
27.1799 6495841
27.1812 6497281
27.1824 6498721
27.1836 6500161
27.1848 6501601
27.186 6503041
27.2152 6504481
27.2164 6505921
27.2176 6507361
27.2188 6508801
27.2201 6510241
27.2213 6511681
27.2225 6513121
27.2237 6514561
27.2249 6516001
27.2261 6517441
27.2553 6518881
27.2565 6520321
27.2577 6521761
27.2589 6523201
27.2601 6524641
27.2613 6526081
27.2625 6527521
27.2637 6528961
27.2649 6530401
27.2661 6531841
27.2673 6533281
27.2954 6534721
27.2966 6536161
27.2978 6537601
27.3415 6539041
27.3415 6540481
27.3415 6541921
27.3415 6543361
27.3415 6544801
27.3415 6546241
27.3415 6547681
27.3415 6549121
27.3415 6550561
27.3415 6552001
27.3415 6553441
27.3415 6554881
27.3415 6556321
27.3768 6557761
27.378 6559201
27.3792 6560641
27.3804 6562081
27.4169 6563521
27.4181 6564961
27.4193 6566401
27.4205 6567841
27.457 6569281
27.4582 6570721
27.4594 6572161
27.4606 6573601
27.4617 6575041
27.4974 6576481
27.4986 6577921
27.4998 6579361
27.501 6580801
27.5363 6582241
27.5375 6583681
27.5387 6585121
27.5399 6586561
27.5411 6588001
27.5752 6589441
27.5764 6590881
27.5776 6592321
27.5788 6593761
27.58 6595201
27.5812 6596641
27.6153 6598081
27.6165 6599521
27.6177 6600961
27.6188 6602401
27.62 6603841
27.6212 6605281
27.6554 6606721
27.6566 6608161
27.6578 6609601
27.6593 6611041
27.6605 6612481
27.6617 6613921
27.6629 6615361
27.6955 6616801
27.6967 6618241
27.6982 6619681
27.6994 6621121
27.7006 6622561
27.7018 6624001
27.7344 6625441
27.7356 6626881
27.7371 6628321
27.7383 6629761
27.7395 6631201
27.7409 6632641
27.7421 6634081
27.7734 6635521
27.7746 6636961
27.776 6638401
27.7772 6639841
27.7784 6641281
27.7796 6642721
27.781 6644161
27.7821 6645601
27.8137 6647041
27.8149 6648481
27.8161 6649921
27.8173 6651361
27.8185 6652801
27.8197 6654241
27.821 6655681
27.8222 6657121
27.8234 6658561
27.8538 6660001
27.855 6661441
27.8562 6662881
27.8574 6664321
27.8586 6665761
27.8598 6667201
27.8615 6668641
27.8627 6670081
27.8927 6671521
27.8939 6672961
27.8951 6674401
27.8963 6675841
27.8975 6677281
27.8987 6678721
27.972 6680161
27.972 6681601
27.972 6683041
27.972 6684481
27.972 6685921
27.972 6687361
27.972 6688801
27.972 6690241
27.972 6691681
27.972 6693121
27.972 6694561
27.972 6696001
27.9796 6697441
27.9808 6698881
28.0094 6700321
28.0109 6701761
28.0197 6703201
28.0209 6704641
28.0498 6706081
28.051 6707521
28.0598 6708961
28.061 6710401
28.0899 6711841
28.0911 6713281
28.0999 6714721
28.1011 6716161
28.1023 6717601
28.13 6719041
28.1312 6720481
28.14 6721921
28.1412 6723361
28.1689 6724801
28.1701 6726241
28.1789 6727681
28.1801 6729121
28.2078 6730561
28.209 6732001
28.2102 6733441
28.2177 6734881
28.2189 6736321
28.2467 6737761
28.2479 6739201
28.2491 6740641
28.2502 6742081
28.2578 6743521
28.259 6744961
28.2867 6746401
28.2879 6747841
28.2891 6749281
28.2903 6750721
28.2979 6752161
28.2991 6753601
28.3003 6755041
28.3268 6756481
28.328 6757921
28.3292 6759361
28.3304 6760801
28.338 6762241
28.3392 6763681
28.3657 6765121
28.3673 6766561
28.3685 6768001
28.3697 6769441
28.3769 6770881
28.3781 6772321
28.4046 6773761
28.4058 6775201
28.407 6776641
28.4085 6778081
28.4097 6779521
28.4162 6780961
28.4174 6782401
28.4435 6783841
28.4447 6785281
28.4459 6786721
28.4471 6788161
28.4486 6789601
28.4498 6791041
28.4563 6792481
28.4575 6793921
28.4836 6795361
28.4848 6796801
28.486 6798241
28.4875 6799681
28.4887 6801121
28.4899 6802561
28.4911 6804001
28.4967 6805441
28.4979 6806881
28.5237 6808321
28.5249 6809761
28.5264 6811201
28.5276 6812641
28.5288 6814081
28.53 6815521
28.5356 6816961
28.5368 6818401
28.5626 6819841
28.5638 6821281
28.5653 6822721
28.5665 6824161
28.5677 6825601
28.5689 6827041
28.5745 6828481
28.5757 6829921
28.5769 6831361
28.6015 6832801
28.6027 6834241
28.6042 6835681
28.6054 6837121
28.6066 6838561
28.6078 6840001
28.6134 6841441
28.6146 6842881
28.6158 6844321
28.617 6845761
28.6416 6847201
28.6428 6848641
28.6443 6850081
28.6455 6851521
28.6467 6852961
28.6479 6854401
28.6534 6855841
28.6546 6857281
28.6558 6858721
28.657 6860161
28.6817 6861601
28.6829 6863041
28.6841 6864481
28.6853 6865921
28.6865 6867361
28.6877 6868801
28.6889 6870241
28.6935 6871681
28.6947 6873121
28.6959 6874561
28.6971 6876001
28.7219 6877441
28.7232 6878881
28.7244 6880321
28.7256 6881761
28.7268 6883201
28.728 6884641
28.7324 6886081
28.7336 6887521
28.7348 6888961
28.736 6890401
28.7608 6891841
28.762 6893281
28.7636 6894721
28.7648 6896161
28.766 6897601
28.7672 6899041
28.7684 6900481
28.7713 6901921
28.7725 6903361
28.7737 6904801
28.7749 6906241
28.7997 6907681
28.8009 6909121
28.8025 6910561
28.8037 6912001
28.8049 6913441
28.8061 6914881
28.8073 6916321
28.8085 6917761
28.8117 6919201
28.8129 6920641
28.8398 6922081
28.841 6923521
28.8422 6924961
28.8434 6926401
28.8446 6927841
28.8458 6929281
28.847 6930721
28.8482 6932161
28.8494 6933601
28.8506 6935041
28.8518 6936481
28.853 6937921
28.8542 6939361
28.8823 6940801
28.8835 6942241
28.8847 6943681
28.8859 6945121
28.8871 6946561
28.8882 6948001
28.8894 6949441
28.8906 6950881
28.8918 6952321
28.893 6953761
28.8942 6955201
28.8954 6956641
28.9212 6958081
28.9224 6959521
28.9684 6960961
28.9684 6962401
28.9684 6963841
28.9684 6965281
28.9684 6966721
28.9684 6968161
28.9684 6969601
28.9684 6971041
28.9684 6972481
28.9684 6973921
28.9684 6975361
28.9684 6976801
28.9684 6978241
28.9684 6979681
28.9684 6981121
28.9684 6982561
29.0001 6984001
29.0026 6985441
29.0037 6986881
29.0049 6988321
29.0061 6989761
29.0073 6991201
29.0414 6992641
29.0426 6994081
29.0438 6995521
29.045 6996961
29.0462 6998401
29.0474 6999841
29.0815 7001281
29.0827 7002721
29.0839 7004161
29.0851 7005601
29.0863 7007041
29.0875 7008481
29.1216 7009921
29.1228 7011361
29.124 7012801
29.1252 7014241
29.1264 7015681
29.1276 7017121
29.1288 7018561
29.1617 7020001
29.1629 7021441
29.1641 7022881
29.1653 7024321
29.1665 7025761
29.1677 7027201
29.2006 7028641
29.2018 7030081
29.203 7031521
29.2042 7032961
29.2054 7034401
29.2066 7035841
29.2078 7037281
29.2395 7038721
29.2407 7040161
29.2422 7041601
29.2433 7043041
29.2445 7044481
29.2457 7045921
29.2469 7047361
29.2481 7048801
29.2796 7050241
29.2808 7051681
29.2822 7053121
29.2834 7054561
29.2846 7056001
29.2858 7057441
29.287 7058881
29.2882 7060321
29.2894 7061761
29.3196 7063201
29.3208 7064641
29.3223 7066081
29.3235 7067521
29.3247 7068961
29.3259 7070401
29.3271 7071841
29.3283 7073281
29.3585 7074721
29.3597 7076161
29.3612 7077601
29.3624 7079041
29.3636 7080481
29.3648 7081921
29.366 7083361
29.3672 7084801
29.3974 7086241
29.3986 7087681
29.3998 7089121
29.401 7090561
29.4022 7092001
29.4034 7093441
29.4046 7094881
29.4058 7096321
29.407 7097761
29.4363 7099201
29.4375 7100641
29.4411 7102081
29.4423 7103521
29.4435 7104961
29.4447 7106401
29.4459 7107841
29.4471 7109281
29.4483 7110721
29.4495 7112161
29.4764 7113601
29.4776 7115041
29.4812 7116481
29.4824 7117921
29.4836 7119361
29.4848 7120801
29.486 7122241
29.4872 7123681
29.4884 7125121
29.4895 7126561
29.4909 7128001
29.5165 7129441
29.5626 7130881
29.5626 7132321
29.5626 7133761
29.5626 7135201
29.5626 7136641
29.5626 7138081
29.5626 7139521
29.5626 7140961
29.5626 7142401
29.5626 7143841
29.5626 7145281
29.5626 7146721
29.5626 7148161
29.5955 7149601
29.5991 7151041
29.6003 7152481
29.6015 7153921
29.638 7155361
29.6392 7156801
29.6404 7158241
29.6416 7159681
29.678 7161121
29.6792 7162561
29.6804 7164001
29.6816 7165441
29.6828 7166881
29.7181 7168321
29.7193 7169761
29.7205 7171201
29.7217 7172641
29.757 7174081
29.7582 7175521
29.7594 7176961
29.7608 7178401
29.762 7179841
29.7959 7181281
29.7971 7182721
29.7983 7184161
29.7995 7185601
29.8009 7187041
29.8021 7188481
29.836 7189921
29.8372 7191361
29.8384 7192801
29.8396 7194241
29.841 7195681
29.8422 7197121
29.8761 7198561
29.8773 7200001
29.8785 7201441
29.8797 7202881
29.8809 7204321
29.8821 7205761
29.8833 7207201
29.9162 7208641
29.9174 7210081
29.9186 7211521
29.9198 7212961
29.9209 7214401
29.9221 7215841
29.9551 7217281
29.9563 7218721
29.9574 7220161
29.9586 7221601
29.9598 7223041
29.961 7224481
29.9622 7225921
29.9943 7227361
29.9955 7228801
29.9967 7230241
29.9979 7231681
29.9991 7233121
30.0003 7234561
30.0015 7236001
30.0027 7237441
30.0344 7238881
30.0356 7240321
30.0368 7241761
30.038 7243201
30.0392 7244641
30.0404 7246081
30.0416 7247521
30.0428 7248961
30.044 7250401
30.0745 7251841
30.0757 7253281
30.0769 7254721
30.0781 7256161
30.0793 7257601
30.0805 7259041
30.0816 7260481
30.0828 7261921
