0.138217 0.038
0.179149 0.038375
0.221234 0.0388281
0.263319 0.0392246
0.304209 0.0446965
0.306633 0.0444845
0.346293 0.0441739
0.348684 0.0441522
0.351074 0.0442581
0.388378 0.0439759
0.390769 0.0439789
0.393159 0.0441065
0.395549 0.0440932
0.429268 0.0483316
0.431658 0.0476651
0.434049 0.047207
0.436439 0.0470561
0.438829 0.0467991
0.44122 0.0466992
0.470157 0.0502368
0.472548 0.0493322
0.474938 0.0485407
0.477328 0.0482231
0.479719 0.0478202
0.482109 0.0475927
0.4845 0.0476436
0.48689 0.0476881
0.48928 0.0477271
0.511047 0.0505112
0.513437 0.0495723
0.515828 0.0487508
0.518218 0.0484069
0.520608 0.0481061
0.522999 0.0477178
0.525389 0.0477531
0.52778 0.0477839
0.53017 0.047811
0.53256 0.0480846
0.534951 0.048324
0.537341 0.0486585
0.539732 0.0492012
0.542122 0.049676
0.553132 0.0487165
0.555522 0.048127
0.557912 0.0476111
0.560303 0.0472847
0.562693 0.0472491
0.565084 0.047218
0.567474 0.0471907
0.569864 0.0474169
0.572255 0.0477398
0.574645 0.0478973
0.577036 0.0484101
0.579426 0.0488589
0.581816 0.0491265
0.584207 0.0497357
0.586597 0.0502687
0.588988 0.0507351
0.591378 0.0515183
0.593768 0.0520785
0.596159 0.0526937
0.598549 0.053482
0.60094 0.0540467
0.60333 0.0535409
0.60572 0.0533483
0.608111 0.0533047
0.610501 0.0532666
0.612892 0.0534833
0.615282 0.0536729
0.617672 0.0538388
0.620063 0.0543589
0.622606 0.0546891
0.624997 0.0549779
0.627402 0.0556057
0.629792 0.056155
0.632183 0.0566356
0.634573 0.0573062
0.636964 0.0578929
0.639354 0.0584063
0.641744 0.0591055
0.644135 0.0598423
0.646525 0.060487
0.648916 0.0613011
0.651306 0.0620135
0.653696 0.0626368
0.656087 0.0635572
0.658706 0.0643626
0.661096 0.0650672
0.663487 0.0659338
0.665877 0.0666921
0.668268 0.0673556
0.670658 0.0681861
0.673048 0.0690379
0.676252 0.0699081
0.792231 0.0681696
0.794621 0.0666484
0.797012 0.0654424
0.799402 0.0642621
0.802021 0.0633543
0.804412 0.06256
0.806802 0.06174
0.809192 0.0611475
0.811583 0.0605041
0.813973 0.0599411
0.816364 0.0595734
0.818754 0.0591268
0.821144 0.0588609
0.823535 0.0585033
0.825925 0.0581904
0.828316 0.0580416
0.830706 0.0577864
0.833096 0.0576881
0.835487 0.0574771
0.837877 0.0572924
0.840268 0.0572559
0.842658 0.0570989
0.845048 0.0570865
0.847439 0.0568257
0.849829 0.0565975
0.85222 0.0563978
0.85461 0.0562231
0.857 0.0560702
0.859391 0.0559364
0.861781 0.0558194
0.864172 0.055717
0.866562 0.0556273
0.868952 0.0555489
0.871343 0.0554803
0.873733 0.0554203
0.876124 0.0553677
0.878514 0.0553218
0.880904 0.0552815
0.883295 0.0552463
0.885685 0.0552156
0.888075 0.0551886
0.963412 0.05354
0.965802 0.0520975
0.968193 0.0508353
0.970583 0.0497309
0.972974 0.0487646
0.975364 0.047919
0.977944 0.0471791
0.980335 0.0465317
0.982725 0.0459653
0.985154 0.0454696
0.987545 0.0450359
1.0055 0.0446564
1.00789 0.0443244
1.01028 0.0440338
1.01267 0.0437796
1.01522 0.0436821
1.01761 0.0434719
1.02003 0.0434129
1.02242 0.0432363
1.02481 0.0430817
1.02724 0.0429465
1.02963 0.0428282
1.04758 0.0427247
1.05011 0.0427591
1.0525 0.0426642
1.05489 0.0425812
1.05731 0.0425085
1.0597 0.042445
1.06211 0.0423893
1.0645 0.0423407
1.06689 0.0422981
1.06932 0.0422608
1.07171 0.0422282
1.08978 0.0421997
1.09217 0.0425497
1.09457 0.042731
1.09696 0.0428896
1.09935 0.0431534
1.10174 0.0432593
1.10413 0.0434768
1.10652 0.0435422
1.10891 0.0435995
1.1113 0.0437745
1.11369 0.0438027
1.13067 0.0457024
1.13306 0.0454896
1.13545 0.0451784
1.13785 0.0449061
1.14024 0.0447928
1.14263 0.0445687
1.14502 0.0444976
1.14741 0.0443104
1.1498 0.0441466
1.15219 0.0441283
1.15458 0.0439873
1.17156 0.0457388
1.17395 0.0453965
1.17634 0.0450969
1.17873 0.0448348
1.18113 0.0447305
1.18352 0.0445142
1.18591 0.0443249
1.1883 0.0441593
1.19069 0.0440144
1.19326 0.0440126
1.19566 0.043886
1.19805 0.0439002
1.21365 0.0436627
1.21604 0.0435799
1.21843 0.0433824
1.22082 0.0432096
1.22321 0.0430584
1.2256 0.0429261
1.22799 0.0428103
1.23038 0.042709
1.23296 0.0426204
1.23535 0.0425429
1.23775 0.042475
1.24014 0.0424156
1.25573 0.0423637
1.25812 0.0423182
1.26051 0.0422784
1.2629 0.0422436
1.26529 0.0422132
1.26769 0.0424365
1.27024 0.042757
1.27263 0.0430373
1.27502 0.0432827
1.27741 0.0434973
1.2798 0.0435602
1.28219 0.0437401
1.29783 0.0453976
1.36159 0.0449729
1.36398 0.0446013
1.37963 0.0459011
1.38212 0.0455385
1.40129 0.0450962
1.40368 0.0449592
1.40607 0.0449643
1.42052 0.0464687
1.42301 0.0461601
1.44218 0.0478901
1.44457 0.0472789
1.44708 0.046869
1.44947 0.0463854
1.4626 0.0458372
1.46509 0.0453576
1.48436 0.0449379
1.48675 0.0445706
1.48916 0.0442493
1.49155 0.0439681
1.50469 0.0437221
1.50718 0.0435069
1.52644 0.0433185
1.52883 0.0431537
1.53125 0.0430095
1.53364 0.0428833
1.54558 0.0442729
1.54807 0.0442388
1.56733 0.0462089
1.56972 0.0458078
1.57214 0.0455818
1.57453 0.0452591
1.58647 0.0462267
1.58903 0.0459484
1.60822 0.0477048
1.61061 0.0471167
1.61303 0.0467271
1.61542 0.0462612
1.6275 0.0471036
1.62989 0.0465906
1.63228 0.0461418
1.65031 0.0456241
1.6527 0.0451711
1.65511 0.0447747
1.6575 0.0444278
1.66959 0.0441244
1.67198 0.0438588
1.67437 0.0436265
1.69239 0.0434232
1.69478 0.0432453
1.69728 0.0430896
1.69967 0.0429534
1.71167 0.0428342
1.71406 0.042855
1.71645 0.0427481
1.73336 0.0447796
1.73575 0.0445571
1.73817 0.0444875
1.74056 0.0443015
1.75256 0.0453889
1.75495 0.0450902
1.75734 0.044829
1.77425 0.0464753
1.77664 0.0460409
1.77906 0.0457858
1.78145 0.0454376
1.79345 0.0463829
1.79584 0.04596
1.79823 0.045715
1.81514 0.0472506
1.81753 0.0467193
1.81992 0.0462544
1.82231 0.0458476
1.82471 0.0454916
1.83553 0.0450552
1.83803 0.0447983
1.84042 0.0444485
1.85723 0.0441424
1.85962 0.0438746
1.86201 0.0437653
1.8644 0.0435446
1.8668 0.0433516
1.8777 0.0431826
1.88012 0.0430348
1.88251 0.0429054
1.89931 0.0427923
1.9017 0.0426932
1.90409 0.0426066
1.90648 0.0427807
1.90901 0.0430582
1.91859 0.0441759
1.92101 0.0441539
1.9234 0.0440097
1.9402 0.0457585
1.9427 0.0454136
1.94509 0.0452369
1.94748 0.0449573
1.9499 0.0447127
1.95948 0.0453736
1.9619 0.0450769
1.96429 0.0448173
1.98118 0.0464651
1.98359 0.046032
1.98598 0.045653
1.98837 0.0453214
1.99079 0.0450312
1.99318 0.0449023
2.00157 0.0445395
2.00398 0.0442221
2.00637 0.0439443
2.02326 0.0437013
2.02568 0.0434886
2.02807 0.0434275
2.03046 0.0432491
2.03287 0.043093
2.03526 0.0429563
2.04365 0.0428368
2.04607 0.0428572
2.04846 0.04275
2.06535 0.0426563
2.06776 0.0425743
2.07015 0.0425025
2.07254 0.0424397
2.07496 0.0423847
2.07735 0.0423366
2.08465 0.0431695
2.08704 0.0432733
2.08943 0.0432392
2.10624 0.0450843
2.10865 0.0448237
2.11104 0.0447208
2.11343 0.0445057
2.11585 0.0443175
2.11824 0.0442778
2.12554 0.0447431
2.12793 0.0445252
2.13032 0.0443345
2.14713 0.0460427
2.14954 0.0456624
2.15432 0.0453296
2.15682 0.0450384
2.15921 0.0449086
2.16643 0.045295
2.16882 0.0450081
2.17121 0.0448821
2.1736 0.0446469
2.18921 0.044316
2.19171 0.0440265
2.19649 0.0437732
2.19888 0.0438015
2.20248 0.0440763
2.27828 0.0441918
2.28068 0.0439178
2.28428 0.0439281
2.28667 0.0436871
2.31917 0.0471012
2.32156 0.0465885
2.32517 0.04639
2.32756 0.0459662
2.36006 0.0494705
2.36245 0.0486616
2.36606 0.0482039
2.36855 0.0475534
2.40095 0.0507343
2.40487 0.0498925
2.48786 0.0489059
2.49025 0.0480427
2.52995 0.0472873
2.53234 0.0466264
2.57203 0.0461731
2.57442 0.0456515
2.61412 0.045195
2.61659 0.0450457
2.65506 0.04954
2.65747 0.0487225
2.69595 0.0525072
2.69836 0.0513188
2.70075 0.0502789
2.73803 0.049369
2.74045 0.0484479
2.74284 0.0476419
2.78012 0.0469367
2.78253 0.0463196
2.78492 0.0457796
2.8222 0.0453072
2.82459 0.0451438
2.82699 0.0450008
2.86309 0.0492507
2.86548 0.0484694
2.86787 0.0477857
2.90398 0.0514375
2.90637 0.0503828
2.90876 0.04946
2.91115 0.0487775
2.94607 0.0480553
2.94846 0.0472984
2.95092 0.0466361
2.95332 0.0460566
2.9882 0.0455495
2.9906 0.0451058
2.99301 0.0448426
2.99559 0.0444873
3.02928 0.0484263
3.03167 0.0477481
3.03407 0.0472795
3.03648 0.0467446
3.07017 0.0502765
3.07256 0.049367
3.07495 0.0485711
3.07737 0.0478747
3.11106 0.0512654
3.11345 0.0502322
3.11584 0.0493282
3.11823 0.0486621
3.12063 0.0479544
3.15315 0.0472101
3.15554 0.0465588
3.15793 0.045989
3.16032 0.0454903
3.16271 0.0450541
3.19523 0.0446723
3.19762 0.0443383
3.20001 0.044171
3.20361 0.0443996
3.2866 0.0440997
3.28899 0.0438372
3.32869 0.0436075
3.33108 0.0435316
3.37077 0.0433402
3.37316 0.0435476
3.41166 0.0481042
3.41407 0.0475912
3.45255 0.0515173
3.45617 0.0507026
3.5754 0.0538648
3.61748 0.0523817
3.65957 0.051084
3.70165 0.0499485
3.74261 0.0540799
3.78351 0.0575699
3.8244 0.0606237
3.82679 0.0584207
3.86648 0.0563681
3.86887 0.0545721
3.90857 0.0530006
3.91097 0.0516255
3.95077 0.0504223
3.95316 0.0497445
3.99166 0.0536515
3.99405 0.052445
4.03255 0.0557644
4.03494 0.0541689
4.03733 0.0527727
4.07464 0.0514262
4.07703 0.0503729
4.07942 0.0493263
4.11672 0.0484105
4.11911 0.0476092
4.1215 0.046908
4.15761 0.0507945
4.16 0.0498202
4.16239 0.0489677
4.19858 0.0524717
4.20097 0.0512878
4.20336 0.0503768
4.23947 0.0537047
4.24188 0.0523666
4.24427 0.0513208
4.2467 0.0502807
4.28156 0.0492456
4.28398 0.0483399
4.28637 0.0475474
4.28878 0.046854
4.32365 0.0462472
4.32606 0.0458413
4.32845 0.0453612
4.33084 0.045191
4.36454 0.0490421
4.36695 0.0482869
4.36934 0.047626
4.37173 0.0470478
4.40543 0.0505418
4.40784 0.0495991
4.41023 0.0488992
4.4127 0.0481618
4.44632 0.0515166
4.44879 0.050452
4.45118 0.0496455
4.45361 0.0488148
4.456 0.048088
4.4884 0.047327
4.49089 0.0466611
4.49329 0.0460785
4.49569 0.0455686
4.49808 0.0452476
4.5306 0.0448416
4.53299 0.0444864
4.53538 0.0445506
4.53777 0.0444818
4.54016 0.0445466
4.57149 0.0481032
4.57388 0.0474653
4.57627 0.0470322
4.57866 0.0465281
4.58105 0.0462121
4.61238 0.0494356
4.61477 0.0486312
4.61716 0.0480523
4.61955 0.0474207
4.62194 0.0468681
4.62433 0.0463846
4.65446 0.0458365
4.65685 0.045357
4.65924 0.0449374
4.66163 0.0445702
4.66402 0.0443739
4.66641 0.0440772
4.69654 0.0438175
4.69894 0.0435903
4.70133 0.0433915
4.70372 0.0432176
4.70611 0.0430654
4.70865 0.0431822
4.73743 0.0466594
4.73982 0.046202
4.74222 0.0459268
4.74474 0.0455609
4.74713 0.0453658
4.74954 0.0450701
4.77832 0.0481863
4.78082 0.047538
4.78321 0.0470958
4.78562 0.0465838
4.78802 0.0462608
4.79043 0.0458532
4.8193 0.0488716
4.82169 0.0481376
4.82408 0.0476204
4.82647 0.0470429
4.82886 0.0465375
4.83125 0.0460953
4.83364 0.0457084
4.86138 0.0452449
4.86377 0.0448392
4.86616 0.0444843
4.86855 0.0441738
4.87094 0.0439021
4.87333 0.0436643
4.87572 0.0434563
4.90346 0.0432742
4.90586 0.043115
4.90825 0.0433506
4.91064 0.0434318
4.91303 0.0436278
4.91542 0.0437993
4.91781 0.0438244
4.94435 0.0469714
4.94674 0.0464749
4.94914 0.0461656
4.95153 0.0457699
4.95392 0.0454236
4.95631 0.0451207
4.95885 0.0448556
4.98524 0.0477486
4.98763 0.0471551
4.99002 0.0467607
4.99242 0.0462906
4.99494 0.0458793
4.99733 0.0456444
4.99972 0.0453138
5.00211 0.0451496
5.02733 0.0447559
5.02983 0.0444114
5.03222 0.04411
5.03461 0.0438462
5.03702 0.0437405
5.03941 0.0435229
5.0418 0.0433325
5.04419 0.043166
5.0695 0.0430202
5.07191 0.0428927
5.0743 0.0427811
5.07669 0.0426835
5.07911 0.042598
5.0815 0.0427733
5.08389 0.0429266
5.08628 0.0431858
5.11039 0.0460376
5.1128 0.0456579
5.11519 0.0454506
5.11758 0.0451443
5.12 0.0448763
5.12239 0.0446417
5.12478 0.0444365
5.12717 0.044382
5.15128 0.0469592
5.15369 0.0464643
5.15608 0.0461563
5.15847 0.0457617
5.16089 0.0454165
5.16328 0.0452395
5.16567 0.0449595
5.16806 0.0448396
5.17045 0.0446096
5.19336 0.0442834
5.19578 0.043998
5.19817 0.0437482
5.20056 0.0435297
5.20297 0.0433385
5.20536 0.0431712
5.20786 0.0430248
5.21025 0.0428967
5.21264 0.0427846
5.23545 0.0426865
5.23786 0.0426007
5.24025 0.0425256
5.24275 0.0424599
5.24516 0.0425274
5.24755 0.0424615
5.24995 0.0424038
5.25234 0.0423533
5.25473 0.0423092
5.27634 0.0450205
5.27884 0.044768
5.28124 0.044672
5.28364 0.044463
5.28605 0.0444051
5.28844 0.0442295
5.29084 0.0440758
5.29323 0.0440663
5.29562 0.043933
5.31733 0.0463164
5.31973 0.0459018
5.32213 0.0456641
5.32453 0.0453311
5.32694 0.0450397
5.32933 0.0447847
5.33173 0.0445617
5.33412 0.0444914
5.33651 0.044305
5.35822 0.0466419
5.36061 0.0461866
5.363 0.0457883
5.36539 0.0454398
5.36778 0.0451348
5.37017 0.044993
5.37256 0.0447438
5.37495 0.0445259
5.37734 0.0443351
5.37973 0.0441682
5.4003 0.0438972
5.40269 0.04366
5.40508 0.0435775
5.40747 0.0433803
5.40986 0.0432078
5.41225 0.0430568
5.41464 0.0429247
5.41703 0.0429341
5.41959 0.0428174
5.422 0.0427152
5.44239 0.0426258
5.44478 0.0425476
5.44717 0.0424791
5.44956 0.0426692
5.45195 0.0428356
5.45434 0.0431061
5.45687 0.0432179
5.45927 0.0434406
5.46167 0.0435106
5.46406 0.0436967
5.48327 0.0459846
5.48567 0.0456116
5.48806 0.0454101
5.49056 0.0451088
5.49297 0.0448452
5.49536 0.0447396
5.49776 0.0445221
5.50016 0.0444569
5.50255 0.0442748
5.50495 0.0441154
5.52416 0.046101
5.52665 0.0457134
5.52905 0.0454992
5.53145 0.0451868
5.53386 0.0449134
5.53625 0.0447993
5.53864 0.0445744
5.54103 0.0445026
5.54342 0.0443147
5.54581 0.0441504
5.5482 0.0441316
5.56633 0.0438651
5.56873 0.043632
5.57114 0.043428
5.57354 0.0432495
5.57594 0.0430933
5.57833 0.0429566
5.58072 0.0428371
5.58311 0.0427324
5.58551 0.0426409
5.5879 0.0425608
5.59029 0.0424907
5.60842 0.0424293
5.61082 0.0423757
5.61322 0.0423287
5.61562 0.0422876
5.61803 0.0423767
5.62042 0.0423296
5.62281 0.0425384
5.6252 0.0428461
5.62759 0.0429903
5.62998 0.0431165
5.63251 0.043352
5.64931 0.045308
5.65171 0.0450195
5.65411 0.044892
5.65651 0.0446555
5.65892 0.0444486
5.66131 0.0442675
5.6637 0.0441091
5.66609 0.0440954
5.6686 0.0439585
5.671 0.0439637
5.6734 0.0439682
5.6902 0.0457222
5.6926 0.0453819
5.695 0.0452092
5.6974 0.044933
5.69981 0.0446914
5.7022 0.044605
5.70459 0.0444044
5.7071 0.0443538
5.70952 0.0441846
5.71191 0.0440365
5.7143 0.0439069
5.71669 0.0437936
5.79251 0.0435694
5.7949 0.0433732
5.79729 0.0432016
5.79968 0.0430514
5.81536 0.0429199
5.8334 0.0448049
5.83579 0.0445793
5.83818 0.0445069
5.84057 0.0443185
5.85625 0.0459037
5.87429 0.0475408
5.87668 0.0469732
5.87907 0.0466015
5.88146 0.0461513
5.89714 0.0475074
5.91518 0.048944
5.91757 0.048201
5.92003 0.0476759
5.92242 0.0470914
5.92481 0.04658
5.93922 0.0460075
5.95731 0.0455065
5.9597 0.0450682
5.96211 0.0446847
5.9645 0.0443491
5.98131 0.0440555
5.99939 0.0437985
6.00178 0.0435737
6.0042 0.043377
6.00659 0.0432049
6.0222 0.0450543
6.02459 0.0447975
6.04028 0.0465728
6.04267 0.0461262
6.04509 0.0458604
6.04748 0.0455029
6.06317 0.04694
6.06556 0.0464475
6.08117 0.0477666
6.08356 0.0471707
6.08597 0.0466494
6.16785 0.0460682
6.17024 0.0455597
6.18585 0.0467397
6.20994 0.0461473
6.21233 0.0456289
6.22794 0.0451753
6.25202 0.0449033
6.25441 0.0445404
6.27002 0.0443479
6.29411 0.0440544
6.2965 0.0440476
6.311 0.0455416
6.335 0.0478489
6.33739 0.0472428
6.35189 0.0482125
6.37589 0.0503109
6.37828 0.049522
6.38078 0.0487068
6.39397 0.0478684
6.41806 0.0472599
6.42045 0.0466024
6.42286 0.0460271
6.43606 0.0456487
6.46014 0.0451926
6.46253 0.0447935
6.46495 0.0444443
6.47814 0.0441388
6.50103 0.0467465
6.50342 0.0462781
6.50584 0.0458684
6.51903 0.0470098
6.54192 0.0490086
6.54431 0.0482575
6.54673 0.0476003
6.64181 0.0481503
6.66467 0.0498815
6.78857 0.0488963
6.83065 0.0480343
6.87274 0.04728
6.91489 0.04662
6.95578 0.0511675
6.99667 0.0550216
7.03756 0.0583939
7.03995 0.0564696
7.07965 0.0546609
7.08204 0.0532033
7.12173 0.0518029
7.12412 0.0505775
7.16382 0.0495053
7.16621 0.0489422
7.20471 0.0528244
7.2071 0.0517213
7.24809 0.0507562
7.25048 0.0497867
7.29018 0.0488133
7.29257 0.0482117
7.29496 0.0476852
7.33226 0.0469745
7.33465 0.0463527
7.33704 0.0459336
7.37435 0.0454419
7.37674 0.0452617
7.37913 0.045229
7.41523 0.0493254
7.41763 0.0485347
7.42002 0.0479679
7.45623 0.0515969
7.45862 0.0505223
7.46101 0.049707
7.4634 0.0488686
7.49832 0.04801
7.50071 0.0472588
7.5031 0.0466014
7.50549 0.0460262
7.5404 0.045523
7.54279 0.0450826
7.54518 0.0446973
7.54757 0.0443601
7.58129 0.0483151
7.58368 0.0476507
7.58607 0.0471944
7.58846 0.0466701
7.62218 0.0502113
7.62457 0.0493099
7.62696 0.0485212
7.62935 0.047831
7.66307 0.0512271
7.66546 0.0501987
7.66785 0.0492989
7.67038 0.0486365
7.67277 0.047932
7.70527 0.0471905
7.70766 0.0465417
7.71005 0.046099
7.71247 0.0455866
7.71486 0.0451383
7.74736 0.044746
7.74975 0.0444027
7.75214 0.0441024
7.75453 0.0440896
7.75692 0.0440784
7.78825 0.0478186
7.79064 0.0472163
7.79303 0.0468142
7.79542 0.0463375
7.79781 0.0459203
7.82914 0.0493052
7.83153 0.0485171
7.83392 0.0478274
7.83631 0.047224
7.8387 0.046696
7.84109 0.046359
7.87122 0.0458141
7.87361 0.0453374
7.876 0.0450452
7.87839 0.0446645
7.88078 0.0443315
7.8833 0.04404
7.9133 0.043785
7.9157 0.0435619
7.9194 0.0434917
8.0012 0.0435552
8.00359 0.0433608
8.04209 0.0478157
8.04448 0.0472137
8.08298 0.051187
8.08537 0.0501636
8.08776 0.0492682
8.12506 0.0484847
8.12745 0.0476741
8.12984 0.0469648
8.16715 0.0463442
8.16959 0.0458012
8.17198 0.045326
8.20807 0.0495353
8.21048 0.0487184
8.21287 0.0480036
8.24896 0.0516281
8.25137 0.0505496
8.25376 0.0496059
8.28985 0.0530302
8.29224 0.0519014
8.29463 0.0507887
8.29702 0.0499401
8.33193 0.0489476
8.33432 0.0480792
8.33671 0.0473193
8.3391 0.0466544
8.37402 0.0461976
8.37641 0.0456729
8.3788 0.0452138
8.38132 0.045187
8.41491 0.0489137
8.41741 0.0481745
8.4198 0.0475276
8.42221 0.0470867
8.45588 0.0504509
8.45829 0.0496445
8.46069 0.0488139
8.4631 0.0482122
8.46549 0.0475607
8.49797 0.0468656
8.50038 0.0462574
8.50277 0.0457252
8.50518 0.0452596
8.50757 0.0448521
8.54005 0.0446206
8.54246 0.044293
8.54485 0.0440064
8.54727 0.0437556
8.54966 0.0435361
8.58213 0.0433441
8.58453 0.0434261
8.58692 0.0434978
8.58931 0.0436856
8.5917 0.0437249
8.62302 0.0475093
8.62541 0.0469456
8.62781 0.0464524
8.63033 0.0461459
8.63272 0.0457526
8.66402 0.0491586
8.66641 0.0483887
8.6688 0.0477151
8.67119 0.0472508
8.67358 0.0467194
8.67597 0.0462545
8.70611 0.0457227
8.7085 0.0452573
8.71089 0.0448502
8.71328 0.0444939
8.71567 0.0441822
8.71806 0.0440344
8.74819 0.0437801
8.75058 0.0435576
8.75297 0.0433629
8.75536 0.0431925
8.75775 0.0432935
8.76014 0.0435068
8.78908 0.0469434
8.79147 0.0464505
8.79386 0.0460192
8.79625 0.0457668
8.79864 0.0454209
8.80103 0.0452433
8.82997 0.0482129
8.83236 0.0475613
8.83475 0.0469911
8.83714 0.0466172
8.83953 0.0461651
8.84209 0.0458944
8.84448 0.0455326
8.87206 0.0452161
8.87445 0.0448141
8.87698 0.0444623
8.87937 0.0441545
8.88176 0.0438852
8.88417 0.0436495
8.88656 0.0434434
8.91426 0.0432629
8.91665 0.0431051
8.91906 0.0430919
8.92145 0.0429554
8.92384 0.042836
8.92626 0.0427315
8.92865 0.0426401
8.95515 0.0459351
8.95754 0.0455682
8.95995 0.0452472
8.96234 0.0449663
8.96473 0.0447205
8.96715 0.0446304
8.96954 0.0444266
8.99604 0.0473733
8.99843 0.0468266
9.00084 0.0463483
9.00323 0.0460548
9.00562 0.0456729
9.00804 0.0454638
9.01043 0.0451558
9.03692 0.0478863
9.03932 0.0472756
9.04171 0.0467411
9.0441 0.0463985
9.04649 0.0459737
9.04888 0.045602
9.05127 0.0452767
9.05381 0.0449921
9.07901 0.0447431
9.0814 0.0444002
9.08379 0.0441002
9.08618 0.0438377
9.0887 0.043608
9.09109 0.043532
9.09348 0.0433405
9.0959 0.0431729
9.12109 0.0430263
9.12348 0.042898
9.12598 0.0427858
9.12837 0.0430625
9.13076 0.0431797
9.13316 0.0434073
9.13555 0.0434813
9.13794 0.0435462
9.16207 0.0464779
9.16446 0.0460432
9.16687 0.0456628
9.16926 0.0454549
9.17165 0.0451481
9.17404 0.0450045
9.17644 0.044754
9.24625 0.0446597
9.25823 0.0458273
9.26062 0.0453489
9.28475 0.0476802
9.28834 0.0469702
9.30031 0.0463489
9.30282 0.0458053
9.32684 0.0453297
9.33042 0.0449134
9.34249 0.0445493
9.34488 0.0444806
9.36773 0.0470455
9.37141 0.0467898
9.38338 0.0475661
9.38577 0.0469953
9.40869 0.0491209
9.4123 0.0486058
9.42427 0.0491551
9.42666 0.0483857
9.42905 0.0478375
9.45077 0.0471078
9.45438 0.0464693
9.46636 0.0459107
9.46875 0.0454218
9.47114 0.0449941
9.49286 0.0446198
9.49647 0.0442924
9.50844 0.0440058
9.51083 0.0437551
9.51336 0.0435357
9.53494 0.0433437
9.53736 0.0435508
9.54944 0.0447319
9.55183 0.0445154
9.55424 0.044451
9.57583 0.0466446
9.57824 0.046314
9.59033 0.0471498
9.59272 0.0466311
9.59513 0.0463022
9.61672 0.0482644
9.61913 0.0477314
9.62163 0.0471399
9.63241 0.0464974
9.6348 0.0459353
9.63722 0.0454434
9.65891 0.0450129
9.6613 0.0446363
9.66372 0.0443068
9.6745 0.0440184
9.67689 0.0437661
9.6793 0.0435454
9.701 0.0433522
9.70339 0.0431832
9.7058 0.0430353
9.78879 0.0429059
9.79959 0.0427926
9.82968 0.0461935
9.84054 0.0469194
9.87057 0.0499294
9.87304 0.0491883
9.88263 0.0482897
9.91271 0.0475035
9.91513 0.0468156
9.92471 0.0462136
9.9548 0.0456869
9.95721 0.0452261
9.9668 0.0448228
9.99569 0.0480949
9.9981 0.0475831
10.0077 0.0478852
10.0366 0.0506495
10.039 0.0496933
10.0486 0.0497317
10.0775 0.0522652
10.0799 0.0511071
10.0822 0.0502187
10.0907 0.0491913
10.1196 0.0482924
10.1221 0.0476309
10.1244 0.046927
10.1328 0.0463111
10.1617 0.0457722
10.1641 0.0453007
10.1665 0.0448881
10.1737 0.0454021
10.2026 0.0484768
10.205 0.0479172
10.2074 0.0473026
10.2146 0.0473898
10.2435 0.050216
10.2459 0.049314
10.2483 0.0485248
10.2555 0.0484592
10.2579 0.0477768
10.2856 0.0470547
10.288 0.0465478
10.2904 0.0459794
10.2976 0.0454819
10.3001 0.0451717
10.3277 0.0447752
10.3301 0.0444283
10.3325 0.0441248
10.3398 0.0438592
10.3422 0.0436268
10.3699 0.0434234
10.3723 0.0436205
10.3747 0.0436679
10.3807 0.0442095
10.3831 0.0441833
10.4108 0.0471604
10.4132 0.0467653
10.4155 0.0462947
10.4215 0.0463828
10.424 0.04596
10.4517 0.048715
10.454 0.0481256
10.4564 0.0474849
10.4588 0.0469243
10.4636 0.0463088
10.466 0.0458952
10.4937 0.0454083
10.4961 0.0449822
10.4985 0.0446094
10.5009 0.0442833
10.5057 0.0439979
10.5081 0.0437481
10.5358 0.0435296
10.5406 0.0433384
10.543 0.0431711
10.5467 0.0435247
10.5491 0.0435841
10.5767 0.0466361
10.5815 0.0465566
10.584 0.046112
10.5864 0.046098
10.5888 0.0460858
10.5912 0.04595
10.6177 0.0487063
10.6225 0.048368
10.6249 0.047697
10.6273 0.0472349
10.6297 0.0467055
10.6321 0.0463673
10.6344 0.0459464
10.6598 0.0454531
10.6646 0.0450215
10.667 0.0446438
10.6694 0.0443133
10.6718 0.0440241
10.6741 0.0437711
10.6765 0.0435497
10.7019 0.043356
10.7066 0.0431865
10.7091 0.0431632
10.7114 0.0430178
10.7138 0.0428906
10.7162 0.0427793
10.7186 0.0426818
10.7439 0.0425966
10.7475 0.043022
10.7499 0.0430193
10.7523 0.0430169
10.7547 0.0430148
10.7571 0.0431379
10.7596 0.0431207
10.7848 0.0459806
10.7884 0.045858
10.7908 0.0455008
10.7932 0.0453132
10.7957 0.045024
10.7981 0.044896
10.8005 0.044659
10.8257 0.0473266
10.8294 0.0470358
10.8318 0.0465313
10.8342 0.0462149
10.8366 0.0458131
10.8402 0.0457114
10.9184 0.0452475
10.922 0.0449666
10.9244 0.0445957
10.9593 0.0483963
10.9629 0.0478467
10.9653 0.0473659
11.0002 0.0509452
11.0038 0.050077
11.0062 0.0493174
11.0411 0.0526527
11.0447 0.0515711
11.0471 0.0506247
11.0495 0.0496716
11.0832 0.0487127
11.0868 0.0478736
11.0892 0.0471394
11.0916 0.046497
11.1253 0.0459348
11.1289 0.045443
11.1313 0.0450126
11.1337 0.044886
11.1662 0.0486503
11.1698 0.048069
11.1722 0.0475604
11.1746 0.0469903
11.2071 0.0503665
11.2107 0.0495707
11.2131 0.0488744
11.2155 0.0481401
11.248 0.0512476
11.2504 0.0502166
11.2528 0.0491895
11.2553 0.0482909
11.2577 0.0475045
11.2902 0.0469414
11.2926 0.0463238
11.295 0.0457833
11.2974 0.0453104
11.2998 0.0448966
11.3323 0.0445345
11.3347 0.0442177
11.3371 0.0443155
11.3394 0.044401
11.3418 0.0443509
11.3732 0.048057
11.3756 0.0474249
11.3779 0.0468718
11.3803 0.0463878
11.3827 0.0459643
11.414 0.0493438
11.4164 0.0485508
11.4188 0.047857
11.4212 0.0473749
11.4236 0.046828
11.426 0.0464745
11.4561 0.0459152
11.4585 0.0454258
11.4609 0.0449976
11.4633 0.0446229
11.4657 0.044295
11.4682 0.0440081
11.4982 0.0437571
11.5006 0.0435375
11.503 0.0434703
11.5055 0.0432865
11.5079 0.0431257
11.5103 0.04336
11.5391 0.046815
11.5416 0.0463381
11.544 0.0459208
11.5464 0.0455557
11.5488 0.0452363
11.5512 0.0450817
11.5801 0.0481965
11.5825 0.047547
11.5849 0.0469786
11.5873 0.0466063
11.5897 0.0461555
11.5921 0.045886
11.6209 0.0487753
11.6233 0.0480534
11.6257 0.0474217
11.6281 0.046994
11.6305 0.0464947
11.6329 0.0460579
11.6353 0.0456757
11.663 0.0453412
11.6654 0.0449236
11.6678 0.0445581
11.6702 0.0442383
11.6726 0.0439585
11.675 0.0437137
11.6774 0.0434995
11.7051 0.0433121
11.7075 0.0431481
11.7099 0.0432546
11.7123 0.0434727
11.7147 0.0435386
11.7173 0.0437213
11.7196 0.0438811
11.746 0.047021
11.751 0.0465184
11.7533 0.0462036
11.7557 0.0458031
11.7581 0.0455777
11.7605 0.0452555
11.787 0.0480986
11.7918 0.0477113
11.7942 0.0472474
11.7966 0.0470914
11.799 0.046955
11.8014 0.0468356
11.8038 0.0466062
11.8062 0.0465304
11.8291 0.0459641
11.8892 0.0454686
11.9121 0.045035
11.9169 0.0446556
11.9301 0.0456987
11.953 0.0479863
11.9578 0.0476131
11.9711 0.0485364
11.9939 0.0503444
11.9987 0.0496763
12.012 0.0502168
12.0348 0.0518147
12.0372 0.0508378
12.0409 0.0497331
12.0541 0.0488915
12.077 0.04803
12.0794 0.0472763
12.083 0.0466167
12.0962 0.0460397
12.1203 0.0457847
12.2044 0.0453116
12.2453 0.0497727
12.2862 0.0538011
12.2887 0.0524509
12.3284 0.0511446
12.3308 0.0500015
12.3704 0.0490013
12.3729 0.0481261
12.4125 0.0473604
12.4149 0.0469403
12.4534 0.0511978
12.4558 0.0501731
12.4943 0.0539014
12.4967 0.0525388
12.4991 0.0514714
12.5365 0.0502875
12.5389 0.0492515
12.5413 0.0483451
12.5786 0.047552
12.581 0.046858
12.5834 0.0462507
12.6207 0.0457194
12.6231 0.0456295
12.6255 0.0455508
12.6616 0.0496069
12.664 0.0487811
12.6663 0.0480584
12.7025 0.0516761
12.7048 0.0505916
12.7072 0.0497677
12.7096 0.0489217
12.7445 0.0480565
12.7469 0.0472994
12.7493 0.046637
12.7517 0.0460574
12.7866 0.0455502
12.789 0.0452314
12.7915 0.0448275
12.7939 0.0447241
12.8276 0.0486336
12.83 0.0479294
12.8324 0.0473132
12.8348 0.046774
12.8685 0.0503023
12.8709 0.0493895
12.8733 0.0487158
12.8757 0.0480013
12.9094 0.0513762
12.9118 0.0503291
12.9142 0.049538
12.9166 0.0487208
12.9189 0.0480057
12.9515 0.0472549
12.9539 0.0465981
12.9562 0.0460233
12.9586 0.0455204
12.961 0.0452054
12.9936 0.0448047
12.9959 0.0444541
12.9983 0.0445223
13.0007 0.044457
13.0031 0.0445249
13.0344 0.0480843
13.0368 0.0474488
13.0393 0.0470177
13.0417 0.0465155
13.0441 0.046201
13.0754 0.0494259
13.0778 0.0486227
13.0802 0.0480448
13.0826 0.0474142
13.085 0.0469874
13.0874 0.046489
13.1175 0.0459279
13.1199 0.0454369
13.1223 0.0450073
13.1247 0.0446314
13.1271 0.0443025
13.1295 0.0440146
13.1596 0.0437628
13.162 0.0435425
13.1644 0.0433497
13.1668 0.0431809
13.1692 0.0430333
13.1716 0.0431542
13.2005 0.0466349
13.2029 0.0461805
13.2053 0.045908
13.2077 0.0455445
13.2101 0.0453514
13.2125 0.0450575
13.2414 0.0481753
13.2438 0.0475284
13.2462 0.0470873
13.2486 0.0465764
13.2511 0.0462544
13.2534 0.0458476
13.2823 0.0488666
13.2846 0.0481333
13.2871 0.0476166
13.2895 0.0470396
13.2919 0.0465346
13.2943 0.0460928
13.2967 0.0457062
13.3244 0.0452429
13.3268 0.0448375
13.3292 0.0444829
13.3316 0.0441725
13.334 0.0440259
13.3364 0.0437727
13.3388 0.0435511
13.3665 0.0433572
13.3689 0.0431876
13.3713 0.0430391
13.3737 0.0431592
13.3761 0.0433893
13.3785 0.0434657
13.3809 0.0435325
13.4074 0.0467159
13.4098 0.0462514
13.4122 0.04597
13.4146 0.0455987
13.417 0.0452739
13.4194 0.0449897
13.4218 0.0447409
13.4483 0.0476483
13.4507 0.0470673
13.4531 0.0466839
13.4555 0.0462234
13.4579 0.0458205
13.4603 0.0455929
13.4627 0.0452688
13.4652 0.0451102
13.4904 0.0447214
13.4928 0.0443812
13.4952 0.0440836
13.4976 0.0438231
13.5001 0.0437202
13.5025 0.0435052
13.5049 0.0433171
13.5073 0.0431524
13.5325 0.0430084
13.535 0.0428823
13.5373 0.042772
13.5397 0.0426755
13.5422 0.0425911
13.5445 0.0425172
13.5469 0.0427026
13.5493 0.0429897
13.5734 0.045866
13.5758 0.0455078
13.5782 0.0453193
13.5806 0.0450294
13.583 0.0449007
13.5854 0.0446631
13.5878 0.0444552
13.5902 0.0443983
13.6143 0.0469735
13.6167 0.0464768
13.6191 0.0461672
13.6215 0.0457713
13.6239 0.0454249
13.6263 0.0451218
13.6287 0.0448566
13.6311 0.0447495
13.6335 0.0445308
13.6564 0.0442145
13.6588 0.0439377
13.6612 0.0436954
13.6636 0.0434835
13.666 0.0434231
13.6684 0.0432452
13.6708 0.0430895
13.6732 0.0429533
13.6756 0.0428342
13.6985 0.0427299
13.7009 0.0426387
13.7033 0.0425588
13.7057 0.042489
13.7081 0.0424279
13.7105 0.0423744
13.713 0.0423276
13.7154 0.0422866
13.7178 0.0422508
13.7394 0.0449695
13.7418 0.0447233
13.7442 0.0446329
13.7466 0.0444288
13.7491 0.0443752
13.7515 0.0442033
13.7539 0.0440529
13.7563 0.0440462
13.7587 0.0439155
13.7803 0.046301
13.7827 0.0458884
13.7852 0.0456524
13.7876 0.0453208
13.79 0.0450307
13.7924 0.0447769
13.7948 0.0445548
13.7972 0.0444854
13.7996 0.0442997
13.8212 0.0466373
13.8236 0.0461826
13.826 0.0459098
13.8284 0.0455461
13.8309 0.0452278
13.8356 0.0449493
13.838 0.0448307
13.8404 0.0446018
13.8428 0.0444016
13.8633 0.0441014
13.8657 0.0438387
13.8681 0.0436089
13.8705 0.0434078
13.8729 0.0432318
13.8777 0.0430778
13.8801 0.0433181
13.8825 0.0434033
13.8849 0.0434779
13.8873 0.0436682
13.9066 0.0435847
13.9668 0.0433866
13.9692 0.0432133
13.9884 0.0451866
13.9908 0.0447883
14.0077 0.0461897
14.0101 0.045916
14.0293 0.0476765
14.0318 0.0470919
14.0486 0.0484555
14.051 0.0477735
14.0534 0.0471768
14.0714 0.0465297
14.0739 0.0459635
14.0907 0.0454681
14.0931 0.0451596
14.0955 0.0447646
14.1135 0.044419
14.1159 0.0441167
14.1328 0.0438521
14.1352 0.0436206
14.1377 0.043418
14.1544 0.0453657
14.1568 0.04507
14.1737 0.0466863
14.176 0.0463505
14.1786 0.0459317
14.1953 0.0474402
14.1977 0.0468852
14.2146 0.0482745
14.217 0.0477402
14.2195 0.0471477
14.2362 0.0485042
14.2386 0.0478162
14.241 0.0472142
14.2567 0.0465624
14.2591 0.0459921
14.2615 0.0454931
14.2783 0.0450565
14.2807 0.0446744
14.2831 0.0444651
14.2988 0.044157
14.3012 0.0438873
14.3036 0.0436514
14.3204 0.043445
14.3229 0.0432644
14.3253 0.0431063
14.3397 0.044718
14.3421 0.0446283
14.3445 0.0444247
14.3614 0.0461216
14.3638 0.0457314
14.3662 0.045515
14.3806 0.0467006
14.383 0.0462381
14.3854 0.0458333
14.4023 0.0473541
14.4047 0.0468099
14.4071 0.0464586
14.4215 0.0475263
14.4239 0.0469605
14.4263 0.0465904
14.4288 0.0461416
14.4444 0.0456239
14.4468 0.0451709
14.4492 0.0447746
14.4636 0.0444278
14.4661 0.0442493
14.4684 0.0439681
14.4709 0.0437221
14.4864 0.0435068
14.4889 0.0433185
14.4913 0.0431537
14.5057 0.0430095
14.5081 0.0428833
14.5105 0.0427729
14.5129 0.0429263
14.5273 0.0446855
14.5298 0.0444748
14.5321 0.0444154
14.5466 0.0457385
14.549 0.0455212
14.5514 0.045206
14.5538 0.0449303
14.5682 0.046314
14.5707 0.0458998
14.5731 0.0456623
14.5875 0.0468295
14.5899 0.0463508
14.5923 0.045932
14.5947 0.0455655
14.5971 0.0453698
14.6104 0.0449486
14.6128 0.04458
14.6152 0.0442575
14.6296 0.0439753
14.632 0.0438534
14.6344 0.0436217
14.6368 0.043419
14.6392 0.0432416
14.6525 0.0430864
14.6549 0.0429506
14.6573 0.0428318
14.6717 0.0427278
14.6753 0.0427618
14.7536 0.0440416
14.7572 0.0440364
14.7596 0.0437819
14.7945 0.0476841
14.7981 0.0473486
14.8005 0.046805
14.8354 0.0504544
14.8378 0.0495226
14.8402 0.0485823
14.8426 0.0477595
14.8775 0.0470396
14.8799 0.0464096
14.8823 0.0458584
14.8846 0.0453761
14.9195 0.0449541
14.9219 0.0445848
14.9256 0.0443867
15.011 0.0442134
15.0519 0.0488117
15.0928 0.0528352
15.0952 0.0517308
15.1349 0.0505145
15.1373 0.0494502
15.177 0.0486439
15.1794 0.0478134
15.2191 0.0470867
15.2215 0.0467009
15.26 0.0509883
15.2624 0.0499897
15.3009 0.053616
15.3033 0.052289
15.3057 0.0511279
15.343 0.0499869
15.3454 0.0489885
15.3479 0.048115
15.3852 0.0474756
15.3875 0.0467912
15.39 0.0461923
15.4272 0.0456682
15.4296 0.0454597
15.432 0.0454022
15.4681 0.049602
15.4705 0.0487767
15.4729 0.0480546
15.509 0.0516728
15.5114 0.0505887
15.5138 0.0496401
15.5162 0.0489351
15.5511 0.0480682
15.5535 0.0473097
15.5559 0.046646
15.5583 0.0460652
15.5932 0.0455571
15.5956 0.0451124
15.598 0.0447234
15.6004 0.044758
15.6341 0.0486632
15.6365 0.0479553
15.722 0.0472109
15.7628 0.0513095
15.8037 0.0551458
15.8061 0.0537526
15.8458 0.0522835
15.8482 0.0509981
15.8879 0.0498733
15.8904 0.0488892
15.9301 0.048153
15.9324 0.0477589
15.9709 0.051789
15.9733 0.0506904
16.0118 0.0542291
16.0142 0.0529505
16.0166 0.0517067
16.0539 0.0504933
16.0563 0.0494317
16.0587 0.0485027
16.096 0.0478149
16.0984 0.047088
16.1008 0.046452
16.1381 0.0458955
16.1406 0.0456586
16.143 0.0454512
16.1791 0.0496448
16.1815 0.0488142
16.1839 0.0480875
16.22 0.0517015
16.2224 0.0506138
16.226 0.0497871
16.3102 0.0488137
16.351 0.048962
16.392 0.0529667
16.4329 0.0564709
16.4738 0.059662
16.4762 0.0577043
16.5159 0.0557412
16.5182 0.0540236
16.5579 0.0525206
16.5603 0.0512056
16.5988 0.0548049
16.6013 0.0534543
16.6398 0.0566475
16.6422 0.0550665
16.6807 0.0580582
16.6831 0.0563009
16.6855 0.0546383
16.7228 0.0530585
16.7252 0.0516762
16.7276 0.0504667
16.7649 0.0494084
16.7673 0.0484823
16.7697 0.047672
16.8058 0.051463
16.8082 0.0505301
16.8106 0.0495889
16.8467 0.0530153
16.8491 0.0518884
16.8514 0.0507773
16.8875 0.0540551
16.89 0.0527983
16.8924 0.0515735
16.8948 0.0505018
16.9297 0.0494391
16.9321 0.0485092
16.9345 0.0476955
16.9369 0.0469836
16.9718 0.0463606
16.9742 0.0458156
16.9766 0.0453386
16.979 0.0451713
17.0127 0.0490249
17.0151 0.0483968
17.0175 0.0477222
17.0199 0.0471319
17.0536 0.0506154
17.056 0.0496635
17.0584 0.0488305
17.0608 0.0481017
17.0632 0.047589
17.0957 0.0468904
17.0981 0.0464041
17.1006 0.0458536
17.1029 0.0453719
17.1053 0.0449504
17.1378 0.0445816
17.1402 0.0442589
17.1426 0.0439765
17.1451 0.0438545
17.1474 0.0436227
17.1799 0.0434198
17.1823 0.0436173
17.1847 0.0436652
17.1871 0.043832
17.1895 0.043853
17.2208 0.0474964
17.2232 0.0470593
17.2256 0.0465519
17.228 0.0462329
17.2304 0.0458288
17.2617 0.0491002
17.2641 0.0484627
17.2665 0.0477799
17.2689 0.0471824
17.2713 0.0466596
17.2737 0.0462021
17.3038 0.0456769
17.3062 0.0452173
17.3086 0.0448151
17.311 0.0444632
17.3135 0.0441553
17.3159 0.0438859
17.3459 0.0436502
17.3483 0.0434439
17.3508 0.0432634
17.3532 0.0432305
17.3556 0.0434517
17.358 0.0435202
17.3869 0.0469552
17.3893 0.0465858
17.3917 0.0461376
17.3941 0.0458704
17.3965 0.0455116
17.3989 0.0451976
17.4278 0.0482979
17.4302 0.0477607
17.4326 0.0471656
17.435 0.0466449
17.4374 0.0461893
17.4397 0.0457906
17.4421 0.0455668
17.5239 0.0451209
17.5517 0.0478558
17.5541 0.0472488
17.5661 0.0467177
17.5937 0.046128
17.5961 0.045612
17.6082 0.0451605
17.6359 0.0447655
17.6383 0.0444198
17.6503 0.0441173
17.6768 0.0471026
17.6792 0.0467148
17.6912 0.0475005
17.7177 0.0499379
17.7201 0.0491957
17.7321 0.0496712
17.7586 0.0518373
17.761 0.0507326
17.7634 0.0497661
17.7743 0.0487953
17.8007 0.0479459
17.8031 0.0473276
17.8054 0.0466617
17.8164 0.046079
17.8427 0.0455691
17.8452 0.045123
17.8476 0.0447326
17.8572 0.045641
17.8837 0.0483109
17.8861 0.047772
17.8885 0.0471755
17.8981 0.0476536
17.9246 0.0500719
17.927 0.0493129
17.9294 0.0485238
17.939 0.0488333
17.9414 0.0481041
17.9667 0.0473411
17.9691 0.0466735
17.9715 0.0460893
17.9811 0.0455781
18.0076 0.0481309
18.0906 0.0473645
18.0931 0.0468189
18.1327 0.0462166
18.1352 0.0456895
18.1748 0.0452283
18.1772 0.0448248
18.2168 0.0444717
18.2192 0.0445377
18.2577 0.0489705
18.2601 0.0483492
18.5055 0.0525555
18.5476 0.0512361
18.5899 0.0500816
18.632 0.0491964
18.6729 0.0534218
18.7138 0.0568691
18.7547 0.0600105
18.7571 0.0580092
18.7968 0.056008
18.7992 0.054257
18.8389 0.0527249
18.8413 0.0513843
18.881 0.0503362
18.8834 0.0496692
18.9219 0.0534606
18.9243 0.052153
18.9628 0.0555089
18.9652 0.0540703
18.9676 0.0526865
19.0049 0.0513507
19.0073 0.0501818
19.0097 0.0491591
19.047 0.0482642
19.0495 0.0474812
19.0519 0.046796
19.0879 0.0506965
19.0904 0.0498595
19.0927 0.049002
19.1288 0.0525018
19.1312 0.0514391
19.1336 0.0503842
19.1697 0.0537112
19.1721 0.0524973
19.1745 0.0513101
19.1769 0.0502713
19.2118 0.0492374
19.2142 0.0483327
19.2166 0.0475411
19.219 0.0468485
19.2539 0.0462424
19.2563 0.0457121
19.2587 0.0452481
19.2612 0.0452171
19.2948 0.049065
19.2973 0.0484318
19.2997 0.0477529
19.3021 0.0472838
19.3358 0.0506233
19.3382 0.0497954
19.3406 0.048946
19.343 0.0482027
19.3766 0.0514274
19.379 0.0504989
19.3814 0.0495616
19.3838 0.0487414
19.3862 0.0481487
19.4187 0.0473801
19.4211 0.0467076
19.4235 0.0461192
19.4259 0.0456043
19.4283 0.0451537
19.4608 0.0447595
19.4632 0.0444146
19.4656 0.0443627
19.468 0.0443174
19.4704 0.0444027
19.5017 0.0479774
19.5041 0.0474802
19.5065 0.0469202
19.509 0.0465552
19.5114 0.0462358
19.5426 0.0494563
19.5451 0.0487743
19.5475 0.0480525
19.5499 0.0474209
19.5523 0.0468683
19.5547 0.0463848
19.5848 0.0458367
19.5872 0.0453571
19.5896 0.0449374
19.592 0.0445703
19.5944 0.044249
19.5968 0.0439679
19.6268 0.0437219
19.6293 0.0435066
19.6317 0.0433183
19.6341 0.0432785
19.6365 0.0431187
19.6401 0.0434789
19.7219 0.043419
19.7495 0.0463666
19.7628 0.0471958
19.7904 0.0499213
19.8037 0.0504312
19.8061 0.0496273
19.8326 0.0486739
19.8458 0.0478396
19.8482 0.0471097
19.8747 0.046471
19.8879 0.0459121
19.8903 0.0454231
19.9168 0.0449952
19.9288 0.0461208
19.9312 0.0458557
19.9577 0.0484987
19.9698 0.0490614
19.9722 0.0484287
19.9986 0.0507501
20.0107 0.0510314
20.0131 0.0501524
20.0154 0.0492584
20.0407 0.0483511
20.0527 0.0475572
20.0551 0.0468626
20.0575 0.0462547
20.0828 0.0457229
20.0948 0.0452575
20.0972 0.0448503
20.0996 0.044494
20.1237 0.0471823
20.1357 0.0479095
20.1381 0.0474208
20.1405 0.0468682
20.1646 0.0491347
20.1766 0.0496178
20.179 0.0489156
20.1814 0.0481762
20.2055 0.0502791
20.2079 0.0493693
20.2187 0.0484481
20.2211 0.0476421
20.2236 0.0469368
20.2476 0.0463197
20.25 0.0457798
20.2609 0.0453073
20.2633 0.0448939
20.2657 0.0445321
20.2897 0.0442156
20.2921 0.0440637
20.303 0.0438057
20.3054 0.043955
20.3078 0.0439606
20.3306 0.0465905
20.3329 0.0461417
20.3439 0.046749
20.3463 0.0464054
20.3486 0.0459797
20.3714 0.0482322
20.3738 0.0475782
20.3847 0.0481309
20.3871 0.0476146
20.3895 0.0470377
20.3919 0.046533
20.4135 0.0459664
20.4159 0.0454706
20.5916 0.0450368
20.6337 0.0446572
20.6758 0.044325
20.7179 0.0440344
20.7589 0.0489051
20.7998 0.053042
20.8407 0.0566617
20.8431 0.055079
20.8828 0.0534441
20.8851 0.0520136
20.9248 0.0507619
20.9272 0.0496667
20.9669 0.0487083
20.9694 0.0482448
21.0078 0.0522142
21.0103 0.0511874
21.0487 0.054664
21.0512 0.053331
21.0536 0.0520396
21.0908 0.0507847
21.0933 0.0496866
21.0957 0.0487258
21.1329 0.047885
21.1354 0.0471494
21.1378 0.0465057
21.1738 0.0504425
21.1763 0.0496372
21.1787 0.0488075
21.2146 0.0523316
21.2173 0.0512902
21.2197 0.0502539
21.3388 0.0492221
21.3797 0.0530694
21.4206 0.0566857
21.4614 0.05985
21.5023 0.0626187
21.5048 0.0601664
21.5444 0.0578956
21.5469 0.0559086
21.5865 0.0541701
21.589 0.0526488
21.6274 0.0561927
21.6298 0.0545436
21.6683 0.0577257
21.6707 0.055885
21.7092 0.0588993
21.7116 0.0569119
21.714 0.0552979
21.7513 0.0536357
21.7538 0.0521812
21.7562 0.0509086
21.7935 0.049795
21.7959 0.0488206
21.7983 0.047968
21.8344 0.051722
21.8368 0.0506318
21.8392 0.0498028
21.8752 0.0532025
21.8777 0.0519272
21.8801 0.0509363
21.9161 0.0541942
21.9186 0.0527949
21.9209 0.0515706
21.9233 0.0504993
21.9582 0.0494368
21.9606 0.0485072
21.963 0.0478188
21.9655 0.0470915
22.0004 0.046455
22.0028 0.0458982
22.0052 0.0454109
22.0076 0.0452345
22.0413 0.0490802
22.0437 0.0483202
22.0461 0.0477802
22.0485 0.0471826
22.0822 0.0506598
22.0846 0.0497023
22.087 0.0488645
22.0894 0.0481315
22.0918 0.04749
22.1267 0.0468038
22.1291 0.0463283
22.1315 0.0457873
22.1338 0.0453139
22.1688 0.0448996
22.1711 0.0449122
22.1735 0.0447982
22.1759 0.0446984
22.1783 0.0447361
22.2108 0.0443941
22.2132 0.0440948
22.2156 0.044083
22.2181 0.0441976
22.2518 0.0477979
22.2542 0.0473232
22.2566 0.0467828
22.259 0.0464349
22.2927 0.0498806
22.2951 0.0491455
22.2975 0.0487523
22.2999 0.0482833
22.3023 0.0479979
22.3047 0.0476231
22.3348 0.0469202
22.3372 0.0463052
22.3396 0.045767
22.342 0.0452962
22.3444 0.0448841
22.3468 0.0445236
22.3769 0.0442082
22.3793 0.0439322
22.3817 0.0436906
22.3841 0.0436043
22.3865 0.0434038
22.3889 0.0432283
22.419 0.0430748
22.4214 0.0433154
22.4238 0.043401
22.4262 0.0436009
22.4285 0.0436508
22.4311 0.0438194
22.4599 0.047217
22.4623 0.0468149
22.4647 0.046338
22.467 0.0460458
22.4694 0.045665
22.472 0.0453319
22.5008 0.0482904
22.5032 0.0477541
22.5056 0.0471598
22.508 0.0467649
22.5104 0.0462943
22.5128 0.0458825
22.5152 0.0456472
22.5429 0.0451913
22.5453 0.0447924
22.5477 0.0444433
22.5501 0.0441379
22.5525 0.0438707
22.5549 0.0436368
22.5573 0.0434322
22.585 0.0433782
22.5874 0.0432059
22.5898 0.0430552
22.5922 0.0429233
22.5946 0.0430579
22.597 0.0431756
22.5994 0.0434037
22.6259 0.0464782
22.6283 0.0460434
22.6307 0.045663
22.6331 0.0454551
22.6355 0.0451482
22.6379 0.0448797
22.6403 0.0447697
22.6668 0.0475485
22.6692 0.047105
22.6716 0.0465918
22.674 0.0461429
22.6764 0.04575
22.6788 0.0454063
22.6812 0.0452305
22.6837 0.0449517
22.7089 0.0445827
22.7113 0.0442599
22.7137 0.0439774
22.7161 0.0438552
22.7186 0.0436233
22.721 0.0434204
22.7234 0.0432428
22.7258 0.0430875
22.751 0.0429516
22.7535 0.0428326
22.7559 0.0427285
22.7582 0.0426375
22.7607 0.0425578
22.763 0.0426131
22.7654 0.0425364
22.7678 0.0427194
22.7919 0.0456294
22.7943 0.0454258
22.7967 0.0451225
22.7991 0.0449822
22.8015 0.0447344
22.8039 0.0445176
22.8063 0.0443279
22.8087 0.0441619
22.8328 0.0467667
22.8352 0.0464209
22.8376 0.0459933
22.84 0.0457441
22.8424 0.0454011
22.8448 0.0451009
22.8472 0.0449633
22.8496 0.0447179
22.8737 0.0472532
22.8785 0.0467215
22.8833 0.0462563
22.8857 0.0458493
22.8881 0.0456181
22.8904 0.0452909
22.8928 0.0450045
22.9158 0.0446289
22.9206 0.0443003
22.923 0.0442628
22.9254 0.0439799
22.9278 0.0439824
22.9303 0.0441096
22.9327 0.0440959
22.9351 0.0442089
22.9375 0.0443078
22.9579 0.0440193
22.9627 0.0437669
22.9652 0.0436711
22.9676 0.0434622
22.97 0.0435294
22.9724 0.0437132
22.9747 0.0437491
22.9771 0.0439054
22.9795 0.0439173
22.9988 0.0460526
23.0037 0.046046
23.0061 0.0457903
23.0085 0.0454415
23.0109 0.0451363
23.0132 0.0449943
23.0156 0.044745
23.018 0.0446519
23.0204 0.0444454
23.0397 0.0463897
23.0446 0.046341
23.047 0.0459234
23.0494 0.0455579
23.0517 0.0452382
23.0541 0.0450834
23.0565 0.044823
23.0589 0.0445951
23.0613 0.0443957
23.0637 0.0442213
23.0818 0.0439436
23.0866 0.0437007
23.0891 0.0436131
23.0914 0.0434114
23.1696 0.043235
23.172 0.0432056
23.1744 0.0430549
23.1768 0.0429231
23.2105 0.0466827
23.2129 0.0462223
23.2154 0.0458196
23.2178 0.0454671
23.2515 0.0491587
23.2539 0.0483889
23.2563 0.0478403
23.2587 0.0472352
23.2924 0.0507058
23.2948 0.0497426
23.2971 0.0490248
23.2995 0.0482717
23.3019 0.0476127
23.3345 0.0469111
23.3368 0.0462972
23.3392 0.0457601
23.3416 0.0452901
23.344 0.0450038
23.3765 0.0446283
23.3789 0.0442998
23.3813 0.0440123
23.3837 0.0440108
23.3861 0.0441344
23.4174 0.0477426
23.4198 0.0471498
23.4222 0.0467561
23.4246 0.0462866
23.4271 0.0460007
23.4583 0.0492506
23.4607 0.0484693
23.4632 0.0479107
23.468 0.0474218
23.4704 0.0468691
23.5005 0.0462605
23.5029 0.0457279
23.5053 0.0452619
23.5101 0.0448542
23.5125 0.0447474
23.5149 0.044654
23.5426 0.0443222
23.545 0.0440319
23.5474 0.043778
23.5522 0.0435557
23.5546 0.0433612
23.557 0.0431911
23.5847 0.0430422
23.5871 0.0432869
23.5894 0.0435011
23.5931 0.0438134
23.5955 0.0437117
23.5978 0.0436228
23.6256 0.0467949
23.6279 0.0463206
23.6303 0.0459055
23.634 0.0456673
23.6363 0.0453339
23.6389 0.0450422
23.6664 0.0480369
23.6688 0.0474073
23.6712 0.0469814
23.6738 0.0464837
23.6762 0.0460482
23.6785 0.0455422
23.681 0.0450994
23.7087 0.044712
23.711 0.044498
23.7134 0.0441857
23.7159 0.0439125
23.7182 0.0436735
23.7206 0.0434643
23.723 0.0434062
23.7507 0.0432305
23.7531 0.0430767
23.7555 0.0429421
23.7579 0.0428243
23.7603 0.0427213
23.7627 0.0428811
23.7651 0.043146
23.7916 0.0462527
23.794 0.0459711
23.7964 0.0455997
23.7988 0.0452748
23.8012 0.0451154
23.8036 0.044851
23.806 0.0446196
23.8325 0.0474172
23.8349 0.046865
23.8373 0.0463819
23.8397 0.0459592
23.8421 0.0457143
23.8445 0.045375
23.8469 0.0450781
23.8493 0.0449433
23.8746 0.0445754
23.877 0.0442535
23.8794 0.0439718
23.8818 0.0437253
23.8842 0.0435097
23.8867 0.043321
23.8891 0.0432808
23.8915 0.0431207
23.9167 0.0429806
23.9191 0.0429831
23.9215 0.0428602
23.9239 0.0427527
23.9263 0.0426586
23.9288 0.0425763
23.9312 0.0425042
23.9336 0.0424412
23.9576 0.045386
23.96 0.0450878
23.9624 0.0448268
23.9648 0.0445985
23.9672 0.0445237
23.9697 0.0443332
23.9721 0.0442915
23.9744 0.0441301
23.9985 0.0467388
24.0009 0.0462715
24.0032 0.0459875
24.0057 0.0456141
24.0081 0.0454123
24.0106 0.0451108
24.0129 0.0448469
24.0153 0.0446161
24.0394 0.0471641
24.0417 0.0466436
24.0442 0.0463131
24.0466 0.045899
24.0492 0.0456616
24.0516 0.0453289
24.054 0.0451628
24.0564 0.0450174
24.0588 0.0447653
24.0815 0.0444196
24.0839 0.0441172
24.0863 0.0438525
24.0887 0.0436209
24.0913 0.0434183
24.0937 0.043241
24.0961 0.0430859
24.0985 0.0429502
24.1009 0.0428314
24.1236 0.0427275
24.1259 0.0426365
24.1284 0.042557
24.1308 0.0427373
24.1331 0.0430202
24.1355 0.0431427
24.1379 0.0432498
24.1403 0.0433436
24.1427 0.0434256
24.1644 0.0459974
24.1668 0.0456228
24.1693 0.0454199
24.1716 0.0451174
24.174 0.0449777
24.1764 0.0447305
24.1788 0.0445142
24.1812 0.0444499
24.1836 0.0442687
24.2053 0.0466101
24.2077 0.0461588
24.2101 0.045889
24.2125 0.0455279
24.2149 0.0452119
24.2173 0.0449354
24.2197 0.0446935
24.2222 0.0446068
24.2246 0.0444059
24.2273 0.0443552
24.2474 0.0440608
24.2498 0.0438032
24.2522 0.0435778
24.2546 0.0433806
24.257 0.043333
24.2595 0.0431664
24.2619 0.0430206
24.2645 0.042893
24.2669 0.0427814
24.2693 0.0426837
24.2895 0.0425982
24.2919 0.0425235
24.2944 0.042458
24.2968 0.0424008
24.2994 0.0423507
24.3018 0.0423068
24.3042 0.0426435
24.3066 0.042938
24.309 0.0430708
24.3114 0.0433119
24.3305 0.0455229
24.3331 0.0453326
24.3355 0.045166
24.3379 0.0448953
24.3403 0.0447833
24.3427 0.0445604
24.3451 0.0444904
24.3475 0.0443041
24.3499 0.0441411
24.3523 0.0441234
24.3716 0.046108
24.374 0.0458445
24.3764 0.0454889
24.3788 0.0451778
24.3812 0.0450306
24.3836 0.0447768
24.386 0.0445547
24.3884 0.0443603
24.3908 0.0441903
24.3932 0.0441665
24.3956 0.0440207
24.4137 0.0437681
24.4161 0.0435471
24.4185 0.0433537
24.4209 0.0431845
24.4233 0.0430364
24.4257 0.0429069
24.4281 0.0429185
24.4305 0.0428037
24.4329 0.0427032
24.4352 0.0426153
24.4376 0.0425384
24.4558 0.0424711
24.4582 0.0424122
24.4606 0.0423607
24.463 0.0423156
24.4654 0.0422762
24.4678 0.0422416
24.4702 0.0422114
24.4726 0.042185
24.4749 0.0421619
24.4773 0.0425166
24.4799 0.0427021
24.4967 0.0447393
24.4991 0.0446469
24.5015 0.044441
24.5039 0.0442609
24.5063 0.0442283
24.5087 0.0440748
24.5111 0.0440654
24.5136 0.0439322
24.516 0.0438157
24.5184 0.0438387
24.5208 0.0437339
24.5376 0.0455172
24.54 0.0452025
24.5424 0.0449272
24.5447 0.0446863
24.5472 0.0446005
24.5497 0.0444004
24.5521 0.0443504
24.5545 0.0441816
24.5569 0.0440339
24.5593 0.0440297
24.5617 0.0439009
24.564 0.0439133
24.5796 0.0436742
24.5821 0.0435899
24.5844 0.0433912
24.5869 0.0432173
24.5893 0.0430651
24.5918 0.042932
24.5941 0.0428155
24.5966 0.0427135
24.5989 0.0426243
24.6013 0.0425463
24.6037 0.042478
24.6061 0.0424183
24.6218 0.042366
24.6242 0.0423202
24.6266 0.0422802
24.629 0.0423702
24.6314 0.0423239
24.6338 0.0422834
24.6362 0.042248
24.6386 0.042217
24.641 0.0423149
24.6434 0.0422755
24.6458 0.0422411
24.6482 0.0422109
24.6639 0.0421846
24.6663 0.0425365
24.6687 0.0427194
24.6711 0.0430045
24.6759 0.0431289
24.6783 0.0433628
24.6807 0.0434425
24.683 0.0436372
24.6854 0.0436825
24.6878 0.0437222
24.6902 0.0438819
24.7048 0.0453967
24.7072 0.0452221
24.7096 0.0449443
24.712 0.0447013
24.7168 0.0447386
24.7192 0.0446463
24.7215 0.0448155
24.7239 0.0448386
24.7263 0.0449838
24.7289 0.0449858
24.7313 0.0451126
24.7337 0.0452235
24.7457 0.0464456
24.7481 0.0461399
24.7505 0.0457474
24.7529 0.045404
24.7553 0.0452285
24.7588 0.0448249
24.7612 0.0444718
24.7638 0.0441628
24.7662 0.0440175
24.7686 0.0437653
24.771 0.0435446
24.7734 0.0433515
24.7758 0.0431826
24.7878 0.0430348
24.7902 0.0429054
24.7926 0.0427922
24.795 0.0426932
24.7973 0.0426066
24.8011 0.0426557
24.8035 0.0425738
24.8059 0.0425021
24.8083 0.0424393
24.8107 0.0423844
24.8131 0.0424613
24.8155 0.0424037
24.8178 0.0423532
24.8299 0.0423091
24.8323 0.0422704
24.8347 0.0422366
24.8371 0.042332
24.8395 0.0422905
24.842 0.0425042
24.8468 0.0425662
24.8491 0.0427454
24.8515 0.0427772
24.854 0.0428051
24.8563 0.0428294
24.8587 0.0428508
24.8708 0.0441194
24.8732 0.0441045
24.8756 0.0439664
24.878 0.0439706
24.8804 0.0438493
24.8828 0.0437431
24.8876 0.0440252
24.89 0.0440221
24.8924 0.0442693
24.8948 0.0443607
24.8972 0.0445656
24.8996 0.0447449
24.902 0.0447768
24.9117 0.0458047
24.9141 0.0455791
24.9165 0.0452567
24.9189 0.0449746
24.9213 0.0447278
24.9237 0.0445118
24.9285 0.0446978
24.9309 0.0444856
24.9333 0.0442999
24.9357 0.0441374
24.9381 0.0441202
24.9405 0.0439802
24.943 0.0439827
24.9454 0.0439848
24.9538 0.0437367
24.9562 0.0435196
24.9586 0.0433297
24.961 0.0432885
24.9634 0.0431274
24.9658 0.0429865
24.9706 0.0428632
24.973 0.0428803
24.9754 0.0427702
24.9779 0.042674
24.9803 0.0425897
24.9827 0.042516
24.9851 0.0424515
24.9875 0.0423951
24.9959 0.0423457
24.9983 0.0423025
25.0007 0.0422647
25.0031 0.0422316
25.0055 0.0422026
25.0079 0.0421773
25.0128 0.0421551
25.0152 0.0421357
25.0176 0.0421188
25.02 0.0421039
25.0224 0.0424659
25.0248 0.0426577
25.0272 0.0429505
25.0295 0.0430817
25.0368 0.0438215
25.0392 0.0438438
25.0416 0.0437383
25.0464 0.043646
25.0489 0.0435653
25.0537 0.0438696
25.0561 0.0438859
25.0585 0.0437752
25.0609 0.0436783
25.0633 0.0437185
25.0657 0.0436287
25.068 0.0436751
25.0704 0.0435907
25.0777 0.0441419
25.0801 0.0441241
25.0826 0.0439836
25.0873 0.0442357
25.0897 0.0440812
25.092 0.0443211
25.0946 0.0445309
25.097 0.0443396
25.0994 0.0441721
25.1018 0.0440256
25.1042 0.0440224
25.1065 0.0438946
25.1089 0.0437828
25.1113 0.0436849
25.1137 0.0435993
25.1199 0.0433994
25.1222 0.0432245
25.1247 0.0430714
25.1294 0.0429375
25.1317 0.0428203
25.1341 0.0427178
25.1367 0.042628
25.139 0.0426745
25.1414 0.0425902
25.1475 0.0426414
25.1956 0.0430613
25.2185 0.0460536
25.2208 0.0455469
25.2232 0.0451035
25.2292 0.0452156
25.2317 0.0448136
25.2342 0.0444619
25.2377 0.0441542
25.2605 0.0438849
25.263 0.0437743
25.2654 0.0435525
25.3483 0.0433585
25.3544 0.0436886
25.3568 0.0436026
25.3904 0.0434022
25.3965 0.043227
25.3989 0.0430736
25.4325 0.0429394
25.4374 0.043447
25.4398 0.0433911
25.4734 0.0473422
25.4783 0.0471744
25.4807 0.0466526
25.5143 0.050196
25.5192 0.0496715
25.5216 0.0488376
25.524 0.0482329
25.5563 0.0474538
25.5613 0.0467721
25.5637 0.0461756
25.5661 0.0456536
25.5984 0.0451969
25.6034 0.0447973
25.6058 0.0444476
25.6082 0.0441417
25.6394 0.047749
25.6443 0.0475303
25.6467 0.0469641
25.6491 0.0465935
25.6803 0.0497694
25.6852 0.0492982
25.6876 0.0485109
25.6901 0.047947
25.7212 0.0509537
25.7238 0.0499595
25.7273 0.0489645
25.7297 0.048094
25.7322 0.0473322
25.7634 0.0466657
25.7658 0.0460825
25.7694 0.0455722
25.7718 0.0451256
25.7742 0.0447349
25.8055 0.0443931
25.8079 0.0440939
25.8115 0.0438322
25.8139 0.0438532
25.8163 0.0439965
25.8464 0.047497
25.8488 0.0469348
25.8524 0.046693
25.8548 0.0462314
25.8572 0.0459524
25.8873 0.0490834
25.8897 0.048323
25.8933 0.0479076
25.8957 0.0472941
25.8981 0.0468824
25.9005 0.0463971
25.9294 0.0458474
25.9318 0.0453665
25.9354 0.0449457
25.9379 0.0445775
25.9403 0.0442553
25.9427 0.0439734
25.9715 0.0437267
25.974 0.0435109
25.9776 0.043322
25.98 0.0431568
25.9824 0.0430122
25.9847 0.0428856
26.0124 0.0462749
26.0149 0.0458656
26.0184 0.0457574
26.0209 0.0454127
26.0232 0.0452361
26.0256 0.0449566
26.0533 0.047962
26.0557 0.0473418
26.0593 0.047049
26.0617 0.0465429
26.0665 0.0461001
26.0942 0.0489625
26.0966 0.0482172
26.099 0.0476901
26.1014 0.0469788
26.1038 0.0463565
26.1086 0.0458119
26.111 0.0457104
26.1363 0.0452466
26.1399 0.0449658
26.2193 0.0445951
26.223 0.0443957
26.2266 0.0440962
26.2615 0.0438342
26.2651 0.0436049
26.2687 0.0434043
26.3036 0.0432288
26.3072 0.0430752
26.3108 0.0429408
26.3456 0.0428232
26.3481 0.0430953
26.3517 0.0432084
26.3865 0.0473073
26.389 0.0467689
26.3926 0.0464228
26.4274 0.0501199
26.4298 0.04923
26.4322 0.0485762
26.4347 0.0477542
26.4696 0.0470349
26.472 0.0465305
26.4744 0.0459642
26.4768 0.0454687
26.5117 0.0450351
26.5141 0.0446557
26.5165 0.0443238
26.5189 0.0440333
26.5526 0.0480291
26.555 0.0474005
26.5574 0.0468504
26.5598 0.0463691
26.5935 0.049948
26.5959 0.0490795
26.5983 0.0484445
26.6007 0.047764
26.6344 0.0511685
26.6368 0.0501474
26.6392 0.049379
26.6415 0.0485816
26.6439 0.0478839
26.6765 0.0471484
26.6788 0.0465049
26.6812 0.0459418
26.6837 0.045449
26.6861 0.0451429
26.7186 0.04475
26.721 0.0445313
26.7234 0.0442149
26.7258 0.044188
26.7282 0.0442895
26.7595 0.0478783
26.7619 0.0472685
26.7643 0.046735
26.7667 0.0462681
26.7703 0.0461096
26.8521 0.0457209
26.8822 0.0487558
26.893 0.0489113
26.9231 0.0516724
26.9339 0.0515883
26.964 0.0540148
26.9748 0.0536379
27.0049 0.0558082
27.0073 0.0543322
27.0169 0.0527907
27.047 0.0515668
27.0494 0.050371
27.059 0.0494496
27.0891 0.0485184
27.0915 0.0477036
27.0999 0.0479906
27.13 0.0507418
27.1324 0.0497741
27.1408 0.0496773
27.1709 0.0523427
27.1733 0.0512998
27.1818 0.0510123
27.2118 0.0535108
27.2143 0.052322
27.2166 0.0511567
27.2238 0.0500121
27.2539 0.0490106
27.2563 0.0481343
27.2587 0.0473675
27.2659 0.0466966
27.296 0.0462345
27.2984 0.0457052
27.3008 0.045492
27.3068 0.0458055
27.3369 0.0489548
27.3393 0.0482105
27.3417 0.0475592
27.3477 0.0474893
27.3778 0.0504281
27.3802 0.0496246
27.3826 0.0487965
27.3886 0.048572
27.3911 0.0480005
27.4199 0.0472504
27.4223 0.0465941
27.4247 0.0460198
27.4308 0.0455174
27.4332 0.0450777
27.4621 0.044818
27.4645 0.0444657
27.4668 0.0441575
27.4728 0.0438878
27.4753 0.0436518
27.503 0.0468204
27.5053 0.0463428
27.5077 0.045925
27.5137 0.0460593
27.5162 0.0458019
27.5438 0.0485767
27.5462 0.0480046
27.5486 0.047379
27.5546 0.0473316
27.557 0.0469152
27.5847 0.0495508
27.5871 0.0488569
27.5895 0.0481248
27.5919 0.0474842
27.5967 0.0467987
27.5991 0.0461989
27.6268 0.045674
27.6316 0.0452147
27.634 0.0448129
27.6389 0.0444613
27.6413 0.0441536
27.6689 0.0438844
27.6738 0.0436489
27.6762 0.0438178
27.6786 0.0439655
27.681 0.0443448
27.6834 0.0444267
27.7099 0.0473734
27.7147 0.0472017
27.7171 0.0468015
27.7195 0.0463263
27.7219 0.0459105
27.7243 0.0456717
27.7508 0.0483377
27.7556 0.0480455
27.758 0.0474148
27.7604 0.046863
27.7628 0.0463801
27.7652 0.0460826
27.7675 0.0456973
27.7929 0.0452351
27.7977 0.0448307
27.8001 0.0446019
27.8025 0.0442766
27.8048 0.0439921
27.8072 0.0437431
27.8096 0.0435252
27.835 0.0433345
27.8398 0.0431677
27.8421 0.0430217
27.8445 0.042894
27.8469 0.0427823
27.8493 0.0426845
27.8518 0.0425989
27.8759 0.0455241
27.8806 0.0455836
27.883 0.0453856
27.8855 0.0450874
27.8879 0.0448265
27.8903 0.0447232
27.8927 0.0445078
27.9167 0.0470693
27.9216 0.0469356
27.924 0.0465687
27.9264 0.0461226
27.9288 0.0457323
27.9312 0.0455157
27.9336 0.0452013
27.9577 0.0476761
27.9625 0.0474666
28.0407 0.0467833
28.0455 0.0461854
28.0479 0.0456622
28.0816 0.0490794
28.1707 0.0481945
28.2127 0.0474202
28.2548 0.0467427
28.2957 0.0512748
28.3366 0.0551155
28.3775 0.058476
28.3799 0.0565415
28.4197 0.0547238
28.4221 0.0532584
28.4618 0.0518511
28.4641 0.0506197
28.5038 0.0495422
28.5062 0.0489744
28.5447 0.0528526
28.5471 0.0517461
28.5856 0.0551528
28.588 0.0537587
28.5904 0.0524139
28.6277 0.0511121
28.6301 0.0499731
28.6326 0.0489765
28.6699 0.0481044
28.6723 0.0473414
28.6747 0.0466737
28.7108 0.0505895
28.7132 0.0497658
28.7517 0.0531701
28.754 0.0520238
28.7925 0.0553958
28.7949 0.0538464
28.8816 0.0523656
28.9225 0.0518199
28.9634 0.0555924
29.0043 0.0588933
29.0452 0.0617817
29.0475 0.059434
29.0872 0.0572547
29.0896 0.0553479
29.1293 0.0536794
29.1318 0.0522195
29.1703 0.055817
29.1727 0.0542149
29.2112 0.057438
29.2136 0.0556333
29.2521 0.0586791
29.2545 0.0567192
29.2569 0.0550043
29.2942 0.0533788
29.2966 0.0519564
29.299 0.0507119
29.3362 0.0496229
29.3387 0.04867
29.341 0.0479613
29.3771 0.0518411
29.3795 0.050736
29.3819 0.049769
29.418 0.0531729
29.4205 0.0519013
29.4229 0.0507886
29.459 0.054065
29.4614 0.0526819
29.4638 0.0514717
29.4662 0.0505377
29.5011 0.0495955
29.5035 0.048646
29.5059 0.0478153
29.5083 0.0470884
29.5432 0.0464523
29.5456 0.0458958
29.548 0.0454088
29.5504 0.0453577
29.5841 0.049188
29.5865 0.0484145
29.5889 0.0477377
29.5913 0.0472705
29.625 0.0506117
29.6274 0.0496602
29.6298 0.0488277
29.6322 0.0482242
29.6346 0.0475712
29.6671 0.0469998
29.6695 0.0463748
29.6719 0.045828
29.6743 0.0453495
29.6767 0.0449308
29.7092 0.0445644
29.7116 0.0442439
29.7141 0.0440884
29.7165 0.0438273
29.7189 0.0435989
29.7514 0.0433991
29.7537 0.0434742
29.7561 0.0436649
29.7585 0.0437068
29.7609 0.0437434
29.7922 0.0475255
29.7946 0.0469598
29.797 0.0465898
29.7994 0.0461411
29.8018 0.0457485
29.8331 0.0491549
29.8355 0.0483855
29.8379 0.0477124
29.8403 0.0471233
29.8427 0.0466079
29.8451 0.0462819
29.8752 0.0457467
29.8776 0.0452783
29.88 0.0449935
29.8824 0.0446194
29.8848 0.0442919
29.8872 0.0440054
29.9173 0.0437548
29.9197 0.0435354
29.9221 0.0433435
29.9245 0.0431756
29.927 0.0432786
29.9294 0.0434938
29.9582 0.0469321
29.9606 0.0464405
29.9631 0.0461355
29.9655 0.0457435
29.9679 0.0454006
29.9703 0.0452255
29.9991 0.0483223
30.0016 0.047657
30.004 0.0470749
30.0064 0.0465655
30.0088 0.0461199
30.0111 0.0458549
30.0135 0.045498
30.0412 0.0450608
30.0436 0.0446782
30.046 0.0444684
30.0484 0.0441598
30.0508 0.0438899
30.0532 0.0436536
30.0556 0.0434469
30.0833 0.0432661
30.0857 0.0431078
30.0881 0.0429693
30.0905 0.0428482
30.0929 0.0427421
30.0954 0.0426494
30.0977 0.0425682
