0.232217 1
0.267149 1441
1.30253 4321
1.53742 5761
1.5735 8641
1.60959 11521
1.64567 14401
1.68175 17281
1.71664 20161
1.75153 23041
1.78642 25921
1.78881 28801
1.82251 31681
1.8249 34561
1.85859 37441
1.86098 40321
1.89468 43201
1.89707 46081
1.92957 48961
1.93196 51841
1.96446 54721
1.96685 57601
1.96924 60481
2.00054 63361
2.00293 66241
2.00532 69121
2.03663 72001
2.03902 74881
2.04141 77761
2.07152 80641
2.07391 83521
2.0763 86401
2.10641 89281
2.1088 92161
2.11119 95041
2.1413 97921
2.14369 100801
2.14608 103681
2.14847 106561
2.17738 109441
2.17977 112321
2.18216 115201
2.18455 118081
2.21347 120961
2.21586 123841
2.21825 126721
2.22064 129601
2.24835 132481
2.25075 135361
2.25314 138241
2.25553 141121
2.28324 144001
2.28563 146881
2.28803 149761
2.29042 152641
2.31813 155521
2.32052 158401
2.32291 161281
2.32531 164161
2.3277 167041
2.35422 169921
2.35661 172801
2.359 175681
2.36139 178561
2.36378 181441
2.3903 184321
2.39269 187201
2.39508 190081
2.39747 192961
2.39987 195841
2.42519 198721
2.42758 201601
2.42997 204481
2.43236 207361
2.43475 210241
2.46008 213121
2.46247 216001
2.46486 218881
2.46725 221761
2.46964 224641
2.47203 227521
2.49617 230401
2.49856 233281
2.50095 236161
2.50334 239041
2.50573 241921
2.50812 244801
2.53225 247681
2.53464 250561
2.53703 253441
2.53942 256321
2.54181 259201
2.5442 262081
2.56714 264961
2.56953 267841
2.57192 270721
2.57431 273601
2.5767 276481
2.57909 279361
2.60203 282241
2.60442 285121
2.60681 288001
2.61159 293761
2.61398 296641
2.63692 299521
2.63931 302401
2.6417 305281
2.64409 308161
2.64768 311041
2.65007 313921
2.65246 316801
2.67301 319681
2.6754 322561
2.67779 325441
2.68018 328321
2.68376 331201
2.68615 334081
2.68854 336961
2.70909 339841
2.71148 342721
2.71387 345601
2.71626 348481
2.71865 351361
2.72104 354241
2.72343 357121
2.74398 360001
2.74637 362881
2.74876 365761
2.75115 368641
2.75354 371521
2.75593 374401
2.75832 377281
2.77887 380161
2.78126 383041
2.78365 385921
2.78604 388801
2.78843 391681
2.79082 394561
2.79321 397441
2.7956 400321
2.81495 403201
2.81735 406081
2.81974 408961
2.82213 411841
2.82452 414721
2.82691 417601
2.8293 420481
2.83169 423361
2.85104 426241
2.85343 429121
2.85582 432001
2.85821 434881
2.8606 437761
2.86299 440641
2.86538 443521
2.86777 446401
2.88593 449281
2.88832 452161
2.89071 455041
2.8931 457921
2.89549 460801
2.89788 463681
2.90027 466561
2.90266 469441
2.92082 472321
2.92321 475201
2.9256 478081
2.92799 480961
2.93038 483841
2.93277 486721
2.93516 489601
2.93755 492481
2.93994 495361
2.9569 498241
2.95929 501121
2.96168 504001
2.96407 506881
2.96647 509761
2.96886 512641
2.97125 515521
2.97364 518401
2.97603 521281
2.99299 524161
2.99538 527041
2.99777 529921
3.00016 532801
3.00255 535681
3.00494 538561
3.00733 541441
3.00972 544321
3.01211 547201
3.02907 550081
3.03146 552961
3.03388 555841
3.03627 558721
3.03866 561601
3.04105 564481
3.04344 567361
3.04583 570241
3.04822 573121
3.06396 576001
3.06635 578881
3.06877 581761
3.07116 584641
3.07355 587521
3.07596 590401
3.07835 593281
3.08074 596161
3.08313 599041
3.09885 601921
3.10124 604801
3.10363 607681
3.10602 610561
3.10846 613441
3.11085 616321
3.11324 619201
3.11563 622081
3.11802 624961
3.12041 627841
3.13494 630721
3.13733 633601
3.13972 636481
3.14211 639361
3.14455 642241
3.14694 645121
3.14935 648001
3.15174 650881
3.15413 653761
3.15652 656641
3.17102 659521
3.17341 662401
3.1758 665281
3.17819 668161
3.18058 671041
3.18297 673921
3.18536 676801
3.18775 679681
3.19015 682561
3.19263 685441
3.20591 688321
3.2083 691201
3.21069 694081
3.21308 696961
3.21547 699841
3.21786 702721
3.22025 705601
3.22264 708481
3.22503 711361
3.22752 714241
3.2408 717121
3.24319 720001
3.24558 722881
3.24797 725761
3.25036 728641
3.25275 731521
3.25514 734401
3.25753 737281
3.25992 740161
3.26231 743041
3.26471 745921
3.27689 748801
3.27928 751681
3.28167 754561
3.28406 757441
3.28645 760321
3.28884 763201
3.29123 766081
3.29362 768961
3.29601 771841
3.2984 774721
3.30079 777601
3.31297 780481
3.31536 783361
3.31775 786241
3.32014 789121
3.32253 792001
3.32492 794881
3.32731 797761
3.3297 800641
3.33209 803521
3.33448 806401
3.33687 809281
3.34786 812161
3.35025 815041
3.35264 817921
3.35503 820801
3.35742 823681
3.35981 826561
3.3622 829441
3.36459 832321
3.36698 835201
3.36937 838081
3.37176 840961
3.38275 843841
3.38514 846721
3.38753 849601
3.38992 852481
3.39231 855361
3.3947 858241
3.39709 861121
3.39948 864001
3.40187 866881
3.40426 869761
3.40665 872641
3.40906 875521
3.41883 878401
3.42123 881281
3.42362 884161
3.42601 887041
3.4284 889921
3.43079 892801
3.43318 895681
3.43557 898561
3.43796 901441
3.44035 904321
3.44274 907201
3.44515 910081
3.45492 912961
3.45731 915841
3.4597 918721
3.46209 921601
3.46448 924481
3.46687 927361
3.46926 930241
3.47165 933121
3.47404 936001
3.47643 938881
3.47882 941761
3.48121 944641
3.48981 947521
3.4922 950401
3.49459 953281
3.49698 956161
3.50176 961921
3.50415 964801
3.50654 967681
3.50893 970561
3.51132 973441
3.51371 976321
3.5161 979201
3.5247 982081
3.52709 984961
3.52948 987841
3.53191 990721
3.53665 993601
3.53904 996481
3.54143 999361
3.54382 1002241
3.54621 1005121
3.5486 1008001
3.55099 1010881
3.55338 1013761
3.55959 1016641
3.56198 1019521
3.56437 1022401
3.56676 1025281
3.56915 1028161
3.5728 1031041
3.57519 1033921
3.57758 1036801
3.57997 1039681
3.58236 1042561
3.58475 1045441
3.58714 1048321
3.58953 1051201
3.59567 1054081
3.59806 1056961
3.60045 1059841
3.60284 1062721
3.60523 1065601
3.60888 1068481
3.61127 1071361
3.61369 1074241
3.61608 1077121
3.61847 1080001
3.62086 1082881
3.62325 1085761
3.62564 1088641
3.63176 1091521
3.63415 1094401
3.63654 1097281
3.63893 1100161
3.64132 1103041
3.64377 1105921
3.64616 1108801
3.64858 1111681
3.65097 1114561
3.65336 1117441
3.65577 1120321
3.65816 1123201
3.66055 1126081
3.66665 1128961
3.66904 1131841
3.67143 1134721
3.67382 1137601
3.67621 1140481
3.67866 1143361
3.68105 1146241
3.68347 1149121
3.68586 1152001
3.68825 1154881
3.69066 1157761
3.69305 1160641
3.69544 1163521
3.70154 1166401
3.70393 1169281
3.70632 1172161
3.70992 1173601
3.74839 1216801
3.76632 1219681
3.77133 1222561
3.77372 1225441
3.77611 1228321
3.77971 1231201
3.7821 1234081
3.80121 1236961
3.80622 1239841
3.80861 1242721
3.811 1245601
3.8146 1248481
3.81699 1251361
3.8361 1254241
3.84111 1257121
3.8435 1260001
3.84589 1262881
3.84949 1265761
3.85188 1268641
3.87099 1271521
3.876 1274401
3.87839 1277281
3.88078 1280161
3.88317 1283041
3.88558 1285921
3.88797 1288801
3.90716 1291681
3.91208 1294561
3.91448 1297441
3.91687 1300321
3.91926 1303201
3.92166 1306081
3.92405 1308961
3.94325 1311841
3.94817 1314721
3.95056 1317601
3.95295 1320481
3.95534 1323361
3.95773 1326241
3.96012 1329121
3.97814 1332001
3.98306 1334881
3.98545 1337761
3.98784 1340641
3.99025 1343521
3.99264 1346401
3.99504 1349281
4.01303 1352161
4.01795 1355041
4.02034 1357921
4.02273 1360801
4.02514 1363681
4.02753 1366561
4.02995 1369441
4.03234 1372321
4.04911 1375201
4.05403 1378081
4.05642 1380961
4.05881 1383841
4.06123 1386721
4.06362 1389601
4.06603 1392481
4.06842 1395361
4.0852 1398241
4.09012 1401121
4.09251 1404001
4.0949 1406881
4.09731 1409761
4.0997 1412641
4.10212 1415521
4.10451 1418401
4.12009 1421281
4.12501 1424161
4.1274 1427041
4.12979 1429921
4.1322 1432801
4.13459 1435681
4.1743 1463041
4.20319 1465921
4.20558 1468801
4.20801 1471681
4.23808 1474561
4.24047 1477441
4.2429 1480321
4.27297 1483201
4.27536 1486081
4.27776 1488961
4.28018 1491841
4.30906 1494721
4.31145 1497601
4.31385 1500481
4.31627 1503361
4.34514 1506241
4.34753 1509121
4.34993 1512001
4.35232 1514881
4.38003 1517761
4.38242 1520641
4.38482 1523521
4.38721 1526401
4.41492 1529281
4.41731 1532161
4.4221 1537921
4.42449 1540801
4.45101 1543681
4.49309 1560961
4.5232 1563841
4.52799 1566721
4.55929 1569601
4.56408 1572481
4.59537 1575361
4.60016 1578241
4.63146 1581121
4.63505 1584001
4.66635 1586881
4.66994 1589761
4.70124 1592641
4.70483 1595521
4.70724 1598401
4.73732 1601281
4.74092 1604161
4.74333 1607041
4.77341 1609921
4.777 1612801
4.77941 1615681
4.80949 1618561
4.81189 1621441
4.8143 1624321
4.84438 1627201
4.84678 1630081
4.84919 1632961
4.87927 1635841
4.88167 1638721
4.88406 1641601
4.88645 1644481
4.91536 1647361
4.91776 1650241
4.92015 1653121
4.92254 1656001
4.95144 1658881
4.95384 1661761
4.95625 1664641
4.95864 1667521
4.98633 1670401
4.98873 1673281
4.99114 1676161
4.99353 1679041
5.02122 1681921
5.02362 1684801
5.02603 1687681
5.02842 1690561
5.05611 1693441
5.0585 1696321
5.06089 1699201
5.06328 1702081
5.0657 1704961
5.0922 1707841
5.09459 1710721
5.09698 1713601
5.09937 1716481
5.10179 1719361
5.12828 1722241
5.13067 1725121
5.13306 1728001
5.13545 1730881
5.13784 1733761
5.16317 1736641
5.16556 1739521
5.16795 1742401
5.17155 1743841
5.21124 1764001
5.24256 1766881
5.24495 1769761
5.27744 1772641
5.27984 1775521
5.31233 1778401
5.31472 1781281
5.34722 1784161
5.34961 1787041
5.352 1789921
5.38331 1792801
5.3857 1795681
5.38809 1798561
5.41939 1801441
5.42178 1804321
5.42417 1807201
5.45428 1810081
5.45667 1812961
5.45906 1815841
5.48917 1818721
5.49156 1821601
5.49395 1824481
5.52406 1827361
5.52645 1830241
5.52885 1833121
5.53126 1836001
5.56015 1838881
5.56254 1841761
5.56494 1844641
5.56734 1847521
5.59623 1850401
5.59862 1853281
5.60102 1856161
5.60341 1859041
5.63112 1861921
5.63351 1864801
5.63591 1867681
5.6383 1870561
5.66601 1873441
5.6684 1876321
5.6708 1879201
5.67321 1882081
5.7009 1884961
5.70331 1887841
5.7057 1890721
5.70811 1893601
5.7105 1896481
5.73699 1899361
5.73939 1902241
5.74181 1905121
5.7442 1908001
5.74659 1910881
5.77307 1913761
5.77548 1916641
5.77787 1919521
5.78026 1922401
5.78265 1925281
5.80796 1928161
5.81037 1931041
5.81276 1933921
5.81515 1936801
5.81754 1939681
5.84285 1942561
5.84525 1945441
5.84765 1948321
5.85004 1951201
5.85243 1954081
5.85484 1956961
5.87893 1959841
5.88134 1962721
5.88373 1965601
5.88612 1968481
5.88851 1971361
5.89093 1974241
5.91502 1977121
5.91742 1980001
5.91981 1982881
5.92221 1985761
5.9246 1988641
5.92699 1991521
5.94991 1994401
5.95231 1997281
5.9547 2000161
5.95709 2003041
5.95951 2005921
5.9619 2008801
5.9848 2011681
5.9872 2014561
5.98959 2017441
5.99198 2020321
5.9944 2023201
5.99679 2026081
6.05698 2049121
6.06775 2052001
6.0895 2054881
6.09189 2057761
6.10385 2060641
6.12558 2063521
6.12797 2066401
6.13993 2069281
6.16167 2072161
6.16406 2075041
6.17602 2077921
6.19656 2080801
6.19895 2083681
6.21091 2086561
6.23145 2089441
6.23384 2092321
6.2458 2095201
6.26634 2098081
6.26873 2100961
6.27112 2103841
6.28188 2106721
6.30242 2109601
6.30481 2112481
6.3072 2115361
6.31797 2118241
6.3385 2121121
6.3409 2124001
6.34329 2126881
6.35286 2129761
6.37339 2132641
6.37578 2135521
6.37818 2138401
6.38775 2141281
6.40828 2144161
6.41067 2147041
6.41306 2149921
6.42264 2152801
6.42503 2155681
6.44437 2158561
6.44676 2161441
6.44915 2164321
6.45874 2167201
6.46115 2170081
6.48045 2172961
6.48284 2175841
6.48523 2178721
6.49482 2181601
6.49723 2184481
6.51654 2187361
6.51893 2190241
6.52132 2193121
6.52971 2196001
6.53212 2198881
6.55143 2201761
6.55382 2204641
6.55621 2207521
6.5646 2210401
6.56701 2213281
6.58632 2216161
6.58871 2219041
6.5911 2221921
6.59349 2224801
6.6007 2227681
6.6031 2230561
6.6224 2233441
6.62479 2236321
6.62957 2242081
6.63678 2244961
6.63921 2247841
6.65849 2250721
6.66088 2253601
6.66566 2256481
6.66805 2259361
6.67287 2262241
6.67526 2265121
6.69338 2268001
6.69577 2270881
6.70055 2273761
6.70296 2276641
6.70776 2279521
6.71015 2282401
6.72827 2285281
6.73066 2288161
6.73544 2291041
6.73785 2293921
6.74265 2296801
6.74506 2299681
6.74745 2302561
6.76435 2305441
6.76674 2308321
6.77152 2311201
6.77394 2314081
6.77873 2316961
6.78115 2319841
6.78354 2322721
6.80044 2325601
6.80283 2328481
6.80761 2331361
6.81002 2334241
6.81482 2337121
6.81723 2340001
6.81962 2342881
6.83652 2345761
6.83891 2348641
6.8425 2351521
6.84491 2354401
6.84971 2357281
6.85212 2360161
6.85451 2363041
6.87141 2365921
6.8738 2368801
6.87739 2371681
6.8798 2374561
6.8846 2377441
6.88701 2380321
6.8894 2383201
6.9063 2386081
6.90869 2388961
6.9111 2391841
6.91349 2394721
6.91589 2397601
6.92068 2400481
6.9231 2403361
6.92549 2406241
6.94238 2409121
6.94478 2412001
6.94718 2414881
6.94957 2417761
6.95197 2420641
6.95677 2423521
6.95918 2426401
6.96157 2429281
6.97847 2432161
6.98086 2435041
6.98327 2437921
6.98566 2440801
6.98805 2443681
6.99166 2446561
6.99407 2449441
6.99646 2452321
7.01336 2455201
7.01575 2458081
7.01815 2460961
7.02055 2463841
7.02294 2466721
7.02655 2469601
7.02896 2472481
7.03135 2475361
7.04825 2478241
7.05064 2481121
7.05304 2484001
7.05543 2486881
7.05783 2489761
7.06143 2492641
7.06383 2495521
7.06622 2498401
7.06861 2501281
7.08433 2504161
7.08672 2507041
7.08913 2509921
7.09152 2512801
7.09391 2515681
7.09752 2518561
7.09991 2521441
7.1023 2524321
7.10469 2527201
7.12042 2530081
7.16012 2560321
7.17568 2563201
7.19021 2566081
7.19262 2568961
7.19502 2571841
7.21176 2574721
7.2263 2577601
7.2287 2580481
7.23111 2583361
7.24785 2586241
7.26119 2589121
7.26359 2592001
7.266 2594881
7.28274 2597761
7.29608 2600641
7.29848 2603521
7.30089 2606401
7.31763 2609281
7.33097 2612161
7.33336 2615041
7.33575 2617921
7.33814 2620801
7.36587 2622241
7.40435 2639521
7.43806 2642401
7.44045 2645281
7.51143 2653921
7.54634 2656801
7.58242 2659681
7.61851 2662561
7.65459 2665441
7.68948 2668321
7.72437 2671201
7.75926 2674081
7.76165 2676961
7.79535 2679841
7.79774 2682721
7.83143 2685601
7.83382 2688481
7.86752 2691361
7.86991 2694241
7.90241 2697121
7.9048 2700001
7.9373 2702881
7.93969 2705761
7.94208 2708641
7.97338 2711521
7.97577 2714401
7.97816 2717281
8.00947 2720161
8.01186 2723041
8.01425 2725921
8.04436 2728801
8.04675 2731681
8.04914 2734561
8.07924 2737441
8.08164 2740321
8.08403 2743201
8.11413 2746081
8.15382 2759041
8.25614 2766241
8.25853 2769121
8.29342 2772001
8.32831 2774881
8.3632 2777761
8.39809 2780641
8.40048 2783521
8.43418 2786401
8.43657 2789281
8.47026 2792161
8.47265 2795041
8.50515 2797921
8.50754 2800801
8.54004 2803681
8.54243 2806561
8.57493 2809441
8.57732 2812321
8.57971 2815201
8.61101 2818081
8.61341 2820961
8.6158 2823841
8.6471 2826721
8.64949 2829601
8.65188 2832481
8.68199 2835361
8.68438 2838241
8.68677 2841121
8.71688 2844001
8.71927 2846881
8.72166 2849761
8.75177 2852641
8.75537 2854081
8.79384 2868481
8.82755 2871361
8.86244 2874241
8.89733 2877121
8.93222 2880001
8.96711 2882881
8.9695 2885761
9.0032 2888641
9.00559 2891521
9.03928 2894401
9.04167 2897281
9.07417 2900161
9.07656 2903041
9.10906 2905921
9.11145 2908801
9.14395 2911681
9.14634 2914561
9.14873 2917441
9.18004 2920321
9.18243 2923201
9.18482 2926081
9.21612 2928961
9.21851 2931841
9.2209 2934721
9.25101 2937601
9.2534 2940481
9.25579 2943361
9.2859 2946241
9.28829 2949121
9.29068 2952001
9.32079 2954881
9.32318 2957761
9.32557 2960641
9.32796 2963521
9.35687 2966401
9.35926 2969281
9.36165 2972161
9.36404 2975041
9.39296 2977921
9.39535 2980801
9.39774 2983681
9.40013 2986561
9.42785 2989441
9.43024 2992321
9.43263 2995201
9.43502 2998081
9.46274 3000961
9.46513 3003841
9.46752 3006721
9.46991 3009601
9.4723 3012481
9.49882 3015361
9.50121 3018241
9.5036 3021121
9.50599 3024001
9.50838 3026881
9.53491 3029761
9.5373 3032641
9.53969 3035521
9.54208 3038401
9.54447 3041281
9.57099 3044161
9.57338 3047041
9.57577 3049921
9.57816 3052801
9.58055 3055681
9.60588 3058561
9.60827 3061441
9.61066 3064321
9.61305 3067201
9.61544 3070081
9.64077 3072961
9.64316 3075841
9.64555 3078721
9.64794 3081601
9.65033 3084481
9.65272 3087361
9.67686 3090241
9.67925 3093121
9.68164 3096001
9.68403 3098881
9.68642 3101761
9.68881 3104641
9.71294 3107521
9.71533 3110401
9.71772 3113281
9.72011 3116161
9.7225 3119041
9.72489 3121921
9.74783 3124801
9.78752 3146401
9.81882 3149281
9.82122 3152161
9.85371 3155041
9.85611 3157921
9.8886 3160801
9.89099 3163681
9.89338 3166561
9.92468 3169441
9.92707 3172321
9.92946 3175201
9.96077 3178081
9.96316 3180961
9.96555 3183841
9.99566 3186721
9.99805 3189601
10.0004 3192481
10.0305 3195361
10.0329 3198241
10.0353 3201121
10.0654 3204001
10.0678 3206881
10.0702 3209761
10.0726 3212641
10.1015 3215521
10.1039 3218401
10.1063 3221281
10.1087 3224161
10.1376 3227041
10.14 3229921
10.1424 3232801
10.1448 3235681
10.1725 3238561
10.1749 3241441
10.1773 3244321
10.1797 3247201
10.2074 3250081
10.2098 3252961
10.2122 3255841
10.2146 3258721
10.2169 3261601
10.2435 3264481
10.2459 3267361
10.2483 3270241
10.2506 3273121
10.253 3276001
10.2796 3278881
10.2819 3281761
10.2843 3284641
10.2867 3287521
10.2891 3290401
10.3156 3293281
10.3192 3294721
10.3577 3313441
10.3902 3316321
10.3926 3319201
10.4263 3322081
10.4287 3324961
10.4624 3327841
10.4648 3330721
10.4973 3333601
10.4997 3336481
10.5322 3339361
10.5346 3342241
10.537 3345121
10.5683 3348001
10.5707 3350881
10.573 3353761
10.6043 3356641
10.6067 3359521
10.6091 3362401
10.6404 3365281
10.6428 3368161
10.6452 3371041
10.6753 3373921
10.6777 3376801
10.7451 3391201
10.7523 3394081
10.7872 3396961
10.8221 3399841
10.857 3402721
10.8918 3405601
10.8942 3408481
10.9279 3411361
10.9303 3414241
10.964 3417121
10.9664 3420001
10.9989 3422881
11.0013 3425761
11.0338 3428641
11.0362 3431521
11.0687 3434401
11.0711 3437281
11.0735 3440161
11.1048 3443041
11.1072 3445921
11.1096 3448801
11.1409 3451681
11.1432 3454561
11.1456 3457441
11.1757 3460321
11.1781 3463201
11.1805 3466081
11.2106 3468961
11.213 3471841
11.2154 3474721
11.2455 3477601
11.2479 3480481
11.2503 3483361
11.2527 3486241
11.2816 3489121
11.284 3492001
11.2864 3494881
11.2888 3497761
11.3177 3500641
11.3201 3503521
11.3225 3506401
11.3249 3509281
11.3526 3512161
11.355 3515041
11.3574 3517921
11.3598 3520801
11.3875 3523681
11.3899 3526561
11.3923 3529441
11.3946 3532321
11.397 3535201
11.4236 3538081
11.4259 3540961
11.4283 3543841
11.4307 3546721
11.4331 3549601
11.4596 3552481
11.462 3555361
11.4644 3558241
11.4668 3561121
11.4692 3564001
11.4957 3566881
11.4981 3569761
11.5005 3572641
11.5029 3575521
11.5053 3578401
11.5306 3581281
11.533 3584161
11.5354 3587041
11.5378 3589921
11.5402 3592801
11.5655 3595681
11.5679 3598561
11.5703 3601441
11.5727 3604321
11.5751 3607201
11.5775 3610081
11.6016 3612961
11.604 3615841
11.6064 3618721
11.6088 3621601
11.6112 3624481
11.6135 3627361
11.6377 3630241
11.6401 3633121
11.6425 3636001
11.6448 3638881
11.6472 3641761
11.6496 3644641
11.6726 3647521
11.675 3650401
11.6773 3653281
11.6797 3656161
11.6821 3659041
11.6845 3661921
11.7075 3664801
11.7098 3667681
11.7122 3670561
11.7147 3673441
11.717 3676321
11.7194 3679201
11.7218 3682081
11.7435 3684961
11.7459 3687841
11.7484 3690721
11.7507 3693601
11.7531 3696481
11.7579 3702241
11.7796 3705121
11.782 3708001
11.7844 3710881
11.7868 3713761
11.7892 3716641
11.794 3719521
11.7964 3722401
11.8157 3725281
11.8181 3728161
11.8205 3731041
11.8229 3733921
11.8638 3758401
11.8927 3761281
11.8951 3764161
11.8987 3767041
11.9288 3769921
11.9312 3772801
11.9348 3775681
11.9648 3778561
11.9672 3781441
11.9697 3784321
11.9997 3787201
12.0021 3790081
12.0046 3792961
12.0346 3795841
12.0371 3798721
12.0395 3801601
12.0419 3804481
12.0707 3807361
12.0732 3810241
12.0756 3813121
12.0779 3816001
12.1068 3818881
12.1093 3821761
12.1116 3824641
12.114 3827521
12.1417 3830401
12.1441 3833281
12.1465 3836161
12.1489 3839041
12.1766 3841921
12.179 3844801
12.1814 3847681
12.1838 3850561
12.2115 3853441
12.2139 3856321
12.2162 3859201
12.2186 3862081
12.221 3864961
12.2475 3867841
12.2499 3870721
12.2523 3873601
12.2547 3876481
12.2571 3879361
12.2836 3882241
12.2861 3885121
12.2885 3888001
12.2909 3890881
12.2933 3893761
12.3185 3896641
12.321 3899521
12.3234 3902401
12.3258 3905281
12.3282 3908161
12.3534 3911041
12.3559 3913921
12.3583 3916801
12.3607 3919681
12.363 3922561
12.3654 3925441
12.3895 3928321
12.392 3931201
12.3943 3934081
12.3967 3936961
12.3991 3939841
12.4015 3942721
12.4256 3945601
12.428 3948481
12.4304 3951361
12.4328 3954241
12.4352 3957121
12.4376 3960001
12.4605 3962881
12.4629 3965761
12.4653 3968641
12.4677 3971521
12.4701 3974401
12.4725 3977281
12.4954 3980161
12.4978 3983041
12.5002 3985921
12.5026 3988801
12.505 3991681
12.5074 3994561
12.5302 3997441
12.5326 4000321
12.5351 4003201
12.5375 4006081
12.5399 4008961
12.5423 4011841
12.5447 4014721
12.5663 4017601
12.5687 4020481
12.5712 4023361
12.612 4047841
12.6422 4050721
12.6446 4053601
12.647 4056481
12.6783 4059361
12.6806 4062241
12.683 4065121
12.7143 4068001
12.7167 4070881
12.7191 4073761
12.7492 4076641
12.7516 4079521
12.754 4082401
12.7841 4085281
12.7865 4088161
12.7889 4091041
12.7913 4093921
12.8202 4096801
12.8226 4099681
12.825 4102561
12.8274 4105441
12.8563 4108321
12.8587 4111201
12.8611 4114081
12.8635 4116961
12.8912 4119841
12.8936 4122721
12.896 4125601
12.8984 4128481
12.9261 4131361
12.9285 4134241
12.9309 4137121
12.9333 4140001
12.961 4142881
12.9633 4145761
12.9657 4148641
12.9681 4151521
12.9705 4154401
12.997 4157281
12.9994 4160161
13.0018 4163041
13.0042 4165921
13.0066 4168801
13.0331 4171681
13.0355 4174561
13.0379 4177441
13.0403 4180321
13.068 4186081
13.0704 4188961
13.0728 4191841
13.0752 4194721
13.1029 4197601
13.1053 4200481
13.1077 4203361
13.1101 4206241
13.1125 4209121
13.1378 4212001
13.1402 4214881
13.1426 4217761
13.145 4220641
13.1474 4223521
13.1497 4226401
13.1739 4229281
13.1763 4232161
13.1787 4235041
13.1811 4237921
13.1834 4240801
13.1858 4243681
13.21 4246561
13.2124 4249441
13.2147 4252321
13.2171 4255201
13.2195 4258081
13.2219 4260961
13.2449 4263841
13.2472 4266721
13.2497 4269601
13.252 4272481
13.2544 4275361
13.2568 4278241
13.2797 4281121
13.2821 4284001
13.2845 4286881
13.2869 4289761
13.2893 4292641
13.2917 4295521
13.2941 4298401
13.3158 4301281
13.3182 4304161
13.3206 4307041
13.323 4309921
13.3254 4312801
13.3278 4315681
13.3302 4318561
13.3519 4321441
13.3543 4324321
13.3567 4327201
13.3591 4330081
13.3615 4332961
13.3639 4335841
13.3663 4338721
13.3868 4341601
13.3892 4344481
13.3916 4347361
13.394 4350241
13.3964 4353121
13.3988 4356001
13.4012 4358881
13.4217 4361761
13.4241 4364641
13.4265 4367521
13.4289 4370401
13.4313 4373281
13.4337 4376161
13.4361 4379041
13.4385 4381921
13.4578 4384801
13.4602 4387681
13.4626 4390561
13.465 4393441
13.4674 4396321
13.4698 4399201
13.4722 4402081
13.4746 4404961
13.4939 4407841
13.4987 4413601
13.5011 4416481
13.5035 4419361
13.5059 4422241
13.5082 4425121
13.5299 4430881
13.5336 4433761
13.5359 4436641
13.5384 4439521
13.5407 4442401
13.5431 4445281
13.5455 4448161
13.5648 4451041
13.5672 4453921
13.5696 4456801
13.572 4459681
13.5744 4462561
13.5768 4465441
13.5792 4468321
13.5816 4471201
13.5997 4474081
13.6021 4476961
13.6045 4479841
13.6069 4482721
13.6093 4485601
13.6117 4488481
13.6141 4491361
13.6165 4494241
13.6189 4497121
13.6358 4500001
13.6382 4502881
13.6406 4505761
13.643 4508641
13.6454 4511521
13.6478 4514401
13.6502 4517281
13.6526 4520161
13.655 4523041
13.6719 4525921
13.6743 4528801
13.6767 4531681
13.6791 4534561
13.6815 4537441
13.6839 4540321
13.6863 4543201
13.6887 4546081
13.6911 4548961
13.7068 4551841
13.7092 4554721
13.7116 4557601
13.714 4560481
13.7164 4563361
13.7188 4566241
13.7212 4569121
13.7236 4572001
13.726 4574881
13.7417 4577761
13.7441 4580641
13.7465 4583521
13.7489 4586401
13.7513 4589281
13.7537 4592161
13.7561 4595041
13.7585 4597921
13.7609 4600801
13.7633 4603681
13.7778 4606561
13.7802 4609441
13.7826 4612321
13.7849 4615201
13.7874 4618081
13.7898 4620961
13.7922 4623841
13.7946 4626721
13.7969 4629601
13.7993 4632481
13.8138 4635361
13.8163 4638241
13.8186 4641121
13.821 4644001
13.8234 4646881
13.8258 4649761
13.8283 4652641
13.8306 4655521
13.833 4658401
13.8354 4661281
13.8487 4664161
13.8511 4667041
13.8535 4669921
13.8559 4672801
13.8583 4675681
13.8607 4678561
13.8631 4681441
13.8655 4684321
13.8679 4687201
13.8703 4690081
13.8836 4692961
13.886 4695841
13.8884 4698721
13.8908 4701601
13.8932 4704481
13.8956 4707361
13.898 4710241
13.9004 4713121
13.9028 4716001
13.9052 4718881
13.9185 4721761
13.9209 4724641
13.9233 4727521
13.9257 4730401
13.9281 4733281
13.9305 4736161
13.9329 4739041
13.9353 4741921
13.9377 4744801
13.94 4747681
13.9424 4750561
13.9546 4753441
13.957 4756321
13.9594 4759201
13.9618 4762081
13.9642 4764961
13.9666 4767841
13.969 4770721
13.9714 4773601
13.9738 4776481
13.9762 4779361
13.9786 4782241
13.9907 4785121
13.9931 4788001
13.9955 4790881
13.9979 4793761
14.0003 4796641
14.0027 4799521
14.0051 4802401
14.0075 4805281
14.0099 4808161
14.0123 4811041
14.0147 4813921
14.0256 4816801
14.028 4819681
14.0304 4822561
14.0328 4825441
14.0352 4828321
14.076 4865761
14.1002 4868641
14.1026 4871521
14.105 4874401
14.1074 4877281
14.1098 4880161
14.1351 4883041
14.1374 4885921
14.1399 4888801
14.1423 4891681
14.1446 4894561
14.1699 4897441
14.1723 4900321
14.1747 4903201
14.2156 4923361
14.2469 4926241
14.2493 4929121
14.2818 4932001
14.2842 4934881
14.3167 4937761
14.3191 4940641
14.3516 4943521
14.354 4946401
14.3564 4949281
14.3877 4952161
14.3901 4955041
14.3925 4957921
14.4238 4960801
14.4262 4963681
14.4286 4966561
14.4587 4969441
14.4611 4972321
14.4635 4975201
14.4936 4978081
14.496 4980961
14.4983 4983841
14.5285 4986721
14.5308 4989601
14.5332 4992481
14.5356 4995361
14.5645 4998241
14.5669 5001121
14.5693 5004001
14.5717 5006881
14.6006 5009761
14.603 5012641
14.6054 5015521
14.6078 5018401
14.6355 5021281
14.6379 5024161
14.6403 5027041
14.6427 5029921
14.6704 5032801
14.6728 5035681
14.6752 5038561
14.6776 5041441
14.7053 5044321
14.7077 5047201
14.7101 5050081
14.7125 5052961
14.7149 5055841
14.7414 5058721
14.7438 5061601
14.7462 5064481
14.7486 5067361
14.751 5070241
14.7775 5073121
14.7799 5076001
14.7822 5078881
14.8219 5097601
14.8544 5100481
14.8568 5103361
14.8905 5106241
14.8929 5109121
14.9266 5112001
14.929 5114881
14.9615 5117761
14.9639 5120641
14.9964 5123521
14.9988 5126401
15.0012 5129281
15.0325 5132161
15.0349 5135041
15.0373 5137921
15.0686 5140801
15.071 5143681
15.0734 5146561
15.1046 5149441
15.107 5152321
15.1094 5155201
15.1395 5158081
15.1419 5160961
15.1443 5163841
15.1744 5166721
15.1768 5169601
15.1792 5172481
15.1816 5175361
15.2105 5178241
15.2129 5181121
15.2153 5184001
15.2177 5186881
15.2466 5189761
15.249 5192641
15.2514 5195521
15.2538 5198401
15.2815 5201281
15.2839 5204161
15.2863 5207041
15.2887 5209921
15.3164 5212801
15.3188 5215681
15.3212 5218561
15.3236 5221441
15.3513 5224321
15.3537 5227201
15.356 5230081
15.3584 5232961
15.3608 5235841
15.3886 5237281
15.427 5254561
15.4607 5257441
15.4631 5260321
15.4968 5263201
15.4992 5266081
15.5329 5268961
15.5353 5271841
15.569 5274721
15.5714 5277601
15.6039 5280481
15.6063 5283361
15.6388 5286241
15.6412 5289121
15.6436 5292001
15.6749 5294881
15.6773 5297761
15.6796 5300641
15.7109 5303521
15.7133 5306401
15.7157 5309281
15.747 5312161
15.7494 5315041
15.7518 5317921
15.7819 5320801
15.7843 5323681
15.7867 5326561
15.8168 5329441
15.8192 5332321
15.8216 5335201
15.824 5338081
15.8529 5340961
15.8553 5343841
15.8577 5346721
15.8601 5349601
15.889 5352481
15.8914 5355361
15.8938 5358241
15.8962 5361121
15.9239 5364001
15.9263 5366881
15.9287 5369761
15.931 5372641
15.9588 5375521
15.9612 5378401
15.9635 5381281
15.9659 5384161
15.9936 5387041
15.996 5389921
15.9984 5392801
16.0008 5395681
16.0032 5398561
16.0297 5401441
16.0321 5404321
16.0345 5407201
16.0369 5410081
16.0393 5412961
16.0658 5415841
16.0682 5418721
16.0706 5421601
16.073 5424481
16.0754 5427361
16.1007 5430241
16.1031 5433121
16.1055 5436001
16.1079 5438881
16.1103 5441761
16.1356 5444641
16.138 5447521
16.1404 5450401
16.1428 5453281
16.1452 5456161
16.1476 5459041
16.1717 5461921
16.1741 5464801
16.1765 5467681
16.1789 5470561
16.1813 5473441
16.1837 5476321
16.2078 5479201
16.2102 5482081
16.2125 5484961
16.215 5487841
16.2174 5490721
16.2198 5493601
16.2427 5496481
16.245 5499361
16.2474 5502241
16.2499 5505121
16.2522 5508001
16.2547 5510881
16.2775 5513761
16.2799 5516641
16.2823 5519521
16.2847 5522401
16.2871 5525281
16.2895 5528161
16.3124 5531041
16.3148 5533921
16.3172 5536801
16.3196 5539681
16.322 5542561
16.3244 5545441
16.3268 5548321
16.3485 5551201
16.3509 5554081
16.3533 5556961
16.3557 5559841
16.3581 5562721
16.3605 5565601
16.3629 5568481
16.3846 5571361
16.387 5574241
16.3894 5577121
16.3918 5580001
16.3942 5582881
16.3966 5585761
16.3989 5588641
16.4195 5591521
16.4219 5594401
16.4243 5597281
16.4267 5600161
16.4291 5603041
16.4315 5605921
16.4339 5608801
16.4544 5611681
16.4568 5614561
16.4592 5617441
16.4616 5620321
16.4639 5623201
16.4663 5626081
16.4687 5628961
16.4712 5631841
16.4905 5634721
16.4929 5637601
16.4953 5640481
16.4976 5643361
16.5 5646241
16.5024 5649121
16.5048 5652001
16.5073 5654881
16.5266 5657761
16.5289 5660641
16.5313 5663521
16.5337 5666401
16.5361 5669281
16.5385 5672161
16.5409 5675041
16.5433 5677921
16.5614 5680801
16.5638 5683681
16.5662 5686561
16.5686 5689441
16.571 5692321
16.5734 5695201
16.5758 5698081
16.5782 5700961
16.5963 5703841
16.5987 5706721
16.6011 5709601
16.6035 5712481
16.6059 5715361
16.6083 5718241
16.6107 5721121
16.6131 5724001
16.6155 5726881
16.6324 5729761
16.6348 5732641
16.6372 5735521
16.6396 5738401
16.642 5741281
16.6444 5744161
16.6468 5747041
16.6492 5749921
16.6516 5752801
16.6685 5755681
16.6709 5758561
16.6733 5761441
16.6757 5764321
16.6781 5767201
16.6805 5770081
16.6829 5772961
16.6853 5775841
16.6877 5778721
16.7034 5781601
16.7058 5784481
16.7082 5787361
16.7106 5790241
16.713 5793121
16.7154 5796001
16.7178 5798881
16.7202 5801761
16.7226 5804641
16.7383 5807521
16.7407 5810401
16.7431 5813281
16.7455 5816161
16.7479 5819041
16.7503 5821921
16.7527 5824801
16.7551 5827681
16.7575 5830561
16.7732 5833441
16.7756 5836321
16.778 5839201
16.7803 5842081
16.7827 5844961
16.7851 5847841
16.7875 5850721
16.7899 5853601
16.7923 5856481
16.7947 5859361
16.8116 5865121
16.814 5868001
16.8164 5870881
16.8188 5873761
16.8212 5876641
16.8236 5879521
16.826 5882401
16.8284 5885281
16.8308 5888161
16.8477 5891041
16.8501 5893921
16.8525 5896801
16.8549 5899681
16.8573 5902561
16.8597 5905441
16.8621 5908321
16.8645 5911201
16.8669 5914081
16.8693 5916961
16.8826 5919841
16.885 5922721
16.8874 5925601
16.8898 5928481
16.8922 5931361
16.8946 5934241
16.897 5937121
16.8994 5940001
16.9018 5942881
16.9042 5945761
16.9175 5948641
16.9199 5951521
16.9223 5954401
16.9247 5957281
16.9271 5960161
16.9295 5963041
16.9319 5965921
16.9343 5968801
16.9367 5971681
16.9391 5974561
16.9415 5977441
16.9536 5980321
16.956 5983201
16.9584 5986081
16.9608 5988961
16.9632 5991841
16.9656 5994721
16.968 5997601
16.9704 6000481
16.9728 6003361
16.9752 6006241
16.9776 6009121
16.9897 6012001
16.9921 6014881
16.9945 6017761
16.9969 6020641
16.9993 6023521
17.0017 6026401
17.0041 6029281
17.0065 6032161
17.0089 6035041
17.0113 6037921
17.0137 6040801
17.0246 6043681
17.027 6046561
17.0294 6049441
17.0318 6052321
17.0342 6055201
17.0366 6058081
17.039 6060961
17.0414 6063841
17.0438 6066721
17.0462 6069601
17.0486 6072481
17.0595 6075361
17.0619 6078241
17.0643 6081121
17.0666 6084001
17.0691 6086881
17.0715 6089761
17.0739 6092641
17.0763 6095521
17.0787 6098401
17.0811 6101281
17.0835 6104161
17.0858 6107041
17.0955 6109921
17.098 6112801
17.1003 6115681
17.1027 6118561
17.1051 6121441
17.1076 6124321
17.11 6127201
17.1124 6130081
17.1148 6132961
17.1171 6135841
17.1195 6138721
17.1219 6141601
17.1316 6144481
17.134 6147361
17.1364 6150241
17.1388 6153121
17.1412 6156001
17.1436 6158881
17.146 6161761
17.1485 6164641
17.1508 6167521
17.1532 6170401
17.1556 6173281
17.158 6176161
17.1665 6179041
17.1689 6181921
17.1713 6184801
17.1737 6187681
17.1761 6190561
17.1785 6193441
17.1809 6196321
17.1833 6199201
17.1857 6202081
17.1881 6204961
17.1905 6207841
17.1929 6210721
17.2014 6213601
17.2038 6216481
17.2062 6219361
17.2086 6222241
17.211 6225121
17.2134 6228001
17.2158 6230881
17.2182 6233761
17.2206 6236641
17.223 6239521
17.2254 6242401
17.2278 6245281
17.2363 6248161
17.2387 6251041
17.2411 6253921
17.2435 6256801
17.2459 6259681
17.2483 6262561
17.2506 6265441
17.253 6268321
17.2554 6271201
17.2578 6274081
17.2603 6276961
17.2627 6279841
17.2651 6282721
17.2724 6285601
17.2748 6288481
17.2772 6291361
17.2796 6294241
17.2819 6297121
17.2843 6300001
17.2867 6302881
17.2891 6305761
17.2915 6308641
17.2939 6311521
17.2964 6314401
17.2988 6317281
17.3012 6320161
17.3085 6323041
17.3109 6325921
17.3133 6328801
17.3157 6331681
17.318 6334561
17.3204 6337441
17.3228 6340321
17.3252 6343201
17.3276 6346081
17.33 6348961
17.3324 6351841
17.3348 6354721
17.3372 6357601
17.3434 6360481
17.3458 6363361
17.3482 6366241
17.3506 6369121
17.353 6372001
17.3554 6374881
17.3578 6377761
17.3601 6380641
17.3625 6383521
17.3649 6386401
17.3673 6389281
17.3697 6392161
17.3721 6395041
17.3782 6397921
17.3807 6400801
17.383 6403681
17.3855 6406561
17.3879 6409441
17.3903 6412321
17.3927 6415201
17.3951 6418081
17.3974 6420961
17.3998 6423841
17.4022 6426721
17.4046 6429601
17.407 6432481
17.4094 6435361
17.4143 6438241
17.4167 6441121
17.4191 6444001
17.4216 6446881
17.4239 6449761
17.4264 6452641
17.4288 6455521
17.4311 6458401
17.4336 6461281
17.4359 6464161
17.4383 6467041
17.4407 6469921
17.4431 6472801
17.4455 6475681
17.4504 6478561
17.4528 6481441
17.4552 6484321
17.4576 6487201
17.46 6490081
17.4624 6492961
17.4648 6495841
17.4672 6498721
17.4696 6501601
17.472 6504481
17.4744 6507361
17.4768 6510241
17.4792 6513121
17.4816 6516001
17.4853 6518881
17.4877 6521761
17.4901 6524641
17.4925 6527521
17.4949 6530401
17.4973 6533281
17.4997 6536161
17.5021 6539041
17.5045 6541921
17.5069 6544801
17.5094 6547681
17.5117 6550561
17.5153 6552001
17.5539 6592321
17.5876 6613921
17.59 6615361
17.608 6618241
17.6104 6621121
17.6128 6624001
17.6152 6626881
17.6176 6629761
17.6213 6632641
17.6248 6635521
17.6441 6638401
17.6465 6641281
17.6489 6644161
17.6513 6647041
17.6537 6649921
17.6574 6652801
17.6609 6655681
17.6802 6658561
17.6826 6661441
17.685 6664321
17.6874 6667201
17.6898 6670081
17.6934 6672961
17.697 6675841
17.7151 6678721
17.7175 6681601
17.7199 6684481
17.7223 6687361
17.7247 6690241
17.7283 6693121
17.7319 6696001
17.75 6698881
17.7524 6701761
17.7548 6704641
17.7572 6707521
17.7596 6710401
17.7632 6713281
17.7668 6716161
17.7849 6719041
17.7873 6721921
17.7896 6724801
17.792 6727681
17.7944 6730561
17.7969 6733441
17.7993 6736321
17.8029 6739201
17.821 6742081
17.8233 6744961
17.8257 6747841
17.8305 6753601
17.833 6756481
17.8354 6759361
17.839 6762241
17.857 6765121
17.8594 6768001
17.8618 6770881
17.8654 6773761
17.8678 6776641
17.8702 6779521
17.8726 6782401
17.875 6785281
17.8919 6788161
17.8943 6791041
17.8967 6793921
17.9003 6796801
17.9027 6799681
17.9051 6802561
17.9075 6805441
17.9099 6808321
17.9268 6811201
17.9292 6814081
17.9316 6816961
17.9352 6819841
17.9376 6822721
17.94 6825601
17.9424 6828481
17.9448 6831361
17.9472 6834241
17.9629 6837121
17.9653 6840001
17.9677 6842881
17.9713 6845761
17.9737 6848641
17.9761 6851521
17.9785 6854401
17.9809 6857281
17.9833 6860161
17.999 6863041
18.0014 6865921
18.0038 6868801
18.0074 6871681
18.0098 6874561
18.0122 6877441
18.0146 6880321
18.017 6883201
18.0194 6886081
18.0339 6888961
18.0363 6891841
18.0423 6897601
18.0447 6900481
18.0471 6903361
18.0495 6906241
18.0519 6909121
18.0543 6912001
18.0688 6914881
18.0712 6917761
18.0772 6920641
18.0796 6923521
18.082 6926401
18.0843 6929281
18.0868 6932161
18.0893 6935041
18.0917 6937921
18.1037 6940801
18.106 6943681
18.1084 6946561
18.1133 6949441
18.1157 6952321
18.118 6955201
18.1204 6958081
18.1229 6960961
18.1254 6963841
18.1278 6966721
18.1397 6969601
18.1421 6972481
18.1445 6975361
18.1493 6978241
18.1517 6981121
18.1541 6984001
18.1565 6986881
18.159 6989761
18.1614 6992641
18.1638 6995521
18.1758 6998401
18.1782 7001281
18.1806 7004161
18.1842 7007041
18.1866 7009921
18.189 7012801
18.1914 7015681
18.1939 7018561
18.1963 7021441
18.1987 7024321
18.2107 7027201
18.2131 7030081
18.2155 7032961
18.2191 7035841
18.2215 7038721
18.2239 7041601
18.2263 7044481
18.2287 7047361
18.2312 7050241
18.2336 7053121
18.2468 7054561
18.2853 7089121
18.301 7092001
18.3034 7094881
18.3058 7097761
18.3178 7100641
18.3202 7103521
18.3371 7106401
18.3395 7109281
18.3419 7112161
18.3539 7115041
18.3563 7117921
18.3732 7120801
18.3756 7123681
18.378 7126561
18.39 7129441
18.3924 7132321
18.4093 7135201
18.4117 7138081
18.4141 7140961
18.4249 7143841
18.4273 7146721
18.4442 7149601
18.4466 7152481
18.449 7155361
18.4598 7158241
18.4622 7161121
18.4791 7164001
18.4815 7166881
18.4838 7169761
18.4862 7172641
18.4958 7175521
18.4982 7178401
18.5152 7181281
18.5175 7184161
18.5199 7187041
18.5223 7189921
18.5319 7192801
18.5343 7195681
18.5512 7198561
18.5536 7201441
18.556 7204321
18.5584 7207201
18.5668 7210081
18.5692 7212961
18.5861 7215841
18.5885 7218721
18.5909 7221601
18.5933 7224481
18.6017 7227361
18.6041 7230241
18.621 7233121
18.6234 7236001
18.6258 7238881
18.6282 7241761
18.6366 7244641
18.639 7247521
18.6414 7250401
18.6571 7253281
18.6595 7256161
18.6619 7259041
18.6643 7261921
18.6727 7264801
18.7124 7287841
18.7425 7290721
18.7449 7293601
18.7473 7296481
18.7786 7299361
18.781 7302241
18.7834 7305121
18.8147 7308001
18.8171 7310881
18.8195 7313761
18.8507 7316641
18.8531 7319521
18.8555 7322401
18.8856 7325281
18.888 7328161
18.8904 7331041
18.9205 7333921
18.9229 7336801
18.9253 7339681
18.9277 7342561
18.9566 7345441
18.959 7348321
18.9614 7351201
18.9638 7354081
18.9927 7356961
18.9951 7359841
18.9975 7362721
18.9999 7365601
19.0276 7368481
19.03 7371361
19.0324 7374241
19.0348 7377121
19.0625 7380001
19.0649 7382881
19.0673 7385761
19.0696 7388641
19.0974 7391521
19.0997 7394401
19.1021 7397281
19.1045 7400161
19.1069 7403041
19.1334 7405921
19.1358 7408801
19.1382 7411681
19.1406 7414561
19.143 7417441
19.1695 7420321
19.1743 7426081
19.1767 7428961
19.1791 7431841
19.2044 7434721
19.2092 7437601
19.2116 7440481
19.214 7443361
19.2164 7446241
19.2393 7449121
19.2441 7452001
19.2465 7454881
19.2489 7457761
19.2513 7460641
19.2537 7463521
19.2754 7466401
19.2802 7469281
19.2826 7472161
19.285 7475041
19.2874 7477921
19.2898 7480801
19.3115 7483681
19.3163 7486561
19.3187 7489441
19.3211 7492321
19.3235 7495201
19.3259 7498081
19.3476 7500961
19.3512 7503841
19.3536 7506721
19.356 7509601
19.3583 7512481
19.3608 7515361
19.3825 7518241
19.386 7521121
19.3885 7524001
19.3908 7526881
19.3932 7529761
19.3957 7532641
19.4173 7535521
19.4209 7538401
19.4233 7541281
19.4257 7544161
19.4281 7547041
19.4305 7549921
19.4329 7552801
19.4534 7555681
19.457 7558561
19.4594 7561441
19.4618 7564321
19.4642 7567201
19.4666 7570081
19.469 7572961
19.4895 7575841
19.4931 7578721
19.4955 7581601
19.4979 7584481
19.5003 7587361
19.5027 7590241
19.5051 7593121
19.5244 7596001
19.528 7598881
19.5304 7601761
19.5328 7604641
19.5352 7607521
19.5376 7610401
19.54 7613281
19.5593 7616161
19.5629 7619041
19.5653 7621921
19.5677 7624801
19.5701 7627681
19.5725 7630561
19.5749 7633441
19.5772 7636321
19.5954 7639201
19.599 7642081
19.6014 7644961
19.6037 7647841
19.6062 7650721
19.6085 7653601
19.6109 7656481
19.6133 7659361
19.6315 7662241
19.635 7665121
19.6374 7668001
19.6398 7670881
19.6422 7673761
19.6446 7676641
19.647 7679521
19.6494 7682401
19.6664 7685281
19.6699 7688161
19.6724 7691041
19.6747 7693921
19.6771 7696801
19.6795 7699681
19.6819 7702561
19.6843 7705441
19.7012 7708321
19.7048 7711201
19.7072 7714081
19.7096 7716961
19.712 7719841
19.7144 7722721
19.7168 7725601
19.7193 7728481
19.7361 7731361
19.7397 7732801
19.7782 7761601
19.7903 7764481
19.8071 7767361
19.8107 7770241
19.8131 7773121
19.8264 7776001
19.8432 7778881
19.8468 7781761
19.8492 7784641
19.8625 7787521
19.8793 7790401
19.8829 7793281
19.8853 7796161
19.8986 7799041
19.9142 7801921
19.9178 7804801
19.9202 7807681
19.9335 7810561
19.9491 7813441
19.9527 7816321
19.9551 7819201
19.9684 7822081
19.984 7824961
19.9864 7827841
19.9888 7830721
19.9912 7833601
20.0045 7836481
20.02 7839361
20.0224 7842241
20.0248 7845121
20.0272 7848001
20.0405 7850881
20.0561 7853761
20.0585 7856641
20.0609 7859521
20.0633 7862401
20.0754 7865281
20.091 7868161
20.0934 7871041
20.0958 7873921
20.0982 7876801
20.1103 7879681
20.1259 7882561
20.1283 7885441
20.1307 7888321
20.1331 7891201
20.1355 7894081
20.1464 7896961
20.162 7899841
20.1644 7902721
20.1668 7905601
20.1692 7908481
20.1813 7909921
20.2318 7930081
20.2511 7932961
20.286 7938721
20.3209 7941601
20.3233 7944481
20.3558 7947361
20.3582 7950241
20.3907 7953121
20.393 7956001
20.3954 7958881
20.4267 7961761
20.4291 7964641
20.4315 7967521
20.4628 7970401
20.4652 7973281
20.4676 7976161
20.4977 7979041
20.5001 7981921
20.5025 7984801
20.5326 7987681
20.535 7990561
20.5374 7993441
20.5675 7996321
20.5699 7999201
20.5723 8002081
20.5747 8004961
20.6036 8007841
20.606 8010721
20.6084 8013601
20.6108 8016481
20.6397 8019361
20.6421 8022241
20.6444 8025121
20.6468 8028001
20.6746 8030881
20.6769 8033761
20.6793 8036641
20.6817 8039521
20.7094 8042401
20.7118 8045281
20.7142 8048161
20.7166 8051041
20.7443 8053921
20.7467 8056801
20.7491 8059681
20.7515 8062561
20.7539 8065441
20.7804 8068321
20.7828 8071201
20.7852 8074081
20.7876 8076961
20.79 8079841
20.8165 8082721
20.8189 8085601
20.8213 8088481
20.8237 8091361
20.8261 8094241
20.8514 8097121
20.8538 8100001
20.8562 8102881
20.8586 8105761
20.861 8108641
20.8863 8111521
20.8887 8114401
20.8911 8117281
20.8935 8120161
20.8958 8123041
20.8982 8125921
20.9224 8128801
20.9248 8131681
20.9271 8134561
20.9295 8137441
20.9319 8140321
20.9343 8143201
20.9585 8146081
20.9608 8148961
20.9632 8151841
20.9657 8154721
20.968 8157601
20.9704 8160481
20.9933 8163361
20.9957 8166241
20.9981 8169121
21.0005 8172001
21.0029 8174881
21.0053 8177761
21.0282 8180641
21.0306 8183521
21.0703 8205121
21.0727 8208001
21.1028 8210881
21.1052 8213761
21.1088 8216641
21.1389 8219521
21.1413 8222401
21.1449 8225281
21.175 8228161
21.1774 8231041
21.1798 8233921
21.2099 8236801
21.2123 8239681
21.2147 8242561
21.2448 8245441
21.2472 8248321
21.2496 8251201
21.252 8254081
21.2808 8256961
21.2833 8259841
21.2856 8262721
21.288 8265601
21.3169 8268481
21.3193 8271361
21.3217 8274241
21.3241 8277121
21.3518 8280001
21.3542 8282881
21.3566 8285761
21.359 8288641
21.3867 8291521
21.3891 8294401
21.3915 8297281
21.3939 8300161
21.4216 8303041
21.424 8305921
21.4264 8308801
21.4288 8311681
21.4312 8314561
21.4577 8317441
21.4601 8320321
21.4625 8323201
21.4648 8326081
21.4672 8328961
21.4938 8331841
21.4962 8334721
21.4985 8337601
21.501 8340481
21.5034 8343361
21.5287 8346241
21.531 8349121
21.5334 8352001
21.5359 8354881
21.5383 8357761
21.5635 8360641
21.5659 8363521
21.5683 8366401
21.5708 8369281
21.5732 8372161
21.5756 8375041
21.5996 8377921
21.602 8380801
21.6044 8383681
21.6069 8386561
21.6092 8389441
21.6116 8392321
21.6357 8395201
21.6381 8398081
21.6405 8400961
21.6429 8403841
21.6453 8406721
21.6477 8409601
21.6706 8412481
21.673 8415361
21.6754 8418241
21.6778 8421121
21.6802 8424001
21.6826 8426881
21.7055 8429761
21.7079 8432641
21.7103 8435521
21.7127 8438401
21.7151 8441281
21.7175 8444161
21.7404 8447041
21.7428 8449921
21.7452 8452801
21.7476 8455681
21.75 8458561
21.7524 8461441
21.7548 8464321
21.7765 8467201
21.7789 8470081
21.7812 8472961
21.7836 8475841
21.7861 8478721
21.7885 8481601
21.7909 8484481
21.8125 8487361
21.8149 8490241
21.8173 8493121
21.8197 8496001
21.8221 8498881
21.8245 8501761
21.8269 8504641
21.8474 8507521
21.8498 8510401
21.8522 8513281
21.8546 8516161
21.857 8519041
21.8594 8521921
21.8618 8524801
21.8835 8526241
21.922 8550721
21.9689 8563681
21.9882 8566561
21.9918 8569441
22.0026 8572321
22.0231 8575201
22.0267 8578081
22.0375 8580961
22.058 8583841
22.0616 8586721
22.0724 8589601
22.0929 8592481
22.0965 8595361
22.0989 8598241
22.1085 8601121
22.129 8604001
22.1326 8606881
22.135 8609761
22.1445 8612641
22.1651 8615521
22.1686 8618401
22.171 8621281
22.1794 8624161
22.2 8627041
22.2035 8629921
22.2059 8632801
22.2144 8635681
22.2349 8638561
22.2384 8641441
22.2408 8644321
22.2492 8647201
22.2697 8650081
22.2721 8652961
22.2745 8655841
22.2769 8658721
22.2853 8661601
22.307 8663041
22.3455 8674561
22.3792 8681761
22.3816 8683201
22.4129 8686081
22.4165 8688961
22.449 8691841
22.4526 8694721
22.4851 8697601
22.4887 8700481
22.52 8703361
22.5236 8706241
22.5549 8709121
22.5585 8712001
22.5898 8714881
22.5922 8717761
22.5946 8720641
22.6259 8723521
22.6283 8726401
22.6969 8737921
22.7318 8740801
22.7678 8743681
22.8039 8746561
22.8412 8748001
22.9122 8755201
22.9471 8758081
22.9832 8760961
23.0193 8763841
23.0554 8766721
23.0903 8769601
23.1252 8772481
23.16 8775361
23.1624 8778241
23.1961 8781121
23.1985 8784001
23.2322 8786881
23.2346 8789761
23.2683 8792641
23.2707 8795521
23.3032 8798401
23.3056 8801281
23.3381 8804161
23.3405 8807041
23.3429 8809921
23.3742 8812801
23.3766 8815681
23.3789 8818561
23.4102 8821441
23.4126 8824321
23.415 8827201
23.4451 8830081
23.4475 8832961
23.4499 8835841
23.48 8838721
23.4824 8841601
23.4848 8844481
23.5149 8847361
23.5173 8850241
23.5197 8853121
23.5221 8856001
23.551 8858881
23.5534 8861761
23.5558 8864641
23.5582 8867521
23.5871 8870401
23.5895 8873281
23.5919 8876161
23.5943 8879041
23.622 8881921
23.6244 8884801
23.6268 8887681
23.6291 8890561
23.6569 8893441
23.6593 8896321
23.6616 8899201
23.664 8902081
23.6918 8904961
23.6941 8907841
23.6965 8910721
23.6989 8913601
23.7013 8916481
23.7278 8919361
23.7302 8922241
23.7326 8925121
23.735 8928001
23.7374 8930881
23.7639 8933761
23.7663 8936641
23.7687 8939521
23.7711 8942401
23.7735 8945281
23.7988 8948161
23.8012 8951041
23.8036 8953921
23.806 8956801
23.8084 8959681
23.8337 8962561
23.8361 8965441
23.8385 8968321
23.8409 8971201
23.8433 8974081
23.8457 8976961
23.8698 8979841
23.8722 8982721
23.8746 8985601
23.877 8988481
23.8794 8991361
23.8817 8994241
23.9059 8997121
23.9083 9000001
23.9107 9002881
23.913 9005761
23.9154 9008641
23.9178 9011521
23.9408 9014401
23.9432 9017281
23.9455 9020161
23.9479 9023041
23.9503 9025921
23.9527 9028801
23.9757 9031681
23.978 9034561
23.9804 9037441
23.9828 9040321
23.9852 9043201
23.9876 9046081
24.0105 9048961
24.0129 9051841
24.0153 9054721
24.0177 9057601
24.0201 9060481
24.0225 9063361
24.0249 9066241
24.0466 9069121
24.049 9072001
24.0514 9074881
24.0538 9077761
24.0562 9080641
24.0586 9083521
24.061 9086401
24.0827 9089281
24.0851 9092161
24.0875 9095041
24.0899 9097921
24.0923 9100801
24.0947 9103681
24.0971 9106561
24.1176 9109441
24.12 9112321
24.1224 9115201
24.1248 9118081
24.1272 9120961
24.1296 9123841
24.132 9126721
24.1525 9129601
24.1549 9132481
24.1573 9135361
24.1597 9138241
24.1621 9141121
24.1645 9144001
24.1669 9146881
24.1692 9149761
24.1886 9152641
24.191 9155521
24.1934 9158401
24.1958 9161281
24.1982 9164161
24.2006 9167041
24.2029 9169921
24.2053 9172801
24.2247 9175681
24.2271 9178561
24.2295 9181441
24.2319 9184321
24.2342 9187201
24.2366 9190081
24.239 9192961
24.2414 9195841
24.2596 9198721
24.2619 9201601
24.2644 9204481
24.2667 9207361
24.2691 9210241
24.2715 9213121
24.2739 9216001
24.2763 9218881
24.2944 9221761
24.2968 9224641
24.2992 9227521
24.3016 9230401
24.304 9233281
24.3064 9236161
24.3088 9239041
24.3112 9241921
24.3136 9244801
24.3305 9247681
24.3329 9250561
24.3353 9253441
24.3377 9256321
24.3401 9259201
24.3425 9262081
24.3449 9264961
24.3473 9267841
24.3497 9270721
24.3666 9273601
24.369 9276481
24.3714 9279361
24.3738 9282241
24.3762 9285121
24.3786 9288001
24.381 9290881
24.3834 9293761
24.3858 9296641
24.4015 9299521
24.4039 9302401
24.4063 9305281
24.4087 9308161
24.4111 9311041
24.4135 9313921
24.4532 9344161
24.4809 9347041
24.4833 9349921
24.4857 9352801
24.4881 9355681
24.517 9358561
24.5194 9361441
24.5218 9364321
24.5242 9367201
24.5531 9370081
24.5555 9372961
24.5578 9375841
24.5602 9378721
24.588 9381601
24.5903 9384481
24.5928 9387361
24.5951 9390241
24.6228 9393121
24.6252 9396001
24.6276 9398881
24.63 9401761
24.6324 9404641
24.6589 9407521
24.6613 9410401
24.6637 9413281
24.6661 9416161
24.6685 9419041
24.695 9421921
24.6974 9424801
24.6998 9427681
24.7022 9430561
24.7046 9433441
24.7299 9436321
24.7323 9439201
24.7347 9442081
24.7371 9444961
24.7395 9447841
24.7648 9450721
24.7672 9453601
24.7696 9456481
24.772 9459361
24.7744 9462241
24.7768 9465121
24.8009 9468001
24.8033 9470881
24.8057 9473761
24.8081 9476641
24.8105 9479521
24.8129 9482401
24.837 9485281
24.8394 9488161
24.8417 9491041
24.8442 9493921
24.8465 9496801
24.8489 9499681
24.873 9502561
24.8754 9505441
24.8778 9508321
24.8802 9511201
24.8826 9514081
24.885 9516961
24.9079 9519841
24.9103 9522721
24.9127 9525601
24.9151 9528481
24.9175 9531361
24.9199 9534241
24.9428 9537121
24.9452 9540001
24.9476 9542881
24.95 9545761
24.9524 9548641
24.9548 9551521
24.9572 9554401
24.9789 9557281
24.9813 9560161
24.9837 9563041
24.9861 9565921
24.9885 9568801
24.9909 9571681
24.9933 9574561
25.015 9577441
25.0174 9580321
25.0198 9583201
25.0222 9586081
25.0246 9588961
25.027 9591841
25.0294 9594721
25.0499 9597601
25.0523 9600481
25.0547 9603361
25.0571 9606241
25.0595 9609121
25.0619 9612001
25.0643 9614881
25.0848 9617761
25.0872 9620641
25.0896 9623521
25.0932 9624961
25.1317 9650881
25.1594 9653761
25.163 9656641
25.1654 9659521
25.1979 9665281
25.2003 9668161
25.2328 9671041
25.2351 9673921
25.2375 9676801
25.2676 9679681
25.27 9682561
25.2724 9685441
25.2748 9688321
25.3037 9691201
25.3061 9694081
25.3085 9696961
25.3109 9699841
25.3398 9702721
25.3422 9705601
25.3446 9708481
25.347 9711361
25.3747 9714241
25.3771 9717121
25.3795 9720001
25.3819 9722881
25.4096 9725761
25.412 9728641
25.4144 9731521
25.4168 9734401
25.4445 9737281
25.4481 9738721
25.4866 9756001
25.5191 9758881
25.5215 9761761
25.5552 9764641
25.5575 9767521
25.5912 9770401
25.5936 9773281
25.6297 9779041
25.6646 9781921
25.667 9784801
25.6995 9787681
25.7019 9790561
25.7344 9793441
25.7368 9796321
25.7392 9799201
25.7705 9802081
25.7729 9804961
25.7753 9807841
25.8066 9810721
25.8089 9813601
25.8113 9816481
25.8414 9819361
25.8438 9822241
25.8462 9825121
25.8763 9828001
25.8787 9830881
25.8811 9833761
25.9112 9836641
25.9136 9839521
25.916 9842401
25.9184 9845281
25.9473 9848161
25.9497 9851041
25.9521 9853921
25.9545 9856801
25.9834 9859681
25.9858 9862561
25.9882 9865441
25.9906 9868321
26.0183 9871201
26.0207 9874081
26.0231 9876961
26.0255 9879841
26.0532 9882721
26.0556 9885601
26.058 9888481
26.0603 9891361
26.0627 9894241
26.0893 9897121
26.0916 9900001
26.094 9902881
26.0964 9905761
26.0988 9908641
26.1253 9911521
26.1277 9914401
26.1301 9917281
26.1325 9920161
26.1349 9923041
26.1614 9925921
26.1638 9928801
26.1662 9931681
26.1686 9934561
26.171 9937441
26.1963 9940321
26.1987 9943201
26.2011 9946081
26.2035 9948961
26.2059 9951841
26.2312 9954721
26.2336 9957601
26.236 9960481
26.2384 9963361
26.2408 9966241
26.2432 9969121
26.2673 9972001
26.2697 9974881
26.2721 9977761
26.2745 9980641
26.2769 9983521
26.2792 9986401
26.3034 9989281
26.3058 9992161
26.3082 9995041
26.3106 9997921
26.313 10000801
26.3154 10003681
26.3383 10006561
26.3407 10009441
26.3431 10012321
26.3455 10015201
26.3479 10018081
26.3503 10020961
26.3732 10023841
26.3755 10026721
26.378 10029601
26.3804 10032481
26.3827 10035361
26.3851 10038241
26.3875 10041121
26.4092 10044001
26.4116 10046881
26.414 10049761
26.4164 10052641
26.4188 10055521
26.4212 10058401
26.4236 10061281
26.4453 10064161
26.4477 10067041
26.4501 10069921
26.4898 10094401
26.5199 10097281
26.5223 10100161
26.5247 10103041
26.556 10105921
26.5584 10108801
26.5608 10111681
26.5921 10114561
26.5945 10117441
26.5969 10120321
26.627 10123201
26.6294 10126081
26.6318 10128961
26.6619 10131841
26.6643 10134721
26.6667 10137601
26.669 10140481
26.698 10143361
26.7003 10146241
26.7027 10149121
26.7051 10152001
26.734 10154881
26.7364 10157761
26.74 10159201
26.7785 10175041
26.8122 10177921
26.8471 10180801
26.882 10183681
26.8844 10186561
26.9181 10189441
26.9205 10192321
26.9542 10195201
26.9566 10198081
26.9903 10200961
26.9926 10203841
27.0251 10206721
27.0275 10209601
27.06 10212481
27.0624 10215361
27.0648 10218241
27.0961 10221121
27.0985 10224001
27.131 10225441
27.1695 10236961
27.2044 10239841
27.2405 10242721
27.2766 10245601
27.3127 10248481
27.3475 10251361
27.3824 10254241
27.4173 10257121
27.4197 10260001
27.4534 10262881
27.4558 10265761
27.4895 10268641
27.4919 10271521
27.5256 10274401
27.528 10277281
27.5605 10280161
27.5629 10283041
27.5954 10285921
27.5977 10288801
27.6001 10291681
27.6314 10294561
27.6338 10297441
27.6363 10300321
27.6675 10303201
27.6712 10304641
27.7097 10317601
27.7446 10320481
27.7807 10323361
27.8168 10326241
27.8517 10329121
27.8866 10332001
27.9214 10334881
27.9238 10337761
27.9575 10340641
27.9599 10343521
27.9936 10346401
27.996 10349281
28.0297 10352161
28.0321 10355041
28.0646 10357921
28.067 10360801
28.0995 10363681
28.1019 10366561
28.1043 10369441
28.1356 10372321
28.1403 10378081
28.1716 10380961
28.1764 10383841
28.1788 10386721
28.2077 10389601
28.2113 10392481
28.2137 10395361
28.2426 10398241
28.2462 10401121
28.2486 10404001
28.2775 10406881
28.2811 10409761
28.2835 10412641
28.2859 10415521
28.3136 10418401
28.3172 10421281
28.3196 10424161
28.322 10427041
28.3497 10429921
28.3533 10432801
28.3557 10435681
28.358 10438561
28.3846 10441441
28.3882 10444321
28.3905 10447201
28.3929 10450081
28.4195 10452961
28.423 10455841
28.4254 10458721
28.4278 10461601
28.4543 10464481
28.458 10467361
28.4603 10470241
28.4627 10473121
28.4651 10476001
28.4904 10478881
28.494 10481761
28.4964 10484641
28.4988 10487521
28.5012 10490401
28.5265 10493281
28.5301 10496161
28.5325 10499041
28.5349 10501921
28.5373 10504801
28.5614 10507681
28.565 10510561
28.5674 10513441
28.5698 10516321
28.5722 10519201
28.5963 10522081
28.5999 10524961
28.6023 10527841
28.6047 10530721
28.6071 10533601
28.6095 10536481
28.6324 10539361
28.636 10542241
28.6384 10545121
28.6408 10548001
28.6432 10550881
28.6456 10553761
28.6685 10556641
28.6721 10559521
28.6745 10562401
28.6769 10565281
28.6792 10568161
28.6816 10571041
28.7034 10573921
28.707 10576801
28.7094 10579681
28.7117 10582561
28.7142 10585441
28.7165 10588321
28.7382 10591201
28.7419 10594081
28.7442 10596961
28.7466 10599841
28.749 10602721
28.7514 10605601
28.7731 10608481
28.7767 10611361
28.7791 10614241
28.7815 10617121
28.7839 10620001
28.7863 10622881
28.7887 10625761
28.8092 10628641
28.8128 10631521
28.8152 10634401
28.8176 10637281
28.82 10640161
28.8224 10643041
28.8248 10645921
28.8453 10648801
28.8489 10651681
28.8513 10654561
28.8537 10657441
28.8561 10660321
28.8609 10666081
28.8802 10668961
28.8838 10671841
28.8862 10674721
28.8886 10677601
28.891 10680481
28.8958 10683361
28.8981 10686241
28.9151 10689121
28.9187 10692001
28.9211 10694881
28.9235 10697761
28.9259 10700641
28.9306 10703521
28.933 10706401
28.9354 10709281
28.9512 10712161
28.9548 10715041
28.9572 10717921
28.9596 10720801
28.962 10723681
28.9667 10726561
29.0064 10752481
29.033 10755361
29.0378 10758241
29.0402 10761121
29.0679 10764001
29.0727 10766881
29.075 10769761
29.1027 10772641
29.1075 10775521
29.1099 10778401
29.1376 10781281
29.1424 10784161
29.1448 10787041
29.1472 10789921
29.1737 10792801
29.1785 10795681
29.1809 10798561
29.1833 10801441
29.2098 10804321
29.2146 10807201
29.217 10810081
29.2194 10812961
29.2447 10815841
29.2495 10818721
29.2519 10821601
29.2543 10824481
29.2796 10827361
29.2844 10830241
29.2868 10833121
29.2892 10836001
29.3145 10838881
29.3169 10841761
29.3205 10844641
29.3229 10847521
29.3252 10850401
29.3506 10853281
29.3529 10856161
29.3566 10859041
29.3589 10861921
29.3613 10864801
29.3866 10867681
29.389 10870561
29.3914 10873441
29.3938 10876321
29.3962 10879201
29.4215 10882081
29.4239 10884961
29.4263 10887841
29.4287 10890721
29.4311 10893601
29.4564 10896481
29.4588 10899361
29.4612 10902241
29.4636 10905121
29.466 10908001
29.4684 10910881
29.4925 10913761
29.4949 10916641
29.4973 10919521
29.4997 10922401
29.5394 10942561
29.5707 10945441
29.5731 10948321
29.6056 10951201
29.608 10954081
29.6405 10956961
29.6429 10959841
29.6754 10962721
29.6778 10965601
29.6802 10968481
29.7115 10971361
29.7139 10974241
29.7163 10977121
29.7475 10980001
29.7499 10982881
29.7523 10985761
29.7824 10988641
29.7848 10991521
29.7872 10994401
29.8173 10997281
29.8197 11000161
29.8221 11003041
29.8522 11005921
29.8546 11008801
29.857 11011681
29.8594 11014561
29.8883 11017441
29.8907 11020321
29.8931 11023201
29.8955 11026081
29.9244 11028961
29.9268 11031841
29.9292 11034721
29.9316 11037601
29.9593 11040481
29.9617 11043361
29.9641 11046241
29.9665 11049121
29.9942 11052001
29.9966 11054881
29.999 11057761
30.0014 11060641
30.029 11063521
30.0314 11066401
30.0338 11069281
30.0362 11072161
30.0386 11075041
30.0651 11077921
30.0675 11080801
30.0699 11083681
30.0723 11086561
30.0747 11089441
