0.242217 1
0.287149 1441
0.333234 4321
0.379319 7201
0.424209 10081
0.426599 12961
0.470293 15841
0.472684 18721
0.475074 21601
0.516679 24481
0.51907 27361
0.52146 30241
0.523851 33121
0.561569 36001
0.563959 38881
0.56635 41761
0.56874 44641
0.571131 47521
0.573521 50401
0.606497 53281
0.608887 56161
0.611278 59041
0.613668 61921
0.616059 64801
0.618449 67681
0.620839 70561
0.62323 73441
0.62562 76321
0.651387 79201
0.653777 82081
0.656167 84961
0.658558 87841
0.660948 90721
0.663339 93601
0.665729 96481
0.668119 99361
0.67051 102241
0.6729 105121
0.67529 108001
0.677681 110881
0.680422 113761
0.682812 116641
0.697471 119521
0.699862 122401
0.702252 125281
0.704643 128161
0.707033 131041
0.709423 133921
0.711814 136801
0.714506 139681
0.716897 142561
0.719287 145441
0.721678 148321
0.724068 151201
0.726458 154081
0.728849 156961
0.731239 159841
0.73363 162721
0.73602 165601
0.73841 168481
0.740801 171361
0.743191 174241
0.745582 177121
0.747972 180001
0.750362 182881
0.752753 185761
0.755143 188641
0.757534 191521
0.759924 194401
0.763222 195841
0.848455 299521
0.855098 302401
0.857489 305281
0.859879 308161
0.86227 311041
0.86466 313921
0.86705 316801
0.869441 319681
0.871831 322561
0.874221 325441
0.876612 328321
0.879002 331201
0.881743 334081
0.884134 336961
0.886524 339841
0.888914 342721
0.891305 345601
0.893695 348481
0.901183 351361
0.903574 354241
0.905964 357121
0.908354 360001
0.910745 362881
0.913135 365761
0.915525 368641
0.917916 371521
0.920306 374401
0.922697 377281
0.925087 380161
0.928005 383041
0.930396 385921
0.932786 388801
0.935177 391681
0.937567 394561
0.939957 397441
0.947527 400321
0.949917 403201
0.952308 406081
0.954698 408961
0.957089 411841
0.959479 414721
0.961869 417601
0.96426 420481
0.96665 423361
0.969041 426241
0.971431 429121
0.97409 432001
0.976481 434881
0.978871 437761
0.981612 440641
0.984002 443521
0.986393 446401
0.993962 449281
0.996353 452161
0.998743 455041
1.00113 457921
1.00352 460801
1.00591 463681
1.0083 466561
1.01069 469441
1.01309 472321
1.01548 475201
1.01787 478081
1.02026 480961
1.02265 483841
1.02504 486721
1.02743 489601
1.02982 492481
1.03221 495361
1.03916 498241
1.04155 501121
1.04394 504001
1.04633 506881
1.04872 509761
1.05111 512641
1.0535 515521
1.05589 518401
1.05828 521281
1.06067 524161
1.06306 527041
1.06545 529921
1.06784 532801
1.07023 535681
1.07262 538561
1.07501 541441
1.07741 544321
1.08405 547201
1.08644 550081
1.08883 552961
1.09122 555841
1.09361 558721
1.096 561601
1.09839 564481
1.10078 567361
1.10317 570241
1.10556 573121
1.10795 576001
1.11034 578881
1.11273 581761
1.11512 584641
1.11786 587521
1.12025 590401
1.12265 593281
1.12504 596161
1.13039 599041
1.13278 601921
1.13517 604801
1.13756 607681
1.13995 610561
1.14234 613441
1.14473 616321
1.14713 619201
1.14956 622081
1.15195 624961
1.15434 627841
1.15673 630721
1.15912 633601
1.16151 636481
1.16395 639361
1.16634 642241
1.16873 645121
1.17112 648001
1.17661 650881
1.179 653761
1.18139 656641
1.18404 659521
1.18643 662401
1.18882 665281
1.19121 668161
1.1936 671041
1.19599 673921
1.24593 730081
1.27238 732961
1.2753 735841
1.27769 738721
1.28008 741601
1.28247 744481
1.28519 747361
1.28758 750241
1.28997 753121
1.31764 756001
1.32047 758881
1.32286 761761
1.32525 764641
1.33008 770401
1.33247 773281
1.33486 776161
1.36253 779041
1.36492 781921
1.36731 784801
1.3697 787681
1.37209 790561
1.37621 793441
1.3786 796321
1.38099 799201
1.38338 802081
1.40861 804961
1.41101 807841
1.4134 810721
1.41579 813601
1.41844 816481
1.42229 819361
1.42468 822241
1.42707 825121
1.42946 828001
1.45535 830881
1.45774 833761
1.46013 836641
1.46252 839521
1.46491 842401
1.46748 845281
1.46987 848161
1.47226 851041
1.47465 853921
1.50051 856801
1.5029 859681
1.50529 862561
1.50768 865441
1.51007 868321
1.51246 871201
1.51485 874081
1.51724 876961
1.51989 879841
1.5454 882721
1.54779 885601
1.55018 888481
1.55257 891361
1.55496 894241
1.55735 897121
1.55974 900001
1.56213 902881
1.56452 905761
1.56691 908641
1.59174 911521
1.59413 914401
1.59652 917281
1.59891 920161
1.60134 923041
1.65136 954721
1.68815 957601
1.69054 960481
1.69293 963361
1.69532 966241
1.73304 969121
1.73543 972001
1.73782 974881
1.74021 977761
1.77801 980641
1.7804 983521
1.78279 986401
1.78518 989281
1.82347 992161
1.82586 995041
1.82825 997921
1.83064 1000801
1.83304 1003681
1.86982 1006561
1.87221 1009441
1.8746 1012321
1.87699 1015201
1.87938 1018081
1.91591 1020961
1.9183 1023841
1.92069 1026721
1.92308 1029601
1.92547 1032481
1.96106 1035361
1.96345 1038241
1.96584 1041121
1.96823 1044001
1.97066 1046881
2.00607 1049761
2.00873 1052641
2.01112 1055521
2.01351 1058401
2.0159 1061281
2.01829 1064161
2.05216 1067041
2.05508 1069921
2.05747 1072801
2.05986 1075681
2.06225 1078561
2.06464 1081441
2.09824 1084321
2.10116 1087201
2.10355 1090081
2.10594 1092961
2.10833 1095841
2.11072 1098721
2.14352 1101601
2.14631 1104481
2.1487 1107361
2.15109 1110241
2.15348 1113121
2.15587 1116001
2.18841 1118881
2.19133 1121761
2.19372 1124641
2.19611 1127521
2.1985 1130401
2.20089 1133281
2.2333 1136161
2.23622 1139041
2.23861 1141921
2.241 1144801
2.24339 1147681
2.24595 1150561
2.24835 1153441
2.27947 1156321
2.28352 1157761
2.33199 1180801
2.37046 1183681
2.375 1186561
2.37739 1189441
2.41654 1192321
2.42108 1195201
2.42347 1198081
2.46263 1200961
2.46717 1203841
2.46992 1206721
2.50919 1209601
2.51237 1212481
2.5152 1215361
2.55408 1218241
2.55728 1221121
2.56008 1224001
2.59897 1226881
2.60217 1229761
2.60456 1232641
2.60695 1235521
2.64537 1238401
2.64825 1241281
2.65064 1244161
2.65303 1247041
2.69145 1249921
2.69434 1252801
2.69673 1255681
2.69912 1258561
2.73642 1261441
2.73961 1264321
2.742 1267201
2.74439 1270081
2.78169 1272961
2.7845 1275841
2.78691 1278721
2.7893 1281601
2.82658 1284481
2.82901 1287361
2.83144 1290241
2.83383 1293121
2.83623 1296001
2.87267 1298881
2.87509 1301761
2.87753 1304641
2.87992 1307521
2.88231 1310401
2.91875 1313281
2.92118 1316161
2.92361 1319041
2.926 1321921
2.92839 1324801
2.96364 1327681
2.96607 1330561
2.9685 1333441
2.97094 1336321
2.97333 1339201
3.00853 1342081
3.01096 1344961
3.01339 1347841
3.01583 1350721
3.01822 1353601
3.02101 1356481
3.05462 1359361
3.05704 1362241
3.05987 1365121
3.06226 1368001
3.06465 1370881
3.06709 1373761
3.1007 1376641
3.10313 1379521
3.10596 1382401
3.10835 1385281
3.11074 1388161
3.11318 1391041
3.14559 1393921
3.14801 1396801
3.15085 1399681
3.15324 1402561
3.15563 1405441
3.15845 1408321
3.19048 1411201
3.1929 1414081
3.19612 1416961
3.19851 1419841
3.2009 1422721
3.20334 1425601
3.23537 1428481
3.23776 1431361
3.24015 1434241
3.24254 1437121
3.24493 1440001
3.24732 1442881
3.24971 1445761
3.28146 1448641
3.28385 1451521
3.28624 1454401
3.28863 1457281
3.29114 1460161
3.29357 1463041
3.29596 1465921
3.32805 1468801
3.33044 1471681
3.33283 1474561
3.33522 1477441
3.33761 1480321
3.34 1483201
3.34239 1486081
3.37294 1488961
3.37533 1491841
3.37772 1494721
3.38011 1497601
3.3825 1500481
3.38489 1503361
3.38728 1506241
3.41783 1509121
3.42022 1512001
3.42261 1514881
3.42509 1517761
3.42748 1520641
3.42987 1523521
3.43226 1526401
3.43465 1529281
3.46396 1532161
3.46635 1535041
3.46874 1537921
3.47118 1540801
3.4736 1543681
3.47599 1546561
3.47838 1549441
3.48077 1552321
3.51007 1555201
3.51246 1558081
3.51485 1560961
3.51726 1563841
3.51968 1566721
3.52207 1569601
3.52483 1572481
3.52722 1575361
3.55496 1578241
3.55772 1581121
3.56011 1584001
3.5625 1586881
3.56489 1589761
3.56728 1592641
3.56972 1595521
3.57224 1598401
3.59985 1601281
3.60261 1604161
3.605 1607041
3.60739 1609921
3.60978 1612801
3.61217 1615681
3.61469 1618561
3.61712 1621441
3.61952 1624321
3.64594 1627201
3.64869 1630081
3.65108 1632961
3.65348 1635841
3.65587 1638721
3.65826 1641601
3.66077 1644481
3.66321 1647361
3.6656 1650241
3.69202 1653121
3.69487 1656001
3.69731 1658881
3.6997 1661761
3.70223 1664641
3.70462 1667521
3.70701 1670401
3.7094 1673281
3.71179 1676161
3.73691 1679041
3.73976 1681921
3.7422 1684801
3.74459 1687681
3.74752 1690561
3.74991 1693441
3.7523 1696321
3.75469 1699201
3.75708 1702081
3.7818 1704961
3.78465 1707841
3.78709 1710721
3.78986 1713601
3.79241 1716481
3.7948 1719361
3.79719 1722241
3.79958 1725121
3.80197 1728001
3.82669 1730881
3.82954 1733761
3.83195 1736641
3.83434 1739521
3.83673 1742401
3.83912 1745281
3.84151 1748161
3.8439 1751041
3.84629 1753921
3.84868 1756801
3.87284 1759681
3.87562 1762561
3.87803 1765441
3.88042 1768321
3.88281 1771201
3.8852 1774081
3.88759 1776961
3.88998 1779841
3.89237 1782721
3.89476 1785601
3.91892 1788481
3.92171 1791361
3.92412 1794241
3.92651 1797121
3.9289 1800001
3.93129 1802881
3.93368 1805761
3.93619 1808641
3.93858 1811521
3.94097 1814401
3.96381 1817281
3.9666 1820161
3.96908 1823041
3.97147 1825921
3.97386 1828801
3.97625 1831681
3.97864 1834561
3.98108 1837441
3.98347 1840321
3.98586 1843201
4.0087 1846081
4.01149 1848961
4.01397 1851841
4.01636 1854721
4.01875 1857601
4.02114 1860481
4.02353 1863361
4.02592 1866241
4.02831 1869121
4.0307 1872001
4.03309 1874881
4.05478 1877761
4.05757 1880641
4.06006 1883521
4.06245 1886401
4.06484 1889281
4.06723 1892161
4.07 1895041
4.07239 1897921
4.07478 1900801
4.07717 1903681
4.07956 1906561
4.10087 1909441
4.10369 1912321
4.10614 1915201
4.10853 1918081
4.11126 1920961
4.11365 1923841
4.11609 1926721
4.11848 1929601
4.12087 1932481
4.12326 1935361
4.12565 1938241
4.14858 1944001
4.15103 1946881
4.15342 1949761
4.15615 1952641
4.15854 1955521
4.16097 1958401
4.16337 1961281
4.16576 1964161
4.16815 1967041
4.17066 1969921
4.19347 1972801
4.19586 1975681
4.19825 1978561
4.20064 1981441
4.20303 1984321
4.20542 1987201
4.20781 1990081
4.2102 1992961
4.21259 1995841
4.21498 1998721
4.21737 2001601
4.21976 2004481
4.23955 2007361
4.24194 2010241
4.24433 2013121
4.24672 2016001
4.24911 2018881
4.2515 2021761
4.25389 2024641
4.25628 2027521
4.25867 2030401
4.26106 2033281
4.26345 2036161
4.26585 2039041
4.28564 2041921
4.28803 2044801
4.29042 2047681
4.29281 2050561
4.2952 2053441
4.29759 2056321
4.29998 2059201
4.30237 2062081
4.30493 2064961
4.30732 2067841
4.30971 2070721
4.3121 2073601
4.33053 2076481
4.33292 2079361
4.33531 2082241
4.33782 2085121
4.34021 2088001
4.3426 2090881
4.34499 2093761
4.34738 2096641
4.34982 2099521
4.35221 2102401
4.3546 2105281
4.35699 2108161
4.37549 2111041
4.37788 2113921
4.38027 2116801
4.38271 2119681
4.3851 2122561
4.38749 2125441
4.38988 2128321
4.39227 2131201
4.39471 2134081
4.3971 2136961
4.39949 2139841
4.40188 2142721
4.42038 2145601
4.42277 2148481
4.42516 2151361
4.42755 2154241
4.42994 2157121
4.43233 2160001
4.43472 2162881
4.43711 2165761
4.4395 2168641
4.44189 2171521
4.44429 2174401
4.44668 2177281
4.44907 2180161
4.46647 2183041
4.46886 2185921
4.47125 2188801
4.47364 2191681
4.47603 2194561
4.47842 2197441
4.48081 2200321
4.4832 2203201
4.48597 2206081
4.48836 2208961
4.49075 2211841
4.49314 2214721
4.49553 2217601
4.51255 2220481
4.51494 2223361
4.51733 2226241
4.51972 2229121
4.52211 2232001
4.5245 2234881
4.52689 2237761
4.52928 2240641
4.53167 2243521
4.53406 2246401
4.53645 2249281
4.53903 2252161
4.54142 2255041
4.55744 2257921
4.55983 2260801
4.56222 2263681
4.56461 2266561
4.567 2269441
4.56939 2272321
4.57178 2275201
4.57431 2278081
4.5767 2280961
4.57909 2283841
4.58149 2286721
4.58421 2289601
4.5866 2292481
4.60233 2295361
4.60472 2298241
4.6072 2301121
4.60999 2304001
4.61238 2306881
4.61477 2309761
4.61716 2312641
4.61955 2315521
4.62194 2318401
4.62433 2321281
4.62673 2324161
4.62912 2327041
4.63151 2329921
4.6339 2332801
4.64846 2335681
4.65125 2338561
4.65364 2341441
4.65608 2344321
4.65847 2347201
4.66086 2350081
4.66325 2352961
4.66564 2355841
4.66803 2358721
4.67042 2361601
4.67298 2364481
4.67537 2367361
4.67776 2370241
4.68015 2373121
4.69454 2376001
4.69733 2378881
4.69972 2381761
4.70216 2384641
4.70455 2387521
4.70707 2390401
4.70946 2393281
4.71185 2396161
4.71424 2399041
4.71663 2401921
4.71902 2404801
4.72141 2407681
4.7238 2410561
4.72619 2413441
4.74064 2414881
4.78912 2459521
4.80916 2462401
4.81155 2465281
4.81514 2468161
4.81753 2471041
4.83044 2473921
4.83283 2476801
4.85405 2479681
4.85644 2482561
4.86003 2485441
4.86242 2488321
4.87537 2491201
4.87777 2494081
4.89894 2496961
4.90133 2499841
4.90372 2502721
4.90611 2505601
4.9085 2508481
4.92146 2511361
4.92385 2514241
4.94541 2517121
4.9478 2520001
4.95019 2522881
4.95258 2525761
4.95497 2528641
4.96754 2531521
4.96993 2534401
4.9915 2537281
4.99389 2540161
4.99628 2543041
4.99867 2545921
5.00106 2548801
5.01243 2551681
5.01482 2554561
5.03638 2557441
5.03878 2560321
5.04126 2563201
5.04365 2566081
5.04607 2568961
5.05732 2571841
5.05971 2574721
5.08135 2577601
5.08374 2580481
5.08615 2583361
5.08854 2586241
5.09093 2589121
5.09332 2592001
5.10341 2594881
5.1058 2597761
5.12744 2600641
5.12983 2603521
5.13223 2606401
5.13462 2609281
5.13701 2612161
5.1394 2615041
5.14979 2617921
5.15218 2620801
5.17352 2623681
5.17591 2626561
5.17832 2629441
5.18071 2632321
5.1831 2635201
5.18549 2638081
5.19507 2640961
5.19746 2643841
5.21841 2646721
5.2208 2649601
5.22321 2652481
5.2256 2655361
5.22799 2658241
5.23038 2661121
5.23996 2664001
5.24249 2666881
5.2633 2669761
5.26569 2672641
5.2681 2675521
5.27049 2678401
5.27288 2681281
5.27538 2684161
5.28495 2687041
5.28778 2689921
5.29017 2692801
5.30946 2695681
5.31185 2698561
5.31426 2701441
5.31705 2704321
5.31945 2707201
5.32186 2710081
5.33104 2712961
5.33386 2715841
5.33625 2718721
5.35555 2721601
5.35834 2724481
5.36076 2727361
5.36315 2730241
5.36555 2733121
5.36796 2736001
5.37712 2738881
5.37994 2741761
5.38234 2744641
5.40079 2747521
5.40324 2750401
5.40565 2753281
5.40804 2756161
5.41044 2759041
5.41285 2761921
5.42201 2764801
5.42483 2767681
5.42722 2770561
5.44568 2773441
5.44813 2776321
5.45093 2779201
5.45332 2782081
5.45571 2784961
5.45813 2787841
5.4669 2790721
5.46972 2793601
5.47211 2796481
5.49057 2799361
5.4934 2802241
5.49579 2805121
5.49818 2808001
5.50057 2810881
5.50296 2813761
5.50535 2816641
5.51299 2819521
5.51581 2822401
5.5182 2825281
5.53705 2828161
5.53949 2831041
5.54188 2833921
5.54427 2836801
5.54666 2839681
5.54905 2842561
5.55144 2845441
5.55907 2848321
5.56189 2851201
5.56428 2854081
5.58313 2856961
5.58557 2859841
5.58796 2862721
5.59035 2865601
5.59274 2868481
5.59513 2871361
5.59752 2874241
5.60434 2877121
5.60717 2880001
5.60956 2882881
5.62802 2885761
5.63046 2888641
5.63285 2891521
5.63524 2894401
5.63763 2897281
5.64002 2900161
5.64241 2903041
5.64962 2905921
5.65208 2908801
5.65451 2911681
5.67291 2914561
5.67535 2917441
5.67774 2920321
5.68013 2923201
5.68252 2926081
5.68491 2928961
5.6873 2931841
5.68969 2934721
5.69583 2937601
5.69822 2940481
5.70062 2943361
5.719 2946241
5.72622 2954881
5.72871 2957761
5.73111 2960641
5.73351 2963521
5.7359 2966401
5.74229 2969281
5.74468 2972161
5.74709 2975041
5.76519 2977921
5.77238 2980801
5.77477 2983681
5.77721 2986561
5.7796 2989441
5.78199 2992321
5.78438 2995201
5.78677 2998081
5.78916 3000961
5.79155 3003841
5.79394 3006721
5.81008 3009601
5.81727 3012481
5.81966 3015361
5.82248 3018241
5.82487 3021121
5.82726 3024001
5.82965 3026881
5.83204 3029761
5.83443 3032641
5.83682 3035521
5.83921 3038401
5.85497 3041281
5.86254 3044161
5.86493 3047041
5.86737 3049921
5.86976 3052801
5.87215 3055681
5.87454 3058561
5.87693 3061441
5.87932 3064321
5.88171 3067201
5.8841 3070081
5.88649 3072961
5.90105 3075841
5.90862 3078721
5.91102 3081601
5.91345 3084481
5.91584 3087361
5.91823 3090241
5.92062 3093121
5.92301 3096001
5.9254 3098881
5.92779 3101761
5.93031 3104641
5.9327 3107521
5.94747 3110401
5.95471 3113281
5.9571 3116161
5.95954 3119041
5.96201 3121921
5.9644 3124801
5.96683 3127681
5.96922 3130561
5.97161 3133441
5.974 3136321
5.97678 3139201
5.97917 3142081
5.99236 3144961
6.00007 3147841
6.00246 3150721
6.00486 3153601
6.00728 3156481
6.00967 3159361
6.01206 3162241
6.01532 3163681
6.0638 3202561
6.09707 3205441
6.09946 3208321
6.10185 3211201
6.10549 3214081
6.10788 3216961
6.14196 3219841
6.14435 3222721
6.14674 3225601
6.15315 3231361
6.18685 3234241
6.18924 3237121
6.19163 3240001
6.19402 3242881
6.19966 3245761
6.20207 3248641
6.23332 3251521
6.23572 3254401
6.23811 3257281
6.2405 3260161
6.24575 3263041
6.24815 3265921
6.2794 3268801
6.2822 3271681
6.28459 3274561
6.28698 3277441
6.29064 3280321
6.29304 3283201
6.32429 3286081
6.32709 3288961
6.32948 3291841
6.33222 3294721
6.33553 3297601
6.33793 3300481
6.36953 3303361
6.3724 3306241
6.3748 3309121
6.3775 3312001
6.38042 3314881
6.38281 3317761
6.38524 3320641
6.41592 3323521
6.41871 3326401
6.4211 3329281
6.42358 3332161
6.42707 3335041
6.42946 3337921
6.43185 3340801
6.46235 3343681
6.46479 3346561
6.46753 3349441
6.47005 3352321
6.47316 3355201
6.47555 3358081
6.47794 3360961
6.50764 3363841
6.51003 3366721
6.51242 3369601
6.51494 3372481
6.51805 3375361
6.52044 3378241
6.52283 3381121
6.55253 3384001
6.55492 3386881
6.55731 3389761
6.55983 3392641
6.56294 3395521
6.56533 3398401
6.5681 3401281
6.59742 3404161
6.59981 3407041
6.6022 3409921
6.60459 3412801
6.60698 3415681
6.60937 3418561
6.61176 3421441
6.61418 3424321
6.6435 3427201
6.6459 3430081
6.64829 3432961
6.65068 3435841
6.65307 3438721
6.65579 3441601
6.65818 3444481
6.66097 3447361
6.68988 3450241
6.69266 3453121
6.69506 3456001
6.69746 3458881
6.69985 3461761
6.70224 3464641
6.70463 3467521
6.70702 3470401
6.73483 3473281
6.73755 3476161
6.73994 3479041
6.74235 3481921
6.74474 3484801
6.74713 3487681
6.74952 3490561
6.75191 3493441
6.77972 3496321
6.78244 3499201
6.78483 3502081
6.78724 3504961
6.78995 3507841
6.79234 3510721
6.79473 3513601
6.79712 3516481
6.79951 3519361
6.8258 3522241
6.82921 3525121
6.8316 3528001
6.83399 3530881
6.83643 3533761
6.83882 3536641
6.84121 3539521
6.8436 3542401
6.84599 3545281
6.87189 3548161
6.87543 3551041
6.87782 3553921
6.88021 3556801
6.8826 3559681
6.88499 3562561
6.88738 3565441
6.88981 3568321
6.89238 3571201
6.91697 3574081
6.92055 3576961
6.9231 3579841
6.92549 3582721
6.92788 3585601
6.93027 3588481
6.93266 3591361
6.93509 3594241
6.93748 3597121
6.96186 3600001
6.96558 3602881
6.96834 3605761
6.97073 3608641
6.97313 3611521
6.97552 3614401
6.97791 3617281
6.9803 3620161
6.98269 3623041
6.98508 3625921
7.00831 3628801
7.01167 3631681
7.01443 3634561
7.01682 3637441
7.01921 3640321
7.0216 3643201
7.02404 3646081
7.02643 3648961
7.02882 3651841
7.03121 3654721
7.05439 3657601
7.05812 3660481
7.06051 3663361
7.0629 3666241
7.06529 3669121
7.06769 3672001
7.07012 3674881
7.07251 3677761
7.07525 3680641
7.09938 3686401
7.10301 3689281
7.1054 3692161
7.10779 3695041
7.11018 3697921
7.11257 3700801
7.11501 3703681
7.1174 3706561
7.12014 3709441
7.14427 3712321
7.14666 3715201
7.14905 3718081
7.15144 3720961
7.15383 3723841
7.15622 3726721
7.15861 3729601
7.161 3732481
7.16339 3735361
7.16578 3738241
7.18916 3741121
7.19155 3744001
7.19394 3746881
7.19633 3749761
7.19993 3751201
7.2484 3785761
7.28254 3788641
7.28493 3791521
7.28732 3794401
7.29101 3797281
7.2934 3800161
7.32908 3803041
7.33147 3805921
7.33386 3808801
7.33749 3811681
7.33989 3814561
7.37517 3817441
7.37756 3820321
7.37995 3823201
7.38358 3826081
7.38597 3828961
7.42125 3831841
7.42364 3834721
7.42616 3837601
7.42855 3840481
7.43094 3843361
7.46661 3846241
7.46901 3849121
7.47183 3852001
7.47422 3854881
7.47661 3857761
7.5115 3860641
7.51389 3863521
7.51629 3866401
7.51868 3869281
7.52107 3872161
7.52346 3875041
7.55759 3877921
7.55998 3880801
7.56237 3883681
7.56476 3886561
7.56715 3889441
7.56954 3892321
7.60367 3895201
7.60606 3898081
7.60845 3900961
7.61085 3903841
7.61324 3906721
7.61563 3909601
7.64856 3912481
7.65095 3915361
7.65334 3918241
7.65573 3921121
7.65851 3924001
7.6609 3926881
7.69345 3929761
7.69584 3932641
7.69823 3935521
7.70062 3938401
7.7034 3941281
7.70579 3944161
7.70818 3947041
7.73954 3949921
7.74226 3952801
7.74465 3955681
7.74704 3958561
7.74986 3961441
7.75465 3967201
7.78596 3970081
7.78874 3972961
7.79114 3975841
7.79353 3978721
7.79595 3981601
7.80073 3984481
7.80312 3987361
7.83244 3990241
7.83483 3993121
7.83722 3996001
7.83961 3998881
7.842 4001761
7.84562 4004641
7.84801 4007521
7.87733 4010401
7.87972 4013281
7.88211 4016161
7.88485 4019041
7.88724 4021921
7.89051 4024801
7.8929 4027681
7.92252 4030561
7.92491 4033441
7.9273 4036321
7.92969 4039201
7.93208 4042081
7.93447 4044961
7.93686 4047841
7.93925 4050721
7.96899 4053601
7.97138 4056481
7.97377 4059361
7.97616 4062241
7.97855 4065121
7.98094 4068001
7.98333 4070881
7.98572 4073761
8.01507 4076641
8.01746 4079521
8.02022 4082401
8.02261 4085281
8.025 4088161
8.02739 4091041
8.02978 4093921
8.03217 4096801
8.05996 4099681
8.06235 4102561
8.06511 4105441
8.0675 4108321
8.06989 4111201
8.07257 4114081
8.07496 4116961
8.07735 4119841
8.10485 4122721
8.10724 4125601
8.11 4128481
8.11239 4131361
8.11478 4134241
8.11746 4137121
8.1202 4140001
8.12259 4142881
8.12498 4145761
8.15094 4148641
8.15333 4151521
8.15608 4154401
8.15847 4157281
8.16086 4160161
8.16392 4163041
8.16631 4165921
8.1687 4168801
8.17109 4171681
8.19702 4174561
8.19941 4177441
8.20217 4180321
8.20456 4183201
8.20695 4186081
8.21012 4188961
8.21251 4191841
8.2149 4194721
8.21729 4197601
8.24191 4200481
8.2443 4203361
8.24744 4206241
8.24983 4209121
8.25222 4212001
8.25536 4214881
8.25775 4217761
8.26014 4220641
8.26253 4223521
8.2868 4226401
8.28949 4229281
8.29236 4232161
8.29475 4235041
8.29714 4237921
8.30025 4240801
8.30264 4243681
8.30503 4246561
8.30742 4249441
8.30981 4252321
8.33288 4255201
8.33596 4258081
8.33845 4260961
8.34084 4263841
8.34323 4266721
8.34672 4269601
8.34911 4272481
8.3515 4275361
8.35389 4278241
8.35628 4281121
8.3793 4284001
8.38204 4286881
8.38453 4289761
8.38692 4292641
8.38931 4295521
8.3928 4298401
8.39519 4301281
8.39758 4304161
8.39997 4307041
8.40236 4309921
8.42539 4312801
8.42783 4315681
8.43022 4318561
8.43296 4321441
8.43535 4324321
8.43774 4327201
8.44013 4330081
8.44252 4332961
8.44511 4335841
8.4475 4338721
8.47028 4341601
8.4731 4344481
8.47549 4347361
8.47828 4350241
8.48067 4353121
8.48306 4356001
8.48545 4358881
8.48784 4361761
8.49023 4364641
8.49262 4367521
8.51555 4370401
8.51799 4373281
8.52038 4376161
8.52312 4379041
8.52551 4381921
8.52809 4384801
8.53048 4387681
8.53287 4390561
8.53526 4393441
8.53765 4396321
8.54004 4399201
8.56198 4402081
8.56438 4404961
8.56677 4407841
8.5692 4410721
8.57159 4413601
8.57417 4416481
8.57656 4419361
8.57895 4422241
8.58134 4425121
8.58373 4428001
8.58612 4430881
8.60845 4433761
8.61084 4436641
8.61323 4439521
8.61562 4442401
8.61801 4445281
8.6204 4448161
8.62279 4451041
8.62518 4453921
8.62758 4456801
8.62997 4459681
8.63236 4462561
8.65334 4465441
8.65573 4468321
8.65812 4471201
8.66051 4474081
8.6629 4476961
8.66529 4479841
8.66768 4482721
8.67128 4484161
8.71993 4521601
8.75389 4524481
8.75628 4527361
8.75958 4530241
8.76198 4533121
8.76438 4536001
8.79878 4538881
8.80117 4541761
8.80447 4544641
8.80687 4547521
8.80926 4550401
8.84367 4553281
8.84606 4556161
8.84936 4559041
8.85176 4561921
8.85415 4564801
8.88856 4567681
8.89106 4570561
8.89353 4573441
8.89592 4576321
8.89831 4579201
8.9007 4582081
8.93474 4584961
8.93715 4587841
8.93961 4590721
8.942 4593601
8.94439 4596481
8.9468 4599361
8.98088 4602241
8.98327 4605121
8.9857 4608001
8.98809 4610881
8.99048 4613761
8.99299 4616641
9.02588 4619521
9.02829 4622401
9.03068 4625281
9.03307 4628161
9.03546 4631041
9.03819 4633921
9.07077 4636801
9.07318 4639681
9.07557 4642561
9.07796 4645441
9.08035 4648321
9.08274 4651201
9.08513 4654081
9.11686 4656961
9.11926 4659841
9.12165 4662721
9.12404 4665601
9.12643 4668481
9.12882 4671361
9.13122 4674241
9.16294 4677121
9.16535 4680001
9.16774 4682881
9.17013 4685761
9.17252 4688641
9.17491 4691521
9.1773 4694401
9.20783 4697281
9.21024 4700161
9.21263 4703041
9.21536 4705921
9.21775 4708801
9.22014 4711681
9.22253 4714561
9.25303 4717441
9.25542 4720321
9.25781 4723201
9.26025 4726081
9.26302 4728961
9.31347 4754881
9.3524 4757761
9.35479 4760641
9.35837 4763521
9.39729 4766401
9.39968 4769281
9.40326 4772161
9.44218 4775041
9.44457 4777921
9.44815 4780801
9.48707 4783681
9.48946 4786561
9.49185 4789441
9.49424 4792321
9.53315 4795201
9.53554 4798081
9.53793 4800961
9.54032 4803841
9.57924 4806721
9.58163 4809601
9.58402 4812481
9.58641 4815361
9.62413 4818241
9.62652 4821121
9.62891 4824001
9.63131 4826881
9.66902 4829761
9.67141 4832641
9.6738 4835521
9.6762 4838401
9.71391 4841281
9.7163 4844161
9.71947 4847041
9.72187 4849921
9.72426 4852801
9.76072 4855681
9.76311 4858561
9.76555 4861441
9.76795 4864321
9.77035 4867201
9.80681 4870081
9.8092 4872961
9.81159 4875841
9.81398 4878721
9.81637 4881601
9.85223 4884481
9.85462 4887361
9.85701 4890241
9.8594 4893121
9.8618 4896001
9.89712 4898881
9.89951 4901761
9.9019 4904641
9.90429 4907521
9.90668 4910401
9.90908 4913281
9.94321 4916161
9.9456 4919041
9.94799 4921921
9.95038 4924801
9.95277 4927681
9.95554 4930561
9.98963 4933441
9.99202 4936321
9.99441 4939201
9.9968 4942081
9.99919 4944961
10.0016 4947841
10.0345 4950721
10.0369 4953601
10.0393 4956481
10.0417 4959361
10.0441 4962241
10.0465 4965121
10.0794 4968001
10.0818 4970881
10.0842 4973761
10.0866 4976641
10.089 4979521
10.0914 4982401
10.1243 4985281
10.1267 4988161
10.1291 4991041
10.1315 4993921
10.1339 4996801
10.1362 4999681
10.1386 5002561
10.1704 5005441
10.1728 5008321
10.1752 5011201
10.1776 5014081
10.1799 5016961
10.1823 5019841
10.1847 5022721
10.2165 5025601
10.2192 5028481
10.2216 5031361
10.2241 5034241
10.2265 5037121
10.2289 5040001
10.2313 5042881
10.2617 5045761
10.2641 5048641
10.2666 5051521
10.269 5054401
10.2714 5057281
10.2738 5060161
10.2762 5063041
10.3066 5065921
10.309 5068801
10.3115 5071681
10.3139 5074561
10.3163 5077441
10.3187 5080321
10.3211 5083201
10.3236 5086081
10.3527 5088961
10.3551 5091841
10.3577 5094721
10.3601 5097601
10.3625 5100481
10.3649 5103361
10.3673 5106241
10.3697 5109121
10.399 5112001
10.4013 5114881
10.4038 5117761
10.4062 5120641
10.4086 5123521
10.4582 5150881
10.4972 5153761
10.4996 5156641
10.502 5159521
10.542 5162401
10.5444 5165281
10.5468 5168161
10.5869 5171041
10.5893 5173921
10.5917 5176801
10.5944 5179681
10.6334 5182561
10.6362 5185441
10.6386 5188321
10.641 5191201
10.6795 5194081
10.6823 5196961
10.6847 5199841
10.6871 5202721
10.7244 5205601
10.7276 5208481
10.7301 5211361
10.7325 5214241
10.7693 5217121
10.7724 5220001
10.775 5222881
10.7774 5225761
10.7798 5228641
10.8154 5231521
10.8185 5234401
10.8211 5237281
10.8234 5240161
10.8258 5243041
10.8615 5245921
10.8648 5248801
10.8672 5251681
10.8696 5254561
10.872 5257441
10.9075 5260321
10.9099 5263201
10.9123 5266081
10.9147 5268961
10.9171 5271841
10.9524 5274721
10.9548 5277601
10.9572 5280481
10.9596 5283361
10.962 5286241
10.9973 5289121
10.9997 5292001
11.0021 5294881
11.0045 5297761
11.0069 5300641
11.0093 5303521
11.0434 5306401
11.0458 5309281
11.0482 5312161
11.051 5315041
11.0533 5317921
11.0557 5320801
11.0895 5323681
11.0919 5326561
11.0943 5329441
11.097 5332321
11.0994 5335201
11.1018 5338081
11.1347 5340961
11.1371 5343841
11.1395 5346721
11.1419 5349601
11.1448 5352481
11.1472 5355361
11.1797 5358241
11.1825 5361121
11.1849 5364001
11.1873 5366881
11.1897 5369761
11.1921 5372641
11.1945 5375521
11.2258 5378401
11.2286 5381281
11.231 5384161
11.2334 5387041
11.2358 5389921
11.2382 5392801
11.2406 5395681
11.2722 5398561
11.2747 5401441
11.2772 5404321
11.2796 5407201
11.2819 5410081
11.2843 5412961
11.2867 5415841
11.3175 5418721
11.3199 5421601
11.3223 5424481
11.3247 5427361
11.3271 5430241
11.3295 5433121
11.3319 5436001
11.3624 5438881
11.3648 5441761
11.3672 5444641
11.3696 5447521
11.372 5450401
11.3744 5453281
11.3767 5456161
11.4073 5459041
11.4097 5461921
11.4121 5464801
11.4145 5467681
11.4169 5470561
11.4192 5473441
11.4216 5476321
11.424 5479201
11.4534 5482081
11.4558 5484961
11.4582 5487841
11.4606 5490721
11.4629 5493601
11.4653 5496481
11.4677 5499361
11.4701 5502241
11.4995 5505121
11.5019 5508001
11.5042 5510881
11.5066 5513761
11.509 5516641
11.5114 5519521
11.5138 5522401
11.5162 5525281
11.5444 5528161
11.5467 5531041
11.5491 5533921
11.5515 5536801
11.5539 5539681
11.5563 5542561
11.5587 5545441
11.5611 5548321
11.5892 5551201
11.5916 5554081
11.594 5556961
11.5964 5559841
11.5988 5562721
11.6012 5565601
11.604 5568481
11.6064 5571361
11.6088 5574241
11.6353 5577121
11.6381 5580001
11.6405 5582881
11.6428 5585761
11.6452 5588641
11.6476 5591521
11.6505 5594401
11.6528 5597281
11.6552 5600161
11.6817 5603041
11.6842 5605921
11.6869 5608801
11.6893 5611681
11.6917 5614561
11.6941 5617441
11.6965 5620321
11.6989 5623201
11.7013 5626081
11.727 5628961
11.7293 5631841
11.7318 5634721
11.7342 5637601
11.737 5640481
11.7394 5643361
11.7417 5646241
11.7441 5649121
11.7465 5652001
11.7718 5654881
11.7742 5657761
11.777 5660641
11.7794 5663521
11.7822 5666401
11.7846 5669281
11.787 5672161
11.7894 5675041
11.7918 5677921
11.7942 5680801
11.8183 5683681
11.8207 5686561
11.8235 5689441
11.8259 5692321
11.8283 5695201
11.8307 5698081
11.8331 5700961
11.8355 5703841
11.838 5706721
11.8404 5709601
11.8647 5712481
11.8671 5715361
11.8697 5718241
11.8721 5721121
11.8745 5724001
11.8769 5726881
11.8793 5729761
11.8817 5732641
11.8841 5735521
11.8865 5738401
11.9096 5741281
11.912 5744161
11.9146 5747041
11.917 5749921
11.9194 5752801
11.9218 5755681
11.9242 5758561
11.9266 5761441
11.929 5764321
11.9314 5767201
11.9545 5770081
11.9569 5772961
11.9595 5775841
11.9619 5778721
11.9643 5781601
11.9667 5784481
11.9691 5787361
11.9714 5790241
11.9739 5793121
11.9763 5796001
11.9994 5798881
12.0018 5801761
12.0042 5804641
12.0068 5807521
12.0091 5810401
12.0116 5813281
12.014 5816161
12.0164 5819041
12.0187 5821921
12.0211 5824801
12.0235 5827681
12.0457 5830561
12.048 5833441
12.0504 5836321
12.0528 5839201
12.0552 5842081
12.0577 5844961
12.06 5847841
12.0624 5850721
12.0648 5853601
12.0672 5856481
12.0696 5859361
12.0917 5862241
12.0941 5865121
12.0965 5868001
12.0989 5870881
12.1013 5873761
12.1037 5876641
12.1062 5879521
12.1086 5882401
12.111 5885281
12.1134 5888161
12.1158 5891041
12.1366 5893921
12.139 5896801
12.1414 5899681
12.1438 5902561
12.1462 5905441
12.1486 5908321
12.1511 5911201
12.1535 5914081
12.1559 5916961
12.1583 5919841
12.1607 5922721
12.1815 5925601
12.1839 5928481
12.1864 5931361
12.1888 5934241
12.1912 5937121
12.1936 5940001
12.196 5942881
12.1984 5945761
12.2008 5948641
12.2032 5951521
12.2056 5954401
12.2264 5955841
12.2753 5993281
12.2909 5996161
12.2933 5999041
12.2957 6001921
12.3167 6004801
12.3191 6007681
12.3358 6010561
12.3382 6013441
12.3406 6016321
12.3616 6019201
12.3639 6022081
12.3807 6024961
12.3832 6027841
12.3856 6030721
12.4068 6033601
12.4092 6036481
12.4256 6039361
12.4281 6042241
12.4305 6045121
12.4329 6048001
12.4529 6050881
12.4553 6053761
12.4717 6056641
12.4742 6059521
12.4766 6062401
12.479 6065281
12.4994 6068161
12.5018 6071041
12.5178 6073921
12.5203 6076801
12.5226 6079681
12.5251 6082561
12.5443 6085441
12.5467 6088321
12.5627 6091201
12.5651 6094081
12.5675 6096961
12.57 6099841
12.5892 6102721
12.5917 6105601
12.6076 6108481
12.61 6111361
12.6124 6114241
12.6149 6117121
12.6341 6120001
12.6365 6122881
12.6389 6125761
12.6538 6128641
12.6562 6131521
12.6586 6134401
12.661 6137281
12.6802 6140161
12.6826 6143041
12.685 6145921
12.6999 6148801
12.7023 6151681
12.7047 6154561
12.7071 6157441
12.7263 6160321
12.7287 6163201
12.7311 6166081
12.7448 6168961
12.7472 6171841
12.7496 6174721
12.752 6177601
12.7713 6180481
12.7737 6183361
12.7761 6186241
12.7897 6189121
12.7921 6192001
12.7945 6194881
12.7969 6197761
12.8166 6200641
12.819 6203521
12.8214 6206401
12.8346 6209281
12.8369 6212161
12.8393 6215041
12.8417 6217921
12.8441 6220801
12.8627 6223681
12.8651 6226561
12.8675 6229441
12.8806 6232321
12.883 6235201
12.8858 6238081
12.8882 6240961
12.8906 6243841
12.9087 6246721
12.9112 6249601
12.9135 6252481
12.9271 6255361
12.9295 6258241
12.9323 6261121
12.9347 6264001
12.9371 6266881
12.954 6269761
12.9564 6272641
12.9588 6275521
12.972 6278401
12.9744 6281281
12.9772 6284161
12.9796 6287041
12.982 6289921
12.9989 6292801
13.0013 6295681
13.0037 6298561
13.0169 6301441
13.0193 6304321
13.0226 6307201
13.025 6310081
13.0274 6312961
13.0298 6315841
13.045 6318721
13.0474 6321601
13.0498 6324481
13.063 6327361
13.0653 6330241
13.0687 6333121
13.0711 6336001
13.0735 6338881
13.0759 6341761
13.0911 6344641
13.0935 6347521
13.0959 6350401
13.109 6353281
13.1114 6356161
13.1148 6359041
13.1172 6361921
13.1199 6364801
13.1223 6367681
13.136 6370561
13.1384 6373441
13.1407 6376321
13.1543 6379201
13.1568 6382081
13.16 6384961
13.1624 6387841
13.1648 6390721
13.1672 6393601
13.1812 6396481
13.1836 6399361
13.186 6402241
13.1993 6405121
13.2017 6408001
13.2049 6410881
13.2073 6413761
13.2097 6416641
13.2121 6419521
13.2265 6422401
13.2289 6425281
13.2314 6428161
13.2338 6431041
13.2454 6433921
13.2478 6436801
13.251 6439681
13.2534 6442561
13.2558 6445441
13.2582 6448321
13.2726 6451201
13.2751 6454081
13.2775 6456961
13.2799 6459841
13.2915 6462721
13.2939 6465601
13.2971 6468481
13.2995 6471361
13.3019 6474241
13.3043 6477121
13.3187 6480001
13.3212 6482881
13.3236 6485761
13.326 6488641
13.3364 6491521
13.3387 6494401
13.342 6497281
13.3444 6500161
13.3468 6503041
13.3492 6505921
13.3636 6508801
13.3661 6511681
13.3685 6514561
13.3709 6517441
13.3812 6520321
13.3836 6523201
13.387 6526081
13.3898 6528961
13.3922 6531841
13.3946 6534721
13.4088 6537601
13.4112 6540481
13.4136 6543361
13.4159 6546241
13.4261 6549121
13.4285 6552001
13.4309 6554881
13.4333 6557761
13.4359 6560641
13.4383 6563521
13.4407 6566401
13.4552 6569281
13.4575 6572161
13.4599 6575041
13.4623 6577921
13.4722 6580801
13.4746 6583681
13.477 6586561
13.4794 6589441
13.4836 6590881
13.5321 6599521
13.5663 6626881
13.5686 6629761
13.571 6632641
13.5734 6635521
13.5758 6638401
13.6115 6641281
13.6151 6644161
13.6175 6647041
13.62 6649921
13.6224 6652801
13.6576 6655681
13.6612 6658561
13.6636 6661441
13.666 6664321
13.6684 6667201
13.7029 6670081
13.7061 6672961
13.7085 6675841
13.7109 6678721
13.7133 6681601
13.7478 6684481
13.751 6687361
13.7534 6690241
13.7558 6693121
13.7581 6696001
13.7605 6698881
13.7942 6701761
13.7971 6704641
13.7995 6707521
13.8018 6710401
13.8042 6713281
13.8066 6716161
13.8403 6719041
13.8431 6721921
13.8459 6724801
13.8483 6727681
13.8507 6730561
13.8531 6733441
13.8852 6736321
13.8884 6739201
13.8908 6742081
13.8933 6744961
13.8957 6747841
13.8981 6750721
13.9305 6753601
13.9333 6756481
13.9357 6759361
13.9382 6762241
13.9406 6765121
13.943 6768001
13.9454 6770881
13.9766 6773761
13.9794 6776641
13.9818 6779521
13.9843 6782401
13.9867 6785281
13.9895 6788161
13.9919 6791041
14.023 6793921
14.0255 6796801
14.0279 6799681
14.0307 6802561
14.0331 6805441
14.0355 6808321
14.0379 6811201
14.0691 6814081
14.0715 6816961
14.0739 6819841
14.0763 6822721
14.0787 6825601
14.081 6828481
14.0834 6831361
14.114 6834241
14.1164 6837121
14.1188 6840001
14.1212 6842881
14.1237 6845761
14.1261 6848641
14.1284 6851521
14.1589 6854401
14.1613 6857281
14.1637 6860161
14.166 6863041
14.1684 6865921
14.2181 6891841
14.3044 6904801
14.3493 6907681
14.3958 6910561
14.4419 6913441
14.4868 6916321
14.5321 6919201
14.5772 6922081
14.5796 6924961
14.6233 6927841
14.6259 6930721
14.6696 6933601
14.672 6936481
14.7158 6939361
14.7182 6942241
14.7607 6945121
14.7631 6948001
14.8056 6950881
14.808 6953761
14.8103 6956641
14.852 6959521
14.8544 6962401
14.8568 6965281
14.8981 6968161
14.9005 6971041
14.9029 6973921
14.943 6976801
14.9454 6979681
14.9478 6982561
14.9879 6985441
14.9903 6988321
14.9927 6991201
15.0328 6994081
15.0352 6996961
15.0376 6999841
15.04 7002721
15.0789 7005601
15.0813 7008481
15.0837 7011361
15.086 7014241
15.125 7017121
15.1273 7020001
15.1297 7022881
15.1321 7025761
15.1699 7028641
15.1723 7031521
15.1747 7034401
15.1771 7037281
15.2148 7040161
15.2172 7043041
15.2196 7045921
15.222 7048801
15.2597 7051681
15.2621 7054561
15.2645 7057441
15.2669 7060321
15.2693 7063201
15.3062 7066081
15.309 7068961
15.3114 7071841
15.3137 7074721
15.3161 7077601
15.3523 7080481
15.3556 7083361
15.358 7086241
15.3604 7089121
15.3628 7092001
15.3972 7094881
15.4007 7097761
15.4031 7100641
15.4055 7103521
15.4079 7106401
15.4428 7109281
15.4456 7112161
15.448 7115041
15.4981 7135201
15.5394 7138081
15.5418 7140961
15.5847 7143841
15.5871 7146721
15.6296 7149601
15.6319 7152481
15.7219 7164001
15.7668 7166881
15.8133 7169761
15.8597 7172641
15.9062 7175521
15.9512 7178401
15.9965 7181281
16.0414 7184161
16.0438 7187041
16.0878 7189921
16.0902 7192801
16.1339 7195681
16.1363 7198561
16.18 7201441
16.1824 7204321
16.2253 7207201
16.2277 7210081
16.2702 7212961
16.2725 7215841
16.2751 7218721
16.3162 7221601
16.3186 7224481
16.3212 7227361
16.3627 7230241
16.3651 7233121
16.3675 7236001
16.4076 7238881
16.41 7241761
16.4123 7244641
16.4525 7247521
16.4548 7250401
16.4572 7253281
16.4973 7256161
16.4997 7259041
16.5021 7261921
16.5045 7264801
16.5435 7267681
16.5459 7270561
16.5482 7273441
16.5506 7276321
16.5896 7279201
16.5919 7282081
16.5943 7284961
16.5967 7287841
16.6344 7290721
16.6368 7293601
16.6392 7296481
16.6416 7299361
16.6797 7302241
16.6821 7305121
16.6845 7308001
16.6869 7310881
16.725 7313761
16.7274 7316641
16.7298 7319521
16.7322 7322401
16.7347 7325281
16.7711 7328161
16.7735 7331041
16.7759 7333921
16.7783 7336801
16.7808 7339681
16.8172 7342561
16.8196 7345441
16.822 7348321
16.8244 7351201
16.8268 7354081
16.8621 7356961
16.8649 7359841
16.8673 7362721
16.8697 7365601
16.8721 7368481
16.9073 7371361
16.9098 7374241
16.9122 7377121
16.9146 7380001
16.9169 7382881
16.9193 7385761
16.9534 7388641
16.9559 7391521
16.9583 7394401
16.9606 7397281
16.963 7400161
16.9654 7403041
16.9995 7405921
17.0021 7408801
17.0044 7411681
17.0068 7414561
17.0092 7417441
17.0116 7420321
17.0444 7423201
17.0469 7426081
17.0493 7428961
17.0517 7431841
17.0541 7434721
17.0565 7437601
17.0893 7440481
17.0918 7443361
17.0942 7446241
17.0966 7449121
17.099 7452001
17.103 7453441
17.1803 7476481
17.1915 7479361
17.194 7482241
17.2252 7485121
17.2377 7488001
17.2405 7490881
17.2713 7493761
17.2838 7496641
17.2866 7499521
17.3174 7502401
17.3299 7505281
17.3323 7508161
17.3623 7511041
17.3748 7513921
17.3772 7516801
17.4073 7519681
17.4197 7522561
17.4221 7525441
17.4245 7528321
17.4534 7531201
17.4657 7534081
17.4681 7536961
17.4705 7539841
17.4995 7542721
17.5118 7545601
17.5142 7548481
17.5166 7551361
17.5459 7554241
17.5567 7557121
17.5591 7560001
17.5615 7562881
17.5908 7565761
17.6016 7568641
17.604 7571521
17.6064 7574401
17.6357 7577281
17.6465 7580161
17.6489 7583041
17.6513 7585921
17.6537 7588801
17.6818 7591681
17.6927 7594561
17.6951 7597441
17.6975 7600321
17.6999 7603201
17.7279 7606081
17.7391 7608961
17.7416 7611841
17.7439 7614721
17.7463 7617601
17.7732 7620481
17.784 7623361
17.7864 7626241
17.7888 7629121
17.7912 7632001
17.8181 7634881
17.8289 7637761
17.8313 7640641
17.8337 7643521
17.8361 7646401
17.8385 7649281
17.8642 7652161
17.875 7655041
17.8774 7657921
17.8798 7660801
17.8822 7663681
17.8846 7666561
17.9103 7669441
17.9211 7672321
17.9235 7675201
17.9259 7678081
17.9283 7680961
17.9552 7682401
18.0037 7704001
18.045 7706881
18.0474 7709761
18.0899 7712641
18.0923 7715521
18.1348 7718401
18.1372 7721281
18.1396 7724161
18.1809 7727041
18.1833 7729921
18.1857 7732801
18.227 7735681
18.2294 7738561
18.2318 7741441
18.2719 7744321
18.2743 7747201
18.2767 7750081
18.3168 7752961
18.3196 7755841
18.322 7758721
18.3621 7761601
18.3645 7764481
18.3669 7767361
18.3692 7770241
18.4082 7773121
18.4106 7776001
18.4129 7778881
18.4153 7781761
18.4548 7784641
18.4572 7787521
18.4596 7790401
18.4619 7793281
18.4997 7796161
18.5021 7799041
18.5044 7801921
18.5068 7804801
18.5446 7807681
18.5469 7810561
18.5493 7813441
18.5517 7816321
18.5541 7819201
18.5906 7822081
18.593 7824961
18.5954 7827841
18.5978 7830721
18.6002 7833601
18.6367 7836481
18.6391 7839361
18.6415 7842241
18.6439 7845121
18.6463 7848001
18.6828 7850881
18.6852 7853761
18.6879 7856641
18.6903 7859521
18.6927 7862401
18.728 7865281
18.7304 7868161
18.7328 7871041
18.7356 7873921
18.7381 7876801
18.7729 7879681
18.7756 7882561
18.778 7885441
18.7804 7888321
18.7828 7891201
18.7852 7894081
18.8189 7896961
18.8219 7899841
18.8242 7902721
18.8743 7922881
18.9158 7925761
18.9182 7928641
18.9607 7931521
18.9631 7934401
19.0059 7937281
19.0082 7940161
19.0507 7943041
19.0531 7945921
19.0555 7948801
19.0968 7951681
19.0992 7954561
19.1016 7957441
19.1429 7960321
19.1453 7963201
19.1477 7966081
19.1878 7968961
19.1902 7971841
19.1926 7974721
19.2332 7977601
19.2356 7980481
19.238 7983361
19.2781 7986241
19.2805 7989121
19.2829 7992001
19.2853 7994881
19.3246 7997761
19.327 8000641
19.3294 8003521
19.3317 8006401
19.3707 8009281
19.373 8012161
19.3754 8015041
19.3778 8017921
19.4155 8020801
19.4179 8023681
19.4203 8026561
19.4227 8029441
19.4604 8032321
19.4628 8035201
19.4652 8038081
19.4676 8040961
19.5053 8043841
19.5077 8046721
19.5101 8049601
19.5125 8052481
19.5149 8055361
19.5514 8058241
19.5538 8061121
19.5562 8064001
19.5586 8066881
19.561 8069761
19.5975 8072641
19.5999 8075521
19.6024 8078401
19.6048 8081281
19.6072 8084161
19.6427 8087041
19.6451 8089921
19.6475 8092801
19.6501 8095681
19.6525 8098561
19.6877 8101441
19.6901 8104321
19.6925 8107201
19.6953 8110081
19.6977 8112961
19.7001 8115841
19.7342 8118721
19.7366 8121601
19.739 8124481
19.7414 8127361
19.7442 8130241
19.7466 8133121
19.7806 8136001
19.783 8138881
19.7854 8141761
19.7878 8144641
19.7906 8147521
19.793 8150401
19.8259 8153281
19.8283 8156161
19.8307 8159041
19.8331 8161921
19.8355 8164801
19.8379 8167681
19.8708 8170561
19.8732 8173441
19.8756 8176321
19.878 8179201
19.8805 8182081
19.8829 8184961
19.9162 8187841
19.9186 8190721
19.921 8193601
19.9257 8199361
19.9281 8202241
19.9305 8205121
19.9623 8208001
19.9647 8210881
19.967 8213761
19.9718 8216641
19.9742 8219521
19.9766 8222401
19.979 8225281
20.0083 8228161
20.0107 8231041
20.0131 8233921
20.0167 8236801
20.0215 8242561
20.0239 8245441
20.0532 8248321
20.0556 8251201
20.058 8254081
20.0616 8256961
20.0664 8259841
20.0688 8262721
20.0712 8265601
20.0981 8268481
20.1005 8271361
20.1029 8274241
20.1065 8277121
20.1117 8280001
20.114 8282881
20.1166 8285761
20.119 8288641
20.1442 8291521
20.1466 8294401
20.1491 8297281
20.1529 8300161
20.1577 8303041
20.1602 8305921
20.1627 8308801
20.1651 8311681
20.1903 8314561
20.1927 8317441
20.1952 8320321
20.199 8323201
20.2038 8326081
20.2063 8328961
20.2087 8331841
20.2111 8334721
20.2356 8337601
20.238 8340481
20.2403 8343361
20.2439 8346241
20.2491 8349121
20.2515 8352001
20.2539 8354881
20.2563 8357761
20.2808 8360641
20.2832 8363521
20.2856 8366401
20.2888 8369281
20.2944 8372161
20.2968 8375041
20.2992 8377921
20.3016 8380801
20.3261 8383681
20.3285 8386561
20.3309 8389441
20.3333 8392321
20.3356 8395201
20.3405 8398081
20.3429 8400961
20.3453 8403841
20.3478 8406721
20.3722 8409601
20.3746 8412481
20.3769 8415361
20.3793 8418241
20.3819 8421121
20.3866 8424001
20.389 8426881
20.3914 8429761
20.3939 8432641
20.4187 8435521
20.4211 8438401
20.4235 8441281
20.4259 8444161
20.4283 8447041
20.4315 8449921
20.4339 8452801
20.4363 8455681
20.4388 8458561
20.4636 8461441
20.466 8464321
20.4684 8467201
20.4708 8470081
20.4744 8471521
20.5229 8503201
20.5594 8506081
20.563 8508961
20.5654 8511841
20.5678 8514721
20.6043 8517601
20.6079 8520481
20.6103 8523361
20.6127 8526241
20.6492 8529121
20.6528 8532001
20.6552 8534881
20.6576 8537761
20.6941 8540641
20.6977 8543521
20.7 8546401
20.7024 8549281
20.7048 8552161
20.7402 8555041
20.7441 8557921
20.7465 8560801
20.7489 8563681
20.7513 8566561
20.7862 8569441
20.7904 8572321
20.7928 8575201
20.7952 8578081
20.7976 8580961
20.8311 8583841
20.8353 8586721
20.8377 8589601
20.8401 8592481
20.8425 8595361
20.876 8598241
20.8802 8601121
20.8826 8604001
20.885 8606881
20.8873 8609761
20.8897 8612641
20.9221 8615521
20.9263 8618401
20.9286 8621281
20.931 8624161
20.9334 8627041
20.9358 8629921
20.9682 8632801
20.9723 8635681
20.9747 8638561
20.9771 8641441
20.9795 8644321
20.9819 8647201
21.0131 8650081
21.0172 8652961
21.0196 8655841
21.022 8658721
21.0244 8661601
21.0269 8664481
21.058 8667361
21.0622 8670241
21.0646 8673121
21.067 8676001
21.0694 8678881
21.0718 8681761
21.1029 8684641
21.1071 8687521
21.1095 8690401
21.1119 8693281
21.1143 8696161
21.1166 8699041
21.119 8701921
21.1489 8704801
21.1532 8707681
21.1556 8710561
21.158 8713441
21.1603 8716321
21.1627 8719201
21.1651 8722081
21.1952 8724961
21.1993 8727841
21.2016 8730721
21.2044 8733601
21.2068 8736481
21.2092 8739361
21.2116 8742241
21.2401 8745121
21.2441 8748001
21.2465 8750881
21.2493 8753761
21.2517 8756641
21.2541 8759521
21.2565 8762401
21.285 8765281
21.289 8768161
21.2914 8771041
21.2942 8773921
21.2969 8776801
21.2993 8779681
21.3017 8782561
21.3041 8785441
21.3311 8788321
21.3351 8791201
21.3375 8794081
21.3405 8796961
21.343 8799841
21.3454 8802721
21.3501 8808481
21.3772 8811361
21.3812 8814241
21.3836 8817121
21.3866 8820001
21.3891 8822881
21.3914 8825761
21.3962 8828641
21.3986 8831521
21.4221 8834401
21.4261 8837281
21.4285 8840161
21.4315 8843041
21.4339 8845921
21.4363 8848801
21.4411 8851681
21.5119 8879041
21.5273 8881921
21.5321 8884801
21.5345 8887681
21.5722 8890561
21.577 8893441
21.5796 8896321
21.6183 8897761
21.6669 8912161
21.7105 8915041
21.7554 8917921
21.8003 8920801
21.8452 8923681
21.8901 8926561
21.8924 8929441
21.9362 8932321
21.9386 8935201
21.9823 8938081
21.9847 8940961
22.0272 8943841
22.0296 8946721
22.0721 8949601
22.0745 8952481
22.1173 8955361
22.1197 8958241
22.1221 8961121
22.1638 8964001
22.1662 8966881
22.1686 8969761
22.2099 8972641
22.2124 8975521
22.2148 8978401
22.2547 8981281
22.2573 8984161
22.2597 8987041
22.2996 8989921
22.3022 8992801
22.3046 8995681
22.3445 8998561
22.3471 9001441
22.3494 9004321
22.3518 9007201
22.3906 9010081
22.3931 9012961
22.3955 9015841
22.3979 9018721
22.4367 9021601
22.4392 9024481
22.4416 9027361
22.444 9030241
22.4816 9033121
22.4844 9036001
22.4869 9038881
22.4893 9041761
22.5265 9044641
22.5293 9047521
22.5318 9050401
22.5342 9053281
22.5366 9056161
22.5726 9059041
22.5754 9061921
22.5778 9064801
22.5802 9067681
22.583 9070561
22.6186 9073441
22.6218 9076321
22.6246 9079201
22.627 9082081
22.6294 9084961
22.6647 9087841
22.6671 9090721
22.6695 9093601
22.6719 9096481
22.6743 9099361
22.7096 9102241
22.712 9105121
22.7145 9108001
22.7169 9110881
22.7193 9113761
22.755 9116641
22.7574 9119521
22.7598 9122401
22.7622 9125281
22.7646 9128161
22.7669 9131041
22.8011 9133921
22.8035 9136801
22.8059 9139681
22.8083 9142561
22.8106 9145441
22.813 9148321
22.8475 9151201
22.85 9154081
22.8524 9156961
22.8548 9159841
22.8572 9162721
22.8596 9165601
22.8924 9168481
22.8949 9171361
22.8973 9174241
22.8997 9177121
22.9021 9180001
22.9045 9182881
22.9373 9185761
22.9398 9188641
22.9422 9191521
22.9446 9194401
22.947 9197281
22.9494 9200161
22.9518 9203041
22.9834 9205921
22.9859 9208801
22.9883 9211681
22.9907 9214561
22.9931 9217441
22.9955 9220321
22.9979 9223201
23.0295 9226081
23.032 9228961
23.0344 9231841
23.0368 9234721
23.0392 9237601
23.0416 9240481
23.044 9243361
23.0744 9246241
23.0769 9249121
23.0793 9252001
23.0818 9254881
23.0842 9257761
23.0866 9260641
23.089 9263521
23.1195 9266401
23.1219 9269281
23.1243 9272161
23.1267 9275041
23.1291 9277921
23.1315 9280801
23.1343 9283681
23.1644 9286561
23.1667 9289441
23.1691 9292321
23.1715 9295201
23.1739 9298081
23.1763 9300961
23.1787 9303841
23.1811 9306721
23.2104 9309601
23.2128 9312481
23.2152 9315361
23.218 9318241
23.2204 9321121
23.2228 9324001
23.2252 9326881
23.2276 9329761
23.2565 9332641
23.2592 9335521
23.2616 9338401
23.264 9341281
23.2664 9344161
23.2688 9347041
23.2712 9349921
23.2736 9352801
23.3017 9355681
23.3041 9358561
23.3065 9361441
23.3089 9364321
23.3113 9367201
23.3137 9370081
23.3161 9372961
23.3186 9375841
23.3466 9378721
23.349 9381601
23.3515 9384481
23.3539 9387361
23.3563 9390241
23.3587 9393121
23.3611 9396001
23.3635 9398881
23.3659 9401761
23.3928 9404641
23.3952 9407521
23.3976 9410401
23.4 9413281
23.4024 9416161
23.4052 9419041
23.4076 9421921
23.41 9424801
23.4123 9427681
23.4389 9430561
23.4413 9433441
23.4437 9436321
23.4461 9439201
23.4485 9442081
23.4513 9444961
23.4538 9447841
23.4562 9450721
23.4586 9453601
23.4838 9456481
23.4862 9459361
23.4886 9462241
23.491 9465121
23.4934 9468001
23.4962 9470881
23.4987 9473761
23.5011 9476641
23.5035 9479521
23.5287 9482401
23.531 9485281
23.5335 9488161
23.5359 9491041
23.5383 9493921
23.5414 9496801
23.5438 9499681
23.5462 9502561
23.5486 9505441
23.551 9508321
23.5747 9511201
23.5771 9514081
23.5796 9516961
23.582 9519841
23.5844 9522721
23.5875 9525601
23.5899 9528481
23.5923 9531361
23.5948 9534241
23.5972 9537121
23.6212 9540001
23.6236 9542881
23.626 9545761
23.6284 9548641
23.6307 9551521
23.634 9554401
23.6364 9557281
23.6387 9560161
23.6411 9563041
23.6435 9565921
23.6661 9568801
23.6685 9571681
23.6708 9574561
23.6732 9577441
23.6756 9580321
23.679 9583201
23.6814 9586081
23.6838 9588961
23.6862 9591841
23.6886 9594721
23.711 9597601
23.7133 9600481
23.7161 9603361
23.7185 9606241
23.7209 9609121
23.7239 9612001
23.7265 9614881
23.7289 9617761
23.7313 9620641
23.7338 9623521
23.7558 9626401
23.7582 9629281
23.761 9632161
23.7634 9635041
23.7658 9637921
23.7682 9640801
23.7706 9643681
23.773 9646561
23.7754 9649441
23.7777 9652321
23.7803 9655201
23.8023 9658081
23.8048 9660961
23.8072 9663841
23.8096 9666721
23.812 9669601
23.8144 9672481
23.8168 9675361
23.8192 9678241
23.8216 9681121
23.824 9684001
23.8264 9686881
23.8485 9689761
23.8509 9692641
23.8533 9695521
23.8557 9698401
23.8581 9701281
23.8605 9704161
23.8629 9707041
23.8653 9709921
23.8677 9712801
23.8701 9715681
23.8725 9718561
23.8934 9721441
23.8958 9724321
23.8982 9727201
23.9006 9730081
23.9033 9732961
23.9057 9735841
23.9081 9738721
23.9105 9741601
23.9129 9744481
23.9153 9747361
23.9177 9750241
23.9383 9753121
23.9407 9756001
23.9431 9758881
23.9458 9761761
23.9482 9764641
23.9506 9767521
23.953 9770401
23.9554 9773281
23.9578 9776161
23.9602 9779041
23.9626 9781921
23.965 9784801
23.9847 9787681
23.9871 9790561
23.9895 9793441
23.9919 9796321
23.9947 9799201
23.9971 9802081
23.9995 9804961
24.0019 9807841
24.0043 9810721
24.0067 9813601
24.009 9816481
24.0114 9819361
24.0308 9822241
24.0332 9825121
24.0355 9828001
24.038 9830881
24.0411 9833761
24.0435 9836641
24.0459 9839521
24.0487 9842401
24.0511 9845281
24.0535 9848161
24.0559 9851041
24.0583 9853921
24.0756 9856801
24.078 9859681
24.0804 9862561
24.0829 9865441
24.086 9868321
24.0884 9871201
24.0908 9874081
24.0944 9876961
24.0968 9879841
24.0992 9882721
24.1015 9885601
24.1039 9888481
24.1205 9891361
24.1229 9894241
24.1253 9897121
24.1281 9900001
24.1309 9902881
24.1333 9905761
24.1357 9908641
24.1393 9911521
24.1417 9914401
24.144 9917281
24.1464 9920161
24.1488 9923041
24.1512 9925921
24.1666 9928801
24.169 9931681
24.1714 9934561
24.1742 9937441
24.1771 9940321
24.1795 9943201
24.1819 9946081
24.1855 9948961
24.1879 9951841
24.1903 9954721
24.1939 9956161
24.2427 9976321
24.2733 9997921
24.2769 10000801
24.2793 10003681
24.2816 10006561
24.284 10009441
24.2864 10012321
24.3182 10015201
24.3229 10018081
24.3253 10020961
24.3277 10023841
24.3301 10026721
24.3325 10029601
24.3643 10032481
24.369 10035361
24.3714 10038241
24.3738 10041121
24.3762 10044001
24.3786 10046881
24.4139 10052641
24.4163 10055521
24.4187 10058401
24.4211 10061281
24.4235 10064161
24.4592 10067041
24.4616 10069921
24.464 10072801
24.4663 10075681
24.4687 10078561
24.4711 10081441
24.4735 10084321
24.5053 10087201
24.5077 10090081
24.51 10092961
24.5128 10095841
24.5152 10098721
24.5176 10101601
24.52 10104481
24.5513 10107361
24.554 10110241
24.5564 10113121
24.5589 10116001
24.5613 10118881
24.5637 10121761
24.5661 10124641
24.5966 10127521
24.599 10130401
24.6014 10133281
24.6038 10136161
24.6062 10139041
24.6086 10141921
24.611 10144801
24.6419 10147681
24.6443 10150561
24.6467 10153441
24.6491 10156321
24.6515 10159201
24.6539 10162081
24.6563 10164961
24.6586 10167841
24.688 10170721
24.6904 10173601
24.6928 10176481
24.6952 10179361
24.6976 10182241
24.7 10185121
24.7023 10188001
24.7047 10190881
24.7341 10193761
24.7365 10196641
24.7389 10199521
24.7413 10202401
24.7436 10205281
24.746 10208161
24.7484 10211041
24.7508 10213921
24.7802 10216801
24.7825 10219681
24.7849 10222561
24.7873 10225441
24.7897 10228321
24.7921 10231201
24.7945 10234081
24.7969 10236961
24.825 10239841
24.8274 10242721
24.8298 10245601
24.8322 10248481
24.8346 10251361
24.837 10254241
24.8394 10257121
24.8418 10260001
24.8703 10262881
24.8727 10265761
24.8751 10268641
24.8775 10271521
24.8799 10274401
24.8823 10277281
24.8847 10280161
24.8871 10283041
24.8895 10285921
24.9164 10288801
24.9188 10291681
24.9212 10294561
24.9236 10297441
24.926 10300321
24.9284 10303201
24.9308 10306081
24.9334 10308961
24.9358 10311841
24.9625 10314721
24.9649 10317601
24.9673 10320481
24.9697 10323361
25.0201 10353601
25.0578 10356481
25.0602 10359361
25.0626 10362241
25.0654 10365121
25.1039 10368001
25.1063 10370881
25.1087 10373761
25.1118 10376641
25.15 10379521
25.1524 10382401
25.1548 10385281
25.1572 10388161
25.1949 10391041
25.1973 10393921
25.1997 10396801
25.2021 10399681
25.2398 10402561
25.2422 10405441
25.2446 10408321
25.247 10411201
25.2493 10414081
25.2859 10416961
25.2883 10419841
25.2906 10422721
25.293 10425601
25.2954 10428481
25.332 10431361
25.3343 10434241
25.3367 10437121
25.3391 10440001
25.3415 10442881
25.3768 10445761
25.3792 10448641
25.3816 10451521
25.384 10454401
25.3864 10457281
25.4217 10460161
25.4242 10463041
25.4269 10465921
25.4293 10468801
25.4317 10471681
25.4341 10474561
25.4681 10477441
25.4705 10480321
25.4734 10483201
25.4757 10486081
25.4781 10488961
25.4805 10491841
25.5142 10494721
25.5166 10497601
25.5194 10500481
25.5218 10503361
25.5242 10506241
25.5266 10509121
25.5607 10512001
25.5631 10514881
25.5655 10517761
25.5679 10520641
25.5703 10523521
25.5726 10526401
25.6056 10529281
25.608 10532161
25.6104 10535041
25.6128 10537921
25.6151 10540801
25.6175 10543681
25.6509 10546561
25.6532 10549441
25.6556 10552321
25.658 10555201
25.6604 10558081
25.6628 10560961
25.6652 10563841
25.6973 10566721
25.6997 10569601
25.7021 10572481
25.7045 10575361
25.7069 10578241
25.7093 10581121
25.7117 10584001
25.7437 10586881
25.7461 10589761
25.7485 10592641
25.7509 10595521
25.7533 10598401
25.7557 10601281
25.7581 10604161
25.7886 10607041
25.791 10609921
25.7934 10612801
25.796 10615681
25.7984 10618561
25.8008 10621441
25.8032 10624321
25.8336 10627201
25.836 10630081
25.8384 10632961
25.8409 10635841
25.8433 10638721
25.8456 10641601
25.8481 10644481
25.8504 10647361
25.8797 10650241
25.8821 10653121
25.8845 10656001
25.887 10658881
25.8893 10661761
25.8917 10664641
25.8941 10667521
25.8969 10670401
25.9258 10673281
25.9282 10676161
25.9306 10679041
25.933 10681921
25.9354 10684801
25.9382 10687681
25.9406 10690561
25.943 10693441
25.9707 10696321
25.9735 10699201
25.9759 10702081
25.9783 10704961
25.9807 10707841
25.9831 10710721
25.9854 10713601
25.9879 10716481
26.0156 10719361
26.0184 10722241
26.0211 10725121
26.0235 10728001
26.0259 10730881
26.0283 10733761
26.0307 10736641
26.0331 10739521
26.0605 10742401
26.0632 10745281
26.0656 10748161
26.068 10751041
26.0704 10753921
26.0728 10756801
26.0752 10759681
26.0776 10762561
26.08 10765441
26.1069 10768321
26.1093 10771201
26.1117 10774081
26.1141 10776961
26.1165 10779841
26.1189 10782721
26.1213 10785601
26.1237 10788481
26.1261 10791361
26.153 10794241
26.1554 10797121
26.1578 10800001
26.1602 10802881
26.1627 10805761
26.1651 10808641
26.1675 10811521
26.1699 10814401
26.1723 10817281
26.198 10820161
26.2008 10823041
26.2032 10825921
26.2056 10828801
26.208 10831681
26.2103 10834561
26.2127 10837441
26.2151 10840321
26.2175 10843201
26.2432 10846081
26.2457 10848961
26.2481 10851841
26.2505 10854721
26.2529 10857601
26.2552 10860481
26.2576 10863361
26.26 10866241
26.2624 10869121
26.2649 10872001
26.2893 10874881
26.2917 10877761
26.2941 10880641
26.2966 10883521
26.299 10886401
26.3014 10889281
26.3045 10892161
26.3069 10895041
26.3093 10897921
26.3117 10900801
26.3355 10903681
26.3379 10906561
26.3403 10909441
26.3427 10912321
26.3451 10915201
26.3475 10918081
26.3499 10920961
26.3523 10923841
26.3547 10926721
26.3571 10929601
26.3804 10932481
26.3828 10935361
26.3852 10938241
26.3876 10941121
26.39 10944001
26.3924 10946881
26.3948 10949761
26.3972 10952641
26.3996 10955521
26.402 10958401
26.4253 10961281
26.4277 10964161
26.4301 10967041
26.4329 10969921
26.4353 10972801
26.4377 10975681
26.4401 10978561
26.4425 10981441
26.4448 10984321
26.4472 10987201
26.4498 10990081
26.4714 10992961
26.4738 10995841
26.4762 10998721
26.479 11001601
26.4814 11004481
26.4839 11007361
26.4863 11010241
26.4886 11013121
26.491 11016001
26.4934 11018881
26.4959 11021761
26.5176 11024641
26.5199 11027521
26.5227 11030401
26.5251 11033281
26.5275 11036161
26.5299 11039041
26.5327 11041921
26.5351 11044801
26.5375 11047681
26.5399 11050561
26.5423 11053441
26.5628 11056321
26.5652 11059201
26.5676 11062081
26.57 11064961
26.5724 11067841
26.5748 11070721
26.5776 11073601
26.58 11076481
26.5824 11079361
26.5848 11082241
26.5872 11085121
26.6077 11088001
26.6104 11090881
26.6128 11093761
26.6152 11096641
26.6176 11099521
26.62 11102401
26.6225 11105281
26.6249 11108161
26.6273 11111041
26.6297 11113921
26.6321 11116801
26.6345 11119681
26.6543 11122561
26.6567 11125441
26.6591 11128321
26.6615 11131201
26.6638 11134081
26.6662 11136961
26.6686 11139841
26.6722 11141281
26.7207 11178721
26.7536 11181601
26.756 11184481
26.7584 11187361
26.762 11190241
26.7644 11193121
26.7985 11196001
26.801 11198881
26.8034 11201761
26.8069 11204641
26.8096 11207521
26.8434 11210401
26.8459 11213281
26.8483 11216161
26.8521 11219041
26.8545 11221921
26.8886 11224801
26.891 11227681
26.8934 11230561
26.8958 11233441
26.8982 11236321
26.9006 11239201
26.9351 11242081
26.9374 11244961
26.9398 11247841
26.9422 11250721
26.9932 11272321
27.0346 11275201
27.0369 11278081
27.0794 11280961
27.0818 11283841
27.1243 11286721
27.1267 11289601
27.1291 11292481
27.1704 11295361
27.1728 11298241
27.1752 11301121
27.2165 11304001
27.2189 11306881
27.2213 11309761
27.2615 11312641
27.2641 11315521
27.2665 11318401
27.3065 11321281
27.3094 11324161
27.3118 11327041
27.3518 11329921
27.3543 11332801
27.3567 11335681
27.3593 11338561
27.398 11341441
27.4004 11344321
27.4028 11347201
27.4054 11350081
27.4441 11352961
27.4465 11355841
27.4489 11358721
27.4513 11361601
27.4891 11364481
27.4915 11367361
27.4942 11370241
27.4966 11373121
27.534 11376001
27.5376 11377441
27.586 11394721
27.6286 11397601
27.631 11400481
27.6746 11403361
27.677 11406241
27.7211 11409121
27.7235 11412001
27.7672 11414881
27.7696 11417761
27.8124 11420641
27.8148 11423521
27.8577 11426401
27.8601 11429281
27.8625 11432161
27.9038 11435041
27.9062 11437921
27.9085 11440801
27.9499 11443681
27.9522 11446561
27.9546 11449441
27.9959 11452321
27.9983 11455201
28.0007 11458081
28.0408 11460961
28.0432 11463841
28.0456 11466721
28.0857 11469601
28.0881 11472481
28.0905 11475361
28.0929 11478241
28.1318 11481121
28.1342 11484001
28.1366 11486881
28.139 11489761
28.1779 11492641
28.1803 11495521
28.1827 11498401
28.1851 11501281
28.2229 11504161
28.2252 11507041
28.2276 11509921
28.23 11512801
28.2677 11515681
28.2701 11518561
28.2725 11521441
28.2749 11524321
28.3126 11527201
28.315 11530081
28.3174 11532961
28.3198 11535841
28.3222 11538721
28.3587 11541601
28.3611 11544481
28.3635 11547361
28.3659 11550241
28.3683 11553121
28.4048 11556001
28.4072 11558881
28.4096 11561761
28.412 11564641
28.4144 11567521
28.4497 11570401
28.4521 11573281
28.4545 11576161
28.4569 11579041
28.4593 11581921
28.4946 11584801
28.497 11587681
28.4994 11590561
28.5018 11593441
28.5042 11596321
28.5067 11599201
28.5407 11602081
28.5431 11604961
28.5455 11607841
28.5479 11610721
28.5503 11613601
28.5527 11616481
28.5868 11619361
28.5892 11622241
28.5916 11625121
28.5944 11628001
28.5968 11630881
28.5992 11633761
28.6317 11636641
28.6341 11639521
28.6365 11642401
28.6393 11645281
28.6417 11648161
28.644 11651041
28.6766 11653921
28.679 11656801
28.6814 11659681
28.6842 11662561
28.6865 11665441
28.6889 11668321
28.7215 11671201
28.724 11674081
28.7266 11676961
28.729 11679841
28.7314 11682721
28.7338 11685601
28.7362 11688481
28.7679 11691361
28.7703 11694241
28.7727 11697121
28.7755 11700001
28.7779 11702881
28.7803 11705761
28.7827 11708641
28.8144 11711521
28.8168 11714401
28.8191 11717281
28.8215 11720161
28.8239 11723041
28.8263 11725921
28.8287 11728801
28.8596 11731681
28.862 11734561
28.8644 11737441
28.8668 11740321
28.8692 11743201
28.8716 11746081
28.874 11748961
28.9045 11751841
28.9069 11754721
28.9093 11757601
28.9117 11760481
28.9141 11763361
28.9165 11766241
28.9189 11769121
28.9213 11772001
28.9506 11774881
28.953 11777761
28.9554 11780641
28.9578 11783521
28.9602 11786401
28.9626 11789281
28.965 11792161
28.9673 11795041
28.9979 11796481
29.0464 11823841
29.0583 11826721
29.0877 11829601
29.0901 11832481
29.1032 11835361
29.1326 11838241
29.135 11841121
29.1481 11844001
29.1505 11846881
29.1787 11849761
29.1814 11852641
29.1943 11855521
29.1967 11858401
29.225 11861281
29.2275 11864161
29.2404 11867041
29.2428 11869921
29.2711 11872801
29.2735 11875681
29.2853 11878561
29.2879 11881441
29.316 11884321
29.3184 11887201
29.3302 11890081
29.3328 11892961
29.3609 11895841
29.3633 11898721
29.3657 11901601
29.3763 11904481
29.3788 11907361
29.407 11910241
29.4094 11913121
29.4118 11916001
29.4224 11918881
29.4249 11921761
29.4531 11924641
29.4555 11927521
29.4579 11930401
29.4685 11933281
29.4708 11936161
29.498 11939041
29.5004 11941921
29.5027 11944801
29.5133 11947681
29.5157 11950561
29.5429 11953441
29.5452 11956321
29.5476 11959201
29.5585 11962081
29.5609 11964961
29.5633 11967841
29.5889 11970721
29.5914 11973601
29.5938 11976481
29.605 11979361
29.6074 11982241
29.6098 11985121
29.635 11988001
29.6375 11990881
29.6403 11993761
29.6511 11996641
29.6535 11999521
29.6559 12002401
29.6811 12005281
29.6835 12008161
29.6859 12011041
29.6961 12013921
29.6984 12016801
29.7008 12019681
29.726 12022561
29.7284 12025441
29.7308 12028321
29.7413 12031201
29.7437 12034081
29.7461 12036961
29.7713 12039841
29.7737 12042721
29.7761 12045601
29.7784 12048481
29.7874 12051361
29.7898 12054241
29.7922 12057121
29.8174 12060001
29.8197 12062881
29.8221 12065761
29.8247 12068641
29.8335 12071521
29.8359 12074401
29.8383 12077281
29.8635 12080161
29.8659 12083041
29.8683 12085921
29.8708 12088801
29.8784 12091681
29.8808 12094561
29.8832 12097441
29.9084 12100321
29.9108 12103201
29.9132 12106081
29.916 12108961
29.9233 12111841
29.9257 12114721
29.9284 12117601
29.9533 12120481
29.9557 12123361
29.9581 12126241
29.9613 12129121
29.9682 12132001
29.9706 12134881
29.9729 12137761
29.9753 12140641
29.9994 12143521
30.0018 12146401
30.0042 12149281
30.0074 12152161
30.0146 12155041
30.017 12157921
30.0194 12160801
30.0218 12163681
30.0455 12166561
30.0479 12169441
30.0503 12172321
30.0535 12175201
30.0607 12178081
30.0631 12180961
30.0655 12183841
30.0679 12186721
30.0904 12189601
30.0928 12192481
30.0952 12195361
30.0983 12198241
