0.0 0
0.0522165 1440
0.107149 2880
0.163234 4320
0.219319 5760
0.274209 7200
0.276599 8640
0.330293 10080
0.332684 11520
0.335074 12960
0.386378 14400
0.388769 15840
0.391159 17280
0.393549 18720
0.441268 20160
0.443658 21600
0.446048 23040
0.448439 24480
0.450829 25920
0.45322 27360
0.496157 28800
0.498548 30240
0.500938 31680
0.503328 33120
0.505719 34560
0.508109 36000
0.5105 37440
0.51289 38880
0.51528 40320
0.551047 41760
0.553437 43200
0.555828 44640
0.558218 46080
0.560608 47520
0.562999 48960
0.565389 50400
0.56778 51840
0.57017 53280
0.57256 54720
0.574951 56160
0.577341 57600
0.579732 59040
0.582122 60480
0.607132 61920
0.609522 63360
0.611912 64800
0.614303 66240
0.616693 67680
0.619084 69120
0.621474 70560
0.623864 72000
0.626255 73440
0.628645 74880
0.631036 76320
0.633426 77760
0.635816 79200
0.638207 80640
0.640597 82080
0.642988 83520
0.645378 84960
0.647768 86400
0.650159 87840
0.652549 89280
0.65494 90720
0.663216 92160
0.665607 93600
0.667997 95040
0.670388 96480
0.672778 97920
0.675168 99360
0.677559 100800
0.679949 102240
0.68234 103680
0.68473 105120
0.68712 106560
0.689511 108000
0.691901 109440
0.694292 110880
0.696682 112320
0.699072 113760
0.701463 115200
0.703853 116640
0.706244 118080
0.708634 119520
0.711024 120960
0.713415 122400
0.715805 123840
0.718196 125280
0.720586 126720
0.722976 128160
0.725367 129600
0.727757 131040
0.730148 132480
0.732538 133920
0.734928 135360
0.737319 136800
0.739709 138240
0.7421 139680
0.74449 141120
0.74688 142560
0.749271 144000
0.751661 145440
0.754052 146880
0.756442 148320
0.758832 149760
0.761223 151200
0.763613 152640
0.766004 154080
0.768394 155520
0.770784 156960
0.773175 158400
0.775565 159840
0.777956 161280
0.780346 162720
0.782736 164160
0.785127 165600
0.787517 167040
0.789908 168480
0.792298 169920
0.794688 171360
0.797079 172800
0.799469 174240
0.80186 175680
0.80425 177120
0.80664 178560
0.809031 180000
0.811421 181440
0.813812 182880
0.816202 184320
0.818592 185760
0.820983 187200
0.823373 188640
0.825764 190080
0.828154 191520
0.830544 192960
0.832935 194400
0.835325 195840
0.837716 197280
0.840106 198720
0.842496 200160
0.844887 201600
0.847277 203040
0.849668 204480
0.852058 205920
0.854448 207360
0.856855 208800
0.859245 210240
0.861636 211680
0.864026 213120
0.866416 214560
0.868807 216000
0.871197 217440
0.873588 218880
0.875978 220320
0.878368 221760
0.880759 223200
0.883149 224640
0.88554 226080
0.88793 227520
0.89032 228960
0.892735 230400
0.895125 231840
0.897516 233280
0.899906 234720
0.902296 236160
0.904687 237600
0.907077 239040
0.909468 240480
0.911858 241920
0.914248 243360
0.916639 244800
0.919029 246240
0.92142 247680
0.92381 249120
0.9262 250560
0.928591 252000
0.930981 253440
0.933372 254880
0.935762 256320
0.938152 257760
0.941753 127440
1.25549 127456
1.25908 127472
1.26147 127488
1.26386 127504
1.26625 127520
1.26864 127536
1.27103 127552
1.27342 127568
1.27581 127584
1.2782 127600
1.28059 127616
1.28298 127632
1.28537 127648
1.28776 127664
1.29015 127680
1.29254 127696
1.29493 127712
1.29732 127728
1.29971 127744
1.3021 127760
1.30569 127776
1.30808 127792
1.31047 127808
1.31286 127824
1.31525 127840
1.31764 127856
1.32003 127872
1.32242 127888
1.32481 127904
1.3272 127920
1.32959 127936
1.33198 127952
1.33437 127968
1.33676 127984
1.33915 128000
1.34154 128016
1.34393 128032
1.34633 128048
1.34872 128064
1.35111 128080
1.3535 128096
1.35589 128112
1.35828 128128
1.36067 128144
1.36306 128160
1.36545 128176
1.36784 128192
1.37023 128208
1.37262 128224
1.37501 128240
1.3774 128256
1.37979 128272
1.38218 128288
1.38457 128304
1.38696 128320
1.38935 128336
1.39174 128352
1.39413 128368
1.39652 128384
1.39891 128400
1.4013 128416
1.40369 128432
1.40609 128448
1.40848 128464
1.41087 128480
1.41326 128496
1.41565 128512
1.41804 128528
1.42043 128544
1.42282 128560
1.42521 128576
1.4276 128592
1.42999 128608
1.43238 128624
1.43477 128640
1.43716 128656
1.43955 128672
1.44194 128688
1.44433 128704
1.44672 128720
1.44911 128736
1.4515 128752
1.45389 128768
1.45628 128784
1.45867 128800
1.46106 128816
1.46345 128832
1.46584 128848
1.46824 128864
1.47063 128880
1.47302 128896
1.47541 128912
1.4778 128928
1.48019 128944
1.48258 128960
1.48497 128976
1.48736 128992
1.48975 129008
1.49214 129024
1.49453 129040
1.49692 129056
1.49931 129072
1.5017 129088
1.50409 129104
1.50648 129120
1.50887 129136
1.51126 129152
1.51365 129168
1.51604 129184
1.51843 129200
1.52082 129216
1.52321 129232
1.5256 129248
1.528 129264
1.53039 129280
1.53278 129296
1.53517 129312
1.53756 129328
1.53995 129344
1.54234 129360
1.54473 129376
1.54712 129392
1.54951 129408
1.5519 129424
1.55429 129440
1.55668 129456
1.55907 129472
1.56146 129488
1.56385 129504
1.56624 129520
1.56863 129536
1.57102 129552
1.57341 129568
1.5758 129584
1.57819 129600
1.58058 129616
1.58297 129631
1.58536 129646
1.58776 129661
1.59015 129676
1.59254 129691
1.59493 129706
1.59732 129721
1.59971 129736
1.6021 129751
1.60449 129766
1.60688 129781
1.60927 129796
1.61166 129811
1.61405 129826
1.61644 129841
1.61883 129856
1.62122 129871
1.62361 129886
1.626 129901
1.62839 129916
1.63078 129931
1.63317 129946
1.63556 129961
1.63795 129976
1.64034 129991
1.64273 130006
1.64512 130021
1.64752 130036
1.64991 130051
1.6523 130066
1.65469 130081
1.65708 130096
1.65947 130111
1.66186 130126
1.66425 130141
1.66664 130156
1.66903 130171
1.67142 130186
1.67381 130201
1.6762 130216
1.67859 130231
1.68098 130246
1.68337 130261
1.68576 130276
1.68815 130291
1.69054 130306
1.69293 130321
1.69532 130336
1.69771 130351
1.7001 130366
1.70249 130381
1.70488 130396
1.70728 130411
1.70967 130426
1.71206 130441
1.71445 130456
1.71684 130471
1.71923 130486
1.72162 130501
1.72401 130516
1.7264 130531
1.72879 130546
1.73118 130561
1.73357 130576
1.73596 130591
1.73835 130606
1.74074 130621
1.74313 130636
1.74552 130651
1.74791 130666
1.7503 130681
1.75269 130696
1.75508 130711
1.75747 130726
1.75986 130741
1.76225 130756
1.76464 130771
1.76704 130786
1.76943 130801
1.77182 130816
1.77421 130831
1.7766 130846
1.77899 130861
1.78138 130876
1.78377 130891
1.78616 130906
1.78855 130921
1.79094 130936
1.79333 130951
1.79572 130966
1.79811 130981
1.8005 130996
1.80289 131011
1.80528 131026
1.80767 131041
1.81006 131056
1.81245 131071
1.81484 131086
1.81723 131101
1.81962 131116
1.82201 131131
1.8244 131146
1.8268 131161
1.82919 131176
1.83158 131191
1.83397 131206
1.83636 131221
1.83875 131236
1.84114 131251
1.84353 131266
1.84592 131281
1.84831 131296
1.8507 131311
1.85309 131326
1.85548 131341
1.85787 131356
1.86026 131371
1.86265 131386
1.86504 131401
1.86743 131416
1.86982 131431
1.87221 131446
1.8746 131461
1.87699 131476
1.87938 131491
1.88177 131506
1.88416 131521
1.88656 131536
1.88895 131551
1.89134 131566
1.89373 131581
1.89612 131596
1.89851 131611
1.9009 131626
1.90329 131641
1.90568 131656
1.90807 131671
1.91046 131686
1.91285 131701
1.91524 131716
1.91763 131731
1.92002 131746
1.92241 131761
1.9248 131776
1.92719 131791
1.92958 131806
1.93197 131821
1.93436 131836
1.93675 131851
1.93914 131866
1.94153 131881
1.94392 131896
1.94631 131911
1.94871 131926
1.9511 131941
1.95349 131956
1.95588 131971
1.95827 131986
1.96066 132001
1.96305 132016
1.96544 132031
1.96783 132046
1.97022 132061
1.97261 132076
1.975 132091
1.97739 132106
1.97978 132121
1.98217 132136
1.98456 132151
1.98695 132166
1.98934 132181
1.99173 132196
1.99412 132211
1.99651 132226
1.9989 132241
2.00129 132256
2.00368 132271
2.00607 132286
2.00847 132301
2.01086 132316
2.01325 132331
2.01564 132346
2.01803 132361
2.02042 132376
2.02281 132391
2.0252 132406
2.02759 132421
2.02998 132436
2.03237 132451
2.03476 132466
2.03715 132481
2.03954 132496
2.04193 132511
2.04432 132526
2.04671 132541
2.0491 132556
2.05149 132571
2.05388 132586
2.05627 132601
2.05866 132616
2.06105 132631
2.06344 132646
2.06583 132661
2.06823 132676
2.07062 132691
2.07301 132706
2.0754 132721
2.07779 132736
2.08018 132751
2.08257 132766
2.08496 132781
2.08735 132796
2.08974 132811
2.09213 132826
2.09452 132841
2.09691 132856
2.0993 132871
2.10169 132886
2.10408 132901
2.10647 132916
2.10886 132931
2.11125 132946
2.11364 132961
2.11603 132976
2.11842 132991
2.12081 133006
2.1232 133021
2.12559 133036
2.12799 133051
2.13038 133066
2.13277 133081
2.13516 133096
2.13755 133111
2.13994 133126
2.14233 133141
2.14472 133156
2.14711 133171
2.1495 133186
2.15189 133201
2.15428 133216
2.15667 133231
2.15906 133246
2.16145 133261
2.16384 133276
2.16623 133291
2.16862 133306
2.17101 133321
2.1734 133336
2.17579 133351
2.17818 133366
2.18057 133381
2.18296 133396
2.18535 133411
2.18775 133426
2.19014 133441
2.19253 133456
2.19492 133471
2.19731 133486
2.1997 133501
2.20209 133516
2.20448 133531
2.20687 133546
2.20926 133561
2.21165 133576
2.21404 133591
2.21643 133606
2.21882 133621
2.22121 133636
2.2236 133651
2.22599 133666
2.22838 133681
2.23077 133696
2.23316 133711
2.23555 133726
2.23794 133741
2.24033 133756
2.24272 133771
2.24511 133786
2.24872 64800
2.36097 64832
2.36336 64863
2.36576 64894
2.36815 64925
2.37054 64956
2.37293 64987
2.37532 65018
2.37771 65049
2.3801 65080
2.38249 65111
2.38488 65142
2.38727 65173
2.38966 65204
2.39205 65235
2.39444 65266
2.39683 65297
2.39922 65328
2.40161 65359
2.404 65390
2.40639 65421
2.40878 65452
2.41117 65483
2.41586 65514
2.41825 65545
2.42064 65576
2.42304 65607
2.42543 65638
2.42782 65669
2.43021 65700
2.4326 65731
2.43499 65762
2.43738 65793
2.43977 65824
2.44216 65855
2.44455 65886
2.44694 65917
2.44933 65948
2.45172 65979
2.45411 66010
2.4565 66041
2.45889 66072
2.46128 66103
2.46367 66134
2.46606 66165
2.47075 66196
2.47314 66227
2.47553 66258
2.47792 66289
2.48032 66320
2.48271 66351
2.4851 66382
2.48749 66413
2.48988 66444
2.49227 66475
2.49466 66506
2.49705 66537
2.49944 66568
2.50183 66599
2.50422 66630
2.50661 66661
2.509 66692
2.51139 66723
2.51378 66754
2.51617 66785
2.51856 66816
2.52095 66847
2.52564 66878
2.52803 66909
2.53047 66939
2.53286 66969
2.53525 66999
2.53764 67029
2.54003 67059
2.54242 67089
2.54481 67119
2.5472 67149
2.54959 67179
2.55198 67209
2.55437 67239
2.55698 67269
2.55937 67299
2.56176 67329
2.56415 67359
2.56654 67389
2.56893 67419
2.57132 67449
2.57371 67479
2.5761 67509
2.57849 67539
2.58208 67569
2.58447 67599
2.58686 67629
2.58925 67659
2.59164 67689
2.59403 67719
2.59642 67749
2.59881 67779
2.6012 67809
2.60359 67839
2.60598 67869
2.60837 67899
2.61076 67929
2.61315 67959
2.61554 67989
2.61793 68019
2.62032 68049
2.62271 68079
2.6251 68109
2.62749 68139
2.62988 68169
2.63227 68199
2.63466 68229
2.63816 68259
2.64055 68289
2.64294 68319
2.64533 68349
2.64772 68379
2.65011 68409
2.65267 68439
2.65506 68469
2.65745 68499
2.65984 68529
2.66223 68559
2.66462 68589
2.66701 68619
2.6694 68649
2.67179 68679
2.67418 68709
2.67778 68739
2.68017 32400
2.76629 32464
2.76868 32527
2.77107 32590
2.77346 32653
2.77585 32716
2.77824 32779
2.78064 32842
2.78303 32905
2.78542 32968
2.789 33030
2.79139 33092
2.82238 33154
2.82477 33216
2.82716 33278
2.82955 33340
2.83194 33402
2.83434 33464
2.83673 33525
2.83913 33586
2.84152 33647
2.8451 33708
2.84764 33769
2.87875 33830
2.88114 33891
2.88353 33952
2.88592 34013
2.88839 34073
2.89078 34133
2.89317 34193
2.89556 34253
2.89795 34313
2.90034 34373
2.90273 34433
2.93381 34493
2.9362 34553
2.93859 34613
2.94098 34672
2.94337 34731
2.94576 34790
2.94815 34849
2.95054 34908
2.95293 34967
2.95532 35026
2.95771 35085
2.98887 35144
2.99126 35203
2.99365 35261
2.99604 35319
2.99843 35377
3.00082 35435
3.00321 35493
3.0056 35551
3.00799 35609
3.01038 35667
3.01277 35725
3.01516 35783
3.04514 35840
3.04753 35897
3.04992 35954
3.05231 36011
3.0547 36068
3.05709 36125
3.05948 36182
3.06187 36239
3.06426 36296
3.06665 36353
3.06904 36410
3.07143 36466
3.10122 36522
3.10361 36578
3.106 36634
3.10839 36690
3.11078 36746
3.11334 36802
3.11573 36858
3.11814 36914
3.12053 36970
3.12292 37026
3.12531 37082
3.1277 37137
3.15611 37192
3.1585 37247
3.16089 37302
3.16328 37357
3.16567 37412
3.16823 37467
3.17062 37522
3.1732 37577
3.17559 37632
3.17798 37687
3.18037 37742
3.18276 37796
3.211 37850
3.21339 37904
3.21578 37958
3.21817 38012
3.22056 38066
3.22341 38120
3.2258 38174
3.22827 38228
3.23066 38282
3.23305 38336
3.23544 38390
3.23783 38444
3.24022 38497
3.26732 38550
3.26971 38603
3.2721 38656
3.27449 38709
3.27688 38762
3.27967 38815
3.28206 38868
3.28445 38921
3.28684 38974
3.28923 39027
3.29162 39080
3.29401 39133
3.2964 39185
3.3234 39237
3.32579 39289
3.32818 39341
3.33057 39393
3.33296 39445
3.33575 39497
3.33814 39549
3.34053 39601
3.34292 39653
3.34531 39705
3.3477 39757
3.35009 39809
3.35249 39861
3.37865 39913
3.38104 39964
3.38343 40015
3.38582 40066
3.38821 40117
3.39064 40168
3.39303 40219
3.39542 40270
3.39781 40321
3.4002 40372
3.40498 40423
3.40737 40474
3.43362 40525
3.43601 40576
3.43841 40627
3.4408 40678
3.44319 40728
3.44558 40778
3.44797 40828
3.45036 40878
3.45275 40928
3.45514 40978
3.45753 41028
3.46107 41078
3.46346 41128
3.46585 41178
3.48997 41228
3.49236 41278
3.49475 41328
3.49714 41378
3.49953 41428
3.50193 41478
3.50432 41527
3.50671 41576
3.5091 41625
3.51149 41674
3.51388 41723
3.51746 41772
3.51985 41821
3.52224 41870
3.54615 41919
3.54854 41968
3.55093 42017
3.55332 42066
3.55571 42115
3.5581 42164
3.56049 42213
3.56288 42262
3.56527 42311
3.56766 42360
3.57005 42408
3.57355 42456
3.57594 42504
3.57833 42552
3.60104 42600
3.60369 42648
3.60608 42696
3.60847 42744
3.61086 42792
3.61325 42840
3.61564 42888
3.61803 42936
3.62042 42984
3.62281 43032
3.62521 43080
3.62879 43128
3.63118 43176
3.63357 43224
3.65628 43271
3.65867 43318
3.66106 43365
3.66345 43412
3.66584 43459
3.66823 43506
3.67062 43553
3.67301 43600
3.6754 43647
3.67779 43694
3.68018 43741
3.68368 43788
3.68607 43835
3.68846 43882
3.69085 43929
3.71237 43976
3.71476 44023
3.71715 44070
3.71954 44117
3.72193 44164
3.72458 44210
3.72697 44256
3.72936 44302
3.73175 44348
3.73414 44394
3.73653 44440
3.74012 44486
3.74251 44532
3.7449 44578
3.74729 44624
3.7688 44670
3.77119 44716
3.77358 44762
3.77597 44808
3.77837 44854
3.78076 44900
3.78315 44946
3.78554 44992
3.78793 45038
3.79032 45084
3.79271 45129
3.79629 45174
3.79868 45219
3.80107 45264
3.80346 45309
3.82489 45354
3.82728 45399
3.82967 45444
3.83206 45489
3.83445 45534
3.83684 45579
3.83923 45624
3.84162 45669
3.84401 45714
3.84667 45759
3.84906 45804
3.85145 45849
3.85384 45894
3.85623 45939
3.85862 45984
3.88013 46029
3.88252 46074
3.88491 46119
3.8873 46163
3.88969 46207
3.89208 46251
3.89447 46295
3.89686 46339
3.89925 46383
3.90165 46427
3.90404 46471
3.90643 46515
3.90882 46559
3.91121 46603
3.9136 46647
3.93502 46691
3.93741 46735
3.9398 46779
3.94219 46823
3.94458 46867
3.94697 46911
3.94936 46955
3.95175 46999
3.95414 47043
3.95653 47087
3.95893 47131
3.96132 47174
3.96371 47217
3.9661 47260
3.96875 47303
3.97114 47346
3.99146 47389
3.99385 47432
3.99624 47475
3.99863 47518
4.00102 47561
4.00341 47604
4.0058 47647
4.00819 47690
4.01058 47733
4.01297 47776
4.01536 47819
4.01775 47862
4.02135 47905
4.02374 22320
4.11952 22412
4.12191 22504
4.1243 22596
4.12669 22687
4.12908 22778
4.13147 22869
4.13386 22959
4.17441 23049
4.1768 23138
4.17919 23227
4.18158 23316
4.18397 23404
4.18636 23492
4.18875 23580
4.22965 23667
4.23204 23754
4.23443 23841
4.23682 23927
4.23921 24013
4.24161 24099
4.244 24185
4.24639 24270
4.28583 24355
4.28822 24440
4.29061 24524
4.293 24608
4.29539 24692
4.29778 24775
4.30017 24858
4.30256 24941
4.34218 25024
4.34457 25106
4.34696 25188
4.34935 25270
4.35174 25352
4.35413 25433
4.35652 25514
4.35891 25595
4.39716 25676
4.39955 25756
4.40194 25836
4.40433 25916
4.40672 25996
4.40911 26075
4.4115 26154
4.41389 26233
4.45205 26312
4.4547 26390
4.45709 26468
4.45948 26546
4.46187 26624
4.46426 26701
4.46665 26778
4.46904 26855
4.47143 26932
4.50848 27008
4.51087 27084
4.51326 27160
4.51565 27236
4.51805 27312
4.52044 27387
4.52283 27462
4.52522 27537
4.52761 27612
4.56457 27687
4.56696 27761
4.56935 27835
4.57174 27909
4.57439 27983
4.57678 28057
4.57917 28130
4.58157 28203
4.58396 28276
4.61981 28349
4.6222 28422
4.62459 28494
4.62698 28566
4.62937 28638
4.63176 28710
4.63415 28782
4.63654 28854
4.63893 28925
4.6747 28996
4.67709 29067
4.67948 29138
4.68187 29209
4.68426 29279
4.68665 29349
4.68904 29419
4.69143 29489
4.69382 29559
4.69648 29629
4.73114 29698
4.73353 29767
4.73592 29836
4.73831 29905
4.7407 29974
4.74309 30043
4.74548 30112
4.74787 30180
4.75026 30248
4.75265 30316
4.78722 30384
4.78961 30452
4.79201 30520
4.7944 30587
4.79679 30654
4.79918 30721
4.80157 30788
4.80396 30855
4.80635 30922
4.80874 30989
4.84247 31055
4.84486 31121
4.84725 31187
4.84964 31253
4.85203 31319
4.85442 31385
4.85681 31451
4.8592 31516
4.86159 31581
4.86398 31646
4.89745 31711
4.89984 31776
4.90223 31841
4.90462 31906
4.90701 31970
4.9094 32034
4.91179 32098
4.91418 32162
4.91657 32226
4.91896 32290
4.9526 32354
4.95499 32418
4.95738 32481
4.95977 32544
4.96216 32607
4.96455 32670
4.96694 32733
4.96933 32796
4.97172 32859
4.97411 32922
4.9765 32984
5.00877 33046
5.01117 33108
5.01356 33170
5.01595 33232
5.01834 33294
5.02073 33356
5.02312 33418
5.02551 33480
5.0279 33541
5.03029 33602
5.03268 33663
5.06512 33724
5.06751 33785
5.0699 33846
5.07229 33907
5.07469 33968
5.07708 34029
5.07947 34089
5.08186 34149
5.08425 34209
5.08664 34269
5.08903 34329
5.1201 34389
5.12249 34449
5.12488 34509
5.12727 34569
5.12966 34628
5.13205 34687
5.13445 34746
5.13684 34805
5.13923 34864
5.14162 34923
5.14401 34982
5.17499 35041
5.17738 35100
5.17977 35159
5.18243 35217
5.18482 35275
5.18721 35333
5.1896 35391
5.19199 35449
5.19438 35507
5.19677 35565
5.19916 35623
5.20155 35681
5.23143 35739
5.23382 35797
5.23621 35854
5.2386 35911
5.24099 35968
5.24338 36025
5.24577 36082
5.24816 36139
5.25055 36196
5.25294 36253
5.25533 36310
5.25773 36367
5.28752 36424
5.28991 36480
5.2923 36536
5.29469 36592
5.29708 36648
5.29947 36704
5.30186 36760
5.30451 36816
5.3069 36872
5.30929 36928
5.31168 36984
5.31407 37040
5.34276 37095
5.34515 37150
5.34754 37205
5.34993 37260
5.35232 37315
5.35471 37370
5.3571 37425
5.35949 37480
5.36188 37535
5.36427 37590
5.36666 37645
5.36905 37700
5.39765 37755
5.40004 37809
5.40243 37863
5.40482 37917
5.40721 37971
5.4096 38025
5.41199 38079
5.41438 38133
5.41677 38187
5.41916 38241
5.42155 38295
5.42394 38349
5.4266 38403
5.45409 38456
5.45648 38509
5.45887 38562
5.46126 38615
5.46365 38668
5.46604 38721
5.46843 38774
5.47082 38827
5.47321 38880
5.4756 38933
5.47799 38986
5.48038 39039
5.48277 39092
5.51026 39145
5.51265 39197
5.51504 39249
5.51743 39301
5.51982 39353
5.52221 39405
5.5246 39457
5.52699 39509
5.52938 39561
5.53177 39613
5.53417 39665
5.53656 39717
5.53895 39769
5.56515 39821
5.56754 39873
5.56993 39925
5.57232 39976
5.57471 40027
5.5771 40078
5.57949 40129
5.58188 40180
5.58427 40231
5.58666 40282
5.58905 40333
5.59145 40384
5.59384 40435
5.62041 40486
5.6228 40537
5.62519 40588
5.62758 40639
5.62997 40690
5.63475 40740
5.63714 40790
5.63953 40840
5.64192 40890
5.64431 40940
5.6467 40990
5.64909 41040
5.65148 41090
5.67677 41140
5.67916 41190
5.68155 41240
5.68394 41290
5.68633 41340
5.69084 41390
5.69323 41440
5.69562 41490
5.69801 41539
5.7004 41588
5.70279 41637
5.70518 41686
5.70757 41735
5.70996 41784
5.73293 41833
5.73532 41882
5.73771 41931
5.7401 41980
5.74249 42029
5.74727 42078
5.74966 42127
5.75206 42176
5.75445 42225
5.75684 42274
5.75923 42323
5.76162 42371
5.76401 42419
5.7664 42467
5.78809 42515
5.79048 42563
5.79287 42611
5.79527 42659
5.79766 42707
5.80216 42755
5.80455 42803
5.80694 42851
5.80934 42899
5.81173 42947
5.81412 42995
5.8189 43043
5.82129 43091
5.84298 43139
5.84537 43187
5.84785 43235
5.85024 43282
5.85263 43329
5.85741 43376
5.8598 43423
5.86219 43470
5.86458 43517
5.86697 43564
5.86936 43611
5.87414 43658
5.87653 43705
5.87892 43752
5.89786 43799
5.90026 43846
5.90274 43893
5.90513 43940
5.90752 43987
5.91017 44034
5.91376 44081
5.91615 44128
5.91855 44174
5.92094 44220
5.92333 44266
5.92572 44312
5.93022 44358
5.93262 44404
5.93501 44450
5.95395 44496
5.95634 44542
5.95882 44588
5.96121 44634
5.9636 44680
5.96626 44726
5.96993 44772
5.97232 44818
5.97471 44864
5.9771 44910
5.97949 44956
5.98188 45002
5.98666 45048
5.98905 45094
5.99144 45139
6.01025 45184
6.01264 45229
6.01504 45274
6.01743 45319
6.01982 45364
6.02221 45409
6.02482 45454
6.02721 45499
6.0296 45544
6.03226 45589
6.03465 45634
6.03704 45679
6.04183 45724
6.04422 45769
6.04661 45814
6.06514 45859
6.06753 45904
6.06993 45949
6.07232 45994
6.07471 46039
6.0771 46084
6.07971 46128
6.0821 46172
6.08449 46216
6.08714 46260
6.08954 46304
6.09202 46348
6.0968 46392
6.09919 46436
6.10158 46480
6.1203 46524
6.12269 46568
6.12508 46612
6.12747 46656
6.12986 46700
6.13225 46744
6.13464 46788
6.13703 46832
6.13942 46876
6.14181 46920
6.1442 46964
6.14659 47008
6.14898 47052
6.15314 47096
6.15554 47140
6.15793 47183
6.17638 47226
6.17877 47269
6.18116 47312
6.18355 47355
6.18595 47398
6.18834 47441
6.19073 47484
6.19312 47527
6.19551 47570
6.19807 47613
6.20046 47656
6.20285 47699
6.20524 47742
6.20923 47785
6.21171 47828
6.2141 47871
6.23247 47914
6.23486 47957
6.23725 48000
6.23964 48043
6.24203 48086
6.24442 48129
6.24681 48172
6.2492 48215
6.25159 48258
6.25398 48300
6.25637 48342
6.25876 48384
6.26115 48426
6.26412 48468
6.2666 48510
6.26899 48552
6.28736 48594
6.28975 48636
6.29214 48678
6.29453 48720
6.29692 48762
6.29931 48804
6.3017 48846
6.30409 48888
6.30648 48930
6.30887 48972
6.31126 49014
6.31365 49056
6.31604 49098
6.31901 49140
6.32149 49182
6.32388 49224
6.34225 49266
6.34464 49308
6.34703 49350
6.34942 49392
6.35181 49433
6.35446 49474
6.35685 49515
6.35924 49556
6.36163 49597
6.36402 49638
6.36641 49679
6.3688 49720
6.37119 49761
6.37573 23040
6.46903 23130
6.47142 23219
6.47381 23308
6.4762 23396
6.47859 23484
6.48098 23572
6.48337 23659
6.48577 23746
6.52546 23833
6.52785 23920
6.53024 24006
6.53263 24092
6.53502 24178
6.53741 24263
6.5398 24348
6.54219 24433
6.5818 24517
6.58419 24601
6.58658 24685
6.58897 24769
6.59136 24852
6.59375 24935
6.59614 25018
6.59853 25100
6.63788 25182
6.64037 25264
6.64276 25346
6.64515 25427
6.64754 25508
6.64993 25589
6.65232 25670
6.65471 25750
6.69277 25830
6.69526 25910
6.69791 25990
6.7003 26069
6.70269 26148
6.70508 26227
6.70747 26306
6.70986 26384
6.74766 26462
6.75015 26540
6.7528 26618
6.75519 26695
6.75758 26772
6.76006 26849
6.76245 26926
6.76484 27003
6.76723 27079
6.80396 27155
6.80635 27231
6.80888 27307
6.81127 27382
6.81366 27457
6.81615 27532
6.8188 27607
6.82119 27682
6.82358 27756
6.86004 27830
6.86243 27904
6.86497 27978
6.86736 28052
6.86975 28125
6.87214 28198
6.87453 28271
6.87692 28344
6.87931 28417
6.91493 28489
6.91732 28561
6.91986 28633
6.92225 28705
6.92464 28777
6.92703 28849
6.92942 28920
6.93181 28991
6.9342 29062
6.96982 29133
6.97221 29204
6.97475 29275
6.97714 29345
6.97971 29415
6.98211 29485
6.9845 29555
6.98689 29625
6.98928 29694
6.99167 29763
7.02591 29832
7.0283 29901
7.03083 29970
7.03322 30039
7.0359 30108
7.03829 30176
7.04068 30244
7.04307 30312
7.04546 30380
7.04785 30448
7.08209 30516
7.08448 30583
7.08691 30650
7.08931 30717
7.09214 30784
7.09453 30851
7.09692 30918
7.09931 30985
7.1017 31051
7.10409 31117
7.13698 31183
7.13937 31249
7.1418 31315
7.14419 31381
7.14703 31447
7.14942 31512
7.15181 31577
7.1542 31642
7.15659 31707
7.15898 31772
7.19222 31837
7.19461 31902
7.197 31966
7.19939 32030
7.20192 32094
7.20431 32158
7.2067 32222
7.20909 32286
7.21148 32350
7.21387 32414
7.21626 32477
7.24831 32540
7.2507 32603
7.25309 32666
7.25548 32729
7.25801 32792
7.2604 32855
7.26279 32918
7.26518 32980
7.26757 33042
7.26996 33104
7.27235 33166
7.30439 33228
7.30678 33290
7.30917 33352
7.31156 33414
7.31409 33476
7.31648 33537
7.3191 33598
7.32149 33659
7.32388 33720
7.32627 33781
7.32871 33842
7.35928 33903
7.36167 33964
7.36406 34025
7.36645 34085
7.36898 34145
7.37137 34205
7.37399 34265
7.37638 34325
7.37877 34385
7.38116 34445
7.3836 34505
7.41417 34565
7.41656 34624
7.41895 34683
7.42134 34742
7.42387 34801
7.4264 34860
7.42888 34919
7.43127 34978
7.43366 35037
7.43605 35096
7.43849 35155
7.46931 35213
7.47171 35271
7.4741 35329
7.47649 35387
7.47888 35445
7.48127 35503
7.48368 35561
7.48607 35619
7.48854 35677
7.49093 35735
7.49332 35793
7.49571 35850
7.52568 35907
7.52807 35964
7.53046 36021
7.53285 36078
7.53524 36135
7.53763 36192
7.54002 36249
7.54241 36306
7.5448 36363
7.54719 36420
7.54958 36476
7.55197 36532
7.58176 36588
7.58415 36644
7.58662 36700
7.58901 36756
7.5914 36812
7.59379 36868
7.59618 36924
7.59857 36980
7.60096 37036
7.60335 37091
7.60575 37146
7.60814 37201
7.63665 37256
7.63904 37311
7.64151 37366
7.6439 37421
7.64629 37476
7.64868 37531
7.65107 37586
7.65346 37641
7.65585 37696
7.65824 37751
7.6607 37805
7.66309 37859
7.6918 37913
7.69419 37967
7.69658 38021
7.69897 38075
7.70136 38129
7.70375 38183
7.70614 38237
7.70853 38291
7.71092 38345
7.71331 38399
7.7157 38453
7.71809 38506
7.72065 38559
7.74788 38612
7.75027 38665
7.75266 38718
7.75505 38771
7.75744 38824
7.75998 38877
7.76237 38930
7.76476 38983
7.76715 39036
7.76955 39089
7.77194 39142
7.77433 39194
7.77673 39246
7.80397 39298
7.80636 39350
7.80875 39402
7.81114 39454
7.81353 39506
7.81634 39558
7.81873 39610
7.82113 39662
7.82352 39714
7.82591 39766
7.8283 39818
7.83069 39870
7.83308 39922
7.85886 39973
7.86125 40024
7.86364 40075
7.86603 40126
7.86842 40177
7.87123 40228
7.87362 40279
7.87601 40330
7.87841 40381
7.8808 40432
7.88319 40483
7.88559 40534
7.88798 40585
7.91375 40636
7.91614 40687
7.91853 40737
7.92092 40787
7.92331 40837
7.92612 40887
7.92851 40937
7.9309 40987
7.93329 41037
7.93569 41087
7.93808 41137
7.94047 41187
7.94286 41237
7.94525 41287
7.96983 41337
7.97222 41387
7.97461 41437
7.977 41487
7.97939 41536
7.98221 41585
7.9846 41634
7.98699 41683
7.98938 41732
7.99177 41781
7.99416 41830
7.99655 41879
7.99894 41928
8.00133 41977
8.02592 42026
8.02831 42075
8.0307 42124
8.03309 42173
8.03548 42222
8.03829 42271
8.04068 42320
8.04307 42368
8.04546 42416
8.04785 42464
8.05042 42512
8.05281 42560
8.0552 42608
8.05759 42656
8.08109 42704
8.08348 42752
8.08587 42800
8.08826 42848
8.09065 42896
8.09318 42944
8.09557 42992
8.09796 43040
8.10035 43088
8.10274 43136
8.10531 43184
8.1077 43232
8.11009 43279
8.11248 43326
8.13598 43373
8.13837 43420
8.14076 43467
8.14315 43514
8.14554 43561
8.14807 43608
8.15046 43655
8.15285 43702
8.15524 43749
8.15763 43796
8.1602 43843
8.16259 43890
8.16498 43937
8.16737 43984
8.16976 44031
8.19206 44078
8.19445 44125
8.19684 44171
8.19924 44217
8.20163 44263
8.20419 44309
8.20658 44355
8.20897 44401
8.21136 44447
8.21375 44493
8.21628 44539
8.21867 44585
8.22106 44631
8.22345 44677
8.22584 44723
8.24815 44769
8.25054 44815
8.25293 44861
8.25532 44907
8.25771 44953
8.26027 44999
8.26276 45045
8.26515 45091
8.26754 45136
8.27238 20880
8.3675 20979
8.37041 21077
8.3728 21175
8.37519 21272
8.37758 21369
8.37997 21466
8.38236 21562
8.42386 21658
8.4265 21753
8.42889 21848
8.43128 21942
8.43367 22036
8.43606 22130
8.43845 22223
8.47994 22316
8.48233 22408
8.48472 22500
8.48711 22592
8.4895 22683
8.49189 22774
8.49428 22865
8.53483 22955
8.53722 23045
8.53997 23134
8.54236 23223
8.54475 23312
8.54714 23400
8.54953 23488
8.58972 23576
8.59211 23663
8.5945 23750
8.59689 23837
8.59928 23923
8.60167 24009
8.60406 24095
8.60645 24181
8.64581 24266
8.6482 24351
8.65059 24436
8.65298 24520
8.65537 24604
8.65776 24688
8.66017 24771
8.66256 24854
8.70189 24937
8.70428 25020
8.70667 25102
8.70906 25184
8.71145 25266
8.71384 25348
8.71623 25429
8.71862 25510
8.75706 25591
8.75945 25672
8.76184 25752
8.76423 25832
8.76662 25912
8.76901 25992
8.7714 26071
8.77379 26150
8.81194 26229
8.81434 26308
8.81673 26386
8.81912 26464
8.82151 26542
8.8239 26620
8.82629 26697
8.82868 26774
8.83107 26851
8.86803 26928
8.87042 27005
8.87281 27081
8.8752 27157
8.87759 27233
8.87998 27309
8.88237 27384
8.88476 27459
8.88751 27534
8.92411 27609
8.9265 27684
8.9289 27758
8.93129 27832
8.93368 27906
8.93607 27980
8.93846 28054
8.94085 28127
8.94324 28200
8.979 28273
8.98139 28346
8.98378 28419
8.98618 28491
8.98857 28563
8.99096 28635
8.99335 28707
8.99574 28779
8.99813 28851
9.03389 28922
9.03628 28993
9.03867 29064
9.04106 29135
9.04346 29206
9.04585 29276
9.04824 29346
9.05063 29416
9.05302 29486
9.05541 29556
9.08998 29626
9.09237 29695
9.09476 29764
9.09715 29833
9.09954 29902
9.10193 29971
9.10432 30040
9.10671 30109
9.1091 30177
9.11149 30245
9.14606 30313
9.1485 30381
9.1509 30449
9.15329 30517
9.15588 30584
9.15827 30651
9.16066 30718
9.16305 30785
9.16544 30852
9.16783 30919
9.20095 30986
9.20339 31052
9.20578 31118
9.20818 31184
9.21077 31250
9.21316 31316
9.21555 31382
9.21794 31448
9.22033 31513
9.22272 31578
9.25615 31643
9.25854 31708
9.26093 31773
9.26332 31838
9.26571 31903
9.2681 31967
9.27049 32031
9.27288 32095
9.27527 32159
9.31104 32223
9.31343 32287
9.31582 32351
9.31821 32415
9.3206 32478
9.32299 32541
9.32538 32604
9.32777 32667
9.33016 32730
9.33255 32793
9.36713 32856
9.36952 32919
9.37191 32981
9.3743 33043
9.37692 33105
9.37931 33167
9.3817 33229
9.38409 33291
9.38648 33353
9.38887 33415
9.39126 33477
9.42321 33538
9.4256 33599
9.42799 33660
9.43038 33721
9.43301 33782
9.4354 33843
9.43779 33904
9.44018 33965
9.44276 34026
9.44515 34086
9.44754 34146
9.4781 34206
9.48049 34266
9.48288 34326
9.48527 34386
9.4879 34446
9.49029 34506
9.49268 34566
9.49507 34625
9.49765 34684
9.50004 34743
9.50243 34802
9.53299 34861
9.53538 34920
9.53777 34979
9.54016 35038
9.54304 35097
9.54543 35156
9.54782 35214
9.55021 35272
9.5526 35330
9.55499 35388
9.55738 35446
9.55978 35504
9.58907 35562
9.59146 35620
9.59386 35678
9.59625 35736
9.59913 35794
9.60152 35851
9.60391 35908
9.6063 35965
9.60869 36022
9.61108 36079
9.61347 36136
9.61586 36193
9.64521 36250
9.6476 36307
9.64999 36364
9.65238 36421
9.65521 36477
9.6576 36533
9.65999 36589
9.66238 36645
9.66477 36701
9.66716 36757
9.66955 36813
9.67194 36869
9.7001 36925
9.70249 36981
9.70488 37037
9.70727 37092
9.7101 37147
9.71249 37202
9.71488 37257
9.71727 37312
9.71966 37367
9.72205 37422
9.72444 37477
9.72683 37532
9.75499 37587
9.75738 37642
9.75977 37697
9.76216 37752
9.76499 37806
9.76738 37860
9.76977 37914
9.77216 37968
9.77455 38022
9.77694 38076
9.77933 38130
9.78172 38184
9.78411 38238
9.81107 38292
9.81346 38346
9.81586 38400
9.81825 38454
9.82108 38507
9.82347 38560
9.82586 38613
9.82825 38666
9.83064 38719
9.83303 38772
9.83542 38825
9.83781 38878
9.8402 38931
9.86716 38984
9.86955 39037
9.87194 39090
9.87433 39143
9.87716 39195
9.87955 39247
9.88194 39299
9.88433 39351
9.88672 39403
9.88911 39455
9.8915 39507
9.89389 39559
9.89628 39611
9.92205 39663
9.92444 39715
9.92683 39767
9.92922 39819
9.93217 39871
9.93456 39923
9.93695 39974
9.93934 40025
9.94173 40076
9.94412 40127
9.94651 40178
9.9489 40229
9.95129 40280
9.97694 40331
9.97933 40382
9.98172 40433
9.98411 40484
9.98706 40535
9.98945 40586
9.99184 40637
9.99423 40688
9.99672 40738
9.99911 40788
10.0015 40838
10.0039 40888
10.0063 40938
10.0318 40988
10.0342 41038
10.0366 41088
10.039 41138
10.0414 41188
10.0438 41238
10.0462 41288
10.0486 41338
10.051 41388
10.0533 41438
10.0557 41488
10.0581 41537
10.0605 41586
10.0629 41635
10.0879 41684
10.0903 41733
10.0927 41782
10.0951 41831
10.0975 41880
10.0999 41929
10.1023 41978
10.1046 42027
10.107 42076
10.1094 42125
10.1118 42174
10.1142 42223
10.1166 42272
10.1192 42321
10.144 42369
10.1464 42417
10.1488 42465
10.1512 42513
10.1536 42561
10.1561 42609
10.1585 42657
10.1609 42705
10.1633 42753
10.1657 42801
10.1681 42849
10.1705 42897
10.1729 42945
10.1753 42993
10.1989 43041
10.2013 43089
10.2037 43137
10.2061 43185
10.2084 43233
10.211 43280
10.2134 43327
10.2158 43374
10.2185 43421
10.2209 43468
10.2233 43515
10.2257 43562
10.228 43609
10.2304 43656
10.254 43703
10.2564 43750
10.2588 43797
10.2612 43844
10.2636 43891
10.266 43938
10.2684 43985
10.2708 44032
10.2732 44079
10.2756 44126
10.2779 44172
10.2803 44218
10.2827 44264
10.2851 44310
10.2875 44356
10.3102 44402
10.3126 44448
10.3149 44494
10.3173 44540
10.3197 44586
10.3221 44632
10.3257 44678
10.3281 20880
10.4251 20979
10.4274 21077
10.4298 21175
10.4322 21272
10.4358 21369
10.4382 21466
10.4406 21562
10.4811 21658
10.4839 21753
10.4863 21848
10.4886 21942
10.4922 22036
10.4946 22130
10.497 22223
10.5372 22316
10.5396 22408
10.542 22500
10.5444 22592
10.5475 22683
10.5499 22774
10.5523 22865
10.5921 22955
10.5945 23045
10.5969 23134
10.5993 23223
10.6024 23312
10.6048 23400
10.6076 23488
10.647 23576
10.6494 23663
10.6518 23750
10.6542 23837
10.6566 23923
10.659 24009
10.6613 24095
10.6637 24181
10.7031 24266
10.7057 24351
10.708 24436
10.7104 24520
10.7128 24604
10.7152 24688
10.7177 24771
10.7201 24854
10.7592 24937
10.7617 25020
10.7641 25102
10.7665 25184
10.7689 25266
10.7713 25348
10.7737 25429
10.7761 25510
10.8141 25591
10.817 25672
10.8194 25752
10.8218 25832
10.8242 25912
10.8266 25992
10.829 26071
10.8314 26150
10.869 26229
10.8719 26308
10.8743 26386
10.8767 26464
10.8791 26542
10.8815 26620
10.8839 26697
10.8863 26774
10.8886 26851
10.925 26928
10.928 27005
10.9304 27081
10.9327 27157
10.9351 27233
10.9378 27309
10.9402 27384
10.9426 27459
10.945 27534
10.9811 27609
10.9842 27684
10.9866 27758
10.989 27832
10.9914 27906
10.9939 27980
10.9963 28054
10.9987 28127
11.0011 28200
11.036 28273
11.0391 28346
11.0415 28419
11.0439 28491
11.0463 28563
11.0488 28635
11.0512 28707
11.0536 28779
11.056 28851
11.0909 28922
11.0944 28993
11.0967 29064
11.0991 29135
11.1015 29206
11.1044 29276
11.1068 29346
11.1091 29416
11.1115 29486
11.1139 29556
11.147 29626
11.1504 29695
11.1528 29764
11.1552 29833
11.1576 29902
11.1605 29971
11.1628 30040
11.1652 30109
11.1676 30177
11.17 30245
11.2031 30313
11.2065 30381
11.2089 30449
11.2117 30517
11.214 30584
11.2166 30651
11.219 30718
11.2214 30785
11.2237 30852
11.2261 30919
11.258 30986
11.2614 31052
11.2638 31118
11.2665 31184
11.2689 31250
11.2715 31316
11.2739 31382
11.2762 31448
11.2786 31513
11.281 31578
11.313 31643
11.3163 31708
11.3187 31773
11.3214 31838
11.3238 31903
11.3266 31967
11.329 32031
11.3313 32095
11.3337 32159
11.3361 32223
11.3679 32287
11.3712 32351
11.3736 32415
11.376 32478
11.3784 32541
11.3811 32604
11.3835 32667
11.3859 32730
11.3883 32793
11.3907 32856
11.3931 32919
11.4239 32981
11.4273 33043
11.4297 33105
11.4321 33167
11.4344 33229
11.4372 33291
11.4396 33353
11.442 33415
11.4444 33477
11.4467 33538
11.4491 33599
11.4807 33660
11.4834 33721
11.4857 33782
11.4881 33843
11.4905 33904
11.4929 33965
11.4953 34026
11.4977 34086
11.5001 34146
11.5025 34206
11.5049 34266
11.5356 34326
11.5382 34386
11.5406 34446
11.543 34506
11.5454 34566
11.5478 34625
11.5502 34684
11.5526 34743
11.555 34802
11.5574 34861
11.5598 34920
11.5908 34979
11.5932 35038
11.5956 35097
11.598 35156
11.6004 35214
11.6028 35272
11.6052 35330
11.6076 35388
11.61 35446
11.6147 15840
11.7138 15970
11.7162 16099
11.7186 16227
11.721 16354
11.7233 16480
11.7687 16605
11.7714 16729
11.7738 16852
11.7762 16975
11.7785 17097
11.8239 17218
11.8263 17338
11.8287 17457
11.831 17575
11.8334 17692
11.8787 17809
11.8812 17925
11.8835 18040
11.8859 18154
11.8883 18268
11.8907 18381
11.9348 18493
11.9372 18605
11.9396 18716
11.942 18826
11.9447 18936
11.9471 19045
11.9909 19153
11.9933 19261
11.9957 19368
11.9981 19475
12.0005 19581
12.0029 19686
12.0458 19791
12.0482 19895
12.0506 19999
12.053 20102
12.0554 20205
12.0578 20307
12.1008 20409
12.1032 20510
12.1056 20611
12.1081 20711
12.1105 20811
12.1129 20910
12.1153 21009
12.1569 21107
12.1593 21205
12.1617 21302
12.1642 21399
12.1666 21495
12.169 21591
12.1714 21687
12.213 21782
12.2154 21877
12.2178 21971
12.2203 22065
12.2227 22158
12.2251 22251
12.2275 22344
12.2683 22436
12.2706 22528
12.2731 22620
12.2755 22711
12.2779 22802
12.2803 22892
12.2827 22982
12.3231 23072
12.3255 23161
12.328 23250
12.3304 23339
12.3328 23427
12.3352 23515
12.3388 23603
12.3792 10080
12.4462 10285
12.4486 10486
12.488 10683
12.5011 10877
12.5035 11067
12.5429 11254
12.556 11438
12.5584 11619
12.5978 11797
12.6109 11972
12.6133 12145
12.6157 12315
12.6538 12483
12.667 12649
12.6698 12812
12.6723 12973
12.7099 13132
12.7231 13289
12.7259 13445
12.7284 13599
12.7651 13751
12.7783 13901
12.7808 14050
12.7833 14197
12.82 14343
12.8332 14487
12.8357 14630
12.8382 14771
12.8752 14911
12.8884 15050
12.8908 15187
12.8932 15323
12.8956 15458
12.9313 15592
12.9445 15724
12.9469 15855
12.9493 15985
12.9517 16114
12.9877 16242
13.0006 16369
13.003 16495
13.0054 16620
13.0078 16744
13.0426 16867
13.0558 16989
13.0581 17111
13.0605 17232
13.063 17352
13.0975 17471
13.1106 17589
13.113 17706
13.1154 17823
13.1179 17939
13.1203 18054
13.1538 18168
13.1671 18282
13.1695 18395
13.1719 18507
13.1743 18619
13.1767 18730
13.2099 18840
13.2232 18950
13.2256 19059
13.228 19167
13.2304 19275
13.2327 19382
13.2651 19488
13.2783 19594
13.2807 19699
13.2831 19804
13.2855 19908
13.2879 20012
13.32 20115
13.3333 20218
13.3357 20320
13.3381 20422
13.3405 20523
13.3428 20624
13.3752 20724
13.3882 20824
13.3906 20923
13.393 21022
13.3953 21120
13.3977 21218
13.4001 21315
13.4316 21412
13.4445 21508
13.4469 21604
13.4493 21699
13.4517 21794
13.4541 21889
13.4565 21983
13.4877 22077
13.5006 22170
13.503 22263
13.5054 22356
13.5078 22448
13.5102 22540
13.5125 22631
13.5429 22722
13.5555 22813
13.5579 22903
13.5603 22993
13.5627 23083
13.565 23172
13.5674 23261
13.5978 23350
13.6104 23438
13.6128 23526
13.6152 23614
13.6175 23701
13.6199 23788
13.6223 23875
13.6247 23961
13.6542 24047
13.6665 24133
13.6689 24218
13.6712 24303
13.6736 24388
13.676 24473
13.6784 24557
13.6808 24641
13.7103 24725
13.7225 24808
13.7249 24891
13.7273 24974
13.7297 25057
13.7321 25139
13.7345 25221
13.7369 25303
13.7652 25384
13.7774 25465
13.7798 25546
13.7822 25627
13.7846 25707
13.787 25787
13.7894 25867
13.7918 25947
13.8205 26026
13.8324 26105
13.8348 26184
13.8372 26263
13.8396 26341
13.842 26419
13.8444 26497
13.8468 26575
13.8492 26653
13.8766 26730
13.8885 26807
13.8909 26884
13.8933 26961
13.8957 27037
13.8981 27113
13.9005 27189
13.9029 27265
13.9053 27341
13.9329 27416
13.9449 27491
13.9473 27566
13.9497 27641
13.952 27716
13.9544 27790
13.9568 27864
13.9592 27938
13.9616 28012
13.989 28086
13.9998 28159
14.0021 28232
14.0045 28305
14.0069 28378
14.0094 28451
14.0118 28523
14.0146 28595
14.017 28667
14.0439 28739
14.0546 28811
14.057 28882
14.0594 28953
14.0618 29024
14.0647 29095
14.0671 29166
14.0695 29237
14.0718 29307
14.0988 29377
14.1095 29447
14.1119 29517
14.1143 29587
14.1167 29657
14.1191 29726
14.1215 29795
14.1239 29864
14.1265 29933
14.1289 30002
14.1549 30071
14.1656 30139
14.168 30207
14.1704 30275
14.1728 30343
14.1752 30411
14.1776 30479
14.18 30547
14.1826 30614
14.185 30681
14.211 30748
14.2217 30815
14.2242 30882
14.2267 30949
14.2291 31016
14.2315 31082
14.2339 31148
14.2363 31214
14.2387 31280
14.2411 31346
14.2659 31412
14.2766 31478
14.2791 31543
14.2816 31608
14.284 31673
14.2864 31738
14.2888 31803
14.2912 31868
14.2936 31933
14.296 31997
14.3208 32061
14.3315 32125
14.3344 32189
14.3368 32253
14.3392 32317
14.3416 32381
14.344 32445
14.3463 32508
14.3488 32571
14.3512 32634
14.3536 32697
14.3769 32760
14.3876 32823
14.3905 32886
14.3929 32949
14.3953 33011
14.3976 33073
14.4 33135
14.4024 33197
14.4049 33259
14.4073 33321
14.4097 33383
14.433 33445
14.4437 33507
14.4466 33568
14.449 33629
14.4513 33690
14.4537 33751
14.4561 33812
14.4585 33873
14.4609 33934
14.4633 33995
14.4657 34055
14.4879 34115
14.4985 34175
14.5015 34235
14.5043 34295
14.5067 34355
14.509 34415
14.5114 34475
14.5138 34535
14.5162 34595
14.5186 34654
14.521 34713
14.5431 34772
14.5538 34831
14.5564 34890
14.5592 34949
14.5615 35008
14.5639 35067
14.5663 35126
14.5687 35185
14.5711 35243
14.5735 35301
14.5759 35359
14.5783 35417
14.5991 35475
14.6099 35533
14.6127 35591
14.6154 35649
14.6178 35707
14.6202 35765
14.6226 35822
14.6276 15840
14.7264 15970
14.7288 16099
14.7312 16227
14.7336 16354
14.7362 16480
14.7813 16605
14.7837 16729
14.7861 16852
14.7885 16975
14.7911 17097
14.8365 17218
14.8389 17338
14.8412 17457
14.8436 17575
14.846 17692
14.8914 17809
14.8937 17925
14.8961 18040
14.8985 18154
14.9009 18268
14.9033 18381
14.9477 18493
14.9501 18605
14.9525 18716
14.9549 18826
14.9573 18936
14.9597 19045
15.0038 19153
15.0062 19261
15.0086 19368
15.011 19475
15.0133 19581
15.0159 19686
15.0587 19791
15.0611 19895
15.0635 19999
15.0658 20102
15.0682 20205
15.0708 20307
15.1136 20409
15.116 20510
15.1183 20611
15.1207 20711
15.1231 20811
15.1255 20910
15.1279 21009
15.1696 21107
15.172 21205
15.1744 21302
15.1768 21399
15.1792 21495
15.1816 21591
15.184 21687
15.2257 21782
15.2281 21877
15.2308 21971
15.2332 22065
15.2356 22158
15.238 22251
15.2404 22344
15.2806 22436
15.283 22528
15.2861 22620
15.2885 22711
15.2908 22802
15.2932 22892
15.2956 22982
15.3357 23072
15.3381 23161
15.341 23250
15.3433 23339
15.3457 23427
15.3481 23515
15.3505 23603
15.3906 23690
15.393 23777
15.3954 23864
15.3978 23950
15.4002 24036
15.4026 24122
15.405 24207
15.4074 24292
15.4467 24377
15.4491 24462
15.4515 24546
15.4539 24630
15.4563 24714
15.4587 24797
15.461 24880
15.4635 24963
15.5028 25046
15.5052 25128
15.5076 25210
15.51 25292
15.5123 25373
15.5147 25454
15.5171 25535
15.5195 25616
15.5577 25696
15.5601 25776
15.5625 25856
15.5648 25936
15.5672 26015
15.5696 26094
15.572 26173
15.5744 26252
15.6131 26330
15.6154 26408
15.6178 26486
15.6202 26564
15.6226 26642
15.625 26719
15.6274 26796
15.6298 26873
15.6322 26950
15.6691 27026
15.6715 27102
15.674 27178
15.6764 27254
15.6788 27330
15.6812 27405
15.6836 27480
15.6859 27555
15.6883 27630
15.7256 27705
15.728 27779
15.7304 27853
15.7328 27927
15.7351 28001
15.7375 28075
15.7399 28148
15.7423 28221
15.7447 28294
15.7805 28367
15.7829 28440
15.7853 28512
15.7876 28584
15.79 28656
15.7924 28728
15.7948 28800
15.7972 28872
15.7996 28943
15.8354 29014
15.8377 29085
15.8401 29156
15.8425 29227
15.8449 29297
15.8473 29367
15.8497 29437
15.8521 29507
15.8545 29577
15.8569 29647
15.8917 29716
15.8941 29785
15.8965 29854
15.8988 29923
15.9012 29992
15.9036 30061
15.906 30129
15.9084 30197
15.9108 30265
15.9132 30333
15.9478 30401
15.9502 30469
15.9525 30537
15.9549 30604
15.9573 30671
15.9597 30738
15.9621 30805
15.9646 30872
15.9674 30939
15.9697 31006
16.0029 31072
16.0053 31138
16.0077 31204
16.0101 31270
16.0125 31336
16.0149 31402
16.0173 31468
16.0196 31533
16.0222 31598
16.0246 31663
16.0578 31728
16.0602 31793
16.0626 31858
16.065 31923
16.0674 31987
16.0698 32051
16.0721 32115
16.0745 32179
16.0774 32243
16.0798 32307
16.1127 32371
16.1151 32435
16.1175 32498
16.1199 32561
16.1223 32624
16.1246 32687
16.127 32750
16.1294 32813
16.1318 32876
16.1342 32939
16.1366 33001
16.1688 33063
16.1712 33125
16.1736 33187
16.1759 33249
16.1783 33311
16.1807 33373
16.1831 33435
16.1855 33497
16.1879 33558
16.1903 33619
16.1927 33680
16.2249 33741
16.2272 33802
16.2296 33863
16.232 33924
16.2344 33985
16.2368 34046
16.2392 34106
16.2416 34166
16.244 34226
16.2464 34286
16.2488 34346
16.2799 34406
16.2823 34466
16.2846 34526
16.287 34586
16.2894 34645
16.2918 34704
16.2942 34763
16.2966 34822
16.299 34881
16.3014 34940
16.3038 34999
16.3348 35058
16.3371 35117
16.3395 35176
16.3419 35234
16.3443 35292
16.3467 35350
16.3491 35408
16.3515 35466
16.3539 35524
16.3563 35582
16.3588 35640
16.3612 35698
16.3911 35756
16.3935 35813
16.3959 35870
16.3983 35927
16.4007 35984
16.403 36041
16.4054 36098
16.4078 36155
16.4102 36212
16.4126 36269
16.415 36326
16.4174 36383
16.4472 36439
16.4496 36495
16.452 36551
16.4545 36607
16.4569 36663
16.4593 36719
16.4617 36775
16.4641 36831
16.4665 36887
16.4689 36943
16.4713 36999
16.4736 37055
16.5023 37110
16.5047 37165
16.5071 37220
16.5095 37275
16.5119 37330
16.5143 37385
16.5167 37440
16.5191 37495
16.5215 37550
16.5238 37605
16.5262 37660
16.5286 37715
16.5574 37769
16.5598 37823
16.5622 37877
16.5646 37931
16.567 37985
16.5694 38039
16.5717 38093
16.5741 38147
16.5765 38201
16.5789 38255
16.5813 38309
16.5837 38363
16.5861 38417
16.6136 38470
16.616 38523
16.6183 38576
16.6207 38629
16.6231 38682
16.6255 38735
16.6279 38788
16.6303 38841
16.6327 38894
16.6351 38947
16.6375 39000
16.6399 39053
16.6422 39106
16.6698 39159
16.6722 39211
16.6746 39263
16.677 39315
16.6794 39367
16.6818 39419
16.6842 39471
16.6866 39523
16.689 39575
16.6914 39627
16.6938 39679
16.6962 39731
16.6986 39783
16.7247 39835
16.7271 39887
16.7295 39938
16.7319 39989
16.7343 40040
16.7367 40091
16.7391 40142
16.7414 40193
16.7439 40244
16.7463 40295
16.7488 40346
16.7512 40397
16.7536 40448
16.7799 40499
16.7823 40550
16.7846 40601
16.7871 40652
16.7895 40703
16.7919 40753
16.7943 40803
16.7967 40853
16.7991 40903
16.8015 40953
16.8039 41003
16.8063 41053
16.8086 41103
16.8111 41153
16.8359 41203
16.8383 41253
16.8407 41303
16.8432 41353
16.8457 41403
16.8481 41453
16.8504 41503
16.8528 41552
16.8552 41601
16.8576 41650
16.86 41699
16.8624 41748
16.8648 41797
16.8672 41846
16.8924 41895
16.8948 41944
16.8972 41993
16.8996 42042
16.9019 42091
16.9043 42140
16.9067 42189
16.9091 42238
16.9115 42287
16.9139 42336
16.9163 42384
16.9187 42432
16.9211 42480
16.9235 42528
16.9476 42576
16.9499 42624
16.9523 42672
16.9547 42720
16.9571 42768
16.9595 42816
16.9619 42864
16.9643 42912
16.9667 42960
16.9691 43008
16.9715 43056
16.9739 43104
16.9762 43152
16.9786 43200
17.0024 43248
17.0048 43295
17.0072 43342
17.0096 43389
17.012 43436
17.0144 43483
17.0168 43530
17.0192 43577
17.0216 43624
17.024 43671
17.0264 43718
17.0287 43765
17.0311 43812
17.0335 43859
17.0359 43906
17.0589 43953
17.0613 44000
17.0637 44047
17.0661 44094
17.0684 44141
17.0708 44187
17.0732 44233
17.0756 44279
17.078 44325
17.0804 44371
17.0828 44417
17.0852 44463
17.0876 44509
17.09 44555
17.0924 44601
17.115 44647
17.1174 44693
17.1198 44739
17.1221 44785
17.1245 44831
17.1269 44877
17.1293 44923
17.1317 44969
17.1341 45015
17.1365 45061
17.1389 45107
17.1413 45152
17.1437 45197
17.1461 45242
17.1485 45287
17.1713 45332
17.1737 45377
17.1762 45422
17.1786 45467
17.181 45512
17.1834 45557
17.1858 45602
17.1881 45647
17.1905 45692
17.1929 45737
17.1953 45782
17.1977 45827
17.2001 45872
17.2025 45917
17.2049 45962
17.2262 46007
17.2286 46052
17.2311 46097
17.2335 46141
17.2359 46185
17.2383 46229
17.2406 46273
17.243 46317
17.2454 46361
17.2479 46405
17.2503 46449
17.2527 46493
17.2551 46537
17.2574 46581
17.2598 46625
17.2814 46669
17.2838 46713
17.2862 46757
17.2886 46801
17.291 46845
17.2934 46889
17.2959 46933
17.2983 46977
17.3007 47021
17.3031 47065
17.3054 47109
17.3078 47153
17.3102 47196
17.3126 47239
17.315 47282
17.3174 47325
17.3375 47368
17.3399 47411
17.3423 47454
17.3448 47497
17.3472 47540
17.3496 47583
17.352 47626
17.3544 47669
17.3567 47712
17.3591 47755
17.3615 47798
17.3639 47841
17.3687 47884
17.3712 47927
17.3736 47970
17.394 48013
17.3964 48056
17.3987 48099
17.4011 48142
17.4035 48185
17.4059 48228
17.4083 48270
17.4107 48312
17.4131 48354
17.4155 48396
17.4179 48438
17.4203 48480
17.4236 48522
17.426 48564
17.4284 48606
17.4311 48648
17.4489 48690
17.4512 48732
17.4536 48774
17.456 48816
17.4584 48858
17.4608 48900
17.4632 48942
17.4656 48984
17.4681 49026
17.4704 49068
17.4728 49110
17.4752 49152
17.4788 49194
17.4812 49236
17.4836 49278
17.486 49320
17.5037 49362
17.5061 49404
17.5085 49445
17.5109 49486
17.5133 49527
17.5157 49568
17.5181 49609
17.5205 49650
17.5229 49691
17.5253 49732
17.528 49773
17.5304 49814
17.5328 49855
17.5352 49896
17.5376 49937
17.5401 49978
17.5424 50019
17.56 50060
17.5624 50101
17.5648 50142
17.5671 50183
17.5695 50224
17.5719 50265
17.5743 50306
17.5767 50347
17.5791 50388
17.5815 50429
17.5842 50470
17.5866 50511
17.589 50552
17.5914 50593
17.5937 50633
17.5961 50673
17.5985 50713
17.6161 50753
17.6184 50793
17.6208 50833
17.6232 50873
17.6256 50913
17.628 50953
17.6304 50993
17.6328 51033
17.6352 51073
17.6376 51113
17.64 51153
17.6424 51193
17.6447 51233
17.6471 51273
17.6495 51313
17.6519 51353
17.6543 51393
17.6713 51433
17.6737 51473
17.6761 51513
17.6785 51553
17.6809 51593
17.6833 51633
17.6856 51673
17.688 51713
17.6904 51753
17.6928 51793
17.6952 51833
17.6976 51873
17.7 51912
17.7024 51951
17.7048 51990
17.7072 52029
17.7095 52068
17.7262 52107
17.7286 52146
17.731 52185
17.7334 52224
17.7358 52263
17.7381 52302
17.7405 52341
17.7429 52380
17.7453 52419
17.7477 52458
17.7501 52497
17.7525 52536
17.7549 52575
17.7573 52614
17.7597 52653
17.762 52692
17.7644 52731
17.7668 52770
17.7826 52809
17.7874 52848
17.7898 52887
17.7922 52926
17.7946 52965
17.797 53004
17.7994 53043
17.8018 53082
17.8041 53121
17.8065 53160
17.8089 53199
17.8113 53237
17.8137 53275
17.8161 53313
17.8185 53351
17.8209 53389
17.8233 53427
17.8387 53465
17.8435 53503
17.8459 53541
17.8483 53579
17.8507 53617
17.8531 53655
17.8554 53693
17.8578 53731
17.8602 53769
17.8626 53807
17.865 53845
17.8674 53883
17.8698 53921
17.8722 53959
17.8746 53997
17.877 54035
17.8794 54073
17.8817 54111
17.8936 54149
17.8984 54187
17.9008 54225
17.9035 54263
17.9059 54301
17.9083 54339
17.9107 54377
17.9131 54415
17.9155 54453
17.9179 54491
17.9203 54529
17.9226 54567
17.925 54605
17.9274 54642
17.9298 54679
17.9322 54716
17.9346 54753
17.937 54790
17.9485 54827
17.9533 54864
17.9557 54901
17.9584 54938
17.9608 54975
17.9632 55012
17.9656 55049
17.968 55086
17.9704 55123
17.9728 55160
17.9751 55197
17.9775 55234
17.9799 55271
17.9823 55308
17.9847 55345
17.9871 55382
17.9895 55419
17.9919 55456
17.9943 55493
18.0046 55530
18.0094 55567
18.0117 55604
18.0145 55641
18.0169 55678
18.0193 55715
18.0217 55752
18.0244 55789
18.0268 55826
18.0292 55863
18.0316 55900
18.034 55937
18.0364 55974
18.0388 56011
18.0411 56048
18.0435 56084
18.0459 56120
18.0483 56156
18.0507 56192
18.061 56228
18.0657 56264
18.0681 56300
18.0706 56336
18.073 56372
18.0754 56408
18.0777 56444
18.0805 56480
18.0829 56516
18.0853 56552
18.0877 56588
18.0901 56624
18.0924 56660
18.0948 56696
18.0972 56732
18.0996 56768
18.102 56804
18.1044 56840
18.1068 56876
18.116 56912
18.1206 56948
18.123 56984
18.1255 57020
18.1279 57056
18.1302 57092
18.1326 57128
18.1354 57164
18.1378 57200
18.1402 57236
18.1426 57272
18.1449 57308
18.1477 57344
18.1501 57380
18.1525 57416
18.1549 57452
18.1573 57488
18.1596 57524
18.162 57560
18.1711 57596
18.1759 57632
18.1783 57667
18.1807 57702
18.1831 57737
18.1855 57772
18.1878 57807
18.1903 57842
18.1927 57877
18.1951 57912
18.1974 57947
18.1998 57982
18.2026 58017
18.205 58052
18.2074 58087
18.2097 58122
18.2121 58157
18.2145 58192
18.2169 58227
18.226 58262
18.2308 58297
18.2332 58332
18.2356 58367
18.238 58402
18.2403 58437
18.2451 58472
18.2475 58507
18.2499 58542
18.2523 58577
18.2549 58612
18.2573 58647
18.2597 58682
18.2621 58717
18.2645 58752
18.2669 58787
18.2693 58822
18.2717 58857
18.2741 58892
18.2824 58927
18.2869 58962
18.2893 58997
18.2916 59032
18.294 59067
18.2964 59102
18.3012 59137
18.3036 59172
18.306 59207
18.3084 59242
18.311 59277
18.3134 59311
18.3158 59345
18.3182 59379
18.3206 59413
18.323 59447
18.3254 59481
18.3278 59515
18.3302 59549
18.3325 59583
18.3385 59617
18.343 59651
18.3453 59685
18.3477 59719
18.3501 59753
18.3525 59787
18.3561 59821
18.3585 59855
18.3609 59889
18.3633 59923
18.3662 59957
18.3686 59991
18.3709 60025
18.3733 60059
18.3757 60093
18.3781 60127
18.3805 60161
18.3829 60195
18.3853 60229
18.3877 60263
18.3934 60297
18.3981 60331
18.4005 60365
18.4029 60399
18.4053 60433
18.4077 60467
18.4113 60501
18.4137 60535
18.4161 60569
18.4185 60603
18.4211 60637
18.4234 60671
18.4258 60705
18.4282 60739
18.4306 60773
18.433 60807
18.4354 60841
18.4378 60875
18.4402 60909
18.4426 60943
18.4483 60977
18.453 61011
18.4554 61044
18.4578 61077
18.4602 61110
18.4626 61143
18.4662 61176
18.4686 61209
18.471 61242
18.4733 61275
18.4757 61308
18.4781 61341
18.4805 61374
18.4829 61407
18.4853 61440
18.4877 61473
18.4901 61506
18.4925 61539
18.4949 61572
18.4972 61605
18.4996 61638
18.5044 61671
18.5095 61704
18.5119 61737
18.5142 61770
18.5166 61803
18.519 61836
18.5226 61869
18.525 61902
18.5274 61935
18.5298 61968
18.5322 62001
18.5346 62034
18.537 62067
18.5393 62100
18.5417 62133
18.5441 62166
18.5465 62199
18.5489 62232
18.5513 62265
18.5537 62298
18.5561 62331
18.5605 62364
18.5655 62397
18.5679 62430
18.5703 62463
18.5727 62496
18.5751 62529
18.5787 62562
18.5811 62595
18.5835 62628
18.5859 62661
18.5883 62694
18.5906 62727
18.593 62760
18.5954 62793
18.5978 62826
18.6002 62859
18.6026 62891
18.605 62923
18.6074 62955
18.6098 62987
18.6122 63019
18.6153 63051
18.6204 63083
18.6228 63115
18.6252 63147
18.6276 63179
18.63 63211
18.6339 63243
18.6363 63275
18.6387 63307
18.6411 63339
18.6435 63371
18.6459 63403
18.6483 63435
18.6507 63467
18.6531 63499
18.6555 63531
18.6578 63563
18.6602 63595
18.6626 63627
18.665 63659
18.6674 63691
18.6704 63723
18.6753 63755
18.6777 63787
18.6801 63819
18.6825 63851
18.6849 63883
18.6888 63915
18.6912 63947
18.6936 63979
18.696 64011
18.6984 64043
18.7008 64075
18.7032 64107
18.7056 64139
18.708 64171
18.7103 64203
18.7127 64235
18.7151 64267
18.7175 64299
18.7199 64331
18.7223 64363
18.7247 64395
18.7271 64427
18.7314 64459
18.7338 64491
18.7362 64523
18.7386 64555
18.741 64587
18.7449 64619
18.7473 64651
18.7497 64683
18.7521 64715
18.7548 64747
18.7572 64779
18.7596 64811
18.762 64842
18.7644 64873
18.7668 64904
18.7692 64935
18.7716 64966
18.774 64997
18.7763 65028
18.7787 65059
18.7811 65090
18.7835 65121
18.7875 65152
18.7899 65183
18.7923 65214
18.7947 65245
18.7971 65276
18.801 65307
18.8034 65338
18.8058 65369
18.8082 65400
18.8109 65431
18.8133 65462
18.8157 65493
18.8181 65524
18.8205 65555
18.8229 65586
18.8253 65617
18.8276 65648
18.83 65679
18.8324 65710
18.8348 65741
18.8372 65772
18.8396 65803
18.8424 65834
18.8448 65865
18.8472 65896
18.8496 65927
18.8519 65958
18.8561 65989
18.8585 66020
18.8609 66051
18.8633 66082
18.8658 66113
18.8682 66144
18.8706 66175
18.873 66206
18.8757 66237
18.8781 66268
18.8805 66299
18.8829 66330
18.8853 66361
18.8877 66392
18.8901 66423
18.8925 66454
18.8948 66485
18.8973 66516
18.8997 66547
18.9021 66578
18.9044 66609
18.9068 66640
18.911 66671
18.9134 66702
18.9158 66733
18.9182 66764
18.9207 66795
18.9231 66826
18.9255 66857
18.9279 66888
18.9306 66919
18.933 66949
18.9354 66979
18.9378 67009
18.9402 67039
18.9426 67069
18.945 67099
18.9473 67129
18.9497 67159
18.9521 67189
18.9545 67219
18.9569 67249
18.9593 67279
18.9617 67309
18.9641 67339
18.9671 67369
18.9695 67399
18.9719 67429
18.9742 67459
18.9768 67489
18.9792 67519
18.9816 67549
18.9839 67579
18.9867 67609
18.9891 67639
18.9915 67669
18.9939 67699
18.9966 67729
18.999 67759
19.0014 67789
19.0038 67819
19.0062 67849
19.0086 67879
19.011 67909
19.0133 67939
19.0157 67969
19.0181 67999
19.0205 68029
19.0232 68059
19.0256 68089
19.0279 68119
19.0303 68149
19.0329 68179
19.0355 68209
19.0379 68239
19.0402 68269
19.0429 68299
19.0453 68329
19.0477 68359
19.0501 68389
19.0525 68419
19.0549 68449
19.0573 68479
19.0597 68509
19.0621 68539
19.0645 68569
19.0668 68599
19.0692 68629
19.0716 68659
19.074 68689
19.0764 68719
19.0788 68749
19.0812 68779
19.0836 68809
19.086 68839
19.0884 68869
19.0907 68899
19.0931 68929
19.0955 68959
19.0979 68989
19.1003 69019
19.1027 69049
19.1051 69079
19.1075 69109
19.1099 69139
19.1123 69168
19.1147 69197
19.117 69226
19.1194 69255
19.1218 69284
19.1242 69313
19.1266 69342
19.129 69371
19.1314 69400
19.1338 69429
19.1362 69458
19.1386 69487
19.1409 69516
19.1433 69545
19.1457 69574
19.1481 69603
19.1505 69632
19.1529 69661
19.1553 69690
19.1577 69719
19.1601 69748
19.1625 69777
19.1649 69806
19.1672 69835
19.1696 69864
19.172 69893
19.1744 69922
19.1768 69951
19.1792 69980
19.1816 70009
19.184 70038
19.1864 70067
19.1888 70096
19.1912 70125
19.1936 70154
19.196 70183
19.1984 70212
19.2007 70241
19.2031 70270
19.2055 70299
19.2079 70328
19.2103 70357
19.2127 70386
19.2151 70415
19.2175 70444
19.2199 70473
19.2223 70502
19.2247 70531
19.227 70560
19.2294 70589
19.2318 70618
19.2342 70647
19.2366 70676
19.239 70705
19.2414 70734
19.2438 70763
19.2462 70792
19.2486 70821
19.2509 70850
19.2533 70879
19.2557 70908
19.2581 70937
19.2606 70966
19.2629 70995
19.2653 71024
19.2677 71053
19.2701 71082
19.2725 71111
19.2749 71140
19.2773 71169
19.2797 71198
19.2821 71227
19.2845 71256
19.2868 71285
19.2893 71314
19.2917 71343
19.2941 71372
19.2964 71401
19.2988 71430
19.3012 71459
19.3036 71488
19.306 71517
19.3084 71545
19.3108 71573
19.3132 71601
19.3156 71629
19.318 71657
19.3203 71685
19.3227 71713
19.3251 71741
19.3275 71769
19.3299 71797
19.3323 71825
19.3347 71853
19.3371 71881
19.3395 71909
19.3419 71937
19.3442 71965
19.3466 71993
19.349 72021
19.3514 72049
19.3538 72077
19.3562 72105
19.3586 72133
19.361 72161
19.3634 72189
19.3658 72217
19.3682 72245
19.3706 72273
19.373 72301
19.3754 72329
19.3778 72357
19.3802 72385
19.3829 72413
19.3854 72441
19.3878 72469
19.3901 72497
19.3925 72525
19.3949 72553
19.3973 72581
19.3997 72609
19.4021 72637
19.4045 72665
19.4069 72693
19.4093 72721
19.4117 72749
19.414 72777
19.4164 72805
19.4188 72833
19.4212 72861
19.4236 72889
19.426 72917
19.4284 72945
19.4308 72973
19.4332 73001
19.4356 73029
19.438 73057
19.4403 73085
19.4427 73113
19.4451 73141
19.4475 73169
19.4499 73197
19.4523 73225
19.4547 73253
19.4571 73281
19.4595 73309
19.4619 73337
19.4642 73365
19.4666 73393
19.469 73421
19.4714 73449
19.4738 73477
19.4762 73505
19.4786 73533
19.481 73561
19.4834 73589
19.4858 73617
19.4881 73645
19.4905 73673
19.4929 73701
19.4953 73729
19.4977 73757
19.5001 73785
19.5025 73813
19.5049 73841
19.5073 73869
19.5097 73897
19.5121 73925
19.5144 73953
19.5168 73981
19.5192 74009
19.5216 74037
19.524 74065
19.5264 74092
19.5288 74119
19.5317 74146
19.5341 35280
19.6227 35338
19.6253 35396
19.6277 35454
19.6301 35512
19.6325 35570
19.6349 35628
19.6373 35686
19.6396 35744
19.642 35802
19.6444 35859
19.6468 35916
19.6492 35973
19.6787 36030
19.6814 36087
19.6838 36144
19.6862 36201
19.6886 36258
19.691 36315
19.6933 36372
19.6957 36429
19.6981 36485
19.7005 36541
19.7029 36597
19.7053 36653
19.7353 36709
19.7377 36765
19.7401 36821
19.7425 36877
19.7449 36933
19.7473 36989
19.7497 37045
19.7521 37100
19.7545 37155
19.7569 37210
19.7592 37265
19.7616 37320
19.7902 37375
19.7926 37430
19.795 37485
19.7974 37540
19.7998 37595
19.8022 37650
19.8046 37705
19.807 37759
19.8094 37813
19.8117 37867
19.8141 37921
19.8165 37975
19.8451 38029
19.8479 38083
19.8503 38137
19.8526 38191
19.855 38245
19.8574 38299
19.8598 38353
19.8622 38407
19.8646 38460
19.867 38513
19.8694 38566
19.8718 38619
19.8742 38672
19.9012 38725
19.9039 38778
19.9063 38831
19.9087 38884
19.9111 38937
19.9135 38990
19.9159 39043
19.9183 39096
19.9207 39149
19.9231 39201
19.9255 39253
19.9279 39305
19.9302 39357
19.9573 39409
19.96 39461
19.9624 39513
19.9648 39565
19.9672 39617
19.9702 39669
19.9726 39721
19.975 39773
19.9774 39825
19.9798 39877
19.9821 39928
19.9845 39979
19.9869 40030
20.0124 40081
20.0149 40132
20.0173 40183
20.0197 40234
20.0221 40285
20.0251 40336
20.0275 40387
20.0299 40438
20.0323 40489
20.0346 40540
20.037 40591
20.0394 40642
20.0418 40693
20.0673 40743
20.07 40793
20.0724 40843
20.0748 40893
20.0772 40943
20.08 40993
20.0824 41043
20.0847 41093
20.0871 41143
20.0895 41193
20.0923 41243
20.0947 41293
20.0971 41343
20.0994 41393
20.1237 41443
20.1267 41493
20.1291 41542
20.1315 41591
20.1339 41640
20.1363 41689
20.1387 41738
20.1411 41787
20.1435 41836
20.1459 41885
20.1484 41934
20.1507 41983
20.1531 42032
20.1555 42081
20.1798 42130
20.1828 42179
20.1852 42228
20.1876 42277
20.19 42326
20.1924 42374
20.1948 42422
20.1972 42470
20.1996 42518
20.2019 42566
20.2043 42614
20.2067 42662
20.2091 42710
20.2115 42758
20.235 42806
20.2378 42854
20.2402 42902
20.2426 42950
20.245 42998
20.2474 43046
20.2498 43094
20.2522 43142
20.2545 43190
20.2569 43238
20.2593 43285
20.2617 43332
20.2641 43379
20.2665 43426
20.2899 43473
20.2927 43520
20.2951 43567
20.2975 43614
20.2999 43661
20.3023 43708
20.3047 43755
20.307 43802
20.3094 43849
20.3118 43896
20.3142 43943
20.3166 43990
20.319 44037
20.3214 44084
20.3238 44131
20.3463 44177
20.3488 44223
20.3512 44269
20.3563 20160
20.432 20262
20.4344 20364
20.4565 20465
20.4596 20566
20.462 20666
20.4643 20766
20.4667 20865
20.4881 20964
20.4905 21062
20.5126 21160
20.5157 21257
20.518 21354
20.5204 21451
20.5228 21547
20.5441 21643
20.5465 21738
20.5686 21833
20.5717 21927
20.5741 22021
20.5765 22115
20.5789 22208
20.6002 22301
20.6026 22393
20.6235 22485
20.6266 22577
20.629 22668
20.6314 22759
20.6338 22850
20.6551 22940
20.6575 23030
20.6784 23120
20.6815 23209
20.6839 23298
20.6863 23387
20.6887 23475
20.71 23563
20.7124 23651
20.7333 23738
20.7357 23825
20.7381 23912
20.7405 23998
20.7429 24084
20.7453 24170
20.7661 24255
20.7685 24340
20.7894 24425
20.7918 24509
20.7942 24593
20.7966 24677
20.799 24761
20.8014 24844
20.8222 24927
20.8246 25010
20.8457 25092
20.8481 25174
20.8505 25256
20.8529 25338
20.8554 25419
20.8578 25500
20.8771 25581
20.8795 25662
20.9006 25742
20.903 25822
20.9054 25902
20.9078 25982
20.9103 26061
20.9127 26140
20.932 26219
20.9344 26298
20.9555 26376
20.9579 26454
20.9603 26532
20.9627 26610
20.9651 26687
20.9675 26764
20.9699 26841
20.9884 26918
20.9908 26995
21.0116 27071
21.014 27147
21.0163 27223
21.0188 27299
21.0212 27374
21.0236 27449
21.026 27524
21.0445 27599
21.0469 27674
21.0676 27748
21.07 27822
21.0724 27896
21.0749 27970
21.0773 28044
21.0796 28117
21.082 28190
21.0994 28263
21.1018 28336
21.1225 28409
21.1249 28481
21.1273 28553
21.1298 28625
21.1321 28697
21.1345 28769
21.1369 28841
21.1543 28912
21.1567 28983
21.1774 29054
21.1798 29125
21.1822 29196
21.1846 29267
21.1873 29337
21.1897 29407
21.1921 29477
21.1945 29547
21.2104 29617
21.2128 29687
21.2335 29756
21.2359 29825
21.2383 29894
21.2407 29963
21.2434 30032
21.2458 30101
21.2482 30169
21.2506 30237
21.2665 30305
21.2689 30373
21.2896 30441
21.292 30509
21.2944 30576
21.2968 30643
21.2995 30710
21.3019 30777
21.3042 30844
21.3066 30911
21.3228 30978
21.3252 31044
21.3445 31110
21.3469 31176
21.3496 31242
21.352 31308
21.3544 31374
21.3568 31440
21.3592 31505
21.3616 31570
21.378 31635
21.3804 31700
21.3994 31765
21.4018 31830
21.4045 31895
21.4069 31960
21.4093 32024
21.4117 32088
21.4141 32152
21.4165 32216
21.4333 32280
21.4357 32344
21.438 32408
21.4556 32471
21.458 32534
21.4606 32597
21.463 32660
21.4654 32723
21.4678 32786
21.4702 32849
21.4726 32912
21.4893 32975
21.4917 33037
21.4941 33099
21.5118 33161
21.5142 33223
21.5167 33285
21.5191 33347
21.5215 33409
21.5239 33471
21.5262 33532
21.5286 33593
21.5454 33654
21.5478 33715
21.5502 33776
21.5678 33837
21.5702 33898
21.5726 33959
21.575 34020
21.5774 34080
21.5798 34140
21.5822 34200
21.5846 34260
21.6003 34320
21.6027 34380
21.6051 34440
21.6227 34500
21.6251 34560
21.6278 34620
21.6302 34679
21.6326 34738
21.635 34797
21.6374 34856
21.6398 34915
21.6552 34974
21.6576 35033
21.66 35092
21.6776 35151
21.68 35209
21.6824 35267
21.6848 35325
21.6872 35383
21.6896 35441
21.692 35499
21.6944 35557
21.6971 35615
21.7118 35673
21.7142 35731
21.7166 35789
21.7337 35846
21.7361 35903
21.7385 35960
21.7409 36017
21.7433 36074
21.7457 36131
21.7481 36188
21.7504 36245
21.7532 36302
21.7679 36359
21.7703 36416
21.7727 36472
21.7898 36528
21.7922 36584
21.7946 36640
21.797 36696
21.7994 36752
21.8017 36808
21.8041 36864
21.8065 36920
21.8089 36976
21.8232 37032
21.8256 37087
21.828 37142
21.8447 37197
21.8471 37252
21.8495 37307
21.8519 37362
21.8542 37417
21.8566 37472
21.859 37527
21.8614 37582
21.8638 37637
21.8781 37692
21.8805 37747
21.8828 37801
21.8996 37855
21.902 37909
21.9044 37963
21.9068 38017
21.9092 38071
21.9116 38125
21.914 38179
21.9164 38233
21.9189 38287
21.9213 38341
21.9341 38395
21.9365 38449
21.9389 38502
21.9557 38555
21.9581 38608
21.9605 38661
21.9631 38714
21.9655 38767
21.9679 38820
21.9703 38873
21.9727 38926
21.975 38979
21.9774 39032
21.9906 39085
21.993 39138
21.9953 39190
22.0118 39242
22.0142 39294
22.017 39346
22.0193 39398
22.0217 39450
22.0241 39502
22.0265 39554
22.0289 39606
22.0313 39658
22.0337 39710
22.0455 39762
22.0478 39814
22.0502 39866
22.0671 39918
22.0695 39969
22.0718 40020
22.0742 40071
22.0766 40122
22.079 40173
22.0814 40224
22.084 40275
22.0864 40326
22.0888 40377
22.1006 40428
22.103 40479
22.1054 40530
22.1219 40581
22.1243 40632
22.1267 40683
22.1291 40733
22.1315 40783
22.1339 40833
22.1363 40883
22.1389 40933
22.1413 40983
22.1436 41033
22.146 41083
22.1567 41133
22.1591 41183
22.1615 41233
22.178 41283
22.1804 41333
22.1828 41383
22.1852 41433
22.1879 41483
22.1903 41532
22.1927 41581
22.1955 41630
22.1979 41679
22.2003 41728
22.2027 41777
22.2131 41826
22.2155 41875
22.2179 41924
22.2341 41973
22.2365 42022
22.2389 42071
22.2413 42120
22.244 42169
22.2464 42218
22.2488 42267
22.2516 42316
22.254 42365
22.2564 42413
22.2588 42461
22.268 42509
22.2704 42557
22.2728 42605
22.289 42653
22.2914 42701
22.2938 42749
22.2962 42797
22.2992 42845
22.3015 42893
22.3039 42941
22.3065 42989
22.3089 43037
22.3113 43085
22.3136 43133
22.3229 43181
22.3253 43229
22.3277 43276
22.3439 43323
22.3463 43370
22.3487 43417
22.3511 43464
22.354 43511
22.3564 43558
22.3588 43605
22.3614 43652
22.3637 43699
22.3661 43746
22.3685 43793
22.3778 43840
22.3805 43887
22.3829 43934
22.3853 43981
22.4 44028
22.4024 44075
22.4048 44122
22.4072 44168
22.4105 44214
22.4129 44260
22.4153 44306
22.4177 44352
22.4201 44398
22.4225 44444
22.4249 44490
22.4341 44536
22.4366 44582
22.439 44628
22.4414 44674
22.4561 44720
22.4585 44766
22.4608 44812
22.4632 44858
22.4666 44904
22.469 44950
22.4714 44996
22.4738 45042
22.4762 45088
22.4786 45133
22.481 45178
22.4902 45223
22.4927 45268
22.4951 45313
22.4975 45358
22.511 45403
22.5134 45448
22.5158 45493
22.5182 45538
22.5215 45583
22.5239 45628
22.5263 45673
22.5287 45718
22.5311 45763
22.5335 45808
22.5359 45853
22.5451 45898
22.5476 45943
22.55 45988
22.5526 46033
22.5659 46078
22.5683 46123
22.5707 46167
22.5731 46211
22.5767 46255
22.5791 46299
22.5815 46343
22.5839 46387
22.5862 46431
22.5886 46475
22.591 46519
22.6 46563
22.6025 46607
22.6048 46651
22.6079 46695
22.6208 46739
22.6232 46783
22.6256 46827
22.628 46871
22.6303 46915
22.6328 46959
22.6352 47003
22.6375 47047
22.6399 47091
22.6423 47135
22.6447 47178
22.6471 47221
22.6561 47264
22.6585 47307
22.6609 47350
22.664 47393
22.6775 47436
22.6799 47479
22.6823 47522
22.6847 47565
22.6871 47608
22.6895 47651
22.6919 47694
22.6942 47737
22.6966 47780
22.699 47823
22.7014 47866
22.7038 47909
22.7122 47952
22.7146 47995
22.717 48038
22.7201 48081
22.7336 48124
22.736 48167
22.7384 48210
22.7408 48253
22.7432 48295
22.7455 48337
22.7479 48379
22.7503 48421
22.7527 48463
22.7551 48505
22.7575 48547
22.7599 48589
22.7671 48631
22.7695 48673
22.772 48715
22.775 48757
22.7885 48799
22.7909 48841
22.7933 48883
22.7957 48925
22.798 48967
22.8004 49009
22.8028 49051
22.8052 49093
22.8076 49135
22.81 49177
22.8124 49219
22.8148 49261
22.8219 49303
22.8244 49345
22.8269 49387
22.8298 49428
22.8434 49469
22.8458 49510
22.8481 49551
22.8505 49592
22.8529 49633
22.8553 49674
22.8577 49715
22.8601 49756
22.8625 49797
22.8649 49838
22.8673 49879
22.8697 49920
22.8721 49961
22.878 50002
22.8805 50043
22.883 50084
22.8862 50125
22.8995 50166
22.9018 50207
22.9042 50248
22.9066 50289
22.909 50330
22.9114 50371
22.9138 50412
22.9165 50453
22.9189 50494
22.9213 50535
22.9237 50576
22.9261 50616
22.9284 50656
22.9344 50696
22.9368 50736
22.9392 50776
22.9423 50816
22.9555 50856
22.9579 50896
22.9603 50936
22.9627 50976
22.9651 51016
22.9675 51056
22.9699 51096
22.9723 51136
22.9747 51176
22.9771 51216
22.9795 51256
22.9819 51296
22.9843 51336
22.9893 51376
22.9917 51416
22.9941 51456
22.9971 51496
23.0104 51536
23.0128 51576
23.0152 51616
23.0176 51656
23.02 51696
23.0224 51736
23.0248 51776
23.0272 51816
23.0296 51856
23.032 51895
23.0347 51934
23.0371 51973
23.0395 52012
23.0446 52051
23.0469 52090
23.0493 52129
23.052 52168
23.0653 52207
23.0678 52246
23.0702 52285
23.0726 52324
23.075 52363
23.0776 52402
23.08 52441
23.0823 52480
23.0847 52519
23.0871 52558
23.0895 52597
23.0919 52636
23.0943 52675
23.0967 52714
23.1006 52753
23.103 52792
23.1054 52831
23.1081 52870
23.1214 52909
23.1239 52948
23.1263 52987
23.1287 53026
23.1311 53065
23.1337 53104
23.136 53143
23.1384 53182
23.1408 53220
23.1432 53258
23.1456 53296
23.148 53334
23.1504 53372
23.1528 53410
23.1568 53448
23.1592 53486
23.1616 53524
23.1644 53562
23.1776 53600
23.18 53638
23.1824 53676
23.1848 53714
23.1872 53752
23.1897 53790
23.1921 53828
23.1945 53866
23.1969 53904
23.1993 53942
23.2017 53980
23.2041 54018
23.2065 54056
23.2089 54094
23.2117 54132
23.2141 54170
23.2165 54208
23.2193 54246
23.2325 54284
23.2349 54322
23.2373 54360
23.2397 54398
23.2421 54436
23.2446 54474
23.247 54512
23.2494 54550
23.2518 54588
23.2542 54625
23.2566 54662
23.259 54699
23.2614 54736
23.2638 54773
23.2669 54810
23.2693 54847
23.2717 54884
23.2742 54921
23.2874 54958
23.2898 54995
23.2922 55032
23.2946 55069
23.2969 55106
23.2995 55143
23.3031 55180
23.3055 25920
23.3855 26000
23.3983 26079
23.4008 26158
23.4032 26237
23.4055 26316
23.4079 26394
23.4105 26472
23.4141 26550
23.4165 26628
23.4416 26705
23.4544 26782
23.4571 26859
23.4595 26936
23.4619 27012
23.4643 27088
23.4667 27164
23.4703 27240
23.4727 27316
23.4977 27391
23.5105 27466
23.5132 27541
23.5156 27616
23.518 27691
23.5204 27765
23.5228 27839
23.5264 27913
23.5288 27987
23.5538 28061
23.5654 28134
23.5684 28207
23.5708 28280
23.5731 28353
23.5755 28426
23.5779 28498
23.5813 28570
23.5836 28642
23.6086 28714
23.6203 28786
23.6233 28858
23.6256 28929
23.628 29000
23.6304 29071
23.6328 29142
23.6361 29213
23.6385 29283
23.6635 29353
23.6752 29423
23.6781 29493
23.6805 29563
23.6829 29633
23.6853 29702
23.6877 29771
23.6901 29840
23.6925 29909
23.6949 29978
23.7196 30047
23.7313 30116
23.7342 30184
23.7366 30252
23.739 30320
23.7414 30388
23.7438 30456
23.7462 30524
23.7486 30591
23.751 30658
23.7757 30725
23.7876 30792
23.7903 30859
23.7927 30926
23.7951 30993
23.7975 31059
23.7999 31125
23.8023 31191
23.8047 31257
23.807 31323
23.8306 31389
23.8425 31455
23.8452 31520
23.8476 31585
23.85 31650
23.8524 31715
23.8548 31780
23.8572 31845
23.8597 31910
23.8621 31974
23.8855 32038
23.8974 32102
23.9001 32166
23.9025 32230
23.9049 32294
23.9073 32358
23.9097 32422
23.9121 32485
23.9145 32548
23.9169 32611
23.9193 32674
23.9416 32737
23.9535 32800
23.9563 32863
23.9587 32926
23.9611 32988
23.9638 33050
23.9662 33112
23.9685 33174
23.9709 33236
23.9733 33298
23.9757 33360
23.9976 33422
24.0098 33484
24.0124 33545
24.0148 33606
24.0172 33667
24.0198 33728
24.0222 33789
24.0246 33850
24.027 33911
24.0294 33972
24.0318 34033
24.0525 34093
24.0647 34153
24.0673 34213
24.0697 34273
24.072 34333
24.0747 34393
24.0771 34453
24.0795 34513
24.0819 34573
24.0843 34632
24.0867 34691
24.1074 34750
24.1195 34809
24.1222 34868
24.1245 34927
24.1269 34986
24.1296 35045
24.132 35104
24.1344 35163
24.1368 35221
24.1394 35279
24.1419 35337
24.1443 35395
24.1639 35453
24.1756 35511
24.1782 35569
24.1806 35627
24.183 35685
24.1857 35743
24.1881 35801
24.1905 35858
24.1929 35915
24.1955 35972
24.198 36029
24.2004 36086
24.22 36143
24.2317 36200
24.2343 36257
24.2367 36314
24.2391 36371
24.2418 36428
24.2442 36484
24.2466 36540
24.249 36596
24.2516 36652
24.2541 36708
24.2565 36764
24.2749 36820
24.2866 36876
24.2892 36932
24.2916 36988
24.294 37044
24.2967 37099
24.2991 37154
24.3015 37209
24.3039 37264
24.3065 37319
24.309 37374
24.3114 37429
24.3298 37484
24.3416 37539
24.3441 37594
24.3465 37649
24.3489 37704
24.3516 37758
24.354 37812
24.3564 37866
24.3587 37920
24.3614 37974
24.3639 38028
24.3663 38082
24.3847 38136
24.387 38190
24.3978 38244
24.4002 38298
24.4026 38352
24.405 38406
24.4077 38459
24.41 38512
24.4124 38565
24.4148 38618
24.4175 38671
24.42 38724
24.4224 38777
24.4409 38830
24.4432 38883
24.454 38936
24.4564 38989
24.4588 39042
24.4612 39095
24.4637 39148
24.4661 39200
24.4685 39252
24.4709 39304
24.4736 39356
24.476 39408
24.4784 39460
24.497 39512
24.4995 39564
24.509 39616
24.5114 39668
24.5138 39720
24.5162 39772
24.5186 39824
24.521 39876
24.5234 39928
24.5258 39979
24.5285 40030
24.5309 40081
24.5333 40132
24.5521 40183
24.5545 40234
24.5639 40285
24.5663 40336
24.5687 40387
24.5711 40438
24.5735 40489
24.5759 40540
24.5783 40591
24.5807 40642
24.5834 40693
24.5858 40743
24.5882 40793
24.607 40843
24.6094 40893
24.6191 40943
24.6216 40993
24.6239 41043
24.6263 41093
24.6291 41143
24.6314 41193
24.6338 41243
24.6362 41293
24.6386 41343
24.641 41393
24.6434 41443
24.6458 41493
24.6631 41542
24.6655 41591
24.6752 41640
24.6776 41689
24.68 41738
24.6824 41787
24.6851 41836
24.6875 41885
24.6899 41934
24.6923 41983
24.6947 42032
24.6971 42081
24.6995 42130
24.7019 42179
24.7191 42228
24.7215 42277
24.7315 42326
24.7339 42374
24.7367 42422
24.7391 42470
24.7415 42518
24.7439 42566
24.7463 42614
24.7487 42662
24.7511 42710
24.7535 42758
24.7558 42806
24.7582 42854
24.774 42902
24.7764 42950
24.7864 42998
24.7888 43046
24.7916 43094
24.794 43142
24.7964 43190
24.7988 43238
24.8012 43285
24.8036 43332
24.8059 43379
24.8083 43426
24.8107 43473
24.8131 43520
24.8289 43567
24.8313 43614
24.8416 43661
24.844 43708
24.8465 43755
24.8489 43802
24.8513 43849
24.8537 43896
24.856 43943
24.8588 43990
24.8612 44037
24.8636 44084
24.866 44131
24.8683 44177
24.8707 44223
24.885 44269
24.8874 44315
24.8976 44361
24.9 44407
24.9026 44453
24.905 44499
24.9073 44545
24.9097 44591
24.9121 44637
24.9149 44683
24.9173 44729
24.9197 44775
24.922 44821
24.9244 44867
24.9268 44913
24.9411 44959
24.9435 45005
24.9537 45051
24.9561 45097
24.9587 45142
24.961 45187
24.9634 45232
24.9658 45277
24.9682 45322
24.971 45367
24.9733 45412
24.9757 45457
24.9781 45502
24.9809 45547
24.9833 45592
24.996 45637
24.9984 45682
25.0088 45727
25.0112 45772
25.0136 45817
25.016 45862
25.0188 45907
25.0212 45952
25.0235 45997
25.0259 46042
25.0283 46087
25.0331 21600
25.1289 21696
25.1313 21791
25.1337 21886
25.1361 21980
25.1385 22074
25.1409 22167
25.1432 22260
25.1838 22353
25.1862 22445
25.1886 22537
25.191 22629
25.1933 22720
25.1957 22811
25.1981 22901
25.2387 22991
25.2411 23081
25.2435 23170
25.2458 23259
25.2482 23348
25.2506 23436
25.253 23524
25.2936 23612
25.296 23699
25.2983 23786
25.3007 23873
25.3031 23959
25.3055 24045
25.3079 24131
25.3103 24216
25.3499 24301
25.3523 24386
25.3547 24471
25.3571 24555
25.3595 24639
25.362 24723
25.3643 24806
25.3667 24889
25.406 24972
25.4084 25055
25.4107 25137
25.4132 25219
25.4156 25301
25.418 25382
25.4204 25463
25.4228 25544
25.4609 25625
25.4632 25705
25.4656 25785
25.4681 25865
25.4708 25945
25.4732 26024
25.4755 26103
25.478 26182
25.5157 26261
25.5181 26339
25.5205 26417
25.523 26495
25.5257 26573
25.528 26651
25.5304 26728
25.5328 26805
25.5352 26882
25.5718 26959
25.5742 27035
25.5766 27111
25.5791 27187
25.5817 27263
25.5841 27339
25.5865 27414
25.5889 27489
25.5913 27564
25.6281 27639
25.6305 27714
25.6329 27788
25.6353 27862
25.6378 27936
25.6402 28010
25.6426 28084
25.645 28157
25.6474 28230
25.683 28303
25.6854 28376
25.6878 28449
25.6902 28521
25.6927 28593
25.6951 28665
25.6975 28737
25.6999 28809
25.7023 28880
25.7379 28951
25.7403 29022
25.7427 29093
25.7451 29164
25.7476 29235
25.75 29305
25.7524 29375
25.7548 29445
25.7572 29515
25.7596 29585
25.794 29655
25.7964 29724
25.7991 29793
25.8015 29862
25.804 29931
25.8064 30000
25.8087 30069
25.8111 30137
25.8135 30205
25.8159 30273
25.8501 30341
25.8525 30409
25.8552 30477
25.8576 30545
25.86 30612
25.8624 30679
25.8648 30746
25.8672 30813
25.8696 30880
25.872 30947
25.905 31014
25.9074 31080
25.9104 31146
25.9128 31212
25.9152 31278
25.9176 31344
25.92 31410
25.9224 31476
25.9248 31541
25.9272 31606
25.9599 31671
25.9622 31736
25.9653 31801
25.9677 31866
25.9701 31931
25.9725 31995
25.9749 32059
25.9773 32123
25.9797 32187
25.9821 32251
26.0147 32315
26.0171 32379
26.0195 32443
26.0219 32506
26.0243 32569
26.0267 32632
26.0291 32695
26.0315 32758
26.0339 32821
26.0363 32884
26.0386 32947
26.0708 33009
26.0732 33071
26.0756 33133
26.078 33195
26.0804 33257
26.0828 33319
26.0852 33381
26.0876 33443
26.09 33505
26.0923 33566
26.0947 33627
26.1269 33688
26.1293 33749
26.1317 33810
26.1341 33871
26.1365 33932
26.1389 33993
26.1413 34054
26.1436 34114
26.146 34174
26.1484 34234
26.1508 34294
26.1818 34354
26.1842 34414
26.1866 34474
26.1891 34534
26.1915 34594
26.1941 34653
26.1965 34712
26.1989 34771
26.2013 34830
26.2038 34889
26.2062 34948
26.2367 35007
26.2391 35066
26.2415 35125
26.244 35184
26.2464 35242
26.2487 35300
26.2511 35358
26.2535 35416
26.2559 35474
26.2583 35532
26.2607 35590
26.2631 35648
26.2928 35706
26.2952 35764
26.2976 35821
26.3001 35878
26.3024 35935
26.3048 35992
26.3072 36049
26.3096 36106
26.312 36163
26.3146 36220
26.317 36277
26.3194 36334
26.3489 36391
26.3513 36447
26.3536 36503
26.3561 36559
26.3585 36615
26.3609 36671
26.3633 36727
26.3657 36783
26.3681 36839
26.3705 36895
26.3729 36951
26.3753 37007
26.4038 37063
26.4061 37118
26.4085 37173
26.411 37228
26.4134 37283
26.4158 37338
26.4182 37393
26.4206 37448
26.423 37503
26.4254 37558
26.4278 37613
26.4302 37668
26.4586 37723
26.461 37777
26.4659 17280
26.5388 17400
26.5411 17519
26.5686 17637
26.5709 17754
26.5733 17870
26.5757 17986
26.595 18101
26.5978 18215
26.6246 18328
26.627 18441
26.6294 18553
26.6318 18664
26.6511 18775
26.6539 18885
26.6813 18994
26.6837 19103
26.686 19211
26.6884 19318
26.7074 19425
26.7098 19531
26.7361 19637
26.7385 19742
26.7409 19847
26.7433 19951
26.7623 20054
26.7647 20157
26.791 20259
26.7934 20361
26.7958 20462
26.7982 20563
26.8172 20663
26.8196 20763
26.8459 20862
26.8483 20961
26.8507 21059
26.8531 21157
26.8555 21255
26.8734 21352
26.8758 21449
26.9022 21545
26.9046 21641
26.907 21736
26.9093 21831
26.9117 21925
26.9295 22019
26.9319 22113
26.9583 22206
26.9607 22299
26.963 22391
26.9654 22483
26.9679 22575
26.9844 22666
26.9868 22757
27.0132 22848
27.0155 22938
27.0179 23028
27.0203 23118
27.0228 23207
27.0393 23296
27.0417 23385
27.0684 23473
27.0708 23561
27.0732 23649
27.0755 23736
27.0779 23823
27.0803 23910
27.0957 23996
27.098 24082
27.1245 24168
27.1268 24253
27.1292 24338
27.1316 24423
27.134 24507
27.1364 24591
27.1517 24675
27.1541 24759
27.1808 24842
27.1832 24925
27.1856 25008
27.188 25090
27.1904 25172
27.1928 25254
27.2066 25336
27.209 25417
27.2357 25498
27.2381 25579
27.2405 25660
27.2429 25740
27.2453 25820
27.2477 25900
27.2615 25980
27.2639 26059
27.2912 26138
27.2936 26217
27.296 26296
27.2984 26374
27.3008 26452
27.3032 26530
27.3164 26608
27.3188 26685
27.3212 26762
27.3473 26839
27.3497 26916
27.3521 26993
27.3545 27069
27.3569 27145
27.3593 27221
27.3725 27297
27.3749 27372
27.3773 27447
27.4034 27522
27.4058 27597
27.4082 27672
27.4106 27746
27.413 27820
27.4153 27894
27.4286 27968
27.431 28042
27.4334 28115
27.4585 28188
27.4609 28261
27.4633 28334
27.4657 28407
27.4681 28479
27.4704 28551
27.4835 28623
27.4862 28695
27.4886 28767
27.5134 28839
27.5158 28910
27.5182 28981
27.5205 29052
27.5229 29123
27.5253 29194
27.5386 29265
27.5411 29335
27.5435 29405
27.5684 29475
27.5708 29545
27.5732 29615
27.5756 29685
27.5779 29754
27.5803 29823
27.5827 29892
27.595 29961
27.5974 30030
27.5998 30099
27.6245 30167
27.6269 30235
27.6292 30303
27.6316 30371
27.634 30439
27.6364 30507
27.6388 30574
27.6511 30641
27.6535 30708
27.6559 30775
27.6808 30842
27.6832 30909
27.6856 30976
27.688 31042
27.6904 31108
27.6928 31174
27.6951 31240
27.706 31306
27.7084 31372
27.7108 31438
27.7357 31503
27.7381 31568
27.7405 31633
27.7429 31698
27.7453 31763
27.748 31828
27.7504 31893
27.761 31958
27.7634 32022
27.7657 32086
27.7906 32150
27.793 32214
27.7954 32278
27.7978 32342
27.8001 32406
27.8025 32469
27.8049 32532
27.8073 32595
27.817 32658
27.8194 32721
27.8218 32784
27.8467 32847
27.8491 32910
27.8517 32973
27.8541 33035
27.8565 33097
27.8588 33159
27.8612 33221
27.8636 33283
27.8731 33345
27.8755 33407
27.8779 33469
27.9028 33530
27.9051 33591
27.9078 33652
27.9102 33713
27.9125 33774
27.9149 33835
27.9173 33896
27.9197 33957
27.928 34018
27.9304 34078
27.9328 34138
27.9576 34198
27.96 34258
27.9627 34318
27.965 34378
27.9674 34438
27.9698 34498
27.9722 34558
27.9746 34618
27.9831 34677
27.9855 34736
27.988 34795
28.0125 34854
28.0149 34913
28.0175 34972
28.0199 35031
28.0223 35090
28.0248 35149
28.0271 35207
28.0295 35265
28.0319 35323
28.0392 35381
28.0416 35439
28.044 35497
28.0689 35555
28.0713 35613
28.0738 35671
28.0762 35729
28.0786 35787
28.0812 35844
28.0836 35901
28.086 35958
28.0884 36015
28.0953 36072
28.0977 36129
28.1001 36186
28.125 36243
28.1274 36300
28.1299 36357
28.1323 36414
28.1347 36470
28.1373 36526
28.1397 36582
28.1421 36638
28.1447 36694
28.1502 36750
28.1526 36806
28.155 36862
28.1799 36918
28.1823 36974
28.1848 37030
28.1872 37085
28.1896 37140
28.1922 37195
28.1946 37250
28.197 37305
28.1996 37360
28.2051 37415
28.2075 37470
28.2099 37525
28.2348 37580
28.2372 37635
28.2397 37690
28.2421 37745
28.2445 37799
28.2473 37853
28.2497 37907
28.2521 37961
28.2545 38015
28.2602 38069
28.2626 38123
28.265 38177
28.2673 38231
28.2909 38285
28.2932 38339
28.2958 38393
28.2982 38447
28.3006 38500
28.3034 38553
28.3058 38606
28.3082 38659
28.3106 38712
28.3163 38765
28.3187 38818
28.321 38871
28.3234 38924
28.3469 38977
28.3493 39030
28.3519 39083
28.3543 39136
28.3567 39188
28.3595 39240
28.3619 39292
28.3643 39344
28.3667 39396
28.3725 39448
28.3748 39500
28.3772 39552
28.38 39604
28.4018 39656
28.4042 39708
28.4068 39760
28.4092 39812
28.4115 39864
28.4144 39916
28.4168 39967
28.4192 40018
28.4216 40069
28.4273 40120
28.4297 40171
28.4321 40222
28.4349 40273
28.457 40324
28.4594 40375
28.4618 40426
28.4642 40477
28.4665 40528
28.4693 40579
28.4717 40630
28.4741 40681
28.4765 40731
28.4822 40781
28.4846 40831
28.487 40881
28.4898 40931
28.5119 40981
28.5143 41031
28.5167 41081
28.519 41131
28.5214 41181
28.5238 41231
28.5262 41281
28.5286 41331
28.531 41381
28.5334 41431
28.5386 41481
28.541 41530
28.5436 41579
28.5461 41628
28.568 41677
28.5704 41726
28.5727 41775
28.5751 41824
28.5775 41873
28.5799 41922
28.5823 41971
28.5847 42020
28.5871 42069
28.5895 42118
28.5947 42167
28.5971 42216
28.5997 42265
28.6022 42314
28.6242 42363
28.627 42411
28.6294 42459
28.6318 42507
28.6342 42555
28.6366 42603
28.6389 42651
28.6413 42699
28.6437 42747
28.6461 42795
28.6496 42843
28.6519 42891
28.655 42939
28.6574 42987
28.6791 43035
28.6819 43083
28.6843 43131
28.6879 43179
28.6903 19440
28.7672 19546
28.7889 19652
28.7917 19757
28.7941 19861
28.7977 19965
28.8001 20068
28.8221 20171
28.844 20273
28.8466 20375
28.849 20476
28.8526 20577
28.8549 20677
28.8769 20777
28.8793 20876
28.9001 20975
28.9026 21073
28.905 21171
28.9086 21268
28.911 21365
28.933 21462
28.9354 21558
28.9565 21654
28.9589 21749
28.9612 21844
28.9648 21938
28.9672 22032
28.9891 22126
28.9915 22219
29.0125 22312
29.0149 22404
29.0173 22496
29.0197 22588
29.0222 22679
29.044 22770
29.0464 22861
29.0674 22951
29.0698 23041
29.0722 23130
29.0746 23219
29.0771 23308
29.0989 23396
29.1013 23484
29.1227 23572
29.1251 23659
29.1275 23746
29.1299 23833
29.1323 23920
29.1346 24006
29.1551 24092
29.1575 24178
29.1788 24263
29.1812 24348
29.1836 24433
29.1884 10080
29.2922 10285
29.2945 10486
29.297 10683
29.347 10877
29.3494 11067
29.3518 11254
29.4019 11438
29.4043 11619
29.4069 11797
29.4569 11972
29.4593 12145
29.4617 12315
29.4641 12483
29.513 12649
29.5154 12812
29.5179 12973
29.5202 13132
29.5691 13289
29.5715 13445
29.5739 13599
29.5763 13751
29.624 13901
29.6264 14050
29.6288 14197
29.6312 14343
29.6789 14487
29.6813 14630
29.6837 14771
29.6861 14911
29.7341 15050
29.7365 15187
29.7389 15323
29.7413 15458
29.7436 15592
29.7902 15724
29.7926 15855
29.7949 15985
29.7973 16114
29.7997 16242
29.8463 16369
29.8486 16495
29.8514 16620
29.8538 16744
29.8562 16867
29.9011 16989
29.9035 17111
29.9063 17232
29.9087 17352
29.9111 17471
29.956 17589
29.9584 17706
29.9612 17823
29.9636 17939
29.9659 18054
29.9683 18168
30.0121 18282
30.0145 18395
30.0172 18507
30.0196 18619
30.022 18730
30.0244 18840
30.0682 18950
30.0706 19059
30.0733 19167
30.0757 19275
30.0781 19382
30.0805 19488
