0.194217 0.094
0.291149 0.094375
0.389234 0.0948281
0.487319 0.0952246
0.584397 0.107697
0.586788 0.106609
0.682482 0.105533
0.684872 0.104842
0.687263 0.104361
0.780567 0.103566
0.782957 0.10312
0.785348 0.102855
0.787738 0.102498
0.877456 0.113436
0.879847 0.111632
0.882237 0.110178
0.884628 0.109155
0.887018 0.108261
0.889408 0.107478
0.974346 0.117419
0.976736 0.115116
0.979127 0.113227
0.981517 0.111823
0.983908 0.11047
0.986298 0.109412
0.988688 0.108735
0.991079 0.108143
0.993469 0.107625
1.07124 0.116922
1.07363 0.114682
1.07602 0.112847
1.07841 0.111491
1.0808 0.11018
1.08319 0.109157
1.08558 0.108512
1.08797 0.107948
1.09036 0.107455
1.09275 0.107273
1.09514 0.107239
1.09753 0.107084
1.09992 0.107198
1.10231 0.107424
1.16932 0.106246
1.17171 0.105465
1.1741 0.104907
1.17649 0.104294
1.17888 0.104007
1.18127 0.103881
1.18366 0.103771
1.18605 0.104049
1.18844 0.104168
1.19083 0.104272
1.19322 0.104738
1.19561 0.105146
1.19801 0.105503
1.2004 0.106065
1.20279 0.106557
1.20518 0.106987
1.20757 0.107614
1.20996 0.108162
1.21235 0.108767
1.21474 0.109546
1.21713 0.110228
1.26741 0.108699
1.2698 0.107612
1.27219 0.106785
1.27458 0.105937
1.27697 0.105445
1.27936 0.105139
1.28175 0.104872
1.28414 0.105013
1.28653 0.105011
1.28892 0.10501
1.29131 0.105384
1.2937 0.105586
1.29609 0.105888
1.29848 0.106402
1.30087 0.106851
1.30326 0.107245
1.30565 0.107839
1.30804 0.108484
1.31043 0.108924
1.31282 0.109558
1.31521 0.110239
1.3176 0.110834
1.31999 0.111605
1.32238 0.112279
1.32477 0.112869
1.32717 0.11376
1.32956 0.11454
1.33195 0.115098
1.33434 0.115961
1.33673 0.116716
1.33912 0.117376
1.36468 0.121079
1.36707 0.118444
1.36946 0.116139
1.37185 0.114371
1.37424 0.112825
1.37664 0.111472
1.37903 0.110663
1.38142 0.109955
1.38381 0.109211
1.3862 0.108934
1.38859 0.108692
1.39098 0.108356
1.39337 0.108436
1.39576 0.108507
1.39815 0.108694
1.40065 0.109107
1.40304 0.109468
1.40664 0.10991
1.57524 0.108421
1.57763 0.107119
1.58002 0.106104
1.58241 0.105091
1.5848 0.104204
1.58719 0.103429
1.58958 0.10275
1.59197 0.102156
1.59436 0.101637
1.59675 0.101182
1.59914 0.100785
1.60153 0.100436
1.60392 0.100132
1.60631 0.0998654
1.6087 0.0996322
1.61109 0.0994282
1.61348 0.0992497
1.61587 0.0990935
1.61844 0.0989568
1.62083 0.0988372
1.62322 0.0987325
1.62561 0.098641
1.628 0.0986858
1.63039 0.0986001
1.63278 0.0985251
1.63517 0.0984595
1.63756 0.098402
1.67225 0.102477
1.67464 0.102042
1.67703 0.101787
1.67942 0.101439
1.68181 0.101134
1.6842 0.100992
1.68659 0.100743
1.68898 0.100525
1.69137 0.100459
1.69376 0.100277
1.69615 0.100242
1.69854 0.100087
1.70093 0.0999512
1.70332 0.0999573
1.70571 0.0998377
1.7081 0.0998579
1.71049 0.0997507
1.71288 0.0996569
1.71533 0.0996998
1.71772 0.0996123
1.72011 0.0996608
1.7225 0.0995782
1.72489 0.0995059
1.72728 0.0994427
1.72967 0.0993873
1.73206 0.0994639
1.73445 0.0994059
1.76923 0.10348
1.77162 0.10292
1.77401 0.102555
1.7764 0.102111
1.77879 0.101722
1.78119 0.101507
1.78358 0.101193
1.78597 0.100919
1.78836 0.100804
1.79075 0.100579
1.79314 0.100506
1.79553 0.100318
1.79792 0.100153
1.80031 0.100134
1.8027 0.0999924
1.80509 0.0999933
1.80748 0.0998692
1.80987 0.0997605
1.81226 0.0997905
1.81465 0.0996917
1.81704 0.0997302
1.81943 0.0996389
1.82182 0.0995591
1.82421 0.0996142
1.8266 0.0995374
1.82899 0.0994702
1.83138 0.0994114
1.86612 0.103485
1.86851 0.102924
1.8709 0.102434
1.87329 0.102005
1.87568 0.101629
1.87807 0.101425
1.88047 0.101122
1.88286 0.100857
1.88525 0.10075
1.88773 0.100531
1.89012 0.100465
1.89251 0.100282
1.8949 0.100121
1.89729 0.100106
1.89968 0.099968
1.90207 0.099972
1.90447 0.0998505
1.90686 0.0997442
1.90925 0.0997761
1.91164 0.0996791
1.91403 0.0997192
1.91642 0.0996293
1.91881 0.0995507
1.9212 0.0996068
1.92359 0.099531
1.92598 0.0994646
1.92837 0.0995315
1.93076 0.0994651
1.96423 0.0992819
1.96662 0.0991217
1.96901 0.0991065
1.9714 0.0989682
1.97379 0.0988472
1.97618 0.0987413
1.97857 0.0986486
1.98096 0.0985675
1.98335 0.0984966
1.98619 0.0985595
1.98858 0.0984896
1.99097 0.0984284
1.99336 0.0984998
1.99575 0.0984374
1.99814 0.0985077
2.00053 0.0984442
2.00292 0.0983887
2.00531 0.0984651
2.0077 0.098407
2.01009 0.0984811
2.01248 0.098421
2.01487 0.0983683
2.01726 0.0984473
2.01965 0.0983914
2.02204 0.0984675
2.02443 0.098534
2.02682 0.0984673
2.02921 0.0985339
2.06268 0.0984671
2.06507 0.0985337
2.06746 0.098467
2.06985 0.0984086
2.07224 0.0984826
2.07463 0.0984222
2.07702 0.0987445
2.07941 0.0990264
2.0818 0.0992731
2.08419 0.099489
2.08658 0.0995528
2.08897 0.0996087
2.09136 0.0997826
2.09375 0.0998098
2.09614 0.0999586
2.09854 0.0999638
2.10093 0.0999683
2.10332 0.100097
2.10571 0.100085
2.1081 0.100199
2.11049 0.100175
2.11288 0.100153
2.11527 0.100259
2.11766 0.100226
2.12005 0.100323
2.12244 0.100283
2.12483 0.100247
2.12722 0.100341
2.15957 0.104049
2.16196 0.103418
2.16435 0.102865
2.16674 0.102382
2.17152 0.101959
2.17391 0.10159
2.1763 0.101266
2.17869 0.100983
2.18108 0.10086
2.18347 0.100627
2.18586 0.100424
2.18825 0.100371
2.19064 0.1002
2.19303 0.100175
2.19542 0.100028
2.19782 0.0998993
2.20021 0.0999119
2.2026 0.0997979
2.20499 0.0996982
2.20738 0.0996109
2.20977 0.0995345
2.21216 0.0995927
2.21455 0.0995186
2.21694 0.0994538
2.21933 0.0993971
2.22172 0.0993474
2.22411 0.099429
2.25646 0.103125
2.25885 0.10261
2.26124 0.102283
2.26363 0.101873
2.26841 0.101889
2.2708 0.101528
2.27319 0.101587
2.27558 0.101638
2.27797 0.101559
2.28036 0.101614
2.28275 0.101537
2.28514 0.101595
2.28753 0.101646
2.28992 0.101565
2.29231 0.101619
2.2947 0.101542
2.2971 0.101599
2.29949 0.101649
2.30188 0.101568
2.30427 0.101622
2.30666 0.101669
2.30905 0.101711
2.31144 0.101747
2.31383 0.101653
2.31622 0.101697
2.31861 0.101735
2.321 0.101643
2.32339 0.101687
2.32578 0.101602
2.35454 0.101151
2.35693 0.100757
2.35932 0.100413
2.36171 0.100111
2.3665 0.0998473
2.36889 0.0996164
2.37128 0.0994143
2.37367 0.0992375
2.37606 0.0992078
2.37845 0.0990569
2.38118 0.0990497
2.38357 0.0989185
2.38596 0.0988037
2.38835 0.0988282
2.39074 0.0987247
2.39313 0.0987591
2.39552 0.0986642
2.39791 0.0985812
2.4003 0.0986336
2.40269 0.0985544
2.40508 0.0986101
2.40747 0.0985338
2.40986 0.0984671
2.41225 0.0985337
2.41464 0.098467
2.41703 0.0985336
2.41942 0.0985919
2.42181 0.0985179
2.4242 0.0985782
2.4528 0.0985059
2.45519 0.0985677
2.45758 0.0984967
2.45997 0.0984346
2.46475 0.0983803
2.46714 0.0984578
2.46953 0.0984005
2.47192 0.0983505
2.47431 0.0983067
2.4767 0.0982683
2.47949 0.0982348
2.48188 0.0982054
2.48427 0.0985548
2.48666 0.0988604
2.48905 0.0991279
2.49144 0.0993619
2.49384 0.0994416
2.49623 0.0996364
2.49862 0.0998069
2.50101 0.099956
2.5034 0.100087
2.50579 0.100076
2.50818 0.100191
2.51057 0.100292
2.51296 0.100256
2.51535 0.100349
2.51774 0.100305
2.52013 0.100392
2.52252 0.100468
2.54987 0.103535
2.55226 0.103093
2.55465 0.102581
2.55704 0.102258
2.56182 0.102226
2.56422 0.101948
2.56661 0.101579
2.569 0.101257
2.57139 0.1011
2.57378 0.100837
2.57638 0.100733
2.57877 0.100516
2.58116 0.100452
2.58355 0.10027
2.58594 0.100111
2.58833 0.0999725
2.59072 0.0998509
2.59312 0.0998695
2.59551 0.0997608
2.5979 0.0996657
2.60029 0.0995825
2.60268 0.0995097
2.60507 0.099571
2.60746 0.0994996
2.60985 0.0994372
2.61224 0.0995075
2.61463 0.0994441
2.61702 0.0995136
2.61941 0.0994494
2.64681 0.102518
2.6492 0.102203
2.65159 0.101803
2.65398 0.101453
2.65876 0.101396
2.66115 0.101222
2.66354 0.100944
2.66593 0.100701
2.66832 0.100613
2.67071 0.100412
2.67327 0.10036
2.67566 0.10019
2.67805 0.100166
2.68044 0.100021
2.68283 0.099893
2.68522 0.0999064
2.68761 0.0997931
2.69 0.0998189
2.6924 0.0997166
2.69479 0.099627
2.69718 0.0996736
2.69957 0.0995894
2.70196 0.0995157
2.70435 0.0994513
2.70674 0.0993949
2.70913 0.0994705
2.71152 0.0994117
2.71391 0.0993602
2.7163 0.0993152
2.71869 0.0992758
2.74489 0.0991163
2.74728 0.0989768
2.74968 0.0988547
2.75207 0.0988728
2.75686 0.0987637
2.75925 0.0986683
2.76164 0.0985847
2.76403 0.0986366
2.76642 0.0985571
2.76881 0.0984874
2.77136 0.0984265
2.77375 0.0983732
2.77614 0.0983265
2.77853 0.0982857
2.78092 0.09825
2.78331 0.0982188
2.7857 0.0981914
2.78809 0.0981675
2.79048 0.0981465
2.79287 0.0981282
2.79526 0.0981122
2.79765 0.0980982
2.80004 0.0982109
2.80243 0.0981845
2.80482 0.0981615
2.80721 0.0981413
2.8096 0.0981236
2.81199 0.0981082
2.81438 0.0980947
2.81677 0.0980828
2.84298 0.0980725
2.84537 0.0980634
2.84776 0.0980555
2.85015 0.0980485
2.85495 0.0980425
2.85734 0.0980372
2.85973 0.0980325
2.86212 0.0980285
2.86451 0.0980249
2.8669 0.0980218
2.86944 0.0980191
2.87183 0.0980167
2.87422 0.0980146
2.87661 0.0980128
2.879 0.0981362
2.88139 0.0981192
2.88378 0.0981043
2.88617 0.0980912
2.88856 0.0983298
2.89096 0.0985386
2.89338 0.0988463
2.89577 0.0989905
2.89816 0.0992417
2.90055 0.0993365
2.90294 0.0994194
2.90533 0.099617
2.9078 0.0996649
2.91019 0.0998317
2.91258 0.0999778
2.91497 0.0999806
2.94007 0.102983
2.94246 0.10261
2.94485 0.102159
2.94724 0.101889
2.95202 0.101903
2.95441 0.101665
2.9568 0.101332
2.95919 0.101165
2.96158 0.100895
2.96397 0.100658
2.96636 0.100576
2.96875 0.100379
2.97114 0.100331
2.97353 0.100165
2.97593 0.100019
2.97832 0.0998919
2.98071 0.0997804
2.9831 0.0998079
2.98549 0.0997069
2.98788 0.0996185
2.99027 0.0996662
2.99266 0.0995829
2.99505 0.0996351
2.99744 0.0995557
2.99983 0.0994862
3.00222 0.0995504
3.00469 0.0994816
3.00708 0.0995464
3.00947 0.0994781
3.01186 0.0994184
3.03705 0.102366
3.03945 0.101945
3.04184 0.101577
3.04423 0.10138
3.04901 0.101457
3.0514 0.10115
3.055 0.101007
3.1938 0.100631
3.19619 0.100302
3.19858 0.100014
3.20097 0.0997624
3.20336 0.0995421
3.20575 0.0993493
3.20814 0.0993056
3.2324 0.0992674
3.23479 0.099109
3.23718 0.0990954
3.23957 0.0989585
3.24435 0.0989637
3.24674 0.0988432
3.25007 0.0988628
3.25246 0.0987549
3.2923 0.0987856
3.29469 0.0986874
3.29708 0.0987265
3.29947 0.0987606
3.30186 0.0986656
3.30425 0.0987074
3.30664 0.0986189
3.33049 0.0985416
3.33288 0.0984739
3.33527 0.0984146
3.33766 0.0983628
3.34244 0.0983175
3.34483 0.0982778
3.34839 0.0982431
3.35078 0.0982127
3.39039 0.0981861
3.39278 0.0981628
3.39517 0.0981425
3.39756 0.0981247
3.40004 0.0982341
3.40243 0.0982048
3.40482 0.0981792
3.42877 0.0981568
3.43116 0.0982622
3.43355 0.0982294
3.43594 0.0982008
3.44052 0.0981757
3.44291 0.0981537
3.44647 0.0981345
3.44886 0.0981177
3.48847 0.098103
3.49086 0.0983401
3.49325 0.0986726
3.49564 0.0988385
3.49803 0.0991087
3.50042 0.0992201
3.50281 0.0993176
3.52571 0.102028
3.5281 0.101774
3.53049 0.101428
3.53289 0.101124
3.53767 0.101234
3.54006 0.101079
3.54364 0.10107
3.54603 0.100936
3.58538 0.105444
3.58777 0.104638
3.59017 0.104059
3.59256 0.103426
3.59495 0.102873
3.59734 0.102389
3.59973 0.101965
3.6226 0.10422
3.62509 0.103692
3.62748 0.103106
3.62987 0.102592
3.63465 0.102518
3.63704 0.102204
3.64063 0.101928
3.64302 0.101687
3.68246 0.105976
3.68485 0.105104
3.68724 0.104466
3.68963 0.103783
3.69202 0.10331
3.69441 0.102896
3.6968 0.102409
3.69919 0.102108
3.72069 0.101595
3.72317 0.101145
3.72557 0.100752
3.72796 0.100408
3.73274 0.100107
3.73513 0.0998437
3.73871 0.0996132
3.7411 0.0994116
3.78054 0.0992351
3.78293 0.0990807
3.78533 0.0989456
3.78772 0.0988274
3.7902 0.098724
3.79259 0.0986335
3.79498 0.0985543
3.79737 0.098485
3.81889 0.0984244
3.82128 0.0983713
3.82367 0.0983249
3.82606 0.0984093
3.83082 0.0983581
3.83321 0.0983134
3.8368 0.0982742
3.83919 0.0982399
3.87882 0.0982099
3.88121 0.0983087
3.8836 0.0982701
3.88599 0.0982363
3.88838 0.0982068
3.89077 0.098431
3.89316 0.0987521
3.89555 0.0990331
3.91587 0.101404
3.91826 0.101228
3.92065 0.10095
3.92304 0.100831
3.92782 0.100852
3.93021 0.100746
3.9338 0.100653
3.93619 0.100571
3.97571 0.105
3.9781 0.104375
3.98049 0.103703
3.98288 0.103115
3.98527 0.102726
3.98766 0.10226
3.99015 0.101977
3.99254 0.101605
4.01286 0.10353
4.01525 0.103088
4.01764 0.102577
4.02003 0.102255
4.02481 0.102098
4.0272 0.101836
4.03079 0.101606
4.03318 0.101406
4.0726 0.10573
4.07499 0.104889
4.07738 0.104153
4.07977 0.103509
4.08216 0.10307
4.08455 0.102561
4.08704 0.102241
4.08943 0.101836
4.09182 0.101481
4.11094 0.101046
4.11333 0.100665
4.11572 0.100332
4.11811 0.100041
4.12289 0.0997857
4.12529 0.0995625
4.12887 0.0993671
4.13126 0.0991963
4.17069 0.0990467
4.17308 0.0990409
4.17547 0.0989108
4.17786 0.0987969
4.18025 0.0986973
4.18264 0.0986101
4.18512 0.0985339
4.18751 0.0984671
4.1899 0.0984087
4.20903 0.0984827
4.21142 0.0984223
4.21381 0.0983695
4.2162 0.0983233
4.22098 0.0982829
4.22337 0.0982476
4.22696 0.0982166
4.22935 0.0981895
4.26898 0.0981658
4.27137 0.0981451
4.27376 0.098127
4.27615 0.0982361
4.27854 0.0982066
4.28093 0.0981808
4.28332 0.0981582
4.28571 0.0981384
4.2881 0.0982461
4.30603 0.10059
4.30842 0.100392
4.31081 0.100218
4.3132 0.10019
4.31789 0.100292
4.32028 0.100255
4.32387 0.100223
4.32626 0.100195
4.36597 0.104671
4.36836 0.104087
4.37075 0.103451
4.37314 0.10302
4.37553 0.102517
4.37792 0.102078
4.38031 0.101818
4.3827 0.101466
4.38509 0.101282
4.40292 0.102872
4.40531 0.102388
4.4077 0.101965
4.41009 0.101719
4.41478 0.101629
4.41717 0.101426
4.42094 0.101247
4.42333 0.101091
4.46285 0.105455
4.46525 0.104773
4.46764 0.104051
4.47003 0.103545
4.47242 0.102977
4.4749 0.10248
4.47729 0.10217
4.47968 0.101774
4.48207 0.101552
4.49981 0.103108
4.5022 0.102719
4.50459 0.102254
4.50698 0.101848
4.50937 0.101492
4.51287 0.101055
4.51526 0.100673
4.51903 0.100464
4.52142 0.100156
4.56094 0.0998866
4.56333 0.0996508
4.56572 0.0994445
4.56811 0.0992639
4.5705 0.0991059
4.57299 0.0989677
4.57538 0.0988467
4.57777 0.0987409
4.58016 0.0986483
4.59818 0.0986922
4.60057 0.0986057
4.60296 0.09853
4.60535 0.0985887
4.60774 0.0985151
4.61095 0.0984508
4.61334 0.0983944
4.61711 0.0983451
4.6195 0.098302
4.65914 0.0983892
4.66153 0.0983406
4.66392 0.098298
4.66631 0.0982607
4.6687 0.0982282
4.67228 0.0984496
4.8134 0.0983934
4.85303 0.103094
4.85542 0.102457
4.85781 0.1019
4.8602 0.101413
4.86259 0.100986
4.86626 0.100863
4.86865 0.100505
4.91029 0.105192
4.94992 0.109043
4.95231 0.107788
4.9547 0.106689
4.95709 0.105853
4.95948 0.104996
4.96315 0.104497
4.96554 0.10381
5.00718 0.108208
5.00957 0.107057
5.04801 0.10605
5.0504 0.105044
5.05279 0.104163
5.05518 0.103393
5.05757 0.102719
5.06123 0.102129
5.06362 0.101613
5.10565 0.101161
5.10804 0.100891
5.14628 0.10053
5.14867 0.100214
5.15106 0.100062
5.15345 0.0998041
5.15584 0.0995786
5.15943 0.0993813
5.16182 0.0992086
5.20383 0.0990575
5.20622 0.0989253
5.24437 0.0988097
5.24676 0.0989585
5.24915 0.0992137
5.25163 0.0993119
5.25402 0.099523
5.25641 0.0997076
5.25881 0.0996191
5.30072 0.104542
5.30311 0.103974
5.34126 0.107852
5.34365 0.106746
5.34604 0.105903
5.34852 0.10504
5.35091 0.104285
5.3533 0.103624
5.35569 0.103046
5.39761 0.10754
5.4 0.106473
5.43817 0.110039
5.44056 0.108659
5.44295 0.107452
5.44534 0.106395
5.448 0.105471
5.45039 0.104787
5.45278 0.104063
5.45517 0.103556
5.4958 0.102861
5.49819 0.102378
5.53635 0.101831
5.53874 0.101352
5.54113 0.101058
5.54352 0.100676
5.54608 0.100466
5.54847 0.100158
5.55086 0.0998884
5.55325 0.0996523
5.59389 0.0994458
5.59628 0.0992651
5.63444 0.0991069
5.63683 0.0989686
5.63922 0.0988475
5.64181 0.0987416
5.6442 0.0990239
5.64659 0.0991459
5.64898 0.0992526
5.65137 0.0994711
5.69078 0.104162
5.69317 0.103642
5.73136 0.107562
5.73375 0.106491
5.73614 0.10568
5.7387 0.104845
5.74109 0.104239
5.74348 0.103584
5.74587 0.103011
5.74826 0.102635
5.78767 0.106806
5.79006 0.105955
5.82834 0.109586
5.83073 0.108262
5.83312 0.10723
5.83559 0.106201
5.83798 0.105301
5.84037 0.104513
5.84276 0.103824
5.84515 0.103346
5.84754 0.102803
5.88598 0.102202
5.88837 0.101677
5.92652 0.101217
5.92891 0.100815
5.93157 0.100463
5.93396 0.100155
5.93635 0.100011
5.93875 0.0997596
5.94115 0.0996647
5.94354 0.0994566
5.94593 0.0992745
5.98406 0.0992402
5.98646 0.0990852
6.02461 0.0989495
6.027 0.0988308
6.02965 0.098727
6.03204 0.0987611
6.03443 0.098666
6.03684 0.0985827
6.03923 0.0985099
6.04162 0.0984461
6.04401 0.0987654
6.08095 0.103295
6.08335 0.102758
6.12178 0.106788
6.12417 0.10594
6.12656 0.105197
6.12895 0.104423
6.13134 0.103745
6.13373 0.103152
6.13612 0.102758
6.13851 0.102288
6.1409 0.101877
6.17813 0.105892
6.18052 0.105156
6.21867 0.108886
6.22106 0.107776
6.22345 0.106679
6.22584 0.105719
6.22823 0.105004
6.23063 0.104253
6.23311 0.103722
6.2355 0.103132
6.23789 0.102615
6.24028 0.102288
6.27658 0.101752
6.27897 0.101283
6.31712 0.100998
6.31951 0.100623
6.3219 0.100295
6.32429 0.100133
6.32668 0.0998666
6.32907 0.0997583
6.33147 0.0995385
6.33386 0.0993462
6.33625 0.0993029
6.33864 0.09914
6.37466 0.0989975
6.37705 0.0989978
6.41521 0.0988731
6.4176 0.098764
6.41999 0.0986685
6.42238 0.0985849
6.42477 0.0985118
6.42716 0.0984478
6.42955 0.0983918
6.43194 0.0983429
6.43433 0.0983
6.43672 0.0982625
6.47275 0.0982297
6.47514 0.098576
6.5121 0.103129
6.51449 0.102613
6.51688 0.102161
6.51927 0.101891
6.52166 0.10153
6.52405 0.101338
6.52644 0.101046
6.52883 0.10079
6.53122 0.100692
6.53361 0.10048
6.56963 0.104545
6.57203 0.103977
6.60917 0.10773
6.61156 0.106639
6.61395 0.105684
6.61634 0.104973
6.61873 0.104227
6.62112 0.103698
6.62351 0.103111
6.62591 0.102597
6.6283 0.102273
6.63069 0.101863
6.66655 0.105756
6.66894 0.104911
6.70606 0.108547
6.70845 0.107354
6.71084 0.10631
6.71323 0.105521
6.71562 0.104706
6.71801 0.104118
6.7205 0.103478
6.72289 0.102918
6.72528 0.102553
6.72767 0.102109
6.73006 0.101846
6.76463 0.101365
6.76702 0.101069
6.80415 0.100686
6.80654 0.10035
6.80893 0.100056
6.81132 0.0997991
6.81371 0.0995742
6.8161 0.0993775
6.81859 0.0992053
6.82098 0.0990546
6.82337 0.0989228
6.82576 0.0988074
6.82815 0.0987065
6.86272 0.0986182
6.86511 0.0985409
6.90223 0.0984733
6.90462 0.0984141
6.90701 0.0987374
6.9094 0.0990202
6.91179 0.0991427
6.91418 0.0993748
6.91657 0.099453
6.91896 0.0995214
6.92135 0.0997062
6.92375 0.0997429
6.92614 0.0999001
6.95961 0.103788
6.962 0.103189
6.99912 0.10704
7.00151 0.106035
7.0039 0.105156
7.00629 0.104386
7.00868 0.103713
7.01107 0.103249
7.01346 0.102718
7.01585 0.102253
7.01824 0.101972
7.02063 0.1016
7.02303 0.1014
7.0565 0.104975
7.05889 0.104228
7.09601 0.108075
7.0984 0.10694
7.10079 0.105948
7.10349 0.105204
7.10588 0.104429
7.10831 0.103875
7.1107 0.103266
7.11309 0.102858
7.11548 0.1025
7.11787 0.102063
7.12027 0.101805
7.12266 0.101454
7.15458 0.101023
7.15697 0.100645
7.1941 0.100314
7.19649 0.100025
7.19888 0.0997718
7.20157 0.0995503
7.20396 0.0993565
7.2064 0.0991869
7.20879 0.0990386
7.21118 0.0989088
7.21362 0.0987952
7.21601 0.0988208
7.2184 0.0987182
7.22079 0.0986284
7.25267 0.0985498
7.25506 0.0986061
7.29255 0.0985303
7.29494 0.0984641
7.29733 0.098531
7.29972 0.0984647
7.30211 0.0985316
7.3045 0.0984651
7.30689 0.098657
7.30928 0.0989499
7.31167 0.0990811
7.31407 0.099321
7.31646 0.0994059
7.31885 0.0994801
7.35011 0.103295
7.3525 0.102883
7.38944 0.106773
7.39183 0.105801
7.39422 0.105076
7.39661 0.104317
7.399 0.103777
7.40139 0.10318
7.40378 0.102657
7.40619 0.102325
7.40858 0.10191
7.41097 0.101546
7.41336 0.101228
7.41575 0.100949
7.447 0.104331
7.44939 0.103664
7.48633 0.107456
7.48872 0.106399
7.49111 0.105599
7.4935 0.104774
7.49589 0.104053
7.49828 0.103421
7.50067 0.102868
7.50308 0.10251
7.50547 0.102071
7.50786 0.101687
7.51033 0.101476
7.51272 0.101167
7.51511 0.101021
7.54508 0.100768
7.54747 0.100422
7.58442 0.100119
7.58681 0.0998545
7.5892 0.0996227
7.59159 0.0994199
7.59398 0.0992424
7.59637 0.0990871
7.59876 0.0989512
7.60117 0.0988323
7.60356 0.0987283
7.60595 0.0986372
7.60842 0.0985576
7.61081 0.0984879
7.6132 0.0984269
7.64317 0.0983735
7.64556 0.0983268
7.6825 0.098286
7.68489 0.0982502
7.68728 0.098219
7.68967 0.0981916
7.69206 0.0982926
7.69445 0.0982561
7.69684 0.0982241
7.69925 0.098196
7.70164 0.0981715
7.70403 0.0985251
7.70642 0.0988345
7.70881 0.0989802
7.7112 0.0992326
7.74006 0.102704
7.74245 0.102241
7.77939 0.106211
7.78178 0.105309
7.78417 0.104646
7.78656 0.10394
7.78895 0.103322
7.79134 0.102782
7.79373 0.102309
7.79614 0.102021
7.79853 0.101643
7.80092 0.101313
7.80331 0.101024
7.8057 0.100771
7.8093 0.100799
7.9915 0.100449
7.99389 0.100143
7.99641 0.0998753
7.9988 0.0996409
8.00119 0.0995608
8.00361 0.0993657
8.03075 0.10232
8.08839 0.108655
8.09078 0.107448
8.0933 0.106517
8.09569 0.105577
8.09808 0.10488
8.1005 0.104145
8.1279 0.106627
8.18528 0.112674
8.18767 0.110964
8.19019 0.109594
8.19258 0.10827
8.19497 0.107111
8.19739 0.106097
8.22479 0.108335
8.28217 0.114168
8.28456 0.112272
8.28695 0.110613
8.28934 0.109161
8.29173 0.107891
8.29412 0.106905
8.29651 0.105917
8.32287 0.104927
8.38026 0.104061
8.38265 0.103304
8.38504 0.102766
8.38771 0.10217
8.3901 0.101774
8.39249 0.101302
8.39488 0.100889
8.42096 0.100528
8.47834 0.100212
8.48073 0.0999356
8.48312 0.0996936
8.48579 0.0994819
8.48818 0.0996717
8.49057 0.0997127
8.49296 0.0997486
8.51785 0.102655
8.57523 0.109198
8.57762 0.107923
8.58001 0.106933
8.58268 0.105941
8.58507 0.105199
8.58746 0.104424
8.58985 0.103746
8.61474 0.106028
8.67212 0.112149
8.67451 0.110506
8.6769 0.109067
8.67957 0.107809
8.68196 0.106708
8.68435 0.105744
8.68674 0.104901
8.68913 0.104289
8.71282 0.103503
8.7702 0.102815
8.77259 0.102213
8.77498 0.101686
8.77766 0.101225
8.78005 0.100947
8.78244 0.100579
8.78483 0.100257
8.78722 0.0999745
8.81122 0.0998527
8.86829 0.0996211
8.87068 0.0994184
8.87307 0.0993661
8.87574 0.0991954
8.87813 0.0990459
8.88052 0.0989152
8.88291 0.0988008
8.8853 0.0990757
8.90811 0.101816
8.96518 0.108339
8.96757 0.107172
8.96996 0.10615
8.97263 0.105257
8.97502 0.104599
8.97741 0.1039
8.9798 0.103287
8.98219 0.102876
9.00518 0.105017
9.06246 0.11114
9.06485 0.109622
9.06724 0.108419
9.06963 0.107367
9.07202 0.106446
9.07442 0.105515
9.07681 0.104701
9.0792 0.104113
9.08159 0.103474
9.10327 0.10279
9.16055 0.102191
9.16294 0.101667
9.16533 0.101209
9.16772 0.100808
9.1703 0.100457
9.17269 0.10015
9.17508 0.100006
9.17747 0.0997552
9.17986 0.0995358
9.20135 0.0993438
9.25863 0.0991759
9.26102 0.0991539
9.26341 0.0990096
9.2658 0.0988834
9.26839 0.098773
9.27078 0.0986764
9.27317 0.0985918
9.27556 0.0985179
9.27795 0.0984531
9.29944 0.0983965
9.35552 0.105347
9.35791 0.104554
9.3603 0.103859
9.36269 0.103252
9.36528 0.102845
9.36767 0.102365
9.37006 0.102069
9.37245 0.101686
9.37484 0.10135
9.39633 0.103556
9.45241 0.109737
9.4548 0.108395
9.45719 0.107345
9.45958 0.106302
9.46217 0.105514
9.46456 0.1047
9.46695 0.103988
9.46934 0.103364
9.47173 0.102819
9.49322 0.104841
9.5493 0.110861
9.55169 0.109378
9.55439 0.108206
9.55678 0.107055
9.55917 0.106173
9.56156 0.105277
9.56395 0.104492
9.56634 0.103931
9.56873 0.103314
9.57112 0.1029
9.5913 0.102288
9.64739 0.101752
9.64978 0.101283
9.65247 0.100872
9.65506 0.100638
9.65745 0.100308
9.65984 0.10002
9.66223 0.0998924
9.66462 0.0996559
9.66701 0.0995739
9.6694 0.0993772
9.68976 0.099205
9.74584 0.0990544
9.74823 0.0990476
9.75062 0.0989166
9.75301 0.0991771
9.7554 0.0992799
9.75779 0.0993699
9.76018 0.0995737
9.76258 0.099627
9.76497 0.0996736
9.76736 0.0997144
9.78679 0.101875
9.84273 0.108266
9.84512 0.107233
9.84751 0.106203
9.8499 0.105303
9.85229 0.104515
9.85468 0.103826
9.85707 0.103348
9.85946 0.102804
9.86185 0.102329
9.86425 0.102037
9.88368 0.103783
9.93962 0.109935
9.94201 0.108693
9.94464 0.107481
9.94703 0.106546
9.94942 0.105728
9.95181 0.104887
9.9542 0.104276
9.95659 0.103617
9.95898 0.10304
9.96138 0.10266
9.96377 0.102202
9.98176 0.101677
10.0377 0.101217
10.0401 0.100815
10.0427 0.100463
10.0451 0.100155
10.0475 0.0998859
10.0499 0.0996502
10.0523 0.0994439
10.0547 0.0992634
10.0571 0.0992305
10.0595 0.0990767
10.0619 0.0989421
10.0798 0.0988243
10.1358 0.0987213
10.1382 0.0986311
10.141 0.0986772
10.1434 0.0985926
10.1458 0.0985185
10.1482 0.0985787
10.1506 0.0985064
10.153 0.0986931
10.1553 0.0989814
10.1577 0.0991087
10.1601 0.0993452
10.1767 0.101302
10.2327 0.107764
10.2351 0.106794
10.2379 0.10582
10.2403 0.104967
10.2427 0.104221
10.2451 0.103694
10.2475 0.103107
10.2498 0.102593
10.2522 0.102269
10.2546 0.101861
10.257 0.101628
10.2738 0.10305
10.3296 0.109293
10.332 0.108007
10.3351 0.107006
10.3375 0.10613
10.3399 0.105239
10.3423 0.104584
10.3447 0.103886
10.3471 0.1034
10.3495 0.102975
10.3518 0.102478
10.3542 0.102169
10.3566 0.101772
10.3719 0.101301
10.4277 0.100888
10.43 0.100652
10.4332 0.100321
10.4356 0.100031
10.438 0.0997768
10.4404 0.0995547
10.4428 0.0993604
10.4453 0.0991903
10.4476 0.0990415
10.45 0.0990363
10.4524 0.0989068
10.4548 0.0987934
10.47 0.0988193
10.5257 0.0987169
10.5281 0.0986272
10.5313 0.0985488
10.5337 0.0984802
10.5361 0.0985452
10.5385 0.0984771
10.5408 0.0984174
10.5433 0.0983652
10.5457 0.0983196
10.5481 0.0982796
10.5505 0.0984947
10.5529 0.0986828
10.567 0.100347
10.6226 0.106804
10.625 0.105954
10.6282 0.105209
10.6306 0.104433
10.6329 0.103754
10.6353 0.10316
10.6377 0.10264
10.6402 0.10231
10.6426 0.101896
10.645 0.101659
10.6474 0.101327
10.6498 0.101036
10.6639 0.102281
10.7195 0.108621
10.7219 0.107419
10.7251 0.106491
10.7274 0.105555
10.7298 0.104735
10.7322 0.104144
10.7346 0.103501
10.7371 0.103063
10.7395 0.102555
10.7419 0.102111
10.7443 0.101722
10.7467 0.101382
10.7491 0.101209
10.7622 0.100933
10.8176 0.100566
10.82 0.100245
10.8231 0.0999648
10.8255 0.0997192
10.8279 0.0995043
10.8303 0.0993162
10.8327 0.0991517
10.8355 0.0990077
10.8379 0.0988818
10.8402 0.0988966
10.8426 0.0987845
10.845 0.0988114
10.8474 0.09871
10.8603 0.0986212
10.9157 0.0985436
10.9181 0.0986006
10.9212 0.0985256
10.9236 0.0984599
10.926 0.0985274
10.9284 0.0984615
10.9308 0.0984038
10.9335 0.0983533
10.9359 0.0983091
10.9383 0.0982705
10.9407 0.0982367
10.9431 0.0982071
10.9455 0.0981812
10.9584 0.0981586
11.0126 0.104889
11.0153 0.104278
11.0181 0.103743
11.0205 0.10315
11.0229 0.102631
11.0253 0.102177
11.0277 0.10178
11.0304 0.101558
11.0328 0.101238
11.0352 0.101083
11.0376 0.100823
11.04 0.100595
11.0424 0.100396
11.0553 0.101596
11.1095 0.107772
11.1123 0.1068
11.1157 0.10595
11.1181 0.105206
11.1205 0.104556
11.1229 0.103986
11.1253 0.103488
11.1278 0.103052
11.1302 0.10267
11.1326 0.102337
11.135 0.10192
11.1374 0.10168
11.1397 0.10147
11.1522 0.102536
11.2064 0.108594
11.2088 0.107395
11.2112 0.106345
11.2138 0.105302
11.2162 0.104389
11.2186 0.103591
11.221 0.103017
11.2234 0.10239
11.2259 0.101841
11.2283 0.101361
11.2307 0.100941
11.2331 0.100698
11.2355 0.100361
11.238 0.100066
11.2503 0.0998076
11.3048 0.0995816
11.3072 0.0995089
11.3096 0.0993203
11.312 0.0991553
11.3144 0.0990109
11.3168 0.0988845
11.3192 0.0987739
11.3215 0.0986772
11.324 0.0985926
11.3264 0.0985185
11.3287 0.0984537
11.3311 0.098397
11.3336 0.0983473
11.3361 0.0984289
11.3484 0.0983753
11.4029 0.0983284
11.4053 0.0982873
11.4077 0.0982514
11.4101 0.098595
11.4125 0.0988956
11.4148 0.0990337
11.4172 0.0992795
11.4196 0.0993695
11.422 0.0995733
11.4244 0.0997517
11.4268 0.0997827
11.4292 0.0999349
11.4316 0.099943
11.434 0.0999501
11.4453 0.101081
11.5001 0.107446
11.5025 0.106515
11.5049 0.105576
11.5073 0.104879
11.5097 0.104144
11.5121 0.103626
11.5145 0.103173
11.5168 0.102651
11.5192 0.10232
11.5216 0.101905
11.524 0.101667
11.5264 0.101458
11.5288 0.101151
11.5312 0.101007
11.5422 0.102006
11.597 0.108256
11.5995 0.107099
11.6019 0.106086
11.6043 0.105325
11.6067 0.104535
11.609 0.103968
11.6114 0.103347
11.6138 0.102804
11.6162 0.102453
11.6186 0.102021
11.621 0.101769
11.6234 0.101423
11.6258 0.10112
11.6282 0.10098
11.6306 0.100732
11.6403 0.100391
11.6951 0.100092
11.6976 0.0998305
11.7 0.0996017
11.7024 0.0994015
11.7047 0.0992263
11.7071 0.099073
11.7095 0.0989389
11.7119 0.0988215
11.7143 0.0987188
11.7167 0.098629
11.7191 0.0985503
11.7216 0.0984816
11.724 0.0984214
11.7264 0.0983687
11.7287 0.0983226
11.7388 0.0982823
11.7932 0.098247
11.796 0.0983411
11.7984 0.0984235
11.8008 0.0983705
11.8032 0.0984492
11.8056 0.0983931
11.808 0.0983439
11.8104 0.0986759
11.8128 0.0989665
11.8152 0.0992206
11.8176 0.0994431
11.8199 0.0995127
11.8223 0.0996986
11.8247 0.0998613
11.8271 0.100004
11.8357 0.100878
11.8901 0.107268
11.8929 0.106235
11.8953 0.10533
11.8977 0.104539
11.9001 0.103972
11.9026 0.10335
11.9049 0.102807
11.9073 0.102456
11.9097 0.102024
11.9121 0.101771
11.9145 0.101424
11.9169 0.101121
11.9193 0.100981
11.9217 0.100734
11.9241 0.100642
11.9325 0.101187
11.9873 0.107538
11.9898 0.106471
11.9922 0.105662
11.9946 0.104829
11.997 0.104226
11.9994 0.103572
12.0018 0.103001
12.0042 0.102626
12.0066 0.102173
12.009 0.101901
12.0114 0.101538
12.0138 0.101221
12.0162 0.101068
12.0186 0.10081
12.021 0.100584
12.0233 0.100386
12.0306 0.100087
12.0854 0.0998265
12.0879 0.0995982
12.0903 0.0993984
12.0927 0.0992236
12.0951 0.0990707
12.0975 0.0989369
12.0999 0.0988197
12.1023 0.0987173
12.1047 0.0986276
12.1071 0.0985492
12.1095 0.0984805
12.1119 0.0984205
12.1143 0.0983679
12.1166 0.0983219
12.119 0.0984067
12.1214 0.0983558
12.1287 0.0983114
12.1835 0.0982724
12.186 0.0982384
12.1884 0.0982086
12.1908 0.0981825
12.1932 0.0981597
12.1956 0.0981397
12.198 0.0982473
12.2004 0.0982164
12.2028 0.0981893
12.2052 0.0981656
12.2076 0.0981449
12.21 0.0983768
12.2123 0.0987047
12.2147 0.0988666
12.2171 0.0991333
12.2195 0.0992416
12.2256 0.0998364
12.2804 0.106357
12.2829 0.105437
12.2853 0.104758
12.2877 0.104038
12.2905 0.103533
12.2929 0.102967
12.2953 0.102596
12.2977 0.102146
12.3 0.101878
12.3024 0.101643
12.3048 0.101313
12.3072 0.101149
12.3096 0.101005
12.312 0.100754
12.3144 0.10066
12.3168 0.100453
12.3225 0.100771
12.3773 0.107175
12.3798 0.106153
12.3822 0.105384
12.3846 0.104586
12.3874 0.104013
12.3898 0.103386
12.3922 0.102963
12.3945 0.102467
12.3969 0.102034
12.3994 0.101655
12.4018 0.101323
12.4042 0.101158
12.4066 0.100888
12.409 0.100652
12.4114 0.10057
12.4138 0.100374
12.4162 0.100327
12.4206 0.100036
12.4756 0.0997818
12.478 0.0995591
12.4804 0.0993642
12.4828 0.0991937
12.4855 0.0990445
12.4878 0.0989139
12.4902 0.0987997
12.4926 0.0986997
12.495 0.0987373
12.4975 0.0986451
12.4999 0.0985645
12.5023 0.0984939
12.5047 0.0984322
12.5071 0.0985031
12.5095 0.0984403
12.5119 0.0983852
12.5143 0.0983371
12.5187 0.0982949
12.5737 0.0982581
12.5761 0.0983508
12.5786 0.098307
12.581 0.0982686
12.5835 0.098235
12.5859 0.0982056
12.5883 0.0981799
12.5907 0.0981574
12.5931 0.0981378
12.5956 0.0981205
12.598 0.0981055
12.6004 0.0980923
12.6028 0.0980807
12.6052 0.0980707
12.6076 0.0983118
12.6099 0.0985228
12.6123 0.0988325
12.6156 0.0991034
12.6706 0.105715
12.673 0.104876
12.6755 0.104142
12.6779 0.103499
12.6804 0.103062
12.6828 0.102554
12.6852 0.102235
12.6876 0.10183
12.69 0.101476
12.6925 0.101167
12.6949 0.100896
12.6973 0.100784
12.6997 0.100561
12.7021 0.100491
12.7044 0.100305
12.7068 0.100141
12.7092 0.100124
12.7124 0.100108
12.7675 0.106595
12.7698 0.105645
12.7724 0.10494
12.7748 0.104197
12.7773 0.103673
12.7797 0.103089
12.7821 0.102702
12.7845 0.10224
12.7869 0.101835
12.7894 0.101605
12.7918 0.10128
12.7942 0.10112
12.7966 0.100855
12.7989 0.100623
12.8013 0.10042
12.8037 0.100243
12.8061 0.100212
12.8085 0.100061
12.8109 0.0998031
12.8655 0.0995777
12.8679 0.0993805
12.8705 0.0992079
12.8729 0.099057
12.8754 0.0989248
12.8778 0.0988092
12.8802 0.0987081
12.8826 0.0986196
12.885 0.0985421
12.8875 0.0984744
12.8899 0.0984151
12.8922 0.0983632
12.8946 0.0983178
12.897 0.0984031
12.8994 0.0983527
12.9018 0.0983086
12.9042 0.09827
12.9066 0.0982363
12.909 0.0982067
12.9639 0.0981809
12.9663 0.0982833
12.9687 0.0982479
12.9711 0.0983419
12.9735 0.0982991
12.9759 0.0982618
12.9783 0.098229
12.9807 0.0982004
12.9831 0.0983004
12.9856 0.0982628
12.9879 0.09823
12.9903 0.0982012
12.9927 0.0981761
12.9951 0.0981541
12.9975 0.0981348
12.9999 0.0981179
13.0023 0.0981032
13.0047 0.0980903
13.0071 0.098454
13.0608 0.105147
13.0632 0.104504
13.0656 0.103816
13.068 0.103214
13.0704 0.102687
13.0728 0.102226
13.0752 0.101948
13.0776 0.101579
13.0799 0.101257
13.0824 0.100975
13.0848 0.100728
13.0872 0.100637
13.0896 0.100432
13.092 0.100378
13.0944 0.100206
13.0968 0.100055
13.0992 0.100048
13.1016 0.0999173
13.104 0.0998027
13.1577 0.106077
13.1601 0.105318
13.1625 0.104528
13.1649 0.103837
13.1673 0.103357
13.1697 0.102813
13.1721 0.102461
13.1744 0.102028
13.1768 0.10165
13.1793 0.101444
13.1817 0.101138
13.1841 0.100996
13.1865 0.100746
13.1889 0.100528
13.1913 0.100337
13.1937 0.10017
13.1961 0.100149
13.1985 0.100005
13.2008 0.0998795
13.2546 0.10627
13.257 0.105361
13.2594 0.104566
13.2618 0.10387
13.2642 0.103386
13.2666 0.102838
13.2689 0.102358
13.2713 0.101938
13.2737 0.101571
13.2761 0.101375
13.2785 0.101078
13.2809 0.100818
13.2833 0.100591
13.2857 0.100392
13.2881 0.100343
13.2905 0.100175
13.2928 0.100028
13.2952 0.0998997
13.2977 0.0997873
13.3001 0.0998139
13.3527 0.0995871
13.3551 0.0995137
13.3575 0.0993245
13.3599 0.0991589
13.3622 0.0990141
13.3646 0.0988873
13.367 0.0989014
13.3694 0.0987887
13.3718 0.0986901
13.3742 0.0986039
13.3766 0.0985284
13.379 0.0984623
13.3814 0.0984045
13.3838 0.098354
13.3862 0.0983097
13.3885 0.098271
13.3909 0.0982371
13.3933 0.0982075
13.3958 0.0981816
13.3982 0.0981589
13.451 0.098139
13.4534 0.0981216
13.4558 0.0981064
13.4582 0.0982181
13.4606 0.0985659
13.4629 0.0987451
13.4653 0.099027
13.4677 0.0991486
13.4701 0.09938
13.4725 0.0995825
13.4749 0.0996347
13.4773 0.0998054
13.4797 0.0999547
13.4821 0.100085
13.4845 0.1002
13.4868 0.100175
13.4892 0.100278
13.4916 0.100368
13.494 0.100447
13.4964 0.100516
13.5479 0.106577
13.5504 0.105755
13.5528 0.10491
13.5551 0.104297
13.5575 0.103634
13.5599 0.103055
13.5623 0.102673
13.5647 0.102214
13.5671 0.101937
13.5695 0.10157
13.5719 0.101249
13.5743 0.101093
13.5769 0.100831
13.5793 0.100727
13.5817 0.100511
13.5841 0.100447
13.5864 0.100392
13.5888 0.100218
13.5912 0.10019
13.5936 0.100042
13.6449 0.106036
13.6473 0.105282
13.6497 0.104497
13.6521 0.103935
13.6545 0.103318
13.6569 0.102778
13.6593 0.102431
13.6617 0.102002
13.664 0.101752
13.6664 0.101408
13.6688 0.101107
13.6712 0.100968
13.6736 0.100722
13.676 0.100632
13.6784 0.100428
13.6808 0.10025
13.6832 0.100093
13.6856 0.0999567
13.6883 0.0999621
13.6906 0.0998418
13.693 0.0998616
13.743 0.0997539
13.7454 0.0995347
13.7478 0.0993428
13.7502 0.099175
13.7526 0.0990281
13.755 0.0988996
13.7573 0.0987871
13.7597 0.0986887
13.7621 0.0986027
13.7645 0.0985273
13.7669 0.0984614
13.7693 0.0984037
13.7717 0.0983533
13.7741 0.0983091
13.7765 0.0982705
13.7789 0.0982367
13.7813 0.0982071
13.7837 0.0981812
13.7866 0.0981585
13.789 0.0982637
13.7914 0.0982308
13.8411 0.0982019
13.8435 0.0981767
13.8459 0.0981546
13.8483 0.0981353
13.8507 0.0981184
13.853 0.0982286
13.8554 0.0982
13.8578 0.098175
13.8602 0.0985281
13.8626 0.0987121
13.865 0.0988731
13.8674 0.099139
13.8698 0.0992466
13.8722 0.0994658
13.8746 0.0995325
13.8769 0.099591
13.8793 0.0997671
13.8817 0.0997962
13.8841 0.0999467
13.8865 0.0999533
13.8889 0.0998342
13.9382 0.10573
13.9406 0.104889
13.943 0.104153
13.9454 0.103634
13.9477 0.103054
13.9501 0.102673
13.9525 0.102213
13.9549 0.101812
13.9573 0.101585
13.9597 0.101262
13.9621 0.101104
13.9645 0.100966
13.9669 0.100721
13.9693 0.10063
13.9716 0.100427
13.974 0.100373
13.9764 0.100327
13.9788 0.100161
13.9812 0.100141
13.9836 0.0999981
13.986 0.0998734
14.0352 0.105764
14.0376 0.104919
14.0399 0.104179
14.0423 0.103656
14.0447 0.103074
14.0471 0.10269
14.0495 0.102229
14.0519 0.101825
14.0543 0.101597
14.0567 0.101272
14.0591 0.101113
14.0615 0.100849
14.0638 0.100618
14.0665 0.100541
14.0689 0.100348
14.0713 0.100305
14.0737 0.100142
14.076 0.100124
14.0784 0.100108
14.0808 0.0999699
14.0832 0.0999736
14.0856 0.0999769
14.1333 0.0997298
14.1357 0.0995136
14.1381 0.0994494
14.1405 0.0992682
14.1429 0.0991097
14.1453 0.098971
14.1479 0.0988496
14.1505 0.0988684
14.1528 0.0987598
14.1552 0.0987899
14.1576 0.0986911
14.16 0.0987297
14.1624 0.0987635
14.1648 0.0986681
14.1672 0.0987096
14.1696 0.0986209
14.172 0.0985433
14.1744 0.0984754
14.1768 0.0984159
14.1791 0.0984889
14.1815 0.0984278
14.1839 0.0983743
14.2314 0.0983276
14.2338 0.0982866
14.2362 0.0982508
14.2386 0.0982194
14.241 0.098192
14.2434 0.098168
14.246 0.098272
14.2485 0.098238
14.2509 0.0982082
14.2533 0.0981822
14.2557 0.0981594
14.2581 0.0981395
14.2605 0.0983721
14.2629 0.0985756
14.2653 0.0988786
14.2677 0.0990188
14.2701 0.0992664
14.2725 0.0994831
14.2749 0.0995477
14.2773 0.0997293
14.2797 0.0997631
14.2821 0.0999177
14.3283 0.105553
14.3307 0.104734
14.3331 0.104142
14.3355 0.103499
14.3379 0.102937
14.3403 0.10257
14.3429 0.102124
14.3454 0.101733
14.3478 0.101392
14.3502 0.101218
14.3529 0.10094
14.3553 0.100823
14.3577 0.100595
14.3601 0.100521
14.3624 0.100456
14.3648 0.100274
14.3672 0.100239
14.3696 0.100084
14.372 0.100074
14.3744 0.100065
14.3768 0.0999316
14.3792 0.0999401
14.4252 0.105323
14.4276 0.104532
14.43 0.103841
14.4324 0.103236
14.4348 0.102706
14.4371 0.102368
14.4398 0.101947
14.4423 0.101704
14.4447 0.101366
14.4471 0.101195
14.4498 0.100921
14.4522 0.100805
14.4546 0.10058
14.4569 0.100382
14.4593 0.10021
14.4617 0.100058
14.4641 0.100051
14.4668 0.0999197
14.4692 0.0999297
14.4715 0.0998135
14.4739 0.0997118
14.4763 0.0997478
14.4787 0.0996544
14.5233 0.0994476
14.5257 0.0992666
14.5281 0.0992333
14.5304 0.0990791
14.5328 0.0989442
14.5352 0.0988262
14.5379 0.0987229
14.5408 0.0986326
14.5432 0.0986785
14.5456 0.0985937
14.5479 0.0985195
14.5503 0.0984545
14.5527 0.0983977
14.5551 0.098473
14.5575 0.0984139
14.5599 0.0983621
14.5623 0.0983169
14.5649 0.0982773
14.5672 0.0982426
14.5696 0.0982123
14.572 0.0983107
14.5744 0.0982719
14.5768 0.0982379
14.6217 0.0982082
14.6241 0.0983072
14.6265 0.0982688
14.6289 0.0982352
14.6313 0.0983308
14.6337 0.0982894
14.6361 0.0983782
14.639 0.098456
14.6414 0.098399
14.6438 0.0983491
14.6466 0.0984305
14.6489 0.0983766
14.6513 0.0984546
14.6537 0.0983977
14.6561 0.098473
14.6585 0.0985389
14.6609 0.0984715
14.6633 0.0987876
14.6657 0.0990641
14.6681 0.0993061
14.6705 0.0995179
14.6729 0.0995781
14.6752 0.0997559
14.7186 0.105036
14.721 0.104407
14.7234 0.103731
14.7258 0.10314
14.7282 0.102747
14.7306 0.102279
14.733 0.101869
14.7359 0.10151
14.7383 0.101197
14.7407 0.100922
14.7434 0.100807
14.7458 0.100581
14.7482 0.100508
14.7506 0.10032
14.753 0.10028
14.7554 0.10012
14.7578 0.0999798
14.7602 0.0999823
14.7626 0.0998595
14.765 0.0997521
14.7673 0.0996581
14.7697 0.0995758
14.7721 0.0996288
14.8155 0.104675
14.8179 0.103966
14.8203 0.103345
14.8227 0.102802
14.8251 0.102452
14.8275 0.10202
14.8299 0.101643
14.8328 0.101437
14.8352 0.101258
14.8376 0.100975
14.8403 0.100854
14.8427 0.100622
14.8451 0.100544
14.8475 0.100351
14.8499 0.100182
14.8523 0.100034
14.8547 0.0999051
14.8571 0.099917
14.8595 0.0998024
14.8618 0.0997021
14.8642 0.0997393
14.8666 0.0996469
14.869 0.099691
14.8714 0.0996047
14.9139 0.0994041
14.9163 0.0993536
14.9187 0.0991844
14.9211 0.0991613
14.9235 0.0990162
14.9259 0.0988891
14.9283 0.098903
14.9309 0.0987901
14.9333 0.0986914
14.9357 0.0986049
14.9384 0.0985293
14.9408 0.0984632
14.9432 0.0984053
14.9456 0.0983546
14.948 0.0983103
14.9504 0.0982715
14.9528 0.0982376
14.9552 0.0982079
14.9575 0.0981819
14.9599 0.0981591
14.9623 0.0981392
14.9647 0.0981218
14.9671 0.0981066
14.9695 0.0980933
15.0124 0.0982066
15.0148 0.0981808
15.0172 0.0982832
15.0196 0.0982478
15.022 0.0982168
15.0244 0.0983147
15.0268 0.0982754
15.0292 0.098366
15.0316 0.0983202
15.0339 0.0982802
15.0365 0.0982452
15.0389 0.0982145
15.0413 0.0981877
15.0437 0.0981642
15.0461 0.0982687
15.0485 0.0982351
15.0508 0.0982057
15.0532 0.09818
15.0556 0.0981575
15.058 0.0982628
15.0604 0.09823
15.0628 0.0984512
15.0652 0.0987698
15.0676 0.0989236
15.1093 0.104058
15.1117 0.103426
15.1141 0.102998
15.1165 0.102498
15.1189 0.102061
15.1213 0.101803
15.1237 0.101453
15.1261 0.101271
15.1284 0.100987
15.1309 0.100739
15.1334 0.100646
15.1362 0.100566
15.1385 0.100495
15.1409 0.100308
15.1433 0.10027
15.1457 0.100111
15.1481 0.100097
15.1505 0.100085
15.1529 0.0999493
15.1553 0.0999556
15.1577 0.0998362
15.1601 0.0998566
15.1625 0.0998746
15.1648 0.0997652
15.2062 0.10467
15.2086 0.103961
15.211 0.103341
15.2134 0.102798
15.2158 0.102323
15.2182 0.102033
15.2206 0.101654
15.2229 0.101322
15.2253 0.101032
15.2278 0.100778
15.2303 0.100681
15.233 0.100596
15.2354 0.100396
15.2378 0.100222
15.2402 0.100194
15.2426 0.100045
15.245 0.0999141
15.2474 0.0997998
15.2498 0.0996998
15.2522 0.0997374
15.2546 0.0996452
15.257 0.0996895
15.2594 0.0996033
15.2618 0.0995279
15.2642 0.0995869
15.3044 0.0993886
15.3068 0.099215
15.3092 0.0991881
15.3116 0.0990396
15.314 0.0989097
15.3164 0.0987959
15.3188 0.0986965
15.3211 0.0987344
15.3235 0.0986426
15.3259 0.0985623
15.3284 0.098492
15.3311 0.0984305
15.3335 0.0983767
15.3359 0.0983296
15.3383 0.0982884
15.3407 0.0982523
15.3431 0.0983458
15.3455 0.0983026
15.3479 0.0982648
15.3503 0.0982317
15.3527 0.0982027
15.3551 0.0981774
15.3575 0.0981552
15.3599 0.0981358
15.3624 0.0981188
15.4025 0.098104
15.4049 0.098091
15.4073 0.0980796
15.4097 0.0980696
15.4121 0.0981859
15.4144 0.0981627
15.4168 0.0981424
15.4192 0.0981246
15.4216 0.098109
15.424 0.0982204
15.4265 0.0981928
15.4292 0.0981687
15.4316 0.0981476
15.434 0.0981292
15.4364 0.098113
15.4388 0.0980989
15.4412 0.0980865
15.4436 0.0980757
15.4459 0.0980663
15.4484 0.098058
15.4508 0.0980507
15.4532 0.0980444
15.4556 0.0980388
15.458 0.098034
15.4604 0.0980297
15.5008 0.098026
15.5032 0.0983978
15.5056 0.098723
15.508 0.0988827
15.5104 0.0991473
15.5128 0.0992539
15.5152 0.0994722
15.5175 0.0996632
15.5199 0.0997053
15.5223 0.0998671
15.5247 0.0998837
15.5271 0.100023
15.5295 0.10002
15.5319 0.100018
15.5343 0.100141
15.5367 0.100123
15.5391 0.100233
15.5415 0.100204
15.5438 0.100178
15.5462 0.100281
15.5486 0.100246
15.551 0.10034
15.5534 0.100298
15.5558 0.10026
15.5582 0.100353
15.5977 0.104934
15.6001 0.104317
15.6025 0.103652
15.6049 0.103071
15.6073 0.102687
15.6097 0.102226
15.612 0.101948
15.6144 0.101579
15.6169 0.101257
15.6193 0.1011
15.6217 0.100837
15.6241 0.100733
15.6265 0.100516
15.6289 0.100327
15.6313 0.100286
15.6337 0.100125
15.636 0.100109
15.6384 0.0999707
15.6408 0.0998494
15.6432 0.0998682
15.6456 0.0997597
15.648 0.0997897
15.6504 0.099691
15.6528 0.0996046
15.6552 0.0996541
15.6946 0.104197
15.697 0.103548
15.6994 0.102979
15.7018 0.102482
15.7042 0.102172
15.7065 0.101775
15.7089 0.101428
15.7113 0.101125
15.7137 0.100859
15.7161 0.100752
15.7185 0.100533
15.7209 0.100341
15.7233 0.100174
15.7257 0.100027
15.7281 0.100023
15.7305 0.0998955
15.7328 0.0997836
15.7352 0.0996856
15.7377 0.0995999
15.7401 0.0996499
15.7426 0.0995687
15.745 0.0994976
15.7474 0.0994354
15.7498 0.099381
15.7522 0.0994584
15.7545 0.0994011
15.7927 0.0992259
15.7951 0.0991977
15.7975 0.099048
15.7999 0.098917
15.8022 0.0988024
15.8046 0.0987021
15.807 0.0987393
15.8094 0.0986469
15.8118 0.098566
15.8142 0.0984953
15.8166 0.0984334
15.819 0.0983792
15.8214 0.0983318
15.8238 0.0982903
15.8261 0.098254
15.8285 0.0982223
15.8309 0.0981945
15.8333 0.0981702
15.8358 0.0981489
15.8382 0.0981303
15.8407 0.098114
15.8431 0.0982248
15.8455 0.0981967
15.8479 0.0981721
15.8502 0.0981506
15.8526 0.0981317
15.8908 0.0981153
15.8932 0.0981009
15.8955 0.0980883
15.8979 0.0980772
15.9003 0.0980676
15.9027 0.0980591
15.9051 0.0984267
15.9075 0.0986234
15.9099 0.0987955
15.9123 0.099071
15.9147 0.0991872
15.9171 0.0994138
15.9195 0.099612
15.9218 0.0996605
15.9242 0.099828
15.9266 0.0998495
15.929 0.0999933
15.9314 0.100119
15.9338 0.100104
15.9362 0.100216
15.9386 0.100189
15.941 0.100166
15.9434 0.100145
15.9457 0.100127
15.9481 0.100236
15.9505 0.100206
15.988 0.104556
15.9904 0.103986
15.9927 0.103363
15.9951 0.102943
15.9975 0.102575
15.9999 0.102128
16.0023 0.101862
16.0047 0.101504
16.0071 0.101316
16.0095 0.101152
16.0119 0.100883
16.0143 0.100772
16.0166 0.100551
16.019 0.100482
16.0214 0.100422
16.0238 0.100244
16.0262 0.100213
16.0286 0.100062
16.031 0.0999291
16.0334 0.0999379
16.0358 0.0998207
16.0382 0.0998431
16.0405 0.0998627
16.0429 0.0997549
16.0453 0.0997855
16.0477 0.0996873
16.0852 0.104101
16.0876 0.103589
16.09 0.103015
16.0923 0.102638
16.0947 0.102183
16.0971 0.101911
16.0995 0.101672
16.1019 0.101338
16.1043 0.101171
16.1067 0.100899
16.1091 0.100787
16.1115 0.100688
16.1139 0.100477
16.1162 0.100418
16.1186 0.100241
16.121 0.10021
16.1234 0.100184
16.1258 0.100036
16.1282 0.100032
16.1306 0.100028
16.133 0.0998992
16.1354 0.0999118
16.1378 0.0997978
16.1402 0.0998231
16.1425 0.0998452
16.1449 0.0997396
16.1473 0.0997721
16.1833 0.0995506
16.1856 0.0993568
16.188 0.0993122
16.1904 0.0991482
16.1928 0.0990046
16.1952 0.0988791
16.1976 0.0987692
16.2 0.098673
16.2024 0.0985889
16.2048 0.0985153
16.2072 0.0984509
16.2096 0.0983945
16.2119 0.0983452
16.2143 0.098302
16.2167 0.0982643
16.2191 0.0982313
16.2215 0.0982023
16.2239 0.0981771
16.2263 0.0981549
16.2287 0.0981356
16.2311 0.0982436
16.2335 0.0982132
16.2358 0.0981865
16.2382 0.0981632
16.2406 0.0981428
16.243 0.0982499
16.2455 0.0982187
16.2813 0.0981914
16.2837 0.0981674
16.2861 0.0981465
16.2885 0.0981282
16.2909 0.0981122
16.2933 0.0980982
16.2957 0.0980859
16.2981 0.0982001
16.3005 0.0981751
16.3029 0.0981532
16.3052 0.0981341
16.3076 0.0983673
16.31 0.0986964
16.3124 0.0989844
16.3148 0.0991113
16.3172 0.0993474
16.3196 0.099429
16.322 0.0995003
16.3244 0.0996878
16.3268 0.0997268
16.3292 0.099886
16.3315 0.0999002
16.3339 0.0999127
16.3363 0.100049
16.3387 0.100043
16.3411 0.100162
16.3435 0.100142
16.3782 0.104249
16.3806 0.103593
16.383 0.103144
16.3854 0.102626
16.3878 0.102173
16.3902 0.101901
16.3926 0.101538
16.395 0.101221
16.3974 0.100944
16.3997 0.100701
16.4021 0.100613
16.4045 0.100411
16.4069 0.100235
16.4093 0.100081
16.4117 0.0999455
16.4141 0.0999523
16.4165 0.0998333
16.4189 0.0997291
16.4213 0.099763
16.4237 0.0996676
16.426 0.0997092
16.4284 0.0996205
16.4308 0.0995429
16.4332 0.0996001
16.4356 0.0995251
16.438 0.0994594
16.4404 0.099402
16.4751 0.103477
16.4775 0.102917
16.4799 0.102428
16.4823 0.101999
16.4847 0.101624
16.4871 0.101421
16.4895 0.101119
16.4919 0.100854
16.4942 0.100747
16.4966 0.100529
16.499 0.100463
16.5014 0.10028
16.5038 0.10012
16.5062 0.100105
16.5086 0.0999667
16.511 0.0998458
16.5134 0.0997401
16.5158 0.0996476
16.5181 0.0996917
16.5205 0.0996052
16.5229 0.0995295
16.5253 0.0994634
16.5277 0.0994054
16.5301 0.0994798
16.5325 0.0994198
16.5349 0.0993673
16.5373 0.0994464
16.5397 0.0993906
16.5732 0.0992168
16.5756 0.0990647
16.578 0.0989316
16.5804 0.0988151
16.5828 0.0987132
16.5852 0.0986241
16.5876 0.0985461
16.59 0.0984778
16.5923 0.0984181
16.5947 0.0983658
16.5971 0.0983201
16.5995 0.0982801
16.6019 0.0982451
16.6043 0.0982144
16.6067 0.0981876
16.6091 0.0982892
16.6115 0.098253
16.6139 0.0982214
16.6162 0.0981937
16.6186 0.0981695
16.621 0.0982733
16.6234 0.0982392
16.6258 0.0982093
16.6282 0.0981831
16.6306 0.0981602
16.633 0.0981402
16.6354 0.0981227
16.6378 0.0981073
16.6713 0.0980939
16.6737 0.0980822
16.6761 0.0981969
16.6785 0.0981723
16.6809 0.0981508
16.6832 0.0981319
16.6856 0.0981154
16.688 0.098226
16.6904 0.0981977
16.6928 0.098173
16.6952 0.0981514
16.6976 0.0981325
16.7 0.0981159
16.7024 0.0981014
16.7048 0.0980887
16.7072 0.0980777
16.7096 0.0983179
16.712 0.0986532
16.7144 0.0989465
16.7168 0.0990782
16.7192 0.0993185
16.7216 0.0994036
16.724 0.0994782
16.7264 0.0996684
16.7288 0.0997099
16.7312 0.0998711
16.7336 0.100012
16.7359 0.100011
16.7682 0.103884
16.7706 0.103274
16.773 0.10274
16.7754 0.102272
16.7777 0.101863
16.7801 0.10163
16.7825 0.101301
16.7849 0.101014
16.7873 0.100762
16.7897 0.100542
16.7921 0.100474
16.7945 0.10029
16.7969 0.100129
16.7993 0.100113
16.8017 0.0999734
16.8041 0.0999768
16.8065 0.0998547
16.8089 0.0997478
16.8113 0.0996544
16.8137 0.0995726
16.8161 0.099626
16.8185 0.0995477
16.8209 0.0994793
16.8233 0.0995444
16.8257 0.0994763
16.8281 0.0995418
16.8305 0.0994741
16.8329 0.0994148
16.8651 0.103238
16.8675 0.102708
16.8699 0.102245
16.8722 0.101964
16.8746 0.101594
16.877 0.101394
16.8794 0.101095
16.8818 0.100833
16.8842 0.100729
16.8866 0.100513
16.889 0.100324
16.8914 0.100158
16.8938 0.100014
16.8962 0.100012
16.8985 0.0998854
16.9009 0.0997747
16.9034 0.0996779
16.9058 0.0995931
16.9082 0.099644
16.9106 0.0995635
16.913 0.099493
16.9154 0.0994314
16.9178 0.0993775
16.9202 0.0994553
16.9225 0.0993984
16.9249 0.0993486
16.9273 0.099305
16.9297 0.0992669
16.9321 0.0993585
16.9634 0.0991887
16.9658 0.0990401
16.9682 0.0990351
16.9705 0.0989057
16.9729 0.0987925
16.9753 0.0986934
16.9777 0.0986068
16.9801 0.0986559
16.9825 0.0985739
16.9849 0.0985022
16.9873 0.0985644
16.9897 0.0984939
16.9921 0.0985571
16.9945 0.0984875
16.9968 0.0984265
16.9992 0.0984982
17.0016 0.0984359
17.004 0.0985065
17.0064 0.0984431
17.0088 0.0983878
17.0112 0.0984643
17.0136 0.0984062
17.016 0.0983555
17.0184 0.098311
17.0207 0.0982722
17.0231 0.0983631
17.0255 0.0983177
17.0279 0.098278
17.0303 0.0982433
17.0615 0.0982129
17.0639 0.0981863
17.0662 0.098163
17.0686 0.0981426
17.071 0.0982498
17.0735 0.0982186
17.0759 0.0981912
17.0783 0.0981673
17.0807 0.0981464
17.0831 0.0982531
17.0855 0.0982215
17.0879 0.0981938
17.0902 0.0981696
17.0926 0.0981484
17.095 0.0982548
17.0974 0.098223
17.0998 0.0981951
17.1022 0.0981707
17.1046 0.0981494
17.107 0.0981307
17.1094 0.0981144
17.1118 0.0981001
17.1141 0.0984626
17.1165 0.0987797
17.1189 0.0989323
17.1213 0.0991907
17.1237 0.0992919
17.1261 0.0995054
17.1285 0.0996922
17.1584 0.103231
17.1607 0.102702
17.1631 0.102364
17.1655 0.101944
17.1679 0.101576
17.1704 0.101254
17.1728 0.100972
17.1752 0.10085
17.1776 0.100619
17.18 0.100417
17.1824 0.10024
17.1847 0.100085
17.1871 0.100074
17.1895 0.0999399
17.1919 0.0998224
17.1943 0.0997196
17.1968 0.0996296
17.1992 0.0996759
17.2016 0.0995914
17.204 0.0995175
17.2064 0.0995778
17.2087 0.0995056
17.2111 0.0995674
17.2135 0.0994965
17.2159 0.0994344
17.2183 0.0995051
17.2207 0.099442
17.2231 0.0995117
17.2255 0.0994478
17.2552 0.102892
17.2576 0.102405
17.26 0.102105
17.2624 0.101717
17.2648 0.101377
17.2673 0.101205
17.2697 0.100929
17.2721 0.100813
17.2745 0.100586
17.2769 0.100388
17.2792 0.10034
17.2816 0.100172
17.284 0.100151
17.2864 0.100007
17.2888 0.099881
17.2912 0.0998958
17.2937 0.0997839
17.2961 0.0998109
17.2985 0.0997095
17.3009 0.0996208
17.3032 0.0996682
17.3056 0.0995847
17.308 0.0996366
17.3104 0.099557
17.3128 0.0994874
17.3152 0.0995515
17.3177 0.0994825
17.3201 0.0995472
17.3225 0.0994788
17.3249 0.099419
17.3533 0.0992416
17.3557 0.0990864
17.3581 0.0989506
17.3605 0.0988318
17.3629 0.0987278
17.3654 0.0986368
17.3678 0.0985572
17.3702 0.0984876
17.3725 0.0984266
17.3749 0.0983733
17.3773 0.0983266
17.3797 0.0982858
17.3821 0.0982501
17.3845 0.0982188
17.3869 0.0981915
17.3893 0.0981675
17.3918 0.0981466
17.3942 0.0981283
17.3965 0.0981122
17.3989 0.0980982
17.4013 0.0980859
17.4037 0.0980752
17.4061 0.0980658
17.4085 0.0980576
17.4109 0.0980504
17.4133 0.0980441
17.4158 0.0980386
17.4182 0.0980337
17.4205 0.0980295
17.4229 0.0980258
17.4517 0.0980226
17.4541 0.0981448
17.4565 0.0981267
17.4589 0.0981108
17.4613 0.098222
17.4637 0.0981942
17.4661 0.098295
17.4685 0.0982581
17.4708 0.0982258
17.4732 0.0983226
17.4756 0.0982823
17.478 0.098372
17.4804 0.0983255
17.4828 0.0982848
17.4852 0.0983742
17.4876 0.0983274
17.49 0.0982865
17.4924 0.0982507
17.4947 0.0982193
17.4971 0.0983169
17.4995 0.0982773
17.5019 0.0982426
17.5043 0.0982123
17.5067 0.0981858
17.5091 0.0982876
17.5115 0.0982516
17.5139 0.0982202
17.5163 0.0985676
17.5186 0.0987467
17.521 0.0990283
17.5486 0.1024
17.551 0.101975
17.5534 0.101603
17.5558 0.101278
17.5582 0.101118
17.5607 0.100853
17.563 0.100747
17.5654 0.100528
17.5678 0.100337
17.5702 0.100295
17.5726 0.100133
17.575 0.0999915
17.5774 0.0998676
17.5802 0.0998841
17.5826 0.0998986
17.585 0.0997863
17.5873 0.099813
17.5897 0.0998364
17.5921 0.0998568
17.5945 0.0998747
17.5969 0.0997654
17.5993 0.0997947
17.6017 0.0998204
17.6041 0.0998428
17.6065 0.0998625
17.6089 0.0997547
17.6113 0.0997853
17.6136 0.0998122
17.616 0.0998356
17.6184 0.0998562
17.6458 0.102874
17.6482 0.102515
17.6506 0.102201
17.653 0.1018
17.6554 0.101575
17.6578 0.101253
17.6602 0.101097
17.6626 0.100835
17.6649 0.100605
17.6673 0.10053
17.6697 0.100338
17.6721 0.100296
17.6745 0.100259
17.6771 0.100227
17.6795 0.100073
17.6818 0.0999392
17.6842 0.0999468
17.6866 0.0998285
17.689 0.0998499
17.6914 0.0997437
17.6939 0.0996507
17.6963 0.0996944
17.6987 0.0996076
17.7011 0.0996566
17.7035 0.0995745
17.7058 0.0995027
17.7082 0.0995649
17.7106 0.0994943
17.713 0.0995575
17.7154 0.0994878
17.7178 0.0994268
17.7439 0.0992485
17.7463 0.0990924
17.7488 0.0989559
17.7512 0.0989614
17.7536 0.0988412
17.756 0.0987361
17.7583 0.098644
17.7607 0.0985635
17.7631 0.0986181
17.7655 0.0985408
17.7679 0.0984732
17.7703 0.0984141
17.7727 0.0983623
17.7752 0.098317
17.7775 0.0982774
17.7799 0.0982427
17.7823 0.0982124
17.7847 0.0981858
17.7871 0.0981626
17.7895 0.0981423
17.792 0.0981245
17.7944 0.0981089
17.7968 0.0980953
17.7992 0.0980834
17.8015 0.098073
17.804 0.0981889
17.8064 0.0981652
17.8088 0.0981446
17.8112 0.0981265
17.8136 0.0981107
17.816 0.0980969
17.842 0.0980848
17.8444 0.0980742
17.8469 0.0980649
17.8493 0.0980568
17.8517 0.0980497
17.854 0.0981685
17.8564 0.0981474
17.8589 0.098129
17.8613 0.0981129
17.8637 0.0980988
17.8661 0.0982114
17.8685 0.098185
17.8709 0.0981619
17.8733 0.0981416
17.8757 0.0981239
17.878 0.0982334
17.8804 0.0982043
17.8828 0.0981787
17.8852 0.0981564
17.8876 0.0981368
17.8901 0.0982447
17.8925 0.0982141
17.8948 0.0981874
17.8972 0.0981639
17.8996 0.0981435
17.9021 0.0981255
17.9045 0.0981098
17.9069 0.0980961
17.9093 0.0980841
17.9117 0.0980736
17.9141 0.0981894
17.9405 0.0982907
17.9428 0.0982544
17.9452 0.0985976
17.9476 0.0988979
17.95 0.0991606
17.9524 0.0993906
17.9548 0.0994667
17.9572 0.0996584
17.9596 0.0998261
17.962 0.0998478
17.9644 0.0999919
17.9667 0.0999929
17.9691 0.100119
17.9715 0.100229
17.9739 0.1002
17.9763 0.1003
17.9787 0.100263
17.9811 0.100355
17.9835 0.100436
17.9859 0.100381
17.9883 0.100458
17.9907 0.100401
17.993 0.100476
17.9954 0.100542
17.9978 0.100474
18.0002 0.10054
18.0026 0.100472
18.005 0.100413
18.0074 0.100486
18.0098 0.100426
18.0122 0.100497
18.0386 0.103435
18.1786 0.102756
18.181 0.102286
18.1834 0.101751
18.1858 0.101282
18.1882 0.100872
18.1906 0.100513
18.193 0.100199
18.1954 0.0999237
18.1978 0.0996832
18.2002 0.0995978
18.2026 0.0993981
18.2049 0.0992233
18.2073 0.0990704
18.2335 0.0989366
18.2359 0.0988195
18.2767 0.0987171
18.2791 0.0986275
18.2815 0.098549
18.2839 0.0984804
18.2863 0.0984204
18.2887 0.0983678
18.2911 0.0984468
18.2935 0.098391
18.2959 0.0983421
18.2982 0.0982993
18.3006 0.0982619
18.303 0.0983542
18.3054 0.0983099
18.3316 0.0982712
18.334 0.0983623
18.3751 0.098442
18.3775 0.0987617
18.3799 0.0989165
18.3823 0.099177
18.3847 0.0994048
18.3871 0.0996042
18.3895 0.0997787
18.3918 0.0998064
18.3942 0.0999556
18.3966 0.100086
18.399 0.1002
18.4014 0.1003
18.4038 0.100263
18.4291 0.10323
18.4315 0.102826
18.472 0.107098
18.4744 0.106086
18.4768 0.1052
18.4792 0.10455
18.4816 0.103856
18.484 0.103249
18.4864 0.102718
18.4888 0.102253
18.4912 0.101972
18.4935 0.1016
18.4959 0.101275
18.4983 0.100991
18.5007 0.100742
18.526 0.103399
18.5284 0.102849
18.5689 0.107118
18.5713 0.106228
18.5737 0.105325
18.5761 0.104659
18.5785 0.103952
18.5809 0.103333
18.5833 0.102916
18.5858 0.102427
18.5881 0.102123
18.5905 0.101733
18.5929 0.101391
18.5953 0.101217
18.5977 0.10094
18.6001 0.100823
18.6241 0.100595
18.6265 0.100271
18.6673 0.100112
18.6697 0.0998477
18.6721 0.0997418
18.6745 0.099524
18.6769 0.0993335
18.6792 0.0992918
18.6816 0.0991304
18.684 0.0991141
18.6864 0.0989748
18.6888 0.098853
18.6912 0.0988713
18.6936 0.0987624
18.696 0.0986671
18.6984 0.0985837
18.7222 0.0985108
18.7246 0.0984469
18.7654 0.098391
18.7678 0.0983422
18.7702 0.0982994
18.7725 0.098262
18.775 0.0983542
18.7774 0.0986849
18.7798 0.0988493
18.7822 0.0991182
18.7846 0.0992284
18.787 0.0993248
18.7894 0.0995342
18.7918 0.0995925
18.7942 0.0997684
18.7965 0.0999223
18.8191 0.102557
18.8215 0.102112
18.8623 0.106598
18.865 0.105649
18.8674 0.104942
18.8698 0.1042
18.8722 0.103675
18.8745 0.10309
18.8769 0.102579
18.8793 0.102257
18.8817 0.10185
18.8841 0.101618
18.8865 0.101416
18.8889 0.101114
18.8913 0.100975
18.8937 0.100728
18.9162 0.103137
18.9187 0.10262
18.9592 0.107042
18.9619 0.106037
18.9643 0.105282
18.9667 0.104497
18.969 0.103935
18.9714 0.103318
18.9738 0.102778
18.9762 0.102431
18.9786 0.102002
18.981 0.101627
18.9834 0.101299
18.9858 0.101011
18.9885 0.100885
18.9909 0.100649
18.9933 0.100568
19.0143 0.100247
19.0168 0.0999662
19.0573 0.0997204
19.0602 0.0996304
19.0626 0.0994266
19.065 0.0993732
19.0674 0.0992016
19.0698 0.0990514
19.0722 0.099045
19.0746 0.0989143
19.077 0.0988
19.0794 0.098825
19.0818 0.0987219
19.0841 0.0987567
19.0869 0.0986621
19.0893 0.0987043
19.0917 0.0986163
19.1124 0.0985392
19.1149 0.0984718
19.1555 0.0984129
19.1587 0.0983613
19.1611 0.0984411
19.1635 0.098386
19.1658 0.0983377
19.1682 0.0984205
19.1706 0.0983679
19.173 0.0984469
19.1754 0.0987661
19.1778 0.0990453
19.1802 0.0992897
19.1826 0.0995034
19.185 0.0995655
19.1874 0.0997448
19.1897 0.0997767
19.2093 0.102055
19.2118 0.101673
19.2524 0.106214
19.2556 0.105437
19.2579 0.104632
19.2603 0.103928
19.2627 0.103312
19.2651 0.102898
19.2675 0.102411
19.2699 0.101985
19.2723 0.101612
19.2747 0.101285
19.2771 0.101124
19.2795 0.100859
19.2819 0.100627
19.2843 0.100548
19.2867 0.100355
19.3062 0.102435
19.3087 0.102006
19.3493 0.106505
19.3524 0.105692
19.3548 0.104856
19.3572 0.104249
19.3596 0.103593
19.362 0.103143
19.3644 0.102626
19.3668 0.102172
19.3692 0.101901
19.3716 0.101538
19.374 0.101221
19.3764 0.100943
19.3787 0.1007
19.3811 0.100613
19.3836 0.100411
19.386 0.10036
19.4043 0.100065
19.4068 0.0998067
19.4473 0.0995809
19.4505 0.0993833
19.4529 0.0992104
19.4553 0.0990591
19.4577 0.0989267
19.4601 0.0988109
19.4625 0.0987095
19.4649 0.0986208
19.4673 0.0985432
19.4697 0.0984753
19.472 0.0985409
19.4744 0.0984733
19.4768 0.0984141
19.4792 0.0983624
19.4817 0.0983171
19.4841 0.0982774
19.5024 0.0982427
19.5048 0.0982124
19.5454 0.0981859
19.5486 0.0981626
19.551 0.0982673
19.5534 0.0982339
19.5558 0.0982046
19.5582 0.0981791
19.5606 0.0981567
19.563 0.0981371
19.5654 0.09812
19.5677 0.098105
19.5701 0.0980918
19.5725 0.0980804
19.5749 0.0983203
19.5773 0.0986553
19.5797 0.0988234
19.5821 0.0990954
19.5992 0.101084
19.6021 0.100948
19.6429 0.10558
19.6455 0.104882
19.6479 0.104147
19.6503 0.103503
19.6527 0.102941
19.6551 0.102573
19.6575 0.102126
19.6599 0.101736
19.6622 0.101519
19.6646 0.101204
19.667 0.101053
19.6694 0.100797
19.6718 0.100572
19.6742 0.100501
19.6766 0.100313
19.679 0.100149
19.6961 0.10188
19.699 0.10152
19.7398 0.105955
19.7424 0.105211
19.7448 0.104434
19.7472 0.10388
19.7496 0.10327
19.752 0.102736
19.7543 0.102269
19.7567 0.101861
19.7591 0.101628
19.7615 0.1013
19.7639 0.101012
19.7663 0.100761
19.7687 0.100541
19.7711 0.100473
19.7735 0.100289
19.7759 0.100128
19.7783 0.100112
19.7942 0.0998478
19.7971 0.0997418
19.8379 0.0995241
19.8405 0.0993336
19.8429 0.0991669
19.8453 0.099021
19.8477 0.0988934
19.85 0.0989067
19.8524 0.0987934
19.8548 0.0986942
19.8572 0.0986074
19.8596 0.0985315
19.862 0.0984651
19.8644 0.0984069
19.8668 0.0983561
19.8693 0.0983116
19.8717 0.0982726
19.874 0.0983635
19.8764 0.0983181
19.8923 0.0982783
19.8952 0.0982435
19.9361 0.0983381
19.9386 0.0982958
19.941 0.0982589
19.9433 0.0982265
19.9457 0.0981982
19.9481 0.0981734
19.9505 0.0981517
19.9529 0.0981328
19.9553 0.0981162
19.9577 0.0981016
19.9601 0.0982139
19.9625 0.0981872
19.9649 0.0981638
19.9673 0.0981433
19.9697 0.0981254
19.9721 0.0981097
19.9745 0.098346
19.9892 0.100178
19.9925 0.100156
20.033 0.104761
20.0355 0.104041
20.0378 0.103411
20.0402 0.102984
20.0426 0.102486
20.045 0.102176
20.0477 0.101779
20.0501 0.101556
20.0525 0.101362
20.0548 0.101067
20.0572 0.100933
20.0596 0.100692
20.062 0.100605
20.0644 0.100529
20.0668 0.100338
20.0692 0.100296
20.0716 0.100134
20.0861 0.101617
20.0894 0.101415
20.13 0.105988
20.1326 0.10524
20.135 0.10446
20.1374 0.103902
20.1398 0.103289
20.1422 0.102878
20.1452 0.102519
20.1476 0.102204
20.1499 0.101803
20.1523 0.101578
20.1547 0.101381
20.1571 0.101208
20.1595 0.101057
20.1619 0.1008
20.1643 0.1007
20.1667 0.100612
20.1691 0.100536
20.183 0.101844
20.1854 0.101488
20.1878 0.101052
20.3545 0.100671
20.3573 0.100337
20.3597 0.100045
20.3621 0.0997892
20.3645 0.0995656
20.3781 0.0994949
20.3805 0.099308
20.3829 0.0991445
20.4233 0.0990014
20.4514 0.102126
20.4544 0.10186
20.4568 0.101503
20.4592 0.101315
20.4616 0.101026
20.475 0.102147
20.4779 0.101754
20.4803 0.101535
20.5202 0.106093
20.5483 0.108456
20.5513 0.107399
20.5537 0.106349
20.5561 0.105556
20.5584 0.104736
20.5719 0.105394
20.5748 0.10472
20.5772 0.10413
20.6171 0.108239
20.6453 0.110334
20.6482 0.109042
20.6506 0.107787
20.6529 0.106688
20.6553 0.105727
20.6577 0.104887
20.67 0.104026
20.6728 0.103272
20.6752 0.102613
20.7152 0.102037
20.7434 0.101532
20.7465 0.101091
20.7489 0.100704
20.7513 0.100491
20.7537 0.10018
20.7561 0.100032
20.768 0.0999033
20.7709 0.0996654
20.7733 0.0994572
20.8132 0.0992751
20.8415 0.0991157
20.8448 0.0989762
20.8472 0.0989792
20.8496 0.0988568
20.852 0.0991247
20.8544 0.0993591
20.8651 0.100564
20.8681 0.100494
20.8705 0.100432
20.9101 0.105003
20.9384 0.107503
20.9417 0.106565
20.9441 0.105744
20.9465 0.104901
20.9489 0.104164
20.9513 0.103518
20.9622 0.104078
20.9653 0.103569
20.9677 0.102997
21.007 0.107248
21.0353 0.109467
21.039 0.108283
21.0414 0.107248
21.0438 0.106217
21.0462 0.10544
21.0485 0.10476
21.0509 0.10404
21.0603 0.103285
21.0634 0.102624
21.0659 0.102046
21.1054 0.10154
21.1334 0.101098
21.1371 0.100836
21.1395 0.100481
21.1419 0.100171
21.1442 0.0998997
21.1466 0.0996622
21.149 0.0995794
21.1584 0.099382
21.1615 0.0992093
21.164 0.0990581
21.2036 0.0989258
21.2318 0.0988101
21.2354 0.0987088
21.2378 0.0986202
21.2401 0.0986677
21.2425 0.0985842
21.2449 0.0985112
21.2473 0.0984473
21.2553 0.0993914
21.2585 0.0994675
21.2609 0.099409
21.3005 0.104108
21.3287 0.106719
21.3323 0.106004
21.3346 0.105129
21.337 0.104488
21.3394 0.103802
21.3418 0.103202
21.3442 0.102801
21.3523 0.103076
21.3554 0.102692
21.3578 0.10223
21.3974 0.106576
21.4259 0.108879
21.4295 0.107894
21.4319 0.106783
21.4343 0.105935
21.4367 0.105068
21.4391 0.104434
21.4415 0.10388
21.4494 0.10402
21.4523 0.103518
21.4547 0.102953
21.4571 0.102584
21.4958 0.102011
21.524 0.101509
21.5276 0.101071
21.53 0.100687
21.5324 0.100351
21.5348 0.100057
21.5371 0.0998
21.5395 0.099575
21.5476 0.0993782
21.5504 0.0992059
21.5527 0.0990551
21.5551 0.0989233
21.594 0.0989328
21.6221 0.0989412
21.6257 0.0988236
21.6281 0.0988456
21.6304 0.0987399
21.6328 0.0986474
21.6352 0.0985665
21.6376 0.0984957
21.6457 0.0984337
21.6484 0.0983795
21.6508 0.0983321
21.6532 0.0986656
21.6909 0.103207
21.7193 0.105931
21.7229 0.10519
21.7253 0.104541
21.7277 0.103849
21.7301 0.103368
21.7324 0.102947
21.7348 0.102453
21.7426 0.102772
21.7453 0.102425
21.7477 0.101997
21.7501 0.101747
21.7881 0.105904
21.8162 0.108416
21.8198 0.107364
21.8222 0.106443
21.8246 0.105513
21.8269 0.104699
21.8293 0.103987
21.8317 0.103363
21.8395 0.103568
21.8426 0.103122
21.845 0.102607
21.8474 0.102281
21.8852 0.106371
21.8876 0.105449
21.9143 0.104518
21.9179 0.103703
21.9202 0.10299
21.9226 0.102367
21.925 0.101946
21.9274 0.101453
21.9298 0.101021
21.9377 0.100643
21.9407 0.100313
21.9431 0.100149
21.9454 0.0998802
21.9833 0.0996452
21.9857 0.0994396
22.0124 0.0992596
22.0159 0.0991022
22.0183 0.0989644
22.0207 0.0988438
22.0231 0.0987384
22.0255 0.0986461
22.0279 0.0985653
22.0358 0.0984946
22.0387 0.0984328
22.0411 0.0983787
22.0435 0.0983314
22.0814 0.09829
22.0838 0.0982537
22.1104 0.098222
22.1128 0.0984442
22.1152 0.0986387
22.1176 0.0986839
22.12 0.0988484
22.1224 0.0988673
22.1248 0.0988839
22.1327 0.0996484
22.1356 0.0996924
22.138 0.0997308
22.1404 0.0996395
22.1783 0.10406
22.1807 0.103427
22.2073 0.105999
22.2097 0.105124
22.2121 0.104483
22.2145 0.103798
22.2169 0.103198
22.2193 0.102673
22.2217 0.102214
22.2296 0.102562
22.2325 0.102242
22.2349 0.101837
22.2373 0.101482
22.2754 0.105672
22.2778 0.104838
22.3042 0.107233
22.3066 0.106204
22.309 0.105429
22.3116 0.104625
22.314 0.103922
22.3164 0.103432
22.3188 0.102878
22.3212 0.102518
22.3283 0.102078
22.3307 0.101568
22.333 0.101247
22.3354 0.100841
22.3737 0.100486
22.3761 0.1003
22.4023 0.100013
22.4047 0.0997613
22.4071 0.0995412
22.4097 0.0993485
22.4121 0.0993049
22.4145 0.0991418
22.4169 0.0989991
22.4192 0.0988742
22.4264 0.0987649
22.4287 0.0986693
22.4311 0.0985856
22.4335 0.0985124
22.4719 0.0984484
22.4743 0.0983923
22.5004 0.0983433
22.5028 0.0983004
22.5052 0.0982628
22.5078 0.09823
22.5104 0.0985762
22.5129 0.0987542
22.5153 0.0990349
22.5177 0.0992806
22.5232 0.0998705
22.5256 0.0997617
22.528 0.0997915
22.5304 0.0996925
22.569 0.104106
22.5714 0.103593
22.5973 0.106019
22.5997 0.105141
22.6021 0.104499
22.605 0.103811
22.6074 0.103335
22.611 0.102918
22.7938 0.102303
22.7964 0.101765
22.799 0.101295
22.8014 0.100883
22.805 0.100648
22.8074 0.100317
22.8099 0.100027
22.8923 0.0998986
22.8946 0.0996613
22.8971 0.0995786
22.8995 0.0993813
22.9032 0.0993336
22.9056 0.0991669
22.908 0.0990211
22.9903 0.0988934
22.9927 0.0987818
22.9952 0.098684
22.9976 0.0985985
23.0013 0.0985237
23.0037 0.0984582
23.0061 0.098526
23.0884 0.0984602
23.0908 0.0986527
23.0932 0.0989461
23.0956 0.0990778
23.0982 0.0993181
23.1006 0.0992783
23.103 0.0992436
23.1858 0.109213
23.1882 0.108061
23.1906 0.107054
23.193 0.106047
23.1954 0.105291
23.1978 0.104505
23.2002 0.103942
23.2828 0.113449
23.2851 0.111768
23.2875 0.110172
23.2899 0.108775
23.2923 0.107678
23.2947 0.106594
23.2971 0.105769
23.2995 0.104923
23.3808 0.104058
23.3832 0.103301
23.3856 0.102638
23.388 0.102183
23.3904 0.10166
23.3928 0.101203
23.3952 0.100802
23.3976 0.100452
23.4789 0.100146
23.4813 0.0998774
23.4837 0.0996428
23.4861 0.0994374
23.4885 0.0995077
23.4909 0.0995693
23.4933 0.0997481
23.4957 0.0997796
23.5758 0.109557
23.5782 0.108363
23.5806 0.107192
23.583 0.106168
23.5854 0.105272
23.588 0.104488
23.5904 0.103927
23.5928 0.103311
23.673 0.112647
23.6754 0.111066
23.6778 0.109558
23.6802 0.108363
23.6826 0.107318
23.6853 0.106403
23.6877 0.105603
23.6901 0.104902
23.6925 0.10429
23.7712 0.103503
23.7736 0.102815
23.7759 0.102214
23.7783 0.101687
23.7807 0.101226
23.7834 0.100823
23.7858 0.10047
23.7882 0.100161
23.7906 0.099891
23.8692 0.0996546
23.8716 0.0994478
23.874 0.0993918
23.8764 0.0992179
23.8788 0.0990656
23.8815 0.0989324
23.8839 0.0988159
23.8863 0.0990889
23.8887 0.0992028
23.9661 0.108802
23.9685 0.107577
23.9709 0.106505
23.9737 0.105567
23.9761 0.104871
23.9788 0.104262
23.9812 0.103729
23.9836 0.103263
23.9859 0.10273
24.063 0.111764
24.0654 0.110169
24.0678 0.108772
24.0706 0.107676
24.073 0.106591
24.0757 0.105642
24.0781 0.104937
24.0804 0.104195
24.0828 0.103546
24.0852 0.103102
24.1612 0.102465
24.1637 0.101907
24.1661 0.101543
24.1687 0.1011
24.1711 0.100838
24.1737 0.100483
24.1761 0.100173
24.1785 0.0999011
24.1809 0.0996635
24.1833 0.0994555
24.2593 0.0992736
24.262 0.0991144
24.2644 0.0989751
24.2668 0.0988532
24.2692 0.0987466
24.2718 0.0986532
24.2743 0.0985716
24.2767 0.0985001
24.2791 0.0985626
24.2815 0.0984923
24.3574 0.0984307
24.3598 0.0986269
24.3622 0.0989235
24.3646 0.0990581
24.367 0.0991758
24.3693 0.0992789
24.3717 0.099369
24.3742 0.0994479
24.3766 0.0995169
24.3789 0.0994523
24.4543 0.108646
24.4567 0.10744
24.4591 0.10651
24.4615 0.105571
24.4638 0.10475
24.4662 0.104156
24.4686 0.103512
24.4711 0.103073
24.4734 0.102564
24.4758 0.102118
24.5512 0.110978
24.5536 0.109481
24.556 0.108171
24.5583 0.107025
24.5607 0.106021
24.5631 0.105269
24.5655 0.104485
24.5679 0.1038
24.5703 0.1032
24.5727 0.102675
24.5751 0.10234
24.6493 0.101798
24.6517 0.101323
24.654 0.101033
24.6564 0.100654
24.6588 0.100322
24.6612 0.100032
24.6636 0.0997777
24.666 0.0995555
24.6684 0.0993611
24.6708 0.0991909
24.6732 0.0990421
24.7473 0.0989118
24.7497 0.0987978
24.7521 0.0986981
24.7545 0.0986108
24.7569 0.0987845
24.7593 0.0990614
24.7617 0.0991787
24.7641 0.0994064
24.7665 0.0996056
24.7689 0.0996549
24.7712 0.099823
24.8442 0.10872
24.8466 0.107505
24.849 0.106567
24.8515 0.105621
24.8539 0.104793
24.8563 0.104194
24.8587 0.103545
24.8611 0.103102
24.8635 0.102589
24.8659 0.102141
24.8683 0.101873
24.9411 0.110389
24.9435 0.108965
24.9459 0.10772
24.9484 0.10663
24.9508 0.105676
24.9532 0.104966
24.9556 0.104221
24.958 0.103568
24.9604 0.102997
24.9628 0.102497
24.9651 0.102185
24.9675 0.101787
25.0394 0.101314
25.0418 0.100899
25.0441 0.100662
25.0465 0.100329
25.0489 0.100038
25.0513 0.0997834
25.0537 0.0995604
25.0561 0.0994904
25.0585 0.0993041
25.0609 0.0991411
25.0633 0.0989984
25.0657 0.0988736
25.1375 0.0987644
25.1399 0.0986689
25.1423 0.0985853
25.1447 0.0985121
25.1471 0.0985731
25.1499 0.0985015
25.1523 0.0985638
25.1547 0.0988683
25.1571 0.0991348
25.1595 0.0993679
25.1619 0.0995719
25.1643 0.0997504
25.2344 0.108407
25.2368 0.107231
25.2392 0.106327
25.2416 0.105411
25.244 0.10461
25.2468 0.103908
25.2492 0.10342
25.2516 0.102867
25.254 0.102384
25.2564 0.101961
25.2588 0.101591
25.2613 0.101392
25.3317 0.109593
25.3341 0.108394
25.3365 0.107345
25.3389 0.106302
25.3413 0.105514
25.3437 0.104825
25.3461 0.104222
25.3485 0.103569
25.3509 0.102998
25.3533 0.102623
25.3556 0.10217
25.358 0.101899
25.3604 0.101537
25.4298 0.101094
25.4322 0.100708
25.4346 0.100369
25.437 0.100198
25.4394 0.0999233
25.4418 0.0996829
25.4442 0.0994725
25.4466 0.0992885
25.449 0.0991274
25.4513 0.0989865
25.4537 0.0988632
25.4561 0.0987553
25.4585 0.0986609
25.5279 0.0985782
25.5303 0.098506
25.5327 0.0984427
25.5351 0.0983874
25.5375 0.098339
25.5399 0.0982966
25.5423 0.0982595
25.5447 0.0982271
25.5471 0.0983237
25.5494 0.0982832
25.5518 0.0982478
25.5542 0.0985918
25.5566 0.0987679
25.6248 0.107172
25.6271 0.106275
25.6296 0.105366
25.632 0.10457
25.6344 0.103874
25.6368 0.103265
25.6392 0.102857
25.6415 0.102375
25.6439 0.101953
25.6463 0.101584
25.6487 0.101261
25.6511 0.101103
25.6535 0.10084
25.7216 0.10886
25.724 0.107753
25.7265 0.106659
25.7289 0.105701
25.7313 0.104989
25.7337 0.10424
25.736 0.10371
25.7384 0.103121
25.7408 0.102606
25.7432 0.10228
25.7456 0.10187
25.748 0.101637
25.7504 0.101307
25.7528 0.101019
25.8197 0.100641
25.8221 0.100311
25.8246 0.100022
25.827 0.0997694
25.8293 0.0995483
25.8317 0.0993547
25.8341 0.0991854
25.8365 0.0990372
25.8389 0.0989076
25.8413 0.0987941
25.8437 0.0986948
25.8461 0.098608
25.8485 0.098532
25.8509 0.0984655
25.9178 0.0984073
25.9202 0.0983564
25.9226 0.0983118
25.925 0.0983979
25.9276 0.0983481
25.9299 0.0983046
25.9323 0.0982665
25.9347 0.0982332
25.9371 0.0983291
25.9395 0.0982879
25.9419 0.0982519
25.9443 0.0982204
25.9467 0.0981929
25.9491 0.0982938
26.0147 0.106507
26.0171 0.105694
26.0195 0.104857
26.0219 0.104125
26.0244 0.103484
26.0268 0.102924
26.0292 0.102558
26.0316 0.102113
26.034 0.101849
26.0364 0.101493
26.0388 0.101181
26.0412 0.101034
26.0436 0.10078
26.046 0.100557
26.1116 0.108237
26.114 0.107083
26.1164 0.106072
26.1188 0.105188
26.1213 0.10454
26.1237 0.103847
26.1261 0.103366
26.1285 0.102821
26.1309 0.102343
26.1334 0.101925
26.1358 0.10156
26.1382 0.101365
26.1406 0.101069
26.143 0.10081
26.2085 0.108584
26.2109 0.107386
26.2135 0.106463
26.2159 0.10553
26.2183 0.104839
26.2207 0.104109
26.2231 0.103595
26.2255 0.103021
26.2279 0.102518
26.2303 0.102203
26.2327 0.101803
26.235 0.101578
26.2374 0.101255
26.2398 0.100974
26.2422 0.100852
26.3066 0.100495
26.309 0.100183
26.3116 0.0999105
26.3142 0.0997967
26.3166 0.0995721
26.319 0.0993756
26.3215 0.0992036
26.3238 0.0990532
26.3262 0.0990465
26.3286 0.0989157
26.331 0.0989263
26.3334 0.0988105
26.336 0.0987092
26.3384 0.0987455
26.3408 0.0986523
26.4047 0.0985708
26.407 0.0986244
26.4097 0.0985464
26.4123 0.0984781
26.4147 0.0986683
26.417 0.0989598
26.4194 0.0992148
26.4218 0.099313
26.4242 0.0995238
26.4266 0.0995834
26.429 0.0996354
26.4314 0.099681
26.4338 0.0997209
26.4362 0.0998808
26.4386 0.0998957
26.5017 0.107534
26.504 0.106592
26.5066 0.105643
26.5091 0.104938
26.5115 0.104195
26.5139 0.103546
26.5163 0.102978
26.5187 0.102481
26.5211 0.10217
26.5235 0.101774
26.5259 0.101427
26.5283 0.101249
26.5307 0.100968
26.5331 0.100847
26.5354 0.100616
26.5985 0.108039
26.6009 0.106909
26.6035 0.10592
26.606 0.10518
26.6084 0.104408
26.6108 0.103732
26.6132 0.103265
26.6156 0.102732
26.618 0.102266
26.6204 0.101857
26.6228 0.1015
26.6252 0.101313
26.6276 0.101024
26.6299 0.100771
26.6323 0.100549
26.6347 0.100356
26.6966 0.100061
26.699 0.0999286
26.7019 0.0996875
26.7046 0.0994766
26.707 0.099417
26.7094 0.0993649
26.7118 0.0991943
26.7142 0.09917
26.7166 0.0991487
26.719 0.0990051
26.7214 0.0990045
26.7238 0.0988789
26.7262 0.0988941
26.7285 0.0989073
26.7309 0.0987939
26.7333 0.0988197
26.7947 0.0987172
26.7971 0.0986275
26.7999 0.0985491
26.8027 0.0984805
26.8051 0.0984204
26.8075 0.0983679
26.8099 0.0983219
26.8124 0.0986566
26.8148 0.0988246
26.8172 0.0990965
26.8196 0.0993344
26.8223 0.0995426
26.8247 0.0997248
26.8271 0.0998842
26.8295 0.100024
26.8319 0.100146
26.8916 0.107377
26.894 0.10633
26.8971 0.105539
26.8996 0.104847
26.902 0.104241
26.9044 0.103586
26.9068 0.103012
26.9093 0.102636
26.9117 0.102181
26.9141 0.101909
26.9165 0.101545
26.9192 0.101352
26.9216 0.101058
26.924 0.100801
26.9264 0.100576
26.9288 0.100379
26.9885 0.107456
26.9909 0.106399
26.994 0.105599
26.9965 0.104774
26.9989 0.104053
27.0013 0.103421
27.0037 0.102868
27.0062 0.10251
27.0086 0.102071
27.011 0.101812
27.0134 0.101461
27.0158 0.101153
27.0182 0.100884
27.0206 0.100648
27.023 0.100442
27.0253 0.100262
27.0277 0.100104
27.0866 0.0998413
27.089 0.0996112
27.0921 0.0995348
27.0946 0.0993429
27.097 0.099175
27.0994 0.0990282
27.1018 0.0988996
27.1043 0.0987872
27.1067 0.0986888
27.1091 0.0986027
27.1115 0.0985274
27.1139 0.0984614
27.1163 0.0984038
27.1187 0.0983533
27.121 0.0984341
27.1234 0.0983799
27.1258 0.0983324
27.1847 0.0982908
27.1871 0.0983795
27.1901 0.098332
27.1931 0.0984155
27.1954 0.0984886
27.1978 0.0984275
27.2002 0.0984991
27.2026 0.0984367
27.205 0.0985071
27.2074 0.0984437
27.2098 0.0983883
27.2122 0.0987147
27.2146 0.0990004
27.217 0.0991253
27.2194 0.0993597
27.2217 0.0994397
27.2241 0.0996347
27.2816 0.10668
27.2841 0.105845
27.287 0.105115
27.2899 0.10435
27.2923 0.103682
27.2947 0.103096
27.2971 0.102709
27.2995 0.102246
27.3019 0.10184
27.3043 0.101485
27.3067 0.101174
27.3091 0.101028
27.3118 0.100774
27.3142 0.100677
27.3166 0.100593
27.319 0.100394
27.3214 0.100344
27.3784 0.107051
27.381 0.10617
27.3839 0.105274
27.3868 0.104489
27.3892 0.103928
27.3916 0.103312
27.394 0.102898
27.3964 0.102411
27.3988 0.101985
27.4012 0.101736
27.4036 0.101394
27.406 0.101095
27.4087 0.100833
27.4111 0.100729
27.4135 0.100513
27.4159 0.100324
27.4183 0.100283
27.4207 0.100123
27.4765 0.0998576
27.4791 0.0996254
27.4821 0.0995472
27.4849 0.0993538
27.4873 0.0991846
27.4897 0.0990365
27.4921 0.0989069
27.4945 0.0987936
27.4969 0.0986944
27.4993 0.0986076
27.5017 0.0985316
27.504 0.0985902
27.5068 0.0985164
27.5092 0.0984519
27.5116 0.0983954
27.514 0.0983459
27.5164 0.0983027
27.5188 0.0982649
27.5746 0.0982318
27.5772 0.0982028
27.5802 0.0981774
27.583 0.0982803
27.5854 0.0982452
27.5878 0.0982146
27.5902 0.0981877
27.5926 0.0981643
27.595 0.0981437
27.5973 0.0981258
27.5997 0.0981101
27.6021 0.0980963
27.6052 0.0982093
27.6076 0.0981831
27.61 0.0981602
27.6124 0.0985152
27.6148 0.0988258
27.6172 0.0990976
27.6717 0.105835
27.6741 0.105106
27.6773 0.104468
27.6799 0.103784
27.6823 0.103186
27.6847 0.102663
27.6871 0.10233
27.6895 0.101914
27.6918 0.10155
27.6942 0.101356
27.6966 0.101061
27.699 0.100929
27.7021 0.100813
27.7045 0.100586
27.7069 0.100388
27.7093 0.100339
27.7117 0.100172
27.714 0.10015
27.7686 0.106507
27.771 0.105693
27.7742 0.104982
27.7768 0.104234
27.7792 0.103705
27.7816 0.103117
27.784 0.102602
27.7863 0.102152
27.7887 0.101758
27.7911 0.101538
27.7938 0.101221
27.7962 0.101068
27.799 0.10081
27.8014 0.100583
27.804 0.100386
27.8064 0.100337
27.8088 0.10017
27.8111 0.100149
27.8136 0.100005
27.8669 0.0997546
27.8693 0.0995353
27.8723 0.0993434
27.8752 0.0993005
27.8776 0.0991379
27.88 0.0991207
27.8824 0.0991056
27.8848 0.0989674
27.8872 0.0989715
27.8896 0.09885
27.892 0.0987438
27.8945 0.0986508
27.8971 0.0986945
27.8995 0.0986076
27.9021 0.0986567
27.9044 0.0985746
27.9068 0.0985028
27.9092 0.0984399
27.9117 0.0983849
27.965 0.0983368
27.9673 0.0982947
27.9704 0.0982579
27.9733 0.0982256
27.9757 0.0981974
27.9781 0.0981728
27.9805 0.0981512
27.9829 0.0981323
27.9853 0.0981157
27.9877 0.0981013
27.9901 0.0982136
27.9926 0.0981869
27.9952 0.0981635
27.9975 0.0981431
28.0001 0.0981252
28.0025 0.0981096
28.0049 0.0980959
28.0073 0.0980839
28.0097 0.0980734
28.0618 0.104564
28.0642 0.103994
28.0673 0.103494
28.0702 0.103058
28.0726 0.10255
28.075 0.102107
28.0774 0.101718
28.0798 0.101379
28.0822 0.101206
28.0846 0.10093
28.0869 0.100689
28.0895 0.100478
28.0924 0.100418
28.0948 0.100241
28.0974 0.100211
28.0998 0.100059
28.1022 0.100052
28.1046 0.100046
28.107 0.10004
28.1591 0.106285
28.1615 0.105499
28.1641 0.104812
28.1675 0.10421
28.1698 0.103559
28.1722 0.103114
28.1746 0.102725
28.177 0.102384
28.1794 0.102086
28.1818 0.1017
28.1842 0.101488
28.1866 0.101302
28.1893 0.101139
28.1917 0.100872
28.1943 0.100763
28.1967 0.100542
28.1991 0.100475
28.2017 0.10029
28.2041 0.100254
28.2562 0.106347
28.2586 0.105429
28.2611 0.10475
28.2635 0.104031
28.2659 0.103278
28.2683 0.102743
28.2707 0.10215
28.2731 0.101756
28.2754 0.101287
28.2778 0.100876
28.2802 0.100641
28.2828 0.100311
28.2852 0.100147
28.2878 0.0998789
28.2902 0.099769
28.2926 0.0995479
28.295 0.0993544
28.2974 0.0991851
28.2998 0.099037
28.3022 0.0989074
28.3543 0.0987939
28.3566 0.0986947
28.3592 0.0986079
28.3616 0.0985319
28.364 0.0984654
28.3664 0.0984072
28.3687 0.0983563
28.3711 0.0983118
28.3735 0.0982728
28.3759 0.0982387
28.3783 0.0982089
28.3809 0.0981828
28.3833 0.0981599
28.3859 0.0981399
28.3883 0.0981224
28.3907 0.0981071
28.3931 0.0982187
28.3954 0.0981914
28.3978 0.0981675
28.4002 0.0981465
28.4523 0.0981282
28.4547 0.0981122
28.4575 0.0980982
28.4599 0.0980859
28.4623 0.0984502
28.4647 0.0987689
28.4671 0.0990478
28.4695 0.0992918
28.4719 0.0993803
28.4742 0.0995828
28.4766 0.0997599
28.479 0.0999149
28.4814 0.100051
28.4838 0.100044
28.4862 0.100164
28.4886 0.100143
28.491 0.100125
28.4934 0.10011
28.4958 0.100096
28.4982 0.100209
28.5492 0.106308
28.5516 0.105394
28.5548 0.10472
28.5572 0.10413
28.5596 0.103614
28.562 0.103037
28.5643 0.102657
28.5667 0.1022
28.5691 0.101925
28.5715 0.101685
28.5739 0.101349
28.5763 0.10118
28.5787 0.100908
28.5811 0.100794
28.5835 0.100695
28.5859 0.100483
28.5883 0.100423
28.5906 0.10037
28.593 0.100324
28.5954 0.100283
28.6464 0.106248
28.6488 0.105342
28.6517 0.104674
28.6541 0.10409
28.6565 0.103454
28.6588 0.102897
28.6612 0.102535
28.6636 0.102093
28.666 0.101831
28.6684 0.101477
28.671 0.101168
28.6733 0.101022
28.6757 0.100769
28.6781 0.100673
28.6805 0.100464
28.6829 0.100281
28.6853 0.100246
28.6877 0.10009
28.6901 0.100079
28.6925 0.0999439
28.6949 0.0998259
28.7445 0.0995977
28.7469 0.099398
28.7498 0.0992232
28.7522 0.0990703
28.7545 0.0989365
28.7569 0.0988195
28.7594 0.098717
28.7618 0.0986274
28.7642 0.098549
28.7665 0.0984804
28.769 0.0985453
28.7714 0.0984771
28.7738 0.0984175
28.7762 0.0983653
28.7786 0.0983196
28.781 0.0982797
28.7834 0.0982447
28.7858 0.0982141
28.7886 0.0981874
28.791 0.0981639
28.7933 0.0982685
28.8426 0.0982349
28.845 0.0982055
28.8478 0.0981798
28.8502 0.0981574
28.8526 0.0981377
28.855 0.0982455
28.8574 0.0982148
28.8598 0.0981879
28.8622 0.0981645
28.8646 0.0983939
28.867 0.0987197
28.8694 0.0988797
28.8718 0.0990197
28.8742 0.0992673
28.8766 0.0993589
28.879 0.099439
28.8814 0.0996341
28.8838 0.0996799
28.8861 0.0998449
28.8885 0.0998643
28.8909 0.0998812
28.9395 0.105646
28.9418 0.104815
28.9447 0.104213
28.9471 0.103687
28.9495 0.103101
28.9519 0.102588
28.9544 0.10214
28.9568 0.101747
28.9592 0.101529
28.9616 0.101213
28.964 0.100936
28.9664 0.100694
28.9688 0.100482
28.9712 0.100422
28.9735 0.100244
28.9759 0.100089
28.9783 0.100078
28.9807 0.099943
28.9831 0.0999501
28.9855 0.0998313
28.9879 0.0997274
29.0363 0.105511
29.0387 0.104698
29.0416 0.10411
29.044 0.103597
29.0464 0.103022
29.0488 0.102519
29.0513 0.102204
29.0537 0.101804
29.0561 0.101578
29.0585 0.101256
29.0609 0.100974
29.0633 0.100852
29.0657 0.100621
29.068 0.100543
29.0704 0.10035
29.0728 0.100181
29.0752 0.100159
29.0776 0.100014
29.08 0.100012
29.0824 0.0998857
29.0848 0.099775
29.0872 0.0998031
29.1344 0.0995777
29.1368 0.0993805
29.1397 0.0992079
29.1421 0.0990569
29.1445 0.0989248
29.1469 0.0988092
29.1497 0.0987081
29.1521 0.0987446
29.1545 0.0986515
29.1569 0.0985701
29.1593 0.0986238
29.1617 0.0985458
29.164 0.0986026
29.1664 0.0985273
29.1688 0.0984614
29.1712 0.0985287
29.1736 0.0984626
29.176 0.0984048
29.1784 0.0983542
29.1808 0.0983099
29.1832 0.0983962
29.1856 0.0983466
29.2326 0.0983033
29.235 0.0982654
29.2378 0.0982322
29.2402 0.0982032
29.2426 0.0981778
29.245 0.0981556
29.2478 0.0981361
29.2502 0.0981191
29.2526 0.0981042
29.2551 0.0982162
29.2575 0.0981892
29.2598 0.0981655
29.2623 0.0981448
29.2646 0.0983767
29.267 0.0987046
29.2694 0.0989916
29.2718 0.0991176
29.2742 0.0993529
29.2766 0.0995588
29.279 0.0996139
29.2814 0.0997872
29.2838 0.0998138
29.3295 0.105337
29.3319 0.104545
29.3347 0.103977
29.3371 0.10348
29.3395 0.10292
29.3419 0.10243
29.3447 0.102126
29.3471 0.10186
29.3495 0.101503
29.352 0.10119
29.3543 0.100916
29.3567 0.100677
29.3591 0.100592
29.3615 0.100393
29.3639 0.100219
29.3663 0.100067
29.3687 0.0999332
29.3711 0.0999416
29.3735 0.0998239
29.3759 0.0997209
29.3783 0.0997558
29.3807 0.0996613
29.4264 0.105079
29.4287 0.104319
29.4316 0.103779
29.434 0.103182
29.4364 0.102659
29.4387 0.102202
29.4416 0.101926
29.444 0.101561
29.4463 0.10124
29.4488 0.10096
29.4512 0.10084
29.4536 0.10061
29.456 0.100534
29.4584 0.100342
29.4608 0.100174
29.4632 0.100153
29.4656 0.100009
29.468 0.0998825
29.4704 0.0997722
29.4728 0.0996757
29.4752 0.0997162
29.4788 0.0997517
29.6514 0.0996577
29.6538 0.0994505
29.6562 0.0993942
29.6586 0.0992199
29.661 0.0990674
29.6634 0.099059
29.6658 0.0989266
29.6682 0.0989358
29.6705 0.0988188
29.6737 0.0987165
29.717 0.103752
29.7495 0.103033
29.7519 0.102404
29.7543 0.101853
29.7567 0.101372
29.7591 0.101075
29.7615 0.100691
29.7638 0.100354
29.7662 0.10006
29.7686 0.0998026
29.7718 0.0995773
29.8151 0.0993801
29.8476 0.0992076
29.85 0.0990567
29.8524 0.0989246
29.8548 0.098809
29.8571 0.0987079
29.8595 0.0986194
29.8619 0.098542
29.8643 0.0984742
29.8667 0.0984149
29.87 0.0984881
29.9132 0.0984271
29.9457 0.0983737
29.9481 0.098702
29.9505 0.0989892
29.9528 0.0991156
29.9552 0.0993511
29.9576 0.0994322
29.96 0.0996282
29.9624 0.0997997
29.9648 0.0998247
29.9672 0.0999716
30.0101 0.104975
30.0426 0.107978
30.045 0.106856
