0.396232 1
0.595371 1441
0.795662 4321
0.995954 7201
1.19505 10081
1.19744 12961
1.39534 15841
1.39773 18721
1.40012 21601
1.59563 24481
1.59802 27361
1.60041 30241
1.6028 33121
1.79527 36001
1.79766 38881
1.80006 41761
1.80245 44641
1.80484 47521
1.80723 50401
1.99448 53281
1.99807 56161
2.00165 59041
2.00524 61921
2.00882 64801
2.01241 67681
2.016 70561
2.01958 73441
2.02197 76321
2.19429 79201
2.19787 82081
2.20146 84961
2.20504 87841
2.20863 90721
2.21221 93601
2.2158 96481
2.21939 99361
2.22297 102241
2.22596 105121
2.22835 108001
2.23074 110881
2.23313 113761
2.23552 116641
2.39574 119521
2.39933 122401
2.40291 125281
2.4065 128161
2.41008 131041
2.41367 133921
2.41725 136801
2.42084 139681
2.42443 142561
2.42801 145441
2.4316 148321
2.43518 151201
2.43877 154081
2.44235 156961
2.44594 159841
2.44833 162721
2.45072 165601
2.45311 168481
2.4555 171361
2.45789 174241
2.46028 177121
2.59734 180001
2.60092 182881
2.60451 185761
2.60809 188641
2.61168 191521
2.61527 194401
2.61885 197281
2.62244 200161
2.62602 203041
2.62961 205921
2.63319 208801
2.63678 211681
2.64037 214561
2.64395 217441
2.64754 220321
2.65112 223201
2.65471 226081
2.65829 228961
2.66188 231841
2.66546 234721
2.66845 237601
2.67144 240481
2.67503 243361
2.67861 246241
2.6822 249121
2.68578 252001
2.68937 254881
2.69295 257761
2.69654 260641
2.70013 263521
2.70371 266401
2.82084 269281
2.82383 272161
2.82741 275041
2.831 277921
2.83458 280801
2.83817 283681
2.84176 286561
2.84534 289441
2.84893 292321
2.85251 295201
2.8561 298081
2.85968 300961
2.86327 303841
2.86686 306721
2.87044 309601
2.87403 312481
2.87761 315361
2.8812 318241
2.88478 321121
2.88837 324001
2.89195 326881
2.89554 329761
2.89913 332641
2.90271 335521
2.9063 338401
2.90988 341281
2.91347 344161
2.91705 347041
2.92064 349921
2.92422 352801
2.92781 355681
2.9314 358561
2.93498 361441
3.22304 495361
3.38378 586081
3.38617 588961
3.38856 591841
3.39095 594721
3.39334 597601
3.39573 600481
3.39812 603361
3.40051 606241
3.4029 609121
3.40529 612001
3.40768 614881
3.41007 617761
3.41306 620641
3.41605 623521
3.41904 626401
3.42202 629281
3.42501 632161
3.4286 633601
3.53821 636481
3.5418 639361
3.54538 642241
3.54897 645121
3.55256 648001
3.55614 650881
3.55973 653761
3.56331 656641
3.5669 659521
3.57048 662401
3.57407 665281
3.57706 668161
3.58064 671041
3.58423 673921
3.58901 676801
3.5926 679681
3.59618 682561
3.59977 685441
3.60335 688321
3.60694 691201
3.61052 694081
3.61411 696961
3.61769 699841
3.62128 702721
3.62487 705601
3.62965 708481
3.63323 711361
3.63801 714241
3.6416 717121
3.64638 720001
3.65116 722881
3.73928 725761
3.74346 728641
3.74764 731521
3.75183 734401
3.75601 737281
3.7596 740161
3.76318 743041
3.76677 745921
3.77095 748801
3.77454 751681
3.77812 754561
3.78111 757441
3.78469 760321
3.78768 763201
3.79187 766081
3.79545 768961
3.79844 771841
3.80262 774721
3.80681 777601
3.81099 780481
3.81517 783361
3.81935 786241
3.82294 789121
3.82712 792001
3.83131 794881
3.83728 797761
3.84147 800641
3.84684 803521
3.85043 806401
3.85402 809281
3.8576 812161
3.93881 815041
3.94359 817921
3.94837 820801
3.95375 823681
3.95853 826561
3.96272 829441
3.9675 832321
3.97168 835201
3.97706 838081
3.98124 840961
3.98542 843841
3.98961 846721
3.99379 849601
3.99797 852481
4.00216 855361
4.00574 858241
4.00813 861121
4.01052 864001
4.01291 866881
4.0159 869761
4.01949 872641
4.02307 875521
4.02666 878401
4.03024 881281
4.03503 884161
4.0404 887041
4.04459 889921
4.05056 892801
4.05475 895681
4.05893 898561
4.06311 901441
4.1381 904321
4.14288 907201
4.14826 910081
4.15285 912961
4.15763 915841
4.16241 918721
4.16659 921601
4.17089 924481
4.17615 927361
4.18093 930241
4.18512 933121
4.1887 936001
4.19408 938881
4.19827 941761
4.20245 944641
4.20544 947521
4.20842 950401
4.21081 953281
4.2144 956161
4.21799 959041
4.22157 961921
4.22516 964801
4.22934 967681
4.23352 970561
4.23771 973441
4.24309 976321
4.24906 979201
4.25324 982081
4.25982 984961
4.2646 987841
4.26878 990721
4.27356 993601
4.33943 996481
4.34421 999361
4.34959 1002241
4.35437 1005121
4.35915 1008001
4.36393 1010881
4.36812 1013761
4.3729 1016641
4.37887 1019521
4.38306 1022401
4.38664 1025281
4.39142 1028161
4.3962 1031041
4.39979 1033921
4.40457 1036801
4.40756 1039681
4.41114 1042561
4.41353 1045441
4.41712 1048321
4.4207 1051201
4.42491 1054081
4.42907 1056961
4.43385 1059841
4.43804 1062721
4.44282 1065601
4.44819 1068481
4.45357 1071361
4.45776 1074241
4.46373 1077121
4.46792 1080001
4.47389 1082881
4.47927 1085761
4.54049 1088641
4.54528 1091521
4.55125 1094401
4.55603 1097281
4.56141 1100161
4.56559 1103041
4.57037 1105921
4.57516 1108801
4.58173 1111681
4.58651 1114561
4.59069 1117441
4.59607 1120321
4.59966 1123201
4.60264 1126081
4.60743 1128961
4.61101 1131841
4.6146 1134721
4.61699 1137601
4.62057 1140481
4.62416 1143361
4.62954 1146241
4.63372 1149121
4.6379 1152001
4.64328 1154881
4.64866 1157761
4.65344 1160641
4.65822 1163521
4.6636 1166401
4.66898 1169281
4.67376 1172161
4.67974 1175041
4.68571 1177921
4.74005 1180801
4.74483 1183681
4.75112 1186561
4.7559 1189441
4.76068 1192321
4.76606 1195201
4.77084 1198081
4.77562 1200961
4.78219 1203841
4.78698 1206721
4.79056 1209601
4.79534 1212481
4.79952 1215361
4.80251 1218241
4.80729 1221121
4.81088 1224001
4.81446 1226881
4.81805 1229761
4.82164 1232641
4.82582 1235521
4.8312 1238401
4.83538 1241281
4.84076 1244161
4.84614 1247041
4.85152 1249921
4.85689 1252801
4.86168 1255681
4.86765 1258561
4.87303 1261441
4.87841 1264321
4.88438 1267201
4.88976 1270081
4.93963 1272961
4.94501 1275841
4.95158 1278721
4.95637 1281601
4.96115 1284481
4.96652 1287361
4.9719 1290241
4.97668 1293121
4.98386 1296001
4.98864 1298881
4.99282 1301761
4.9982 1304641
5.00178 1307521
5.00537 1310401
5.01075 1313281
5.01433 1316161
5.01852 1319041
5.0221 1321921
5.02628 1324801
5.03047 1327681
5.03525 1330561
5.03943 1333441
5.04481 1336321
5.05019 1339201
5.05616 1342081
5.05915 1344961
5.06393 1347841
5.06871 1350721
5.07469 1353601
5.08007 1356481
5.08604 1359361
5.09202 1362241
5.0974 1365121
5.14098 1368001
5.14636 1370881
5.15293 1373761
5.15771 1376641
5.16309 1379521
5.16907 1382401
5.17385 1385281
5.17923 1388161
5.1858 1391041
5.19058 1393921
5.19477 1396801
5.20014 1399681
5.20373 1402561
5.20791 1405441
5.21269 1408321
5.21628 1411201
5.22046 1414081
5.22465 1416961
5.22943 1419841
5.23361 1422721
5.23839 1425601
5.24257 1428481
5.24795 1431361
5.25393 1434241
5.2605 1437121
5.26409 1440001
5.26947 1442881
5.27484 1445761
5.28142 1448641
5.2862 1451521
5.29217 1454401
5.29815 1457281
5.30353 1460161
5.34205 1463041
5.34742 1465921
5.354 1468801
5.35938 1471681
5.36416 1474561
5.37013 1477441
5.37551 1480321
5.38149 1483201
5.38746 1486081
5.39284 1488961
5.39762 1491841
5.403 1494721
5.40778 1497601
5.41196 1500481
5.41734 1503361
5.42093 1506241
5.42571 1509121
5.42989 1512001
5.43467 1514881
5.43886 1517761
5.44423 1520641
5.44782 1523521
5.4532 1526401
5.45917 1529281
5.46575 1532161
5.46993 1535041
5.47591 1537921
5.48188 1540801
5.48666 1543681
5.49264 1546561
5.49802 1549441
5.50459 1552321
5.50937 1555201
5.54224 1558081
5.54702 1560961
5.55419 1563841
5.55957 1566721
5.56495 1569601
5.57093 1572481
5.5769 1575361
5.58288 1578241
5.58885 1581121
5.59363 1584001
5.59901 1586881
5.60439 1589761
5.60917 1592641
5.61395 1595521
5.61873 1598401
5.62292 1601281
5.6277 1604161
5.63188 1607041
5.63726 1609921
5.64144 1612801
5.64622 1615681
5.65041 1618561
5.65578 1621441
5.66116 1624321
5.66833 1627201
5.67252 1630081
5.67909 1632961
5.68507 1635841
5.69104 1638721
5.69642 1641601
5.703 1644481
5.70897 1647361
5.71435 1650241
5.74244 1653121
5.74722 1656001
5.75499 1658881
5.76036 1661761
5.76574 1664641
5.77172 1667521
5.77769 1670401
5.78427 1673281
5.79024 1676161
5.79503 1679041
5.8004 1681921
5.80578 1684801
5.81116 1687681
5.81654 1690561
5.82132 1693441
5.8261 1696321
5.83088 1699201
5.83506 1702081
5.84104 1704961
5.84522 1707841
5.85 1710721
5.85419 1713601
5.86016 1716481
5.86494 1719361
5.87271 1722241
5.87749 1725121
5.88407 1728001
5.89004 1730881
5.89602 1733761
5.9014 1736641
5.90857 1739521
5.91156 1742401
5.91634 1745281
5.92172 1748161
5.94562 1751041
5.951 1753921
5.95817 1756801
5.96415 1759681
5.96952 1762561
5.9755 1765441
5.98148 1768321
5.98865 1771201
5.99403 1774081
5.9994 1776961
6.00478 1779841
6.01076 1782721
6.01614 1785601
6.02211 1788481
6.02689 1791361
6.03167 1794241
6.03765 1797121
6.04124 1800001
6.04721 1802881
6.05199 1805761
6.05677 1808641
6.06096 1811521
6.06634 1814401
6.07112 1817281
6.07888 1820161
6.08426 1823041
6.09084 1825921
6.09681 1828801
6.10279 1831681
6.10817 1834561
6.11534 1837441
6.11952 1840321
6.1243 1843201
6.12968 1846081
6.15 1848961
6.15598 1851841
6.16315 1854721
6.16972 1857601
6.1745 1860481
6.18107 1863361
6.18765 1866241
6.19482 1869121
6.2002 1872001
6.20617 1874881
6.21155 1877761
6.21693 1880641
6.22231 1883521
6.22828 1886401
6.23366 1889281
6.23844 1892161
6.24442 1895041
6.2486 1897921
6.25458 1900801
6.25936 1903681
6.26414 1906561
6.26832 1909441
6.2737 1912321
6.27908 1915201
6.28625 1918081
6.29163 1920961
6.2988 1923841
6.30478 1926721
6.31016 1929601
6.31553 1932481
6.32271 1935361
6.32749 1938241
6.33286 1941121
6.33824 1944001
6.35617 1946881
6.36215 1949761
6.36872 1952641
6.37589 1955521
6.38067 1958401
6.38725 1961281
6.39442 1964161
6.40099 1967041
6.40637 1969921
6.41235 1972801
6.41832 1975681
6.4231 1978561
6.42848 1981441
6.43446 1984321
6.44043 1987201
6.44521 1990081
6.45119 1992961
6.45597 1995841
6.46075 1998721
6.46613 2001601
6.47151 2004481
6.47569 2007361
6.48047 2010241
6.48645 2013121
6.49302 2016001
6.49959 2018881
6.50677 2021761
6.51274 2024641
6.51812 2027521
6.5229 2030401
6.53007 2033281
6.53545 2036161
6.54083 2039041
6.5468 2041921
6.56234 2044801
6.56832 2047681
6.57429 2050561
6.58147 2053441
6.58625 2056321
6.59342 2059201
6.60119 2062081
6.60716 2064961
6.61314 2067841
6.61911 2070721
6.62569 2073601
6.63047 2076481
6.63525 2079361
6.64123 2082241
6.6472 2085121
6.65198 2088001
6.65856 2090881
6.66334 2093761
6.66812 2096641
6.67409 2099521
6.67947 2102401
6.68425 2105281
6.68963 2108161
6.69441 2111041
6.70099 2113921
6.70816 2116801
6.71473 2119681
6.7213 2122561
6.72608 2125441
6.73087 2128321
6.73804 2131201
6.74341 2134081
6.74939 2136961
6.75596 2139841
6.76971 2142721
6.77569 2145601
6.78166 2148481
6.78823 2151361
6.79182 2154241
6.79541 2157121
6.80317 2160001
6.81094 2162881
6.81752 2165761
6.8229 2168641
6.82947 2171521
6.83604 2174401
6.84082 2177281
6.8456 2180161
6.85098 2183041
6.85636 2185921
6.86234 2188801
6.86891 2191681
6.87369 2194561
6.87787 2197441
6.88445 2200321
6.88983 2203201
6.89461 2206081
6.89999 2208961
6.90477 2211841
6.91134 2214721
6.91851 2217601
6.92508 2220481
6.93226 2223361
6.93644 2226241
6.94122 2229121
6.94839 2232001
6.95437 2234881
6.96034 2237761
6.96692 2240641
6.98066 2243521
6.98664 2246401
6.99261 2249281
6.99919 2252161
7.00277 2255041
7.00696 2257921
7.01532 2260801
7.02249 2263681
7.02966 2266561
7.03504 2269441
7.04102 2272321
7.04759 2275201
7.05178 2278081
7.05656 2280961
7.06194 2283841
7.06731 2286721
7.07389 2289601
7.08046 2292481
7.08524 2295361
7.09002 2298241
7.096 2301121
7.10078 2304001
7.10616 2306881
7.11154 2309761
7.11632 2312641
7.12349 2315521
7.13066 2318401
7.13723 2321281
7.1444 2324161
7.14859 2327041
7.15456 2329921
7.16054 2332801
7.16711 2335681
7.17309 2338561
7.17966 2341441
7.19221 2344321
7.19819 2347201
7.20416 2350081
7.21074 2352961
7.21492 2355841
7.2197 2358721
7.22747 2361601
7.23404 2364481
7.24002 2367361
7.246 2370241
7.25137 2373121
7.25795 2376001
7.26213 2378881
7.26691 2381761
7.27229 2384641
7.27767 2387521
7.28424 2390401
7.29082 2393281
7.29619 2396161
7.30097 2399041
7.30635 2401921
7.31173 2404801
7.31711 2407681
7.32249 2410561
7.32787 2413441
7.33504 2416321
7.34221 2419201
7.34878 2422081
7.35595 2424961
7.36014 2427841
7.36611 2430721
7.37209 2433601
7.37866 2436481
7.38524 2439361
7.39181 2442241
7.40316 2445121
7.40974 2448001
7.41512 2450881
7.42169 2453761
7.42647 2456641
7.43185 2459521
7.43962 2462401
7.44619 2465281
7.45217 2468161
7.45755 2471041
7.46233 2473921
7.4689 2476801
7.47308 2479681
7.47906 2482561
7.48384 2485441
7.48922 2488321
7.49579 2491201
7.50296 2494081
7.50834 2496961
7.51252 2499841
7.5179 2502721
7.52328 2505601
7.52866 2508481
7.53464 2511361
7.53942 2514241
7.54719 2517121
7.55376 2520001
7.56033 2522881
7.5675 2525761
7.57228 2528641
7.57886 2531521
7.58424 2534401
7.59081 2537281
7.59798 2540161
7.60456 2543041
7.61531 2545921
7.62129 2548801
7.62726 2551681
7.63384 2554561
7.63862 2557441
7.64459 2560321
7.65236 2563201
7.65894 2566081
7.66491 2568961
7.6673 2571841
7.67211 2574721
7.67686 2577601
7.68284 2580481
7.68702 2583361
7.6936 2586241
7.69778 2589121
7.70316 2592001
7.70973 2594881
7.7169 2597761
7.72288 2600641
7.72706 2603521
7.73184 2606401
7.73782 2609281
7.7426 2612161
7.74917 2615041
7.75395 2617921
7.76232 2620801
7.7683 2623681
7.77547 2626561
7.78264 2629441
7.78742 2632321
7.79399 2635201
7.79997 2638081
7.80654 2640961
7.81371 2643841
7.82089 2646721
7.83045 2649601
7.83702 2652481
7.8424 2655361
7.84897 2658241
7.85375 2661121
7.85913 2664001
7.8669 2666881
7.87288 2669761
7.87945 2672641
7.88244 2675521
7.88662 2678401
7.8914 2681281
7.89738 2684161
7.90156 2687041
7.90814 2689921
7.91232 2692801
7.91829 2695681
7.92487 2698561
7.93204 2701441
7.93802 2704321
7.9422 2707201
7.94698 2710081
7.95296 2712961
7.95833 2715841
7.96491 2718721
7.97029 2721601
7.97865 2724481
7.98523 2727361
7.9924 2730241
7.99957 2733121
8.00375 2736001
8.01092 2738881
8.0169 2741761
8.02347 2744641
8.03064 2747521
8.03781 2750401
8.04678 2753281
8.05275 2756161
8.05813 2759041
8.06471 2761921
8.06949 2764801
8.07487 2767681
8.08204 2770561
8.08801 2773441
8.09399 2776321
8.09817 2779201
8.10236 2782081
8.10714 2784961
8.11251 2787841
8.1167 2790721
8.12267 2793601
8.12745 2796481
8.13343 2799361
8.14 2802241
8.14777 2805121
8.15315 2808001
8.15793 2810881
8.16271 2813761
8.16869 2816641
8.17407 2819521
8.18004 2822401
8.18662 2825281
8.19439 2828161
8.20096 2831041
8.20813 2833921
8.2153 2836801
8.22008 2839681
8.22725 2842561
8.23323 2845441
8.2398 2848321
8.24697 2851201
8.25474 2854081
8.26191 2856961
8.26789 2859841
8.27327 2862721
8.27924 2865601
8.28462 2868481
8.29 2871361
8.29657 2874241
8.30315 2877121
8.30972 2880001
8.31391 2882881
8.31869 2885761
8.32287 2888641
8.32825 2891521
8.33303 2894401
8.33841 2897281
8.34379 2900161
8.34916 2903041
8.35574 2905921
8.36291 2908801
8.36888 2911681
8.37366 2914561
8.37904 2917441
8.38502 2920321
8.3898 2923201
8.39637 2926081
8.40354 2928961
8.41072 2931841
8.41789 2934721
8.42446 2937601
8.43163 2940481
8.43641 2943361
8.44299 2946241
8.44896 2949121
8.45613 2952001
8.4639 2954881
8.47167 2957761
8.47884 2960641
8.48422 2963521
8.4902 2966401
8.49498 2969281
8.50036 2972161
8.50573 2975041
8.51231 2977921
8.51888 2980801
8.52486 2983681
8.52904 2986561
8.53382 2989441
8.5386 2992321
8.54338 2995201
8.54876 2998081
8.55354 3000961
8.55892 3003841
8.5649 3006721
8.57147 3009601
8.57446 3012481
8.57984 3015361
8.58641 3018241
8.59179 3021121
8.59776 3024001
8.60314 3026881
8.60852 3029761
8.6145 3032641
8.62227 3035521
8.62944 3038401
8.63721 3041281
8.64378 3044161
8.65155 3047041
8.65633 3049921
8.6629 3052801
8.66888 3055681
8.67605 3058561
8.68442 3061441
8.69159 3064321
8.69816 3067201
8.70354 3070081
8.70952 3072961
8.7137 3075841
8.71908 3078721
8.72446 3081601
8.73103 3084481
8.73701 3087361
8.74238 3090241
8.74776 3093121
8.75254 3096001
8.75732 3098881
8.7621 3101761
8.76748 3104641
8.77167 3107521
8.77764 3110401
8.78362 3113281
8.78959 3116161
8.79378 3119041
8.79975 3121921
8.80692 3124801
8.8123 3127681
8.81828 3130561
8.82366 3133441
8.82963 3136321
8.83501 3139201
8.84278 3142081
8.85055 3144961
8.85772 3147841
8.86429 3150721
8.87206 3153601
8.87684 3156481
8.88342 3159361
8.8888 3162241
8.89597 3165121
8.90433 3168001
8.9115 3170881
8.91748 3173761
8.92226 3176641
8.92764 3179521
8.93302 3182401
8.9384 3185281
8.94377 3188161
8.95035 3191041
8.95573 3193921
8.9617 3196801
8.96708 3199681
8.97126 3202561
8.97664 3205441
8.98142 3208321
8.9874 3211201
8.99158 3214081
8.99756 3216961
9.00413 3219841
9.01011 3222721
9.01489 3225601
9.02206 3228481
9.02684 3231361
9.03341 3234241
9.0382 3237121
9.04417 3240001
9.05015 3242881
9.05553 3245761
9.06389 3248641
9.07106 3251521
9.07823 3254401
9.08481 3257281
9.09198 3260161
9.09676 3263041
9.10393 3265921
9.10871 3268801
9.11648 3271681
9.12425 3274561
9.13142 3277441
9.1368 3280321
9.14218 3283201
9.14756 3286081
9.15293 3288961
9.15831 3291841
9.16309 3294721
9.16967 3297601
9.17564 3300481
9.18102 3303361
9.1864 3306241
9.19058 3309121
9.19596 3312001
9.20134 3314881
9.20612 3317761
9.2115 3320641
9.21688 3323521
9.22345 3326401
9.23002 3329281
9.23421 3332161
9.24138 3335041
9.24616 3337921
9.25273 3340801
9.25751 3343681
9.26409 3346561
9.26947 3349441
9.27544 3352321
9.28321 3355201
9.29158 3358081
9.29815 3360961
9.30472 3363841
9.3119 3366721
9.31668 3369601
9.32385 3372481
9.32923 3375361
9.3364 3378241
9.34417 3381121
9.35134 3384001
9.35672 3386881
9.3615 3389761
9.36747 3392641
9.37285 3395521
9.37823 3398401
9.38241 3401281
9.38899 3404161
9.39496 3407041
9.40034 3409921
9.40572 3412801
9.4105 3415681
9.41588 3418561
9.42185 3421441
9.42663 3424321
9.43201 3427201
9.43739 3430081
9.44396 3432961
9.45054 3435841
9.45532 3438721
9.46189 3441601
9.46727 3444481
9.47325 3447361
9.47863 3450241
9.48161 3453121
9.48759 3456001
9.49297 3458881
9.49954 3461761
9.50671 3464641
9.51568 3467521
9.52225 3470401
9.52942 3473281
9.5354 3476161
9.54078 3479041
9.54735 3481921
9.55273 3484801
9.5593 3487681
9.56647 3490561
9.57364 3493441
9.57962 3496321
9.5844 3499201
9.58978 3502081
9.59516 3504961
9.60054 3507841
9.60472 3510721
9.61129 3513601
9.61727 3516481
9.62324 3519361
9.62862 3522241
9.6334 3525121
9.63878 3528001
9.64476 3530881
9.64894 3533761
9.65492 3536641
9.6597 3539521
9.66627 3542401
9.67344 3545281
9.67882 3548161
9.68539 3551041
9.69137 3553921
9.69735 3556801
9.70273 3559681
9.70631 3562561
9.71229 3565441
9.71826 3568321
9.72484 3571201
9.73141 3574081
9.74097 3576961
9.74635 3579841
9.75352 3582721
9.7595 3585601
9.76488 3588481
9.77145 3591361
9.77743 3594241
9.7834 3597121
9.78997 3600001
9.79715 3602881
9.80312 3605761
9.8079 3608641
9.81388 3611521
9.81866 3614401
9.82404 3617281
9.82882 3620161
9.83539 3623041
9.84137 3625921
9.84734 3628801
9.85272 3631681
9.8581 3634561
9.86408 3637441
9.86946 3640321
9.87364 3643201
9.87961 3646081
9.8844 3648961
9.89097 3651841
9.89814 3654721
9.90292 3657601
9.90949 3660481
9.91547 3663361
9.92204 3666241
9.92742 3669121
9.93161 3672001
9.93698 3674881
9.94296 3677761
9.95013 3680641
9.95611 3683521
9.96447 3686401
9.96985 3689281
9.97643 3692161
9.983 3695041
9.98778 3697921
9.99495 3700801
10.0009 3703681
10.0069 3706561
10.0129 3709441
10.0201 3712321
10.026 3715201
10.0314 3718081
10.0374 3720961
10.0422 3723841
10.0475 3726721
10.0523 3729601
10.0589 3732481
10.0649 3735361
10.0702 3738241
10.0762 3741121
10.0816 3744001
10.0876 3746881
10.093 3749761
10.0971 3752641
10.1031 3755521
10.1079 3758401
10.1145 3761281
10.1216 3764161
10.1264 3767041
10.133 3769921
10.139 3772801
10.1455 3775681
10.1509 3778561
10.1551 3781441
10.1605 3784321
10.1665 3787201
10.1736 3790081
10.1796 3792961
10.188 3795841
10.1934 3798721
10.1999 3801601
10.2065 3804481
10.2113 3807361
10.2185 3810241
10.2244 3813121
10.2304 3816001
10.2364 3818881
10.2436 3821761
10.2495 3824641
10.2549 3827521
10.2609 3830401
10.2657 3833281
10.271 3836161
10.2758 3839041
10.2824 3841921
10.2884 3844801
10.2938 3847681
10.2997 3850561
10.3051 3853441
10.3111 3856321
10.3165 3859201
10.3206 3862081
10.3266 3864961
10.3314 3867841
10.338 3870721
10.3451 3873601
10.3499 3876481
10.3565 3879361
10.3625 3882241
10.369 3885121
10.3744 3888001
10.3786 3890881
10.384 3893761
10.39 3896641
10.3971 3899521
10.4031 3902401
10.4115 3905281
10.4169 3908161
10.4234 3911041
10.43 3913921
10.433 3916801
10.4366 3919681
10.4432 3922561
10.4491 3925441
10.4551 3928321
10.4611 3931201
10.4682 3934081
10.4748 3936961
10.4796 3939841
10.4856 3942721
10.4904 3945601
10.4963 3948481
10.5005 3951361
10.5071 3954241
10.5131 3957121
10.5184 3960001
10.5244 3962881
10.5304 3965761
10.5358 3968641
10.5412 3971521
10.5453 3974401
10.5513 3977281
10.5567 3980161
10.5627 3983041
10.5704 3985921
10.5746 3988801
10.5812 3991681
10.5872 3994561
10.5937 3997441
10.5997 4000321
10.6033 4003201
10.6087 4006081
10.6153 4008961
10.6218 4011841
10.6284 4014721
10.6362 4017601
10.6416 4020481
10.6481 4023361
10.6553 4026241
10.6589 4029121
10.6613 4032001
10.6678 4034881
10.6738 4037761
10.6798 4040641
10.6858 4043521
10.6929 4046401
10.6995 4049281
10.7043 4052161
10.7103 4055041
10.7151 4057921
10.721 4060801
10.7258 4063681
10.7318 4066561
10.7384 4069441
10.7431 4072321
10.7491 4075201
10.7551 4078081
10.7605 4080961
10.7659 4083841
10.77 4086721
10.776 4089601
10.7814 4092481
10.7874 4095361
10.7951 4098241
10.7993 4101121
10.8059 4104001
10.8119 4106881
10.819 4109761
10.8244 4112641
10.828 4115521
10.834 4118401
10.8406 4121281
10.8471 4124161
10.8531 4127041
10.8609 4129921
10.8663 4132801
10.8728 4135681
10.88 4138561
10.8836 4141441
10.8872 4144321
10.8925 4147201
10.8973 4150081
10.9033 4152961
10.9093 4155841
10.9164 4158721
10.923 4161601
10.9278 4164481
10.9338 4167361
10.9386 4170241
10.9445 4173121
10.9493 4176001
10.9553 4178881
10.9619 4181761
10.9666 4184641
10.9726 4187521
10.9786 4190401
10.984 4193281
10.9882 4196161
10.9906 4199041
10.9935 4201921
10.9971 4204801
11.0001 4207681
11.0043 4210561
11.0067 4213441
11.0097 4216321
11.0133 4219201
11.0181 4222081
11.0235 4224961
11.0271 4227841
11.0331 4230721
11.0396 4233601
11.0464 4236481
11.0524 4239361
11.06 4242241
11.0659 4245121
11.0721 4248001
11.0791 4250881
11.0833 4253761
11.0881 4256641
11.0928 4259521
11.0965 4262401
11.1031 4265281
11.1097 4268161
11.1175 4271041
11.1234 4273921
11.1288 4276801
11.1342 4279681
11.1396 4282561
11.1467 4285441
11.1521 4288321
11.1593 4291201
11.1671 4294081
11.173 4296961
11.1778 4299841
11.182 4302721
11.1856 4305601
11.1886 4308481
11.191 4311361
11.1934 4314241
11.1967 4317121
11.1992 4320001
11.2034 4322881
11.2061 4325761
11.2088 4328641
11.2128 4331521
11.2172 4334401
11.2226 4337281
11.2262 4340161
11.2322 4343041
11.2387 4345921
11.2455 4348801
11.2515 4351681
11.2594 4354561
11.2652 4357441
11.2713 4360321
11.2785 4363201
11.2833 4366081
11.2881 4368961
11.294 4371841
11.2988 4374721
11.3054 4377601
11.309 4380481
11.3149 4383361
11.3227 4386241
11.3293 4389121
11.3347 4392001
11.3406 4394881
11.3466 4397761
11.3544 4400641
11.3598 4403521
11.3645 4406401
11.3675 4409281
11.3733 4412161
11.3781 4415041
11.3823 4417921
11.3863 4420801
11.3889 4423681
11.3913 4426561
11.3941 4429441
11.3976 4432321
11.3999 4435201
11.4037 4438081
11.4063 4440961
11.4095 4443841
11.4131 4446721
11.4178 4449601
11.4235 4452481
11.4276 4455361
11.4336 4458241
11.4395 4461121
11.4467 4464001
11.4533 4466881
11.4604 4469761
11.467 4472641
11.4742 4475521
11.4807 4478401
11.4867 4481281
11.4915 4484161
11.4981 4487041
11.5035 4489921
11.5106 4492801
11.5142 4495681
11.5208 4498561
11.5286 4501441
11.5345 4504321
11.5393 4507201
11.5429 4510081
11.5469 4512961
11.5547 4515841
11.5601 4518721
11.5648 4521601
11.5678 4524481
11.5736 4527361
11.5784 4530241
11.5826 4533121
11.5868 4536001
11.5892 4538881
11.5916 4541761
11.5951 4544641
11.5987 4547521
11.6017 4550401
11.6053 4553281
11.6089 4556161
11.6125 4559041
11.6161 4561921
11.6214 4564801
11.6274 4567681
11.6316 4570561
11.6382 4573441
11.6441 4576321
11.6513 4579201
11.6579 4582081
11.6651 4584961
11.6722 4587841
11.6794 4590721
11.6854 4593601
11.6919 4596481
11.6967 4599361
11.7033 4602241
11.7081 4605121
11.7147 4608001
11.7182 4610881
11.723 4613761
11.7293 4616641
11.7348 4619521
11.7396 4622401
11.7432 4625281
11.746 4628161
11.7538 4631041
11.7591 4633921
11.7639 4636801
11.7669 4639681
11.7734 4642561
11.7777 4645441
11.7817 4648321
11.786 4651201
11.789 4654081
11.792 4656961
11.7962 4659841
11.7998 4662721
11.8034 4665601
11.8076 4668481
11.8117 4671361
11.8153 4674241
11.8201 4677121
11.8267 4680001
11.8327 4682881
11.8374 4685761
11.844 4688641
11.8506 4691521
11.8578 4694401
11.8643 4697281
11.8703 4700161
11.8775 4703041
11.8834 4705921
11.8888 4708801
11.8954 4711681
11.9008 4714561
11.905 4717441
11.908 4720321
11.9138 4723201
11.9177 4726081
11.9221 4728961
11.9284 4731841
11.9339 4734721
11.9387 4737601
11.9423 4740481
11.9451 4743361
11.953 4746241
11.959 4749121
11.9632 4752001
11.9668 4754881
11.9725 4757761
11.9773 4760641
11.9809 4763521
11.9853 4766401
11.9889 4769281
11.9925 4772161
11.9973 4775041
12.0014 4777921
12.0056 4780801
12.0092 4783681
12.0146 4786561
12.0188 4789441
12.0236 4792321
12.0301 4795201
12.0367 4798081
12.0415 4800961
12.0469 4803841
12.0546 4806721
12.0618 4809601
12.0678 4812481
12.0738 4815361
12.0809 4818241
12.0863 4821121
12.0893 4824001
12.0949 4826881
12.0999 4829761
12.1041 4832641
12.107 4835521
12.1129 4838401
12.1168 4841281
12.1212 4844161
12.1277 4847041
12.1332 4849921
12.138 4852801
12.1422 4855681
12.1445 4858561
12.1521 4861441
12.1581 4864321
12.1623 4867201
12.1653 4870081
12.1677 4872961
12.1738 4875841
12.1786 4878721
12.1822 4881601
12.1864 4884481
12.1906 4887361
12.1942 4890241
12.1989 4893121
12.2037 4896001
12.2085 4898881
12.2127 4901761
12.2187 4904641
12.2223 4907521
12.2276 4910401
12.2348 4913281
12.2414 4916161
12.2468 4919041
12.2515 4921921
12.2593 4924801
12.2671 4927681
12.2707 4930561
12.2742 4933441
12.2812 4936321
12.2866 4939201
12.2896 4942081
12.2954 4944961
12.3006 4947841
12.3049 4950721
12.3085 4953601
12.3138 4956481
12.3179 4959361
12.3221 4962241
12.3288 4965121
12.3346 4968001
12.3393 4970881
12.343 4973761
12.3454 4976641
12.3533 4979521
12.3594 4982401
12.3642 4985281
12.3665 4988161
12.3695 4991041
12.3749 4993921
12.3797 4996801
12.3833 4999681
12.3881 5002561
12.3928 5005441
12.397 5008321
12.4018 5011201
12.4066 5014081
12.412 5016961
12.4167 5019841
12.4233 5022721
12.4275 5025601
12.4329 5028481
12.44 5031361
12.4466 5034241
12.4526 5037121
12.4556 5040001
12.4598 5042881
12.4676 5045761
12.4709 5048641
12.4745 5051521
12.4818 5054401
12.4873 5057281
12.4909 5060161
12.4963 5063041
12.5018 5065921
12.5066 5068801
12.5096 5071681
12.5144 5074561
12.5182 5077441
12.5231 5080321
12.53 5083201
12.5354 5086081
12.5407 5088961
12.5442 5091841
12.5472 5094721
12.5539 5097601
12.5604 5100481
12.5652 5103361
12.5681 5106241
12.5717 5109121
12.5777 5112001
12.5819 5114881
12.5855 5117761
12.5903 5120641
12.595 5123521
12.5998 5126401
12.6052 5129281
12.6106 5132161
12.6159 5135041
12.6219 5137921
12.6291 5140801
12.6339 5143681
12.6381 5146561
12.6422 5149441
12.6464 5152321
12.6521 5155201
12.6547 5158081
12.6589 5160961
12.6668 5163841
12.6703 5166721
12.6739 5169601
12.6819 5172481
12.6864 5175361
12.6905 5178241
12.6959 5181121
12.7011 5184001
12.7057 5186881
12.7087 5189761
12.7141 5192641
12.7183 5195521
12.7225 5198401
12.7291 5201281
12.7346 5204161
12.7399 5207041
12.7435 5209921
12.7463 5212801
12.753 5215681
12.7602 5218561
12.7644 5221441
12.7679 5224321
12.7721 5227201
12.7781 5230081
12.7817 5232961
12.7859 5235841
12.7907 5238721
12.796 5241601
12.8014 5244481
12.8074 5247361
12.8134 5250241
12.8181 5253121
12.8217 5256001
12.8282 5258881
12.833 5261761
12.8372 5264641
12.8419 5267521
12.8461 5270401
12.8512 5273281
12.8542 5276161
12.8589 5279041
12.8662 5281921
12.871 5284801
12.8746 5287681
12.881 5290561
12.886 5293441
12.8896 5296321
12.8954 5299201
12.9003 5302081
12.9057 5304961
12.9092 5307841
12.9152 5310721
12.9188 5313601
12.923 5316481
12.9284 5319361
12.9338 5322241
12.9392 5325121
12.9427 5328001
12.9469 5330881
12.9535 5333761
12.9595 5336641
12.9642 5339521
12.9684 5342401
12.9726 5345281
12.9792 5348161
12.9822 5351041
12.9876 5353921
12.9923 5356801
12.9977 5359681
13.0001 5362561
13.0025 5365441
13.0077 5368321
13.0141 5371201
13.0195 5374081
13.0232 5376961
13.0289 5379841
13.0333 5382721
13.0375 5385601
13.0433 5388481
13.0475 5391361
13.0522 5394241
13.0552 5397121
13.0606 5400001
13.0671 5402881
13.0719 5405761
13.0755 5408641
13.0816 5411521
13.087 5414401
13.0906 5417281
13.0966 5420161
13.1013 5423041
13.1067 5425921
13.1108 5428801
13.1168 5431681
13.1204 5434561
13.1246 5437441
13.1294 5440321
13.1354 5443201
13.1407 5446081
13.1437 5448961
13.1479 5451841
13.1551 5454721
13.1605 5457601
13.1655 5460481
13.1693 5463361
13.1741 5466241
13.18 5469121
13.1825 5472001
13.1882 5474881
13.1929 5477761
13.1989 5480641
13.2013 5483521
13.2043 5486401
13.2097 5489281
13.2156 5492161
13.221 5495041
13.2252 5497921
13.2306 5500801
13.2348 5503681
13.2396 5506561
13.2443 5509441
13.2491 5512321
13.2533 5515201
13.2569 5518081
13.2623 5520961
13.2682 5523841
13.2731 5526721
13.2767 5529601
13.2825 5532481
13.2879 5535361
13.2921 5538241
13.2981 5541121
13.3029 5544001
13.3077 5546881
13.3118 5549761
13.3178 5552641
13.3208 5555521
13.3256 5558401
13.3304 5561281
13.3364 5564161
13.3423 5567041
13.3447 5569921
13.3498 5572801
13.357 5575681
13.3611 5578561
13.3659 5581441
13.3696 5584321
13.3749 5587201
13.3809 5590081
13.3839 5592961
13.3887 5595841
13.3941 5598721
13.3994 5601601
13.4018 5604481
13.4054 5607361
13.4108 5610241
13.4156 5613121
13.4203 5616001
13.4245 5618881
13.4299 5621761
13.434 5624641
13.4388 5627521
13.4436 5630401
13.449 5633281
13.4537 5636161
13.4567 5639041
13.4614 5641921
13.4675 5644801
13.4723 5647681
13.4757 5650561
13.4823 5653441
13.487 5656321
13.4912 5659201
13.4978 5662081
13.5032 5664961
13.508 5667841
13.5121 5670721
13.5187 5673601
13.5223 5676481
13.5277 5679361
13.5331 5682241
13.5384 5685121
13.542 5688001
13.5444 5690881
13.5491 5693761
13.556 5696641
13.5602 5699521
13.5653 5702401
13.5692 5705281
13.5746 5708161
13.5801 5711041
13.5831 5713921
13.5885 5716801
13.5933 5719681
13.5986 5722561
13.6016 5725441
13.6052 5728321
13.6104 5731201
13.6152 5734081
13.62 5736961
13.6242 5739841
13.629 5742721
13.6331 5745601
13.6385 5748481
13.6439 5751361
13.6487 5754241
13.6534 5757121
13.657 5760001
13.6612 5762881
13.6678 5765761
13.6726 5768641
13.6767 5771521
13.6827 5774401
13.6875 5777281
13.6923 5780161
13.6995 5783041
13.7042 5785921
13.709 5788801
13.7132 5791681
13.7186 5794561
13.7219 5797441
13.7268 5800321
13.7322 5803201
13.7376 5806081
13.7417 5808961
13.7441 5811841
13.7489 5814721
13.7555 5817601
13.7593 5820481
13.7644 5823361
13.7685 5826241
13.7745 5829121
13.7792 5832001
13.7834 5834881
13.7876 5837761
13.7935 5840641
13.7983 5843521
13.8025 5846401
13.8061 5849281
13.8109 5852161
13.8151 5855041
13.8198 5857921
13.8234 5860801
13.8288 5863681
13.8336 5866561
13.839 5869441
13.842 5872321
13.8467 5875201
13.8521 5878081
13.8569 5880961
13.8611 5883841
13.8647 5886721
13.8712 5889601
13.876 5892481
13.8808 5895361
13.8862 5898241
13.891 5901121
13.8951 5904001
13.8999 5906881
13.9048 5909761
13.9099 5912641
13.9146 5915521
13.9195 5918401
13.9225 5921281
13.9271 5924161
13.9336 5927041
13.9386 5929921
13.9426 5932801
13.9456 5935681
13.9498 5938561
13.9564 5941441
13.96 5944321
13.9652 5947201
13.9694 5950081
13.9754 5952961
13.9808 5955841
13.9856 5958721
13.9897 5961601
13.9951 5964481
13.9999 5967361
14.0035 5970241
14.0077 5973121
14.0119 5976001
14.0166 5978881
14.0214 5981761
14.025 5984641
14.0304 5987521
14.0352 5990401
14.0405 5993281
14.0435 5996161
14.0489 5999041
14.0549 6001921
14.0591 6004801
14.0633 6007681
14.0674 6010561
14.0728 6013441
14.0776 6016321
14.0811 6019201
14.0871 6022081
14.0923 6024961
14.0965 6027841
14.1013 6030721
14.1055 6033601
14.1108 6036481
14.1162 6039361
14.1209 6042241
14.1239 6045121
14.1281 6048001
14.1346 6050881
14.14 6053761
14.1436 6056641
14.1478 6059521
14.152 6062401
14.1585 6065281
14.1627 6068161
14.1675 6071041
14.1717 6073921
14.1777 6076801
14.1824 6079681
14.1866 6082561
14.1914 6085441
14.1962 6088321
14.201 6091201
14.2046 6094081
14.2099 6096961
14.2141 6099841
14.2183 6102721
14.2231 6105601
14.2273 6108481
14.2321 6111361
14.2368 6114241
14.2416 6117121
14.2458 6120001
14.2506 6122881
14.2559 6125761
14.2599 6128641
14.2641 6131521
14.2677 6134401
14.2731 6137281
14.2773 6140161
14.2809 6143041
14.2874 6145921
14.2922 6148801
14.2958 6151681
14.3006 6154561
14.3048 6157441
14.3102 6160321
14.3155 6163201
14.3203 6166081
14.3242 6168961
14.3278 6171841
14.3343 6174721
14.3397 6177601
14.3439 6180481
14.3475 6183361
14.3523 6186241
14.3577 6189121
14.3619 6192001
14.3673 6194881
14.3715 6197761
14.3768 6200641
14.3817 6203521
14.3865 6206401
14.3913 6209281
14.3955 6212161
14.4002 6215041
14.4044 6217921
14.4096 6220801
14.4144 6223681
14.4192 6226561
14.4234 6229441
14.4276 6232321
14.4329 6235201
14.4365 6238081
14.4407 6240961
14.4449 6243841
14.4503 6246721
14.4563 6249601
14.4598 6252481
14.464 6255361
14.4682 6258241
14.4736 6261121
14.4778 6264001
14.4814 6266881
14.4885 6269761
14.4927 6272641
14.4969 6275521
14.5011 6278401
14.5053 6281281
14.5106 6284161
14.5166 6287041
14.5208 6289921
14.5244 6292801
14.528 6295681
14.5345 6298561
14.5393 6301441
14.5435 6304321
14.5471 6307201
14.5519 6310081
14.5569 6312961
14.5617 6315841
14.5665 6318721
14.5707 6321601
14.5766 6324481
14.5809 6327361
14.5857 6330241
14.5905 6333121
14.5959 6336001
14.6 6338881
14.6048 6341761
14.6102 6344641
14.6144 6347521
14.6185 6350401
14.6227 6353281
14.6269 6356161
14.6322 6359041
14.6358 6361921
14.64 6364801
14.6442 6367681
14.6502 6370561
14.6555 6373441
14.6597 6376321
14.6638 6379201
14.6686 6382081
14.674 6384961
14.6782 6387841
14.6824 6390721
14.6848 6393601
14.6901 6396481
14.6943 6399361
14.6991 6402241
14.7033 6405121
14.7075 6408001
14.7128 6410881
14.7182 6413761
14.7224 6416641
14.7266 6419521
14.7308 6422401
14.7361 6425281
14.7421 6428161
14.7463 6431041
14.7505 6433921
14.7553 6436801
14.76 6439681
14.7642 6442561
14.7696 6445441
14.7744 6448321
14.7798 6451201
14.784 6454081
14.7888 6456961
14.7935 6459841
14.7977 6462721
14.8019 6465601
14.8061 6468481
14.8108 6471361
14.815 6474241
14.8192 6477121
14.8234 6480001
14.8282 6482881
14.8332 6485761
14.8368 6488641
14.841 6491521
14.8458 6494401
14.8518 6497281
14.8577 6500161
14.8619 6503041
14.8655 6505921
14.8703 6508801
14.8757 6511681
14.8798 6514561
14.884 6517441
14.887 6520321
14.8924 6523201
14.8972 6526081
14.9025 6528961
14.9061 6531841
14.9103 6534721
14.9157 6537601
14.9211 6540481
14.9253 6543361
14.9294 6546241
14.9336 6549121
14.9396 6552001
14.9444 6554881
14.9492 6557761
14.9533 6560641
14.9587 6563521
14.9635 6566401
14.9671 6569281
14.9731 6572161
14.9766 6575041
14.9814 6577921
14.9862 6580801
14.9904 6583681
14.9952 6586561
14.9988 6589441
15.0029 6592321
15.0077 6595201
15.0125 6598081
15.0167 6600961
15.0209 6603841
15.0251 6606721
15.0304 6609601
15.0352 6612481
15.0394 6615361
15.0436 6618241
15.049 6621121
15.0537 6624001
15.0597 6626881
15.0639 6629761
15.0675 6632641
15.0729 6635521
15.0782 6638401
15.0824 6641281
15.0866 6644161
15.0902 6647041
15.0956 6649921
15.1004 6652801
15.1045 6655681
15.1081 6658561
15.1123 6661441
15.1177 6664321
15.1231 6667201
15.1278 6670081
15.1314 6672961
15.1356 6675841
15.1416 6678721
15.1464 6681601
15.1511 6684481
15.1553 6687361
15.1601 6690241
15.1649 6693121
15.1685 6696001
15.1739 6698881
15.1774 6701761
15.1816 6704641
15.187 6707521
15.1912 6710401
15.1966 6713281
15.2002 6716161
15.2043 6719041
15.2097 6721921
15.2145 6724801
15.2199 6727681
15.2235 6730561
15.2282 6733441
15.2336 6736321
15.2384 6739201
15.2426 6742081
15.2462 6744961
15.2515 6747841
15.2563 6750721
15.2623 6753601
15.2659 6756481
15.2695 6759361
15.2754 6762241
15.2802 6765121
15.2844 6768001
15.2886 6770881
15.2928 6773761
15.2982 6776641
15.3029 6779521
15.3065 6782401
15.3101 6785281
15.3143 6788161
15.3197 6791041
15.325 6793921
15.3292 6796801
15.3334 6799681
15.3376 6802561
15.3436 6805441
15.349 6808321
15.3537 6811201
15.3579 6814081
15.3621 6816961
15.3675 6819841
15.3711 6822721
15.3758 6825601
15.38 6828481
15.3842 6831361
15.3896 6834241
15.3944 6837121
15.3992 6840001
15.4039 6842881
15.4075 6845761
15.4129 6848641
15.4177 6851521
15.4231 6854401
15.4266 6857281
15.4308 6860161
15.4368 6863041
15.4416 6865921
15.4458 6868801
15.4499 6871681
15.4541 6874561
15.4589 6877441
15.4649 6880321
15.4685 6883201
15.4721 6886081
15.478 6888961
15.4828 6891841
15.4864 6894721
15.4912 6897601
15.4954 6900481
15.5007 6903361
15.5061 6906241
15.5097 6909121
15.5133 6912001
15.5163 6914881
15.5199 6917761
15.5246 6920641
15.53 6923521
15.5336 6926401
15.5384 6929281
15.5426 6932161
15.5486 6935041
15.5533 6937921
15.5581 6940801
15.5623 6943681
15.5671 6946561
15.5725 6949441
15.576 6952321
15.5808 6955201
15.585 6958081
15.5898 6960961
15.5946 6963841
15.5999 6966721
15.6047 6969601
15.6095 6972481
15.6131 6975361
15.6185 6978241
15.6238 6981121
15.6292 6984001
15.6328 6986881
15.6364 6989761
15.6424 6992641
15.6478 6995521
15.6513 6998401
15.6555 7001281
15.6597 7004161
15.6645 7007041
15.6705 7009921
15.6746 7012801
15.6782 7015681
15.6836 7018561
15.6884 7021441
15.6926 7024321
15.6968 7027201
15.7009 7030081
15.7063 7032961
15.7117 7035841
15.7159 7038721
15.7189 7041601
15.7225 7044481
15.7266 7047361
15.7308 7050241
15.7362 7053121
15.7404 7056001
15.7446 7058881
15.7493 7061761
15.7547 7064641
15.7589 7067521
15.7637 7070401
15.7691 7073281
15.7738 7076161
15.7786 7079041
15.7822 7081921
15.787 7084801
15.7918 7087681
15.796 7090561
15.8013 7093441
15.8067 7096321
15.8115 7099201
15.8157 7102081
15.8193 7104961
15.8252 7107841
15.8306 7110721
15.8348 7113601
15.839 7116481
15.8432 7119361
15.8491 7122241
15.8539 7125121
15.8575 7128001
15.8623 7130881
15.8665 7133761
15.8707 7136641
15.8766 7139521
15.8802 7142401
15.8838 7145281
15.8892 7148161
15.894 7151041
15.8981 7153921
15.9029 7156801
15.9065 7159681
15.9119 7162561
15.9173 7165441
15.9215 7168321
15.9244 7171201
15.9286 7174081
15.9328 7176961
15.937 7179841
15.9412 7182721
15.9466 7185601
15.9513 7188481
15.9561 7191361
15.9603 7194241
15.9645 7197121
15.9687 7200001
15.9746 7202881
15.9788 7205761
15.9842 7208641
15.9884 7211521
15.9932 7214401
15.9985 7217281
16.0027 7220161
16.0087 7223041
16.0135 7225921
16.0183 7228801
16.0224 7231681
16.0266 7234561
16.032 7237441
16.0374 7240321
16.041 7243201
16.0458 7246081
16.0499 7248961
16.0553 7251841
16.0601 7254721
16.0637 7257601
16.0685 7260481
16.0732 7263361
16.0774 7266241
16.0828 7269121
16.0864 7272001
16.0894 7274881
16.0954 7277761
16.0995 7280641
16.1037 7283521
16.1085 7286401
16.1127 7289281
16.1175 7292161
16.1228 7295041
16.127 7297921
16.1306 7300801
16.1354 7303681
16.1396 7306561
16.1432 7309441
16.1473 7312321
16.1527 7315201
16.1581 7318081
16.1629 7320961
16.1671 7323841
16.1712 7326721
16.1754 7329601
16.1814 7332481
16.185 7335361
16.191 7338241
16.1958 7341121
16.1999 7344001
16.2053 7346881
16.2095 7349761
16.2149 7352641
16.2203 7355521
16.2244 7358401
16.2286 7361281
16.2328 7364161
16.2382 7367041
16.2436 7369921
16.2477 7372801
16.2519 7375681
16.2561 7378561
16.2615 7381441
16.2657 7384321
16.2699 7387201
16.274 7390081
16.2794 7392961
16.283 7395841
16.289 7398721
16.2926 7401601
16.2955 7404481
16.3015 7407361
16.3057 7410241
16.3099 7413121
16.3147 7416001
16.3195 7418881
16.3242 7421761
16.329 7424641
16.3338 7427521
16.3374 7430401
16.3422 7433281
16.3469 7436161
16.3505 7439041
16.3547 7441921
16.3601 7444801
16.3649 7447681
16.3697 7450561
16.3744 7453441
16.3786 7456321
16.3834 7459201
16.3888 7462081
16.393 7464961
16.3983 7467841
16.4013 7470721
16.4055 7473601
16.4097 7476481
16.4151 7479361
16.4199 7482241
16.4246 7485121
16.43 7488001
16.4342 7490881
16.4384 7493761
16.4426 7496641
16.4479 7499521
16.4533 7502401
16.4569 7505281
16.4611 7508161
16.4653 7511041
16.4706 7513921
16.4754 7516801
16.4796 7519681
16.4838 7522561
16.4892 7525441
16.4928 7528321
16.4981 7531201
16.5023 7534081
16.5059 7536961
16.5107 7539841
16.5155 7542721
16.5196 7545601
16.5245 7548481
16.5292 7551361
16.534 7554241
16.5382 7557121
16.543 7560001
16.5471 7562881
16.5513 7565761
16.5561 7568641
16.5603 7571521
16.5639 7574401
16.5698 7577281
16.5746 7580161
16.5794 7583041
16.5842 7585921
16.5878 7588801
16.5926 7591681
16.5985 7594561
16.6027 7597441
16.6075 7600321
16.6111 7603201
16.6153 7606081
16.6194 7608961
16.6248 7611841
16.629 7614721
16.6344 7617601
16.6404 7620481
16.6439 7623361
16.6481 7626241
16.6529 7629121
16.6583 7632001
16.6637 7634881
16.6679 7637761
16.6714 7640641
16.6762 7643521
16.681 7646401
16.6852 7649281
16.6894 7652161
16.6936 7655041
16.6995 7657921
16.7025 7660801
16.7079 7663681
16.7121 7666561
16.7157 7669441
16.721 7672321
16.7252 7675201
16.73 7678081
16.7342 7680961
16.739 7683841
16.7437 7686721
16.7479 7689601
16.7533 7692481
16.7575 7695361
16.7617 7698241
16.7665 7701121
16.77 7704001
16.7742 7706881
16.7796 7709761
16.7856 7712641
16.7904 7715521
16.7957 7718401
16.7987 7721281
16.8035 7724161
16.8101 7727041
16.8137 7729921
16.8184 7732801
16.8226 7735681
16.8274 7738561
16.8316 7741441
16.8364 7744321
16.8406 7747201
16.8441 7750081
16.8507 7752961
16.8543 7755841
16.8579 7758721
16.8633 7761601
16.868 7764481
16.8728 7767361
16.877 7770241
16.8812 7773121
16.886 7776001
16.8902 7778881
16.8943 7781761
16.8991 7784641
16.9033 7787521
16.9093 7790401
16.9129 7793281
16.9177 7796161
16.9218 7799041
16.9254 7801921
16.9302 7804801
16.935 7807681
16.9392 7810561
16.9445 7813441
16.9487 7816321
16.9535 7819201
16.9577 7822081
16.9625 7824961
16.9678 7827841
16.9726 7830721
16.978 7833601
16.9816 7836481
16.9858 7839361
16.9912 7842241
16.9965 7845121
17.0007 7848001
17.0061 7850881
17.0097 7853761
17.0151 7856641
17.021 7859521
17.0246 7862401
17.0294 7865281
17.0336 7868161
17.0378 7871041
17.042 7873921
17.0467 7876801
17.0509 7879681
17.0551 7882561
17.0611 7885441
17.0647 7888321
17.0688 7891201
17.0742 7894081
17.0784 7896961
17.0826 7899841
17.0874 7902721
17.091 7905601
17.0963 7908481
17.1005 7911361
17.1047 7914241
17.1095 7917121
17.1137 7920001
17.119 7922881
17.1232 7925761
17.128 7928641
17.1328 7931521
17.1358 7934401
17.1412 7937281
17.1453 7940161
17.1495 7943041
17.1555 7945921
17.1591 7948801
17.1639 7951681
17.1686 7954561
17.174 7957441
17.1794 7960321
17.1842 7963201
17.1896 7966081
17.1937 7968961
17.1973 7971841
17.2027 7974721
17.2081 7977601
17.2123 7980481
17.217 7983361
17.2206 7986241
17.226 7989121
17.232 7992001
17.2362 7994881
17.2404 7997761
17.2445 8000641
17.2487 8003521
17.2529 8006401
17.2571 8009281
17.2613 8012161
17.2661 8015041
17.2714 8017921
17.2756 8020801
17.2798 8023681
17.2828 8026561
17.287 8029441
17.2917 8032321
17.2959 8035201
17.3007 8038081
17.3043 8040961
17.3103 8043841
17.3145 8046721
17.3186 8049601
17.3234 8052481
17.327 8055361
17.3324 8058241
17.3372 8061121
17.3419 8064001
17.3467 8066881
17.3497 8069761
17.3551 8072641
17.3593 8075521
17.3635 8078401
17.37 8081281
17.373 8084161
17.3778 8087041
17.3832 8089921
17.3886 8092801
17.3933 8095681
17.3987 8098561
17.4035 8101441
17.4071 8104321
17.4113 8107201
17.4166 8110081
17.4214 8112961
17.4262 8115841
17.431 8118721
17.4346 8121601
17.4394 8124481
17.4447 8127361
17.4489 8130241
17.4537 8133121
17.4579 8136001
17.4627 8138881
17.4662 8141761
17.471 8144641
17.4746 8147521
17.48 8150401
17.4842 8153281
17.489 8156161
17.4931 8159041
17.4961 8161921
17.5009 8164801
17.5057 8167681
17.5099 8170561
17.5141 8173441
17.5183 8176321
17.5242 8179201
17.5284 8182081
17.532 8184961
17.5374 8187841
17.5409 8190721
17.5463 8193601
17.5511 8196481
17.5559 8199361
17.5613 8202241
17.5648 8205121
17.5702 8208001
17.5744 8210881
17.5786 8213761
17.5846 8216641
17.5876 8219521
17.5929 8222401
17.5983 8225281
17.6031 8228161
17.6079 8231041
17.6133 8233921
17.618 8236801
17.6222 8239681
17.6258 8242561
17.6312 8245441
17.6366 8248321
17.6413 8251201
17.6461 8254081
17.6497 8256961
17.6545 8259841
17.6593 8262721
17.6635 8265601
17.6688 8268481
17.6724 8271361
17.6772 8274241
17.6808 8277121
17.685 8280001
17.6892 8282881
17.6945 8285761
17.6987 8288641
17.7041 8291521
17.7083 8294401
17.7113 8297281
17.7166 8300161
17.7208 8303041
17.7238 8305921
17.7286 8308801
17.7322 8311681
17.7376 8314561
17.7417 8317441
17.7459 8320321
17.7513 8323201
17.7555 8326081
17.7609 8328961
17.7656 8331841
17.771 8334721
17.7758 8337601
17.78 8340481
17.7848 8343361
17.7889 8346241
17.7931 8349121
17.7997 8352001
17.8027 8354881
17.8081 8357761
17.8129 8360641
17.8176 8363521
17.8224 8366401
17.8278 8369281
17.832 8372161
17.8368 8375041
17.8403 8377921
17.8451 8380801
17.8505 8383681
17.8559 8386561
17.8601 8389441
17.8642 8392321
17.869 8395201
17.8732 8398081
17.8774 8400961
17.8822 8403841
17.8858 8406721
17.8905 8409601
17.8941 8412481
17.8983 8415361
17.9025 8418241
17.9085 8421121
17.9127 8424001
17.9174 8426881
17.9216 8429761
17.9246 8432641
17.93 8435521
17.9348 8438401
17.9383 8441281
17.9431 8444161
17.9473 8447041
17.9521 8449921
17.9569 8452801
17.9611 8455681
17.9664 8458561
17.9706 8461441
17.9754 8464321
17.9808 8467201
17.9862 8470081
17.9915 8472961
17.9957 8475841
18.0005 8478721
18.0041 8481601
18.0083 8484481
18.0154 8487361
18.0184 8490241
18.0238 8493121
18.028 8496001
18.0334 8498881
18.0376 8501761
18.0435 8504641
18.0471 8507521
18.0519 8510401
18.0555 8513281
18.0603 8516161
18.065 8519041
18.071 8521921
18.0752 8524801
18.0794 8527681
18.0842 8530561
18.0877 8533441
18.0919 8536321
18.0967 8539201
18.1015 8542081
18.1057 8544961
18.1093 8547841
18.1134 8550721
18.1176 8553601
18.1236 8556481
18.1278 8559361
18.1326 8562241
18.1368 8565121
18.1403 8568001
18.1451 8570881
18.1499 8573761
18.1535 8576641
18.1583 8579521
18.1619 8582401
18.1648 8585281
18.169 8588161
18.1744 8591041
18.1786 8593921
18.1846 8596801
18.1887 8599681
18.1929 8602561
18.1983 8605441
18.2037 8608321
18.2091 8611201
18.2132 8614081
18.2174 8616961
18.2216 8619841
18.2258 8622721
18.233 8625601
18.236 8628481
18.2413 8631361
18.2455 8634241
18.2509 8637121
18.2545 8640001
18.2605 8642881
18.2646 8645761
18.2688 8648641
18.273 8651521
18.2778 8654401
18.2826 8657281
18.2885 8660161
18.2927 8663041
18.2975 8665921
18.3023 8668801
18.3053 8671681
18.3095 8674561
18.3142 8677441
18.319 8680321
18.3232 8683201
18.3268 8686081
18.331 8688961
18.3352 8691841
18.3405 8694721
18.3447 8697601
18.3495 8700481
18.3537 8703361
18.3573 8706241
18.3626 8709121
18.368 8712001
18.371 8714881
18.3764 8717761
18.38 8720641
18.3836 8723521
18.3871 8726401
18.3925 8729281
18.3973 8732161
18.4033 8735041
18.4081 8737921
18.4122 8740801
18.417 8743681
18.4218 8746561
18.4278 8749441
18.4314 8752321
18.4361 8755201
18.4409 8758081
18.4451 8760961
18.4517 8763841
18.4559 8766721
18.4607 8769601
18.4648 8772481
18.4696 8775361
18.4732 8778241
18.4786 8781121
18.4834 8784001
18.4875 8786881
18.4923 8789761
18.4965 8792641
18.5013 8795521
18.5067 8798401
18.5108 8801281
18.515 8804161
18.5198 8807041
18.5234 8809921
18.5276 8812801
18.5324 8815681
18.5371 8818561
18.5413 8821441
18.5449 8824321
18.5497 8827201
18.5533 8830081
18.5587 8832961
18.5628 8835841
18.567 8838721
18.5712 8841601
18.5754 8844481
18.5802 8847361
18.5861 8850241
18.5891 8853121
18.5945 8856001
18.5987 8858881
18.6029 8861761
18.6071 8864641
18.6124 8867521
18.6166 8870401
18.6226 8873281
18.6274 8876161
18.6322 8879041
18.6357 8881921
18.6405 8884801
18.6465 8887681
18.6501 8890561
18.6549 8893441
18.6597 8896321
18.6638 8899201
18.6704 8902081
18.6752 8904961
18.6788 8907841
18.6836 8910721
18.6883 8913601
18.6919 8916481
18.6973 8919361
18.7015 8922241
18.7057 8925121
18.7104 8928001
18.7146 8930881
18.7194 8933761
18.7242 8936641
18.7284 8939521
18.7326 8942401
18.7367 8945281
18.7409 8948161
18.7463 8951041
18.7505 8953921
18.7553 8956801
18.7595 8959681
18.763 8962561
18.7678 8965441
18.7714 8968321
18.7762 8971201
18.7804 8974081
18.7851 8976961
18.7893 8979841
18.7947 8982721
18.7995 8985601
18.8043 8988481
18.8085 8991361
18.8138 8994241
18.8186 8997121
18.8222 9000001
18.8264 9002881
18.8318 9005761
18.8359 9008641
18.8419 9011521
18.8467 9014401
18.8515 9017281
18.8551 9020161
18.8598 9023041
18.8658 9025921
18.8694 9028801
18.8742 9031681
18.8784 9034561
18.8826 9037441
18.8891 9040321
18.8933 9043201
18.8975 9046081
18.9017 9048961
18.9071 9051841
18.9106 9054721
18.916 9057601
18.9202 9060481
18.9238 9063361
18.9292 9066241
18.9334 9069121
18.9375 9072001
18.9423 9074881
18.9465 9077761
18.9507 9080641
18.9549 9083521
18.9596 9086401
18.965 9089281
18.9692 9092161
18.974 9095041
18.9782 9097921
18.9818 9100801
18.9859 9103681
18.9895 9106561
18.9949 9109441
18.9997 9112321
19.0045 9115201
19.0086 9118081
19.0146 9120961
19.0194 9123841
19.0236 9126721
19.0278 9129601
19.0332 9132481
19.0379 9135361
19.0415 9138241
19.0457 9141121
19.0511 9144001
19.0559 9146881
19.0612 9149761
19.0666 9152641
19.0708 9155521
19.0744 9158401
19.0792 9161281
19.0845 9164161
19.0887 9167041
19.0941 9169921
19.0977 9172801
19.1025 9175681
19.1055 9178561
19.1102 9181441
19.1144 9184321
19.1186 9187201
19.1228 9190081
19.1276 9192961
19.1318 9195841
19.1365 9198721
19.1419 9201601
19.1449 9204481
19.1497 9207361
19.1539 9210241
19.1592 9213121
19.1634 9216001
19.1676 9218881
19.1724 9221761
19.1766 9224641
19.1814 9227521
19.1862 9230401
19.1897 9233281
19.1957 9236161
19.1993 9239041
19.2029 9241921
19.2071 9244801
19.2112 9247681
19.2172 9250561
19.2214 9253441
19.2262 9256321
19.231 9259201
19.2369 9262081
19.2417 9264961
19.2459 9267841
19.2501 9270721
19.2549 9273601
19.2602 9276481
19.2644 9279361
19.268 9282241
19.2734 9285121
19.2776 9288001
19.2829 9290881
19.2883 9293761
19.2925 9296641
19.2961 9299521
19.3015 9302401
19.3063 9305281
19.3104 9308161
19.3152 9311041
19.3194 9313921
19.3242 9316801
19.3272 9319681
19.3319 9322561
19.3355 9325441
19.3409 9328321
19.3451 9331201
19.3505 9334081
19.3547 9336961
19.3594 9339841
19.3648 9342721
19.3678 9345601
19.3726 9348481
19.3768 9351361
19.3821 9354241
19.3857 9357121
19.3905 9360001
19.3953 9362881
19.3995 9365761
19.4037 9368641
19.4084 9371521
19.412 9374401
19.418 9377281
19.4216 9380161
19.4258 9383041
19.4306 9385921
19.4347 9388801
19.4401 9391681
19.4443 9394561
19.4491 9397441
19.4545 9400321
19.4592 9403201
19.464 9406081
19.4682 9408961
19.473 9411841
19.4784 9414721
19.4825 9417601
19.4873 9420481
19.4909 9423361
19.4957 9426241
19.5005 9429121
19.5059 9432001
19.5106 9434881
19.5154 9437761
19.519 9440641
19.5244 9443521
19.5292 9446401
19.5333 9449281
19.5381 9452161
19.5423 9455041
19.5465 9457921
19.5501 9460801
19.5549 9463681
19.559 9466561
19.5638 9469441
19.568 9472321
19.5734 9475201
19.577 9478081
19.5811 9480961
19.5859 9483841
19.5895 9486721
19.5949 9489601
19.5979 9492481
19.6027 9495361
19.6068 9498241
19.611 9501121
19.617 9504001
19.6212 9506881
19.6254 9509761
19.6302 9512641
19.6343 9515521
19.6397 9518401
19.6439 9521281
19.6487 9524161
19.6535 9527041
19.6576 9529921
19.663 9532801
19.6672 9535681
19.6714 9538561
19.6774 9541441
19.6827 9544321
19.6869 9547201
19.6917 9550081
19.6959 9552961
19.7013 9555841
19.7054 9558721
19.7108 9561601
19.7144 9564481
19.7192 9567361
19.724 9570241
19.7288 9573121
19.7335 9576001
19.7383 9578881
19.7425 9581761
19.7467 9584641
19.7521 9587521
19.7556 9590401
19.761 9593281
19.7652 9596161
19.7694 9599041
19.773 9601921
19.7772 9604801
19.7813 9607681
19.7867 9610561
19.7909 9613441
19.7957 9616321
19.7999 9619201
19.8035 9622081
19.8082 9624961
19.8118 9627841
19.8172 9630721
19.8202 9633601
19.825 9636481
19.8286 9639361
19.8339 9642241
19.8393 9645121
19.8435 9648001
19.8489 9650881
19.8531 9653761
19.8578 9656641
19.8626 9659521
19.8668 9662401
19.8722 9665281
19.877 9668161
19.8805 9671041
19.8859 9673921
19.8901 9676801
19.8949 9679681
19.9009 9682561
19.9062 9685441
19.9104 9688321
19.9152 9691201
19.9194 9694081
19.9248 9696961
19.9284 9699841
19.9337 9702721
19.9373 9705601
19.9415 9708481
19.9469 9711361
19.9511 9714241
19.9558 9717121
19.9612 9720001
19.966 9722881
19.9696 9725761
19.9744 9728641
19.978 9731521
19.9833 9734401
19.9875 9737281
19.9911 9740161
19.9953 9743041
19.9995 9745921
20.0037 9748801
20.0084 9751681
20.0126 9754561
20.0186 9757441
20.0222 9760321
20.0258 9763201
20.0305 9766081
20.0341 9768961
20.0371 9771841
20.0419 9774721
20.0449 9777601
20.0497 9780481
20.0533 9783361
20.0592 9786241
20.064 9789121
20.0682 9792001
20.0736 9794881
20.0778 9797761
20.0831 9800641
20.0873 9803521
20.0915 9806401
20.0969 9809281
20.1017 9812161
20.1052 9815041
20.1112 9817921
20.1154 9820801
20.1202 9823681
20.1256 9826561
20.1309 9829441
20.1351 9832321
20.1399 9835201
20.1441 9838081
20.1495 9840961
20.1531 9843841
20.1584 9846721
20.162 9849601
20.1668 9852481
20.1716 9855361
20.1758 9858241
20.1805 9861121
20.1859 9864001
20.1907 9866881
20.1943 9869761
20.1991 9872641
20.2027 9875521
20.208 9878401
20.2122 9881281
20.2164 9884161
20.22 9887041
20.2242 9889921
20.2283 9892801
20.2331 9895681
20.2373 9898561
20.2427 9901441
20.2463 9904321
20.2505 9907201
20.2552 9910081
20.2588 9912961
20.2624 9915841
20.2666 9918721
20.2702 9921601
20.2744 9924481
20.2779 9927361
20.2839 9930241
20.2887 9933121
20.2929 9936001
20.2983 9938881
20.3025 9941761
20.3078 9944641
20.312 9947521
20.3162 9950401
20.3216 9953281
20.3264 9956161
20.3299 9959041
20.3359 9961921
20.3401 9964801
20.3449 9967681
20.3509 9970561
20.3556 9973441
20.3598 9976321
20.3646 9979201
20.3688 9982081
20.3742 9984961
20.3783 9987841
20.3831 9990721
20.3867 9993601
20.3915 9996481
20.3963 9999361
20.4005 10002241
20.4052 10005121
20.4106 10008001
20.416 10010881
20.419 10013761
20.4238 10016641
20.4273 10019521
20.4327 10022401
20.4369 10025281
20.4411 10028161
20.4447 10031041
20.4489 10033921
20.453 10036801
20.4578 10039681
20.462 10042561
20.4674 10045441
20.471 10048321
20.4752 10051201
20.4799 10054081
20.4835 10056961
20.4871 10059841
20.4913 10062721
20.4949 10065601
20.4997 10068481
20.502 10071361
20.5074 10074241
20.5122 10077121
20.5164 10080001
20.5218 10082881
20.526 10085761
20.5313 10088641
20.5355 10091521
20.5397 10094401
20.5451 10097281
20.5499 10100161
20.5534 10103041
20.5594 10105921
20.5636 10108801
20.5684 10111681
20.5744 10114561
20.5791 10117441
20.5833 10120321
20.5881 10123201
20.5923 10126081
20.5977 10128961
20.6018 10131841
20.6066 10134721
20.6102 10137601
20.615 10140481
20.6198 10143361
20.624 10146241
20.6287 10149121
20.6341 10152001
20.6395 10154881
20.6425 10157761
20.6473 10160641
20.6509 10163521
20.6562 10166401
20.6598 10169281
20.664 10172161
20.6676 10175041
20.6724 10177921
20.6765 10180801
20.6813 10183681
20.6855 10186561
20.6909 10189441
20.6945 10192321
20.6987 10195201
20.7034 10198081
20.707 10200961
20.7106 10203841
20.7148 10206721
20.7184 10209601
20.7232 10212481
20.7256 10215361
20.7309 10218241
20.7357 10221121
20.7399 10224001
20.7453 10226881
20.7495 10229761
20.7548 10232641
20.759 10235521
20.7632 10238401
20.7662 10241281
20.7692 10244161
20.7716 10247041
20.7746 10249921
20.7769 10252801
20.7793 10255681
20.7823 10258561
20.7847 10261441
20.7877 10264321
20.7901 10267201
20.7925 10270081
20.7968 10272961
20.8009 10275841
20.8058 10278721
20.8094 10281601
20.8141 10284481
20.819 10287361
20.8232 10290241
20.8278 10293121
20.8332 10296001
20.8393 10298881
20.8417 10301761
20.8471 10304641
20.8513 10307521
20.8554 10310401
20.8596 10313281
20.8638 10316161
20.8686 10319041
20.8734 10321921
20.8775 10324801
20.8817 10327681
20.8859 10330561
20.8925 10333441
20.8955 10336321
20.9003 10339201
20.9044 10342081
20.908 10344961
20.9116 10347841
20.9146 10350721
20.9175 10353601
20.9224 10356481
20.9248 10359361
20.93 10362241
20.9348 10365121
20.9372 10368001
20.9402 10370881
20.9456 10373761
20.9499 10376641
20.9551 10379521
20.9594 10382401
20.9635 10385281
20.9678 10388161
20.9714 10391041
20.9744 10393921
20.9786 10396801
20.9821 10399681
20.9845 10402561
20.9881 10405441
20.9905 10408321
20.9941 10411201
20.9971 10414081
21.0001 10416961
21.0037 10419841
21.0078 10422721
21.012 10425601
21.0162 10428481
21.0204 10431361
21.0246 10434241
21.0294 10437121
21.0335 10440001
21.0395 10442881
21.0449 10445761
21.0479 10448641
21.0533 10451521
21.0574 10454401
21.0616 10457281
21.0646 10460161
21.067 10463041
21.07 10465921
21.0737 10468801
21.078 10471681
21.082 10474561
21.0862 10477441
21.0928 10480321
21.0959 10483201
21.1007 10486081
21.1047 10488961
21.1084 10491841
21.1126 10494721
21.1156 10497601
21.118 10500481
21.1227 10503361
21.1262 10506241
21.1316 10509121
21.1364 10512001
21.1394 10514881
21.1436 10517761
21.1496 10520641
21.1531 10523521
21.1591 10526401
21.1639 10529281
21.1681 10532161
21.1723 10535041
21.1764 10537921
21.1788 10540801
21.183 10543681
21.1866 10546561
21.1896 10549441
21.1938 10552321
21.1962 10555201
21.1997 10558081
21.2039 10560961
21.2069 10563841
21.2105 10566721
21.2141 10569601
21.2165 10572481
21.2195 10575361
21.2225 10578241
21.2249 10581121
21.2298 10584001
21.2338 10586881
21.2399 10589761
21.2452 10592641
21.2483 10595521
21.2539 10598401
21.2581 10601281
21.2623 10604161
21.2659 10607041
21.2683 10609921
21.2712 10612801
21.2754 10615681
21.2796 10618561
21.2832 10621441
21.2873 10624321
21.2944 10627201
21.2968 10630081
21.3016 10632961
21.3058 10635841
21.31 10638721
21.3148 10641601
21.3189 10644481
21.3225 10647361
21.3273 10650241
21.3315 10653121
21.3363 10656001
21.3411 10658881
21.3446 10661761
21.3488 10664641
21.3548 10667521
21.3572 10670401
21.362 10673281
21.3644 10676161
21.3672 10679041
21.3714 10681921
21.3755 10684801
21.3779 10687681
21.3821 10690561
21.3857 10693441
21.3887 10696321
21.3929 10699201
21.3953 10702081
21.3988 10704961
21.4036 10707841
21.4072 10710721
21.4108 10713601
21.4144 10716481
21.4168 10719361
21.4192 10722241
21.4227 10725121
21.4251 10728001
21.4305 10730881
21.4353 10733761
21.4401 10736641
21.4443 10739521
21.4479 10742401
21.4537 10745281
21.4579 10748161
21.462 10751041
21.4656 10753921
21.468 10756801
21.471 10759681
21.4752 10762561
21.4794 10765441
21.4836 10768321
21.4877 10771201
21.4943 10774081
21.4979 10776961
21.5021 10779841
21.5063 10782721
21.5092 10785601
21.514 10788481
21.518 10791361
21.5216 10794241
21.5264 10797121
21.5306 10800001
21.5354 10802881
21.5403 10805761
21.5443 10808641
21.5485 10811521
21.5539 10814401
21.5563 10817281
21.5617 10820161
21.5641 10823041
21.5664 10825921
21.5712 10828801
21.576 10831681
21.5784 10834561
21.5832 10837441
21.5874 10840321
21.5909 10843201
21.5951 10846081
21.5981 10848961
21.6011 10851841
21.6053 10854721
21.6095 10857601
21.6137 10860481
21.6172 10863361
21.6202 10866241
21.6232 10869121
21.6268 10872001
21.6298 10874881
21.6346 10877761
21.6393 10880641
21.6447 10883521
21.6489 10886401
21.6525 10889281
21.6567 10892161
21.6597 10895041
21.6621 10897921
21.665 10900801
21.6674 10903681
21.6701 10906561
21.6744 10909441
21.6786 10912321
21.6828 10915201
21.6868 10918081
21.6934 10920961
21.697 10923841
21.7012 10926721
21.7059 10929601
21.7089 10932481
21.7132 10935361
21.7174 10938241
21.7209 10941121
21.7262 10944001
21.7297 10946881
21.7346 10949761
21.74 10952641
21.7434 10955521
21.7483 10958401
21.7537 10961281
21.7567 10964161
21.7615 10967041
21.7645 10969921
21.7669 10972801
21.771 10975681
21.7758 10978561
21.7782 10981441
21.7824 10984321
21.7878 10987201
21.7908 10990081
21.7938 10992961
21.7979 10995841
21.8009 10998721
21.8039 11001601
21.8063 11004481
21.8099 11007361
21.8139 11010241
21.8176 11013121
21.8206 11016001
21.8236 11018881
21.8272 11021761
21.8302 11024641
21.8355 11027521
21.8402 11030401
21.8462 11033281
21.8504 11036161
21.854 11039041
21.8582 11041921
21.8612 11044801
21.8641 11047681
21.8677 11050561
21.8701 11053441
21.8737 11056321
21.8779 11059201
21.8821 11062081
21.8863 11064961
21.8904 11067841
21.8946 11070721
21.8988 11073601
21.903 11076481
21.9072 11079361
21.9096 11082241
21.9135 11085121
21.9177 11088001
21.9218 11090881
21.9277 11093761
21.9313 11096641
21.9361 11099521
21.9408 11102401
21.945 11105281
21.9488 11108161
21.954 11111041
21.957 11113921
21.9619 11116801
21.9649 11119681
21.9673 11122561
21.9713 11125441
21.9761 11128321
21.9785 11131201
21.9828 11134081
21.9882 11136961
21.9917 11139841
21.9947 11142721
21.9983 11145601
22.0025 11148481
22.0055 11151361
22.0079 11154241
22.0115 11157121
22.0145 11160001
22.018 11162881
22.0222 11165761
22.0258 11168641
22.0306 11171521
22.0342 11174401
22.0396 11177281
22.0437 11180161
22.0491 11183041
22.0533 11185921
22.0575 11188801
22.0617 11191681
22.0641 11194561
22.0682 11197441
22.0712 11200321
22.0748 11203201
22.0778 11206081
22.082 11208961
22.0862 11211841
22.0904 11214721
22.0945 11217601
22.0975 11220481
22.0999 11223361
22.1036 11226241
22.1075 11229121
22.1099 11232001
22.1144 11234881
22.1185 11237761
22.1222 11240641
22.1289 11243521
22.1319 11246401
22.1365 11249281
22.1414 11252161
22.1465 11255041
22.1496 11257921
22.155 11260801
22.1579 11263681
22.1623 11266561
22.1665 11269441
22.1689 11272321
22.1736 11275201
22.1778 11278081
22.1808 11280961
22.185 11283841
22.1898 11286721
22.194 11289601
22.197 11292481
22.2005 11295361
22.2053 11298241
22.2089 11301121
22.2113 11304001
22.2155 11306881
22.2185 11309761
22.2215 11312641
22.2256 11315521
22.2298 11318401
22.2334 11321281
22.2382 11324161
22.243 11327041
22.2454 11329921
22.2483 11332801
22.2524 11335681
22.2566 11338561
22.2608 11341441
22.2638 11344321
22.2679 11347201
22.2704 11350081
22.274 11352961
22.277 11355841
22.2813 11358721
22.2853 11361601
22.29 11364481
22.2942 11367361
22.2978 11370241
22.3008 11373121
22.3038 11376001
22.3068 11378881
22.3098 11381761
22.3142 11384641
22.319 11387521
22.3231 11390401
22.3285 11393281
22.3321 11396161
22.3363 11399041
22.3405 11401921
22.346 11404801
22.3495 11407681
22.3543 11410561
22.3579 11413441
22.3621 11416321
22.3657 11419201
22.3681 11422081
22.3729 11424961
22.3771 11427841
22.3807 11430721
22.3849 11433601
22.3889 11436481
22.3932 11439361
22.396 11442241
22.3997 11445121
22.4045 11448001
22.408 11450881
22.411 11453761
22.4152 11456641
22.4182 11459521
22.4206 11462401
22.4248 11465281
22.4296 11468161
22.4325 11471041
22.4373 11473921
22.4426 11476801
22.4456 11479681
22.4486 11482561
22.4523 11485441
22.4559 11488321
22.4603 11491201
22.4638 11494081
22.468 11496961
22.471 11499841
22.4752 11502721
22.4788 11505601
22.483 11508481
22.4872 11511361
22.4907 11514241
22.4943 11517121
22.4991 11520001
22.5021 11522881
22.5051 11525761
22.5087 11528641
22.5117 11531521
22.5146 11534401
22.5188 11537281
22.5236 11540161
22.5278 11543041
22.532 11545921
22.5354 11548801
22.5398 11551681
22.5451 11554561
22.5486 11557441
22.5535 11560321
22.5572 11563201
22.5619 11566081
22.5649 11568961
22.5678 11571841
22.572 11574721
22.5763 11577601
22.5804 11580481
22.5852 11583361
22.5882 11586241
22.5923 11589121
22.5965 11592001
22.6 11594881
22.6048 11597761
22.609 11600641
22.612 11603521
22.6168 11606401
22.6198 11609281
22.6227 11612161
22.6263 11615041
22.6305 11617921
22.6335 11620801
22.6389 11623681
22.6437 11626561
22.6467 11629441
22.649 11632321
22.6521 11635201
22.655 11638081
22.6586 11640961
22.6622 11643841
22.6664 11646721
22.6706 11649601
22.6735 11652481
22.6783 11655361
22.6813 11658241
22.6843 11661121
22.6876 11664001
22.691 11666881
22.6947 11669761
22.6994 11672641
22.703 11675521
22.7066 11678401
22.709 11681281
22.7125 11684161
22.7155 11687041
22.7197 11689921
22.7239 11692801
22.7287 11695681
22.733 11698561
22.736 11701441
22.7402 11704321
22.7453 11707201
22.7503 11710081
22.7545 11712961
22.7587 11715841
22.7629 11718721
22.767 11721601
22.7706 11724481
22.7748 11727361
22.7796 11730241
22.7832 11733121
22.7886 11736001
22.7927 11738881
22.7957 11741761
22.8005 11744641
22.8035 11747521
22.8077 11750401
22.8119 11753281
22.8148 11756161
22.819 11759041
22.8226 11761921
22.8262 11764801
22.8286 11767681
22.831 11770561
22.8338 11773441
22.8399 11776321
22.8443 11779201
22.8479 11782081
22.8509 11784961
22.8533 11787841
22.8562 11790721
22.8595 11793601
22.8637 11796481
22.8679 11799361
22.8708 11802241
22.8744 11805121
22.8791 11808001
22.8822 11810881
22.8852 11813761
22.8888 11816641
22.8924 11819521
22.8965 11822401
22.9007 11825281
22.9043 11828161
22.9073 11831041
22.9103 11833921
22.9139 11836801
22.9175 11839681
22.9217 11842561
22.9252 11845441
22.9296 11848321
22.9344 11851201
22.9374 11854081
22.941 11856961
22.9463 11859841
22.9508 11862721
22.9556 11865601
22.9597 11868481
22.9639 11871361
22.9675 11874241
22.9717 11877121
22.9752 11880001
22.98 11882881
22.9836 11885761
22.9892 11888641
22.9931 11891521
22.9967 11894401
23.0015 11897281
23.0039 11900161
23.0087 11903041
23.0129 11905921
23.0158 11908801
23.0194 11911681
23.023 11914561
23.0277 11917441
23.0301 11920321
23.0325 11923201
23.0355 11926081
23.0408 11928961
23.045 11931841
23.0486 11934721
23.0522 11937601
23.0546 11940481
23.0582 11943361
23.0612 11946241
23.0653 11949121
23.0695 11952001
23.0725 11954881
23.0761 11957761
23.0821 11960641
23.0851 11963521
23.0874 11966401
23.091 11969281
23.094 11972161
23.0988 11975041
23.103 11977921
23.106 11980801
23.1096 11983681
23.1125 11986561
23.1155 11989441
23.1197 11992321
23.1227 11995201
23.1257 11998081
23.1297 12000961
23.1341 12003841
23.1371 12006721
23.1412 12009601
23.146 12012481
23.15 12015361
23.1552 12018241
23.1589 12021121
23.1631 12024001
23.1667 12026881
23.1714 12029761
23.1744 12032641
23.1791 12035521
23.1833 12038401
23.1886 12041281
23.1923 12044161
23.1959 12047041
23.2007 12049921
23.2037 12052801
23.2084 12055681
23.2126 12058561
23.2155 12061441
23.2197 12064321
23.2239 12067201
23.2287 12070081
23.2311 12072961
23.2335 12075841
23.2371 12078721
23.2412 12081601
23.2454 12084481
23.2484 12087361
23.252 12090241
23.2556 12093121
23.2586 12096001
23.2622 12098881
23.2657 12101761
23.2686 12104641
23.2716 12107521
23.2752 12110401
23.2812 12113281
23.2849 12116161
23.2873 12119041
23.2903 12121921
23.2937 12124801
23.2983 12127681
23.3031 12130561
23.306 12133441
23.3102 12136321
23.3132 12139201
23.3168 12142081
23.321 12144961
23.324 12147841
23.3276 12150721
23.3317 12153601
23.3359 12156481
23.3395 12159361
23.3431 12162241
23.3467 12165121
23.3509 12168001
23.3556 12170881
23.3598 12173761
23.3628 12176641
23.367 12179521
23.3718 12182401
23.3754 12185281
23.3796 12188161
23.3837 12191041
23.3885 12193921
23.3927 12196801
23.3963 12199681
23.4005 12202561
23.4041 12205441
23.4082 12208321
23.4116 12211201
23.4147 12214081
23.419 12216961
23.423 12219841
23.4278 12222721
23.4303 12225601
23.4334 12228481
23.437 12231361
23.4406 12234241
23.4452 12237121
23.4482 12240001
23.4512 12242881
23.4554 12245761
23.4584 12248641
23.4614 12251521
23.4654 12254401
23.4683 12257281
23.4713 12260161
23.4748 12263041
23.4808 12265921
23.485 12268801
23.488 12271681
23.491 12274561
23.494 12277441
23.497 12280321
23.5011 12283201
23.5065 12286081
23.5095 12288961
23.5143 12291841
23.5173 12294721
23.522 12297601
23.5262 12300481
23.5298 12303361
23.5328 12306241
23.5376 12309121
23.5418 12312001
23.546 12314881
23.5489 12317761
23.5531 12320641
23.5567 12323521
23.5603 12326401
23.5627 12329281
23.5663 12332161
23.5705 12335041
23.574 12337921
23.577 12340801
23.5812 12343681
23.5848 12346561
23.589 12349441
23.5935 12352321
23.5967 12355201
23.6013 12358081
23.6051 12360961
23.6098 12363841
23.6122 12366721
23.6161 12369601
23.6197 12372481
23.6239 12375361
23.6281 12378241
23.6317 12381121
23.6347 12384001
23.6383 12386881
23.6413 12389761
23.6461 12392641
23.6485 12395521
23.6521 12398401
23.6562 12401281
23.6604 12404161
23.6628 12407041
23.6669 12409921
23.6705 12412801
23.6729 12415681
23.6777 12418561
23.6831 12421441
23.6879 12424321
23.6915 12427201
23.6944 12430081
23.6974 12432961
23.701 12435841
23.7052 12438721
23.7094 12441601
23.7118 12444481
23.7159 12447361
23.7189 12450241
23.7231 12453121
23.7273 12456001
23.7309 12458881
23.7339 12461761
23.7381 12464641
23.7422 12467521
23.7464 12470401
23.75 12473281
23.7541 12476161
23.7577 12479041
23.7613 12481921
23.7643 12484801
23.7685 12487681
23.7727 12490561
23.775 12493441
23.7786 12496321
23.7828 12499201
23.7863 12502081
23.7893 12504961
23.7941 12507841
23.798 12510721
23.8016 12513601
23.8053 12516481
23.8112 12519361
23.8142 12522241
23.8177 12525121
23.8213 12528001
23.8255 12530881
23.8291 12533761
23.8327 12536641
23.8363 12539521
23.8399 12542401
23.8434 12545281
23.8476 12548161
23.85 12551041
23.853 12553921
23.8566 12556801
23.8608 12559681
23.8638 12562561
23.868 12565441
23.8715 12568321
23.8739 12571201
23.8793 12574081
23.8847 12576961
23.8889 12579841
23.8924 12582721
23.8953 12585601
23.8989 12588481
23.9019 12591361
23.9055 12594241
23.9097 12597121
23.9133 12600001
23.9174 12602881
23.9204 12605761
23.924 12608641
23.9288 12611521
23.9324 12614401
23.9354 12617281
23.9396 12620161
23.9437 12623041
23.9473 12625921
23.9515 12628801
23.9551 12631681
23.9587 12634561
23.9623 12637441
23.9659 12640321
23.9694 12643201
23.9742 12646081
23.9772 12648961
23.9808 12651841
23.985 12654721
23.9886 12657601
23.9916 12660481
23.9963 12663361
23.9993 12666241
24.0023 12669121
24.0053 12672001
24.0107 12674881
24.0133 12677761
24.0174 12680641
24.021 12683521
24.0252 12686401
24.0283 12689281
24.0325 12692161
24.0355 12695041
24.0389 12697921
24.0426 12700801
24.0468 12703681
24.0498 12706561
24.0533 12709441
24.0569 12712321
24.0611 12715201
24.064 12718081
24.0676 12720961
24.0712 12723841
24.0742 12726721
24.079 12729601
24.0844 12732481
24.0892 12735361
24.0916 12738241
24.0951 12741121
24.0987 12744001
24.1017 12746881
24.1059 12749761
24.1107 12752641
24.1143 12755521
24.1184 12758401
24.122 12761281
24.1256 12764161
24.1304 12767041
24.1346 12769921
24.1376 12772801
24.1418 12775681
24.1447 12778561
24.1483 12781441
24.1519 12784321
24.1561 12787201
24.1591 12790081
24.1627 12792961
24.1669 12795841
24.1704 12798721
24.1746 12801601
24.1782 12804481
24.1812 12807361
24.1842 12810241
24.1878 12813121
24.1911 12816001
24.1958 12818881
24.1988 12821761
24.2024 12824641
24.2053 12827521
24.2101 12830401
24.2126 12833281
24.2168 12836161
24.2201 12839041
24.2243 12841921
24.2281 12844801
24.2316 12847681
24.2352 12850561
24.2382 12853441
24.2417 12856321
24.2459 12859201
24.2495 12862081
24.2531 12864961
24.2567 12867841
24.2621 12870721
24.2656 12873601
24.2698 12876481
24.2734 12879361
24.2764 12882241
24.2806 12885121
24.2854 12888001
24.2913 12890881
24.2943 12893761
24.2973 12896641
24.3009 12899521
24.3045 12902401
24.3081 12905281
24.3129 12908161
24.317 12911041
24.32 12913921
24.323 12916801
24.3266 12919681
24.3296 12922561
24.3338 12925441
24.3368 12928321
24.3403 12931201
24.3445 12934081
24.3475 12936961
24.3505 12939841
24.3541 12942721
24.3583 12945601
24.3613 12948481
24.3654 12951361
24.3696 12954241
24.3726 12957121
24.3768 12960001
24.381 12962881
24.3834 12965761
24.387 12968641
24.3899 12971521
24.3929 12974401
24.3977 12977281
24.4007 12980161
24.4043 12983041
24.4073 12985921
24.4121 12988801
24.4144 12991681
24.4186 12994561
24.4228 12997441
24.4264 13000321
24.43 13003201
24.4336 13006081
24.4372 13008961
24.4407 13011841
24.4449 13014721
24.4491 13017601
24.4527 13020481
24.4563 13023361
24.4599 13026241
24.4646 13029121
24.4682 13032001
24.473 13034881
24.476 13037761
24.479 13040641
24.482 13043521
24.4862 13046401
24.4929 13049281
24.4959 13052161
24.4989 13055041
24.5025 13057921
24.5061 13060801
24.5097 13063681
24.5145 13066561
24.518 13069441
24.5216 13072321
24.5252 13075201
24.5276 13078081
24.5312 13080961
24.5354 13083841
24.5384 13086721
24.5419 13089601
24.5467 13092481
24.5491 13095361
24.5527 13098241
24.5563 13101121
24.5605 13104001
24.5641 13106881
24.5676 13109761
24.5718 13112641
24.5754 13115521
24.579 13118401
24.5832 13121281
24.5856 13124161
24.5897 13127041
24.5927 13129921
24.5963 13132801
24.6011 13135681
24.6041 13138561
24.6077 13141441
24.6113 13144321
24.6154 13147201
24.6178 13150081
24.622 13152961
24.6262 13155841
24.6292 13158721
24.6334 13161601
24.6364 13164481
24.6399 13167361
24.6435 13170241
24.6477 13173121
24.6519 13176001
24.6561 13178881
24.6591 13181761
24.6627 13184641
24.6668 13187521
24.671 13190401
24.6758 13193281
24.6788 13196161
24.6818 13199041
24.6848 13201921
24.689 13204801
24.6949 13207681
24.6979 13210561
24.7015 13213441
24.7051 13216321
24.7087 13219201
24.7123 13222081
24.717 13224961
24.7206 13227841
24.7242 13230721
24.7278 13233601
24.7308 13236481
24.7332 13239361
24.7374 13242241
24.7415 13245121
24.7451 13248001
24.7499 13250881
24.7523 13253761
24.7553 13256641
24.7589 13259521
24.7631 13262401
24.766 13265281
24.7702 13268161
24.7732 13271041
24.7774 13273921
24.781 13276801
24.7852 13279681
24.7876 13282561
24.7911 13285441
24.7947 13288321
24.7983 13291201
24.8025 13294081
24.8061 13296961
24.8097 13299841
24.8133 13302721
24.8174 13305601
24.8198 13308481
24.8234 13311361
24.8282 13314241
24.8312 13317121
24.8348 13320001
24.8384 13322881
24.8419 13325761
24.8449 13328641
24.8497 13331521
24.8533 13334401
24.8587 13337281
24.8617 13340161
24.8652 13343041
24.8688 13345921
24.873 13348801
24.8784 13351681
24.8814 13354561
24.8844 13357441
24.888 13360321
24.8915 13363201
24.8987 13366081
24.9011 13368961
24.9047 13371841
24.9083 13374721
24.9119 13377601
24.9148 13380481
24.919 13383361
24.9232 13386241
24.9268 13389121
24.9304 13392001
24.934 13394881
24.9364 13397761
24.9399 13400641
24.9441 13403521
24.9471 13406401
24.9519 13409281
24.9549 13412161
24.9579 13415041
24.9615 13417921
24.9656 13420801
24.968 13423681
24.9722 13426561
24.9758 13429441
24.9794 13432321
24.983 13435201
24.9872 13438081
24.9895 13440961
24.9925 13443841
24.9967 13446721
25.0003 13449601
25.0045 13452481
25.0087 13455361
25.0123 13458241
25.0158 13461121
25.02 13464001
25.0224 13466881
25.0254 13469761
25.0302 13472641
25.0332 13475521
25.0374 13478401
25.0415 13481281
25.0457 13484161
25.0487 13487041
25.0529 13489921
25.0571 13492801
25.063 13495681
25.066 13498561
25.0696 13501441
25.0732 13504321
25.0774 13507201
25.0822 13510081
25.0852 13512961
25.0881 13515841
25.0923 13518721
25.0953 13521601
25.1013 13524481
25.1043 13527361
25.1073 13530241
25.1109 13533121
25.1144 13536001
25.118 13538881
25.1222 13541761
25.1258 13544641
25.1294 13547521
25.1324 13550401
25.136 13553281
25.1389 13556161
25.1425 13559041
25.1461 13561921
25.1497 13564801
25.1545 13567681
25.1575 13570561
25.1605 13573441
25.164 13576321
25.1676 13579201
25.1712 13582081
25.1736 13584961
25.1766 13587841
25.1802 13590721
25.1844 13593601
25.1879 13596481
25.1921 13599361
25.1951 13602241
25.1981 13605121
25.2023 13608001
25.2059 13610881
25.2101 13613761
25.2142 13616641
25.2178 13619521
25.222 13622401
25.2268 13625281
25.2292 13628161
25.2322 13631041
25.2364 13633921
25.2393 13636801
25.2441 13639681
25.2483 13642561
25.2525 13645441
25.2561 13648321
25.2597 13651201
25.2632 13654081
25.2692 13656961
25.2722 13659841
25.2758 13662721
25.2794 13665601
25.283 13668481
25.2871 13671361
25.2907 13674241
25.2931 13677121
25.2973 13680001
25.3015 13682881
25.3063 13685761
25.3093 13688641
25.3123 13691521
25.3158 13694401
25.3194 13697281
25.323 13700161
25.3272 13703041
25.3308 13705921
25.3338 13708801
25.3374 13711681
25.341 13714561
25.3445 13717441
25.3475 13720321
25.3517 13723201
25.3553 13726081
25.3595 13728961
25.3624 13731841
25.3666 13734721
25.3702 13737601
25.3738 13740481
25.3774 13743361
25.3798 13746241
25.3828 13749121
25.3869 13752001
25.3899 13754881
25.3941 13757761
25.3983 13760641
25.4013 13763521
25.4055 13766401
25.4097 13769281
25.4126 13772161
25.4162 13775041
25.421 13777921
25.424 13780801
25.4288 13783681
25.433 13786561
25.4354 13789441
25.4389 13792321
25.4425 13795201
25.4461 13798081
25.4509 13800961
25.4551 13803841
25.4593 13806721
25.4628 13809601
25.4664 13812481
25.47 13815361
25.4754 13818241
25.4784 13821121
25.4826 13824001
25.4855 13826881
25.4891 13829761
25.4939 13832641
25.4969 13835521
25.4999 13838401
25.5041 13841281
25.5077 13844161
25.513 13847041
25.5154 13849921
25.519 13852801
25.5232 13855681
25.5268 13858561
25.5304 13861441
25.534 13864321
25.5381 13867201
25.5405 13870081
25.5441 13872961
25.5477 13875841
25.5519 13878721
25.5549 13881601
25.5585 13884481
25.562 13887361
25.5656 13890241
25.5692 13893121
25.5734 13896001
25.577 13898881
25.5806 13901761
25.5848 13904641
25.5872 13907521
25.5901 13910401
25.5943 13913281
25.5973 13916161
25.6009 13919041
25.6057 13921921
25.6087 13924801
25.6128 13927681
25.617 13930561
25.6194 13933441
25.6224 13936321
25.6272 13939201
25.6302 13942081
25.6349 13944961
25.6391 13947841
25.6421 13950721
25.6463 13953601
25.6493 13956481
25.6529 13959361
25.6577 13962241
25.6618 13965121
25.666 13968001
25.6696 13970881
25.6732 13973761
25.6774 13976641
25.6822 13979521
25.6851 13982401
25.6893 13985281
25.6923 13988161
25.6965 13991041
25.7001 13993921
25.7037 13996801
25.7067 13999681
25.7102 14002561
25.7144 14005441
25.7192 14008321
25.7222 14011201
25.7258 14014081
25.73 14016961
25.733 14019841
25.7365 14022721
25.7395 14025601
25.7437 14028481
25.7467 14031361
25.7503 14034241
25.7533 14037121
25.7575 14040001
25.7604 14042881
25.764 14045761
25.7682 14048641
25.7712 14051521
25.7754 14054401
25.779 14057281
25.7826 14060161
25.7855 14063041
25.7897 14065921
25.7927 14068801
25.7963 14071681
25.8005 14074561
25.8035 14077441
25.8065 14080321
25.8112 14083201
25.8148 14086081
25.8184 14088961
25.8232 14091841
25.8256 14094721
25.8298 14097601
25.8351 14100481
25.8381 14103361
25.8429 14106241
25.8471 14109121
25.8501 14112001
25.8543 14114881
25.8573 14117761
25.8608 14120641
25.8656 14123521
25.8698 14126401
25.8734 14129281
25.8776 14132161
25.8812 14135041
25.8853 14137921
25.8901 14140801
25.8931 14143681
25.8967 14146561
25.8997 14149441
25.9033 14152321
25.9075 14155201
25.911 14158081
25.9134 14160961
25.9176 14163841
25.9212 14166721
25.926 14169601
25.9296 14172481
25.9326 14175361
25.9361 14178241
25.9391 14181121
25.9433 14184001
25.9463 14186881
25.9499 14189761
25.9535 14192641
25.9571 14195521
25.96 14198401
25.9642 14201281
25.9672 14204161
25.9714 14207041
25.975 14209921
25.978 14212801
25.9822 14215681
25.9863 14218561
25.9905 14221441
25.9935 14224321
25.9977 14227201
26.0001 14230081
26.0043 14232961
26.0084 14235841
26.0114 14238721
26.015 14241601
26.0198 14244481
26.0228 14247361
26.0264 14250241
26.0312 14253121
26.0341 14256001
26.0377 14258881
26.0437 14261761
26.0461 14264641
26.0515 14267521
26.0551 14270401
26.0575 14273281
26.0622 14276161
26.0652 14279041
26.0676 14281921
26.0712 14284801
26.0754 14287681
26.0802 14290561
26.0837 14293441
26.0873 14296321
26.0903 14299201
26.0951 14302081
26.0987 14304961
26.1017 14307841
26.1053 14310721
26.1088 14313601
26.1124 14316481
26.1166 14319361
26.1202 14322241
26.1226 14325121
26.1268 14328001
26.1304 14330881
26.1346 14333761
26.1381 14336641
26.1417 14339521
26.1453 14342401
26.1489 14345281
26.1531 14348161
26.1561 14351041
26.1602 14353921
26.1638 14356801
26.1674 14359681
26.1704 14362561
26.1746 14365441
26.1776 14368321
26.1812 14371201
26.1853 14374081
26.1883 14376961
26.1925 14379841
26.1973 14382721
26.2009 14385601
26.2039 14388481
26.208 14391361
26.211 14394241
26.214 14397121
26.2188 14400001
26.2218 14402881
26.2254 14405761
26.2302 14408641
26.2337 14411521
26.2373 14414401
26.2427 14417281
26.2451 14420161
26.2493 14423041
26.2541 14425921
26.2565 14428801
26.2618 14431681
26.2654 14434561
26.2684 14437441
26.2726 14440321
26.2756 14443201
26.278 14446081
26.2821 14448961
26.2863 14451841
26.2899 14454721
26.2941 14457601
26.2983 14460481
26.3013 14463361
26.3061 14466241
26.3096 14469121
26.3126 14472001
26.3162 14474881
26.3198 14477761
26.3234 14480641
26.3276 14483521
26.3306 14486401
26.3335 14489281
26.3377 14492161
26.3413 14495041
26.3449 14497921
26.3491 14500801
26.3527 14503681
26.3563 14506561
26.3604 14509441
26.364 14512321
26.3664 14515201
26.3706 14518081
26.3736 14520961
26.3778 14523841
26.3808 14526721
26.3849 14529601
26.3885 14532481
26.3921 14535361
26.3963 14538241
26.3987 14541121
26.4023 14544001
26.4076 14546881
26.4112 14549761
26.4142 14552641
26.419 14555521
26.422 14558401
26.4256 14561281
26.4298 14564161
26.4333 14567041
26.4363 14569921
26.4411 14572801
26.4447 14575681
26.4483 14578561
26.4537 14581441
26.4566 14584321
26.4609 14587201
26.4644 14590081
26.4674 14592961
26.4728 14595841
26.477 14598721
26.4794 14601601
26.4841 14604481
26.4865 14607361
26.4895 14610241
26.4943 14613121
26.4979 14616001
26.5015 14618881
26.5057 14621761
26.5104 14624641
26.5128 14627521
26.517 14630401
26.52 14633281
26.523 14636161
26.5266 14639041
26.5296 14641921
26.5325 14644801
26.5379 14647681
26.5409 14650561
26.5439 14653441
26.5481 14656321
26.5517 14659201
26.5553 14662081
26.5588 14664961
26.563 14667841
26.5666 14670721
26.5702 14673601
26.5744 14676481
26.5768 14679361
26.5809 14682241
26.5839 14685121
26.5875 14688001
26.5905 14690881
26.5953 14693761
26.5989 14696641
26.6025 14699521
26.6078 14702401
26.6102 14705281
26.6138 14708161
26.6192 14711041
26.6228 14713921
26.6264 14716801
26.6311 14719681
26.6341 14722561
26.6371 14725441
26.6419 14728321
26.6455 14731201
26.6485 14734081
26.6533 14736961
26.6574 14739841
26.6604 14742721
26.6652 14745601
26.6688 14748481
26.673 14751361
26.6766 14754241
26.679 14757121
26.6837 14760001
26.6873 14762881
26.6897 14765761
26.6957 14768641
26.6981 14771521
26.7011 14774401
26.7052 14777281
26.7088 14780161
26.7124 14783041
26.716 14785921
26.7208 14788801
26.7238 14791681
26.728 14794561
26.7309 14797441
26.7339 14800321
26.7375 14803201
26.7405 14806081
26.7441 14808961
26.7483 14811841
26.7519 14814721
26.7554 14817601
26.759 14820481
26.7626 14823361
26.7656 14826241
26.7692 14829121
26.7734 14832001
26.777 14834881
26.7811 14837761
26.7853 14840641
26.7883 14843521
26.7919 14846401
26.7955 14849281
26.7997 14852161
26.8027 14855041
26.8074 14857921
26.8116 14860801
26.8152 14863681
26.8194 14866561
26.823 14869441
26.8266 14872321
26.8313 14875201
26.8349 14878081
26.8385 14880961
26.8427 14883841
26.8463 14886721
26.8487 14889601
26.8541 14892481
26.8576 14895361
26.8606 14898241
26.8654 14901121
26.8696 14904001
26.8726 14906881
26.8768 14909761
26.8803 14912641
26.8845 14915521
26.8887 14918401
26.8911 14921281
26.8959 14924161
26.8983 14927041
26.9019 14929921
26.9066 14932801
26.9096 14935681
26.9126 14938561
26.9162 14941441
26.9198 14944321
26.924 14947201
26.927 14950081
26.9317 14952961
26.9347 14955841
26.9389 14958721
26.9425 14961601
26.9455 14964481
26.9491 14967361
26.9527 14970241
26.9551 14973121
26.958 14976001
26.9616 14978881
26.9658 14981761
26.9694 14984641
26.973 14987521
26.9766 14990401
26.9801 14993281
26.9837 14996161
26.9879 14999041
26.9921 15001921
26.9957 15004801
26.9999 15007681
27.0035 15010561
27.0064 15013441
27.01 15016321
27.0142 15019201
27.0172 15022081
27.022 15024961
27.0262 15027841
27.0303 15030721
27.0345 15033601
27.0381 15036481
27.0411 15039361
27.0459 15042241
27.0489 15045121
27.0536 15048001
27.0572 15050881
27.0608 15053761
27.0638 15056641
27.068 15059521
27.0716 15062401
27.0752 15065281
27.0793 15068161
27.0835 15071041
27.0865 15073921
27.0907 15076801
27.0943 15079681
27.0991 15082561
27.1021 15085441
27.105 15088321
27.1098 15091201
27.1122 15094081
27.1158 15096961
27.12 15099841
27.1236 15102721
27.1266 15105601
27.1301 15108481
27.1337 15111361
27.1385 15114241
27.1421 15117121
27.1463 15120001
27.1499 15122881
27.1529 15125761
27.157 15128641
27.16 15131521
27.163 15134401
27.1666 15137281
27.1696 15140161
27.1732 15143041
27.1762 15145921
27.1809 15148801
27.1845 15151681
27.1887 15154561
27.1923 15157441
27.1959 15160321
27.1989 15163201
27.2036 15166081
27.2072 15168961
27.2114 15171841
27.215 15174721
27.2186 15177601
27.2222 15180481
27.2252 15183361
27.2293 15186241
27.2329 15189121
27.2371 15192001
27.2419 15194881
27.2455 15197761
27.2497 15200641
27.2538 15203521
27.2562 15206401
27.261 15209281
27.264 15212161
27.2682 15215041
27.2724 15217921
27.276 15220801
27.2789 15223681
27.2831 15226561
27.2861 15229441
27.2909 15232321
27.2945 15235201
27.2987 15238081
27.3023 15240961
27.3064 15243841
27.31 15246721
27.3142 15249601
27.3172 15252481
27.3208 15255361
27.325 15258241
27.3279 15261121
27.3309 15264001
27.3351 15266881
27.3387 15269761
27.3417 15272641
27.3453 15275521
27.3489 15278401
27.353 15281281
27.3566 15284161
27.3608 15287041
27.3638 15289921
27.3674 15292801
27.3716 15295681
27.3746 15298561
27.3775 15301441
27.3817 15304321
27.3847 15307201
27.3883 15310081
27.3919 15312961
27.3961 15315841
27.3997 15318721
27.4032 15321601
27.4068 15324481
27.4104 15327361
27.414 15330241
27.4188 15333121
27.4224 15336001
27.426 15338881
27.4295 15341761
27.4331 15344641
27.4367 15347521
27.4403 15350401
27.4445 15353281
27.4487 15356161
27.4522 15359041
27.457 15361921
27.4618 15364801
27.4648 15367681
27.4702 15370561
27.4726 15373441
27.4773 15376321
27.4803 15379201
27.4845 15382081
27.4881 15384961
27.4911 15387841
27.4947 15390721
27.4989 15393601
27.5024 15396481
27.5066 15399361
27.5102 15402241
27.5144 15405121
27.5174 15408001
27.5216 15410881
27.5252 15413761
27.5299 15416641
27.5329 15419521
27.5365 15422401
27.5401 15425281
27.5437 15428161
27.5467 15431041
27.5497 15433921
27.5538 15436801
27.5568 15439681
27.5604 15442561
27.564 15445441
27.5682 15448321
27.5718 15451201
27.576 15454081
27.5789 15456961
27.5825 15459841
27.5861 15462721
27.5891 15465601
27.5927 15468481
27.5963 15471361
27.5993 15474241
27.6034 15477121
27.6064 15480001
27.6112 15482881
27.6148 15485761
27.6196 15488641
27.6232 15491521
27.6267 15494401
27.6303 15497281
27.6345 15500161
27.6387 15503041
27.6429 15505921
27.6459 15508801
27.6501 15511681
27.653 15514561
27.656 15517441
27.6608 15520321
27.665 15523201
27.6674 15526081
27.6728 15528961
27.6769 15531841
27.6805 15534721
27.6847 15537601
27.6883 15540481
27.6925 15543361
27.6961 15546241
27.6997 15549121
27.7032 15552001
27.7062 15554881
27.7098 15557761
27.714 15560641
27.717 15563521
27.7218 15566401
27.7254 15569281
27.7295 15572161
27.7325 15575041
27.7361 15577921
27.7397 15580801
27.7445 15583681
27.7475 15586561
27.751 15589441
27.754 15592321
27.7576 15595201
27.7606 15598081
27.7642 15600961
27.7684 15603841
27.772 15606721
27.7755 15609601
27.7791 15612481
27.7833 15615361
27.7869 15618241
27.7905 15621121
27.7941 15624001
27.7989 15626881
27.8024 15629761
27.8054 15632641
27.809 15635521
27.812 15638401
27.8156 15641281
27.8198 15644161
27.8228 15647041
27.8275 15649921
27.8311 15652801
27.8365 15655681
27.8401 15658561
27.8437 15661441
27.8473 15664321
27.8502 15667201
27.8538 15670081
27.858 15672961
27.8616 15675841
27.8646 15678721
27.8688 15681601
27.8718 15684481
27.8753 15687361
27.8795 15690241
27.8837 15693121
27.8867 15696001
27.8915 15698881
27.8957 15701761
27.8993 15704641
27.9034 15707521
27.907 15710401
27.91 15713281
27.9136 15716161
27.9178 15719041
27.9214 15721921
27.9249 15724801
27.9279 15727681
27.9321 15730561
27.9351 15733441
27.9399 15736321
27.9441 15739201
27.9477 15742081
27.9506 15744961
27.9548 15747841
27.9584 15750721
27.9626 15753601
27.9662 15756481
27.9698 15759361
27.9722 15762241
27.9757 15765121
27.9793 15768001
27.9835 15770881
27.9871 15773761
27.9913 15776641
27.9943 15779521
27.9985 15782401
28.002 15785281
28.0056 15788161
28.0092 15791041
28.0128 15793921
28.0176 15796801
28.0206 15799681
28.0242 15802561
28.0277 15805441
28.0307 15808321
28.0343 15811201
28.0391 15814081
28.0421 15816961
28.0463 15819841
28.0498 15822721
28.0546 15825601
28.0582 15828481
28.0618 15831361
28.066 15834241
28.0696 15837121
28.0726 15840001
28.0761 15842881
28.0803 15845761
28.0839 15848641
28.0875 15851521
28.0905 15854401
28.0941 15857281
28.0983 15860161
28.103 15863041
28.1054 15865921
28.1108 15868801
28.115 15871681
28.1186 15874561
28.1228 15877441
28.1263 15880321
28.1293 15883201
28.1329 15886081
28.1377 15888961
28.1413 15891841
28.1449 15894721
28.1479 15897601
28.152 15900481
28.1556 15903361
28.1592 15906241
28.164 15909121
28.1676 15912001
28.17 15914881
28.1747 15917761
28.1783 15920641
28.1819 15923521
28.1855 15926401
28.1891 15929281
28.1921 15932161
28.1951 15935041
28.1981 15937921
28.2028 15940801
28.2064 15943681
28.21 15946561
28.2136 15949441
28.2172 15952321
28.2214 15955201
28.2249 15958081
28.2285 15960961
28.2321 15963841
28.2369 15966721
28.2399 15969601
28.2441 15972481
28.2471 15975361
28.2506 15978241
28.2536 15981121
28.2578 15984001
28.2614 15986881
28.2662 15989761
28.2698 15992641
28.2745 15995521
28.2781 15998401
28.2823 16001281
28.2859 16004161
28.2901 16007041
28.2925 16009921
28.2967 16012801
28.3002 16015681
28.3033 16018561
28.3068 16021441
28.3104 16024321
28.3146 16027201
28.3182 16030081
28.3229 16032961
28.326 16035841
28.3313 16038721
28.3343 16041601
28.3379 16044481
28.3421 16047361
28.3457 16050241
28.3486 16053121
28.3522 16056001
28.3564 16058881
28.36 16061761
28.3636 16064641
28.3672 16067521
28.3714 16070401
28.3749 16073281
28.3779 16076161
28.3827 16079041
28.3863 16081921
28.3893 16084801
28.3935 16087681
28.3965 16090561
28.4006 16093441
28.4042 16096321
28.4078 16099201
28.4108 16102081
28.4144 16104961
28.4168 16107841
28.4216 16110721
28.4251 16113601
28.4287 16116481
28.4323 16119361
28.4359 16122241
28.4407 16125121
28.4443 16128001
28.4478 16130881
28.4514 16133761
28.4556 16136641
28.4592 16139521
28.4634 16142401
28.4664 16145281
28.47 16148161
28.4735 16151041
28.4771 16153921
28.4813 16156801
28.4861 16159681
28.4897 16162561
28.4945 16165441
28.498 16168321
28.5016 16171201
28.5058 16174081
28.5094 16176961
28.5124 16179841
28.516 16182721
28.5202 16185601
28.5231 16188481
28.5261 16191361
28.5303 16194241
28.5345 16197121
28.5381 16200001
28.5429 16202881
28.5453 16205761
28.5512 16208641
28.5536 16211521
28.5578 16214401
28.5614 16217281
28.565 16220161
28.568 16223041
28.5716 16225921
28.5751 16228801
28.5793 16231681
28.5823 16234561
28.5859 16237441
28.5901 16240321
28.5937 16243201
28.5972 16246081
28.6014 16248961
28.6056 16251841
28.6086 16254721
28.6128 16257601
28.6164 16260481
28.62 16263361
28.6235 16266241
28.6265 16269121
28.6295 16272001
28.6331 16274881
28.6361 16277761
28.6409 16280641
28.6445 16283521
28.648 16286401
28.6522 16289281
28.6558 16292161
28.6612 16295041
28.6642 16297921
28.6684 16300801
28.6719 16303681
28.6761 16306561
28.6797 16309441
28.6839 16312321
28.6869 16315201
28.6905 16318081
28.6947 16320961
28.6982 16323841
28.7018 16326721
28.706 16329601
28.7102 16332481
28.7144 16335361
28.7192 16338241
28.7215 16341121
28.7257 16344001
28.7293 16346881
28.7323 16349761
28.7365 16352641
28.7401 16355521
28.7437 16358401
28.7461 16361281
28.749 16364161
28.7526 16367041
28.7568 16369921
28.7604 16372801
28.7646 16375681
28.7676 16378561
28.7729 16381441
28.7759 16384321
28.7801 16387201
28.7837 16390081
28.7873 16392961
28.7903 16395841
28.7939 16398721
28.7968 16401601
28.801 16404481
28.8046 16407361
28.8082 16410241
28.8124 16413121
28.816 16416001
28.8196 16418881
28.8231 16421761
28.8285 16424641
28.8315 16427521
28.8357 16430401
28.8393 16433281
28.8429 16436161
28.8464 16439041
28.85 16441921
28.853 16444801
28.856 16447681
28.8596 16450561
28.8638 16453441
28.8674 16456321
28.8715 16459201
28.8751 16462081
28.8793 16464961
28.8841 16467841
28.8883 16470721
28.8919 16473601
28.8954 16476481
28.8996 16479361
28.9032 16482241
28.9068 16485121
28.9098 16488001
28.9134 16490881
28.9176 16493761
28.9217 16496641
28.9247 16499521
28.9289 16502401
28.9331 16505281
28.9373 16508161
28.9421 16511041
28.9445 16513921
28.948 16516801
28.9516 16519681
28.9546 16522561
28.9588 16525441
28.9624 16528321
28.966 16531201
28.9684 16534081
28.9719 16536961
28.9755 16539841
28.9803 16542721
28.9839 16545601
28.9875 16548481
28.9905 16551361
28.9958 16554241
28.9988 16557121
29.0036 16560001
29.0072 16562881
29.0102 16565761
29.0138 16568641
29.0174 16571521
29.0203 16574401
29.0245 16577281
29.0281 16580161
29.0317 16583041
29.0353 16585921
29.0389 16588801
29.0431 16591681
29.0466 16594561
29.0508 16597441
29.0544 16600321
29.058 16603201
29.0616 16606081
29.0658 16608961
29.0694 16611841
29.0735 16614721
29.0759 16617601
29.0789 16620481
29.0825 16623361
29.0867 16626241
29.0909 16629121
29.095 16632001
29.098 16634881
29.1028 16637761
29.1076 16640641
29.1118 16643521
29.116 16646401
29.1195 16649281
29.1237 16652161
29.1261 16655041
29.1303 16657921
29.1333 16660801
29.1375 16663681
29.1411 16666561
29.1452 16669441
29.1488 16672321
29.1524 16675201
29.156 16678081
29.1608 16680961
29.165 16683841
29.168 16686721
29.1715 16689601
29.1751 16692481
29.1781 16695361
29.1829 16698241
29.1871 16701121
29.1901 16704001
29.1925 16706881
29.196 16709761
29.1996 16712641
29.205 16715521
29.2086 16718401
29.2122 16721281
29.2158 16724161
29.2206 16727041
29.2229 16729921
29.2277 16732801
29.2319 16735681
29.2343 16738561
29.2373 16741441
29.2403 16744321
29.2433 16747201
29.2474 16750081
29.251 16752961
29.254 16755841
29.2588 16758721
29.2624 16761601
29.266 16764481
29.2695 16767361
29.2743 16770241
29.2779 16773121
29.2815 16776001
29.2851 16778881
29.2893 16781761
29.2923 16784641
29.2964 16787521
29.2994 16790401
29.3024 16793281
29.3054 16796161
29.3102 16799041
29.3144 16801921
29.3185 16804801
29.3215 16807681
29.3263 16810561
29.3311 16813441
29.3353 16816321
29.3395 16819201
29.3431 16822081
29.3466 16824961
29.3502 16827841
29.3538 16830721
29.3574 16833601
29.361 16836481
29.3646 16839361
29.3687 16842241
29.3723 16845121
29.3759 16848001
29.3795 16850881
29.3843 16853761
29.3885 16856641
29.3909 16859521
29.395 16862401
29.398 16865281
29.4016 16868161
29.4064 16871041
29.41 16873921
29.4136 16876801
29.416 16879681
29.4189 16882561
29.4225 16885441
29.4285 16888321
29.4321 16891201
29.4351 16894081
29.4387 16896961
29.4434 16899841
29.4458 16902721
29.4506 16905601
29.4548 16908481
29.4572 16911361
29.4602 16914241
29.4638 16917121
29.4662 16920001
29.4697 16922881
29.4733 16925761
29.4769 16928641
29.4811 16931521
29.4853 16934401
29.4889 16937281
29.4925 16940161
29.4978 16943041
29.5008 16945921
29.505 16948801
29.5086 16951681
29.5122 16954561
29.5152 16957441
29.5193 16960321
29.5229 16963201
29.5265 16966081
29.5307 16968961
29.5343 16971841
29.5379 16974721
29.5421 16977601
29.545 16980481
29.5498 16983361
29.5546 16986241
29.5588 16989121
29.563 16992001
29.5666 16994881
29.5701 16997761
29.5737 17000641
29.5773 17003521
29.5809 17006401
29.5845 17009281
29.5881 17012161
29.5923 17015041
29.5958 17017921
29.5994 17020801
29.603 17023681
29.6078 17026561
29.612 17029441
29.6144 17032321
29.6185 17035201
29.6215 17038081
29.6251 17040961
29.6299 17043841
29.6335 17046721
29.6371 17049601
29.6395 17052481
29.6424 17055361
29.646 17058241
29.652 17061121
29.6556 17064001
29.6586 17066881
29.6622 17069761
29.667 17072641
29.6693 17075521
29.6741 17078401
29.6783 17081281
29.6807 17084161
29.6837 17087041
29.6873 17089921
29.6909 17092801
29.6944 17095681
29.698 17098561
29.7016 17101441
29.7052 17104321
29.7088 17107201
29.7124 17110081
29.716 17112961
29.7213 17115841
29.7243 17118721
29.7273 17121601
29.7309 17124481
29.7345 17127361
29.7381 17130241
29.7417 17133121
29.7452 17136001
29.7482 17138881
29.7512 17141761
29.7554 17144641
29.759 17147521
29.7632 17150401
29.7667 17153281
29.7697 17156161
29.7745 17159041
29.7793 17161921
29.7841 17164801
29.7877 17167681
29.7913 17170561
29.7948 17173441
29.7984 17176321
29.802 17179201
29.8056 17182081
29.8092 17184961
29.8128 17187841
29.8169 17190721
29.8205 17193601
29.8241 17196481
29.8289 17199361
29.8331 17202241
29.8367 17205121
29.8397 17208001
29.8432 17210881
29.8468 17213761
29.8504 17216641
29.8546 17219521
29.8582 17222401
29.8618 17225281
29.8654 17228161
29.8689 17231041
29.8725 17233921
29.8767 17236801
29.8803 17239681
29.8839 17242561
29.8875 17245441
29.8916 17248321
29.8952 17251201
29.8988 17254081
29.903 17256961
29.9066 17259841
29.9102 17262721
29.9138 17265601
29.9173 17268481
29.9203 17271361
29.9239 17274241
29.9269 17277121
29.9311 17280001
29.9347 17282881
29.9377 17285761
29.9418 17288641
29.946 17291521
29.949 17294401
29.9526 17297281
29.9562 17300161
29.9598 17303041
29.9634 17305921
29.9669 17308801
29.9699 17311681
29.9729 17314561
29.9765 17317441
29.9801 17320321
29.9837 17323201
29.9879 17326081
29.9914 17328961
29.9944 17331841
29.9992 17334721
30.004 17337601
30.0094 17340481
30.013 17343361
30.0159 17346241
30.0195 17349121
30.0231 17352001
30.0267 17354881
30.0303 17357761
30.0339 17360641
30.0375 17363521
30.0416 17366401
30.0452 17369281
30.0488 17372161
30.0536 17375041
30.0578 17377921
30.0614 17380801
30.065 17383681
30.0685 17386561
30.0721 17389441
30.0757 17392321
30.0793 17395201
30.0829 17398081
30.0865 17400961
30.0901 17403841
30.0936 17406721
30.0978 17409601
