0.124217 1440
0.151149 2880
0.179234 4320
0.207319 5760
0.234209 7200
0.236599 8640
0.262293 10080
0.264684 11520
0.267074 12960
0.290378 14400
0.292769 15840
0.295159 17280
0.297549 18720
0.317268 20160
0.319658 21600
0.322049 23040
0.324439 24480
0.326829 25920
0.32922 27360
0.344157 28800
0.346548 30240
0.348938 31680
0.351328 33120
0.353719 34560
0.356109 36000
0.3585 37440
0.36089 38880
0.36328 40320
0.371047 41760
0.373437 43200
0.375828 44640
0.378218 46080
0.380608 47520
0.382999 48960
0.385389 50400
0.38778 51840
0.39017 53280
0.39256 54720
0.394951 56160
0.397341 57600
0.399732 59040
0.402122 60480
0.404512 61920
0.406903 63360
0.409293 64800
0.411684 66240
0.414074 67680
0.416464 69120
0.419052 70560
0.421442 72000
0.423832 73440
0.426223 74880
0.428613 76320
0.431004 77760
0.433394 79200
0.435784 80640
0.438175 82080
0.440565 83520
0.442956 84960
0.445346 86400
0.447736 87840
0.450127 89280
0.452517 90720
0.454908 92160
0.457298 93600
0.459688 95040
0.462079 96480
0.464469 97920
0.46686 99360
0.46925 100800
0.471696 102240
0.474087 103680
0.476477 105120
0.478868 106560
0.481258 108000
0.483648 109440
0.486039 110880
0.488429 112320
0.49082 113760
0.49321 115200
0.4956 116640
0.497991 118080
0.500381 119520
0.502772 120960
0.505162 122400
0.507552 123840
0.509943 125280
0.512333 126720
0.514724 128160
0.517114 129600
0.519504 131040
0.521895 132480
0.524285 133920
0.526676 135360
0.529066 136800
0.531456 138240
0.533847 139680
0.536237 141120
0.538628 142560
0.541018 144000
0.543408 145440
0.545799 146880
0.548189 148320
0.55058 149760
0.55297 151200
0.55536 152640
0.557751 154080
0.560141 155520
0.562532 156960
0.564922 158400
0.567312 159840
0.569703 161280
0.572093 162720
0.574484 164160
0.576874 165600
0.579264 167040
0.581655 168480
0.584045 169920
0.586436 171360
0.588826 172800
0.591216 174240
0.593607 175680
0.595997 177120
0.598388 178560
0.600778 180000
0.603168 181440
0.605559 182880
0.607949 184320
0.61034 185760
0.61273 187200
0.61512 188640
0.617511 190080
0.619901 191520
0.622292 192960
0.624682 194400
0.627072 195840
0.629463 197280
0.631853 198720
0.634244 200160
0.636634 201600
0.639024 203040
0.641415 204480
0.643805 205920
0.647406 101520
0.882819 49680
0.984779 49721
0.98717 49762
0.98956 49803
0.99195 49844
0.994341 49885
0.996731 49926
1.00032 49967
1.00271 50008
1.0051 50049
1.00749 50090
1.00988 50131
1.01227 50172
1.01466 50213
1.01705 50254
1.01944 50295
1.02183 50336
1.02422 50377
1.02661 50418
1.029 50459
1.03139 50500
1.03378 50541
1.03617 50582
1.03856 50622
1.04095 50662
1.04334 50702
1.04573 50742
1.04812 50782
1.05052 50822
1.05291 50862
1.0553 50902
1.05769 50942
1.06008 50982
1.06247 51022
1.06486 51062
1.06725 51102
1.06964 51142
1.07203 51182
1.07442 51222
1.07681 51262
1.0792 51302
1.08159 51342
1.08398 51382
1.08637 51422
1.08876 51462
1.09115 51502
1.09354 51542
1.09593 51582
1.09832 51622
1.10071 51662
1.1031 51702
1.10549 51742
1.10788 51782
1.11028 51822
1.11267 51862
1.11507 51901
1.11746 51940
1.11984 51979
1.12223 52018
1.12462 52057
1.12701 52096
1.1294 52135
1.13179 52174
1.13418 52213
1.13657 52252
1.13896 52291
1.14135 52330
1.14374 52369
1.14613 52408
1.14852 52447
1.15091 52486
1.1533 52525
1.15569 52564
1.15808 52603
1.16047 52642
1.16286 52681
1.16525 52720
1.16764 52759
1.17004 52798
1.17243 52837
1.17482 52876
1.17721 52915
1.1796 52954
1.18199 52993
1.18438 53032
1.18677 53071
1.18916 53110
1.19155 53149
1.19394 53188
1.19633 53226
1.19872 53264
1.20111 53302
1.2035 53340
1.20589 53378
1.20828 53416
1.21067 53454
1.21306 53492
1.21545 53530
1.21784 53568
1.22105 53606
1.22344 25200
1.27542 25282
1.27781 25364
1.28021 25445
1.2826 25526
1.28499 25607
1.28738 25687
1.28977 25767
1.29216 25847
1.30231 25927
1.3047 26006
1.30709 26085
1.30949 26164
1.31188 26243
1.31436 26322
1.31675 26400
1.31914 26478
1.3292 26556
1.33159 26634
1.33398 26711
1.33637 26788
1.33877 26865
1.34116 26942
1.34355 27018
1.34594 27094
1.34833 27170
1.35764 27246
1.36003 27322
1.36242 27397
1.36481 27472
1.3672 27547
1.36959 27622
1.37199 27697
1.37438 27771
1.37677 27845
1.38573 27919
1.38812 27993
1.39051 28067
1.3929 28140
1.39529 28213
1.39768 28286
1.40007 28359
1.40282 28432
1.40521 28504
1.41262 28576
1.41501 28648
1.4174 28720
1.41979 28792
1.42218 28864
1.42457 28935
1.42696 29006
1.42971 29077
1.4321 29148
1.43951 29219
1.4419 29289
1.44429 29359
1.44668 29429
1.44907 29499
1.45146 29569
1.45385 29639
1.45624 29708
1.45863 29777
1.46102 29846
1.46759 29915
1.46998 29984
1.47239 30053
1.47478 30121
1.47717 30189
1.47956 30257
1.48195 30325
1.48434 30393
1.48673 30461
1.48912 30529
1.49593 30596
1.49832 30663
1.50071 30730
1.50311 30797
1.5055 30864
1.50789 30931
1.51028 30998
1.51267 31064
1.51506 31130
1.51745 31196
1.52282 31262
1.52521 31328
1.5276 31394
1.53005 31460
1.53244 31525
1.53483 31590
1.53722 31655
1.53961 31720
1.542 31785
1.54439 31850
1.54971 31915
1.5521 31979
1.55449 32043
1.55694 32107
1.55933 32171
1.56172 32235
1.56411 32299
1.5665 32363
1.56889 32427
1.57128 32490
1.57367 32553
1.5778 32616
1.58019 32679
1.58258 32742
1.58503 32805
1.58742 32868
1.58981 32931
1.5922 32993
1.59459 33055
1.59698 33117
1.59937 33179
1.60176 33241
1.60588 33303
1.60827 33365
1.61098 33427
1.61337 33489
1.61576 33550
1.61815 33611
1.62054 33672
1.62293 33733
1.62532 33794
1.62986 15120
1.67793 15257
1.68032 15392
1.68271 15526
1.6851 15659
1.70147 15791
1.70505 15922
1.70744 16052
1.70983 16181
1.71222 16309
1.72955 16436
1.73314 16562
1.73553 16687
1.73792 16811
1.74031 16934
1.75644 17056
1.76003 17177
1.76242 17297
1.76481 17416
1.7672 17535
1.78359 17653
1.78717 17770
1.78956 17886
1.79195 18001
1.79434 18116
1.79673 18230
1.81167 18343
1.81526 18456
1.81765 18568
1.82004 18679
1.82243 18790
1.82482 18900
1.83976 19009
1.84334 19118
1.84573 19226
1.84812 19333
1.85051 19440
1.8529 19546
1.8669 19652
1.87049 19757
1.87288 19861
1.87527 19965
1.87766 20068
1.88005 20171
1.89379 20273
1.89778 20375
1.90257 20476
1.90496 20577
1.90735 20677
1.90974 20777
1.92188 20876
1.92586 20975
1.93066 21073
1.93305 21171
1.93544 21268
1.93783 21365
1.94022 21462
1.95022 21558
1.95395 21654
1.95874 21749
1.96113 21844
1.96352 21938
1.96591 22032
1.9683 22126
1.97831 22219
1.98235 22312
1.98593 22404
1.99071 22496
1.9931 22588
1.99549 22679
2.00521 22770
2.00923 22861
2.01282 22951
2.0176 23041
2.01999 23130
2.02238 23219
2.02477 23308
2.03248 23396
2.03612 23484
2.03971 23572
2.04449 23659
2.04688 23746
2.04927 23833
2.05166 23920
2.05405 24006
2.06083 24092
2.06447 24178
2.06839 24263
2.07318 24348
2.07557 24433
2.07796 24517
2.08096 24601
2.08773 10800
2.13295 10992
2.13534 11180
2.13773 11365
2.15984 11547
2.16223 11726
2.16462 11902
2.18672 12076
2.18912 12247
2.19151 12416
2.1939 12583
2.21481 12747
2.2172 12909
2.21959 13069
2.22198 13227
2.24289 13383
2.24528 13537
2.24768 13690
2.2698 5040
2.30537 5451
2.33226 5831
2.35915 6186
2.36154 6521
2.38723 6838
2.38962 7141
2.41532 7431
2.41771 7710
2.4434 7978
2.44579 8237
2.47029 8488
2.47268 8732
2.49718 8969
2.49957 9200
2.50196 9425
2.52527 9645
2.52766 9859
2.53005 10069
2.55335 10274
2.55574 10475
2.55813 10672
2.58144 10866
2.58383 11056
2.58622 11243
2.60833 11427
2.61072 11608
2.61311 11786
2.63522 11961
2.63761 12134
2.64 12304
2.64239 12472
2.66369 12638
2.66608 12802
2.66847 12963
2.67086 13122
2.69177 13280
2.69416 13436
2.69655 13590
2.69894 13742
2.71866 13892
2.72105 14041
2.72585 5040
2.77845 5451
2.80534 5831
2.83223 6186
2.83462 6521
2.86031 6838
2.88841 2880
2.9422 3600
2.97029 4176
2.99837 4672
3.02646 5115
3.05335 5520
3.08024 5895
3.10713 6246
3.10952 6577
3.13521 6892
3.1376 7192
3.1633 7480
3.16569 7757
3.19138 8024
3.19377 8282
3.21827 8532
3.22066 8775
3.24528 9011
3.24767 9241
3.25046 9465
3.27336 9684
3.27575 9898
3.27854 10107
3.30145 10312
3.30384 10513
3.30663 10710
3.32859 10903
3.33099 11093
3.33377 11279
3.35548 11462
3.35787 11642
3.36066 11820
3.38237 11995
3.38476 12167
3.38715 12337
3.38954 12505
3.41312 4320
3.46596 4800
3.49285 5232
3.51974 5628
3.54689 5996
3.57378 6341
3.57617 6668
3.60186 6978
3.60425 7275
3.62995 7560
3.63234 7834
3.65684 8098
3.65923 8354
3.68373 8602
3.68612 8843
3.71063 9077
3.71302 9305
3.71541 9527
3.73872 9744
3.74111 9956
3.7435 10164
3.7668 10368
3.76919 10568
3.77158 10764
3.79395 10956
3.79634 11145
3.79873 11331
3.82084 11514
3.82323 11694
3.82562 11871
3.84773 12045
3.85012 12217
3.85251 12386
3.8549 12553
3.87607 12718
3.87846 12881
3.88085 13041
3.88324 13200
3.90416 13357
3.90655 13512
3.90894 13665
3.91133 13816
3.93105 13966
3.93344 14114
3.93583 14260
3.93822 14405
3.95794 14548
3.96273 5760
4.95794 1440
5.21204 2880
5.24012 3600
5.26821 4176
5.29659 4672
5.32467 5115
5.35156 5520
5.37858 5895
5.40547 6246
5.40786 6577
5.43356 6892
5.43595 7192
5.46164 7480
5.46403 7757
5.48973 8024
5.49212 8282
5.51662 8532
5.51901 8775
5.54351 9011
5.54616 9241
5.54855 9465
5.57159 9684
5.57424 9898
5.57663 10107
5.60114 10312
5.60353 3600
5.65915 4176
5.68724 4672
5.71573 5115
5.74262 5520
5.76951 5895
5.79665 6246
5.79904 6577
5.82474 6892
5.82713 7192
5.85282 7480
5.85521 7757
5.88117 8024
5.88356 8282
5.90806 8532
5.91045 8775
5.93495 9011
5.93734 9241
5.93973 9465
5.96343 9684
5.96582 9898
5.96821 10107
5.99183 10312
5.99427 10513
5.99666 10710
6.01872 10903
6.02116 11093
6.02355 11279
6.04592 11462
6.04831 11642
6.0507 11820
6.07281 11995
6.0752 12167
6.07759 12337
6.07998 12505
6.10089 12670
6.10328 12833
6.10567 12994
6.10807 13153
6.12898 13310
6.13137 13465
6.13376 13618
6.13615 13770
6.15587 13920
6.15826 14068
6.16065 14215
6.16304 14360
6.18276 14504
6.18515 14646
6.18754 14787
6.18993 14927
6.20968 15065
6.21207 15202
6.21446 15338
6.21685 15473
6.21924 15607
6.23776 15739
6.24015 15870
6.24254 16000
6.24493 16129
6.24732 16257
6.2661 16384
6.26849 16510
6.27088 16635
6.27327 16759
6.27567 16882
6.29299 17004
6.29538 17125
6.29777 17246
6.30016 17366
6.30255 17485
6.31988 17603
6.32227 17720
6.32466 17837
6.32705 17953
6.32944 18068
6.33183 18182
6.34797 18296
6.35036 18409
6.35275 18521
6.35514 18632
6.35753 18743
6.35992 18853
6.37605 18962
6.37844 19071
6.38083 19179
6.38322 19287
6.38561 19394
6.38826 19500
6.40294 19606
6.40533 19711
6.40772 19816
6.41011 19920
6.4125 20024
6.41515 20127
6.43009 20230
6.43248 20332
6.43487 20433
6.43726 20534
6.43965 20634
6.44204 20734
6.45698 20834
6.45937 20933
6.46176 21032
6.46415 21130
6.46654 21228
6.46893 21325
6.47158 21422
6.48506 21518
6.48747 21614
6.48986 21709
6.49225 21804
6.49464 21899
6.49703 21993
6.49966 22087
6.51341 22180
6.5158 22273
6.51819 22366
6.52058 22458
6.52297 22550
6.52536 22641
6.52775 22732
6.5403 22823
6.54269 22913
6.54508 23003
6.54747 23093
6.54986 23182
6.55225 23271
6.55464 23360
6.56718 23448
6.56958 23536
6.57197 23624
6.57436 23711
6.57675 23798
6.57914 23885
6.58153 23971
6.58392 24057
6.59553 24143
6.59792 24228
6.60031 24313
6.6027 24398
6.60509 24482
6.60748 24566
6.60987 24650
6.61226 24734
6.62361 24817
6.626 24900
6.62839 24983
6.63078 25066
6.63317 25148
6.63556 25230
6.63795 25312
6.64034 25393
6.6505 25474
6.65289 25555
6.65528 25636
6.65767 25716
6.66006 25796
6.66245 25876
6.66484 25956
6.66723 26035
6.67766 26114
6.68219 11520
6.72222 11700
6.73184 11877
6.73423 12051
6.73662 12223
6.75031 12392
6.76018 12559
6.76257 12724
6.76496 12886
6.77839 13046
6.78827 13204
6.79066 13361
6.80667 5040
6.85926 5451
6.88638 5831
6.91327 6186
6.91566 6521
6.94136 6838
6.94375 7141
6.96944 7431
6.97183 7710
6.99753 7978
6.99992 8237
7.02442 8488
7.02681 8732
7.05131 8969
7.0537 9200
7.05609 9425
7.07939 9645
7.08178 9859
7.08417 10069
7.10747 10274
7.10987 10475
7.11226 10672
7.13562 10866
7.13801 11056
7.1404 11243
7.16251 11427
7.1649 11608
7.16729 11786
7.1894 11961
7.19179 12134
7.19418 12304
7.19677 12472
7.21748 12638
7.21987 12802
7.22227 12963
7.22497 13122
7.24557 13280
7.24796 13436
7.25035 13590
7.25305 13742
7.27246 13892
7.27606 14041
7.27845 5040
7.3324 5451
7.35929 5831
7.38618 6186
7.38857 6521
7.41427 6838
7.41666 7141
7.44235 7431
7.44474 7710
7.47044 7978
7.47283 8237
7.49733 8488
7.49972 8732
7.52421 8969
7.52661 9200
7.529 9425
7.5523 9645
7.55469 9859
7.55708 10069
7.58038 10274
7.58277 10475
7.58517 10672
7.60847 10866
7.61086 11056
7.61325 11243
7.63536 11427
7.63775 11608
7.64014 11786
7.66225 11961
7.66464 12134
7.66703 12304
7.66942 12472
7.69033 12638
7.69272 12802
7.69511 12963
7.6975 13122
7.71842 13280
7.72081 13436
7.7232 13590
7.72559 13742
7.74531 13892
7.7477 14041
7.75009 14188
7.75248 14334
7.7722 14478
7.77459 14621
7.77698 14762
7.77937 14902
7.79909 15041
7.80148 15178
7.80387 15314
7.80626 15449
7.80865 15583
7.82717 15716
7.82956 15847
7.83195 15977
7.83434 16106
7.83673 16234
7.85526 16361
7.85765 16487
7.86004 16612
7.86243 16736
7.86482 16859
7.88215 16981
7.88454 17103
7.88693 17224
7.88932 17344
7.89171 17463
7.90904 17581
7.91143 17698
7.91382 17815
7.91621 17931
7.92099 18046
7.93712 18160
7.93951 18274
7.9419 18387
7.9443 18499
7.94907 18611
7.95146 18722
7.96761 7920
8.00765 8181
8.02021 8434
8.03454 8679
8.0471 8917
8.06143 9149
8.06382 9375
8.07519 9596
8.08951 9812
8.0919 10023
8.10327 10229
8.1176 10431
8.11999 10629
8.13136 10824
8.14449 11015
8.14688 11203
8.15825 11388
8.17138 11570
8.17377 11749
8.18514 11925
8.19826 12098
8.20066 12269
8.20305 12438
8.21322 12604
8.22635 12768
8.22874 12930
8.23132 13090
8.24131 13248
8.25443 13404
8.25682 13558
8.2594 13710
8.2682 13861
8.28132 14010
8.28371 14158
8.28629 14304
8.29508 14448
8.30821 14591
8.3106 14733
8.31318 14873
8.32197 15012
8.32436 15150
8.3363 15286
8.33869 15421
8.34126 15555
8.35006 15688
8.35246 15820
8.36438 15951
8.36677 16080
8.36935 16208
8.37814 16335
8.38055 16461
8.39247 16586
8.39486 16711
8.39725 16835
8.40503 16958
8.40744 17080
8.41936 17201
8.42175 17321
8.42414 17440
8.43433 17558
8.44625 17676
8.44864 17793
8.45103 17909
8.45342 18024
8.46241 18139
8.47435 7200
8.5174 7488
8.52695 7764
8.54429 8031
8.55384 8289
8.57118 8539
8.58072 8781
8.59807 9017
8.60761 9246
8.61 9470
8.62616 9688
8.6357 9902
8.63809 10111
8.65424 10316
8.66378 10517
8.66617 10714
8.68113 10907
8.69067 11097
8.69306 11283
8.70802 11466
8.71756 11646
8.71995 11824
8.73491 11999
8.74445 12171
8.74684 12341
8.74923 12509
8.76299 12674
8.77254 12837
8.77493 12998
8.77732 13157
8.79108 13314
8.80062 13469
8.80301 13622
8.8054 13774
8.81797 13924
8.82751 14072
8.83111 14219
8.8335 5040
8.8873 5451
8.91419 5831
8.94108 6186
8.94347 6521
8.96916 6838
8.97155 7141
8.99725 7431
8.99964 7710
9.02533 7978
9.02772 8237
9.05222 8488
9.05461 8732
9.07911 8969
9.0815 9200
9.08389 9425
9.10719 9645
9.10959 9859
9.11198 10069
9.13528 10274
9.13767 10475
9.14006 10672
9.16336 10866
9.16575 11056
9.16815 11243
9.19025 11427
9.19264 11608
9.19503 11786
9.21714 11961
9.21953 12134
9.22192 12304
9.22431 12472
9.24762 12638
9.25001 12802
9.2524 12963
9.2757 13122
9.27809 13280
9.28048 13436
9.28287 13590
9.30259 13742
9.30498 13892
9.30737 14041
9.30976 14188
9.32948 14334
9.33187 14478
9.33426 14621
9.33665 14762
9.35637 14902
9.35876 15041
9.36115 15178
9.36354 15314
9.36593 15449
9.38446 15583
9.38685 15716
9.38924 15847
9.39163 15977
9.39402 16106
9.41254 16234
9.41493 16361
9.41732 16487
9.41971 16612
9.4221 16736
9.43943 16859
9.44182 16981
9.44421 17103
9.4466 17224
9.44899 17344
9.46632 17463
9.46871 17581
9.4711 17698
9.47349 17815
9.47588 17931
9.47852 18046
9.49441 18160
9.4968 18274
9.49919 18387
9.50158 18499
9.50397 18611
9.5066 18722
9.5226 18832
9.52499 18942
9.52738 19051
9.52977 19159
9.53216 19267
9.53469 19374
9.54948 19481
9.55188 19587
9.55427 19692
9.55666 19797
9.55905 19901
9.56158 20005
9.57637 20108
9.57876 20211
9.58116 20313
9.58355 20415
9.58594 20516
9.58847 20617
9.60326 20717
9.60567 20817
9.60806 20916
9.61045 21015
9.61284 21113
9.61523 21211
9.61775 21308
9.63135 21405
9.63375 21501
9.63614 21597
9.63853 21693
9.64093 21788
9.64344 21883
9.64583 21977
9.65943 22071
9.66184 22164
9.66423 22257
9.66662 22350
9.66901 22442
9.67153 22534
9.67392 22626
9.68632 22717
9.68873 22808
9.69112 22898
9.69351 22988
9.6959 23078
9.69842 23167
9.70081 23256
9.71321 23345
9.71562 23433
9.71801 23521
9.7204 23609
9.72279 23696
9.72518 23783
9.7277 23870
9.73009 23956
9.7413 24042
9.7437 24128
9.74609 24213
9.74848 24298
9.75087 24383
9.75326 24468
9.75578 24552
9.75817 24636
9.76938 24720
9.77179 24803
9.77418 24886
9.77657 24969
9.77896 25052
9.78148 25134
9.78387 25216
9.78626 25298
9.79627 25379
9.79868 25460
9.80107 25541
9.80346 25622
9.80585 25702
9.80836 25782
9.81076 25862
9.81315 25942
9.82316 26021
9.82557 26100
9.82796 26179
9.83035 26258
9.83274 26336
9.83525 26414
9.83764 26492
9.84004 26570
9.84243 26648
9.85125 26725
9.85365 26802
9.85604 26879
9.85843 26956
9.86082 27032
9.86334 27108
9.86573 27184
9.86812 27260
9.87051 27336
9.87933 27411
9.88174 27486
9.88413 27561
9.88652 27636
9.88891 27711
9.89142 27785
9.89381 27859
9.8962 27933
9.8986 28007
9.90742 28081
9.90981 28154
9.9122 28227
9.91459 28300
9.91698 28373
9.91951 28446
9.9219 28518
9.92429 28590
9.92668 28662
9.93431 28734
9.9367 28806
9.93909 28877
9.94148 28948
9.94387 29019
9.9464 29090
9.94879 29161
9.95118 29232
9.95357 29302
9.9612 29372
9.96359 29442
9.96598 29512
9.96837 29582
9.97076 29652
9.97315 29721
9.97568 29790
9.97807 29859
9.98046 29928
9.98285 29997
9.98928 30066
9.99167 30134
9.99406 30202
9.99645 30270
9.99884 30338
10.0014 30406
10.0038 30474
10.0062 30542
10.0085 30609
10.0109 30676
10.0174 30743
10.0198 30810
10.0221 30877
10.0245 30944
10.0269 31011
10.0295 31077
10.0318 31143
10.0342 31209
10.0366 31275
10.039 31341
10.0443 31407
10.0466 31473
10.049 31538
10.0514 31603
10.0538 31668
10.0563 31733
10.0587 31798
10.0611 31863
10.0635 31928
10.0659 31992
10.0711 32056
10.0735 32120
10.0759 32184
10.0783 32248
10.0807 32312
10.0832 32376
10.0856 32440
10.0904 32503
10.0928 32566
10.0952 32629
10.0992 32692
10.1016 32755
10.104 32818
10.1064 32881
10.1088 32944
10.1113 33006
10.1137 33068
10.1185 33130
10.1209 33192
10.1233 33254
10.1257 33316
10.1281 33378
10.1304 33440
10.1328 33502
10.1352 33563
10.1376 33624
10.14 33685
10.1425 33746
10.1466 33807
10.149 33868
10.1514 33929
10.1538 33990
10.1562 34051
10.1585 34111
10.1609 34171
10.1633 34231
10.1657 34291
10.1681 34351
10.1705 34411
10.1738 34471
10.1762 34531
10.1786 34591
10.181 34650
10.1834 34709
10.1858 34768
10.1882 34827
10.1906 34886
10.193 34945
10.1954 35004
10.1977 35063
10.2007 35122
10.2031 35181
10.2055 35239
10.2079 35297
10.2102 35355
10.2126 35413
10.215 35471
10.2174 35529
10.2198 35587
10.2222 35645
10.2246 35703
10.227 35761
10.2294 35818
10.2318 35875
10.2342 35932
10.2365 35989
10.2389 36046
10.2413 36103
10.2437 36160
10.2461 36217
10.2485 36274
10.2509 36331
10.2533 36388
10.2559 36444
10.2583 36500
10.2606 36556
10.263 36612
10.2654 36668
10.2678 36724
10.2703 36780
10.2726 36836
10.275 36892
10.2774 36948
10.2798 37004
10.2822 37060
10.2846 37115
10.287 37170
10.2894 37225
10.2918 37280
10.2942 37335
10.2966 37390
10.2989 37445
10.3013 37500
10.3037 37555
10.3061 37610
10.3085 37665
10.3112 37720
10.3136 37774
10.316 37828
10.3184 37882
10.3208 37936
10.3232 37990
10.3256 38044
10.328 38098
10.3304 38152
10.3328 38206
10.3351 38260
10.3375 38314
10.3399 38368
10.3423 38422
10.3447 38475
10.3471 38528
10.3495 38581
10.3519 38634
10.3543 38687
10.3567 38740
10.359 38793
10.3614 38846
10.3638 38899
10.3662 38952
10.3686 39005
10.371 39058
10.3734 39111
10.3758 39164
10.3782 39216
10.3806 39268
10.383 39320
10.3853 39372
10.3877 39424
10.3901 39476
10.3925 39528
10.3949 39580
10.3973 39632
10.3997 39684
10.4021 39736
10.4045 39788
10.4069 39840
10.4092 39892
10.4116 39943
10.414 39994
10.4164 40045
10.4188 40096
10.4212 40147
10.4236 40198
10.426 40249
10.4284 40300
10.4308 40351
10.4331 40402
10.4355 40453
10.4379 40504
10.4403 40555
10.4427 40606
10.4451 40657
10.4475 40708
10.4499 40758
10.4523 40808
10.4547 40858
10.4571 40908
10.4594 40958
10.4618 41008
10.4642 41058
10.4666 41108
10.469 41158
10.4714 41208
10.4738 41258
10.4762 41308
10.4786 41358
10.481 41408
10.4833 41458
10.4857 41508
10.4881 41557
10.4905 41606
10.4929 41655
10.4953 41704
10.4977 41753
10.5001 41802
10.5025 41851
10.5049 41900
10.5073 41949
10.5096 41998
10.512 42047
10.5144 42096
10.5168 42145
10.5192 42194
10.5216 42243
10.524 42292
10.5264 42341
10.5288 42389
10.5312 42437
10.5335 42485
10.5359 42533
10.5383 42581
10.5407 42629
10.5431 42677
10.5455 42725
10.5479 42773
10.5503 42821
10.5527 42869
10.5551 42917
10.5574 42965
10.5598 43013
10.5622 43061
10.5646 43109
10.567 43157
10.5694 43205
10.5718 43252
10.5742 43299
10.5766 43346
10.579 43393
10.5814 43440
10.5837 43487
10.5861 43534
10.5885 43581
10.5909 43628
10.5933 43675
10.5957 43722
10.5981 43769
10.6005 43816
10.6029 43863
10.6053 43910
10.6076 43957
10.61 44004
10.6124 44051
10.6148 44098
10.6172 44145
10.6196 44191
10.622 44237
10.6268 44283
10.6292 44329
10.6316 44375
10.6339 44421
10.6363 44467
10.6387 44513
10.6411 44559
10.6435 44605
10.6459 44651
10.6483 44697
10.6531 44743
10.6555 44789
10.6578 44835
10.6602 44881
10.6626 44927
10.665 44973
10.6674 45019
10.6698 45065
10.6722 45111
10.6746 45156
10.677 45201
10.6794 45246
10.6818 45291
10.6842 45336
10.6865 45381
10.6889 45426
10.6913 45471
10.6937 45516
10.6961 45561
10.6985 45606
10.7009 45651
10.7033 45696
10.7057 45741
10.708 45786
10.7104 45831
10.7128 45876
10.7152 45921
10.7176 45966
10.72 46011
10.7224 46056
10.7248 46101
10.7272 46145
10.7296 46189
10.7319 46233
10.7343 46277
10.7367 46321
10.7391 46365
10.7415 46409
10.7439 46453
10.7463 46497
10.7487 46541
10.7511 46585
10.7535 46629
10.7559 46673
10.7582 46717
10.7606 46761
10.763 46805
10.7654 46849
10.7678 46893
10.7702 46937
10.7726 46981
10.775 47025
10.7774 47069
10.7798 47113
10.7821 47157
10.7845 47200
10.7869 47243
10.7893 47286
10.7917 47329
10.7941 47372
10.7965 47415
10.7989 47458
10.8013 47501
10.8037 47544
10.8061 47587
10.8084 47630
10.8108 47673
10.8132 47716
10.8156 47759
10.818 47802
10.8204 47845
10.8228 47888
10.8252 47931
10.8276 47974
10.83 48017
10.8323 48060
10.8347 48103
10.8371 48146
10.8395 48189
10.8419 48232
10.8443 48274
10.8467 48316
10.8491 48358
10.8515 48400
10.8539 48442
10.8562 48484
10.8586 48526
10.861 48568
10.8634 48610
10.8658 48652
10.8682 48694
10.8706 48736
10.873 48778
10.8754 48820
10.8778 48862
10.8802 48904
10.8825 48946
10.8849 48988
10.8873 49030
10.8897 49072
10.894 23040
10.9438 23130
10.9462 23219
10.9485 23308
10.951 23396
10.9534 23484
10.9558 23572
10.9582 23659
10.9606 23746
10.9722 23833
10.9746 23920
10.977 24006
10.9794 24092
10.9818 24178
10.9842 24263
10.9866 24348
10.9889 24433
11.0003 24517
11.0027 24601
11.0051 24685
11.0075 24769
11.0099 24852
11.0123 24935
11.0146 25018
11.017 25100
11.0286 25182
11.0309 25264
11.0333 25346
11.0357 25427
11.0381 25508
11.0405 25589
11.0429 25670
11.0453 25750
11.0556 25830
11.058 25910
11.0626 10800
11.1106 10992
11.113 11180
11.1154 11365
11.1375 11547
11.1399 11726
11.1423 11902
11.1644 12076
11.1668 12247
11.1692 12416
11.1715 12583
11.1925 12747
11.1948 12909
11.1972 13069
11.1996 13227
11.2205 13383
11.2229 13537
11.2253 13690
11.2277 13841
11.2474 13990
11.2498 14138
11.2522 14284
11.2546 14429
11.2743 14572
11.2767 14714
11.2791 14854
11.2815 14993
11.2839 15131
11.3024 15268
11.3048 15403
11.3072 15537
11.3096 15670
11.312 15802
11.3305 15933
11.3329 16063
11.3353 16192
11.3377 16320
11.3401 16447
11.3586 16573
11.361 16698
11.3634 16822
11.3657 16945
11.3681 17067
11.3855 17188
11.3879 17308
11.3902 17427
11.3926 17545
11.395 17663
11.4124 17780
11.4147 17896
11.4171 18011
11.4195 18126
11.4219 18240
11.4243 18353
11.4404 18465
11.4428 18577
11.4464 18688
11.4488 7200
11.5002 7488
11.5026 7764
11.5271 8031
11.5295 8289
11.554 8539
11.5564 8781
11.5809 9017
11.5833 9246
11.5857 9470
11.609 9688
11.6114 9902
11.6138 10111
11.6371 10316
11.6395 10517
11.6418 10714
11.664 10907
11.6663 11097
11.6687 11283
11.6908 11466
11.6932 11646
11.6956 11824
11.7177 11999
11.7201 12171
11.7225 12341
11.7249 12509
11.7458 12674
11.7482 12837
11.7506 12998
11.753 13157
11.7739 13314
11.7763 13469
11.7787 13622
11.7811 13774
11.8008 13924
11.8032 14072
11.8056 14219
11.8092 14364
11.8289 5040
11.8817 5451
11.9086 5831
11.9355 6186
11.9378 6521
11.9635 6838
11.9659 7141
11.9916 7431
11.994 7710
12.0197 7978
12.0221 8237
12.0466 8488
12.049 8732
12.0735 8969
12.0759 9200
12.0783 9425
12.1016 9645
12.104 9859
12.1064 10069
12.1297 10274
12.1321 10475
12.1344 10672
12.1577 10866
12.1601 11056
12.1625 11243
12.1846 11427
12.187 11608
12.1894 11786
12.2115 11961
12.2139 12134
12.2163 12304
12.2187 12472
12.2396 12638
12.242 12802
12.2444 12963
12.2468 13122
12.2677 13280
12.2701 13436
12.2737 13590
12.2761 5040
12.3311 5451
12.3592 2880
12.413 3600
12.4411 4176
12.4691 4672
12.4972 5115
12.5241 5520
12.551 5895
12.5779 6246
12.5803 6577
12.6062 6892
12.6086 7192
12.6347 7480
12.6371 7757
12.6628 8024
12.6652 8282
12.6897 8532
12.6921 8775
12.7168 9011
12.7193 9241
12.7217 9465
12.7449 9684
12.7474 9898
12.7498 10107
12.773 10312
12.7755 10513
12.7778 10710
12.7999 10903
12.8023 11093
12.8047 11279
12.8268 11462
12.8292 11642
12.8316 11820
12.8539 11995
12.8563 12167
12.8587 12337
12.8611 12505
12.882 12670
12.8844 12833
12.8868 12994
12.8892 13153
12.9101 13310
12.9125 13465
12.9149 13618
12.9173 13770
12.937 13920
12.9394 14068
12.9418 14215
12.9442 14360
12.9639 14504
12.9663 14646
12.9687 14787
12.9711 14927
12.9908 15065
12.9932 15202
12.9956 15338
12.9979 15473
13.0003 15607
13.0189 15739
13.0213 15870
13.0236 16000
13.026 16129
13.0284 16257
13.0469 16384
13.0493 16510
13.0517 16635
13.0541 16759
13.0565 16882
13.0738 17004
13.0762 17125
13.0786 17246
13.081 17366
13.0834 17485
13.1007 17603
13.1031 17720
13.1055 17837
13.1079 17953
13.1103 18068
13.1127 18182
13.1288 18296
13.1312 18409
13.1336 18521
13.136 18632
13.1384 18743
13.1408 18853
13.1569 18962
13.1593 19071
13.1617 19179
13.1641 19287
13.1665 19394
13.1688 19500
13.1838 19606
13.1862 19711
13.1886 19816
13.191 19920
13.1933 20024
13.1957 20127
13.2107 20230
13.2131 20332
13.2155 20433
13.2178 20534
13.2202 20634
13.2226 20734
13.2376 20834
13.24 20933
13.2423 21032
13.2447 21130
13.2471 21228
13.2495 21325
13.2519 21422
13.2656 21518
13.268 21614
13.2704 21709
13.2728 21804
13.2752 21899
13.2776 21993
13.28 22087
13.2937 22180
13.2961 22273
13.2985 22366
13.3009 22458
13.3033 22550
13.3057 22641
13.3081 22732
13.3206 22823
13.323 22913
13.3254 23003
13.3278 23093
13.3302 23182
13.3326 23271
13.335 23360
13.3475 23448
13.3499 23536
13.3523 23624
13.3547 23711
13.3571 23798
13.3595 23885
13.3619 23971
13.3642 24057
13.3756 24143
13.378 24228
13.3804 24313
13.3828 24398
13.3852 24482
13.3876 24566
13.3899 24650
13.3923 24734
13.4037 24817
13.4061 24900
13.4085 24983
13.4109 25066
13.4132 25148
13.4156 25230
13.418 25312
13.4204 25393
13.4306 25474
13.433 25555
13.4354 25636
13.4377 25716
13.4401 25796
13.4425 25876
13.4449 25956
13.4473 26035
13.4575 26114
13.4599 26193
13.4622 26272
13.4646 26350
13.467 26428
13.4694 26506
13.4718 26584
13.4742 26662
13.4766 26739
13.4855 26816
13.4879 26893
13.4903 26970
13.4927 27046
13.4951 27122
13.4975 27198
13.4999 27274
13.5023 27350
13.5047 27425
13.5136 27500
13.516 27575
13.5184 27650
13.5208 27724
13.5232 27798
13.5256 27872
13.528 27946
13.5304 28020
13.5328 28094
13.5405 28167
13.5429 28240
13.5453 28313
13.5477 28386
13.5501 28459
13.5525 28531
13.5549 28603
13.5573 28675
13.5596 28747
13.5674 28819
13.5698 28890
13.5722 28961
13.5746 29032
13.577 29103
13.5794 29174
13.5818 29245
13.5841 29315
13.5865 29385
13.5943 29455
13.5967 29525
13.5991 29595
13.6015 29665
13.6039 29734
13.6063 29803
13.6086 29872
13.611 29941
13.6134 30010
13.6159 30079
13.6224 30147
13.6248 30215
13.6272 30283
13.6296 30351
13.6319 30419
13.6343 30487
13.6367 30555
13.6391 30622
13.6415 30689
13.644 30756
13.6505 30823
13.6529 30890
13.6553 30957
13.6576 31023
13.66 31089
13.6624 31155
13.6648 31221
13.6672 31287
13.6696 31353
13.6721 31419
13.6774 31484
13.6798 31549
13.6821 31614
13.6845 31679
13.6869 31744
13.6893 31809
13.6917 31874
13.6941 31939
13.6965 32003
13.699 32067
13.7042 32131
13.7066 32195
13.709 32259
13.7114 32323
13.7138 32387
13.7162 32451
13.7186 32514
13.721 32577
13.7234 32640
13.7259 32703
13.7283 32766
13.7323 32829
13.7347 32892
13.7371 32955
13.7395 33017
13.7419 33079
13.7443 33141
13.7467 33203
13.7491 33265
13.7515 33327
13.754 33389
13.7564 33451
13.7604 33512
13.7628 33573
13.7652 33634
13.7676 33695
13.77 33756
13.7724 33817
13.7748 33878
13.7772 33939
13.7795 34000
13.7821 34060
13.7845 34120
13.7873 34180
13.7897 34240
13.7921 34300
13.7945 34360
13.7969 34420
13.7993 34480
13.8017 34540
13.804 34600
13.8064 34659
13.809 34718
13.8113 34777
13.8142 34836
13.8166 34895
13.8202 34954
13.8226 15840
13.8663 15970
13.8687 16099
13.8712 16227
13.874 16354
13.8764 16480
13.8932 16605
13.8956 16729
13.8981 16852
13.9009 16975
13.9033 17097
13.9201 17218
13.9225 17338
13.925 17457
13.9278 17575
13.9302 17692
13.947 17809
13.9494 17925
13.9518 18040
13.9542 18154
13.9566 18268
13.959 18381
13.9751 18493
13.9775 18605
13.9799 18716
13.9823 18826
13.9847 18936
13.9871 19045
14.0032 19153
14.0056 19261
14.008 19368
14.0104 19475
14.0128 19581
14.0152 19686
14.0301 19791
14.0325 19895
14.0349 19999
14.0373 20102
14.0397 20205
14.0421 20307
14.057 20409
14.0593 20510
14.0618 20611
14.0642 20711
14.0666 20811
14.069 20910
14.0714 21009
14.085 21107
14.0874 21205
14.0899 21302
14.0923 21399
14.0947 21495
14.0971 21591
14.0994 21687
14.1131 21782
14.1155 21877
14.118 21971
14.1204 22065
14.1227 22158
14.1251 22251
14.1275 22344
14.14 22436
14.1424 22528
14.1449 22620
14.1472 22711
14.1496 22802
14.152 22892
14.1544 22982
14.1669 23072
14.1693 23161
14.1717 23250
14.1741 23339
14.1765 23427
14.1789 23515
14.1938 23603
14.1962 23690
14.1986 23777
14.201 23864
14.2034 23950
14.2081 24036
14.2219 24122
14.2243 24207
14.2267 24292
14.229 24377
14.2314 24462
14.2338 24546
14.2362 24630
14.2386 24714
14.25 24797
14.2523 24880
14.2547 24963
14.2571 25046
14.2595 25128
14.2619 25210
14.2643 25292
14.2667 25373
14.2768 25454
14.2792 25535
14.2816 25616
14.284 25696
14.2864 25776
14.2888 25856
14.2912 25936
14.2936 26015
14.3037 26094
14.3061 26173
14.3109 11520
14.3575 11700
14.3599 11877
14.3623 12051
14.365 12223
14.3856 12392
14.388 12559
14.3904 12724
14.393 12886
14.4137 13046
14.4161 13204
14.4185 13361
14.4211 13516
14.4418 13669
14.4442 13820
14.4468 13970
14.4492 14118
14.469 14264
14.4714 14409
14.4738 14552
14.4762 14694
14.4959 14835
14.4983 14974
14.5007 15112
14.5031 15249
14.5055 15384
14.524 15518
14.5264 15651
14.5288 15783
14.5312 15914
14.5336 16044
14.5521 16173
14.5557 16301
14.5581 6480
14.6107 6800
14.6131 7104
14.639 7395
14.6414 7675
14.6671 7945
14.6695 8205
14.694 8457
14.7209 2880
14.7747 3600
14.8027 4176
14.8308 4672
14.8589 5115
14.8858 5520
14.9127 5895
14.9396 6246
14.942 6577
14.9677 6892
14.9701 7192
14.9958 7480
14.9981 7757
15.0238 8024
15.0262 8282
15.0507 8532
15.0531 8775
15.0776 9011
15.08 9241
15.0824 9465
15.1057 9684
15.1081 9898
15.1105 10107
15.1338 10312
15.1362 10513
15.1389 10710
15.1607 10903
15.1631 11093
15.1658 11279
15.1876 11462
15.19 11642
15.1927 11820
15.2145 11995
15.2168 12167
15.2194 12337
15.2218 12505
15.2425 12670
15.2451 12833
15.2475 12994
15.25 13153
15.2706 13310
15.2732 13465
15.2756 13618
15.2781 13770
15.2975 13920
15.3001 14068
15.3025 14215
15.305 14360
15.3244 14504
15.327 14646
15.3294 14787
15.3319 14927
15.3513 15065
15.3537 15202
15.3563 15338
15.3587 15473
15.3612 15607
15.3795 15739
15.382 15870
15.3844 16000
15.3867 16129
15.3893 16257
15.4076 16384
15.41 16510
15.4124 16635
15.4148 16759
15.4173 16882
15.4345 17004
15.4369 17125
15.4393 17246
15.4417 17366
15.4442 17485
15.4614 17603
15.4638 17720
15.4662 17837
15.4686 17953
15.471 18068
15.4734 18182
15.4895 18296
15.4919 18409
15.4943 18521
15.4967 18632
15.4991 18743
15.5015 18853
15.5176 18962
15.52 19071
15.5224 19179
15.5248 19287
15.5272 19394
15.5296 19500
15.5448 19606
15.5493 7920
15.6001 8181
15.6025 8434
15.627 8679
15.6294 8917
15.6542 9149
15.6566 9375
15.6589 9596
15.6823 9812
15.6846 10023
15.687 10229
15.7103 10431
15.7127 10629
15.7151 10824
15.7372 11015
15.7396 11203
15.742 11388
15.7641 11570
15.7665 11749
15.7689 11925
15.791 12098
15.7934 12269
15.7958 12438
15.7982 12604
15.8191 12768
15.8215 12930
15.8239 13090
15.8263 13248
15.8472 13404
15.852 5040
15.9046 5451
15.9318 5831
15.9589 6186
15.9613 6521
15.987 6838
15.9894 7141
16.0151 7431
16.0175 7710
16.0432 7978
16.0456 8237
16.0701 8488
16.0725 8732
16.097 8969
16.0994 9200
16.1018 9425
16.1254 9645
16.1278 9859
16.1538 2880
16.2076 3600
16.2357 4176
16.2638 4672
16.2919 5115
16.3187 5520
16.3456 5895
16.3728 6246
16.3752 6577
16.4009 6892
16.4033 7192
16.429 7480
16.4314 7757
16.4571 8024
16.4594 8282
16.4839 8532
16.4863 8775
16.5108 9011
16.5132 9241
16.516 9465
16.5389 9684
16.5413 9898
16.5444 10107
16.5682 10312
16.5713 3600
16.6256 4176
16.6537 4672
16.6821 5115
16.7092 5520
16.7361 5895
16.763 6246
16.7654 6577
16.7913 6892
16.7937 7192
16.8194 7480
16.8218 7757
16.8475 8024
16.8499 8282
16.8744 8532
16.8772 8775
16.9013 9011
16.9041 9241
16.9064 9465
16.9298 9684
16.9324 9898
16.9348 10107
16.9578 10312
16.9605 10513
16.9629 10710
16.9847 10903
16.9874 11093
16.9898 11279
17.0116 11462
17.0143 11642
17.0167 11820
17.0385 11995
17.0412 12167
17.0435 12337
17.0459 12505
17.0666 12670
17.0692 12833
17.0716 12994
17.074 13153
17.0947 13310
17.0973 13465
17.0997 13618
17.1021 13770
17.1216 13920
17.1242 14068
17.1266 14215
17.129 14360
17.1485 14504
17.1511 14646
17.1535 14787
17.1559 14927
17.1753 15065
17.1777 15202
17.1804 15338
17.1828 15473
17.1852 15607
17.2034 15739
17.2058 15870
17.2085 16000
17.2109 16129
17.2137 16257
17.2315 16384
17.2342 16510
17.2366 16635
17.239 16759
17.2414 16882
17.2584 17004
17.2611 17125
17.2635 17246
17.2659 17366
17.2683 17485
17.2853 17603
17.288 17720
17.2904 17837
17.2928 17953
17.2952 18068
17.298 18182
17.3134 18296
17.3161 18409
17.3185 18521
17.3209 18632
17.3233 18743
17.326 18853
17.3415 18962
17.3442 19071
17.3466 19179
17.3489 19287
17.3513 19394
17.3537 19500
17.3684 19606
17.3711 19711
17.3734 19816
17.3758 19920
17.3786 20024
17.381 20127
17.3952 20230
17.3979 20332
17.4003 20433
17.4027 20534
17.4055 20634
17.4079 20734
17.4221 20834
17.4245 20933
17.4272 21032
17.4296 21130
17.432 21228
17.4344 21325
17.4368 21422
17.4502 21518
17.4526 21614
17.4553 21709
17.4577 21804
17.4601 21899
17.4629 21993
17.4653 22087
17.4783 22180
17.481 22273
17.4834 22366
17.4858 22458
17.4882 22550
17.4906 22641
17.493 22732
17.5052 22823
17.5079 22913
17.5103 23003
17.5127 23093
17.5151 23182
17.5175 23271
17.5198 23360
17.5321 23448
17.5348 23536
17.5372 23624
17.542 23711
17.5443 23798
17.5467 23885
17.5491 23971
17.5604 24057
17.5629 24143
17.5653 24228
17.57 24313
17.5724 24398
17.5748 24482
17.5772 24566
17.5796 24650
17.5885 24734
17.591 24817
17.5933 24900
17.5981 24983
17.6005 25066
17.6029 25148
17.6053 25230
17.6077 25312
17.6153 25393
17.6178 25474
17.6202 25555
17.625 25636
17.6274 25716
17.6298 25796
17.6322 25876
17.6346 25956
17.6422 26035
17.6447 26114
17.6471 26193
17.6519 26272
17.6543 26350
17.6567 26428
17.6591 26506
17.6615 26584
17.6639 26662
17.6703 26739
17.6728 26816
17.6752 26893
17.6802 26970
17.6826 27046
17.685 27122
17.6874 27198
17.6898 27274
17.6922 27350
17.6984 27425
17.7009 27500
17.7033 27575
17.7083 27650
17.7107 27724
17.7131 27798
17.7155 27872
17.7179 27946
17.7203 28020
17.7265 28094
17.729 28167
17.7314 28240
17.7352 28313
17.7376 28386
17.74 28459
17.7424 28531
17.7448 28603
17.7472 28675
17.7534 28747
17.7559 28819
17.7583 28890
17.7624 28961
17.7648 29032
17.7671 29103
17.7695 29174
17.7719 29245
17.7743 29315
17.7803 29385
17.7828 29455
17.7852 29525
17.7875 29595
17.7905 29665
17.7928 29734
17.7952 29803
17.7976 29872
17.8 29941
17.8024 30010
17.8084 30079
17.8109 30147
17.8132 30215
17.8156 30283
17.8185 30351
17.8209 30419
17.8233 30487
17.8257 30555
17.8281 30622
17.8305 30689
17.8364 30756
17.8389 30823
17.8413 30890
17.8441 30957
17.8465 31023
17.8489 31089
17.8537 13680
17.8991 13831
17.9015 13980
17.9039 14128
17.9063 14274
17.926 14419
17.9286 14562
17.931 14704
17.9334 14845
17.9529 14984
17.9553 15122
17.9577 15259
17.9601 15394
17.9624 15528
17.981 15661
17.9834 15793
17.9857 15924
17.9881 16054
17.9905 16183
18.0091 16311
18.0114 16438
18.0138 16564
18.0162 16689
18.0186 16813
18.0359 16936
18.0383 17058
18.0407 17179
18.0431 17299
18.0455 17418
18.0629 17537
18.0653 17655
18.0677 17772
18.0701 17888
18.0725 18003
18.0749 18118
18.091 18232
18.0934 18345
18.0958 18458
18.0982 18570
18.1006 18681
18.103 18792
18.1191 18902
18.1215 19011
18.1239 19120
18.1263 19228
18.1287 19335
18.1311 19442
18.146 19548
18.1484 19654
18.1508 19759
18.1532 19863
18.1556 19967
18.158 20070
18.1729 20173
18.1753 20275
18.1777 20377
18.1801 20478
18.1825 20579
18.1849 20679
18.1998 20779
18.2022 20878
18.2046 20977
18.207 21075
18.2093 21173
18.2118 21270
18.2142 21367
18.2279 21464
18.2303 21560
18.2327 21656
18.235 21751
18.2374 21846
18.2399 21940
18.2423 22034
18.2559 22128
18.2583 22221
18.2607 22314
18.2631 22406
18.2656 22498
18.268 22590
18.2704 22681
18.2828 22772
18.2852 22863
18.2876 22953
18.29 23043
18.2925 23132
18.2949 23221
18.2973 23310
18.3097 23398
18.3121 23486
18.3145 23574
18.3169 23661
18.3194 23748
18.3218 23835
18.3242 23921
18.3265 24007
18.3378 24093
18.3402 24179
18.3426 24264
18.345 24349
18.3475 24434
18.3498 24518
18.3522 24602
18.3546 24686
18.3659 24769
18.3683 24852
18.3707 24935
18.3731 25018
18.3779 10800
18.4257 10992
18.4281 11180
18.4305 11365
18.4526 11547
18.455 11726
18.4574 11902
18.4795 12076
18.4819 12247
18.4843 12416
18.4867 12583
18.5076 12747
18.51 12909
18.5124 13069
18.5147 13227
18.5357 13383
18.538 13537
18.5404 13690
18.5428 13841
18.5625 13990
18.5649 14138
18.5673 14284
18.5697 14429
18.5894 14572
18.5918 14714
18.5942 14854
18.5966 14993
18.599 15131
18.6175 15268
18.6199 15403
18.6223 15537
18.6247 15670
18.6271 15802
18.6456 15933
18.648 16063
18.6504 16192
18.6528 16320
18.6552 16447
18.6737 16573
18.6761 16698
18.6785 16822
18.6809 16945
18.6833 17067
18.7006 17188
18.703 17308
18.7054 17427
18.7077 17545
18.7101 17663
18.7275 17780
18.7299 17896
18.7322 18011
18.7346 18126
18.737 18240
18.7394 18353
18.7556 18465
18.7579 18577
18.7603 18688
18.7627 18798
18.7651 18908
18.7675 19017
18.7836 19126
18.786 19234
18.7884 19341
18.7908 19448
18.7932 19554
18.7956 19660
18.8105 19765
18.8129 19869
18.8153 19973
18.8177 20076
18.8201 20179
18.8374 20281
18.8398 20383
18.8422 20484
18.8446 20585
18.847 20685
18.8494 20785
18.8655 20884
18.8679 20983
18.8703 21081
18.8727 21179
18.8751 21276
18.8775 21373
18.8798 21470
18.8936 21566
18.896 21662
18.8984 21757
18.9008 21852
18.9055 21946
18.9079 22040
18.9217 22134
18.9241 22227
18.9265 22320
18.9288 22412
18.9324 22504
18.9348 22596
18.9372 22687
18.9486 22778
18.951 22869
18.9533 22959
18.9557 23049
18.9593 23138
18.9617 23227
18.9641 23316
18.9755 23404
18.9778 23492
18.9802 23580
18.9826 23667
18.985 23754
18.9874 23841
18.9898 23927
18.9922 24013
19.0035 24099
19.0059 24185
19.0083 24270
19.0107 24355
19.0131 24440
19.0155 24524
19.0179 24608
19.0203 24692
19.0316 24775
19.034 24858
19.0364 24941
19.0388 25024
19.0412 25106
19.0436 25188
19.046 25270
19.0484 25352
19.0585 25433
19.0609 25514
19.0633 25595
19.0657 25676
19.0681 25756
19.0705 25836
19.0729 25916
19.0752 25996
19.0854 26075
19.0878 26154
19.0902 26233
19.0926 26312
19.095 26390
19.0974 26468
19.0997 26546
19.1021 26624
19.1045 26701
19.1135 26778
19.1159 26855
19.1183 26932
19.1207 27008
19.123 27084
19.1254 27160
19.1278 27236
19.1302 27312
19.1326 27387
19.1416 27462
19.144 27537
19.1464 27612
19.1488 27687
19.1511 27761
19.1535 27835
19.1559 27909
19.1583 27983
19.1609 28057
19.1685 28130
19.1709 28203
19.1733 28276
19.1756 28349
19.178 28422
19.1804 28494
19.1828 28566
19.1852 28638
19.1878 28710
19.1955 28782
19.1979 28854
19.2002 28925
19.2026 28996
19.205 29067
19.2074 29138
19.2098 29209
19.2122 29279
19.2147 29349
19.2224 29419
19.2247 29489
19.2271 29559
19.2295 29629
19.2319 29698
19.2343 29767
19.2367 29836
19.2391 29905
19.2415 29974
19.244 30043
19.2504 30112
19.2528 30180
19.2552 30248
19.2576 30316
19.26 30384
19.2624 30452
19.2648 30520
19.2672 30587
19.2696 30654
19.2721 30721
19.2788 30788
19.2812 30855
19.2836 30922
19.286 30989
19.2883 31055
19.2907 31121
19.2931 31187
19.2955 31253
19.3003 31319
19.3057 31385
19.3105 31451
19.3128 31516
19.3152 31581
19.3176 31646
19.32 31711
19.3224 31776
19.3272 31841
19.3296 31906
19.3326 31970
19.3373 32034
19.3397 32098
19.3421 32162
19.3445 32226
19.3469 32290
19.3493 32354
19.3517 32418
19.3541 32481
19.3565 32544
19.3589 32607
19.3614 32670
19.3654 32733
19.3678 32796
19.3702 32859
19.3726 32922
19.375 32984
19.3774 33046
19.3798 33108
19.3822 33170
19.3845 33232
19.3869 33294
19.3899 33356
19.3935 33418
19.3959 33480
19.3983 33541
19.4007 33602
19.4031 33663
19.4055 33724
19.4079 33785
19.4127 15120
19.4569 15257
19.4593 15392
19.4617 15526
19.4641 15659
19.4665 15791
19.485 15922
19.4874 16052
19.4898 16181
19.4925 16309
19.4949 16436
19.5131 16562
19.5154 16687
19.5178 16811
19.5206 16934
19.523 17056
19.5399 17177
19.5423 17297
19.5447 17416
19.5475 17535
19.5498 17653
19.567 17770
19.5694 17886
19.5718 18001
19.5746 18116
19.577 18230
19.5794 18343
19.5951 18456
19.5975 18568
19.5999 18679
19.6027 18790
19.6051 18900
19.6075 19009
19.6232 19118
19.6256 19226
19.628 19333
19.6308 19440
19.6332 19546
19.6355 19652
19.6503 19757
19.6527 19861
19.6551 19965
19.6579 20068
19.6603 20171
19.6627 20273
19.6772 20375
19.6796 20476
19.682 20577
19.6852 20677
19.6876 20777
19.69 20876
19.6924 20975
19.7053 21073
19.7077 21171
19.7101 21268
19.7133 21365
19.7161 21462
19.7185 21558
19.7209 21654
19.7334 21749
19.7358 21844
19.7382 21938
19.7416 22032
19.7442 22126
19.7466 22219
19.7489 22312
19.7603 22404
19.7627 22496
19.7651 22588
19.7685 22679
19.7715 22770
19.7738 22861
19.7762 22951
19.7872 23041
19.7896 23130
19.792 23219
19.7954 23308
19.7983 23396
19.8007 23484
19.8031 23572
19.8141 23659
19.8165 23746
19.8189 23833
19.8212 23920
19.8239 24006
19.8264 24092
19.8288 24178
19.8312 24263
19.8422 24348
19.8445 24433
19.8469 24517
19.8493 24601
19.852 24685
19.8545 24769
19.8569 24852
19.8593 24935
19.8705 25018
19.8729 25100
19.8753 25182
19.8777 25264
19.8801 25346
19.8826 25427
19.885 25508
19.8874 25589
19.8974 25670
19.8998 25750
19.9022 25830
19.9046 25910
19.907 25990
19.9095 26069
19.9119 26148
19.9143 26227
19.9243 26306
19.9267 26384
19.9291 26462
19.9315 26540
19.9339 26618
19.9364 26695
19.9388 26772
19.9412 26849
19.9435 26926
19.9524 27003
19.9548 27079
19.9572 27155
19.9596 27231
19.9619 27307
19.9645 27382
19.9668 27457
19.9692 27532
19.9716 27607
19.9805 27682
19.9829 27756
19.9852 27830
19.9876 27904
19.99 27978
19.9925 28052
19.9949 28125
19.9973 28198
19.9997 28271
20.0074 28344
20.0097 28417
20.0133 28489
20.0157 12240
20.0623 12409
20.0647 12576
20.0683 12740
20.0707 12902
20.0904 13062
20.0928 13220
20.0964 13376
20.0988 13531
20.1185 13684
20.1209 13835
20.1233 13984
20.1257 14132
20.1454 14278
20.1478 14423
20.1502 14566
20.1526 14708
20.1723 14848
20.1747 14987
20.1771 15125
20.1795 15262
20.1819 15397
20.2007 15531
20.2031 15664
20.2055 15796
20.2079 15927
20.2103 16057
20.229 16186
20.2314 16314
20.2338 16441
20.2362 16567
20.2386 16692
20.2559 16816
20.2583 16939
20.2607 17061
20.2631 17182
20.2655 17302
20.2828 17421
20.2852 17540
20.2876 17658
20.29 17775
20.2924 17891
20.2948 18006
20.3109 18121
20.3133 18235
20.3157 18348
20.3181 18461
20.3205 18573
20.3229 18684
20.339 18794
20.3414 18904
20.3438 19013
20.3462 19122
20.3486 19230
20.3509 19337
20.3671 19444
20.3695 19550
20.3719 19656
20.3743 19761
20.3766 19865
20.379 19969
20.394 20072
20.3964 20175
20.3988 20277
20.4011 20379
20.4035 20480
20.4059 20581
20.4211 20681
20.4235 20781
20.4259 20880
20.4282 20979
20.4306 21077
20.433 21175
20.4354 21272
20.4492 21369
20.4516 21466
20.454 21562
20.4564 21658
20.4588 21753
20.4612 21848
20.4636 21942
20.4772 22036
20.4797 22130
20.4821 22223
20.4845 22316
20.4869 22408
20.4893 22500
20.4917 22592
20.5041 22683
20.5066 22774
20.509 22865
20.5138 9360
20.5631 9581
20.5655 9797
20.5678 10008
20.5911 10215
20.5935 10417
20.5959 10616
20.6192 10811
20.6216 11002
20.624 11190
20.6461 11375
20.6485 11557
20.6509 11736
20.673 11912
20.6754 12086
20.6778 12257
20.6802 12426
20.7011 12592
20.7035 12756
20.7059 12918
20.7084 13078
20.7292 13236
20.7316 13392
20.734 13546
20.7364 13699
20.7561 13850
20.7585 13999
20.7609 14147
20.7633 14293
20.783 14438
20.7854 14581
20.7877 14723
20.7902 14863
20.8099 15002
20.8122 15140
20.8146 15276
20.817 15411
20.8195 15545
20.8379 15678
20.8403 15810
20.8427 15941
20.8451 16071
20.8476 16200
20.8684 6480
20.9202 6800
20.9225 7104
20.9486 7395
20.951 7675
20.9767 7945
20.9791 8205
21.0036 8457
21.006 8702
21.0305 8940
21.0329 9171
21.0352 9397
21.0585 9617
21.0609 9832
21.0633 10042
21.0868 10248
21.0892 10450
21.0916 10648
21.1149 10842
21.1173 11033
21.1197 11220
21.1418 11404
21.1442 11585
21.1466 11763
21.1687 11939
21.1711 12112
21.1734 12283
21.1758 12451
21.1968 12617
21.1991 12781
21.2015 12943
21.2039 13103
21.2248 13261
21.2272 13417
21.2296 13571
21.232 13723
21.2517 13874
21.2541 14023
21.2565 14170
21.2589 14316
21.2786 14460
21.281 14603
21.2834 14744
21.2858 14884
21.3055 15023
21.3079 15161
21.3103 15297
21.3127 15432
21.3151 15566
21.3336 15699
21.336 15831
21.3384 15961
21.3408 16090
21.3432 16218
21.3617 16345
21.3641 16471
21.3665 16596
21.3688 16720
21.3712 16844
21.3886 16967
21.391 17089
21.3933 17210
21.3981 17330
21.4155 17449
21.4178 17567
21.4202 17685
21.425 17802
21.4274 17918
21.4298 18033
21.4435 18147
21.4459 18261
21.4483 18374
21.4531 18486
21.4555 18598
21.4579 18709
21.4716 18819
21.474 18929
21.4812 19038
21.4836 19146
21.486 19254
21.4997 19361
21.5021 19468
21.5081 19574
21.5105 19679
21.5129 19784
21.5152 19888
21.5266 19992
21.529 20095
21.535 20198
21.5374 20300
21.5397 20402
21.5421 20503
21.5535 20604
21.5559 20704
21.5619 20804
21.5642 20903
21.5666 21002
21.569 21100
21.5714 21198
21.5818 21295
21.5842 21392
21.5902 21488
21.5926 21584
21.595 21680
21.5974 21775
21.5998 21870
21.6099 21964
21.6123 22058
21.6183 22152
21.6207 22245
21.6231 22338
21.6255 22430
21.6278 22522
21.6368 22614
21.6392 22705
21.6452 22796
21.6476 22886
21.65 22976
21.6523 23066
21.6547 23155
21.664 23244
21.6663 23333
21.6723 23421
21.6747 23509
21.6771 23597
21.6795 23684
21.6819 23771
21.6843 23858
21.692 23944
21.6944 24030
21.7004 24116
21.7028 24201
21.7052 24286
21.7076 24371
21.71 24456
21.7124 24540
21.7201 24624
21.7225 24708
21.7285 24791
21.7309 24874
21.7333 24957
21.7357 25040
21.7381 25122
21.7405 25204
21.7473 25286
21.7497 25368
21.7554 25449
21.7578 25530
21.7602 25611
21.7625 25691
21.7649 25771
21.7674 25851
21.7742 25931
21.7766 26010
21.7823 26089
21.7847 26168
21.787 26247
21.7894 26326
21.7918 26404
21.7943 26482
21.8011 26560
21.8035 26638
21.8058 26715
21.8104 26792
21.8127 26869
21.8151 26946
21.8175 27022
21.82 27098
21.8226 27174
21.8294 27250
21.8318 27326
21.8342 27401
21.8384 27476
21.8408 27551
21.8432 27626
21.8456 27701
21.8483 27775
21.8507 27849
21.8575 27923
21.8599 27997
21.8623 28071
21.8655 28144
21.8679 28217
21.8703 28290
21.8727 28363
21.8752 28436
21.8776 28508
21.8844 28580
21.8868 28652
21.8892 28724
21.8924 28796
21.8948 28868
21.8972 28939
21.8996 29010
21.9021 29081
21.9045 29152
21.9117 29223
21.9141 29293
21.9164 29363
21.9193 29433
21.9217 29503
21.9241 29573
21.9265 29643
21.9289 29712
21.9312 29781
21.9338 29850
21.9398 29919
21.9421 29988
21.9445 30057
21.9474 30125
21.9498 30193
21.9522 30261
21.9546 30329
21.9569 30397
21.9595 30465
21.9619 30533
21.9678 30600
21.9702 30667
21.9726 30734
21.9755 30801
21.9779 30868
21.9802 30935
21.9826 31002
21.985 31068
21.9876 31134
21.9899 31200
21.9947 31266
21.9971 31332
21.9995 31398
22.0024 31464
22.0047 31529
22.0071 31594
22.0095 31659
22.0119 31724
22.0144 31789
22.0168 31854
22.0216 31919
22.024 31983
22.0264 32047
22.0292 32111
22.0316 32175
22.034 32239
22.0364 32303
22.0388 32367
22.0412 32431
22.0437 32494
22.0461 32557
22.0509 32620
22.0533 14400
22.0963 14544
22.099 14686
22.1014 14827
22.1061 14966
22.1085 15104
22.1248 15241
22.1272 15377
22.1296 15511
22.1342 15644
22.1366 15776
22.1529 15907
22.1553 16037
22.1577 16166
22.1623 16294
22.1647 16421
22.181 16547
22.1834 16672
22.1857 16796
22.1893 16919
22.1917 17041
22.2079 17162
22.2105 17282
22.2129 17401
22.2162 17520
22.2186 17638
22.2347 17755
22.2374 17871
22.2398 17987
22.2422 18102
22.2446 18216
22.247 18329
22.2628 18442
22.2655 18554
22.2679 18665
22.2703 18776
22.2726 18886
22.275 18995
22.291 19104
22.2938 19212
22.2962 19319
22.2986 19426
22.301 19532
22.3034 19638
22.3179 19743
22.3207 19848
22.3231 19952
22.3255 20055
22.3279 20158
22.3303 20260
22.3448 20362
22.348 20463
22.3504 20564
22.3528 20664
22.3552 20764
22.3576 20863
22.3599 20962
22.3732 21060
22.3761 21158
22.3789 21256
22.3813 21353
22.3836 21450
22.386 21546
22.3884 21642
22.4012 21737
22.4048 21832
22.4072 21926
22.4096 22020
22.412 22114
22.4144 22207
22.4168 22300
22.4281 22392
22.4317 22484
22.4341 22576
22.4365 22667
22.4389 22758
22.4413 22849
22.4437 22939
22.4553 23029
22.4589 23119
22.4612 23208
22.4636 23297
22.466 23386
22.4706 10080
22.521 10285
22.5234 10486
22.5258 10683
22.5458 10877
22.5491 11067
22.5727 11254
22.5763 11438
22.5996 11619
22.602 11797
22.6043 11972
22.6267 12145
22.6291 12315
22.6315 12483
22.6339 12649
22.6548 12812
22.6572 12973
22.6596 13132
22.662 13289
22.6829 13445
22.6853 13599
22.6877 13751
22.6901 13901
22.7104 14050
22.7128 14197
22.7152 14343
22.7176 14487
22.7373 14630
22.7397 14771
22.7421 14911
22.7445 15050
22.7469 15187
22.7654 15323
22.7678 15458
22.7702 15592
22.7726 15724
22.775 15855
22.7937 15985
22.7961 16114
22.7987 16242
22.8011 16369
22.8035 16495
22.8206 16620
22.823 16744
22.8259 16867
22.8283 16989
22.8307 17111
22.8475 17232
22.8499 17352
22.8528 17471
22.8552 17589
22.8575 17706
22.8747 17823
22.8771 17939
22.8795 18054
22.8818 18168
22.8842 18282
22.8866 18395
22.9032 18507
22.9055 18619
22.9079 18730
22.9103 18840
22.9127 18950
22.9151 19059
22.9312 19167
22.9336 19275
22.936 19382
22.9384 19488
22.9408 19594
22.9444 19699
22.9593 7920
22.9985 8181
23.0122 8434
23.0254 8679
23.0395 8917
23.0523 9149
23.0547 9375
23.0675 9596
23.0807 9812
23.0831 10023
23.0956 10229
23.1092 10431
23.1116 10629
23.124 10824
23.1364 11015
23.1388 11203
23.1509 11388
23.1633 11570
23.1657 11749
23.1778 11925
23.1902 12098
23.1926 12269
23.195 12438
23.2062 12604
23.2185 12768
23.2209 12930
23.2233 13090
23.2342 13248
23.2467 13404
23.2491 13558
23.2514 13710
23.2611 13861
23.2736 14010
23.2763 14158
23.2787 14304
23.2883 14448
23.3006 14591
23.3032 14733
23.3056 14873
23.3152 15012
23.3176 15150
23.3287 15286
23.3316 15421
23.334 15555
23.3433 15688
23.3456 15820
23.3568 15951
23.3596 16080
23.3621 16208
23.3717 16335
23.3741 16461
23.3849 16586
23.3873 16711
23.3897 16835
23.3986 16958
23.4013 17080
23.4118 17201
23.4142 17321
23.4166 17440
23.4258 17558
23.4282 17676
23.4387 17793
23.4411 17909
23.4438 18024
23.4462 18139
23.4539 18253
23.4563 18366
23.4671 18478
23.4695 18590
23.4718 18701
23.482 18811
23.4847 18921
23.4951 19030
23.4975 19138
23.4999 19246
23.5103 19353
23.5127 19460
23.5151 19566
23.522 19671
23.5244 19776
23.5271 19880
23.5372 19984
23.5396 20087
23.542 20190
23.5492 20292
23.5516 20394
23.554 20495
23.5641 20596
23.5665 20696
23.5689 20796
23.5713 20895
23.5773 20994
23.5797 21092
23.5925 21190
23.5949 9360
23.6487 9581
23.6511 9797
23.6534 10008
23.677 10215
23.6794 10417
23.6818 10616
23.7051 10811
23.7075 11002
23.7099 11190
23.732 11375
23.7344 11557
23.7367 11736
23.7591 11912
23.7615 12086
23.7639 12257
23.7663 12426
23.7872 12592
23.792 4320
23.8448 4800
23.8717 5232
23.8986 5628
23.9258 5996
23.9527 6341
23.955 6668
23.9807 6978
23.9831 7275
24.0088 7560
24.0112 7834
24.0357 8098
24.0381 8354
24.0626 8602
24.065 8843
24.0897 9077
24.0921 9305
24.0945 9527
24.1178 9744
24.1202 9956
24.1226 10164
24.1459 10368
24.1483 10568
24.1507 10764
24.1731 10956
24.1778 11145
24.2 11331
24.2047 11514
24.2071 11694
24.2268 11871
24.2316 12045
24.234 12217
24.2364 12386
24.2552 12553
24.26 12718
24.2624 12881
24.2647 13041
24.2833 13200
24.2881 13357
24.2904 13512
24.2928 13665
24.3102 13816
24.3149 13966
24.3173 14114
24.3197 14260
24.3373 14405
24.3421 14548
24.3445 14690
24.3469 14831
24.3642 14970
24.3666 15108
24.3702 15245
24.3726 15381
24.3913 15515
24.3937 5760
24.4467 6120
24.4491 6458
24.475 6779
24.4774 7084
24.5031 7376
24.5055 7657
24.5312 7927
24.5336 8188
24.5583 8441
24.5607 8686
24.5876 2880
24.6414 3600
24.6695 4176
24.6976 4672
24.7257 5115
24.7526 5520
24.7794 5895
24.8065 6246
24.8088 6577
24.8345 6892
24.8369 7192
24.8626 7480
24.865 7757
24.891 8024
24.8934 8282
24.9179 8532
24.9202 8775
24.9447 9011
24.9471 9241
24.9495 9465
24.9731 9684
24.9755 9898
24.9779 10107
25.0012 10312
25.0048 10513
25.0072 3600
25.0621 4176
25.0902 4672
25.1183 5115
25.1452 5520
25.1721 5895
25.199 6246
25.2014 6577
25.2271 6892
25.2295 7192
25.2552 7480
25.2575 7757
25.2832 8024
25.2856 8282
25.3101 8532
25.3125 8775
25.337 9011
25.3394 9241
25.3418 9465
25.3651 9684
25.3675 9898
25.3702 10107
25.3932 10312
25.3956 10513
25.3983 10710
25.4201 10903
25.4225 11093
25.4251 11279
25.447 11462
25.4494 11642
25.452 11820
25.474 11995
25.4764 12167
25.4788 12337
25.4816 12505
25.5021 12670
25.5045 12833
25.5069 12994
25.5097 13153
25.5314 13310
25.5338 5040
25.5878 5451
25.6147 5831
25.6416 6186
25.644 6521
25.6697 6838
25.6721 7141
25.6978 7431
25.7001 7710
25.7259 7978
25.7283 8237
25.7528 8488
25.7552 8732
25.7797 8969
25.7821 9200
25.7845 9425
25.8081 9645
25.8105 9859
25.8129 10069
25.8362 10274
25.8386 10475
25.8409 10672
25.8643 10866
25.869 3600
25.9231 4176
25.9514 4672
25.9798 5115
26.0067 5520
26.0338 5895
26.0607 6246
26.0631 6577
26.0888 6892
26.0912 7192
26.1169 7480
26.1193 7757
26.145 8024
26.1474 8282
26.1719 8532
26.1743 8775
26.1988 9011
26.2011 9241
26.2035 9465
26.2268 9684
26.2292 9898
26.2317 10107
26.2549 10312
26.2573 10513
26.2598 10710
26.2818 10903
26.2842 11093
26.2867 11279
26.3087 11462
26.3111 11642
26.3135 11820
26.3356 11995
26.338 12167
26.3404 12337
26.3428 12505
26.3637 12670
26.3661 12833
26.3685 12994
26.3708 13153
26.3918 13310
26.3941 13465
26.3965 13618
26.3992 13770
26.4186 13920
26.421 14068
26.4234 14215
26.4261 14360
26.4455 14504
26.4479 14646
26.4503 14787
26.453 14927
26.4724 15065
26.4748 15202
26.4772 15338
26.4796 15473
26.4822 15607
26.5005 15739
26.5029 15870
26.5053 16000
26.5077 16129
26.5103 16257
26.5286 16384
26.531 16510
26.5334 16635
26.5358 16759
26.5382 16882
26.5555 17004
26.5579 17125
26.5603 17246
26.5627 17366
26.5654 17485
26.5824 17603
26.5848 17720
26.5872 17837
26.5895 17953
26.5919 18068
26.5947 18182
26.6105 18296
26.6129 18409
26.6152 18521
26.6176 18632
26.62 18743
26.6227 18853
26.6409 18962
26.6433 19071
26.6458 19179
26.6484 19287
26.6508 19394
26.6678 19500
26.6702 19606
26.6726 19711
26.675 19816
26.6777 19920
26.6801 20024
26.6947 20127
26.6971 20230
26.6995 20332
26.7019 20433
26.7046 20534
26.707 20634
26.7216 20734
26.724 20834
26.7264 20933
26.7288 21032
26.7315 21130
26.7339 21228
26.7363 21325
26.7497 21422
26.7521 21518
26.7545 21614
26.7569 21709
26.7596 21804
26.762 21899
26.7645 21993
26.7778 22087
26.7802 22180
26.7826 22273
26.7849 22366
26.7873 22458
26.7897 22550
26.7922 22641
26.8047 22732
26.8071 22823
26.8094 22913
26.8122 23003
26.8146 23093
26.817 23182
26.8193 23271
26.8316 23360
26.8339 23448
26.8363 23536
26.8391 23624
26.8414 23711
26.8438 23798
26.8463 23885
26.8488 23971
26.8596 24057
26.862 24143
26.8644 24228
26.8671 24313
26.8695 24398
26.8719 24482
26.8744 24566
26.8769 24650
26.8877 24734
26.8901 24817
26.8925 24900
26.8952 24983
26.8977 25066
26.9001 25148
26.9048 10800
26.9563 10992
26.9586 11180
26.9796 11365
26.9832 11547
26.9856 11726
27.0065 11902
27.0101 12076
27.0125 12247
27.0149 12416
27.0345 12583
27.0382 12747
27.0406 12909
27.043 13069
27.0626 13227
27.0663 13383
27.0687 13537
27.0711 13690
27.0895 13841
27.0932 13990
27.0956 14138
27.0979 14284
27.1164 14429
27.1201 14572
27.1224 14714
27.1248 14854
27.1433 14993
27.1457 15131
27.1482 15268
27.1508 15403
27.1532 15537
27.1714 15670
27.1738 15802
27.1763 15933
27.1793 16063
27.1817 16192
27.1995 16320
27.2019 16447
27.2044 16573
27.207 16698
27.2094 16822
27.2264 16945
27.2288 17067
27.2315 17188
27.2342 17308
27.2366 17427
27.2532 17545
27.2556 17663
27.2588 17780
27.2615 17896
27.2639 18011
27.2663 18126
27.2813 18240
27.2837 18353
27.2869 18465
27.2896 18577
27.292 18688
27.2944 18798
27.3094 18908
27.3118 19017
27.315 19126
27.3177 19234
27.3201 19341
27.3225 19448
27.3363 19554
27.3387 19660
27.3418 19765
27.3448 19869
27.3472 19973
27.3497 20076
27.3635 20179
27.3658 20281
27.3687 20383
27.3717 20484
27.3741 20585
27.3765 20685
27.3908 20785
27.3931 20884
27.3955 20983
27.3979 21081
27.4003 21179
27.4027 21276
27.4188 21373
27.4212 21470
27.424 21566
27.4264 21662
27.4288 21757
27.4312 21852
27.4469 21946
27.4493 22040
27.4517 22134
27.4541 22227
27.4565 22320
27.4589 22412
27.4613 22504
27.4738 22596
27.4765 22687
27.4789 22778
27.4813 22869
27.4837 22959
27.4861 23049
27.4885 23138
27.5007 23227
27.5034 23316
27.5058 23404
27.5082 23492
27.5106 23580
27.513 23667
27.5154 23754
27.5178 23841
27.5288 23927
27.5315 24013
27.5339 24099
27.5363 24185
27.5411 10080
27.5889 10285
27.5913 10486
27.5937 10683
27.6158 10877
27.6182 11067
27.6206 11254
27.6426 11438
27.645 11619
27.6475 11797
27.6695 11972
27.6719 12145
27.6743 12315
27.6767 12483
27.6976 12649
27.7 12812
27.7024 12973
27.7048 13132
27.7257 13289
27.7281 13445
27.7305 13599
27.7329 13751
27.7526 13901
27.755 14050
27.7574 14197
27.7598 14343
27.7795 14487
27.7819 14630
27.7843 14771
27.7867 14911
27.8064 15050
27.8088 15187
27.8111 15323
27.8135 15458
27.8159 15592
27.8345 15724
27.8368 15855
27.8392 15985
27.8416 16114
27.844 16242
27.8625 16369
27.8649 16495
27.8673 16620
27.8697 16744
27.8721 16867
27.8894 16989
27.8918 17111
27.8942 17232
27.8966 17352
27.899 17471
27.9163 17589
27.9187 17706
27.9211 17823
27.9235 17939
27.9259 18054
27.9283 18168
27.9447 18282
27.9471 18395
27.9495 18507
27.9519 18619
27.9543 18730
27.9567 18840
27.9728 18950
27.9752 19059
27.9776 19167
27.98 19275
27.9824 19382
27.9848 19488
27.9997 19594
28.0045 19699
28.0069 19804
28.0093 19908
28.0117 20012
28.0266 20115
28.0314 20218
28.0338 20320
28.0362 20422
28.0385 20523
28.0409 20624
28.0535 20724
28.0583 20824
28.0607 20923
28.063 21022
28.0654 21120
28.0678 21218
28.0704 21315
28.0816 21412
28.0864 21508
28.0887 21604
28.0911 21699
28.0935 21794
28.0959 21889
28.0985 21983
28.11 22077
28.1144 22170
28.1168 22263
28.1192 22356
28.1216 22448
28.124 22540
28.1264 22631
28.137 22722
28.1413 22813
28.1437 22903
28.1461 22993
28.1485 23083
28.1509 23172
28.1535 23261
28.1638 23350
28.1682 23438
28.1706 23526
28.173 23614
28.1754 23701
28.1778 23788
28.1802 23875
28.1826 23961
28.1921 24047
28.1963 24133
28.1987 24218
28.2011 24303
28.2035 24388
28.2059 24473
28.2083 24557
28.2106 24641
28.2202 24725
28.2244 24808
28.2268 24891
28.2292 24974
28.2316 25057
28.2339 25139
28.2363 25221
28.2387 25303
28.2471 25384
28.2513 25465
28.2537 25546
28.2561 25627
28.2584 25707
28.2608 25787
28.2632 25867
28.2656 25947
28.274 26026
28.2782 26105
28.2806 26184
28.2829 26263
28.2853 26341
28.2877 26419
28.2901 26497
28.2925 26575
28.3009 26653
28.3051 11520
28.3451 11700
28.3475 11877
28.3559 12051
28.3588 12223
28.3732 12392
28.3756 12559
28.3844 12724
28.3869 12886
28.4013 13046
28.4037 13204
28.4125 13361
28.415 13516
28.4294 13669
28.4318 13820
28.4397 13970
28.4421 14118
28.4563 14264
28.4586 14409
28.4666 14552
28.4689 14694
28.4831 14835
28.4855 14974
28.4879 15112
28.4946 15249
28.497 15384
28.5112 15518
28.5136 15651
28.516 15783
28.5227 15914
28.5251 16044
28.5393 16173
28.5417 16301
28.5441 16428
28.5508 16554
28.5532 16679
28.5662 16803
28.5686 16926
28.571 17048
28.5777 17169
28.5801 17289
28.5931 17408
28.5955 17527
28.5979 17645
28.6046 17762
28.607 17878
28.6094 17993
28.6212 18108
28.6236 18222
28.626 18335
28.6327 18448
28.6351 18560
28.6375 18671
28.6493 18782
28.6516 18892
28.654 19001
28.6608 19110
28.6631 19218
28.6655 19325
28.6773 19432
28.6797 19538
28.6821 19644
28.6876 19749
28.69 19853
28.6924 19957
28.7042 20060
28.7066 20163
28.709 20265
28.7145 20367
28.7169 20468
28.7193 20569
28.7311 20669
28.7335 20769
28.7359 20868
28.7383 20967
28.7426 21065
28.745 21163
28.7474 21260
28.7592 21357
28.7616 21454
28.7642 21550
28.7666 21646
28.7707 21741
28.7731 21836
28.7755 21930
28.7873 22024
28.7897 22118
28.7923 22211
28.7947 22304
28.7976 22396
28.8 22488
28.8024 22580
28.8142 22671
28.8166 22762
28.8192 22853
28.8216 22943
28.8245 23033
28.8269 23123
28.8293 23212
28.8411 23301
28.8435 23389
28.8461 23477
28.8484 23565
28.8514 23652
28.8538 23739
28.8562 23826
28.8585 23913
28.8692 23999
28.8715 24085
28.8741 24171
28.8765 24256
28.8795 24341
28.8819 24426
28.8842 24510
28.8866 24594
28.8972 24678
28.8996 24762
28.9022 24845
28.9046 24928
28.9075 25011
28.9099 25093
28.9123 25175
28.9147 25257
28.9241 25339
28.9265 25420
28.9291 25501
28.9315 25582
28.9344 25663
28.9368 25743
28.9392 25823
28.9416 25903
28.951 25983
28.9534 26062
28.956 26141
28.9584 26220
28.9613 26299
28.9637 26377
28.9661 26455
28.9685 26533
28.9779 26611
28.9803 26688
28.9829 26765
28.9853 26842
28.9877 26919
28.9902 26996
28.9926 27072
28.995 27148
28.9974 27224
29.006 27300
29.0084 27375
29.011 27450
29.0134 27525
29.0158 27600
29.0183 27675
29.021 27749
29.0234 27823
29.0258 27897
29.0341 27971
29.0365 28045
29.0391 28118
29.0415 28191
29.0438 28264
29.0462 28337
29.0486 28410
29.0511 28482
29.0535 28554
29.061 28626
29.0634 28698
29.066 28770
29.0707 12240
29.1184 12409
29.1208 12576
29.1232 12740
29.1256 12902
29.1465 13062
29.1489 13220
29.1513 13376
29.1537 13531
29.1746 13684
29.177 13835
29.1794 13984
29.1818 14132
29.2015 14278
29.2039 14423
29.2063 14566
29.2086 14708
29.2286 14848
29.231 14987
29.2333 15125
29.2357 15262
29.2381 15397
29.2566 15531
29.2594 15664
29.2618 15796
29.2642 15927
29.2666 16057
29.2847 16186
29.2875 16314
29.2899 16441
29.2923 16567
29.2947 16692
29.3119 16816
29.3144 16939
29.3168 17061
29.3192 17182
29.3216 17302
29.3388 17421
29.3413 17540
29.3437 17658
29.3461 17775
29.3485 17891
29.3511 18006
29.3669 18121
29.3694 18235
29.3718 18348
29.3742 18461
29.3766 18573
29.3792 18684
29.3949 18794
29.3975 18904
29.3999 19013
29.4022 19122
29.4046 19230
29.4073 19337
29.423 19444
29.4254 19550
29.4278 19656
29.4302 19761
29.433 19865
29.4353 19969
29.4499 20072
29.4523 20175
29.4547 20277
29.4571 20379
29.4598 20480
29.4622 20581
29.477 20681
29.4794 20781
29.4818 20880
29.4842 20979
29.4866 21077
29.4891 21175
29.4915 21272
29.5051 21369
29.5075 21466
29.5099 21562
29.5123 21658
29.5147 21753
29.5172 21848
29.5196 21942
29.5332 22036
29.5356 22130
29.538 22223
29.5404 22316
29.5429 22408
29.5453 22500
29.5477 22592
29.5625 22683
29.5649 22774
29.5673 22865
29.5698 22955
29.5722 23045
29.5746 23134
29.5894 23223
29.5918 23312
29.5941 23400
29.5965 23488
29.5991 23576
29.6015 23663
29.6039 23750
29.6062 23837
29.6175 23923
29.6198 24009
29.6222 24095
29.6246 24181
29.6272 24266
29.6295 24351
29.6319 24436
29.6343 24520
29.6455 24604
29.6479 24688
29.6503 24771
29.6529 24854
29.6552 24937
29.6576 25020
29.66 25102
29.6624 25184
29.6724 25266
29.6748 25348
29.6772 25429
29.6797 25510
29.6821 25591
29.6845 25672
29.6869 25752
29.6893 25832
29.6993 25912
29.7017 25992
29.7041 26071
29.7066 26150
29.709 26229
29.7138 26308
29.7162 26386
29.7262 26464
29.7286 26542
29.731 26620
29.7334 26697
29.7359 26774
29.7383 26851
29.7419 26928
29.7443 27005
29.7467 27081
29.7543 27157
29.7567 27233
29.7591 27309
29.7615 27384
29.764 27459
29.7664 27534
29.77 27609
29.7724 27684
29.7748 27758
29.7824 27832
29.7848 27906
29.7872 27980
29.7897 28054
29.7921 28127
29.7945 28200
29.7969 28273
29.7993 28346
29.802 28419
29.8093 28491
29.8117 28563
29.814 28635
29.8167 28707
29.8191 28779
29.8215 28851
29.8239 28922
29.8263 28993
29.8289 29064
29.8362 29135
29.8385 29206
29.8409 29276
29.8436 29346
29.846 29416
29.8484 29486
29.8508 29556
29.8532 29626
29.8556 29695
29.8579 29764
29.8642 29833
29.8666 29902
29.869 29971
29.8717 30040
29.8741 30109
29.8765 30177
29.8789 30245
29.8812 30313
29.8836 30381
29.886 30449
29.8925 30517
29.8948 30584
29.8972 30651
29.9 30718
29.9024 30785
29.9048 30852
29.9072 30919
29.9096 30986
29.912 31052
29.9144 31118
29.9193 31184
29.9217 31250
29.9241 31316
29.9269 31382
29.9293 31448
29.9317 31513
29.9341 31578
29.9365 31643
29.9389 31708
29.9413 31773
29.9462 31838
29.9486 31903
29.951 31967
29.9538 32031
29.9562 32095
29.9586 32159
29.961 32223
29.9634 32287
29.9658 32351
29.9682 32415
29.9706 32478
29.9746 32541
29.977 32604
29.9794 32667
29.9819 32730
29.9843 32793
29.9869 32856
29.9893 32919
29.9917 32981
29.9941 33043
29.9965 33105
29.9989 33167
30.0027 33229
30.0051 33291
30.0074 33353
30.01 33415
30.0124 33477
30.015 33538
30.0174 33599
30.0198 33660
30.0222 33721
30.0246 33782
30.027 33843
30.0296 33904
30.0319 33965
30.0343 34026
30.0369 34086
30.0393 34146
30.0419 34206
30.0443 34266
30.0467 34326
30.0491 34386
30.0515 34446
30.0539 34506
30.0567 34566
30.0591 34625
30.0615 34684
30.0639 34743
30.0663 34802
30.0691 34861
30.0714 34920
30.0738 34979
30.0762 35038
30.0786 35097
30.081 35156
30.0836 35214
30.086 35272
30.0884 35330
30.0908 35388
30.0932 35446
30.0955 35504
30.0979 35562
