0.452049 1441
0.620938 2881
0.622133 4321
0.791023 5761
0.792218 7201
0.793413 8641
0.961108 10081
0.962303 11521
0.963498 12961
1.13 14401
1.13119 15841
1.13239 17281
1.13358 18721
1.13478 20161
1.13597 21601
1.30061 23041
1.3018 24481
1.303 25921
1.30419 27361
1.30539 28801
1.30658 30241
1.30778 31681
1.30897 33121
1.31017 34561
1.47091 36001
1.4721 37441
1.4733 38881
1.47449 40321
1.47569 41761
1.47688 43201
1.47808 44641
1.47927 46081
1.48047 47521
1.48166 48961
1.48286 50401
1.48405 51841
1.63981 53281
1.64101 54721
1.6422 56161
1.6434 57601
1.64459 59041
1.64579 60481
1.64698 61921
1.64818 63361
1.64937 64801
1.65057 66241
1.65176 67681
1.65296 69121
1.65415 70561
1.65535 72001
1.65654 73441
1.65774 74881
1.65893 76321
1.66013 77761
1.80873 79201
1.80993 80641
1.81112 82081
1.81232 83521
1.81351 84961
1.81471 86401
1.8159 87841
1.8171 89281
1.81829 90721
1.81949 92161
1.82068 93601
1.82188 95041
1.82307 96481
1.82427 97921
1.82546 99361
1.82666 100801
1.82785 102241
1.82905 103681
1.83024 105121
1.83144 106561
1.83264 108001
1.83383 109441
1.83503 110881
1.83622 112321
1.83742 113761
1.83861 115201
1.83981 116641
1.97762 118081
1.97882 119521
1.98001 120961
1.98121 122401
1.9824 123841
1.9836 125281
1.98479 126721
1.98599 128161
1.98718 129601
1.98838 131041
1.98957 132481
1.99077 133921
1.99196 135361
1.99316 136801
1.99435 138241
1.99555 139681
1.99674 141121
1.99794 142561
1.99913 144001
2.00033 145441
2.00152 146881
2.00272 148321
2.00392 149761
2.00511 151201
2.00631 152641
2.0075 154081
2.0087 155521
2.00989 156961
2.01109 158401
2.01228 159841
2.01348 161281
2.01467 162721
2.01587 164161
2.01706 165601
2.01826 167041
2.01945 168481
2.02065 169921
2.02184 171361
2.02304 172801
2.02423 174241
2.02543 175681
2.02662 177121
2.14777 178561
2.14896 180001
2.15016 181441
2.15136 182881
2.15255 184321
2.15375 185761
2.15494 187201
2.15614 188641
2.15733 190081
2.15853 191521
2.15972 192961
2.16092 194401
2.16211 195841
2.16331 197281
2.1645 198721
2.1657 200161
2.16689 201601
2.16809 203041
2.16928 204481
2.17048 205921
2.17167 207361
2.17287 208801
2.17406 210241
2.17526 211681
2.17645 213121
2.17765 214561
2.17884 216001
2.18004 217441
2.18124 218881
2.18243 220321
2.18363 221761
2.18482 223201
2.18602 224641
2.18721 226081
2.18841 227521
2.1896 228961
2.1908 230401
2.19199 231841
2.19319 233281
2.19438 234721
2.19558 236161
2.19677 237601
2.19797 239041
2.19916 240481
2.20036 241921
2.20155 243361
2.20275 244801
2.20394 246241
2.20514 247681
2.20633 249121
2.20753 250561
2.20872 252001
2.20992 253441
2.21112 254881
2.21231 256321
2.21351 257761
2.2147 259201
2.2159 260641
2.21709 262081
2.21829 263521
2.21948 264961
2.22068 266401
2.22187 267841
2.31789 269281
2.31908 270721
2.32028 272161
2.32147 273601
2.32267 275041
2.32386 276481
2.32506 277921
2.32625 279361
2.32745 280801
2.32864 282241
2.32984 283681
2.33103 285121
2.33223 286561
2.33342 288001
2.33462 289441
2.33581 290881
2.33701 292321
2.3382 293761
2.3394 295201
2.34059 296641
2.34179 298081
2.34299 299521
2.34418 300961
2.34538 302401
2.34657 303841
2.34777 305281
2.34896 306721
2.35016 308161
2.35135 309601
2.35255 311041
2.35374 312481
2.35494 313921
2.35613 315361
2.35733 316801
2.35852 318241
2.35972 319681
2.36091 321121
2.36211 322561
2.3633 324001
2.3645 325441
2.36569 326881
2.36689 328321
2.36808 329761
2.36928 331201
2.37047 332641
2.37167 334081
2.37287 335521
2.37406 336961
2.37526 338401
2.37645 339841
2.37765 341281
2.37884 342721
2.38004 344161
2.38123 345601
2.38243 347041
2.38362 348481
2.38482 349921
2.38601 351361
2.38721 352801
2.3884 354241
2.3896 355681
2.39079 357121
2.39199 358561
2.39318 360001
2.39438 361441
2.39557 362881
2.39677 364321
2.39796 365761
2.39916 367201
2.40035 368641
2.40155 370081
2.40275 371521
2.40394 372961
2.40514 374401
2.40633 375841
2.40753 377281
2.40872 378721
2.40992 380161
2.41111 381601
2.41231 383041
2.4135 384481
2.4147 385921
2.41589 387361
2.41709 388801
2.41828 390241
2.41948 391681
2.42067 393121
2.42187 394561
2.42306 396001
2.42426 397441
2.42545 398881
2.42665 400321
2.42784 401761
2.48678 403201
2.48797 404641
2.48917 406081
2.49036 407521
2.49156 408961
2.49275 410401
2.49395 411841
2.49514 413281
2.49634 414721
2.49753 416161
2.49873 417601
2.49992 419041
2.50112 420481
2.50231 421921
2.50351 423361
2.5047 424801
2.5059 426241
2.50709 427681
2.50829 429121
2.50948 430561
2.51068 432001
2.51187 433441
2.51307 434881
2.51427 436321
2.51546 437761
2.51666 439201
2.51785 440641
2.51905 442081
2.52024 443521
2.52144 444961
2.52263 446401
2.52383 447841
2.52502 449281
2.52622 450721
2.52741 452161
2.52861 453601
2.5298 455041
2.531 456481
2.53219 457921
2.53339 459361
2.53458 460801
2.53578 462241
2.53697 463681
2.53817 465121
2.53936 466561
2.54056 468001
2.54175 469441
2.54295 470881
2.54415 472321
2.54534 473761
2.54654 475201
2.54773 476641
2.54893 478081
2.55012 479521
2.55132 480961
2.55251 482401
2.55371 483841
2.5549 485281
2.5561 486721
2.55729 488161
2.55849 489601
2.55968 491041
2.56088 492481
2.56207 493921
2.56327 495361
2.56446 496801
2.56566 498241
2.56685 499681
2.56805 501121
2.56924 502561
2.57044 504001
2.57163 505441
2.57283 506881
2.57403 508321
2.57522 509761
2.57642 511201
2.57761 512641
2.57881 514081
2.58 515521
2.5812 516961
2.58239 518401
2.58359 519841
2.58478 521281
2.58598 522721
2.58717 524161
2.58837 525601
2.58956 527041
2.59076 528481
2.59195 529921
2.59315 531361
2.59434 532801
2.59554 534241
2.59673 535681
2.59793 537121
2.59912 538561
2.60032 540001
2.60151 541441
2.60271 542881
2.60391 544321
2.6051 545761
2.6063 547201
2.60749 548641
2.60869 550081
2.60988 551521
2.61108 552961
2.61227 554401
2.61347 555841
2.61466 557281
2.61586 558721
2.61705 560161
2.61825 561601
2.61944 563041
2.62064 564481
2.62183 565921
2.62303 567361
2.62422 568801
2.62542 570241
2.62661 571681
2.62781 573121
2.629 574561
2.6302 576001
2.63139 577441
2.63259 578881
2.63379 580321
2.63498 581761
2.63618 583201
2.63737 584641
2.63857 586081
2.63976 587521
2.64096 588961
2.64215 590401
2.64335 591841
2.64454 593281
2.64574 594721
2.64693 596161
2.64813 597601
2.64932 599041
2.65052 600481
2.65171 601921
2.65291 603361
2.6541 604801
2.65692 606241
2.65812 607681
2.65931 609121
2.66051 610561
2.66171 612001
2.6629 613441
2.6641 614881
2.66529 616321
2.66649 617761
2.66768 619201
2.66888 620641
2.67007 622081
2.67127 623521
2.67246 624961
2.67366 626401
2.67485 627841
2.67605 629281
2.67724 630721
2.67844 632161
2.67963 633601
2.68083 635041
2.68202 636481
2.68322 637921
2.68441 639361
2.68561 640801
2.6868 642241
2.688 643681
2.68919 645121
2.69039 646561
2.69158 648001
2.69278 649441
2.69398 650881
2.69517 652321
2.69637 653761
2.69756 655201
2.69876 656641
2.69995 658081
2.70115 659521
2.70234 660961
2.70354 662401
2.70473 663841
2.70593 665281
2.70712 666721
2.70832 668161
2.70951 669601
2.71071 671041
2.7119 672481
2.7131 673921
2.71429 675361
2.71549 676801
2.71668 678241
2.71788 679681
2.71907 681121
2.72027 682561
2.72146 684001
2.72266 685441
2.72386 686881
2.72505 688321
2.72625 689761
2.72744 691201
2.72864 692641
2.72983 694081
2.73103 695521
2.73222 696961
2.73342 698401
2.73461 699841
2.73581 701281
2.737 702721
2.7382 704161
2.73939 705601
2.74059 707041
2.74178 708481
2.74298 709921
2.74417 711361
2.74537 712801
2.74656 714241
2.74776 715681
2.74895 717121
2.75015 718561
2.75134 720001
2.75254 721441
2.75374 722881
2.75493 724321
2.75613 725761
2.75732 727201
2.75852 728641
2.75971 730081
2.76091 731521
2.7621 732961
2.7633 734401
2.76449 735841
2.76569 737281
2.76688 738721
2.76808 740161
2.76927 741601
2.77047 743041
2.77166 744481
2.77286 745921
2.77405 747361
2.77525 748801
2.77644 750241
2.77764 751681
2.77883 753121
2.78003 754561
2.78122 756001
2.78242 757441
2.78362 758881
2.78481 760321
2.78601 761761
2.7872 763201
2.7884 764641
2.78959 766081
2.79079 767521
2.79198 768961
2.79318 770401
2.79437 771841
3.11708 773281
3.11708 774721
3.11708 776161
3.11708 777601
3.11708 779041
3.11708 780481
3.11708 781921
3.11708 783361
3.11708 784801
3.11708 786241
3.11708 787681
3.11708 789121
3.11708 790561
3.11708 792001
3.11708 793441
3.11708 794881
3.11708 796321
3.11708 797761
3.11708 799201
3.11708 800641
3.11708 802081
3.11708 803521
3.11708 804961
3.11708 806401
3.11708 807841
3.11708 809281
3.11708 810721
3.11708 812161
3.11708 813601
3.11708 815041
3.11708 816481
3.11708 817921
3.11708 819361
3.11708 820801
3.11708 822241
3.11708 823681
3.11708 825121
3.11708 826561
3.11708 828001
3.11708 829441
3.11708 830881
3.11708 832321
3.11708 833761
3.11708 835201
3.11708 836641
3.11708 838081
3.11708 839521
3.11708 840961
3.11708 842401
3.11708 843841
3.11708 845281
3.11708 846721
3.11708 848161
3.11708 849601
3.11708 851041
3.11708 852481
3.11708 853921
3.11708 855361
3.11708 856801
3.11708 858241
3.11708 859681
3.11708 861121
3.11708 862561
3.11708 864001
3.11708 865441
3.11708 866881
3.11708 868321
3.11708 869761
3.11708 871201
3.11708 872641
3.11708 874081
3.11708 875521
3.11708 876961
3.11708 878401
3.11708 879841
3.11708 881281
3.11708 882721
3.11708 884161
3.11708 885601
3.11708 887041
3.11708 888481
3.11708 889921
3.11708 891361
3.11708 892801
3.11708 894241
3.11708 895681
3.11708 897121
3.11708 898561
3.11708 900001
3.11708 901441
3.11708 902881
3.11708 904321
3.11708 905761
3.11708 907201
3.11708 908641
3.11708 910081
3.11708 911521
3.11708 912961
3.11708 914401
3.11708 915841
3.11708 917281
3.12942 918721
3.12942 920161
3.12942 921601
3.12942 923041
3.12942 924481
3.12942 925921
3.12942 927361
3.12942 928801
3.12942 930241
3.12942 931681
3.12942 933121
3.12942 934561
3.12942 936001
3.12942 937441
3.12942 938881
3.12942 940321
3.12942 941761
3.12942 943201
3.12942 944641
3.12942 946081
3.12942 947521
3.12942 948961
3.12942 950401
3.12942 951841
3.12942 953281
3.12942 954721
3.12942 956161
3.12942 957601
3.12942 959041
3.12942 960481
3.12942 961921
3.12942 963361
3.12942 964801
3.12942 966241
3.12942 967681
3.12942 969121
3.12942 970561
3.12942 972001
3.12942 973441
3.12942 974881
3.12942 976321
3.12942 977761
3.12942 979201
3.12942 980641
3.12942 982081
3.12942 983521
3.12942 984961
3.12942 986401
3.12942 987841
3.12942 989281
3.12942 990721
3.12942 992161
3.12942 993601
3.12942 995041
3.12942 996481
3.12942 997921
3.12942 999361
3.12942 1000801
3.12942 1002241
3.12942 1003681
3.12942 1005121
3.12942 1006561
3.12942 1008001
3.12942 1009441
3.12942 1010881
3.12942 1012321
3.12942 1013761
3.12942 1015201
3.12942 1016641
3.12942 1018081
3.12942 1019521
3.12942 1020961
3.12942 1022401
3.12942 1023841
3.12942 1025281
3.12942 1026721
3.12942 1028161
3.12942 1029601
3.12942 1031041
3.12942 1032481
3.12942 1033921
3.12942 1035361
3.12942 1036801
3.12942 1038241
3.12942 1039681
3.18817 1041121
3.18817 1042561
3.18817 1044001
3.18817 1045441
3.18817 1046881
3.18817 1048321
3.18817 1049761
3.18817 1051201
3.18817 1052641
3.18817 1054081
3.18817 1055521
3.18817 1056961
3.18817 1058401
3.18817 1059841
3.18817 1061281
3.18817 1062721
3.18817 1064161
3.18817 1065601
3.18817 1067041
3.18817 1068481
3.18817 1069921
3.18817 1071361
3.18817 1072801
3.18817 1074241
3.18817 1075681
3.18817 1077121
3.18817 1078561
3.18817 1080001
3.18817 1081441
3.18817 1082881
3.18817 1084321
3.18817 1085761
3.18817 1087201
3.18817 1088641
3.18817 1090081
3.18817 1091521
3.18817 1092961
3.18817 1094401
3.18817 1095841
3.18817 1097281
3.18817 1098721
3.18817 1100161
3.18817 1101601
3.23957 1103041
3.23957 1104481
3.23957 1105921
3.23957 1107361
3.23957 1108801
3.23957 1110241
3.23957 1111681
3.23957 1113121
3.23957 1114561
3.23957 1116001
3.23957 1117441
3.23957 1118881
3.23957 1120321
3.23957 1121761
3.23957 1123201
3.23957 1124641
3.23957 1126081
3.23957 1127521
3.23957 1128961
3.23957 1130401
3.23957 1131841
3.23957 1133281
3.23957 1134721
3.23957 1136161
3.23957 1137601
3.23957 1139041
3.23957 1140481
3.23957 1141921
3.23957 1143361
3.23957 1144801
3.23957 1146241
3.23957 1147681
3.23957 1149121
3.23957 1150561
3.23957 1152001
3.23957 1153441
3.23957 1154881
3.23957 1156321
3.23957 1157761
3.23957 1159201
3.23957 1160641
3.23957 1162081
3.23957 1163521
3.23957 1164961
3.23957 1166401
3.23957 1167841
3.23957 1169281
3.23957 1170721
3.23957 1172161
3.23957 1173601
3.23957 1175041
3.23957 1176481
3.23957 1177921
3.23957 1179361
3.23957 1180801
3.23957 1182241
3.23957 1183681
3.23957 1185121
3.23957 1186561
3.23957 1188001
3.23957 1189441
3.23957 1190881
3.23957 1192321
3.23957 1193761
3.23957 1195201
3.23957 1196641
3.23957 1198081
3.23957 1199521
3.23957 1200961
3.23957 1202401
3.23957 1203841
3.23957 1205281
3.23957 1206721
3.23957 1208161
3.23957 1209601
3.23957 1211041
3.23957 1212481
3.23957 1213921
3.23957 1215361
3.23957 1216801
3.23957 1218241
3.23957 1219681
3.23957 1221121
3.23957 1222561
3.23957 1224001
3.23957 1225441
3.23957 1226881
3.23957 1228321
3.23957 1229761
3.23957 1231201
3.23957 1232641
3.23957 1234081
3.23957 1235521
3.23957 1236961
3.23957 1238401
3.23957 1239841
3.23957 1241281
3.23957 1242721
3.23957 1244161
3.23957 1245601
3.23957 1247041
3.23957 1248481
3.23957 1249921
3.23957 1251361
3.23957 1252801
3.23957 1254241
3.23957 1255681
3.23957 1257121
3.23957 1258561
3.23957 1260001
3.23957 1261441
3.23957 1262881
3.23957 1264321
3.23957 1265761
3.23957 1267201
3.23957 1268641
3.23957 1270081
3.23957 1271521
3.23957 1272961
3.23957 1274401
3.23957 1275841
3.23957 1277281
3.23957 1278721
3.23957 1280161
3.23957 1281601
3.23957 1283041
3.23957 1284481
3.23957 1285921
3.23957 1287361
3.23957 1288801
3.23957 1290241
3.23957 1291681
3.23957 1293121
3.24076 1294561
3.24196 1296001
3.24315 1297441
3.24435 1298881
3.24554 1300321
3.24674 1301761
3.24793 1303201
3.24913 1304641
3.25032 1306081
3.25152 1307521
3.25271 1308961
3.25391 1310401
3.2551 1311841
3.2563 1313281
3.2575 1314721
3.25869 1316161
3.25989 1317601
3.26108 1319041
3.26228 1320481
3.26347 1321921
3.26467 1323361
3.26586 1324801
3.26706 1326241
3.26825 1327681
3.26945 1329121
3.27064 1330561
3.27184 1332001
3.27303 1333441
3.27423 1334881
3.27542 1336321
3.27662 1337761
3.27781 1339201
3.27901 1340641
3.2802 1342081
3.2814 1343521
3.28259 1344961
3.28379 1346401
3.28498 1347841
3.28618 1349281
3.28737 1350721
3.28977 1352161
3.29954 1353601
3.30073 1355041
3.30193 1356481
3.30312 1357921
3.30432 1359361
3.30551 1360801
3.30671 1362241
3.30791 1363681
3.3091 1365121
3.3103 1366561
3.31149 1368001
3.31269 1369441
3.31388 1370881
3.31508 1372321
3.31627 1373761
3.31747 1375201
3.31866 1376641
3.31986 1378081
3.32105 1379521
3.32225 1380961
3.32344 1382401
3.32464 1383841
3.32583 1385281
3.32703 1386721
3.32822 1388161
3.32942 1389601
3.33061 1391041
3.33181 1392481
3.333 1393921
3.3342 1395361
3.33539 1396801
3.33659 1398241
3.33779 1399681
3.33898 1401121
3.34018 1402561
3.34137 1404001
3.34257 1405441
3.34376 1406881
3.34496 1408321
3.34615 1409761
3.34735 1411201
3.34854 1412641
3.34974 1414081
3.35093 1415521
3.35213 1416961
3.35332 1418401
3.35452 1419841
3.35571 1421281
3.35691 1422721
3.3593 1424161
3.36049 1425601
3.36169 1427041
3.36288 1428481
3.36408 1429921
3.36527 1431361
3.36647 1432801
3.36767 1434241
3.36886 1435681
3.37006 1437121
3.37125 1438561
3.37245 1440001
3.37364 1441441
3.37484 1442881
3.37603 1444321
3.37723 1445761
3.37842 1447201
3.37962 1448641
3.38081 1450081
3.38201 1451521
3.3832 1452961
3.3844 1454401
3.38559 1455841
3.38679 1457281
3.38798 1458721
3.38918 1460161
3.39037 1461601
3.39157 1463041
3.39276 1464481
3.39396 1465921
3.39515 1467361
3.39635 1468801
3.39755 1470241
3.39874 1471681
3.39994 1473121
3.40113 1474561
3.40233 1476001
3.40352 1477441
3.40472 1478881
3.40591 1480321
3.40711 1481761
3.4083 1483201
3.4095 1484641
3.41069 1486081
3.41189 1487521
3.41308 1488961
3.41428 1490401
3.41547 1491841
3.41667 1493281
3.41786 1494721
3.41906 1496161
3.42025 1497601
3.42145 1499041
3.42264 1500481
3.42384 1501921
3.42503 1503361
3.42623 1504801
3.42743 1506241
3.42862 1507681
3.42982 1509121
3.43101 1510561
3.43221 1512001
3.4334 1513441
3.4346 1514881
3.43579 1516321
3.43699 1517761
3.43818 1519201
3.43938 1520641
3.44057 1522081
3.44177 1523521
3.44296 1524961
3.44416 1526401
3.44535 1527841
3.44655 1529281
3.44774 1530721
3.44894 1532161
3.45013 1533601
3.45133 1535041
3.45252 1536481
3.45372 1537921
3.45491 1539361
3.45611 1540801
3.45731 1542241
3.4585 1543681
3.46727 1545121
3.46966 1546561
3.47085 1548001
3.47205 1549441
3.47325 1550881
3.47444 1552321
3.47564 1553761
3.47683 1555201
3.47803 1556641
3.47922 1558081
3.48042 1559521
3.48161 1560961
3.48281 1562401
3.484 1563841
3.4852 1565281
3.48639 1566721
3.48759 1568161
3.48878 1569601
3.48998 1571041
3.49117 1572481
3.49237 1573921
3.49356 1575361
3.49476 1576801
3.49595 1578241
3.49715 1579681
3.49834 1581121
3.49954 1582561
3.50073 1584001
3.50193 1585441
3.50313 1586881
3.50432 1588321
3.50552 1589761
3.50671 1591201
3.50791 1592641
3.5091 1594081
3.5103 1595521
3.51149 1596961
3.51269 1598401
3.51388 1599841
3.51508 1601281
3.51627 1602721
3.51747 1604161
3.51866 1605601
3.51986 1607041
3.52105 1608481
3.52225 1609921
3.52344 1611361
3.52464 1612801
3.52583 1614241
3.52703 1615681
3.52942 1617121
3.53061 1618561
3.53181 1620001
3.53301 1621441
3.5342 1622881
3.5354 1624321
3.53659 1625761
3.53779 1627201
3.53898 1628641
3.54018 1630081
3.54137 1631521
3.54257 1632961
3.54376 1634401
3.54496 1635841
3.54615 1637281
3.54735 1638721
3.54854 1640161
3.54974 1641601
3.55093 1643041
3.55213 1644481
3.55332 1645921
3.55452 1647361
3.55571 1648801
3.55691 1650241
3.5581 1651681
3.5593 1653121
3.56049 1654561
3.56169 1656001
3.56289 1657441
3.56408 1658881
3.56528 1660321
3.56647 1661761
3.56767 1663201
3.56886 1664641
3.57006 1666081
3.57125 1667521
3.57245 1668961
3.57364 1670401
3.57484 1671841
3.57603 1673281
3.57723 1674721
3.57842 1676161
3.57962 1677601
3.58081 1679041
3.58201 1680481
3.5832 1681921
3.5844 1683361
3.58559 1684801
3.58719 1686241
3.58838 1687681
3.58958 1689121
3.59077 1690561
3.59197 1692001
3.59316 1693441
3.59436 1694881
3.59555 1696321
3.59675 1697761
3.59794 1699201
3.59914 1700641
3.60033 1702081
3.60153 1703521
3.60273 1704961
3.60392 1706401
3.60512 1707841
3.60631 1709281
3.60751 1710721
3.6087 1712161
3.6099 1713601
3.61109 1715041
3.61229 1716481
3.61348 1717921
3.61468 1719361
3.61587 1720801
3.61707 1722241
3.61826 1723681
3.61946 1725121
3.62065 1726561
3.62185 1728001
3.62304 1729441
3.62424 1730881
3.62543 1732321
3.62663 1733761
3.62782 1735201
3.62902 1736641
3.63856 1738081
3.63975 1739521
3.64115 1740961
3.64235 1742401
3.64354 1743841
3.64474 1745281
3.64593 1746721
3.64713 1748161
3.64833 1749601
3.64952 1751041
3.65072 1752481
3.65191 1753921
3.65311 1755361
3.6543 1756801
3.6555 1758241
3.65669 1759681
3.65789 1761121
3.65908 1762561
3.66028 1764001
3.66147 1765441
3.66267 1766881
3.66386 1768321
3.66506 1769761
3.66625 1771201
3.66745 1772641
3.66864 1774081
3.66984 1775521
3.67103 1776961
3.67223 1778401
3.67342 1779841
3.67462 1781281
3.67581 1782721
3.67701 1784161
3.67821 1785601
3.6794 1787041
3.6806 1788481
3.68179 1789921
3.68299 1791361
3.68418 1792801
3.68538 1794241
3.68657 1795681
3.68777 1797121
3.68896 1798561
3.69016 1800001
3.69135 1801441
3.69255 1802881
3.69374 1804321
3.69494 1805761
3.69613 1807201
3.69733 1808641
3.6995 1810081
3.7007 1811521
3.70189 1812961
3.70309 1814401
3.70429 1815841
3.70548 1817281
3.70668 1818721
3.70787 1820161
3.70907 1821601
3.71026 1823041
3.71149 1824481
3.71268 1825921
3.71388 1827361
3.71507 1828801
3.71627 1830241
3.71746 1831681
3.71866 1833121
3.71985 1834561
3.72123 1836001
3.72243 1837441
3.72362 1838881
3.72482 1840321
3.72601 1841761
3.72721 1843201
3.7284 1844641
3.7296 1846081
3.73079 1847521
3.73199 1848961
3.73318 1850401
3.73438 1851841
3.73557 1853281
3.73677 1854721
3.73797 1856161
3.73916 1857601
3.74036 1859041
3.74155 1860481
3.74275 1861921
3.74394 1863361
3.74514 1864801
3.74633 1866241
3.74753 1867681
3.74872 1869121
3.74992 1870561
3.75111 1872001
3.75231 1873441
3.7535 1874881
3.7547 1876321
3.75589 1877761
3.75727 1879201
3.75847 1880641
3.75966 1882081
3.76086 1883521
3.76205 1884961
3.76325 1886401
3.76444 1887841
3.76564 1889281
3.76685 1890721
3.76804 1892161
3.76924 1893601
3.77043 1895041
3.77163 1896481
3.77282 1897921
3.77402 1899361
3.77521 1900801
3.77641 1902241
3.77761 1903681
3.7788 1905121
3.78 1906561
3.78119 1908001
3.78239 1909441
3.78358 1910881
3.78478 1912321
3.78597 1913761
3.78717 1915201
3.78836 1916641
3.96328 1918081
3.96328 1919521
3.96328 1920961
3.96328 1922401
3.96328 1923841
3.96328 1925281
3.96328 1926721
3.96328 1928161
3.96328 1929601
3.96328 1931041
3.96328 1932481
3.96328 1933921
3.96328 1935361
3.96328 1936801
3.96328 1938241
3.96328 1939681
3.96328 1941121
3.96328 1942561
3.96328 1944001
3.96328 1945441
3.96328 1946881
3.96328 1948321
3.96328 1949761
3.96328 1951201
3.96328 1952641
3.96328 1954081
3.96328 1955521
3.96328 1956961
3.96328 1958401
3.96328 1959841
3.96328 1961281
3.96328 1962721
3.96328 1964161
3.96328 1965601
3.96328 1967041
3.96328 1968481
3.96328 1969921
3.96328 1971361
3.96328 1972801
3.96328 1974241
3.96328 1975681
3.96328 1977121
3.96328 1978561
3.96328 1980001
3.96328 1981441
3.96328 1982881
3.96328 1984321
3.96328 1985761
3.96328 1987201
3.96328 1988641
3.96328 1990081
3.96328 1991521
3.96328 1992961
3.96328 1994401
3.96328 1995841
3.96328 1997281
3.96328 1998721
3.96328 2000161
3.96328 2001601
3.96328 2003041
3.96328 2004481
3.96328 2005921
3.96328 2007361
3.96328 2008801
3.96328 2010241
3.96328 2011681
3.96328 2013121
3.96328 2014561
3.96328 2016001
3.96328 2017441
3.96328 2018881
3.96328 2020321
3.96328 2021761
3.96328 2023201
3.96328 2024641
3.96328 2026081
3.96328 2027521
3.96328 2028961
3.96328 2030401
3.96328 2031841
3.96328 2033281
3.96328 2034721
3.96328 2036161
3.96328 2037601
3.96328 2039041
3.96328 2040481
3.96328 2041921
3.96328 2043361
3.96328 2044801
3.96328 2046241
3.96328 2047681
3.96328 2049121
3.96328 2050561
3.96328 2052001
3.96328 2053441
3.96328 2054881
3.96328 2056321
3.96328 2057761
3.96328 2059201
3.96328 2060641
3.96328 2062081
3.96328 2063521
3.96328 2064961
3.96328 2066401
3.96328 2067841
3.96328 2069281
3.96328 2070721
3.96328 2072161
3.96328 2073601
3.96328 2075041
3.96328 2076481
3.96328 2077921
3.96328 2079361
3.96328 2080801
3.96328 2082241
3.96328 2083681
3.96328 2085121
3.96328 2086561
3.96328 2088001
3.96328 2089441
3.96328 2090881
3.96328 2092321
3.96328 2093761
3.96328 2095201
3.96328 2096641
3.96328 2098081
3.96328 2099521
3.96328 2100961
3.96328 2102401
3.96328 2103841
3.96328 2105281
3.96328 2106721
3.96328 2108161
3.96328 2109601
3.96328 2111041
3.96328 2112481
3.96328 2113921
4.05292 2115361
4.05411 2116801
4.05531 2118241
4.0565 2119681
4.0577 2121121
4.05889 2122561
4.06067 2124001
4.06186 2125441
4.06306 2126881
4.06425 2128321
4.06545 2129761
4.06664 2131201
4.06784 2132641
4.06904 2134081
4.07023 2135521
4.07143 2136961
4.07262 2138401
4.07382 2139841
4.07501 2141281
4.07621 2142721
4.0774 2144161
4.0786 2145601
4.07979 2147041
4.08099 2148481
4.08218 2149921
4.08338 2151361
4.08457 2152801
4.08577 2154241
4.08696 2155681
4.08816 2157121
4.08935 2158561
4.09055 2160001
4.09174 2161441
4.09294 2162881
4.09413 2164321
4.09533 2165761
4.09652 2167201
4.09772 2168641
4.09892 2170081
4.10011 2171521
4.10131 2172961
4.1025 2174401
4.1037 2175841
4.10489 2177281
4.10609 2178721
4.10728 2180161
4.10848 2181601
4.10967 2183041
4.11087 2184481
4.11206 2185921
4.11326 2187361
4.11445 2188801
4.11565 2190241
4.11684 2191681
4.11804 2193121
4.11923 2194561
4.12043 2196001
4.12162 2197441
4.12282 2198881
4.12401 2200321
4.12521 2201761
4.1264 2203201
4.1286 2204641
4.12979 2206081
4.131 2207521
4.1322 2208961
4.22303 2210401
4.22423 2211841
4.22542 2213281
4.22662 2214721
4.22781 2216161
4.22901 2217601
4.231 2219041
4.2322 2220481
4.23339 2221921
4.23459 2223361
4.23578 2224801
4.23698 2226241
4.23817 2227681
4.23937 2229121
4.24056 2230561
4.24176 2232001
4.24295 2233441
4.24415 2234881
4.24534 2236321
4.24654 2237761
4.24773 2239201
4.24893 2240641
4.25012 2242081
4.25132 2243521
4.25251 2244961
4.25371 2246401
4.25491 2247841
4.2561 2249281
4.2573 2250721
4.25849 2252161
4.25969 2253601
4.26088 2255041
4.26208 2256481
4.26327 2257921
4.26447 2259361
4.26566 2260801
4.26686 2262241
4.26805 2263681
4.26925 2265121
4.27044 2266561
4.27164 2268001
4.27283 2269441
4.27403 2270881
4.27522 2272321
4.27642 2273761
4.27761 2275201
4.27881 2276641
4.28 2278081
4.2812 2279521
4.28239 2280961
4.28359 2282401
4.28479 2283841
4.28598 2285281
4.28718 2286721
4.28837 2288161
4.28957 2289601
4.29076 2291041
4.29196 2292481
4.29315 2293921
4.29435 2295361
4.29554 2296801
4.29674 2298241
4.29868 2299681
4.29988 2301121
4.30109 2302561
4.30228 2304001
4.39312 2305441
4.39431 2306881
4.39551 2308321
4.3967 2309761
4.3979 2311201
4.39909 2312641
4.40029 2314081
4.40148 2315521
4.40268 2316961
4.40387 2318401
4.40507 2319841
4.40627 2321281
4.40746 2322721
4.40866 2324161
4.40985 2325601
4.41105 2327041
4.41224 2328481
4.41344 2329921
4.41463 2331361
4.41583 2332801
4.41702 2334241
4.41822 2335681
4.41941 2337121
4.42061 2338561
4.4218 2340001
4.423 2341441
4.42419 2342881
4.42539 2344321
4.42658 2345761
4.42778 2347201
4.42897 2348641
4.43017 2350081
4.43136 2351521
4.43256 2352961
4.43375 2354401
4.43495 2355841
4.43615 2357281
4.43734 2358721
4.43854 2360161
4.43973 2361601
4.44093 2363041
4.44212 2364481
4.44332 2365921
4.44451 2367361
4.44571 2368801
4.4469 2370241
4.4481 2371681
4.44929 2373121
4.45049 2374561
4.45168 2376001
4.45288 2377441
4.45407 2378881
4.45527 2380321
4.45646 2381761
4.45766 2383201
4.45885 2384641
4.46005 2386081
4.46124 2387521
4.46244 2388961
4.46363 2390401
4.46483 2391841
4.46603 2393281
4.46722 2394721
4.46924 2396161
4.47044 2397601
4.47163 2399041
4.47283 2400481
4.56327 2401921
4.56446 2403361
4.56566 2404801
4.56685 2406241
4.56805 2407681
4.56924 2409121
4.57044 2410561
4.57163 2412001
4.57283 2413441
4.57402 2414881
4.57522 2416321
4.57641 2417761
4.57761 2419201
4.5788 2420641
4.58 2422081
4.58119 2423521
4.58239 2424961
4.58359 2426401
4.58478 2427841
4.58598 2429281
4.58717 2430721
4.58837 2432161
4.58956 2433601
4.59076 2435041
4.59195 2436481
4.59315 2437921
4.59434 2439361
4.59554 2440801
4.59713 2442241
4.59833 2443681
4.59952 2445121
4.60072 2446561
4.60191 2448001
4.60311 2449441
4.6043 2450881
4.6055 2452321
4.60669 2453761
4.60789 2455201
4.60908 2456641
4.61028 2458081
4.61147 2459521
4.61267 2460961
4.61386 2462401
4.61506 2463841
4.61625 2465281
4.61745 2466721
4.61864 2468161
4.61984 2469601
4.62103 2471041
4.62223 2472481
4.62342 2473921
4.62462 2475361
4.62582 2476801
4.62701 2478241
4.62821 2479681
4.6294 2481121
4.6306 2482561
4.63179 2484001
4.63299 2485441
4.63418 2486881
4.63538 2488321
4.63657 2489761
4.63813 2491201
4.63933 2492641
4.64052 2494081
4.64172 2495521
4.73216 2496961
4.73335 2498401
4.73455 2499841
4.73574 2501281
4.73694 2502721
4.73813 2504161
4.73933 2505601
4.74052 2507041
4.74172 2508481
4.74291 2509921
4.74411 2511361
4.7453 2512801
4.7465 2514241
4.74769 2515681
4.74889 2517121
4.75008 2518561
4.75128 2520001
4.75247 2521441
4.75367 2522881
4.75487 2524321
4.75606 2525761
4.75726 2527201
4.75845 2528641
4.75965 2530081
4.76084 2531521
4.76204 2532961
4.76323 2534401
4.76461 2535841
4.7658 2537281
4.767 2538721
4.76819 2540161
4.76939 2541601
4.77059 2543041
4.77178 2544481
4.77298 2545921
4.77417 2547361
4.77537 2548801
4.77663 2550241
4.77783 2551681
4.77902 2553121
4.78022 2554561
4.78141 2556001
4.78261 2557441
4.7838 2558881
4.785 2560321
4.78619 2561761
4.78739 2563201
4.78858 2564641
4.78978 2566081
4.79097 2567521
4.79217 2568961
4.79336 2570401
4.79456 2571841
4.79575 2573281
4.79695 2574721
4.79814 2576161
4.79934 2577601
4.80053 2579041
4.80173 2580481
4.80292 2581921
4.80412 2583361
4.80532 2584801
4.80651 2586241
4.80771 2587681
4.8089 2589121
4.8101 2590561
4.81129 2592001
4.90105 2593441
4.90224 2594881
4.90344 2596321
4.90463 2597761
4.90583 2599201
4.90702 2600641
4.90822 2602081
4.90941 2603521
4.91061 2604961
4.91187 2606401
4.91307 2607841
4.91426 2609281
4.91546 2610721
4.91665 2612161
4.91785 2613601
4.91904 2615041
4.92024 2616481
4.92143 2617921
4.92263 2619361
4.92382 2620801
4.92502 2622241
4.92621 2623681
4.92741 2625121
4.9286 2626561
4.9298 2628001
4.93099 2629441
4.93219 2630881
4.93338 2632321
4.93469 2633761
4.93589 2635201
4.93708 2636641
4.93828 2638081
4.93947 2639521
4.94067 2640961
4.94187 2642401
4.94306 2643841
4.94426 2645281
4.94545 2646721
4.94672 2648161
4.94791 2649601
4.94911 2651041
4.9503 2652481
4.9515 2653921
4.95269 2655361
4.95389 2656801
4.95508 2658241
4.95628 2659681
4.95783 2661121
4.95903 2662561
4.96022 2664001
4.96142 2665441
4.96261 2666881
4.96381 2668321
4.965 2669761
4.9662 2671201
4.96739 2672641
4.96859 2674081
4.96978 2675521
4.97098 2676961
4.97217 2678401
4.97337 2679841
4.97456 2681281
4.97576 2682721
4.97695 2684161
4.97815 2685601
4.97934 2687041
4.98054 2688481
4.98174 2689921
5.07113 2691361
5.07233 2692801
5.07352 2694241
5.07472 2695681
5.07591 2697121
5.07711 2698561
5.0783 2700001
5.0795 2701441
5.08104 2702881
5.08223 2704321
5.08343 2705761
5.08462 2707201
5.08582 2708641
5.08702 2710081
5.08821 2711521
5.08941 2712961
5.0906 2714401
5.0918 2715841
5.09299 2717281
5.09419 2718721
5.09538 2720161
5.09658 2721601
5.09777 2723041
5.09897 2724481
5.10016 2725921
5.10136 2727361
5.10255 2728801
5.10375 2730241
5.10494 2731681
5.10614 2733121
5.10733 2734561
5.10853 2736001
5.10972 2737441
5.11092 2738881
5.11211 2740321
5.11331 2741761
5.1145 2743201
5.1157 2744641
5.1169 2746081
5.11809 2747521
5.11929 2748961
5.12048 2750401
5.12168 2751841
5.12287 2753281
5.12407 2754721
5.12526 2756161
5.12646 2757601
5.12765 2759041
5.12885 2760481
5.13004 2761921
5.13124 2763361
5.13243 2764801
5.13363 2766241
5.13482 2767681
5.13602 2769121
5.13721 2770561
5.13841 2772001
5.1396 2773441
5.1408 2774881
5.14199 2776321
5.14319 2777761
5.14438 2779201
5.14558 2780641
5.14678 2782081
5.14797 2783521
5.14917 2784961
5.15036 2786401
5.15156 2787841
5.15275 2789281
5.24123 2790721
5.24243 2792161
5.24362 2793601
5.24482 2795041
5.24601 2796481
5.24721 2797921
5.2484 2799361
5.2496 2800801
5.25112 2802241
5.25247 2803681
5.25366 2805121
5.25486 2806561
5.25605 2808001
5.25725 2809441
5.25844 2810881
5.25964 2812321
5.26083 2813761
5.26203 2815201
5.26323 2816641
5.26442 2818081
5.26562 2819521
5.26681 2820961
5.26801 2822401
5.2692 2823841
5.27058 2825281
5.27177 2826721
5.27297 2828161
5.27416 2829601
5.27536 2831041
5.27656 2832481
5.27775 2833921
5.27895 2835361
5.28014 2836801
5.28134 2838241
5.28253 2839681
5.28373 2841121
5.28492 2842561
5.28612 2844001
5.28731 2845441
5.28851 2846881
5.2897 2848321
5.2909 2849761
5.29209 2851201
5.29329 2852641
5.29448 2854081
5.29568 2855521
5.29687 2856961
5.29807 2858401
5.29926 2859841
5.30046 2861281
5.30165 2862721
5.30285 2864161
5.30404 2865601
5.30524 2867041
5.30644 2868481
5.30763 2869921
5.30883 2871361
5.31002 2872801
5.31122 2874241
5.31241 2875681
5.31361 2877121
5.3148 2878561
5.316 2880001
5.31719 2881441
5.31839 2882881
5.31958 2884321
5.32078 2885761
5.32197 2887201
5.4102 2888641
5.4114 2890081
5.41259 2891521
5.41379 2892961
5.41498 2894401
5.41618 2895841
5.41737 2897281
5.41857 2898721
5.42023 2900161
5.42142 2901601
5.42262 2903041
5.42381 2904481
5.42501 2905921
5.4262 2907361
5.4274 2908801
5.42859 2910241
5.42979 2911681
5.43098 2913121
5.43218 2914561
5.43338 2916001
5.43457 2917441
5.43577 2918881
5.43696 2920321
5.43816 2921761
5.43935 2923201
5.44055 2924641
5.44174 2926081
5.44299 2927521
5.44418 2928961
5.44538 2930401
5.44657 2931841
5.44777 2933281
5.44896 2934721
5.45016 2936161
5.45135 2937601
5.45255 2939041
5.45374 2940481
5.45494 2941921
5.45613 2943361
5.45733 2944801
5.45852 2946241
5.45972 2947681
5.46091 2949121
5.46211 2950561
5.4633 2952001
5.4645 2953441
5.4657 2954881
5.46689 2956321
5.46809 2957761
5.46928 2959201
5.47048 2960641
5.47167 2962081
5.47287 2963521
5.47406 2964961
5.47546 2966401
5.47665 2967841
5.47785 2969281
5.47904 2970721
5.48024 2972161
5.48143 2973601
5.48263 2975041
5.48383 2976481
5.48502 2977921
5.48622 2979361
5.48741 2980801
5.48861 2982241
5.4898 2983681
5.491 2985121
5.49219 2986561
5.57909 2988001
5.58029 2989441
5.58148 2990881
5.58268 2992321
5.58387 2993761
5.58507 2995201
5.58632 2996641
5.58751 2998081
5.58912 2999521
5.59046 3000961
5.59166 3002401
5.59285 3003841
5.59405 3005281
5.59524 3006721
5.59644 3008161
5.59763 3009601
5.59883 3011041
5.60002 3012481
5.60122 3013921
5.60241 3015361
5.60361 3016801
5.6048 3018241
5.606 3019681
5.60719 3021121
5.60839 3022561
5.60959 3024001
5.61078 3025441
5.61198 3026881
5.61317 3028321
5.61437 3029761
5.61556 3031201
5.61676 3032641
5.61795 3034081
5.61915 3035521
5.62034 3036961
5.62154 3038401
5.62273 3039841
5.62393 3041281
5.62512 3042721
5.62632 3044161
5.62751 3045601
5.62871 3047041
5.6299 3048481
5.6311 3049921
5.63229 3051361
5.63349 3052801
5.63468 3054241
5.63588 3055681
5.63707 3057121
5.63827 3058561
5.63947 3060001
5.64066 3061441
5.64186 3062881
5.64305 3064321
5.64475 3065761
5.64594 3067201
5.64714 3068641
5.64833 3070081
5.64953 3071521
5.65072 3072961
5.65192 3074401
5.65311 3075841
5.65431 3077281
5.6555 3078721
5.6567 3080161
5.65789 3081601
5.65909 3083041
5.66028 3084481
5.66148 3085921
5.66267 3087361
5.74918 3088801
5.75037 3090241
5.75157 3091681
5.75279 3093121
5.75399 3094561
5.75518 3096001
5.7564 3097441
5.7576 3098881
5.75956 3100321
5.76076 3101761
5.76195 3103201
5.76315 3104641
5.76435 3106081
5.76554 3107521
5.76674 3108961
5.76793 3110401
5.76913 3111841
5.77032 3113281
5.77152 3114721
5.77271 3116161
5.77391 3117601
5.7751 3119041
5.7763 3120481
5.77749 3121921
5.77869 3123361
5.77988 3124801
5.78108 3126241
5.78227 3127681
5.78347 3129121
5.78466 3130561
5.78586 3132001
5.78705 3133441
5.78825 3134881
5.78944 3136321
5.79064 3137761
5.79183 3139201
5.79303 3140641
5.79423 3142081
5.79542 3143521
5.79662 3144961
5.79781 3146401
5.79901 3147841
5.8002 3149281
5.8014 3150721
5.80259 3152161
5.80379 3153601
5.80498 3155041
5.80618 3156481
5.80737 3157921
5.80857 3159361
5.80976 3160801
5.81096 3162241
5.81215 3163681
5.81335 3165121
5.81454 3166561
5.81574 3168001
5.81693 3169441
5.81813 3170881
5.81932 3172321
5.82052 3173761
5.82171 3175201
5.82291 3176641
5.82411 3178081
5.8253 3179521
5.8265 3180961
5.82769 3182401
5.82889 3183841
5.83008 3185281
5.83128 3186721
5.83247 3188161
5.83367 3189601
5.91933 3191041
5.92052 3192481
5.92172 3193921
5.92291 3195361
5.92411 3196801
5.9253 3198241
5.9265 3199681
5.92769 3201121
5.92965 3202561
5.93084 3204001
5.93204 3205441
5.93323 3206881
5.93443 3208321
5.93563 3209761
5.93682 3211201
5.93813 3212641
5.93933 3214081
5.94052 3215521
5.94172 3216961
5.94291 3218401
5.94411 3219841
5.9453 3221281
5.9465 3222721
5.94769 3224161
5.94917 3225601
5.95037 3227041
5.95156 3228481
5.95276 3229921
5.95395 3231361
5.95515 3232801
5.95634 3234241
5.95754 3235681
5.95873 3237121
5.95993 3238561
5.96112 3240001
5.96232 3241441
5.96351 3242881
5.96471 3244321
5.96591 3245761
5.9671 3247201
5.9683 3248641
5.96981 3250081
5.971 3251521
5.9722 3252961
5.97339 3254401
5.97459 3255841
5.97578 3257281
5.97698 3258721
5.97817 3260161
5.97937 3261601
5.98056 3263041
5.98176 3264481
5.98295 3265921
5.98415 3267361
5.98534 3268801
5.98654 3270241
5.98773 3271681
5.98893 3273121
5.99012 3274561
5.99132 3276001
5.99251 3277441
5.99371 3278881
5.99491 3280321
5.9961 3281761
5.9973 3283201
5.99849 3284641
5.99969 3286081
6.00088 3287521
6.00208 3288961
6.00327 3290401
6.08822 3291841
6.08941 3293281
6.09061 3294721
6.0918 3296161
6.093 3297601
6.09419 3299041
6.09539 3300481
6.09658 3301921
6.09854 3303361
6.09973 3304801
6.10093 3306241
6.10212 3307681
6.10332 3309121
6.10451 3310561
6.10571 3312001
6.10691 3313441
6.10822 3314881
6.10941 3316321
6.11061 3317761
6.1118 3319201
6.113 3320641
6.11419 3322081
6.11539 3323521
6.11658 3324961
6.11806 3326401
6.11926 3327841
6.12045 3329281
6.12165 3330721
6.12284 3332161
6.12404 3333601
6.12523 3335041
6.12643 3336481
6.12762 3337921
6.12882 3339361
6.13001 3340801
6.13121 3342241
6.1324 3343681
6.1336 3345121
6.13479 3346561
6.13599 3348001
6.13719 3349441
6.13838 3350881
6.13958 3352321
6.14077 3353761
6.14197 3355201
6.14316 3356641
6.14436 3358081
6.14555 3359521
6.14675 3360961
6.14794 3362401
6.14914 3363841
6.15033 3365281
6.15153 3366721
6.15272 3368161
6.15392 3369601
6.15511 3371041
6.15631 3372481
6.1575 3373921
6.1587 3375361
6.15989 3376801
6.16109 3378241
6.16228 3379681
6.16348 3381121
6.16467 3382561
6.16587 3384001
6.16707 3385441
6.16826 3386881
6.16946 3388321
6.17065 3389761
6.17185 3391201
6.17304 3392641
6.2571 3394081
6.2583 3395521
6.2595 3396961
6.26069 3398401
6.26189 3399841
6.26308 3401281
6.26428 3402721
6.26547 3404161
6.26756 3405601
6.26876 3407041
6.26995 3408481
6.27115 3409921
6.27235 3411361
6.27354 3412801
6.27474 3414241
6.27593 3415681
6.27713 3417121
6.27832 3418561
6.27985 3420001
6.28104 3421441
6.28224 3422881
6.28343 3424321
6.28463 3425761
6.28582 3427201
6.28742 3428641
6.28861 3430081
6.28981 3431521
6.291 3432961
6.2922 3434401
6.29339 3435841
6.29459 3437281
6.29578 3438721
6.29698 3440161
6.29817 3441601
6.29937 3443041
6.30056 3444481
6.30176 3445921
6.30296 3447361
6.30415 3448801
6.30535 3450241
6.30654 3451681
6.30774 3453121
6.30893 3454561
6.31013 3456001
6.31132 3457441
6.31252 3458881
6.31371 3460321
6.31491 3461761
6.3161 3463201
6.3173 3464641
6.31849 3466081
6.31969 3467521
6.32088 3468961
6.32208 3470401
6.32327 3471841
6.32447 3473281
6.32566 3474721
6.32686 3476161
6.32805 3477601
6.32925 3479041
6.33044 3480481
6.33164 3481921
6.33284 3483361
6.33403 3484801
6.33523 3486241
6.33642 3487681
6.33762 3489121
6.33881 3490561
6.34001 3492001
6.3412 3493441
6.3424 3494881
6.34359 3496321
6.42751 3497761
6.4287 3499201
6.4299 3500641
6.43109 3502081
6.43229 3503521
6.43348 3504961
6.43468 3506401
6.43587 3507841
6.43765 3509281
6.43884 3510721
6.44004 3512161
6.44123 3513601
6.44243 3515041
6.44363 3516481
6.44482 3517921
6.44602 3519361
6.44721 3520801
6.44841 3522241
6.44993 3523681
6.45113 3525121
6.45232 3526561
6.45352 3528001
6.45471 3529441
6.45591 3530881
6.4575 3532321
6.4587 3533761
6.45989 3535201
6.46109 3536641
6.46228 3538081
6.46348 3539521
6.46467 3540961
6.46587 3542401
6.46737 3543841
6.46856 3545281
6.46976 3546721
6.47095 3548161
6.47215 3549601
6.47334 3551041
6.47454 3552481
6.47573 3553921
6.47693 3555361
6.47812 3556801
6.47932 3558241
6.48051 3559681
6.48171 3561121
6.48291 3562561
6.4841 3564001
6.4853 3565441
6.48649 3566881
6.48769 3568321
6.48888 3569761
6.49008 3571201
6.49127 3572641
6.49247 3574081
6.49366 3575521
6.49486 3576961
6.49605 3578401
6.49725 3579841
6.49844 3581281
6.49964 3582721
6.50083 3584161
6.50203 3585601
6.50322 3587041
6.50442 3588481
6.50561 3589921
6.50681 3591361
6.508 3592801
6.5092 3594241
6.51039 3595681
6.51159 3597121
6.51279 3598561
6.51398 3600001
6.51518 3601441
6.59759 3602881
6.59879 3604321
6.59998 3605761
6.60118 3607201
6.60237 3608641
6.60357 3610081
6.60476 3611521
6.60596 3612961
6.60773 3614401
6.60893 3615841
6.61012 3617281
6.61132 3618721
6.61251 3620161
6.61371 3621601
6.61491 3623041
6.6161 3624481
6.6173 3625921
6.61849 3627361
6.62002 3628801
6.62121 3630241
6.62241 3631681
6.62372 3633121
6.62492 3634561
6.62611 3636001
6.62759 3637441
6.62878 3638881
6.62998 3640321
6.63117 3641761
6.63237 3643201
6.63356 3644641
6.63476 3646081
6.63595 3647521
6.63745 3648961
6.63865 3650401
6.63984 3651841
6.64104 3653281
6.64223 3654721
6.64343 3656161
6.64462 3657601
6.64582 3659041
6.64701 3660481
6.64821 3661921
6.6494 3663361
6.6506 3664801
6.65179 3666241
6.65299 3667681
6.65419 3669121
6.65538 3670561
6.65658 3672001
6.65777 3673441
6.65897 3674881
6.66016 3676321
6.66136 3677761
6.66255 3679201
6.66375 3680641
6.66494 3682081
6.66614 3683521
6.66733 3684961
6.66853 3686401
6.66972 3687841
6.67092 3689281
6.67211 3690721
6.67331 3692161
6.6745 3693601
6.6757 3695041
6.67689 3696481
6.67833 3697921
6.67952 3699361
6.68072 3700801
6.68191 3702241
6.68311 3703681
6.6843 3705121
6.76648 3706561
6.76767 3708001
6.76887 3709441
6.77007 3710881
6.77126 3712321
6.77246 3713761
6.77365 3715201
6.77485 3716641
6.77668 3718081
6.77787 3719521
6.77907 3720961
6.78026 3722401
6.78146 3723841
6.78265 3725281
6.78385 3726721
6.78504 3728161
6.78624 3729601
6.78743 3731041
6.78891 3732481
6.7901 3733921
6.7913 3735361
6.79249 3736801
6.79413 3738241
6.79532 3739681
6.79685 3741121
6.79804 3742561
6.79924 3744001
6.80043 3745441
6.80163 3746881
6.80282 3748321
6.80402 3749761
6.80521 3751201
6.80656 3752641
6.80775 3754081
6.80895 3755521
6.81014 3756961
6.81134 3758401
6.81253 3759841
6.81373 3761281
6.81492 3762721
6.81612 3764161
6.81731 3765601
6.81851 3767041
6.8197 3768481
6.8209 3769921
6.82209 3771361
6.82329 3772801
6.82448 3774241
6.82568 3775681
6.82687 3777121
6.82807 3778561
6.82927 3780001
6.83046 3781441
6.83166 3782881
6.83285 3784321
6.83405 3785761
6.83524 3787201
6.83644 3788641
6.83763 3790081
6.83883 3791521
6.84002 3792961
6.84122 3794401
6.84241 3795841
6.84361 3797281
6.8448 3798721
6.846 3800161
6.84719 3801601
6.84839 3803041
6.84958 3804481
6.85078 3805921
6.85197 3807361
6.85317 3808801
6.85436 3810241
6.93537 3811681
6.93656 3813121
6.93776 3814561
6.93895 3816001
6.94015 3817441
6.94135 3818881
6.94254 3820321
6.94374 3821761
6.94588 3823201
6.94708 3824641
6.94827 3826081
6.94947 3827521
6.95067 3828961
6.95186 3830401
6.95306 3831841
6.95425 3833281
6.95545 3834721
6.95664 3836161
6.95784 3837601
6.95903 3839041
6.96023 3840481
6.96142 3841921
6.96302 3843361
6.96421 3844801
6.96574 3846241
6.96693 3847681
6.96813 3849121
6.96932 3850561
6.97052 3852001
6.97171 3853441
6.97291 3854881
6.9741 3856321
6.97545 3857761
6.97664 3859201
6.97784 3860641
6.97903 3862081
6.98023 3863521
6.98142 3864961
6.98262 3866401
6.98381 3867841
6.98501 3869281
6.9862 3870721
6.9874 3872161
6.98859 3873601
6.98979 3875041
6.99098 3876481
6.99218 3877921
6.99337 3879361
6.99457 3880801
6.99576 3882241
6.99696 3883681
6.99823 3885121
6.99943 3886561
7.00063 3888001
7.00182 3889441
7.00302 3890881
7.00421 3892321
7.00541 3893761
7.0066 3895201
7.0078 3896641
7.00899 3898081
7.01019 3899521
7.01138 3900961
7.01261 3902401
7.01381 3903841
7.015 3905281
7.0162 3906721
7.0174 3908161
7.01859 3909601
7.01979 3911041
7.02098 3912481
7.02218 3913921
7.02337 3915361
7.02457 3916801
7.10545 3918241
7.10665 3919681
7.10784 3921121
7.10904 3922561
7.11023 3924001
7.11143 3925441
7.11263 3926881
7.11382 3928321
7.11597 3929761
7.11716 3931201
7.11836 3932641
7.11955 3934081
7.12075 3935521
7.12195 3936961
7.12314 3938401
7.12434 3939841
7.12553 3941281
7.12673 3942721
7.12792 3944161
7.12912 3945601
7.13031 3947041
7.13151 3948481
7.1331 3949921
7.1343 3951361
7.13582 3952801
7.13702 3954241
7.13821 3955681
7.13941 3957121
7.1406 3958561
7.1418 3960001
7.14299 3961441
7.14419 3962881
7.14626 3964321
7.14746 3965761
7.14865 3967201
7.14985 3968641
7.15104 3970081
7.15224 3971521
7.15343 3972961
7.15463 3974401
7.15582 3975841
7.15702 3977281
7.15821 3978721
7.15941 3980161
7.1606 3981601
7.1618 3983041
7.16299 3984481
7.16419 3985921
7.16538 3987361
7.16658 3988801
7.16777 3990241
7.16897 3991681
7.17016 3993121
7.17136 3994561
7.17455 3996001
7.17574 3997441
7.17694 3998881
7.17813 4000321
7.17933 4001761
7.18052 4003201
7.18172 4004641
7.18291 4006081
7.18411 4007521
7.1853 4008961
7.1865 4010401
7.18769 4011841
7.18889 4013281
7.19008 4014721
7.19128 4016161
7.19248 4017601
7.19367 4019041
7.19487 4020481
7.19606 4021921
7.19726 4023361
7.19845 4024801
7.27554 4026241
7.27673 4027681
7.27793 4029121
7.27912 4030561
7.28032 4032001
7.28151 4033441
7.28271 4034881
7.28391 4036321
7.28622 4037761
7.28741 4039201
7.28861 4040641
7.2898 4042081
7.291 4043521
7.29219 4044961
7.29339 4046401
7.29458 4047841
7.29618 4049281
7.29737 4050721
7.29857 4052161
7.29976 4053601
7.30096 4055041
7.30215 4056481
7.30335 4057921
7.30454 4059361
7.30591 4060801
7.3071 4062241
7.3083 4063681
7.30949 4065121
7.31069 4066561
7.31188 4068001
7.31323 4069441
7.31442 4070881
7.31635 4072321
7.31754 4073761
7.31874 4075201
7.31993 4076641
7.32113 4078081
7.32232 4079521
7.32352 4080961
7.32471 4082401
7.32591 4083841
7.3271 4085281
7.3283 4086721
7.32949 4088161
7.33069 4089601
7.33188 4091041
7.33308 4092481
7.33427 4093921
7.33547 4095361
7.33666 4096801
7.33786 4098241
7.33905 4099681
7.34025 4101121
7.34144 4102561
7.34463 4104001
7.34583 4105441
7.34702 4106881
7.34837 4108321
7.34957 4109761
7.35076 4111201
7.35196 4112641
7.35316 4114081
7.35435 4115521
7.35555 4116961
7.35674 4118401
7.35794 4119841
7.35913 4121281
7.36033 4122721
7.36152 4124161
7.36272 4125601
7.36391 4127041
7.36511 4128481
7.3663 4129921
7.3675 4131361
7.44443 4132801
7.44562 4134241
7.44682 4135681
7.44801 4137121
7.44921 4138561
7.4504 4140001
7.4516 4141441
7.45279 4142881
7.45549 4144321
7.45668 4145761
7.45788 4147201
7.45908 4148641
7.46027 4150081
7.46147 4151521
7.46266 4152961
7.46386 4154401
7.46507 4155841
7.46626 4157281
7.46746 4158721
7.46865 4160161
7.46985 4161601
7.47104 4163041
7.47224 4164481
7.47343 4165921
7.4748 4167361
7.47599 4168801
7.47719 4170241
7.47838 4171681
7.47958 4173121
7.48077 4174561
7.48211 4176001
7.48331 4177441
7.48524 4178881
7.48643 4180321
7.48763 4181761
7.48882 4183201
7.49002 4184641
7.49121 4186081
7.49241 4187521
7.4936 4188961
7.4948 4190401
7.49599 4191841
7.49719 4193281
7.49838 4194721
7.49958 4196161
7.50077 4197601
7.50197 4199041
7.50316 4200481
7.50436 4201921
7.50569 4203361
7.50688 4204801
7.50808 4206241
7.50927 4207681
7.51072 4209121
7.51391 4210561
7.5151 4212001
7.5163 4213441
7.51749 4214881
7.51909 4216321
7.52028 4217761
7.52148 4219201
7.52267 4220641
7.52387 4222081
7.52506 4223521
7.52626 4224961
7.52745 4226401
7.52865 4227841
7.52984 4229281
7.53104 4230721
7.53223 4232161
7.53343 4233601
7.53462 4235041
7.53582 4236481
7.53701 4237921
7.53821 4239361
7.61336 4240801
7.61455 4242241
7.61575 4243681
7.61694 4245121
7.61814 4246561
7.61933 4248001
7.62053 4249441
7.62172 4250881
7.62438 4252321
7.62557 4253761
7.62677 4255201
7.62796 4256641
7.62937 4258081
7.63057 4259521
7.63176 4260961
7.80645 4262401
7.80645 4263841
7.80645 4265281
7.80645 4266721
7.80645 4268161
7.80645 4269601
7.80645 4271041
7.80645 4272481
7.80645 4273921
7.80645 4275361
7.80645 4276801
7.80645 4278241
7.80645 4279681
7.80645 4281121
7.80645 4282561
7.80645 4284001
7.80645 4285441
7.80645 4286881
7.80645 4288321
7.80645 4289761
7.80645 4291201
7.80645 4292641
7.80645 4294081
7.80645 4295521
7.80645 4296961
7.80645 4298401
7.80645 4299841
7.80645 4301281
7.80645 4302721
7.80645 4304161
7.80645 4305601
7.80645 4307041
7.80645 4308481
7.80645 4309921
7.80645 4311361
7.80645 4312801
7.80645 4314241
7.80645 4315681
7.80645 4317121
7.80645 4318561
7.80645 4320001
7.80645 4321441
7.80645 4322881
7.80645 4324321
7.80645 4325761
7.80645 4327201
7.80645 4328641
7.80645 4330081
7.80645 4331521
7.80645 4332961
7.80645 4334401
7.80645 4335841
7.80645 4337281
7.80645 4338721
7.80645 4340161
7.80645 4341601
7.80645 4343041
7.80645 4344481
7.80645 4345921
7.80645 4347361
7.80645 4348801
7.80645 4350241
7.80645 4351681
7.80645 4353121
7.80645 4354561
7.80645 4356001
7.80645 4357441
7.80645 4358881
7.80645 4360321
7.80645 4361761
7.80645 4363201
7.80645 4364641
7.80645 4366081
7.80645 4367521
7.80645 4368961
7.80645 4370401
7.80645 4371841
7.80645 4373281
7.85552 4374721
7.85688 4376161
7.85808 4377601
7.85927 4379041
7.86047 4380481
7.86166 4381921
7.86286 4383361
7.86405 4384801
7.86525 4386241
7.86644 4387681
7.86764 4389121
7.86883 4390561
7.87003 4392001
7.87122 4393441
7.87242 4394881
7.87361 4396321
7.87481 4397761
7.87635 4399201
7.87754 4400641
7.95235 4402081
7.95354 4403521
7.95474 4404961
7.95593 4406401
7.95713 4407841
7.95832 4409281
7.95952 4410721
7.96071 4412161
7.96337 4413601
7.96456 4415041
7.96576 4416481
7.96695 4417921
7.96836 4419361
7.96956 4420801
7.97176 4422241
7.97296 4423681
7.97415 4425121
7.97535 4426561
8.02577 4428001
8.02697 4429441
8.02816 4430881
8.02936 4432321
8.03055 4433761
8.03175 4435201
8.03294 4436641
8.03414 4438081
8.03533 4439521
8.03653 4440961
8.03772 4442401
8.03892 4443841
8.04011 4445281
8.04158 4446721
8.04278 4448161
8.04397 4449601
8.04557 4451041
8.04676 4452481
8.12124 4453921
8.12243 4455361
8.12363 4456801
8.12482 4458241
8.12602 4459681
8.12721 4461121
8.12841 4462561
8.1296 4464001
8.13226 4465441
8.13345 4466881
8.13465 4468321
8.13584 4469761
8.13725 4471201
8.13845 4472641
8.14065 4474081
8.14185 4475521
8.14304 4476961
8.14424 4478401
8.19466 4479841
8.19585 4481281
8.19705 4482721
8.19825 4484161
8.19944 4485601
8.20064 4487041
8.20183 4488481
8.20303 4489921
8.20422 4491361
8.20542 4492801
8.20661 4494241
8.20781 4495681
8.209 4497121
8.2102 4498561
8.21167 4500001
8.21286 4501441
8.21446 4502881
8.21565 4504321
8.29018 4505761
8.29149 4507201
8.29269 4508641
8.29388 4510081
8.29508 4511521
8.29627 4512961
8.29747 4514401
8.29874 4515841
8.30115 4517281
8.30234 4518721
8.30354 4520161
8.30473 4521601
8.30614 4523041
8.30734 4524481
8.30954 4525921
8.31074 4527361
8.31193 4528801
8.31313 4530241
8.36355 4531681
8.36474 4533121
8.36594 4534561
8.36713 4536001
8.36833 4537441
8.36953 4538881
8.37072 4540321
8.37192 4541761
8.37311 4543201
8.37431 4544641
8.3755 4546081
8.3767 4547521
8.37789 4548961
8.37909 4550401
8.38028 4551841
8.38162 4553281
8.62797 4554721
8.62797 4556161
8.62797 4557601
8.62797 4559041
8.62797 4560481
8.62797 4561921
8.62797 4563361
8.62797 4564801
8.62797 4566241
8.62797 4567681
8.62797 4569121
8.62797 4570561
8.62797 4572001
8.62797 4573441
8.62797 4574881
8.62797 4576321
8.62797 4577761
8.62797 4579201
8.62797 4580641
8.62797 4582081
8.62797 4583521
8.62797 4584961
8.62797 4586401
8.62797 4587841
8.62797 4589281
8.62797 4590721
8.62797 4592161
8.62797 4593601
8.62797 4595041
8.62797 4596481
8.62797 4597921
8.62797 4599361
8.62797 4600801
8.62797 4602241
8.62797 4603681
8.62797 4605121
8.62797 4606561
8.62797 4608001
8.62797 4609441
8.62797 4610881
8.70373 4612321
8.70493 4613761
8.70612 4615201
8.70803 4616641
8.70923 4618081
8.71042 4619521
8.71162 4620961
8.71281 4622401
8.71401 4623841
8.71521 4625281
8.7164 4626721
8.7176 4628161
8.71879 4629601
8.71999 4631041
8.7223 4632481
8.72349 4633921
8.72469 4635361
8.79686 4636801
8.87398 4638241
8.87517 4639681
8.87734 4641121
8.87857 4642561
8.87977 4644001
8.88096 4645441
8.88216 4646881
8.88335 4648321
8.88455 4649761
8.88574 4651201
8.88694 4652641
8.88813 4654081
8.88933 4655521
8.89052 4656961
8.89271 4658401
8.89391 4659841
8.96575 4661281
8.96695 4662721
9.04406 4664161
9.04526 4665601
9.04746 4667041
9.04865 4668481
9.04985 4669921
9.05105 4671361
9.05224 4672801
9.05344 4674241
9.05463 4675681
9.05583 4677121
9.05702 4678561
9.05822 4680001
9.05941 4681441
9.06061 4682881
9.06287 4684321
9.06407 4685761
9.13584 4687201
9.13703 4688641
9.21415 4690081
9.21534 4691521
9.21654 4692961
9.21773 4694401
9.21893 4695841
9.22012 4697281
9.22132 4698721
9.22251 4700161
9.22371 4701601
9.2249 4703041
9.2261 4704481
9.22729 4705921
9.22849 4707361
9.22969 4708801
9.23088 4710241
9.23296 4711681
9.23441 4713121
9.30592 4714561
9.30712 4716001
9.38443 4717441
9.38562 4718881
9.38682 4720321
9.38801 4721761
9.38921 4723201
9.3904 4724641
9.39161 4726081
9.39281 4727521
9.394 4728961
9.3952 4730401
9.39639 4731841
9.39759 4733281
9.39878 4734721
9.39998 4736161
9.40204 4737601
9.40323 4739041
9.47481 4740481
9.47601 4741921
9.55332 4743361
9.55451 4744801
9.55571 4746241
9.5569 4747681
9.5581 4749121
9.55929 4750561
9.56049 4752001
9.56168 4753441
9.56288 4754881
9.56408 4756321
9.56527 4757761
9.56647 4759201
9.56766 4760641
9.56886 4762081
9.57005 4763521
9.57125 4764961
9.57244 4766401
9.64375 4767841
9.64495 4769281
9.72221 4770721
9.7234 4772161
9.7246 4773601
9.72579 4775041
9.72699 4776481
9.72818 4777921
9.72938 4779361
9.73057 4780801
9.73177 4782241
9.73298 4783681
9.73417 4785121
9.73573 4786561
9.73693 4788001
9.73812 4789441
9.73932 4790881
9.74051 4792321
9.74171 4793761
9.7429 4795201
9.81384 4796641
9.81503 4798081
9.89241 4799521
9.8936 4800961
9.8948 4802401
9.89599 4803841
9.89719 4805281
9.89838 4806721
9.89958 4808161
9.90077 4809601
9.90197 4811041
9.90316 4812481
9.90436 4813921
9.90555 4815361
9.90675 4816801
9.90794 4818241
9.90914 4819681
9.91033 4821121
9.91153 4822561
9.91273 4824001
9.91392 4825441
9.98392 4826881
9.98512 4828321
10.0625 4829761
10.0637 4831201
10.0649 4832641
10.0661 4834081
10.0673 4835521
10.0685 4836961
10.0697 4838401
10.0709 4839841
10.0721 4841281
10.0732 4842721
10.0744 4844161
10.0756 4845601
10.0768 4847041
10.078 4848481
10.0792 4849921
10.0804 4851361
10.0816 4852801
10.0828 4854241
10.1528 4855681
10.154 4857121
10.2317 4858561
10.2329 4860001
10.2341 4861441
10.2353 4862881
10.2365 4864321
10.2377 4865761
10.2389 4867201
10.2401 4868641
10.2413 4870081
10.2425 4871521
10.2436 4872961
10.2448 4874401
10.246 4875841
10.2472 4877281
10.2484 4878721
10.2496 4880161
10.2508 4881601
10.252 4883041
10.2532 4884481
10.3221 4885921
10.3232 4887361
10.4009 4888801
10.4025 4890241
10.4037 4891681
10.4049 4893121
10.4061 4894561
10.4073 4896001
10.4084 4897441
10.4096 4898881
10.4108 4900321
10.412 4901761
10.4132 4903201
10.4144 4904641
10.4156 4906081
10.4168 4907521
10.418 4908961
10.4192 4910401
10.4204 4911841
10.4216 4913281
10.4228 4914721
10.424 4916161
10.4921 4917601
10.4933 4919041
10.5715 4920481
10.5727 4921921
10.5739 4923361
10.5751 4924801
10.5763 4926241
10.5775 4927681
10.5787 4929121
10.5799 4930561
10.5811 4932001
10.5823 4933441
10.5835 4934881
10.5847 4936321
10.5859 4937761
10.5871 4939201
10.5883 4940641
10.5895 4942081
10.5907 4943521
10.5919 4944961
10.5931 4946401
10.5943 4947841
10.5955 4949281
10.6622 4950721
10.6634 4952161
10.7418 4953601
10.743 4955041
10.7442 4956481
10.7454 4957921
10.7466 4959361
10.7478 4960801
10.749 4962241
10.7502 4963681
10.7514 4965121
10.7526 4966561
10.7538 4968001
10.755 4969441
10.7562 4970881
10.7574 4972321
10.7586 4973761
10.7597 4975201
10.7609 4976641
10.7621 4978081
10.7633 4979521
10.7645 4980961
10.8311 4982401
10.8323 4983841
10.9107 4985281
10.9119 4986721
10.9131 4988161
10.9143 4989601
10.9155 4991041
10.9167 4992481
10.9179 4993921
10.9191 4995361
10.9203 4996801
10.9215 4998241
10.9227 4999681
10.9239 5001121
10.9251 5002561
10.9262 5004001
10.9274 5005441
10.9286 5006881
10.9298 5008321
10.931 5009761
10.9322 5011201
10.9334 5012641
10.9346 5014081
11 5015521
11.0012 5016961
11.0796 5018401
11.0808 5019841
11.082 5021281
11.0832 5022721
11.0844 5024161
11.0856 5025601
11.0871 5027041
11.0883 5028481
11.0895 5029921
11.0907 5031361
11.0919 5032801
11.0931 5034241
11.0943 5035681
11.0955 5037121
11.0967 5038561
11.0979 5040001
11.0991 5041441
11.1003 5042881
11.1015 5044321
11.1027 5045761
11.1039 5047201
11.1051 5048641
11.1701 5050081
11.1713 5051521
11.2497 5052961
11.2509 5054401
11.2521 5055841
11.2533 5057281
11.2545 5058721
11.2557 5060161
11.2572 5061601
11.2584 5063041
11.2596 5064481
11.2608 5065921
11.262 5067361
11.2632 5068801
11.2644 5070241
11.2656 5071681
11.2668 5073121
11.268 5074561
11.2692 5076001
11.2704 5077441
11.2716 5078881
11.2728 5080321
11.274 5081761
11.2752 5083201
11.2764 5084641
11.3402 5086081
11.3416 5087521
11.4198 5088961
11.421 5090401
11.4222 5091841
11.4234 5093281
11.4246 5094721
11.4258 5096161
11.4273 5097601
11.4284 5099041
11.4296 5100481
11.4308 5101921
11.4321 5103361
11.4333 5104801
11.4345 5106241
11.4357 5107681
11.437 5109121
11.4382 5110561
11.4394 5112001
11.4406 5113441
11.4418 5114881
11.443 5116321
11.4442 5117761
11.4454 5119201
11.5091 5120641
11.5103 5122081
11.5887 5123521
11.5899 5124961
11.591 5126401
11.5922 5127841
11.5934 5129281
11.5946 5130721
11.5964 5132161
11.5976 5133601
11.5988 5135041
11.5999 5136481
11.6011 5137921
11.6023 5139361
11.6035 5140801
11.6047 5142241
11.6059 5143681
11.6071 5145121
11.6083 5146561
11.6095 5148001
11.6107 5149441
11.6119 5150881
11.6131 5152321
11.6143 5153761
11.678 5155201
11.6791 5156641
11.7577 5158081
11.7589 5159521
11.7601 5160961
11.7613 5162401
11.7624 5163841
11.7636 5165281
11.7648 5166721
11.766 5168161
11.7672 5169601
11.7684 5171041
11.7696 5172481
11.7708 5173921
11.772 5175361
11.7732 5176801
11.7744 5178241
11.7756 5179681
11.7768 5181121
11.778 5182561
11.7792 5184001
11.7804 5185441
11.7816 5186881
11.7828 5188321
11.784 5189761
11.8468 5191201
11.848 5192641
11.9266 5194081
11.9278 5195521
11.9291 5196961
11.9303 5198401
11.9315 5199841
11.9327 5201281
11.9339 5202721
11.9351 5204161
11.9363 5205601
11.9375 5207041
11.9387 5208481
11.9399 5209921
11.941 5211361
11.9422 5212801
11.9434 5214241
11.9446 5215681
11.9458 5217121
11.947 5218561
11.9482 5220001
11.9494 5221441
11.9506 5222881
11.9518 5224321
11.953 5225761
11.9542 5227201
12.0169 5228641
12.0181 5230081
12.0969 5231521
12.0981 5232961
12.0993 5234401
12.1005 5235841
12.1017 5237281
12.1029 5238721
12.1041 5240161
12.1053 5241601
12.1065 5243041
12.1077 5244481
12.1089 5245921
12.1101 5247361
12.1113 5248801
12.1124 5250241
12.1136 5251681
12.1148 5253121
12.116 5254561
12.1172 5256001
12.1184 5257441
12.1196 5258881
12.1208 5260321
12.122 5261761
12.1232 5263201
12.1244 5264641
12.1256 5266081
12.187 5267521
12.1882 5268961
12.267 5270401
12.2682 5271841
12.2694 5273281
12.2706 5274721
12.2718 5276161
12.273 5277601
12.2742 5279041
12.2754 5280481
12.2766 5281921
12.2778 5283361
12.2789 5284801
12.2801 5286241
12.2813 5287681
12.2825 5289121
12.2837 5290561
12.2849 5292001
12.2861 5293441
12.2873 5294881
12.2885 5296321
12.2897 5297761
12.2909 5299201
12.2921 5300641
12.2933 5302081
12.2945 5303521
12.3559 5304961
12.3571 5306401
12.4359 5307841
12.4371 5309281
12.4383 5310721
12.4395 5312161
12.4407 5313601
12.4419 5315041
12.4431 5316481
12.4443 5317921
12.4454 5319361
12.4466 5320801
12.4478 5322241
12.449 5323681
12.4502 5325121
12.4514 5326561
12.4526 5328001
12.4538 5329441
12.455 5330881
12.4562 5332321
12.4574 5333761
12.4586 5335201
12.4598 5336641
12.461 5338081
12.4622 5339521
12.4634 5340961
12.4646 5342401
12.5248 5343841
12.526 5345281
12.6051 5346721
12.6063 5348161
12.6075 5349601
12.6087 5351041
12.6099 5352481
12.6111 5353921
12.6123 5355361
12.6135 5356801
12.6147 5358241
12.6159 5359681
12.6171 5361121
12.6183 5362561
12.6195 5364001
12.6207 5365441
12.6219 5366881
12.6231 5368321
12.6243 5369761
12.6255 5371201
12.6267 5372641
12.6279 5374081
12.629 5375521
12.6302 5376961
12.6314 5378401
12.6326 5379841
12.6338 5381281
12.635 5382721
12.6952 5384161
12.6964 5385601
12.7752 5387041
12.7764 5388481
12.7776 5389921
12.7788 5391361
12.78 5392801
12.7812 5394241
12.7824 5395681
12.7836 5397121
12.7848 5398561
12.786 5400001
12.7872 5401441
12.7884 5402881
12.7896 5404321
12.7908 5405761
12.792 5407201
12.7932 5408641
12.7944 5410081
12.7955 5411521
12.7967 5412961
12.7981 5414401
12.7993 5415841
12.8005 5417281
12.8017 5418721
12.8029 5420161
12.8041 5421601
12.8053 5423041
12.8065 5424481
12.8653 5425921
12.8665 5427361
12.9453 5428801
12.9465 5430241
12.9477 5431681
12.9489 5433121
12.9501 5434561
12.9513 5436001
12.9525 5437441
12.9537 5438881
12.9549 5440321
12.9561 5441761
12.9573 5443201
12.9585 5444641
12.9597 5446081
12.9609 5447521
12.9621 5448961
12.9633 5450401
12.9645 5451841
12.9657 5453281
12.9674 5454721
12.9686 5456161
12.9697 5457601
12.9709 5459041
12.9721 5460481
12.9733 5461921
12.9745 5463361
12.9757 5464801
13.0342 5466241
13.0354 5467681
13.1145 5469121
13.1157 5470561
13.1169 5472001
13.1181 5473441
13.1193 5474881
13.1204 5476321
13.1216 5477761
13.1228 5479201
13.124 5480641
13.1252 5482081
13.1264 5483521
13.1276 5484961
13.1288 5486401
13.13 5487841
13.1312 5489281
13.1324 5490721
13.1336 5492161
13.1348 5493601
13.136 5495041
13.1372 5496481
13.1384 5497921
13.1396 5499361
13.1408 5500801
13.142 5502241
13.1432 5503681
13.1444 5505121
13.1455 5506561
13.2031 5508001
13.2043 5509441
13.2834 5510881
13.2846 5512321
13.2858 5513761
13.2869 5515201
13.2881 5516641
13.2893 5518081
13.2905 5519521
13.2917 5520961
13.2929 5522401
13.2941 5523841
13.2953 5525281
13.2965 5526721
13.2977 5528161
13.2989 5529601
13.3001 5531041
13.3013 5532481
13.3025 5533921
13.3037 5535361
13.3049 5536801
13.3061 5538241
13.3073 5539681
13.3085 5541121
13.3097 5542561
13.3109 5544001
13.312 5545441
13.3132 5546881
13.3144 5548321
13.3156 5549761
13.3732 5551201
13.3744 5552641
13.4534 5554081
13.4546 5555521
13.4558 5556961
13.457 5558401
13.4582 5559841
13.4594 5561281
13.4606 5562721
13.4618 5564161
13.463 5565601
13.4642 5567041
13.4655 5568481
13.4667 5569921
13.4679 5571361
13.4691 5572801
13.4703 5574241
13.4715 5575681
13.4727 5577121
13.4738 5578561
13.475 5580001
13.4762 5581441
13.4774 5582881
13.4786 5584321
13.4798 5585761
13.481 5587201
13.4822 5588641
13.4834 5590081
13.4846 5591521
13.4858 5592961
13.487 5594401
13.5432 5595841
13.5444 5597281
13.6239 5598721
13.6251 5600161
13.6263 5601601
13.6275 5603041
13.6287 5604481
13.6299 5605921
13.6311 5607361
13.6323 5608801
13.6335 5610241
13.6347 5611681
13.6359 5613121
13.6371 5614561
13.6383 5616001
13.6395 5617441
13.6406 5618881
13.6418 5620321
13.643 5621761
13.6442 5623201
13.6454 5624641
13.6466 5626081
13.6478 5627521
13.649 5628961
13.6502 5630401
13.6514 5631841
13.6526 5633281
13.6538 5634721
13.655 5636161
13.6562 5637601
13.7125 5639041
13.7136 5640481
13.7928 5641921
13.794 5643361
13.7952 5644801
13.7964 5646241
13.7976 5647681
13.7988 5649121
13.8 5650561
13.8012 5652001
13.8024 5653441
13.8036 5654881
13.8048 5656321
13.806 5657761
13.8072 5659201
13.8084 5660641
13.8096 5662081
13.8108 5663521
13.812 5664961
13.8132 5666401
13.8144 5667841
13.8156 5669281
13.8168 5670721
13.818 5672161
13.8192 5673601
13.8204 5675041
13.8215 5676481
13.8227 5677921
13.8241 5679361
13.8253 5680801
13.8265 5682241
13.8813 5683681
13.8825 5685121
13.9618 5686561
13.963 5688001
13.9642 5689441
13.9654 5690881
13.9666 5692321
13.9678 5693761
13.969 5695201
13.9702 5696641
13.9714 5698081
13.9726 5699521
13.9738 5700961
13.975 5702401
13.9762 5703841
13.9774 5705281
13.9786 5706721
13.9797 5708161
13.9809 5709601
13.9821 5711041
13.9833 5712481
13.9845 5713921
13.9857 5715361
13.9869 5716801
13.9881 5718241
13.9893 5719681
13.9905 5721121
13.9917 5722561
13.993 5724001
13.9942 5725441
13.9954 5726881
13.9966 5728321
14.0518 5729761
14.053 5731201
14.1319 5732641
14.1331 5734081
14.1343 5735521
14.1355 5736961
14.1367 5738401
14.1379 5739841
14.1391 5741281
14.1403 5742721
14.1415 5744161
14.1427 5745601
14.1439 5747041
14.1451 5748481
14.1462 5749921
14.1474 5751361
14.1486 5752801
14.1498 5754241
14.151 5755681
14.1522 5757121
14.1534 5758561
14.1546 5760001
14.1558 5761441
14.157 5762881
14.1582 5764321
14.1594 5765761
14.1606 5767201
14.1618 5768641
14.163 5770081
14.1642 5771521
14.1654 5772961
14.1666 5774401
14.1678 5775841
14.2219 5777281
14.2231 5778721
14.3023 5780161
14.3035 5781601
14.3047 5783041
14.3059 5784481
14.3071 5785921
14.3083 5787361
14.3095 5788801
14.3107 5790241
14.3119 5791681
14.3131 5793121
14.3143 5794561
14.3155 5796001
14.3167 5797441
14.3179 5798881
14.3191 5800321
14.3203 5801761
14.3215 5803201
14.3227 5804641
14.3239 5806081
14.3251 5807521
14.3263 5808961
14.3274 5810401
14.3286 5811841
14.3298 5813281
14.331 5814721
14.3322 5816161
14.3334 5817601
14.3346 5819041
14.3358 5820481
14.337 5821921
14.3908 5823361
14.392 5824801
14.4712 5826241
14.4724 5827681
14.4736 5829121
14.4748 5830561
14.476 5832001
14.4772 5833441
14.4784 5834881
14.4796 5836321
14.4808 5837761
14.482 5839201
14.4832 5840641
14.4844 5842081
14.4856 5843521
14.4868 5844961
14.488 5846401
14.4892 5847841
14.4904 5849281
14.4916 5850721
14.4928 5852161
14.4939 5853601
14.4951 5855041
14.4963 5856481
14.4975 5857921
14.4987 5859361
14.4999 5860801
14.5011 5862241
14.5023 5863681
14.5035 5865121
14.5047 5866561
14.5059 5868001
14.5071 5869441
14.5597 5870881
14.5608 5872321
14.6401 5873761
14.6413 5875201
14.6425 5876641
14.6437 5878081
14.6449 5879521
14.6461 5880961
14.6473 5882401
14.6485 5883841
14.6497 5885281
14.6509 5886721
14.6521 5888161
14.6533 5889601
14.6545 5891041
14.8294 5892481
14.8294 5893921
14.8294 5895361
14.8294 5896801
14.8294 5898241
14.8294 5899681
14.8294 5901121
14.8294 5902561
14.8294 5904001
14.8294 5905441
14.8294 5906881
14.8294 5908321
14.8294 5909761
14.8294 5911201
14.8294 5912641
14.8294 5914081
14.8294 5915521
14.8294 5916961
14.8294 5918401
14.8294 5919841
14.8294 5921281
14.8294 5922721
14.8294 5924161
14.8294 5925601
14.8294 5927041
14.8294 5928481
14.8294 5929921
14.8294 5931361
14.8294 5932801
14.8294 5934241
14.8294 5935681
14.8294 5937121
14.8294 5938561
14.8294 5940001
14.8294 5941441
14.8294 5942881
14.9791 5944321
14.9803 5945761
14.9815 5947201
14.9827 5948641
14.9839 5950081
14.9851 5951521
14.9863 5952961
14.9875 5954401
14.9887 5955841
14.9899 5957281
14.9911 5958721
14.9923 5960161
14.9947 5961601
14.9959 5963041
14.9971 5964481
14.9983 5965921
15.1492 5967361
15.1504 5968801
15.1516 5970241
15.1528 5971681
15.154 5973121
15.1552 5974561
15.1564 5976001
15.1576 5977441
15.1588 5978881
15.16 5980321
15.1612 5981761
15.1624 5983201
15.1652 5984641
15.1663 5986081
15.1675 5987521
15.1687 5988961
15.3193 5990401
15.3205 5991841
15.3217 5993281
15.3229 5994721
15.3241 5996161
15.3253 5997601
15.3265 5999041
15.3277 6000481
15.3289 6001921
15.3301 6003361
15.3313 6004801
15.3324 6006241
15.3352 6007681
15.3364 6009121
15.3376 6010561
15.3388 6012001
15.4898 6013441
15.491 6014881
15.4921 6016321
15.4933 6017761
15.4945 6019201
15.4957 6020641
15.4969 6022081
15.4981 6023521
15.4993 6024961
15.5005 6026401
15.5017 6027841
15.5029 6029281
15.5041 6030721
15.5053 6032161
15.5065 6033601
15.5077 6035041
15.5089 6036481
15.6598 6037921
15.661 6039361
15.6622 6040801
15.6634 6042241
15.6646 6043681
15.6658 6045121
15.667 6046561
15.6682 6048001
15.6694 6049441
15.6706 6050881
15.6718 6052321
15.673 6053761
15.6742 6055201
15.6754 6056641
15.6766 6058081
15.6778 6059521
15.8287 6060961
15.8299 6062401
15.8311 6063841
15.8323 6065281
15.8335 6066721
15.8347 6068161
15.8359 6069601
15.8371 6071041
15.8383 6072481
15.8395 6073921
15.8407 6075361
15.8419 6076801
15.8431 6078241
15.8443 6079681
15.8455 6081121
15.8467 6082561
15.8479 6084001
15.9976 6085441
15.9988 6086881
16 6088321
16.0012 6089761
16.0024 6091201
16.0036 6092641
16.0048 6094081
16.006 6095521
16.0072 6096961
16.0084 6098401
16.0096 6099841
16.0108 6101281
16.012 6102721
16.0132 6104161
16.0144 6105601
16.0155 6107041
16.0167 6108481
16.0179 6109921
16.1677 6111361
16.1689 6112801
16.1701 6114241
16.1713 6115681
16.1725 6117121
16.1737 6118561
16.1749 6120001
16.1761 6121441
16.1773 6122881
16.1785 6124321
16.1797 6125761
16.1809 6127201
16.182 6128641
16.1832 6130081
16.1844 6131521
16.1856 6132961
16.1868 6134401
16.188 6135841
16.1892 6137281
16.3378 6138721
16.339 6140161
16.3402 6141601
16.3414 6143041
16.3426 6144481
16.3438 6145921
16.345 6147361
16.3462 6148801
16.3474 6150241
16.3485 6151681
16.3497 6153121
16.3511 6154561
16.3523 6156001
16.3535 6157441
16.3547 6158881
16.3559 6160321
16.357 6161761
16.3582 6163201
16.5067 6164641
16.5079 6166081
16.5091 6167521
16.5103 6168961
16.5115 6170401
16.5127 6171841
16.5139 6173281
16.515 6174721
16.5162 6176161
16.5176 6177601
16.5188 6179041
16.52 6180481
16.5212 6181921
16.5224 6183361
16.5236 6184801
16.5248 6186241
16.5261 6187681
16.5273 6189121
16.5285 6190561
16.6756 6192001
16.6768 6193441
16.678 6194881
16.6792 6196321
16.6803 6197761
16.6815 6199201
16.6827 6200641
16.6839 6202081
16.6851 6203521
16.6863 6204961
16.6877 6206401
16.6889 6207841
16.6901 6209281
16.6913 6210721
16.6925 6212161
16.6937 6213601
16.695 6215041
16.6962 6216481
16.6974 6217921
16.6986 6219361
16.846 6220801
16.8472 6222241
16.8484 6223681
16.8496 6225121
16.8508 6226561
16.852 6228001
16.8532 6229441
16.8544 6230881
16.8556 6232321
16.8568 6233761
16.858 6235201
16.8592 6236641
16.8604 6238081
16.8616 6239521
16.8628 6240961
16.864 6242401
16.8652 6243841
16.8664 6245281
16.8676 6246721
16.8687 6248161
16.8699 6249601
17.0161 6251041
17.0173 6252481
17.0185 6253921
17.0197 6255361
17.0209 6256801
17.0221 6258241
17.0233 6259681
17.0245 6261121
17.0257 6262561
17.0269 6264001
17.0281 6265441
17.0293 6266881
17.0305 6268321
17.0317 6269761
17.0329 6271201
17.0341 6272641
17.0352 6274081
17.0364 6275521
17.0376 6276961
17.0388 6278401
17.185 6279841
17.1862 6281281
17.1874 6282721
17.1886 6284161
17.1898 6285601
17.191 6287041
17.1922 6288481
17.1934 6289921
17.1946 6291361
17.1958 6292801
17.197 6294241
17.1982 6295681
17.1994 6297121
17.2006 6298561
17.2017 6300001
17.2029 6301441
17.2041 6302881
17.2053 6304321
17.2065 6305761
17.2077 6307201
17.2089 6308641
17.3539 6310081
17.3551 6311521
17.3563 6312961
17.3575 6314401
17.3587 6315841
17.3599 6317281
17.3611 6318721
17.3623 6320161
17.3635 6321601
17.3647 6323041
17.3659 6324481
17.3671 6325921
17.3682 6327361
17.3694 6328801
17.3706 6330241
17.3718 6331681
17.373 6333121
17.3742 6334561
17.3754 6336001
17.3766 6337441
17.3778 6338881
17.379 6340321
17.524 6341761
17.5252 6343201
17.5264 6344641
17.5276 6346081
17.5288 6347521
17.53 6348961
17.5312 6350401
17.5324 6351841
17.5336 6353281
17.5347 6354721
17.5359 6356161
17.5371 6357601
17.5383 6359041
17.5395 6360481
17.5407 6361921
17.5419 6363361
17.5431 6364801
17.5443 6366241
17.5455 6367681
17.5467 6369121
17.5479 6370561
17.5491 6372001
17.5503 6373441
17.6941 6374881
17.6953 6376321
17.6965 6377761
17.6977 6379201
17.6989 6380641
17.7 6382081
17.7012 6383521
17.7024 6384961
17.7036 6386401
17.7048 6387841
17.7061 6389281
17.7073 6390721
17.7085 6392161
17.7097 6393601
17.7109 6395041
17.712 6396481
17.7132 6397921
17.7144 6399361
17.7156 6400801
17.7168 6402241
17.718 6403681
17.7192 6405121
17.863 6406561
17.8642 6408001
17.8654 6409441
17.8665 6410881
17.8677 6412321
17.8689 6413761
17.8701 6415201
17.8713 6416641
17.8725 6418081
17.8737 6419521
17.875 6420961
17.8762 6422401
17.8774 6423841
17.8785 6425281
17.8797 6426721
17.881 6428161
17.8822 6429601
17.8835 6431041
17.8847 6432481
17.8859 6433921
17.8871 6435361
17.8883 6436801
18.0319 6438241
18.033 6439681
18.0342 6441121
18.0354 6442561
18.0366 6444001
18.0378 6445441
18.039 6446881
18.0402 6448321
18.0415 6449761
18.0427 6451201
18.0439 6452641
18.0451 6454081
18.0463 6455521
18.0475 6456961
18.0487 6458401
18.0499 6459841
18.0511 6461281
18.0523 6462721
18.0535 6464161
18.0547 6465601
18.0559 6467041
18.0571 6468481
18.0582 6469921
18.2007 6471361
18.2019 6472801
18.2031 6474241
18.2043 6475681
18.2055 6477121
18.2067 6478561
18.2079 6480001
18.2091 6481441
18.2104 6482881
18.2116 6484321
18.2128 6485761
18.214 6487201
18.2152 6488641
18.2164 6490081
18.2176 6491521
18.2188 6492961
18.22 6494401
18.2212 6495841
18.2224 6497281
18.2235 6498721
18.2247 6500161
18.2259 6501601
18.2271 6503041
18.2283 6504481
18.3708 6505921
18.372 6507361
18.3732 6508801
18.3744 6510241
18.3756 6511681
18.3768 6513121
18.378 6514561
18.3792 6516001
18.3804 6517441
18.3816 6518881
18.3828 6520321
18.384 6521761
18.3852 6523201
18.3864 6524641
18.3876 6526081
18.3888 6527521
18.39 6528961
18.3912 6530401
18.3924 6531841
18.5673 6533281
18.5673 6534721
18.5673 6536161
18.5673 6537601
18.5673 6539041
18.5673 6540481
18.5673 6541921
18.5673 6543361
18.5673 6544801
18.5673 6546241
18.5673 6547681
18.5673 6549121
18.5673 6550561
18.5673 6552001
18.5673 6553441
18.5673 6554881
18.5673 6556321
18.5673 6557761
18.5673 6559201
18.5673 6560641
18.5673 6562081
18.5673 6563521
18.5673 6564961
18.5673 6566401
18.5673 6567841
18.5673 6569281
18.5673 6570721
18.723 6572161
18.7242 6573601
18.7254 6575041
18.7266 6576481
18.7278 6577921
18.729 6579361
18.7302 6580801
18.7326 6582241
18.7338 6583681
18.735 6585121
18.7362 6586561
18.8931 6588001
18.8943 6589441
18.8955 6590881
18.8967 6592321
18.8979 6593761
18.8991 6595201
18.9015 6596641
18.9027 6598081
18.9038 6599521
18.905 6600961
19.062 6602401
19.0632 6603841
19.0644 6605281
19.0656 6606721
19.0667 6608161
19.0679 6609601
19.0691 6611041
19.0703 6612481
19.0715 6613921
19.0727 6615361
19.0739 6616801
19.2309 6618241
19.2321 6619681
19.2332 6621121
19.2344 6622561
19.2356 6624001
19.2368 6625441
19.238 6626881
19.2392 6628321
19.2404 6629761
19.2419 6631201
19.2431 6632641
19.2442 6634081
19.4009 6635521
19.4021 6636961
19.4033 6638401
19.4045 6639841
19.4057 6641281
19.4069 6642721
19.4081 6644161
19.4093 6645601
19.4105 6647041
19.4117 6648481
19.4129 6649921
19.4141 6651361
19.4153 6652801
19.571 6654241
19.5722 6655681
19.5734 6657121
19.5746 6658561
19.5758 6660001
19.577 6661441
19.5782 6662881
19.5794 6664321
19.5806 6665761
19.5818 6667201
19.583 6668641
19.5842 6670081
19.7402 6671521
19.7414 6672961
19.7426 6674401
19.7438 6675841
19.745 6677281
19.7462 6678721
19.7474 6680161
19.7486 6681601
19.7497 6683041
19.7509 6684481
19.7521 6685921
19.7533 6687361
19.7545 6688801
19.9091 6690241
19.9103 6691681
19.9115 6693121
19.9127 6694561
19.9139 6696001
19.9151 6697441
19.9162 6698881
19.9174 6700321
19.9186 6701761
19.9198 6703201
19.921 6704641
19.9222 6706081
19.9234 6707521
19.9246 6708961
20.0794 6710401
20.0806 6711841
20.0818 6713281
20.083 6714721
20.0842 6716161
20.0854 6717601
20.0866 6719041
20.0878 6720481
20.089 6721921
20.0902 6723361
20.0914 6724801
20.0926 6726241
20.0938 6727681
20.095 6729121
20.0962 6730561
20.2495 6732001
20.2507 6733441
20.2519 6734881
20.2531 6736321
20.2543 6737761
20.2555 6739201
20.2567 6740641
20.2579 6742081
20.2591 6743521
20.2603 6744961
20.2615 6746401
20.2627 6747841
20.2639 6749281
20.2651 6750721
20.4184 6752161
20.4196 6753601
20.4208 6755041
20.422 6756481
20.4232 6757921
20.4244 6759361
20.4256 6760801
20.4268 6762241
20.428 6763681
20.4292 6765121
20.4304 6766561
20.4316 6768001
20.4327 6769441
20.4339 6770881
20.5873 6772321
20.5885 6773761
20.5897 6775201
20.5909 6776641
20.5921 6778081
20.5933 6779521
20.5945 6780961
20.5957 6782401
20.5969 6783841
20.5981 6785281
20.5992 6786721
20.6004 6788161
20.6016 6789601
20.6028 6791041
20.6041 6792481
20.7562 6793921
20.7574 6795361
20.7586 6796801
20.7598 6798241
20.761 6799681
20.7622 6801121
20.7634 6802561
20.7646 6804001
20.7658 6805441
20.767 6806881
20.7682 6808321
20.7694 6809761
20.7706 6811201
20.7717 6812641
20.773 6814081
20.7742 6815521
20.9263 6816961
20.9275 6818401
20.9287 6819841
20.9299 6821281
20.9311 6822721
20.9323 6824161
20.9335 6825601
20.9347 6827041
20.9359 6828481
20.9371 6829921
20.9382 6831361
20.9394 6832801
20.9406 6834241
20.9418 6835681
20.943 6837121
20.9442 6838561
20.9454 6840001
21.0964 6841441
21.0975 6842881
21.0988 6844321
21.1 6845761
21.1012 6847201
21.1024 6848641
21.1036 6850081
21.1047 6851521
21.1059 6852961
21.1071 6854401
21.1083 6855841
21.1095 6857281
21.1107 6858721
21.1119 6860161
21.1131 6861601
21.1143 6863041
21.2652 6864481
21.2664 6865921
21.2677 6867361
21.2689 6868801
21.2701 6870241
21.2712 6871681
21.2724 6873121
21.2736 6874561
21.2748 6876001
21.276 6877441
21.2772 6878881
21.2784 6880321
21.2796 6881761
21.2808 6883201
21.282 6884641
21.2832 6886081
21.2844 6887521
21.4341 6888961
21.4353 6890401
21.4366 6891841
21.4377 6893281
21.4389 6894721
21.4401 6896161
21.4413 6897601
21.4425 6899041
21.4437 6900481
21.4449 6901921
21.4461 6903361
21.4473 6904801
21.4485 6906241
21.4497 6907681
21.4509 6909121
21.4521 6910561
21.4533 6912001
21.4545 6913441
21.6044 6914881
21.6056 6916321
21.6068 6917761
21.608 6919201
21.6092 6920641
21.6104 6922081
21.6116 6923521
21.6128 6924961
21.614 6926401
21.6152 6927841
21.6164 6929281
21.6176 6930721
21.6187 6932161
21.6199 6933601
21.6211 6935041
21.6223 6936481
21.6236 6937921
21.6248 6939361
21.626 6940801
21.7745 6942241
21.7757 6943681
21.7769 6945121
21.7781 6946561
21.7793 6948001
21.7805 6949441
21.7817 6950881
21.7829 6952321
21.7841 6953761
21.7852 6955201
21.7864 6956641
21.7876 6958081
21.7888 6959521
21.79 6960961
21.7912 6962401
21.7924 6963841
21.7937 6965281
21.7949 6966721
21.9434 6968161
21.9446 6969601
21.9458 6971041
21.947 6972481
21.9482 6973921
21.9494 6975361
21.9506 6976801
21.9517 6978241
21.9529 6979681
21.9541 6981121
21.9553 6982561
21.9565 6984001
21.9577 6985441
21.9589 6986881
21.9601 6988321
21.9613 6989761
21.9625 6991201
21.9637 6992641
21.9649 6994081
22.1123 6995521
22.1135 6996961
22.1147 6998401
22.1159 6999841
22.1171 7001281
22.1182 7002721
22.1194 7004161
22.1208 7005601
22.122 7007041
22.1232 7008481
22.1244 7009921
22.1256 7011361
22.1268 7012801
22.128 7014241
22.1292 7015681
22.1304 7017121
22.1316 7018561
22.1328 7020001
22.134 7021441
22.1352 7022881
22.2824 7024321
22.2836 7025761
22.2847 7027201
22.2859 7028641
22.2871 7030081
22.2883 7031521
22.2897 7032961
22.2909 7034401
22.2921 7035841
22.2933 7037281
22.2945 7038721
22.2957 7040161
22.2969 7041601
22.2981 7043041
22.2993 7044481
22.3005 7045921
22.3017 7047361
22.3029 7048801
22.3041 7050241
22.3053 7051681
22.3065 7053121
22.4525 7054561
22.4537 7056001
22.455 7057441
22.4566 7058881
22.4577 7060321
22.4589 7061761
22.4602 7063201
22.4614 7064641
22.4626 7066081
22.4638 7067521
22.465 7068961
22.4662 7070401
22.4674 7071841
22.4686 7073281
22.4698 7074721
22.4709 7076161
22.4721 7077601
22.4733 7079041
22.4745 7080481
22.4757 7081921
22.6214 7083361
22.6226 7084801
22.6239 7086241
22.625 7087681
22.6266 7089121
22.6278 7090561
22.6291 7092001
22.6303 7093441
22.6315 7094881
22.6327 7096321
22.6339 7097761
22.6351 7099201
22.6363 7100641
22.6374 7102081
22.6386 7103521
22.6398 7104961
22.641 7106401
22.6422 7107841
22.6434 7109281
22.6446 7110721
22.6458 7112161
22.7903 7113601
22.7915 7115041
22.7927 7116481
22.7939 7117921
22.7955 7119361
22.7967 7120801
22.798 7122241
22.7992 7123681
22.8004 7125121
22.8016 7126561
22.8028 7128001
22.8039 7129441
22.8051 7130881
22.8063 7132321
22.8075 7133761
22.8087 7135201
22.8099 7136641
22.8111 7138081
22.8123 7139521
22.8135 7140961
22.8147 7142401
22.8159 7143841
22.9604 7145281
22.9616 7146721
22.9628 7148161
22.964 7149601
22.9657 7151041
22.9669 7152481
22.9681 7153921
22.9693 7155361
22.9705 7156801
22.9717 7158241
22.9729 7159681
22.9741 7161121
22.9753 7162561
22.9765 7164001
22.9776 7165441
22.9788 7166881
22.98 7168321
22.9812 7169761
22.9824 7171201
22.9836 7172641
22.9848 7174081
22.986 7175521
23.1305 7176961
23.1317 7178401
23.1329 7179841
23.1341 7181281
23.1353 7182721
23.1365 7184161
23.1377 7185601
23.1389 7187041
23.1401 7188481
23.1412 7189921
23.1424 7191361
23.1436 7192801
23.1448 7194241
23.146 7195681
23.1472 7197121
23.1484 7198561
23.1496 7200001
23.1508 7201441
23.152 7202881
23.1532 7204321
23.1544 7205761
23.1556 7207201
23.1568 7208641
23.3006 7210081
23.3018 7211521
23.303 7212961
23.3042 7214401
23.3054 7215841
23.3066 7217281
23.3077 7218721
23.3089 7220161
23.3101 7221601
23.3113 7223041
23.3125 7224481
23.3137 7225921
23.3149 7227361
23.3161 7228801
23.3173 7230241
23.3185 7231681
23.3221 7233121
23.3233 7234561
23.3245 7236001
23.3257 7237441
23.3269 7238881
23.3281 7240321
23.4695 7241761
23.4707 7243201
23.4719 7244641
23.4731 7246081
23.4742 7247521
23.4754 7248961
23.4766 7250401
23.4778 7251841
23.479 7253281
23.4802 7254721
23.4814 7256161
23.4826 7257601
23.4838 7259041
23.485 7260481
23.4862 7261921
23.4874 7263361
23.4886 7264801
23.491 7266241
23.4922 7267681
23.4934 7269121
23.4946 7270561
23.4958 7272001
23.497 7273441
23.6384 7274881
23.6395 7276321
23.6407 7277761
23.6419 7279201
23.6431 7280641
23.6443 7282081
23.6455 7283521
23.6467 7284961
23.6479 7286401
23.6491 7287841
23.6503 7289281
23.6515 7290721
23.6527 7292161
23.6539 7293601
23.6551 7295041
23.6563 7296481
23.6575 7297921
23.6587 7299361
23.6611 7300801
23.6623 7302241
23.6635 7303681
23.6646 7305121
23.6658 7306561
23.667 7308001
23.8084 7309441
23.8096 7310881
23.8109 7312321
23.8121 7313761
23.8132 7315201
23.8144 7316641
23.8156 7318081
23.8168 7319521
23.818 7320961
23.8192 7322401
23.8204 7323841
23.8216 7325281
23.8228 7326721
23.824 7328161
23.8252 7329601
23.8264 7331041
23.8276 7332481
23.8288 7333921
23.83 7335361
23.8312 7336801
23.8324 7338241
23.8336 7339681
23.8348 7341121
23.836 7342561
23.8372 7344001
23.9786 7345441
23.9797 7346881
23.9809 7348321
23.9821 7349761
23.9833 7351201
23.9845 7352641
23.9857 7354081
23.9869 7355521
23.9881 7356961
23.9893 7358401
23.9905 7359841
23.9917 7361281
23.9929 7362721
23.9941 7364161
23.9953 7365601
23.9965 7367041
23.9977 7368481
23.9989 7369921
24.0001 7371361
24.0013 7372801
24.0025 7374241
24.0037 7375681
24.0049 7377121
24.0061 7378561
24.1474 7380001
24.1486 7381441
24.1498 7382881
24.151 7384321
24.1522 7385761
24.1534 7387201
24.1546 7388641
24.1558 7390081
24.157 7391521
24.1582 7392961
24.1594 7394401
24.1606 7395841
24.1618 7397281
24.163 7398721
24.1642 7400161
24.1654 7401601
24.1666 7403041
24.1678 7404481
24.169 7405921
24.1702 7407361
24.1714 7408801
24.1726 7410241
24.1738 7411681
24.175 7413121
24.1761 7414561
24.3163 7416001
24.3175 7417441
24.3187 7418881
24.32 7420321
24.3212 7421761
24.3224 7423201
24.3236 7424641
24.3248 7426081
24.326 7427521
24.3272 7428961
24.3284 7430401
24.3296 7431841
24.3308 7433281
24.332 7434721
24.3332 7436161
24.3344 7437601
24.3356 7439041
24.3368 7440481
24.338 7441921
24.3392 7443361
24.3404 7444801
24.3416 7446241
24.3428 7447681
24.344 7449121
24.3452 7450561
24.3464 7452001
24.4864 7453441
24.4876 7454881
24.4889 7456321
24.4901 7457761
24.4913 7459201
24.4925 7460641
24.4937 7462081
24.4949 7463521
24.4961 7464961
24.4973 7466401
24.4985 7467841
24.4997 7469281
24.5009 7470721
24.5021 7472161
24.5033 7473601
24.5045 7475041
24.5057 7476481
24.5069 7477921
24.5081 7479361
24.5093 7480801
24.5105 7482241
24.5116 7483681
24.5128 7485121
24.514 7486561
24.5152 7488001
24.5164 7489441
24.5176 7490881
24.6565 7492321
24.6577 7493761
24.659 7495201
24.6602 7496641
24.6614 7498081
24.6626 7499521
24.6638 7500961
24.665 7502401
24.6662 7503841
24.6674 7505281
24.6686 7506721
24.6698 7508161
24.671 7509601
24.6722 7511041
24.6734 7512481
24.6746 7513921
24.6759 7515361
24.6771 7516801
24.6783 7518241
24.6795 7519681
24.6806 7521121
24.6818 7522561
24.683 7524001
24.6842 7525441
24.6854 7526881
24.6866 7528321
24.8257 7529761
24.8269 7531201
24.8281 7532641
24.8293 7534081
24.8305 7535521
24.8317 7536961
24.8329 7538401
24.8341 7539841
24.8353 7541281
24.8365 7542721
24.8377 7544161
24.8389 7545601
24.8401 7547041
24.8413 7548481
24.8425 7549921
24.8437 7551361
24.8452 7552801
24.8463 7554241
24.8475 7555681
24.8487 7557121
24.8499 7558561
24.8511 7560001
24.8523 7561441
24.8535 7562881
24.8547 7564321
24.8559 7565761
24.8571 7567201
24.9946 7568641
24.9958 7570081
24.997 7571521
24.9982 7572961
24.9994 7574401
25.0006 7575841
25.0018 7577281
25.003 7578721
25.0042 7580161
25.0054 7581601
25.0066 7583041
25.0078 7584481
25.009 7585921
25.0102 7587361
25.0114 7588801
25.0126 7590241
25.014 7591681
25.0152 7593121
25.0164 7594561
25.0176 7596001
25.0188 7597441
25.02 7598881
25.0212 7600321
25.0224 7601761
25.0236 7603201
25.0248 7604641
25.026 7606081
25.0272 7607521
25.3374 7608961
25.3374 7610401
25.3374 7611841
25.3374 7613281
25.3374 7614721
25.3374 7616161
25.3374 7617601
25.3374 7619041
25.3374 7620481
25.3374 7621921
25.3374 7623361
25.3374 7624801
25.3374 7626241
25.3374 7627681
25.3374 7629121
25.3374 7630561
25.3374 7632001
25.3374 7633441
25.3374 7634881
25.3374 7636321
25.3374 7637761
25.3374 7639201
25.3374 7640641
25.3374 7642081
25.3374 7643521
25.3374 7644961
25.3374 7646401
25.3374 7647841
25.3374 7649281
25.3374 7650721
25.3374 7652161
25.3566 7653601
25.3578 7655041
25.359 7656481
25.3602 7657921
25.3614 7659361
25.3626 7660801
25.3638 7662241
25.365 7663681
25.3662 7665121
25.3674 7666561
25.5039 7668001
25.5051 7669441
25.5063 7670881
25.5267 7672321
25.5279 7673761
25.5291 7675201
25.5303 7676641
25.5315 7678081
25.5327 7679521
25.5339 7680961
25.5351 7682401
25.5363 7683841
25.5375 7685281
25.674 7686721
25.6752 7688161
25.6956 7689601
25.6968 7691041
25.698 7692481
25.6992 7693921
25.7004 7695361
25.7016 7696801
25.7028 7698241
25.704 7699681
25.7052 7701121
25.7064 7702561
25.7076 7704001
25.8429 7705441
25.8441 7706881
25.8645 7708321
25.8657 7709761
25.8669 7711201
25.8681 7712641
25.8693 7714081
25.8705 7715521
25.8717 7716961
25.8729 7718401
25.8743 7719841
25.8755 7721281
25.8768 7722721
25.878 7724161
26.013 7725601
26.0142 7727041
26.0346 7728481
26.0358 7729921
26.037 7731361
26.0382 7732801
26.0394 7734241
26.0406 7735681
26.0418 7737121
26.043 7738561
26.0442 7740001
26.0454 7741441
26.0465 7742881
26.0477 7744321
26.0489 7745761
26.1834 7747201
26.1846 7748641
26.205 7750081
26.2062 7751521
26.2075 7752961
26.2087 7754401
26.2099 7755841
26.2111 7757281
26.2123 7758721
26.2135 7760161
26.2147 7761601
26.2159 7763041
26.2171 7764481
26.2183 7765921
26.3523 7767361
26.3535 7768801
26.3739 7770241
26.3751 7771681
26.3764 7773121
26.3776 7774561
26.3788 7776001
26.38 7777441
26.3812 7778881
26.3824 7780321
26.3836 7781761
26.3848 7783201
26.3859 7784641
26.3871 7786081
26.3883 7787521
26.5213 7788961
26.5225 7790401
26.5429 7791841
26.5441 7793281
26.5453 7794721
26.5465 7796161
26.5477 7797601
26.5489 7799041
26.5501 7800481
26.5513 7801921
26.5525 7803361
26.5537 7804801
26.5549 7806241
26.5561 7807681
26.5573 7809121
26.5585 7810561
26.6914 7812001
26.6926 7813441
26.713 7814881
26.7142 7816321
26.7154 7817761
26.7166 7819201
26.7178 7820641
26.719 7822081
26.7202 7823521
26.7214 7824961
26.7226 7826401
26.7238 7827841
26.725 7829281
26.7262 7830721
26.7274 7832161
26.7286 7833601
26.7298 7835041
26.8615 7836481
26.8627 7837921
26.8831 7839361
26.8845 7840801
26.8857 7842241
26.8869 7843681
26.8881 7845121
26.8893 7846561
26.8905 7848001
26.8917 7849441
26.8929 7850881
26.8941 7852321
26.8953 7853761
26.8965 7855201
26.8977 7856641
26.8989 7858081
27.0304 7859521
27.0316 7860961
27.052 7862401
27.0532 7863841
27.0549 7865281
27.0561 7866721
27.0573 7868161
27.0585 7869601
27.0596 7871041
27.0608 7872481
27.2358 7873921
27.2358 7875361
27.2358 7876801
27.2358 7878241
27.2358 7879681
27.2358 7881121
27.2358 7882561
27.2358 7884001
27.2358 7885441
27.2358 7886881
27.2358 7888321
27.2358 7889761
27.2358 7891201
27.2358 7892641
27.2358 7894081
27.2358 7895521
27.2358 7896961
27.2358 7898401
27.2358 7899841
27.2358 7901281
27.3951 7902721
27.3963 7904161
27.3975 7905601
27.3987 7907041
27.4011 7908481
27.403 7909921
27.4041 7911361
27.4053 7912801
27.5655 7914241
27.5667 7915681
27.5679 7917121
27.5691 7918561
27.5718 7920001
27.573 7921441
27.5742 7922881
27.5754 7924321
27.7356 7925761
27.7368 7927201
27.738 7928641
27.7392 7930081
27.7422 7931521
27.7434 7932961
27.7446 7934401
27.7459 7935841
27.9058 7937281
27.907 7938721
27.9082 7940161
27.9094 7941601
27.9106 7943041
27.9122 7944481
27.9134 7945921
27.9148 7947361
27.9159 7948801
28.0762 7950241
28.0774 7951681
28.0786 7953121
28.0798 7954561
28.0811 7956001
28.0823 7957441
28.0836 7958881
28.0848 7960321
28.2451 7961761
28.2463 7963201
28.2475 7964641
28.2487 7966081
28.2499 7967521
28.2511 7968961
28.2523 7970401
28.2535 7971841
28.2548 7973281
28.414 7974721
28.4152 7976161
28.4164 7977601
28.4176 7979041
28.4188 7980481
28.42 7981921
28.4212 7983361
28.4224 7984801
28.4241 7986241
28.4253 7987681
28.5842 7989121
28.5854 7990561
28.5866 7992001
28.5878 7993441
28.589 7994881
28.5902 7996321
28.5914 7997761
28.5926 7999201
28.5938 8000641
28.595 8002081
28.5962 8003521
28.7547 8004961
28.7559 8006401
28.757 8007841
28.7582 8009281
28.7594 8010721
28.7606 8012161
28.7618 8013601
28.763 8015041
28.7642 8016481
28.7654 8017921
28.9235 8019361
28.9247 8020801
28.9259 8022241
28.9271 8023681
28.9283 8025121
28.9295 8026561
28.9307 8028001
28.9319 8029441
28.9331 8030881
28.9343 8032321
28.9355 8033761
29.0924 8035201
29.0936 8036641
29.0948 8038081
29.096 8039521
29.0972 8040961
29.0984 8042401
29.0996 8043841
29.1008 8045281
29.102 8046721
29.1032 8048161
29.1044 8049601
29.1056 8051041
29.2625 8052481
29.2637 8053921
29.2674 8055361
29.2686 8056801
29.2698 8058241
29.271 8059681
29.2723 8061121
29.2735 8062561
29.2747 8064001
29.2759 8065441
29.2771 8066881
29.2783 8068321
29.4326 8069761
29.4338 8071201
29.4376 8072641
29.4388 8074081
29.4399 8075521
29.4411 8076961
29.4423 8078401
29.4435 8079841
29.4447 8081281
29.4459 8082721
29.4471 8084161
29.4483 8085601
29.4495 8087041
29.6027 8088481
29.6039 8089921
29.6076 8091361
29.6088 8092801
29.61 8094241
29.6112 8095681
29.6124 8097121
29.6136 8098561
29.6148 8100001
29.616 8101441
29.6172 8102881
29.6184 8104321
29.772 8105761
29.7732 8107201
29.7767 8108641
29.7779 8110081
29.7791 8111521
29.7803 8112961
29.7815 8114401
29.7827 8115841
29.7839 8117281
29.7851 8118721
29.7863 8120161
29.7875 8121601
29.7887 8123041
29.9408 8124481
29.942 8125921
29.9456 8127361
29.9468 8128801
29.948 8130241
29.9492 8131681
29.9504 8133121
29.9516 8134561
29.9528 8136001
29.954 8137441
29.9552 8138881
29.9564 8140321
29.9576 8141761
29.9588 8143201
