0.302217 1
0.507149 1441
0.713234 4321
0.919525 7201
1.12072 8641
1.12561 11521
1.32589 14401
1.33067 17281
1.33306 20161
1.53219 23041
1.53577 25921
1.53816 28801
1.54055 31681
1.73736 34561
1.73975 37441
1.74214 40321
1.74453 43201
1.74692 46081
1.74931 48961
1.9424 51841
1.94559 54721
1.94878 57601
1.95196 60481
1.95515 63361
1.95834 66241
1.96153 69121
1.96392 72001
1.96631 74881
2.14732 77761
2.14971 80641
2.1521 83521
2.15449 86401
2.15688 89281
2.15927 92161
2.16166 95041
2.16405 97921
2.16644 100801
2.16883 103681
2.17122 106561
2.17361 109441
2.176 112321
2.17839 115201
2.35423 118081
2.35742 120961
2.36061 123841
2.3638 126721
2.36698 129601
2.37017 132481
2.37336 135361
2.37654 138241
2.37973 141121
2.38292 144001
2.38611 146881
2.38929 149761
2.39248 152641
2.39567 155521
2.39886 158401
2.40204 161281
2.40523 164161
2.40842 167041
2.4116 169921
2.41479 172801
2.41798 175681
2.57375 178561
2.57694 181441
2.58013 184321
2.58331 187201
2.5865 190081
2.58969 192961
2.59288 195841
2.59606 198721
2.59925 201601
2.60244 204481
2.60562 207361
2.60881 210241
2.612 213121
2.61519 216001
2.61837 218881
2.62156 221761
2.62475 224641
2.62793 227521
2.63112 230401
2.63431 233281
2.6375 236161
2.64068 239041
2.64387 241921
2.64706 244801
2.65024 247681
2.65343 250561
2.65662 253441
2.65981 256321
2.66299 259201
2.66618 262081
2.66937 264961
2.79486 267841
2.79765 270721
2.80084 273601
2.80403 276481
2.80721 279361
2.8104 282241
2.81359 285121
2.81678 288001
2.81996 290881
2.82315 293761
2.82634 296641
2.82952 299521
2.83271 302401
2.8355 305281
2.83829 308161
2.84068 311041
2.84307 313921
2.84546 316801
2.84785 319681
2.85024 322561
2.85263 325441
2.85502 328321
2.85821 331201
2.8614 334081
2.86458 336961
2.86777 339841
2.87096 342721
2.87415 345601
2.87733 348481
2.88052 351361
2.88371 354241
2.88689 357121
2.89008 360001
2.89327 362881
2.89646 365761
2.89964 368641
2.90283 371521
2.90602 374401
2.9092 377281
2.91239 380161
2.91559 381601
3.16179 578881
3.29025 581761
3.29343 584641
3.29622 587521
3.29901 590401
3.3018 593281
3.30419 596161
3.30698 599041
3.30937 601921
3.31256 604801
3.31534 607681
3.31813 610561
3.32132 613441
3.32451 616321
3.3269 619201
3.32929 622081
3.33168 624961
3.33407 627841
3.33646 630721
3.33965 633601
3.34283 636481
3.34602 639361
3.34921 642241
3.352 645121
3.35518 648001
3.35837 650881
3.36116 653761
3.36395 656641
3.36674 659521
3.36913 662401
3.37152 665281
3.37471 668161
3.37749 671041
3.37989 673921
3.49719 676801
3.50077 679681
3.50436 682561
3.50754 685441
3.51073 688321
3.51352 691201
3.51671 694081
3.5191 696961
3.52268 699841
3.52587 702721
3.52826 705601
3.53185 708481
3.53503 711361
3.53822 714241
3.54101 717121
3.5434 720001
3.54579 722881
3.54898 725761
3.55216 728641
3.55615 731521
3.56013 734401
3.56292 737281
3.56651 740161
3.56969 743041
3.57368 745921
3.57726 748801
3.58085 751681
3.58404 754561
3.58683 757441
3.58961 760321
3.5928 763201
3.59559 766081
3.59798 768961
3.70355 771841
3.70753 774721
3.71072 777601
3.7143 780481
3.71829 783361
3.72147 786241
3.72546 789121
3.72825 792001
3.73263 794881
3.73542 797761
3.73821 800641
3.74259 803521
3.74538 806401
3.74896 809281
3.75215 812161
3.75454 815041
3.75733 817921
3.76091 820801
3.7641 823681
3.76848 826561
3.77287 829441
3.77605 832321
3.77964 835201
3.78362 838081
3.78761 840961
3.79159 843841
3.79558 846721
3.79956 849601
3.80275 852481
3.80633 855361
3.80952 858241
3.81311 861121
3.8155 864001
3.9087 866881
3.91308 869761
3.91706 872641
3.92105 875521
3.92503 878401
3.92941 881281
3.9334 884161
3.93698 887041
3.94177 889921
3.94495 892801
3.94854 895681
3.95332 898561
3.95651 901441
3.96009 904321
3.96447 907201
3.96728 910081
3.97005 912961
3.97364 915841
3.97722 918721
3.98121 921601
3.98639 924481
3.98997 927361
3.99356 930241
3.99754 933121
4.00152 936001
4.00631 938881
4.01029 941761
4.01467 944641
4.01826 947521
4.02224 950401
4.02583 953281
4.02981 956161
4.0322 959041
4.11456 961921
4.11894 964801
4.12332 967681
4.1281 970561
4.13089 973441
4.13408 976321
4.13926 979201
4.14364 982081
4.14802 984961
4.1536 987841
4.15798 990721
4.16157 993601
4.16715 996481
4.17073 999361
4.17472 1002241
4.17871 1005121
4.18228 1008001
4.18507 1010881
4.18866 1013761
4.19264 1016641
4.19663 1019521
4.2022 1022401
4.20619 1025281
4.21017 1028161
4.21455 1031041
4.21894 1033921
4.22332 1036801
4.2277 1039681
4.23169 1042561
4.23567 1045441
4.24045 1048321
4.24404 1051201
4.24802 1054081
4.25081 1056961
4.32133 1059841
4.32651 1062721
4.33129 1065601
4.33647 1068481
4.33925 1071361
4.34284 1074241
4.34842 1077121
4.3536 1080001
4.35798 1082881
4.36435 1085761
4.36953 1088641
4.37391 1091521
4.38029 1094401
4.38467 1097281
4.38905 1100161
4.39383 1103041
4.39742 1105921
4.40061 1108801
4.40459 1111681
4.40858 1114561
4.41256 1117441
4.41774 1120321
4.42212 1123201
4.4269 1126081
4.43128 1128961
4.43606 1131841
4.44124 1134721
4.44563 1137601
4.45001 1140481
4.45479 1143361
4.45917 1146241
4.46316 1149121
4.46714 1152001
4.47033 1154881
4.53088 1157761
4.53646 1160641
4.54124 1163521
4.54642 1166401
4.5508 1169281
4.55479 1172161
4.56037 1175041
4.56515 1177921
4.57033 1180801
4.5767 1183681
4.58228 1186561
4.58706 1189441
4.59343 1192321
4.59861 1195201
4.60339 1198081
4.60897 1200961
4.61295 1203841
4.61654 1206721
4.62052 1209601
4.6253 1212481
4.62929 1215361
4.63487 1218241
4.63925 1221121
4.64403 1224001
4.64881 1226881
4.65399 1229761
4.65917 1232641
4.66395 1235521
4.66833 1238401
4.67311 1241281
4.67789 1244161
4.68188 1247041
4.68626 1249921
4.68984 1252801
4.74204 1255681
4.74761 1258561
4.75239 1261441
4.75837 1264321
4.76355 1267201
4.76793 1270081
4.77351 1272961
4.77869 1275841
4.78466 1278721
4.79104 1281601
4.79662 1284481
4.80219 1287361
4.80857 1290241
4.81494 1293121
4.82012 1296001
4.8257 1298881
4.83048 1301761
4.83407 1304641
4.83845 1307521
4.84323 1310401
4.84721 1313281
4.85319 1316161
4.85717 1319041
4.86275 1321921
4.86713 1324801
4.87271 1327681
4.87789 1330561
4.88307 1333441
4.88825 1336321
4.89343 1339201
4.89781 1342081
4.90259 1344961
4.90737 1347841
4.91096 1350721
4.95598 1353601
4.96195 1356481
4.96713 1359361
4.97271 1362241
4.97868 1365121
4.98307 1368001
4.98904 1370881
4.99422 1373761
5.0006 1376641
5.00777 1379521
5.01374 1382401
5.01693 1385281
5.02131 1388161
5.02769 1391041
5.03446 1393921
5.03964 1396801
5.04601 1399681
5.05119 1402561
5.05518 1405441
5.05956 1408321
5.06434 1411201
5.06912 1414081
5.0751 1416961
5.07948 1419841
5.08546 1422721
5.08944 1425601
5.09502 1428481
5.10059 1431361
5.10538 1434241
5.11055 1437121
5.11573 1440001
5.12012 1442881
5.1249 1445761
5.12968 1448641
5.13326 1451521
5.17509 1454401
5.18107 1457281
5.18625 1460161
5.19183 1463041
5.1982 1465921
5.20298 1468801
5.20896 1471681
5.21493 1474561
5.22091 1477441
5.22848 1480321
5.23485 1483201
5.23884 1486081
5.24282 1488961
5.2496 1491841
5.25597 1494721
5.26155 1497601
5.26832 1500481
5.2735 1503361
5.27748 1506241
5.28187 1509121
5.28665 1512001
5.29143 1514881
5.2974 1517761
5.30179 1520641
5.30776 1523521
5.31175 1526401
5.31732 1529281
5.3233 1532161
5.32768 1535041
5.33286 1537921
5.33804 1540801
5.34242 1543681
5.3472 1546561
5.35198 1549441
5.35557 1552321
5.3974 1555201
5.40378 1558081
5.40856 1560961
5.41413 1563841
5.42051 1566721
5.42529 1569601
5.43127 1572481
5.43724 1575361
5.44322 1578241
5.45079 1581121
5.45716 1584001
5.46115 1586881
5.46513 1589761
5.4719 1592641
5.47708 1595521
5.48266 1598401
5.48943 1601281
5.49461 1604161
5.49859 1607041
5.50298 1609921
5.50776 1612801
5.51254 1615681
5.51851 1618561
5.5229 1621441
5.52887 1624321
5.53286 1627201
5.53843 1630081
5.54441 1632961
5.54879 1635841
5.55397 1638721
5.55915 1641601
5.56353 1644481
5.56831 1647361
5.5731 1650241
5.57668 1653121
5.61891 1656001
5.62489 1658881
5.62967 1661761
5.63525 1664641
5.64162 1667521
5.6464 1670401
5.65238 1673281
5.65835 1676161
5.66433 1679041
5.6719 1681921
5.67827 1684801
5.68226 1687681
5.68624 1690561
5.69301 1693441
5.69819 1696321
5.70377 1699201
5.71054 1702081
5.71572 1704961
5.71971 1707841
5.72409 1710721
5.72887 1713601
5.73365 1716481
5.73923 1719361
5.74281 1722241
5.7468 1725121
5.74959 1728001
5.75397 1730881
5.75795 1733761
5.76194 1736641
5.76552 1739521
5.76911 1742401
5.7723 1745281
5.77588 1748161
5.77947 1751041
5.78225 1753921
5.82438 1756801
5.83115 1759681
5.83673 1762561
5.84311 1765441
5.85028 1768321
5.85585 1771201
5.86263 1774081
5.869 1776961
5.87538 1779841
5.88334 1782721
5.88932 1785601
5.89291 1788481
5.89609 1791361
5.90167 1794241
5.90565 1797121
5.91044 1800001
5.91283 1802881
5.91721 1805761
5.92208 1808641
5.92579 1811521
5.93045 1814401
5.93563 1817281
5.94121 1820161
5.94758 1823041
5.95196 1825921
5.95674 1828801
5.96033 1831681
5.96551 1834561
5.97029 1837441
5.97507 1840321
5.97945 1843201
5.98383 1846081
5.98742 1848961
5.9918 1851841
5.99618 1854721
5.99937 1857601
6.03921 1860481
6.04439 1863361
6.04837 1866241
6.05316 1869121
6.05873 1872001
6.06272 1874881
6.06907 1877761
6.07544 1880641
6.08261 1883521
6.09098 1886401
6.09656 1889281
6.10094 1892161
6.10452 1895041
6.1109 1897921
6.11528 1900801
6.12046 1903681
6.12365 1906561
6.12883 1909441
6.13401 1912321
6.13799 1915201
6.14317 1918081
6.14875 1920961
6.15472 1923841
6.1611 1926721
6.16667 1929601
6.17225 1932481
6.17624 1935361
6.18181 1938241
6.18699 1941121
6.19217 1944001
6.19616 1946881
6.19974 1949761
6.20293 1952641
6.20651 1955521
6.2105 1958401
6.21329 1961281
6.24675 1964161
6.25233 1967041
6.25711 1969921
6.26149 1972801
6.26787 1975681
6.27185 1978561
6.27823 1981441
6.2854 1984321
6.29257 1987201
6.30093 1990081
6.30611 1992961
6.31169 1995841
6.31568 1998721
6.32245 2001601
6.32723 2004481
6.33241 2007361
6.33639 2010241
6.34197 2013121
6.34675 2016001
6.34994 2018881
6.35392 2021761
6.35791 2024641
6.36269 2027521
6.36747 2030401
6.37384 2033281
6.38022 2036161
6.3842 2039041
6.39057 2041921
6.39535 2044801
6.40053 2047681
6.40571 2050561
6.4097 2053441
6.41288 2056321
6.41687 2059201
6.42165 2062081
6.42484 2064961
6.45551 2067841
6.46149 2070721
6.46707 2073601
6.47105 2076481
6.47862 2079361
6.4826 2082241
6.48898 2085121
6.49535 2088001
6.50093 2090881
6.5073 2093761
6.51209 2096641
6.51726 2099521
6.52205 2102401
6.52882 2105281
6.5336 2108161
6.53958 2111041
6.54356 2113921
6.54954 2116801
6.55471 2119681
6.5575 2122561
6.56268 2125441
6.56627 2128321
6.57145 2131201
6.57663 2134081
6.583 2136961
6.59017 2139841
6.59416 2142721
6.60093 2145601
6.60611 2148481
6.61169 2151361
6.61726 2154241
6.62125 2157121
6.62523 2160001
6.62922 2162881
6.63439 2165761
6.63838 2168641
6.66228 2171521
6.66826 2174401
6.67384 2177281
6.67862 2180161
6.68579 2183041
6.68977 2185921
6.69654 2188801
6.70252 2191681
6.70889 2194561
6.71447 2197441
6.71925 2200321
6.72443 2203201
6.72961 2206081
6.73678 2208961
6.74196 2211841
6.74834 2214721
6.75232 2217601
6.7583 2220481
6.76467 2223361
6.76706 2226241
6.77264 2229121
6.77662 2232001
6.7822 2234881
6.78738 2237761
6.79375 2240641
6.79614 2243521
6.80092 2246401
6.80491 2249281
6.81128 2252161
6.81726 2255041
6.82244 2257921
6.82881 2260801
6.8324 2263681
6.83718 2266561
6.84116 2269441
6.84634 2272321
6.85112 2275201
6.87264 2278081
6.87861 2280961
6.88379 2283841
6.88897 2286721
6.89654 2289601
6.90132 2292481
6.9073 2295361
6.91327 2298241
6.92005 2301121
6.92523 2304001
6.93001 2306881
6.93638 2309761
6.94156 2312641
6.94754 2315521
6.95152 2318401
6.95869 2321281
6.96267 2324161
6.96905 2327041
6.97463 2329921
6.97781 2332801
6.98339 2335681
6.98738 2338561
6.99335 2341441
6.99813 2344321
7.0053 2347201
7.00809 2350081
7.01327 2352961
7.01726 2355841
7.02323 2358721
7.02961 2361601
7.03518 2364481
7.04156 2367361
7.04554 2370241
7.05072 2373121
7.05431 2376001
7.06028 2378881
7.06546 2381761
7.08498 2384641
7.09096 2387521
7.09574 2390401
7.09972 2393281
7.10809 2396161
7.11287 2399041
7.11925 2401921
7.12482 2404801
7.1312 2407681
7.13678 2410561
7.14156 2413441
7.14753 2416321
7.15271 2419201
7.15869 2422081
7.16347 2424961
7.17064 2427841
7.17462 2430721
7.181 2433601
7.18658 2436481
7.19056 2439361
7.19574 2442241
7.20052 2445121
7.2065 2448001
7.21128 2450881
7.21845 2453761
7.22124 2456641
7.22681 2459521
7.23159 2462401
7.23638 2465281
7.24275 2468161
7.24833 2471041
7.25351 2473921
7.25789 2476801
7.26347 2479681
7.26745 2482561
7.27343 2485441
7.27861 2488321
7.29534 2491201
7.30171 2494081
7.30649 2496961
7.31127 2499841
7.31964 2502721
7.32442 2505601
7.3308 2508481
7.33677 2511361
7.34275 2514241
7.34872 2517121
7.3535 2520001
7.35908 2522881
7.36466 2525761
7.37024 2528641
7.37581 2531521
7.38259 2534401
7.38617 2537281
7.39334 2540161
7.39813 2543041
7.40251 2545921
7.40769 2548801
7.41247 2551681
7.41884 2554561
7.42362 2557441
7.43079 2560321
7.43358 2563201
7.43956 2566081
7.44474 2568961
7.44952 2571841
7.45589 2574721
7.46147 2577601
7.46625 2580481
7.47183 2583361
7.47741 2586241
7.48139 2589121
7.48737 2592001
7.49255 2594881
7.50768 2597761
7.51486 2600641
7.51964 2603521
7.52442 2606401
7.53278 2609281
7.53717 2612161
7.54354 2615041
7.54912 2617921
7.5547 2620801
7.56067 2623681
7.56585 2626561
7.57223 2629441
7.57701 2632321
7.58298 2635201
7.58896 2638081
7.59493 2640961
7.59852 2643841
7.60569 2646721
7.61047 2649601
7.61565 2652481
7.62043 2655361
7.62561 2658241
7.63238 2661121
7.63756 2664001
7.64434 2666881
7.64712 2669761
7.6535 2672641
7.65868 2675521
7.66346 2678401
7.67023 2681281
7.67342 2684161
7.6774 2687041
7.68218 2689921
7.68856 2692801
7.69414 2695681
7.69812 2698561
7.7037 2701441
7.70848 2704321
7.72282 2707201
7.72999 2710081
7.73517 2712961
7.73995 2715841
7.74792 2718721
7.7527 2721601
7.75907 2724481
7.76465 2727361
7.76983 2730241
7.77581 2733121
7.78138 2736001
7.78776 2738881
7.79254 2741761
7.79891 2744641
7.80449 2747521
7.81087 2750401
7.81485 2753281
7.82202 2756161
7.8268 2759041
7.83158 2761921
7.83636 2764801
7.84274 2767681
7.84832 2770561
7.85429 2773441
7.85987 2776321
7.86346 2779201
7.86983 2782081
7.87501 2784961
7.88019 2787841
7.88696 2790721
7.89094 2793601
7.89493 2796481
7.90011 2799361
7.90569 2802241
7.91166 2805121
7.91565 2808001
7.92162 2810881
7.9264 2813761
7.93955 2816641
7.94672 2819521
7.9519 2822401
7.95668 2825281
7.96465 2828161
7.96943 2831041
7.9758 2833921
7.98138 2836801
7.98616 2839681
7.99254 2842561
7.99811 2845441
8.00449 2848321
8.00927 2851201
8.01564 2854081
8.02082 2856961
8.0276 2859841
8.03198 2862721
8.03875 2865601
8.04393 2868481
8.04871 2871361
8.05389 2874241
8.05987 2877121
8.06584 2880001
8.07182 2882881
8.07779 2885761
8.08138 2888641
8.08775 2891521
8.09253 2894401
8.09891 2897281
8.10488 2900161
8.10967 2903041
8.11325 2905921
8.11883 2908801
8.12441 2911681
8.13078 2914561
8.13317 2917441
8.13915 2920321
8.14393 2923201
8.15628 2926081
8.16345 2928961
8.16903 2931841
8.17381 2934721
8.18098 2937601
8.18616 2940481
8.19293 2943361
8.19771 2946241
8.20249 2949121
8.20966 2952001
8.21524 2954881
8.22201 2957761
8.22719 2960641
8.23277 2963521
8.23755 2966401
8.24472 2969281
8.2495 2972161
8.25588 2975041
8.26146 2977921
8.26663 2980801
8.27142 2983681
8.27739 2986561
8.28337 2989441
8.28934 2992321
8.29532 2995201
8.29891 2998081
8.30528 3000961
8.31006 3003841
8.31723 3006721
8.32281 3009601
8.32759 3012481
8.33157 3015361
8.33675 3018241
8.34273 3021121
8.3491 3024001
8.35149 3026881
8.35787 3029761
8.36265 3032641
8.3746 3035521
8.38217 3038401
8.38735 3041281
8.39213 3044161
8.3993 3047041
8.40528 3049921
8.41125 3052801
8.41603 3055681
8.42082 3058561
8.42759 3061441
8.43396 3064321
8.44074 3067201
8.44591 3070081
8.45149 3072961
8.45627 3075841
8.46344 3078721
8.46822 3081601
8.4746 3084481
8.48018 3087361
8.48496 3090241
8.48974 3093121
8.49611 3096001
8.50169 3098881
8.50806 3101761
8.51364 3104641
8.51763 3107521
8.5236 3110401
8.52878 3113281
8.53595 3116161
8.54233 3119041
8.54711 3121921
8.55109 3124801
8.55667 3127681
8.56304 3130561
8.56902 3133441
8.57181 3136321
8.57778 3139201
8.58257 3142081
8.59372 3144961
8.59651 3147841
8.60368 3150721
8.60846 3153601
8.61324 3156481
8.62041 3159361
8.62599 3162241
8.63237 3165121
8.63715 3168001
8.64193 3170881
8.6483 3173761
8.65468 3176641
8.66185 3179521
8.66663 3182401
8.6726 3185281
8.67738 3188161
8.68416 3191041
8.68973 3193921
8.69571 3196801
8.70169 3199681
8.70687 3202561
8.71165 3205441
8.71802 3208321
8.7236 3211201
8.72997 3214081
8.73555 3216961
8.73953 3219841
8.74551 3222721
8.75069 3225601
8.75786 3228481
8.76424 3231361
8.76902 3234241
8.773 3237121
8.77937 3240001
8.78495 3242881
8.79133 3245761
8.79412 3248641
8.80009 3251521
8.80487 3254401
8.81563 3257281
8.81882 3260161
8.82559 3263041
8.83077 3265921
8.83555 3268801
8.84232 3271681
8.8487 3274561
8.85467 3277441
8.85945 3280321
8.86423 3283201
8.87061 3286081
8.87698 3288961
8.88415 3291841
8.88893 3294721
8.89491 3297601
8.89969 3300481
8.90646 3303361
8.91204 3306241
8.91802 3309121
8.92399 3312001
8.92917 3314881
8.93395 3317761
8.94033 3320641
8.94591 3323521
8.95228 3326401
8.95786 3329281
8.96184 3332161
8.96782 3335041
8.973 3337921
8.98017 3340801
8.98654 3343681
8.99132 3346561
8.99531 3349441
9.00168 3352321
9.00726 3355201
9.01363 3358081
9.01642 3360961
9.0224 3363841
9.02718 3366721
9.03794 3369601
9.04112 3372481
9.0479 3375361
9.05307 3378241
9.05666 3381121
9.06343 3384001
9.06981 3386881
9.07578 3389761
9.08056 3392641
9.08534 3395521
9.09172 3398401
9.09809 3401281
9.10526 3404161
9.11005 3407041
9.11602 3409921
9.1208 3412801
9.12758 3415681
9.13315 3418561
9.13913 3421441
9.1451 3424321
9.15028 3427201
9.15506 3430081
9.16144 3432961
9.16702 3435841
9.17339 3438721
9.17897 3441601
9.18295 3444481
9.18893 3447361
9.19411 3450241
9.20128 3453121
9.20765 3456001
9.21243 3458881
9.21642 3461761
9.22279 3464641
9.22837 3467521
9.23474 3470401
9.23753 3473281
9.24351 3476161
9.24829 3479041
9.25905 3481921
9.26223 3484801
9.26901 3487681
9.27419 3490561
9.27777 3493441
9.28454 3496321
9.29092 3499201
9.29689 3502081
9.30168 3504961
9.30646 3507841
9.31283 3510721
9.31921 3513601
9.32638 3516481
9.33116 3519361
9.33713 3522241
9.34191 3525121
9.34869 3528001
9.35426 3530881
9.36024 3533761
9.36622 3536641
9.3714 3539521
9.37618 3542401
9.38255 3545281
9.38813 3548161
9.3945 3551041
9.40008 3553921
9.40406 3556801
9.41004 3559681
9.41522 3562561
9.42239 3565441
9.42677 3568321
9.42956 3571201
9.43275 3574081
9.43673 3576961
9.44072 3579841
9.4455 3582721
9.44908 3585601
9.45426 3588481
9.45944 3591361
9.4694 3594241
9.47299 3597121
9.48016 3600001
9.48494 3602881
9.48892 3605761
9.4953 3608641
9.49769 3611521
9.50127 3614401
9.50526 3617281
9.50805 3620161
9.51273 3623041
9.51951 3625921
9.52588 3628801
9.53345 3631681
9.53823 3634561
9.54421 3637441
9.54899 3640321
9.55536 3643201
9.56134 3646081
9.56692 3648961
9.57245 3651841
9.57763 3654721
9.58226 3657601
9.5896 3660481
9.59438 3663361
9.60118 3666241
9.60676 3669121
9.61114 3672001
9.61711 3674881
9.62229 3677761
9.62946 3680641
9.63425 3683521
9.63703 3686401
9.64022 3689281
9.64381 3692161
9.6468 3695041
9.65173 3697921
9.65517 3700801
9.66089 3703681
9.66607 3706561
9.67568 3709441
9.67966 3712321
9.6867 3715201
9.69188 3718081
9.69626 3720961
9.70263 3723841
9.70542 3726721
9.70941 3729601
9.71339 3732481
9.71578 3735361
9.71977 3738241
9.72559 3741121
9.73272 3744001
9.73953 3746881
9.74432 3749761
9.75084 3752641
9.75562 3755521
9.76185 3758401
9.76782 3761281
9.77392 3764161
9.7791 3767041
9.78444 3769921
9.78882 3772801
9.796 3775681
9.80046 3778561
9.80835 3781441
9.81353 3784321
9.8187 3787201
9.82428 3790081
9.82946 3792961
9.83623 3795841
9.84101 3798721
9.8446 3801601
9.84779 3804481
9.85137 3807361
9.85496 3810241
9.85934 3813121
9.86253 3816001
9.86731 3818881
9.87249 3821761
9.88205 3824641
9.88603 3827521
9.8936 3830401
9.89838 3833281
9.90316 3836161
9.90954 3839041
9.91352 3841921
9.91671 3844801
9.92069 3847681
9.92348 3850561
9.92787 3853441
9.93304 3856321
9.93783 3859201
9.94442 3862081
9.94921 3864961
9.95602 3867841
9.96091 3870721
9.96728 3873601
9.97288 3876481
9.97926 3879361
9.98444 3882241
9.98962 3885121
9.99426 3888001
10.0012 3890881
10.0056 3893761
10.0132 3896641
10.0187 3899521
10.0239 3902401
10.0293 3905281
10.0353 3908161
10.0413 3911041
10.0461 3913921
10.05 3916801
10.054 3919681
10.058 3922561
10.0616 3925441
10.0664 3928321
10.0688 3931201
10.0739 3934081
10.0791 3936961
10.0872 3939841
10.0912 3942721
10.0988 3945601
10.1035 3948481
10.1083 3951361
10.1151 3954241
10.1191 3957121
10.1231 3960001
10.127 3962881
10.1302 3965761
10.1346 3968641
10.139 3971521
10.1442 3974401
10.1505 3977281
10.1545 3980161
10.1612 3983041
10.1672 3985921
10.1727 3988801
10.1781 3991681
10.1844 3994561
10.1896 3997441
10.1952 4000321
10.1992 4003201
10.2063 4006081
10.2107 4008961
10.2183 4011841
10.2236 4014721
10.2288 4017601
10.2346 4020481
10.2404 4023361
10.2468 4026241
10.252 4029121
10.256 4032001
10.26 4034881
10.2644 4037761
10.2683 4040641
10.2731 4043521
10.2763 4046401
10.2811 4049281
10.2863 4052161
10.2938 4055041
10.2978 4057921
10.304 4060801
10.3087 4063681
10.3139 4066561
10.3205 4069441
10.3249 4072321
10.3289 4075201
10.3325 4078081
10.336 4080961
10.3404 4083841
10.3452 4086721
10.35 4089601
10.3564 4092481
10.3603 4095361
10.3671 4098241
10.3723 4101121
10.3747 4104001
10.3797 4106881
10.3844 4109761
10.3908 4112641
10.3964 4115521
10.4017 4118401
10.4057 4121281
10.4129 4124161
10.4177 4127041
10.4252 4129921
10.4303 4132801
10.4356 4135681
10.4416 4138561
10.4467 4141441
10.4535 4144321
10.4586 4147201
10.4626 4150081
10.467 4152961
10.471 4155841
10.4758 4158721
10.4802 4161601
10.4833 4164481
10.4881 4167361
10.4933 4170241
10.5009 4173121
10.5048 4176001
10.5112 4178881
10.5156 4181761
10.5207 4184641
10.5267 4187521
10.5314 4190401
10.5354 4193281
10.5397 4196161
10.5433 4199041
10.5477 4201921
10.5525 4204801
10.5569 4207681
10.5632 4210561
10.5676 4213441
10.5744 4216321
10.58 4219201
10.5828 4222081
10.5875 4224961
10.5915 4227841
10.5979 4230721
10.6035 4233601
10.6087 4236481
10.613 4239361
10.6194 4242241
10.6239 4245121
10.6317 4248001
10.6365 4250881
10.6425 4253761
10.6485 4256641
10.6536 4259521
10.6604 4262401
10.6647 4265281
10.6691 4268161
10.6739 4271041
10.6771 4273921
10.6827 4276801
10.687 4279681
10.6902 4282561
10.6955 4285441
10.7003 4288321
10.7077 4291201
10.7121 4294081
10.7181 4296961
10.7233 4299841
10.728 4302721
10.7336 4305601
10.7384 4308481
10.742 4311361
10.7472 4314241
10.7512 4317121
10.7555 4320001
10.7603 4322881
10.7647 4325761
10.7707 4328641
10.7751 4331521
10.7814 4334401
10.7874 4337281
10.7902 4340161
10.795 4343041
10.7994 4345921
10.8053 4348801
10.8097 4351681
10.8153 4354561
10.8197 4357441
10.8257 4360321
10.83 4363201
10.8368 4366081
10.8416 4368961
10.8478 4371841
10.8537 4374721
10.8589 4377601
10.8657 4380481
10.8699 4383361
10.875 4386241
10.8798 4389121
10.883 4392001
10.8882 4394881
10.8934 4397761
10.897 4400641
10.9021 4403521
10.9069 4406401
10.9141 4409281
10.9185 4412161
10.9244 4415041
10.9296 4417921
10.9344 4420801
10.94 4423681
10.9444 4426561
10.9487 4429441
10.9539 4432321
10.9587 4435201
10.9623 4438081
10.9675 4440961
10.9715 4443841
10.9774 4446721
10.9818 4449601
10.9874 4452481
10.9938 4455361
10.9965 4458241
11.0013 4461121
11.0065 4464001
11.0125 4466881
11.0165 4469761
11.0224 4472641
11.0272 4475521
11.0328 4478401
11.0372 4481281
11.044 4484161
11.0483 4487041
11.0547 4489921
11.0603 4492801
11.0655 4495681
11.0718 4498561
11.0762 4501441
11.081 4504321
11.0862 4507201
11.0894 4510081
11.0954 4512961
11.1009 4515841
11.1045 4518721
11.1093 4521601
11.1141 4524481
11.1212 4527361
11.1256 4530241
11.1312 4533121
11.136 4536001
11.1412 4538881
11.1463 4541761
11.1511 4544641
11.1559 4547521
11.1607 4550401
11.1655 4553281
11.1695 4556161
11.1758 4559041
11.1794 4561921
11.1854 4564801
11.1902 4567681
11.195 4570561
11.2017 4573441
11.2049 4576321
11.2097 4579201
11.2153 4582081
11.2208 4584961
11.2252 4587841
11.2308 4590721
11.234 4593601
11.2376 4596481
11.2428 4599361
11.2479 4602241
11.2543 4605121
11.2587 4608001
11.2651 4610881
11.2702 4613761
11.2754 4616641
11.2814 4619521
11.2862 4622401
11.291 4625281
11.2953 4628161
11.2993 4631041
11.3053 4633921
11.3105 4636801
11.3145 4639681
11.3193 4642561
11.3244 4645441
11.3312 4648321
11.336 4651201
11.3416 4654081
11.3467 4656961
11.3519 4659841
11.3567 4662721
11.3615 4665601
11.3667 4668481
11.3714 4671361
11.3758 4674241
11.3802 4677121
11.3862 4680001
11.3906 4682881
11.3965 4685761
11.4013 4688641
11.4061 4691521
11.4129 4694401
11.4161 4697281
11.4208 4700161
11.4264 4703041
11.4316 4705921
11.436 4708801
11.4416 4711681
11.4455 4714561
11.4487 4717441
11.4543 4720321
11.4591 4723201
11.4655 4726081
11.4702 4728961
11.4766 4731841
11.4818 4734721
11.4866 4737601
11.4926 4740481
11.4977 4743361
11.5033 4746241
11.5073 4749121
11.5117 4752001
11.5173 4754881
11.5228 4757761
11.5264 4760641
11.5312 4763521
11.5364 4766401
11.5432 4769281
11.5487 4772161
11.5539 4775041
11.5595 4777921
11.5639 4780801
11.569 4783681
11.5734 4786561
11.579 4789441
11.5838 4792321
11.5878 4795201
11.593 4798081
11.5981 4800961
11.6025 4803841
11.6081 4806721
11.6137 4809601
11.6185 4812481
11.6252 4815361
11.6288 4818241
11.634 4821121
11.6396 4824001
11.6443 4826881
11.6491 4829761
11.6547 4832641
11.6591 4835521
11.6619 4838401
11.6675 4841281
11.6714 4844161
11.6774 4847041
11.6822 4849921
11.6886 4852801
11.6941 4855681
11.6989 4858561
11.7053 4861441
11.7101 4864321
11.7157 4867201
11.7196 4870081
11.7236 4872961
11.7296 4875841
11.7344 4878721
11.7384 4881601
11.7428 4884481
11.7483 4887361
11.7547 4890241
11.7603 4893121
11.7655 4896001
11.7714 4898881
11.7762 4901761
11.7814 4904641
11.7862 4907521
11.7914 4910401
11.7961 4913281
11.8005 4916161
11.8057 4919041
11.8101 4921921
11.8149 4924801
11.8208 4927681
11.826 4930561
11.8308 4933441
11.838 4936321
11.842 4939201
11.8471 4942081
11.8527 4944961
11.8579 4947841
11.8631 4950721
11.8686 4953601
11.8722 4956481
11.8758 4959361
11.881 4962241
11.8846 4965121
11.8906 4968001
11.8949 4970881
11.9009 4973761
11.9065 4976641
11.9117 4979521
11.918 4982401
11.9232 4985281
11.9292 4988161
11.9336 4991041
11.938 4993921
11.9439 4996801
11.9483 4999681
11.9527 5002561
11.9571 5005441
11.9619 5008321
11.9678 5011201
11.9738 5014081
11.9786 5016961
11.9842 5019841
11.9894 5022721
11.9949 5025601
12.0001 5028481
12.0053 5031361
12.0109 5034241
12.0153 5037121
12.02 5040001
12.0252 5042881
12.0296 5045761
12.0352 5048641
12.0396 5051521
12.0443 5054401
12.0511 5057281
12.0551 5060161
12.0603 5063041
12.0659 5065921
12.0714 5068801
12.0766 5071681
12.083 5074561
12.087 5077441
12.091 5080321
12.0961 5083201
12.1001 5086081
12.1057 5088961
12.1105 5091841
12.1157 5094721
12.1212 5097601
12.1264 5100481
12.1292 5103361
12.134 5106241
12.1388 5109121
12.1451 5112001
12.1499 5114881
12.1547 5117761
12.1607 5120641
12.1655 5123521
12.1706 5126401
12.175 5129281
12.1802 5132161
12.1854 5135041
12.1913 5137921
12.1957 5140801
12.2013 5143681
12.2065 5146561
12.2113 5149441
12.2164 5152321
12.2216 5155201
12.2272 5158081
12.232 5160961
12.2368 5163841
12.2423 5166721
12.2463 5169601
12.2527 5172481
12.2579 5175361
12.2623 5178241
12.2686 5181121
12.2726 5184001
12.2782 5186881
12.2838 5189761
12.2886 5192641
12.2933 5195521
12.2997 5198401
12.3041 5201281
12.3085 5204161
12.3133 5207041
12.318 5209921
12.3236 5212801
12.3284 5215681
12.334 5218561
12.34 5221441
12.3447 5224321
12.3479 5227201
12.3523 5230081
12.3575 5232961
12.3631 5235841
12.3678 5238721
12.3726 5241601
12.3782 5244481
12.3834 5247361
12.3886 5250241
12.3929 5253121
12.3981 5256001
12.4037 5258881
12.4097 5261761
12.4141 5264641
12.42 5267521
12.4252 5270401
12.43 5273281
12.4352 5276161
12.4403 5279041
12.4459 5281921
12.4499 5284801
12.4551 5287681
12.4607 5290561
12.465 5293441
12.471 5296321
12.4762 5299201
12.481 5302081
12.4874 5304961
12.4921 5307841
12.4973 5310721
12.5029 5313601
12.5081 5316481
12.5129 5319361
12.5184 5322241
12.5232 5325121
12.5276 5328001
12.5324 5330881
12.5368 5333761
12.5423 5336641
12.5471 5339521
12.5531 5342401
12.5587 5345281
12.5639 5348161
12.5674 5351041
12.5718 5353921
12.5774 5356801
12.5826 5359681
12.587 5362561
12.5913 5365441
12.5969 5368321
12.6021 5371201
12.6073 5374081
12.6117 5376961
12.6172 5379841
12.6224 5382721
12.628 5385601
12.6332 5388481
12.6391 5391361
12.6443 5394241
12.6491 5397121
12.6547 5400001
12.6599 5402881
12.6654 5405761
12.669 5408641
12.6742 5411521
12.6798 5414401
12.6842 5417281
12.6901 5420161
12.6949 5423041
12.7001 5425921
12.7061 5428801
12.7109 5431681
12.716 5434561
12.7216 5437441
12.7272 5440321
12.7324 5443201
12.7376 5446081
12.7419 5448961
12.7467 5451841
12.7515 5454721
12.7559 5457601
12.7611 5460481
12.7658 5463361
12.7714 5466241
12.777 5469121
12.7826 5472001
12.7866 5474881
12.7913 5477761
12.7973 5480641
12.8021 5483521
12.8069 5486401
12.8117 5489281
12.818 5492161
12.8224 5495041
12.828 5497921
12.832 5500801
12.8379 5503681
12.8427 5506561
12.8479 5509441
12.8531 5512321
12.8591 5515201
12.8642 5518081
12.8694 5520961
12.8746 5523841
12.8802 5526721
12.8854 5529601
12.8893 5532481
12.8949 5535361
12.9001 5538241
12.9049 5541121
12.9109 5544001
12.9152 5546881
12.92 5549761
12.9256 5552641
12.9308 5555521
12.9364 5558401
12.9415 5561281
12.9471 5564161
12.9519 5567041
12.9579 5569921
12.9619 5572801
12.9674 5575681
12.9722 5578561
12.977 5581441
12.9818 5584321
12.987 5587201
12.9925 5590081
12.9981 5592961
13.0033 5595841
13.0077 5598721
13.0124 5601601
13.0184 5604481
13.0228 5607361
13.028 5610241
13.0324 5613121
13.0391 5616001
13.0439 5618881
13.0487 5621761
13.0519 5624641
13.0551 5627521
13.0603 5630401
13.065 5633281
13.0702 5636161
13.0754 5639041
13.0814 5641921
13.0866 5644801
13.0917 5647681
13.0969 5650561
13.1025 5653441
13.1077 5656321
13.1117 5659201
13.1172 5662081
13.1224 5664961
13.1272 5667841
13.1332 5670721
13.138 5673601
13.1423 5676481
13.1479 5679361
13.1531 5682241
13.1587 5685121
13.1638 5688001
13.1694 5690881
13.1742 5693761
13.1802 5696641
13.1846 5699521
13.1897 5702401
13.1945 5705281
13.1993 5708161
13.2041 5711041
13.2093 5713921
13.2148 5716801
13.2204 5719681
13.2256 5722561
13.23 5725441
13.2348 5728321
13.2407 5731201
13.2451 5734081
13.2503 5736961
13.2547 5739841
13.2614 5742721
13.2662 5745601
13.271 5748481
13.2742 5751361
13.2774 5754241
13.2826 5757121
13.2873 5760001
13.2925 5762881
13.2977 5765761
13.3041 5768641
13.3089 5771521
13.314 5774401
13.3192 5777281
13.3248 5780161
13.33 5783041
13.334 5785921
13.3395 5788801
13.3451 5791681
13.3495 5794561
13.3559 5797441
13.3603 5800321
13.3646 5803201
13.3702 5806081
13.3754 5808961
13.381 5811841
13.3861 5814721
13.3917 5817601
13.3965 5820481
13.4025 5823361
13.4069 5826241
13.412 5829121
13.4168 5832001
13.4216 5834881
13.4264 5837761
13.4316 5840641
13.4375 5843521
13.4423 5846401
13.4455 5849281
13.4483 5852161
13.4535 5855041
13.4595 5857921
13.4642 5860801
13.4694 5863681
13.4746 5866561
13.481 5869441
13.4858 5872321
13.4901 5875201
13.4937 5878081
13.4973 5880961
13.5025 5883841
13.5069 5886721
13.51 5889601
13.5152 5892481
13.5212 5895361
13.5264 5898241
13.532 5901121
13.5375 5904001
13.5431 5906881
13.5479 5909761
13.5515 5912641
13.5571 5915521
13.5626 5918401
13.567 5921281
13.5718 5924161
13.5754 5927041
13.5802 5929921
13.5853 5932801
13.5905 5935681
13.5961 5938561
13.6021 5941441
13.6085 5944321
13.6132 5947201
13.6196 5950081
13.6244 5952961
13.63 5955841
13.634 5958721
13.6387 5961601
13.6435 5964481
13.6487 5967361
13.6547 5970241
13.6587 5973121
13.6622 5976001
13.6654 5978881
13.6706 5981761
13.6762 5984641
13.681 5987521
13.6861 5990401
13.6921 5993281
13.6977 5996161
13.7029 5999041
13.7069 6001921
13.7108 6004801
13.7148 6007681
13.7196 6010561
13.7244 6013441
13.7276 6016321
13.7328 6019201
13.7383 6022081
13.7435 6024961
13.7499 6027841
13.7555 6030721
13.761 6033601
13.7658 6036481
13.7698 6039361
13.7758 6042241
13.781 6045121
13.7861 6048001
13.7909 6050881
13.7949 6053761
13.7993 6056641
13.8045 6059521
13.8096 6062401
13.8148 6065281
13.8208 6068161
13.8268 6071041
13.832 6073921
13.8379 6076801
13.8423 6079681
13.8479 6082561
13.8519 6085441
13.8563 6088321
13.861 6091201
13.8662 6094081
13.8722 6096961
13.8766 6099841
13.8806 6102721
13.8841 6105601
13.8897 6108481
13.8949 6111361
13.8997 6114241
13.9049 6117121
13.9112 6120001
13.9168 6122881
13.922 6125761
13.926 6128641
13.9304 6131521
13.9347 6134401
13.9395 6137281
13.9447 6140161
13.9479 6143041
13.9507 6145921
13.9551 6148801
13.9606 6151681
13.9658 6154561
13.9722 6157441
13.9774 6160321
13.9822 6163201
13.9873 6166081
13.9913 6168961
13.9973 6171841
14.0021 6174721
14.0076 6177601
14.0124 6180481
14.016 6183361
14.0204 6186241
14.026 6189121
14.0312 6192001
14.0359 6194881
14.0419 6197761
14.0479 6200641
14.0527 6203521
14.0586 6206401
14.063 6209281
14.0686 6212161
14.0734 6215041
14.0774 6217921
14.0822 6220801
14.0877 6223681
14.0941 6226561
14.0985 6229441
14.1029 6232321
14.1065 6235201
14.1124 6238081
14.1176 6240961
14.122 6243841
14.1272 6246721
14.1331 6249601
14.1387 6252481
14.1435 6255361
14.1483 6258241
14.1523 6261121
14.157 6264001
14.1618 6266881
14.167 6269761
14.1702 6272641
14.1734 6275521
14.1774 6278401
14.1829 6281281
14.1881 6284161
14.1945 6287041
14.1997 6289921
14.2045 6292801
14.2096 6295681
14.2136 6298561
14.2196 6301441
14.2244 6304321
14.23 6307201
14.2347 6310081
14.2383 6312961
14.2427 6315841
14.2483 6318721
14.2535 6321601
14.2582 6324481
14.2646 6327361
14.2702 6330241
14.2754 6333121
14.281 6336001
14.2853 6338881
14.2909 6341761
14.2957 6344641
14.2997 6347521
14.3045 6350401
14.31 6353281
14.3164 6356161
14.3208 6359041
14.3252 6361921
14.3288 6364801
14.3347 6367681
14.3399 6370561
14.3443 6373441
14.3495 6376321
14.3555 6379201
14.3614 6382081
14.3662 6384961
14.3706 6387841
14.375 6390721
14.3794 6393601
14.3841 6396481
14.3893 6399361
14.3925 6402241
14.3957 6405121
14.3997 6408001
14.4053 6410881
14.4104 6413761
14.4168 6416641
14.422 6419521
14.4268 6422401
14.4307 6425281
14.4347 6428161
14.4407 6431041
14.4455 6433921
14.4511 6436801
14.4558 6439681
14.4594 6442561
14.4638 6445441
14.4694 6448321
14.4746 6451201
14.4794 6454081
14.4857 6456961
14.4913 6459841
14.4965 6462721
14.5021 6465601
14.5064 6468481
14.512 6471361
14.5168 6474241
14.5208 6477121
14.5256 6480001
14.5311 6482881
14.5375 6485761
14.5419 6488641
14.5463 6491521
14.5499 6494401
14.5558 6497281
14.561 6500161
14.5654 6503041
14.5706 6505921
14.5766 6508801
14.5825 6511681
14.5873 6514561
14.5917 6517441
14.5961 6520321
14.6005 6523201
14.6052 6526081
14.6104 6528961
14.6136 6531841
14.6168 6534721
14.6208 6537601
14.6264 6540481
14.6315 6543361
14.6363 6546241
14.6399 6549121
14.6435 6552001
14.6463 6554881
14.6495 6557761
14.6531 6560641
14.6566 6563521
14.6622 6566401
14.6666 6569281
14.6698 6572161
14.6738 6575041
14.6797 6577921
14.6849 6580801
14.6893 6583681
14.6953 6586561
14.7013 6589441
14.7056 6592321
14.71 6595201
14.7132 6598081
14.7172 6600961
14.7218 6603841
14.7259 6606721
14.7307 6609601
14.7367 6612481
14.7431 6615361
14.7471 6618241
14.7518 6621121
14.7558 6624001
14.7618 6626881
14.7674 6629761
14.7718 6632641
14.7773 6635521
14.7817 6638401
14.7874 6641281
14.7922 6644161
14.7968 6647041
14.8019 6649921
14.8063 6652801
14.8115 6655681
14.8167 6658561
14.8203 6661441
14.8238 6664321
14.8282 6667201
14.8338 6670081
14.8386 6672961
14.8434 6675841
14.8474 6678721
14.8513 6681601
14.8541 6684481
14.8569 6687361
14.8601 6690241
14.8633 6693121
14.8677 6696001
14.8717 6698881
14.8751 6701761
14.8775 6704641
14.8815 6707521
14.8879 6710401
14.8927 6713281
14.897 6716161
14.9026 6719041
14.9086 6721921
14.913 6724801
14.9178 6727681
14.9213 6730561
14.9253 6733441
14.9293 6736321
14.9329 6739201
14.937 6742081
14.9429 6744961
14.95 6747841
14.954 6750721
14.9588 6753601
14.9631 6756481
14.9687 6759361
14.9747 6762241
14.9791 6765121
14.9843 6768001
14.989 6770881
14.9946 6773761
14.999 6776641
15.0031 6779521
15.008 6782401
15.0127 6785281
15.0182 6788161
15.0228 6791041
15.0268 6793921
15.0312 6796801
15.0355 6799681
15.0415 6802561
15.0459 6805441
15.0515 6808321
15.0555 6811201
15.0595 6814081
15.0626 6816961
15.0654 6819841
15.0694 6822721
15.0726 6825601
15.0766 6828481
15.0798 6831361
15.083 6834241
15.0853 6837121
15.0885 6840001
15.0957 6842881
15.1005 6845761
15.1053 6848641
15.1108 6851521
15.1168 6854401
15.1216 6857281
15.1264 6860161
15.13 6863041
15.134 6865921
15.1379 6868801
15.1415 6871681
15.1463 6874561
15.1511 6877441
15.1567 6880321
15.1601 6883201
15.1653 6886081
15.1701 6888961
15.1754 6891841
15.1808 6894721
15.1856 6897601
15.1908 6900481
15.196 6903361
15.2016 6906241
15.2063 6909121
15.2099 6912001
15.2143 6914881
15.2191 6917761
15.2243 6920641
15.229 6923521
15.2333 6926401
15.2384 6929281
15.2428 6932161
15.2492 6935041
15.254 6937921
15.26 6940801
15.2643 6943681
15.2683 6946561
15.2715 6949441
15.2747 6952321
15.2791 6955201
15.2823 6958081
15.2863 6960961
15.2894 6963841
15.2934 6966721
15.2958 6969601
15.2986 6972481
15.3042 6975361
15.309 6978241
15.3129 6981121
15.3177 6984001
15.3233 6986881
15.3281 6989761
15.3329 6992641
15.3368 6995521
15.342 6998401
15.346 7001281
15.3496 7004161
15.3544 7007041
15.3588 7009921
15.3643 7012801
15.3683 7015681
15.3723 7018561
15.3763 7021441
15.3807 7024321
15.3866 7027201
15.3914 7030081
15.397 7032961
15.4026 7035841
15.4082 7038721
15.4125 7041601
15.4165 7044481
15.4209 7047361
15.4257 7050241
15.4305 7053121
15.4349 7056001
15.4396 7058881
15.444 7061761
15.4478 7064641
15.4542 7067521
15.4594 7070401
15.4654 7073281
15.4694 7076161
15.4738 7079041
15.477 7081921
15.4802 7084801
15.4853 7087681
15.4885 7090561
15.4929 7093441
15.4965 7096321
15.5009 7099201
15.5033 7102081
15.506 7104961
15.5116 7107841
15.516 7110721
15.5196 7113601
15.524 7116481
15.5296 7119361
15.5343 7122241
15.5391 7125121
15.5439 7128001
15.5499 7130881
15.5535 7133761
15.5574 7136641
15.5622 7139521
15.567 7142401
15.5718 7145281
15.5762 7148161
15.5798 7151041
15.5841 7153921
15.5889 7156801
15.5937 7159681
15.5981 7162561
15.6037 7165441
15.6088 7168321
15.6148 7171201
15.6192 7174081
15.6228 7176961
15.6268 7179841
15.6319 7182721
15.6367 7185601
15.6411 7188481
15.6459 7191361
15.6507 7194241
15.6547 7197121
15.661 7200001
15.6654 7202881
15.6709 7205761
15.6748 7208641
15.6796 7211521
15.6832 7214401
15.6864 7217281
15.6924 7220161
15.6956 7223041
15.7003 7225921
15.7043 7228801
15.7087 7231681
15.7119 7234561
15.7151 7237441
15.7203 7240321
15.7246 7243201
15.7282 7246081
15.733 7248961
15.7386 7251841
15.7426 7254721
15.7454 7257601
15.7489 7260481
15.7537 7263361
15.7601 7266241
15.7637 7269121
15.7677 7272001
15.7717 7274881
15.7768 7277761
15.7816 7280641
15.786 7283521
15.7896 7286401
15.7936 7289281
15.7987 7292161
15.8035 7295041
15.8087 7297921
15.8143 7300801
15.8183 7303681
15.8242 7306561
15.829 7309441
15.833 7312321
15.8366 7315201
15.8418 7318081
15.8466 7320961
15.8513 7323841
15.8561 7326721
15.8605 7329601
15.8645 7332481
15.8709 7335361
15.8752 7338241
15.8808 7341121
15.8848 7344001
15.8896 7346881
15.8928 7349761
15.8968 7352641
15.9023 7355521
15.9063 7358401
15.9111 7361281
15.9151 7364161
15.9191 7367041
15.9223 7369921
15.9254 7372801
15.9306 7375681
15.935 7378561
15.939 7381441
15.9434 7384321
15.9493 7387201
15.9537 7390081
15.9569 7392961
15.9605 7395841
15.9657 7398721
15.9713 7401601
15.9752 7404481
15.9796 7407361
15.9836 7410241
15.9888 7413121
15.9936 7416001
15.9979 7418881
16.0015 7421761
16.0059 7424641
16.0111 7427521
16.0159 7430401
16.0207 7433281
16.0262 7436161
16.0306 7439041
16.0362 7441921
16.041 7444801
16.0458 7447681
16.0489 7450561
16.0541 7453441
16.0589 7456321
16.0637 7459201
16.0681 7462081
16.0721 7464961
16.0756 7467841
16.0816 7470721
16.0864 7473601
16.0916 7476481
16.0956 7479361
16.1007 7482241
16.1039 7485121
16.1083 7488001
16.1143 7490881
16.1183 7493761
16.123 7496641
16.1266 7499521
16.131 7502401
16.1342 7505281
16.1382 7508161
16.143 7511041
16.1477 7513921
16.1517 7516801
16.1557 7519681
16.1617 7522561
16.1665 7525441
16.1701 7528321
16.1736 7531201
16.1792 7534081
16.1832 7536961
16.1876 7539841
16.1928 7542721
16.1971 7545601
16.2019 7548481
16.2063 7551361
16.2111 7554241
16.2147 7557121
16.2187 7560001
16.223 7562881
16.2278 7565761
16.2326 7568641
16.2378 7571521
16.2422 7574401
16.2477 7577281
16.2525 7580161
16.2577 7583041
16.2605 7585921
16.2661 7588801
16.2713 7591681
16.2764 7594561
16.2808 7597441
16.2848 7600321
16.2888 7603201
16.294 7606081
16.2987 7608961
16.3035 7611841
16.3071 7614721
16.3123 7617601
16.3159 7620481
16.3203 7623361
16.3262 7626241
16.3306 7629121
16.3358 7632001
16.3394 7634881
16.3442 7637761
16.3477 7640641
16.3521 7643521
16.3573 7646401
16.3621 7649281
16.3657 7652161
16.3697 7655041
16.3748 7657921
16.3796 7660801
16.3832 7663681
16.3872 7666561
16.3916 7669441
16.3959 7672321
16.4007 7675201
16.4059 7678081
16.4099 7680961
16.4155 7683841
16.4199 7686721
16.4246 7689601
16.4282 7692481
16.4326 7695361
16.4374 7698241
16.4418 7701121
16.4465 7704001
16.4521 7706881
16.4561 7709761
16.4609 7712641
16.4661 7715521
16.4708 7718401
16.4736 7721281
16.4796 7724161
16.4844 7727041
16.4904 7729921
16.4944 7732801
16.4987 7735681
16.5027 7738561
16.5079 7741441
16.5131 7744321
16.5179 7747201
16.5214 7750081
16.5266 7752961
16.5306 7755841
16.5342 7758721
16.5398 7761601
16.5442 7764481
16.5485 7767361
16.5529 7770241
16.5577 7773121
16.5617 7776001
16.5661 7778881
16.5716 7781761
16.576 7784641
16.58 7787521
16.5844 7790401
16.5892 7793281
16.5944 7796161
16.5979 7799041
16.6019 7801921
16.6063 7804801
16.6111 7807681
16.6155 7810561
16.6179 7813441
16.6218 7816321
16.6262 7819201
16.6322 7822081
16.6366 7824961
16.6418 7827841
16.6453 7830721
16.6493 7833601
16.6545 7836481
16.6593 7839361
16.6641 7842241
16.67 7845121
16.674 7848001
16.6788 7850881
16.6836 7853761
16.6884 7856641
16.6912 7859521
16.6967 7862401
16.7011 7865281
16.7071 7868161
16.7111 7871041
16.7155 7873921
16.7194 7876801
16.7246 7879681
16.7302 7882561
16.735 7885441
16.739 7888321
16.7442 7891201
16.7477 7894081
16.7517 7896961
16.7573 7899841
16.7617 7902721
16.7661 7905601
16.77 7908481
16.7744 7911361
16.778 7914241
16.7824 7917121
16.7884 7920001
16.7932 7922881
16.7975 7925761
16.8015 7928641
16.8067 7931521
16.8123 7934401
16.8163 7937281
16.8202 7940161
16.825 7943041
16.8294 7945921
16.8338 7948801
16.8366 7951681
16.841 7954561
16.8453 7957441
16.8505 7960321
16.8545 7963201
16.8597 7966081
16.8633 7968961
16.8677 7971841
16.8724 7974721
16.8776 7977601
16.8828 7980481
16.8884 7983361
16.8928 7986241
16.8971 7989121
16.9023 7992001
16.9071 7994881
16.9103 7997761
16.9155 8000641
16.9198 8003521
16.9258 8006401
16.9294 8009281
16.9338 8012161
16.9374 8015041
16.9426 8017921
16.9477 8020801
16.9521 8023681
16.9569 8026561
16.9621 8029441
16.9665 8032321
16.9704 8035201
16.9764 8038081
16.9812 8040961
16.9856 8043841
16.99 8046721
16.9943 8049601
16.9979 8052481
17.0019 8055361
17.0083 8058241
17.0127 8061121
17.0171 8064001
17.0206 8066881
17.025 8069761
17.031 8072641
17.035 8075521
17.0394 8078401
17.0441 8081281
17.0489 8084161
17.0533 8087041
17.0565 8089921
17.0613 8092801
17.0661 8095681
17.0708 8098561
17.0752 8101441
17.0804 8104321
17.084 8107201
17.088 8110081
17.0916 8112961
17.0963 8115841
17.1015 8118721
17.1067 8121601
17.1107 8124481
17.1155 8127361
17.1206 8130241
17.125 8133121
17.1286 8136001
17.1342 8138881
17.1386 8141761
17.1453 8144641
17.1489 8147521
17.1537 8150401
17.1573 8153281
17.1621 8156161
17.1673 8159041
17.1716 8161921
17.176 8164801
17.1808 8167681
17.1856 8170561
17.1892 8173441
17.1947 8176321
17.1999 8179201
17.2043 8182081
17.2091 8184961
17.2131 8187841
17.217 8190721
17.2214 8193601
17.2278 8196481
17.2326 8199361
17.237 8202241
17.2406 8205121
17.2449 8208001
17.2505 8210881
17.2545 8213761
17.2589 8216641
17.2637 8219521
17.2676 8222401
17.2724 8225281
17.2756 8228161
17.2804 8231041
17.2852 8233921
17.29 8236801
17.2947 8239681
17.2999 8242561
17.3035 8245441
17.3079 8248321
17.3119 8251201
17.317 8254081
17.3226 8256961
17.3278 8259841
17.3318 8262721
17.3366 8265601
17.3417 8268481
17.3457 8271361
17.3493 8274241
17.3545 8277121
17.3593 8280001
17.3657 8282881
17.3696 8285761
17.3744 8288641
17.378 8291521
17.3828 8294401
17.388 8297281
17.3923 8300161
17.3967 8303041
17.4015 8305921
17.4067 8308801
17.4103 8311681
17.4159 8314561
17.4206 8317441
17.4254 8320321
17.4298 8323201
17.4334 8326081
17.4374 8328961
17.4417 8331841
17.4481 8334721
17.4533 8337601
17.4573 8340481
17.4613 8343361
17.466 8346241
17.4712 8349121
17.4752 8352001
17.4796 8354881
17.4848 8357761
17.4892 8360641
17.4935 8363521
17.4967 8366401
17.5015 8369281
17.5063 8372161
17.5111 8375041
17.5158 8377921
17.521 8380801
17.5246 8383681
17.529 8386561
17.533 8389441
17.5382 8392321
17.5437 8395201
17.5489 8398081
17.5529 8400961
17.5577 8403841
17.5629 8406721
17.5656 8409601
17.5688 8412481
17.572 8415361
17.5768 8418241
17.5816 8421121
17.588 8424001
17.5919 8426881
17.5967 8429761
17.6003 8432641
17.6051 8435521
17.6107 8438401
17.6147 8441281
17.619 8444161
17.6238 8447041
17.629 8449921
17.6326 8452801
17.6386 8455681
17.6429 8458561
17.6477 8461441
17.6521 8464321
17.6557 8467201
17.6597 8470081
17.6641 8472961
17.6704 8475841
17.6756 8478721
17.68 8481601
17.6836 8484481
17.6888 8487361
17.6935 8490241
17.6979 8493121
17.7019 8496001
17.7071 8498881
17.7115 8501761
17.7158 8504641
17.719 8507521
17.7238 8510401
17.7286 8513281
17.7338 8516161
17.7382 8519041
17.7433 8521921
17.7469 8524801
17.7513 8527681
17.7553 8530561
17.7605 8533441
17.766 8536321
17.7712 8539201
17.7756 8542081
17.7804 8544961
17.7852 8547841
17.788 8550721
17.7911 8553601
17.7943 8556481
17.7995 8559361
17.8039 8562241
17.8103 8565121
17.8143 8568001
17.8194 8570881
17.8226 8573761
17.8274 8576641
17.833 8579521
17.837 8582401
17.8413 8585281
17.8461 8588161
17.8505 8591041
17.8529 8593921
17.8565 8596801
17.8597 8599681
17.8629 8602561
17.8676 8605441
17.8716 8608321
17.8756 8611201
17.88 8614081
17.886 8616961
17.8911 8619841
17.8955 8622721
17.8991 8625601
17.9039 8628481
17.9083 8631361
17.9111 8634241
17.9142 8637121
17.9174 8640001
17.9214 8642881
17.9262 8645761
17.9298 8648641
17.9346 8651521
17.9397 8654401
17.9457 8657281
17.9505 8660161
17.9549 8663041
17.9593 8665921
17.9636 8668801
17.9668 8671681
17.97 8674561
17.9764 8677441
17.9812 8680321
17.9856 8683201
17.9907 8686081
17.9955 8688961
17.9987 8691841
18.0023 8694721
18.0063 8697601
18.0119 8700481
18.0166 8703361
18.0226 8706241
18.025 8709121
18.031 8712001
18.0342 8714881
18.0393 8717761
18.0445 8720641
18.0485 8723521
18.0529 8726401
18.0569 8729281
18.0613 8732161
18.0644 8735041
18.0684 8737921
18.072 8740801
18.0756 8743681
18.08 8746561
18.0832 8749441
18.0872 8752321
18.0919 8755201
18.0975 8758081
18.1027 8760961
18.1075 8763841
18.1111 8766721
18.1158 8769601
18.1206 8772481
18.1238 8775361
18.127 8778241
18.1306 8781121
18.1346 8784001
18.1385 8786881
18.1417 8789761
18.1469 8792641
18.1521 8795521
18.1577 8798401
18.1632 8801281
18.1676 8804161
18.1724 8807041
18.1764 8809921
18.1796 8812801
18.1836 8815681
18.1891 8818561
18.1939 8821441
18.1979 8824321
18.2027 8827201
18.2075 8830081
18.2115 8832961
18.215 8835841
18.2194 8838721
18.225 8841601
18.2298 8844481
18.2354 8847361
18.2381 8850241
18.2433 8853121
18.2465 8856001
18.2509 8858881
18.2557 8861761
18.2601 8864641
18.2648 8867521
18.2692 8870401
18.2744 8873281
18.278 8876161
18.2816 8879041
18.286 8881921
18.2895 8884801
18.2943 8887681
18.2971 8890561
18.3011 8893441
18.3055 8896321
18.3107 8899201
18.3162 8902081
18.3206 8904961
18.3246 8907841
18.3302 8910721
18.335 8913601
18.3385 8916481
18.3421 8919361
18.3465 8922241
18.3501 8925121
18.3537 8928001
18.3573 8930881
18.362 8933761
18.3668 8936641
18.372 8939521
18.3776 8942401
18.382 8945281
18.3871 8948161
18.3911 8951041
18.3947 8953921
18.3987 8956801
18.4039 8959681
18.4083 8962561
18.4122 8965441
18.4166 8968321
18.4214 8971201
18.425 8974081
18.4294 8976961
18.4338 8979841
18.4389 8982721
18.4441 8985601
18.4497 8988481
18.4529 8991361
18.4585 8994241
18.4612 8997121
18.466 9000001
18.4708 9002881
18.474 9005761
18.4768 9008641
18.4816 9011521
18.486 9014401
18.4911 9017281
18.4943 9020161
18.4987 9023041
18.5027 9025921
18.5067 9028801
18.5114 9031681
18.5146 9034561
18.5186 9037441
18.5226 9040321
18.5278 9043201
18.5342 9046081
18.5385 9048961
18.5421 9051841
18.5473 9054721
18.5521 9057601
18.5557 9060481
18.5593 9063361
18.564 9066241
18.5676 9069121
18.5712 9072001
18.5752 9074881
18.5796 9077761
18.5844 9080641
18.5899 9083521
18.5951 9086401
18.5995 9089281
18.6047 9092161
18.6091 9095041
18.6134 9097921
18.6174 9100801
18.623 9103681
18.627 9106561
18.6302 9109441
18.635 9112321
18.6401 9115201
18.6433 9118081
18.6481 9120961
18.6525 9123841
18.6577 9126721
18.6624 9129601
18.6672 9132481
18.6708 9135361
18.676 9138241
18.6792 9141121
18.6836 9144001
18.6883 9146881
18.6915 9149761
18.6947 9152641
18.6999 9155521
18.7043 9158401
18.7099 9161281
18.713 9164161
18.7178 9167041
18.7222 9169921
18.7262 9172801
18.731 9175681
18.7342 9178561
18.7381 9181441
18.7421 9184321
18.7469 9187201
18.7533 9190081
18.7577 9192961
18.7616 9195841
18.7664 9198721
18.7716 9201601
18.7752 9204481
18.7792 9207361
18.784 9210241
18.7879 9213121
18.7911 9216001
18.7959 9218881
18.7999 9221761
18.8043 9224641
18.8098 9227521
18.8146 9230401
18.819 9233281
18.8238 9236161
18.8282 9239041
18.833 9241921
18.8365 9244801
18.8421 9247681
18.8465 9250561
18.8501 9253441
18.8553 9256321
18.86 9259201
18.8632 9262081
18.8676 9264961
18.872 9267841
18.8772 9270721
18.882 9273601
18.8867 9276481
18.8903 9279361
18.8955 9282241
18.8987 9285121
18.9035 9288001
18.9079 9290881
18.9114 9293761
18.9154 9296641
18.9206 9299521
18.9254 9302401
18.929 9305281
18.933 9308161
18.9373 9311041
18.9425 9313921
18.9461 9316801
18.9505 9319681
18.9541 9322561
18.9581 9325441
18.9624 9328321
18.9668 9331201
18.9736 9334081
18.9776 9336961
18.9828 9339841
18.9867 9342721
18.9919 9345601
18.9955 9348481
18.9999 9351361
19.0047 9354241
19.009 9357121
19.0122 9360001
19.0162 9362881
19.0206 9365761
19.0246 9368641
19.0302 9371521
19.0341 9374401
19.0389 9377281
19.0433 9380161
19.0477 9383041
19.0521 9385921
19.0561 9388801
19.0616 9391681
19.0668 9394561
19.0704 9397441
19.076 9400321
19.0804 9403201
19.0839 9406081
19.0883 9408961
19.0927 9411841
19.0975 9414721
19.1019 9417601
19.1071 9420481
19.1106 9423361
19.1158 9426241
19.119 9429121
19.1242 9432001
19.1286 9434881
19.1326 9437761
19.1365 9440641
19.1421 9443521
19.1465 9446401
19.1501 9449281
19.1541 9452161
19.1584 9455041
19.1636 9457921
19.1672 9460801
19.1716 9463681
19.1752 9466561
19.1792 9469441
19.1835 9472321
19.1879 9475201
19.1947 9478081
19.1987 9480961
19.2039 9483841
19.2078 9486721
19.213 9489601
19.2166 9492481
19.2206 9495361
19.2258 9498241
19.2298 9501121
19.2333 9504001
19.2373 9506881
19.2417 9509761
19.2457 9512641
19.2513 9515521
19.2553 9518401
19.26 9521281
19.2644 9524161
19.2688 9527041
19.2732 9529921
19.2772 9532801
19.2827 9535681
19.2879 9538561
19.2915 9541441
19.2971 9544321
19.3015 9547201
19.3051 9550081
19.3094 9552961
19.3138 9555841
19.3186 9558721
19.323 9561601
19.3282 9564481
19.3318 9567361
19.3369 9570241
19.3401 9573121
19.3453 9576001
19.3497 9578881
19.3537 9581761
19.3576 9584641
19.3632 9587521
19.3676 9590401
19.3712 9593281
19.3752 9596161
19.378 9599041
19.3812 9601921
19.3859 9604801
19.3895 9607681
19.3939 9610561
19.3975 9613441
19.4015 9616321
19.4059 9619201
19.4102 9622081
19.417 9624961
19.421 9627841
19.4262 9630721
19.4302 9633601
19.4353 9636481
19.4389 9639361
19.4429 9642241
19.4481 9645121
19.4521 9648001
19.4557 9650881
19.4596 9653761
19.464 9656641
19.468 9659521
19.4736 9662401
19.4776 9665281
19.4823 9668161
19.4867 9671041
19.4911 9673921
19.4955 9676801
19.4995 9679681
19.5051 9682561
19.5102 9685441
19.5138 9688321
19.5194 9691201
19.5238 9694081
19.5274 9696961
19.5317 9699841
19.5361 9702721
19.5409 9705601
19.5453 9708481
19.5505 9711361
19.5541 9714241
19.5592 9717121
19.5624 9720001
19.5676 9722881
19.572 9725761
19.576 9728641
19.58 9731521
19.5855 9734401
19.5899 9737281
19.5935 9740161
19.5975 9743041
19.6007 9745921
19.6039 9748801
19.6082 9751681
19.6118 9754561
19.6162 9757441
19.6198 9760321
19.6238 9763201
19.6282 9766081
19.6325 9768961
19.6393 9771841
19.6433 9774721
19.6485 9777601
19.6525 9780481
19.6576 9783361
19.6612 9786241
19.6652 9789121
19.6704 9792001
19.6744 9794881
19.678 9797761
19.6819 9800641
19.6863 9803521
19.6903 9806401
19.6959 9809281
19.6999 9812161
19.7047 9815041
19.709 9817921
19.7134 9820801
19.7178 9823681
19.7218 9826561
19.7274 9829441
19.7325 9832321
19.7361 9835201
19.7417 9838081
19.7461 9840961
19.7497 9843841
19.7541 9846721
19.7584 9849601
19.7632 9852481
19.7676 9855361
19.7728 9858241
19.7764 9861121
19.7815 9864001
19.7847 9866881
19.7899 9869761
19.7943 9872641
19.7983 9875521
19.8023 9878401
19.8078 9881281
19.8122 9884161
19.8158 9887041
19.8198 9889921
19.823 9892801
19.8262 9895681
19.8305 9898561
19.8337 9901441
19.8373 9904321
19.8409 9907201
19.8449 9910081
19.8493 9912961
19.8537 9915841
19.8604 9918721
19.8644 9921601
19.8696 9924481
19.8736 9927361
19.8788 9930241
19.8823 9933121
19.8863 9936001
19.8915 9938881
19.8955 9941761
19.8991 9944641
19.9031 9947521
19.9074 9950401
19.9114 9953281
19.917 9956161
19.921 9959041
19.925 9961921
19.9282 9964801
19.9313 9967681
19.9341 9970561
19.9373 9973441
19.9413 9976321
19.9449 9979201
19.9477 9982081
19.9517 9984961
19.9548 9987841
19.9576 9990721
19.9604 9993601
19.9644 9996481
19.9684 9999361
19.9725 10002241
19.9777 10005121
19.9818 10008001
19.9867 10010881
19.9896 10013761
19.9958 10016641
20.0001 10019521
20.0053 10022401
20.0097 10025281
20.0157 10028161
20.0201 10031041
20.0244 10033921
20.0288 10036801
20.0312 10039681
20.034 10042561
20.0376 10045441
20.04 10048321
20.0428 10051201
20.0464 10054081
20.0511 10056961
20.0555 10059841
20.0591 10062721
20.0656 10065601
20.0693 10068481
20.0745 10071361
20.0787 10074241
20.0836 10077121
20.0872 10080001
20.0912 10082881
20.0968 10085761
20.1004 10088641
20.1042 10091521
20.108 10094401
20.1123 10097281
20.1165 10100161
20.1222 10103041
20.1265 10105921
20.1301 10108801
20.133 10111681
20.1365 10114561
20.139 10117441
20.1422 10120321
20.1466 10123201
20.1506 10126081
20.1538 10128961
20.1578 10131841
20.1618 10134721
20.1649 10137601
20.1681 10140481
20.1729 10143361
20.1773 10146241
20.1813 10149121
20.1861 10152001
20.1892 10154881
20.1928 10157761
20.1956 10160641
20.2016 10163521
20.2054 10166401
20.2106 10169281
20.215 10172161
20.221 10175041
20.225 10177921
20.2297 10180801
20.2341 10183681
20.2365 10186561
20.2389 10189441
20.2425 10192321
20.2449 10195201
20.2477 10198081
20.2512 10200961
20.256 10203841
20.2604 10206721
20.2644 10209601
20.271 10212481
20.2746 10215361
20.2802 10218241
20.283 10221121
20.2854 10224001
20.2897 10226881
20.2933 10229761
20.2975 10232641
20.3033 10235521
20.3073 10238401
20.3121 10241281
20.3157 10244161
20.3201 10247041
20.3248 10249921
20.3308 10252801
20.3352 10255681
20.3384 10258561
20.3412 10261441
20.3444 10264321
20.3468 10267201
20.3499 10270081
20.3531 10272961
20.3567 10275841
20.3599 10278721
20.3642 10281601
20.3684 10284481
20.371 10287361
20.3742 10290241
20.3791 10293121
20.3839 10296001
20.3874 10298881
20.3921 10301761
20.3955 10304641
20.3995 10307521
20.402 10310401
20.4081 10313281
20.4125 10316161
20.4184 10319041
20.4228 10321921
20.4292 10324801
20.4336 10327681
20.4372 10330561
20.4404 10333441
20.4427 10336321
20.4451 10339201
20.449 10342081
20.4518 10344961
20.4549 10347841
20.4585 10350721
20.4633 10353601
20.4685 10356481
20.4729 10359361
20.4792 10362241
20.4832 10365121
20.4888 10368001
20.4912 10370881
20.4936 10373761
20.4968 10376641
20.4996 10379521
20.5036 10382401
20.5094 10385281
20.5138 10388161
20.5186 10391041
20.5222 10393921
20.5261 10396801
20.5309 10399681
20.5369 10402561
20.5413 10405441
20.5449 10408321
20.5476 10411201
20.5508 10414081
20.554 10416961
20.5572 10419841
20.5612 10422721
20.5644 10425601
20.5684 10428481
20.5727 10431361
20.5775 10434241
20.5815 10437121
20.5839 10440001
20.5891 10442881
20.5927 10445761
20.5951 10448641
20.599 10451521
20.6026 10454401
20.6066 10457281
20.6098 10460161
20.6154 10463041
20.6198 10465921
20.6265 10468801
20.6313 10471681
20.6373 10474561
20.6421 10477441
20.6445 10480321
20.6468 10483201
20.6492 10486081
20.6516 10488961
20.6552 10491841
20.6578 10494721
20.6612 10497601
20.6647 10500481
20.6696 10503361
20.6746 10506241
20.679 10509121
20.6853 10512001
20.6895 10514881
20.6949 10517761
20.6977 10520641
20.7001 10523521
20.7037 10526401
20.7065 10529281
20.7108 10532161
20.7172 10535041
20.7212 10537921
20.7264 10540801
20.7292 10543681
20.734 10546561
20.7383 10549441
20.7443 10552321
20.7467 10555201
20.7503 10558081
20.7539 10560961
20.7571 10563841
20.7606 10566721
20.7642 10569601
20.7686 10572481
20.7722 10575361
20.7766 10578241
20.781 10581121
20.7865 10584001
20.7897 10586881
20.7921 10589761
20.7953 10592641
20.7981 10595521
20.8005 10598401
20.8044 10601281
20.8078 10604161
20.8115 10607041
20.815 10609921
20.8203 10612801
20.8246 10615681
20.8317 10618561
20.8365 10621441
20.8426 10624321
20.8478 10627201
20.8502 10630081
20.8526 10632961
20.8558 10635841
20.8585 10638721
20.8621 10641601
20.8653 10644481
20.8689 10647361
20.8725 10650241
20.8773 10653121
20.882 10656001
20.8864 10658881
20.8928 10661761
20.8968 10664641
20.9024 10667521
20.9052 10670401
20.9075 10673281
20.9111 10676161
20.9139 10679041
20.9183 10681921
20.9239 10684801
20.9291 10687681
20.9342 10690561
20.9366 10693441
20.9402 10696321
20.9438 10699201
20.9493 10702081
20.9517 10704961
20.9552 10707841
20.9588 10710721
20.962 10713601
20.966 10716481
20.9692 10719361
20.9735 10722241
20.9771 10725121
20.9815 10728001
20.9859 10730881
20.9919 10733761
20.9947 10736641
20.9975 10739521
21.0015 10742401
21.0046 10745281
21.0074 10748161
21.011 10751041
21.015 10753921
21.019 10756801
21.0222 10759681
21.0273 10762561
21.0317 10765441
21.0385 10768321
21.0433 10771201
21.0493 10774081
21.0548 10776961
21.058 10779841
21.0604 10782721
21.0632 10785601
21.0668 10788481
21.07 10791361
21.0736 10794241
21.0775 10797121
21.0815 10800001
21.0851 10802881
21.0891 10805761
21.0927 10808641
21.0977 10811521
21.1018 10814401
21.1073 10817281
21.1102 10820161
21.1126 10823041
21.1162 10825921
21.1188 10828801
21.1233 10831681
21.1288 10834561
21.1344 10837441
21.1392 10840321
21.142 10843201
21.146 10846081
21.1499 10848961
21.1559 10851841
21.1591 10854721
21.1631 10857601
21.1667 10860481
21.1699 10863361
21.1723 10866241
21.1758 10869121
21.179 10872001
21.1834 10874881
21.187 10877761
21.191 10880641
21.1962 10883521
21.2013 10886401
21.2053 10889281
21.2085 10892161
21.2125 10895041
21.2161 10897921
21.2193 10900801
21.2228 10903681
21.2264 10906561
21.2304 10909441
21.234 10912321
21.2372 10915201
21.2404 10918081
21.2456 10920961
21.2494 10923841
21.2554 10926721
21.2612 10929601
21.2646 10932481
21.267 10935361
21.2693 10938241
21.2731 10941121
21.2766 10944001
21.2802 10946881
21.2837 10949761
21.2877 10952641
21.2917 10955521
21.296 10958401
21.3 10961281
21.3052 10964161
21.31 10967041
21.3156 10969921
21.3188 10972801
21.3215 10975681
21.3251 10978561
21.3279 10981441
21.3323 10984321
21.3379 10987201
21.3435 10990081
21.3482 10992961
21.3514 10995841
21.355 10998721
21.3598 11001601
21.3658 11004481
21.3693 11007361
21.3733 11010241
21.3773 11013121
21.3801 11016001
21.3825 11018881
21.3849 11021761
21.3877 11024641
21.3917 11027521
21.3948 11030401
21.398 11033281
21.4022 11036161
21.4078 11039041
21.4114 11041921
21.4156 11044801
21.4192 11047681
21.4228 11050561
21.426 11053441
21.4297 11056321
21.433 11059201
21.437 11062081
21.4405 11064961
21.4445 11067841
21.4477 11070721
21.4537 11073601
21.4581 11076481
21.4641 11079361
21.4692 11082241
21.4728 11085121
21.4756 11088001
21.4784 11090881
21.4828 11093761
21.4852 11096641
21.4896 11099521
21.4935 11102401
21.4979 11105281
21.5023 11108161
21.5067 11111041
21.5107 11113921
21.5158 11116801
21.5206 11119681
21.5266 11122561
21.5294 11125441
21.5318 11128321
21.5346 11131201
21.537 11134081
21.5401 11136961
21.5445 11139841
21.5495 11142721
21.5543 11145601
21.5576 11148481
21.5616 11151361
21.566 11154241
21.5722 11157121
21.5758 11160001
21.5794 11162881
21.5839 11165761
21.5866 11168641
21.589 11171521
21.5922 11174401
21.5954 11177281
21.5998 11180161
21.603 11183041
21.6058 11185921
21.6105 11188801
21.6169 11191681
21.6209 11194561
21.6253 11197441
21.6293 11200321
21.6329 11203201
21.636 11206081
21.64 11208961
21.6432 11211841
21.6476 11214721
21.6512 11217601
21.6548 11220481
21.6584 11223361
21.6643 11226241
21.6683 11229121
21.6747 11232001
21.6799 11234881
21.6827 11237761
21.6851 11240641
21.6874 11243521
21.691 11246401
21.6934 11249281
21.6966 11252161
21.6998 11255041
21.7034 11257921
21.7078 11260801
21.7121 11263681
21.7157 11266561
21.7213 11269441
21.7261 11272321
21.7321 11275201
21.7345 11278081
21.7377 11280961
21.7404 11283841
21.7432 11286721
21.7468 11289601
21.7516 11292481
21.7564 11295361
21.7616 11298241
21.7652 11301121
21.7691 11304001
21.7743 11306881
21.7799 11309761
21.7843 11312641
21.7879 11315521
21.7926 11318401
21.7954 11321281
21.7978 11324161
21.801 11327041
21.8046 11329921
21.809 11332801
21.813 11335681
21.8161 11338561
21.8205 11341441
21.8269 11344321
21.8309 11347201
21.8341 11350081
21.8381 11352961
21.8408 11355841
21.8436 11358721
21.8472 11361601
21.85 11364481
21.8544 11367361
21.8584 11370241
21.8616 11373121
21.8651 11376001
21.8707 11378881
21.8747 11381761
21.8811 11384641
21.8859 11387521
21.8887 11390401
21.8918 11393281
21.8946 11396161
21.8982 11399041
21.9014 11401921
21.905 11404801
21.909 11407681
21.913 11410561
21.9169 11413441
21.9217 11416321
21.9253 11419201
21.9313 11422081
21.9357 11424961
21.942 11427841
21.9444 11430721
21.9476 11433601
21.9512 11436481
21.954 11439361
21.958 11442241
21.9624 11445121
21.9675 11448001
21.9723 11450881
21.9759 11453761
21.9795 11456641
21.9835 11459521
21.9883 11462401
21.9914 11465281
21.9954 11468161
22.0002 11471041
22.0038 11473921
22.0062 11476801
22.009 11479681
22.013 11482561
22.0177 11485441
22.0213 11488321
22.0245 11491201
22.0289 11494081
22.0345 11496961
22.0385 11499841
22.0416 11502721
22.044 11505601
22.048 11508481
22.0516 11511361
22.0548 11514241
22.0584 11517121
22.0616 11520001
22.0663 11522881
22.0707 11525761
22.0747 11528641
22.0783 11531521
22.0839 11534401
22.0875 11537281
22.0938 11540161
22.0982 11543041
22.1018 11545921
22.1046 11548801
22.1078 11551681
22.1118 11554561
22.1149 11557441
22.1185 11560321
22.1233 11563201
22.1277 11566081
22.1309 11568961
22.1345 11571841
22.1377 11574721
22.1424 11577601
22.1468 11580481
22.1532 11583361
22.1556 11586241
22.1592 11589121
22.1624 11592001
22.1655 11594881
22.1699 11597761
22.1743 11600641
22.1791 11603521
22.1835 11606401
22.1875 11609281
22.1914 11612161
22.1954 11615041
22.1998 11617921
22.2034 11620801
22.2078 11623681
22.2126 11626561
22.2165 11629441
22.2193 11632321
22.2221 11635201
22.2269 11638081
22.2317 11640961
22.2361 11643841
22.2384 11646721
22.2432 11649601
22.2484 11652481
22.2524 11655361
22.256 11658241
22.2584 11661121
22.2628 11664001
22.2667 11666881
22.2703 11669761
22.2743 11672641
22.2771 11675521
22.2819 11678401
22.2855 11681281
22.289 11684161
22.2922 11687041
22.2974 11689921
22.301 11692801
22.3066 11695681
22.3114 11698561
22.3153 11701441
22.3181 11704321
22.3217 11707201
22.3257 11710081
22.3293 11712961
22.3325 11715841
22.3369 11718721
22.3412 11721601
22.3444 11724481
22.3484 11727361
22.3516 11730241
22.3564 11733121
22.3608 11736001
22.3671 11738881
22.3703 11741761
22.3739 11744641
22.3775 11747521
22.3807 11750401
22.3855 11753281
22.3898 11756161
22.3942 11759041
22.3982 11761921
22.4026 11764801
22.4066 11767681
22.4098 11770561
22.4145 11773441
22.4185 11776321
22.4233 11779201
22.4281 11782081
22.4325 11784961
22.4353 11787841
22.4384 11790721
22.442 11793601
22.446 11796481
22.45 11799361
22.4528 11802241
22.4572 11805121
22.4627 11808001
22.4667 11810881
22.4707 11813761
22.4731 11816641
22.4775 11819521
22.4819 11822401
22.4843 11825281
22.4886 11828161
22.4918 11831041
22.4962 11833921
22.4998 11836801
22.5034 11839681
22.507 11842561
22.5121 11845441
22.5157 11848321
22.5209 11851201
22.5253 11854081
22.5297 11856961
22.5333 11859841
22.5368 11862721
22.5412 11865601
22.5448 11868481
22.5484 11871361
22.5532 11874241
22.5572 11877121
22.5608 11880001
22.5643 11882881
22.5679 11885761
22.5727 11888641
22.5771 11891521
22.5831 11894401
22.587 11897281
22.5902 11900161
22.5934 11903041
22.5962 11905921
22.6006 11908801
22.605 11911681
22.6094 11914561
22.6129 11917441
22.6177 11920321
22.6217 11923201
22.6249 11926081
22.6297 11928961
22.6337 11931841
22.6384 11934721
22.6432 11937601
22.6476 11940481
22.65 11943361
22.654 11946241
22.6572 11949121
22.6611 11952001
22.6651 11954881
22.6691 11957761
22.6727 11960641
22.6783 11963521
22.6823 11966401
22.687 11969281
22.6894 11972161
22.6938 11975041
22.6978 11977921
22.701 11980801
22.7062 11983681
22.7094 11986561
22.7137 11989441
22.7177 11992321
22.7205 11995201
22.7245 11998081
22.7293 12000961
22.7333 12003841
22.7384 12006721
22.7424 12009601
22.7472 12012481
22.7504 12015361
22.7532 12018241
22.7576 12021121
22.7615 12024001
22.7655 12026881
22.7699 12029761
22.7739 12032641
22.7775 12035521
22.7811 12038401
22.7851 12041281
22.7898 12044161
22.7942 12047041
22.7998 12049921
22.8038 12052801
22.807 12055681
22.8102 12058561
22.8133 12061441
22.8173 12064321
22.8221 12067201
22.8265 12070081
22.8305 12072961
22.8349 12075841
22.8388 12078721
22.8424 12081601
22.8468 12084481
22.8512 12087361
22.8556 12090241
22.8607 12093121
22.8659 12096001
22.8687 12098881
22.8723 12101761
22.8763 12104641
22.8795 12107521
22.8835 12110401
22.8878 12113281
22.8918 12116161
22.8966 12119041
22.901 12121921
22.9054 12124801
22.9078 12127681
22.9113 12130561
22.9157 12133441
22.9189 12136321
22.9245 12139201
22.9277 12142081
22.9305 12144961
22.9341 12147841
22.938 12150721
22.9408 12153601
22.9448 12156481
22.9496 12159361
22.9536 12162241
22.9588 12165121
22.9627 12168001
22.9671 12170881
22.9703 12173761
22.9731 12176641
22.9779 12179521
22.9819 12182401
22.9854 12185281
22.9902 12188161
22.9942 12191041
22.9982 12193921
23.0018 12196801
23.0058 12199681
23.0109 12202561
23.0145 12205441
23.0205 12208321
23.0245 12211201
23.0281 12214081
23.0313 12216961
23.0344 12219841
23.0384 12222721
23.0432 12225601
23.048 12228481
23.052 12231361
23.056 12234241
23.0607 12237121
23.0643 12240001
23.0675 12242881
23.0719 12245761
23.0767 12248641
23.0811 12251521
23.0862 12254401
23.0898 12257281
23.093 12260161
23.0966 12263041
23.1006 12265921
23.1042 12268801
23.1086 12271681
23.1125 12274561
23.1169 12277441
23.1217 12280321
23.1261 12283201
23.1285 12286081
23.1321 12288961
23.1368 12291841
23.1404 12294721
23.1456 12297601
23.1488 12300481
23.152 12303361
23.1556 12306241
23.1599 12309121
23.1623 12312001
23.1663 12314881
23.1711 12317761
23.1755 12320641
23.1807 12323521
23.1846 12326401
23.189 12329281
23.1926 12332161
23.1954 12335041
23.2002 12337921
23.2042 12340801
23.2078 12343681
23.2125 12346561
23.2165 12349441
23.2205 12352321
23.2241 12355201
23.2281 12358081
23.2333 12360961
23.2368 12363841
23.2432 12366721
23.2468 12369601
23.2504 12372481
23.2544 12375361
23.2572 12378241
23.2607 12381121
23.2655 12384001
23.2703 12386881
23.2743 12389761
23.2787 12392641
23.2831 12395521
23.2862 12398401
23.2902 12401281
23.2942 12404161
23.299 12407041
23.303 12409921
23.3081 12412801
23.3117 12415681
23.3153 12418561
23.3189 12421441
23.3229 12424321
23.3265 12427201
23.3309 12430081
23.3348 12432961
23.3392 12435841
23.344 12438721
23.3484 12441601
23.3512 12444481
23.3544 12447361
23.3591 12450241
23.3627 12453121
23.3679 12456001
23.3711 12458881
23.3743 12461761
23.3779 12464641
23.3823 12467521
23.3846 12470401
23.3874 12473281
23.3922 12476161
23.3966 12479041
23.4018 12481921
23.4058 12484801
23.4101 12487681
23.4137 12490561
23.4165 12493441
23.4213 12496321
23.4253 12499201
23.4289 12502081
23.4336 12504961
23.4376 12507841
23.4416 12510721
23.4452 12513601
23.4492 12516481
23.4544 12519361
23.4579 12522241
23.4643 12525121
23.4679 12528001
23.4715 12530881
23.4755 12533761
23.4783 12536641
23.4819 12539521
23.4866 12542401
23.4914 12545281
23.4954 12548161
23.4998 12551041
23.5042 12553921
23.5073 12556801
23.5113 12559681
23.5153 12562561
23.5201 12565441
23.5241 12568321
23.5293 12571201
23.5328 12574081
23.5364 12576961
23.54 12579841
23.544 12582721
23.5476 12585601
23.552 12588481
23.556 12591361
23.5603 12594241
23.5651 12597121
23.5695 12600001
23.5723 12602881
23.5755 12605761
23.5803 12608641
23.5838 12611521
23.589 12614401
23.5922 12617281
23.5954 12620161
23.599 12623041
23.6034 12625921
23.6058 12628801
23.6085 12631681
23.6133 12634561
23.6177 12637441
23.6229 12640321
23.6269 12643201
23.6313 12646081
23.6348 12648961
23.6376 12651841
23.6424 12654721
23.6464 12657601
23.65 12660481
23.6548 12663361
23.6587 12666241
23.6627 12669121
23.6663 12672001
23.6703 12674881
23.6755 12677761
23.6791 12680641
23.6838 12683521
23.6866 12686401
23.6894 12689281
23.6922 12692161
23.6946 12695041
23.697 12697921
23.6994 12700801
23.7022 12703681
23.7054 12706561
23.7097 12709441
23.7137 12712321
23.7173 12715201
23.7213 12718081
23.7253 12720961
23.7297 12723841
23.7336 12726721
23.7384 12729601
23.7424 12732481
23.7464 12735361
23.7496 12738241
23.7536 12741121
23.7571 12744001
23.7599 12746881
23.7627 12749761
23.7659 12752641
23.7702 12755521
23.7744 12758401
23.778 12761281
23.7812 12764161
23.7855 12767041
23.7895 12769921
23.7947 12772801
23.7979 12775681
23.8015 12778561
23.8059 12781441
23.8102 12784321
23.8126 12787201
23.8158 12790081
23.8198 12792961
23.8238 12795841
23.8294 12798721
23.8326 12801601
23.8361 12804481
23.8397 12807361
23.8425 12810241
23.8473 12813121
23.8517 12816001
23.8549 12818881
23.8573 12821761
23.862 12824641
23.866 12827521
23.87 12830401
23.8732 12833281
23.8776 12836161
23.8824 12839041
23.8863 12841921
23.8907 12844801
23.8931 12847681
23.8967 12850561
23.8991 12853441
23.9023 12856321
23.9047 12859201
23.9071 12862081
23.9094 12864961
23.9118 12867841
23.916 12870721
23.9202 12873601
23.9242 12876481
23.9278 12879361
23.9322 12882241
23.9368 12885121
23.9408 12888001
23.9457 12890881
23.9497 12893761
23.9536 12896641
23.9568 12899521
23.9608 12902401
23.964 12905281
23.9676 12908161
23.9704 12911041
23.974 12913921
23.9783 12916801
23.9819 12919681
23.9847 12922561
23.9874 12925441
23.9916 12928321
23.9962 12931201
24.0009 12934081
24.0045 12936961
24.0077 12939841
24.0121 12942721
24.0165 12945601
24.0193 12948481
24.0221 12951361
24.0264 12954241
24.0305 12957121
24.0361 12960001
24.039 12962881
24.0422 12965761
24.046 12968641
24.0496 12971521
24.0539 12974401
24.0578 12977281
24.061 12980161
24.0634 12983041
24.0686 12985921
24.0722 12988801
24.0766 12991681
24.0798 12994561
24.0842 12997441
24.089 13000321
24.0929 13003201
24.0973 13006081
24.1001 13008961
24.1033 13011841
24.1061 13014721
24.1097 13017601
24.1125 13020481
24.1149 13023361
24.1176 13026241
24.1204 13029121
24.1244 13032001
24.1284 13034881
24.1316 13037761
24.1348 13040641
24.139 13043521
24.1446 13046401
24.1482 13049281
24.1526 13052161
24.1565 13055041
24.1609 13057921
24.1637 13060801
24.1677 13063681
24.1709 13066561
24.1745 13069441
24.1777 13072321
24.1816 13075201
24.1852 13078081
24.1884 13080961
24.1913 13083841
24.1941 13086721
24.1981 13089601
24.2022 13092481
24.207 13095361
24.211 13098241
24.2143 13101121
24.2184 13104001
24.2228 13106881
24.2264 13109761
24.2295 13112641
24.2335 13115521
24.2379 13118401
24.2435 13121281
24.2463 13124161
24.2495 13127041
24.2527 13129921
24.2566 13132801
24.2606 13135681
24.2646 13138561
24.2678 13141441
24.2702 13144321
24.2749 13147201
24.2785 13150081
24.2837 13152961
24.2868 13155841
24.2912 13158721
24.296 13161601
24.3 13164481
24.3036 13167361
24.3064 13170241
24.31 13173121
24.3127 13176001
24.3163 13178881
24.3195 13181761
24.3223 13184641
24.3251 13187521
24.3279 13190401
24.3319 13193281
24.3351 13196161
24.3386 13199041
24.3418 13201921
24.3454 13204801
24.3499 13207681
24.3538 13210561
24.3576 13213441
24.3618 13216321
24.3662 13219201
24.3698 13222081
24.3734 13224961
24.377 13227841
24.3809 13230721
24.3845 13233601
24.3885 13236481
24.3917 13239361
24.3949 13242241
24.3973 13245121
24.4009 13248001
24.4044 13250881
24.4092 13253761
24.414 13256641
24.4176 13259521
24.4204 13262401
24.4236 13265281
24.4287 13268161
24.4323 13271041
24.4351 13273921
24.4391 13276801
24.4439 13279681
24.4491 13282561
24.4527 13285441
24.4554 13288321
24.459 13291201
24.4626 13294081
24.4666 13296961
24.4702 13299841
24.4738 13302721
24.4766 13305601
24.4809 13308481
24.4845 13311361
24.4889 13314241
24.4921 13317121
24.4965 13320001
24.5013 13322881
24.5052 13325761
24.5092 13328641
24.5124 13331521
24.5156 13334401
24.5188 13337281
24.522 13340161
24.526 13343041
24.5291 13345921
24.5327 13348801
24.5351 13351681
24.5391 13354561
24.5419 13357441
24.5459 13360321
24.5495 13363201
24.553 13366081
24.557 13368961
24.5614 13371841
24.5646 13374721
24.5682 13377601
24.573 13380481
24.5774 13383361
24.5801 13386241
24.5837 13389121
24.5877 13392001
24.5913 13394881
24.5961 13397761
24.5993 13400641
24.6025 13403521
24.6056 13406401
24.6084 13409281
24.6124 13412161
24.6168 13415041
24.6216 13417921
24.6244 13420801
24.6275 13423681
24.6311 13426561
24.6355 13429441
24.6387 13432321
24.6411 13435201
24.6447 13438081
24.6488 13440961
24.654 13443841
24.6579 13446721
24.6611 13449601
24.6647 13452481
24.6683 13455361
24.6719 13458241
24.6763 13461121
24.6795 13464001
24.6822 13466881
24.6866 13469761
24.6906 13472641
24.6946 13475521
24.6978 13478401
24.7022 13481281
24.7073 13484161
24.7105 13487041
24.7151 13489921
24.7179 13492801
24.7222 13495681
24.7254 13498561
24.7286 13501441
24.7326 13504321
24.7354 13507201
24.7398 13510081
24.7426 13512961
24.7449 13515841
24.7485 13518721
24.7509 13521601
24.7553 13524481
24.7589 13527361
24.7625 13530241
24.7665 13533121
24.7708 13536001
24.774 13538881
24.7776 13541761
24.782 13544641
24.786 13547521
24.7888 13550401
24.7924 13553281
24.7951 13556161
24.7991 13559041
24.8035 13561921
24.8063 13564801
24.8103 13567681
24.8131 13570561
24.8163 13573441
24.8198 13576321
24.8246 13579201
24.829 13582081
24.8318 13584961
24.8354 13587841
24.8386 13590721
24.8429 13593601
24.8461 13596481
24.8493 13599361
24.8533 13602241
24.8569 13605121
24.8621 13608001
24.8661 13610881
24.87 13613761
24.8732 13616641
24.8768 13619521
24.8808 13622401
24.8848 13625281
24.8884 13628161
24.8908 13631041
24.8951 13633921
24.8991 13636801
24.9031 13639681
24.9063 13642561
24.9107 13645441
24.9155 13648321
24.919 13651201
24.9234 13654081
24.9262 13656961
24.9306 13659841
24.9334 13662721
24.937 13665601
24.9398 13668481
24.9433 13671361
24.9473 13674241
24.9501 13677121
24.9529 13680001
24.9565 13682881
24.9593 13685761
24.9629 13688641
24.9665 13691521
24.97 13694401
24.9744 13697281
24.9784 13700161
24.9816 13703041
24.9856 13705921
24.9904 13708801
24.9943 13711681
24.9975 13714561
25.0011 13717441
25.0047 13720321
25.0079 13723201
25.0127 13726081
25.0159 13728961
25.0194 13731841
25.0226 13734721
25.0258 13737601
25.029 13740481
25.0342 13743361
25.0378 13746241
25.041 13749121
25.0445 13752001
25.0477 13754881
25.0521 13757761
25.0557 13760641
25.0597 13763521
25.0633 13766401
25.0672 13769281
25.0724 13772161
25.076 13775041
25.08 13777921
25.0832 13780801
25.0864 13783681
25.09 13786561
25.0939 13789441
25.0971 13792321
25.0999 13795201
25.1035 13798081
25.1079 13800961
25.1119 13803841
25.1155 13806721
25.119 13809601
25.1234 13812481
25.127 13815361
25.1314 13818241
25.135 13821121
25.1394 13824001
25.1421 13826881
25.1465 13829761
25.1497 13832641
25.1533 13835521
25.1569 13838401
25.1601 13841281
25.1633 13844161
25.1668 13847041
25.1696 13849921
25.1732 13852801
25.1768 13855681
25.1804 13858561
25.184 13861441
25.1876 13864321
25.1911 13867201
25.1943 13870081
25.1991 13872961
25.2035 13875841
25.2071 13878721
25.2111 13881601
25.2151 13884481
25.2182 13887361
25.223 13890241
25.2262 13893121
25.2298 13896001
25.2334 13898881
25.2358 13901761
25.2386 13904641
25.2437 13907521
25.2473 13910401
25.2501 13913281
25.2537 13916161
25.2569 13919041
25.2613 13921921
25.2649 13924801
25.2688 13927681
25.272 13930561
25.276 13933441
25.2816 13936321
25.2848 13939201
25.2892 13942081
25.2927 13944961
25.2963 13947841
25.2999 13950721
25.3043 13953601
25.3075 13956481
25.3107 13959361
25.3139 13962241
25.3174 13965121
25.3222 13968001
25.3254 13970881
25.329 13973761
25.3326 13976641
25.3366 13979521
25.3409 13982401
25.3441 13985281
25.3485 13988161
25.3517 13991041
25.3565 13993921
25.3597 13996801
25.3633 13999681
25.3668 14002561
25.3708 14005441
25.3744 14008321
25.3784 14011201
25.3816 14014081
25.3852 14016961
25.388 14019841
25.3915 14022721
25.3943 14025601
25.3983 14028481
25.4019 14031361
25.4051 14034241
25.4095 14037121
25.4139 14040001
25.4174 14042881
25.4218 14045761
25.425 14048641
25.429 14051521
25.4338 14054401
25.4366 14057281
25.4401 14060161
25.4441 14063041
25.4469 14065921
25.4505 14068801
25.4553 14071681
25.4593 14074561
25.4617 14077441
25.4652 14080321
25.4684 14083201
25.4728 14086081
25.4764 14088961
25.4804 14091841
25.4836 14094721
25.4872 14097601
25.4927 14100481
25.4955 14103361
25.4999 14106241
25.5035 14109121
25.5075 14112001
25.5115 14114881
25.5154 14117761
25.5186 14120641
25.5222 14123521
25.5262 14126401
25.5302 14129281
25.535 14132161
25.5382 14135041
25.5409 14137921
25.5441 14140801
25.5481 14143681
25.5521 14146561
25.5549 14149441
25.5597 14152321
25.5625 14155201
25.5672 14158081
25.5708 14160961
25.574 14163841
25.578 14166721
25.582 14169601
25.5852 14172481
25.5895 14175361
25.5923 14178241
25.5963 14181121
25.5999 14184001
25.6039 14186881
25.6067 14189761
25.6111 14192641
25.615 14195521
25.6186 14198401
25.6218 14201281
25.6258 14204161
25.6286 14207041
25.631 14209921
25.6354 14212801
25.6389 14215681
25.6429 14218561
25.6473 14221441
25.6501 14224321
25.6537 14227201
25.6581 14230081
25.6613 14232961
25.6644 14235841
25.6692 14238721
25.6732 14241601
25.6756 14244481
25.68 14247361
25.6832 14250241
25.688 14253121
25.6919 14256001
25.6959 14258881
25.6991 14261761
25.7019 14264641
25.7067 14267521
25.7099 14270401
25.7138 14273281
25.7178 14276161
25.7214 14279041
25.7254 14281921
25.7294 14284801
25.733 14287681
25.7366 14290561
25.7401 14293441
25.7445 14296321
25.7489 14299201
25.7521 14302081
25.7553 14304961
25.7589 14307841
25.7632 14310721
25.7672 14313601
25.7696 14316481
25.7744 14319361
25.7776 14322241
25.7816 14325121
25.7852 14328001
25.7883 14330881
25.7927 14333761
25.7967 14336641
25.7999 14339521
25.8039 14342401
25.8071 14345281
25.8111 14348161
25.8146 14351041
25.8182 14353921
25.8214 14356801
25.8258 14359681
25.8302 14362561
25.8338 14365441
25.837 14368321
25.8417 14371201
25.8449 14374081
25.8473 14376961
25.8513 14379841
25.8549 14382721
25.8589 14385601
25.8628 14388481
25.866 14391361
25.8692 14394241
25.8736 14397121
25.8768 14400001
25.8804 14402881
25.8848 14405761
25.8883 14408641
25.8915 14411521
25.8959 14414401
25.8991 14417281
25.9039 14420161
25.9075 14423041
25.9119 14425921
25.9154 14428801
25.9182 14431681
25.923 14434561
25.9262 14437441
25.9298 14440321
25.9338 14443201
25.9373 14446081
25.9409 14448961
25.9445 14451841
25.9481 14454721
25.9517 14457601
25.9557 14460481
25.9597 14463361
25.9648 14466241
25.9676 14469121
25.9716 14472001
25.9748 14474881
25.9796 14477761
25.9832 14480641
25.986 14483521
25.9903 14486401
25.9947 14489281
25.9983 14492161
26.0023 14495041
26.0059 14497921
26.0095 14500801
26.0134 14503681
26.0166 14506561
26.021 14509441
26.0234 14512321
26.0278 14515201
26.0314 14518081
26.0346 14520961
26.0377 14523841
26.0421 14526721
26.0469 14529601
26.0509 14532481
26.0537 14535361
26.0585 14538241
26.062 14541121
26.0648 14544001
26.0684 14546881
26.0724 14549761
26.0764 14552641
26.0792 14555521
26.0828 14558401
26.086 14561281
26.0899 14564161
26.0935 14567041
26.0967 14569921
26.1007 14572801
26.1039 14575681
26.1075 14578561
26.1118 14581441
26.1142 14584321
26.1194 14587201
26.123 14590081
26.1274 14592961
26.1314 14595841
26.135 14598721
26.1393 14601601
26.1425 14604481
26.1465 14607361
26.1505 14610241
26.1541 14613121
26.1581 14616001
26.1616 14618881
26.1652 14621761
26.1684 14624641
26.1728 14627521
26.1764 14630401
26.1808 14633281
26.184 14636161
26.1875 14639041
26.1911 14641921
26.1959 14644801
26.1991 14647681
26.2019 14650561
26.2067 14653441
26.211 14656321
26.2146 14659201
26.219 14662081
26.223 14664961
26.2266 14667841
26.2302 14670721
26.2338 14673601
26.2377 14676481
26.2405 14679361
26.2449 14682241
26.2485 14685121
26.2513 14688001
26.2545 14690881
26.2585 14693761
26.2628 14696641
26.2664 14699521
26.27 14702401
26.2748 14705281
26.278 14708161
26.2812 14711041
26.2848 14713921
26.2887 14716801
26.2927 14719681
26.2959 14722561
26.2999 14725441
26.3035 14728321
26.3079 14731201
26.3114 14734081
26.315 14736961
26.319 14739841
26.3222 14742721
26.3262 14745601
26.3302 14748481
26.333 14751361
26.3377 14754241
26.3413 14757121
26.3449 14760001
26.3485 14762881
26.3525 14765761
26.3565 14768641
26.3604 14771521
26.364 14774401
26.3688 14777281
26.372 14780161
26.3756 14783041
26.3792 14785921
26.3836 14788801
26.3871 14791681
26.3911 14794561
26.3947 14797441
26.3987 14800321
26.4027 14803201
26.4063 14806081
26.4099 14808961
26.4138 14811841
26.417 14814721
26.4202 14817601
26.4238 14820481
26.4282 14823361
26.4318 14826241
26.4361 14829121
26.4397 14832001
26.4441 14834881
26.4477 14837761
26.4509 14840641
26.4553 14843521
26.4585 14846401
26.4628 14849281
26.4664 14852161
26.4692 14855041
26.4728 14857921
26.4772 14860801
26.482 14863681
26.4859 14866561
26.4895 14869441
26.4935 14872321
26.4963 14875201
26.5003 14878081
26.5035 14880961
26.5071 14883841
26.511 14886721
26.5146 14889601
26.519 14892481
26.5222 14895361
26.5266 14898241
26.529 14901121
26.5322 14904001
26.5353 14906881
26.5397 14909761
26.5429 14912641
26.5473 14915521
26.5509 14918401
26.5541 14921281
26.5585 14924161
26.5624 14927041
26.566 14929921
26.57 14932801
26.574 14935681
26.5776 14938561
26.5816 14941441
26.5843 14944321
26.5891 14947201
26.5923 14950081
26.5959 14952961
26.5995 14955841
26.6043 14958721
26.6079 14961601
26.6114 14964481
26.615 14967361
26.619 14970241
26.6234 14973121
26.627 14976001
26.6306 14978881
26.6345 14981761
26.6381 14984641
26.6413 14987521
26.6453 14990401
26.6497 14993281
26.6529 14996161
26.6581 14999041
26.6621 15001921
26.6656 15004801
26.6696 15007681
26.6724 15010561
26.6768 15013441
26.68 15016321
26.6843 15019201
26.6879 15022081
26.6907 15024961
26.6943 15027841
26.6987 15030721
26.7039 15033601
26.7079 15036481
26.711 15039361
26.7154 15042241
26.7182 15045121
26.7222 15048001
26.7258 15050881
26.7294 15053761
26.733 15056641
26.7365 15059521
26.7409 15062401
26.7445 15065281
26.7481 15068161
26.7509 15071041
26.7545 15073921
26.7577 15076801
26.7616 15079681
26.7648 15082561
26.7692 15085441
26.7728 15088321
26.776 15091201
26.7808 15094081
26.7843 15096961
26.7883 15099841
26.7927 15102721
26.7963 15105601
26.7999 15108481
26.8039 15111361
26.8067 15114241
26.8114 15117121
26.815 15120001
26.8182 15122881
26.8218 15125761
26.8266 15128641
26.8302 15131521
26.8337 15134401
26.8377 15137281
26.8421 15140161
26.8457 15143041
26.8493 15145921
26.8529 15148801
26.8573 15151681
26.8604 15154561
26.8636 15157441
26.8676 15160321
26.8724 15163201
26.8756 15166081
26.8804 15168961
26.8843 15171841
26.8879 15174721
26.8919 15177601
26.8947 15180481
26.8991 15183361
26.9023 15186241
26.9067 15189121
26.9102 15192001
26.9138 15194881
26.9166 15197761
26.9214 15200641
26.9258 15203521
26.9302 15206401
26.9333 15209281
26.9373 15212161
26.9405 15215041
26.9449 15217921
26.9481 15220801
26.9517 15223681
26.9553 15226561
26.9588 15229441
26.9632 15232321
26.9668 15235201
26.9704 15238081
26.9732 15240961
26.9768 15243841
26.98 15246721
26.9827 15249601
26.9859 15252481
26.9903 15255361
26.9939 15258241
26.9971 15261121
27.0019 15264001
27.0055 15266881
27.0094 15269761
27.0138 15272641
27.0174 15275521
27.021 15278401
27.025 15281281
27.0278 15284161
27.0325 15287041
27.0361 15289921
27.0393 15292801
27.0429 15295681
27.0477 15298561
27.0513 15301441
27.0549 15304321
27.0588 15307201
27.0636 15310081
27.0668 15312961
27.0704 15315841
27.074 15318721
27.0784 15321601
27.0816 15324481
27.0847 15327361
27.0891 15330241
27.0935 15333121
27.0967 15336001
27.1015 15338881
27.1055 15341761
27.109 15344641
27.113 15347521
27.1158 15350401
27.1202 15353281
27.1234 15356161
27.1278 15359041
27.1314 15361921
27.1349 15364801
27.1377 15367681
27.1425 15370561
27.1469 15373441
27.1513 15376321
27.1545 15379201
27.1584 15382081
27.1616 15384961
27.166 15387841
27.1692 15390721
27.1728 15393601
27.1764 15396481
27.18 15399361
27.1843 15402241
27.1879 15405121
27.1915 15408001
27.1943 15410881
27.1979 15413761
27.2011 15416641
27.2039 15419521
27.207 15422401
27.2114 15425281
27.215 15428161
27.2182 15431041
27.223 15433921
27.2266 15436801
27.2306 15439681
27.2349 15442561
27.2385 15445441
27.2421 15448321
27.2461 15451201
27.2489 15454081
27.2537 15456961
27.2572 15459841
27.2604 15462721
27.2644 15465601
27.2688 15468481
27.2724 15471361
27.276 15474241
27.28 15477121
27.2847 15480001
27.2879 15482881
27.2915 15485761
27.2951 15488641
27.2995 15491521
27.3027 15494401
27.3059 15497281
27.3086 15500161
27.3114 15503041
27.3142 15505921
27.3174 15508801
27.321 15511681
27.325 15514561
27.3286 15517441
27.3313 15520321
27.3361 15523201
27.3393 15526081
27.3433 15528961
27.3469 15531841
27.3505 15534721
27.3537 15537601
27.358 15540481
27.362 15543361
27.3656 15546241
27.3684 15549121
27.3708 15552001
27.3732 15554881
27.3764 15557761
27.3796 15560641
27.3831 15563521
27.3867 15566401
27.3911 15569281
27.3955 15572161
27.3995 15575041
27.4031 15577921
27.4062 15580801
27.4098 15583681
27.4134 15586561
27.4166 15589441
27.4206 15592321
27.423 15595201
27.4254 15598081
27.4278 15600961
27.4302 15603841
27.4345 15606721
27.4389 15609601
27.4421 15612481
27.4465 15615361
27.4505 15618241
27.4545 15621121
27.4592 15624001
27.4624 15626881
27.468 15629761
27.472 15632641
27.4756 15635521
27.4792 15638401
27.4828 15641281
27.4855 15644161
27.4895 15647041
27.4931 15649921
27.4979 15652801
27.5011 15655681
27.505 15658561
27.509 15661441
27.513 15664321
27.517 15667201
27.5202 15670081
27.5234 15672961
27.5266 15675841
27.5294 15678721
27.5329 15681601
27.5361 15684481
27.5397 15687361
27.5421 15690241
27.5449 15693121
27.5493 15696001
27.5525 15698881
27.5568 15701761
27.5608 15704641
27.564 15707521
27.5676 15710401
27.572 15713281
27.5764 15716161
27.5803 15719041
27.5831 15721921
27.5863 15724801
27.5887 15727681
27.5923 15730561
27.5951 15733441
27.5987 15736321
27.6015 15739201
27.605 15742081
27.6094 15744961
27.6138 15747841
27.6178 15750721
27.6218 15753601
27.6258 15756481
27.6297 15759361
27.6325 15762241
27.6369 15765121
27.6401 15768001
27.6429 15770881
27.6453 15773761
27.6477 15776641
27.6517 15779521
27.6556 15782401
27.6596 15785281
27.6628 15788161
27.6668 15791041
27.6712 15793921
27.676 15796801
27.6795 15799681
27.6847 15802561
27.6887 15805441
27.6919 15808321
27.6959 15811201
27.6991 15814081
27.7015 15816961
27.7046 15819841
27.7082 15822721
27.7126 15825601
27.7154 15828481
27.7194 15831361
27.7234 15834241
27.7278 15837121
27.7317 15840001
27.7353 15842881
27.7393 15845761
27.7429 15848641
27.7457 15851521
27.7489 15854401
27.7525 15857281
27.756 15860161
27.7584 15863041
27.7612 15865921
27.7656 15868801
27.7684 15871681
27.7732 15874561
27.7772 15877441
27.7807 15880321
27.7839 15883201
27.7887 15886081
27.7927 15888961
27.7971 15891841
27.8003 15894721
27.8038 15897601
27.8066 15900481
27.8106 15903361
27.8134 15906241
27.817 15909121
27.8202 15912001
27.8238 15914881
27.8274 15917761
27.8317 15920641
27.8357 15923521
27.8401 15926401
27.8433 15929281
27.8469 15932161
27.8501 15935041
27.8544 15937921
27.8576 15940801
27.8608 15943681
27.8632 15946561
27.866 15949441
27.8696 15952321
27.874 15955201
27.8776 15958081
27.8803 15960961
27.8843 15963841
27.8883 15966721
27.8935 15969601
27.8959 15972481
27.9007 15975361
27.9042 15978241
27.9082 15981121
27.9122 15984001
27.915 15986881
27.9178 15989761
27.921 15992641
27.925 15995521
27.9293 15998401
27.9321 16001281
27.9361 16004161
27.9401 16007041
27.9445 16009921
27.9485 16012801
27.9525 16015681
27.956 16018561
27.9592 16021441
27.9632 16024321
27.9664 16027201
27.97 16030081
27.9736 16032961
27.9764 16035841
27.9791 16038721
27.9831 16041601
27.9863 16044481
27.9915 16047361
27.9959 16050241
27.9991 16053121
28.0023 16056001
28.007 16058881
28.0106 16061761
28.0146 16064641
28.0178 16067521
28.0214 16070401
28.0246 16073281
28.0274 16076161
28.0309 16079041
28.0345 16081921
28.0381 16084801
28.0413 16087681
28.0449 16090561
28.0485 16093441
28.0528 16096321
28.0568 16099201
28.0604 16102081
28.064 16104961
28.0676 16107841
28.0724 16110721
28.0752 16113601
28.0791 16116481
28.0819 16119361
28.0847 16122241
28.0887 16125121
28.0931 16128001
28.0967 16130881
28.0991 16133761
28.103 16136641
28.1066 16139521
28.1122 16142401
28.1146 16145281
28.119 16148161
28.123 16151041
28.1266 16153921
28.1309 16156801
28.1341 16159681
28.1365 16162561
28.1401 16165441
28.1437 16168321
28.1485 16171201
28.1513 16174081
28.1548 16176961
28.1588 16179841
28.1632 16182721
28.1672 16185601
28.1708 16188481
28.1744 16191361
28.1775 16194241
28.1815 16197121
28.1843 16200001
28.1879 16202881
28.1915 16205761
28.1951 16208641
28.1987 16211521
28.2022 16214401
28.2058 16217281
28.2102 16220161
28.2142 16223041
28.2178 16225921
28.2206 16228801
28.2258 16231681
28.2289 16234561
28.2333 16237441
28.2361 16240321
28.2397 16243201
28.2425 16246081
28.2461 16248961
28.2501 16251841
28.254 16254721
28.2576 16257601
28.2608 16260481
28.2652 16263361
28.2684 16266241
28.2728 16269121
28.2767 16272001
28.2803 16274881
28.2835 16277761
28.2867 16280641
28.2919 16283521
28.2943 16286401
28.2991 16289281
28.3018 16292161
28.3046 16295041
28.3086 16297921
28.313 16300801
28.317 16303681
28.3198 16306561
28.3238 16309441
28.3277 16312321
28.3329 16315201
28.3357 16318081
28.3393 16320961
28.3437 16323841
28.3469 16326721
28.3509 16329601
28.3548 16332481
28.3576 16335361
28.3612 16338241
28.3648 16341121
28.3684 16344001
28.3716 16346881
28.374 16349761
28.3763 16352641
28.3807 16355521
28.3851 16358401
28.3887 16361281
28.3923 16364161
28.3963 16367041
28.3995 16369921
28.4034 16372801
28.4062 16375681
28.4098 16378561
28.4138 16381441
28.417 16384321
28.421 16387201
28.4246 16390081
28.4281 16392961
28.4321 16395841
28.4361 16398721
28.4397 16401601
28.4433 16404481
28.4481 16407361
28.4512 16410241
28.4552 16413121
28.4584 16416001
28.462 16418881
28.4652 16421761
28.4684 16424641
28.4724 16427521
28.4763 16430401
28.4799 16433281
28.4831 16436161
28.4875 16439041
28.4907 16441921
28.4951 16444801
28.4991 16447681
28.5026 16450561
28.5058 16453441
28.509 16456321
28.5142 16459201
28.517 16462081
28.5218 16464961
28.525 16467841
28.5281 16470721
28.5313 16473601
28.5353 16476481
28.5397 16479361
28.5425 16482241
28.5461 16485121
28.5501 16488001
28.5552 16490881
28.558 16493761
28.5616 16496641
28.566 16499521
28.5692 16502401
28.5728 16505281
28.5767 16508161
28.5795 16511041
28.5835 16513921
28.5871 16516801
28.5907 16519681
28.5943 16522561
28.5971 16525441
28.5999 16528321
28.603 16531201
28.6074 16534081
28.611 16536961
28.6146 16539841
28.6186 16542721
28.6218 16545601
28.6257 16548481
28.6285 16551361
28.6321 16554241
28.6361 16557121
28.6393 16560001
28.6433 16562881
28.6469 16565761
28.6504 16568641
28.6544 16571521
28.6584 16574401
28.662 16577281
28.6656 16580161
28.6704 16583041
28.6736 16585921
28.6775 16588801
28.6807 16591681
28.6847 16594561
28.6879 16597441
28.6907 16600321
28.6947 16603201
28.6987 16606081
28.7022 16608961
28.7054 16611841
28.7098 16614721
28.713 16617601
28.7174 16620481
28.7214 16623361
28.7249 16626241
28.7281 16629121
28.7313 16632001
28.7365 16634881
28.7397 16637761
28.7441 16640641
28.7473 16643521
28.7504 16646401
28.7536 16649281
28.7576 16652161
28.762 16655041
28.7648 16657921
28.7688 16660801
28.7728 16663681
28.7775 16666561
28.7807 16669441
28.7839 16672321
28.7887 16675201
28.7919 16678081
28.7951 16680961
28.799 16683841
28.8022 16686721
28.8058 16689601
28.8094 16692481
28.813 16695361
28.8166 16698241
28.8194 16701121
28.8222 16704001
28.8253 16706881
28.8297 16709761
28.8333 16712641
28.8369 16715521
28.8409 16718401
28.8445 16721281
28.8481 16724161
28.8512 16727041
28.8536 16729921
28.8572 16732801
28.8604 16735681
28.8644 16738561
28.868 16741441
28.8716 16744321
28.8755 16747201
28.8795 16750081
28.8831 16752961
28.8867 16755841
28.8915 16758721
28.8947 16761601
28.8986 16764481
28.9018 16767361
28.9058 16770241
28.909 16773121
28.9118 16776001
28.9158 16778881
28.9198 16781761
28.9234 16784641
28.9265 16787521
28.9309 16790401
28.9341 16793281
28.9385 16796161
28.9425 16799041
28.9461 16801921
28.9492 16804801
28.9524 16807681
28.9576 16810561
28.9608 16813441
28.9652 16816321
28.9684 16819201
28.9716 16822081
28.9747 16824961
28.9787 16827841
28.9831 16830721
28.9859 16833601
28.9899 16836481
28.9935 16839361
28.9967 16842241
28.999 16845121
29.0014 16848001
29.0046 16850881
29.007 16853761
29.0094 16856641
29.0118 16859521
29.0142 16862401
29.017 16865281
29.0198 16868161
29.0229 16871041
29.0265 16873921
29.0293 16876801
29.0325 16879681
29.0353 16882561
29.0401 16885441
29.0433 16888321
29.0469 16891201
29.0512 16894081
29.0548 16896961
29.0588 16899841
29.062 16902721
29.0648 16905601
29.0688 16908481
29.0712 16911361
29.0743 16914241
29.0771 16917121
29.0795 16920001
29.0827 16922881
29.0855 16925761
29.0883 16928641
29.0917 16931521
29.0966 16934401
29.1006 16937281
29.1045 16940161
29.1081 16943041
29.1121 16945921
29.1157 16948801
29.1189 16951681
29.1229 16954561
29.1268 16957441
29.13 16960321
29.134 16963201
29.1376 16966081
29.1416 16968961
29.1456 16971841
29.1488 16974721
29.1519 16977601
29.1547 16980481
29.1573 16983361
29.1631 16986241
29.1659 16989121
29.1707 16992001
29.1739 16994881
29.177 16997761
29.1802 17000641
29.1842 17003521
29.1886 17006401
29.1914 17009281
29.1962 17012161
29.1998 17015041
29.2025 17017921
29.2053 17020801
29.2077 17023681
29.2113 17026561
29.2141 17029441
29.2169 17032321
29.2197 17035201
29.2221 17038081
29.2245 17040961
29.2268 17043841
29.2292 17046721
29.2324 17049601
29.2352 17052481
29.238 17055361
29.2408 17058241
29.2464 17061121
29.2496 17064001
29.2527 17066881
29.2575 17069761
29.2615 17072641
29.2655 17075521
29.2687 17078401
29.2715 17081281
29.2755 17084161
29.2782 17087041
29.281 17089921
29.2846 17092801
29.287 17095681
29.2902 17098561
29.2934 17101441
29.2962 17104321
29.2986 17107201
29.3009 17110081
29.3049 17112961
29.3081 17115841
29.3121 17118721
29.3157 17121601
29.3197 17124481
29.3233 17127361
29.3268 17130241
29.3304 17133121
29.3344 17136001
29.3376 17138881
29.3416 17141761
29.3452 17144641
29.3496 17147521
29.3527 17150401
29.3563 17153281
29.3591 17156161
29.3619 17159041
29.3651 17161921
29.3697 17164801
29.3721 17167681
29.3769 17170561
29.3805 17173441
29.3837 17176321
29.3869 17179201
29.3912 17182081
29.3956 17184961
29.3988 17187841
29.4032 17190721
29.4068 17193601
29.4104 17196481
29.4132 17199361
29.4159 17202241
29.4191 17205121
29.4219 17208001
29.4251 17210881
29.4279 17213761
29.4307 17216641
29.4335 17219521
29.4359 17222401
29.4387 17225281
29.4418 17228161
29.4442 17231041
29.447 17233921
29.4498 17236801
29.4542 17239681
29.4578 17242561
29.4614 17245441
29.4661 17248321
29.4697 17251201
29.4737 17254081
29.4773 17256961
29.4801 17259841
29.4841 17262721
29.4873 17265601
29.4901 17268481
29.4936 17271361
29.4964 17274241
29.4988 17277121
29.5028 17280001
29.506 17282881
29.5084 17285761
29.5108 17288641
29.5148 17291521
29.5179 17294401
29.5211 17297281
29.5243 17300161
29.5279 17303041
29.5311 17305921
29.5351 17308801
29.5387 17311681
29.5426 17314561
29.5466 17317441
29.5502 17320321
29.5538 17323201
29.5582 17326081
29.561 17328961
29.5646 17331841
29.5673 17334721
29.5701 17337601
29.5733 17340481
29.5781 17343361
29.5805 17346241
29.5849 17349121
29.5885 17352001
29.5916 17354881
29.5948 17357761
29.598 17360641
29.6028 17363521
29.6068 17366401
29.6104 17369281
29.614 17372161
29.6175 17375041
29.6207 17377921
29.6239 17380801
29.6271 17383681
29.6303 17386561
29.6339 17389441
29.6367 17392321
29.6395 17395201
29.6422 17398081
29.6446 17400961
29.6474 17403841
29.651 17406721
29.6534 17409601
29.6562 17412481
29.6594 17415361
29.6634 17418241
29.6665 17421121
29.6697 17424001
29.6741 17426881
29.6781 17429761
29.6817 17432641
29.6857 17435521
29.6893 17438401
29.6928 17441281
29.696 17444161
29.6992 17447041
29.7028 17449921
29.706 17452801
29.7084 17455681
29.7124 17458561
29.7151 17461441
29.7175 17464321
29.7203 17467201
29.7247 17470081
29.7275 17472961
29.7307 17475841
29.7343 17478721
29.7383 17481601
29.741 17484481
29.7438 17487361
29.747 17490241
29.751 17493121
29.7554 17496001
29.759 17498881
29.7622 17501761
29.7669 17504641
29.7697 17507521
29.7729 17510401
29.7765 17513281
29.7793 17516161
29.7825 17519041
29.7873 17521921
29.7896 17524801
29.7932 17527681
29.7968 17530561
29.8 17533441
29.8032 17536321
29.806 17539201
29.8112 17542081
29.8151 17544961
29.8183 17547841
29.8215 17550721
29.8251 17553601
29.8283 17556481
29.8319 17559361
29.8351 17562241
29.8379 17565121
29.8418 17568001
29.845 17570881
29.8478 17573761
29.8506 17576641
29.8538 17579521
29.857 17582401
29.8602 17585281
29.8634 17588161
29.8657 17591041
29.8689 17593921
29.8729 17596801
29.8761 17599681
29.8797 17602561
29.8837 17605441
29.8881 17608321
29.8912 17611201
29.8948 17614081
29.898 17616961
29.902 17619841
29.9052 17622721
29.9088 17625601
29.9124 17628481
29.9159 17631361
29.9183 17634241
29.9219 17637121
29.9247 17640001
29.9275 17642881
29.9307 17645761
29.9347 17648641
29.9379 17651521
29.9406 17654401
29.9446 17657281
29.9486 17660161
29.951 17663041
29.9538 17665921
29.9574 17668801
29.9614 17671681
29.9661 17674561
29.9693 17677441
29.9721 17680321
29.9769 17683201
29.9797 17686081
29.9829 17688961
29.9865 17691841
29.9892 17694721
29.9928 17697601
29.9972 17700481
30 17703361
30.0032 17706241
30.0064 17709121
30.0092 17712001
30.0131 17714881
30.0155 17717761
30.0211 17720641
30.0251 17723521
30.0283 17726401
30.0311 17729281
30.0351 17732161
30.039 17735041
30.043 17737921
30.0458 17740801
30.0486 17743681
30.0518 17746561
30.0558 17749441
30.0582 17752321
30.0614 17755201
30.0645 17758081
30.0677 17760961
30.0709 17763841
30.0741 17766721
30.0765 17769601
30.0801 17772481
30.0837 17775361
30.0873 17778241
30.09 17781121
30.094 17784001
30.0988 17786881
