0.170217 1
0.170217 1441
0.343149 2881
0.343149 4321
0.517234 5761
0.517234 7201
0.517234 8641
0.691679 10081
0.691679 11521
0.691679 12961
0.864738 14401
0.864738 15841
0.864738 17281
0.867128 18721
0.867128 20161
0.867128 21601
1.0392 23041
1.0392 24481
1.0392 25921
1.04159 27361
1.04159 28801
1.04159 30241
1.04398 31681
1.04398 33121
1.04398 34561
1.21329 36001
1.21329 37441
1.21329 38881
1.21568 40321
1.21568 41761
1.21568 43201
1.21807 44641
1.21807 46081
1.21807 47521
1.22046 48961
1.22046 50401
1.22046 51841
1.38632 53281
1.38632 54721
1.38632 56161
1.38871 57601
1.38871 59041
1.38871 60481
1.3911 61921
1.3911 63361
1.3911 64801
1.39349 66241
1.39349 67681
1.39349 69121
1.39588 70561
1.39588 72001
1.39588 73441
1.39827 74881
1.39827 76321
1.39827 77761
1.55938 79201
1.55938 80641
1.55938 82081
1.56177 83521
1.56177 84961
1.56177 86401
1.56416 87841
1.56416 89281
1.56416 90721
1.56655 92161
1.56655 93601
1.56655 95041
1.56894 96481
1.56894 97921
1.56894 99361
1.57133 100801
1.57133 102241
1.57133 103681
1.57372 105121
1.57372 106561
1.57372 108001
1.57611 109441
1.57611 110881
1.57611 112321
1.5785 113761
1.5785 115201
1.5785 116641
1.73244 118081
1.73244 119521
1.73244 120961
1.73483 122401
1.73483 123841
1.73483 125281
1.73722 126721
1.73722 128161
1.73722 129601
1.73961 131041
1.73961 132481
1.73961 133921
1.742 135361
1.742 136801
1.742 138241
1.74439 139681
1.74439 141121
1.74439 142561
1.74678 144001
1.74678 145441
1.74678 146881
1.74917 148321
1.74917 149761
1.74917 151201
1.75156 152641
1.75156 154081
1.75156 155521
1.75395 156961
1.75395 158401
1.75395 159841
1.75634 161281
1.75634 162721
1.75634 164161
1.75873 165601
1.75873 167041
1.75873 168481
1.76112 169921
1.76112 171361
1.76112 172801
1.76351 174241
1.76351 175681
1.76351 177121
1.90709 178561
1.90709 180001
1.90709 181441
1.90948 182881
1.90948 184321
1.90948 185761
1.91187 187201
1.91187 188641
1.91187 190081
1.91426 191521
1.91426 192961
1.91426 194401
1.91665 195841
1.91665 197281
1.91665 198721
1.91904 200161
1.91904 201601
1.91904 203041
1.92143 204481
1.92143 205921
1.92143 207361
1.92382 208801
1.92382 210241
1.92382 211681
1.92622 213121
1.92622 214561
1.92622 216001
1.92861 217441
1.92861 218881
1.92861 220321
1.931 221761
1.931 223201
1.931 224641
1.93339 226081
1.93339 227521
1.93339 228961
1.93578 230401
1.93578 231841
1.93578 233281
1.93817 234721
1.93817 236161
1.93817 237601
1.94056 239041
1.94056 240481
1.94056 241921
1.94295 243361
1.94295 244801
1.94295 246241
1.94534 247681
1.94534 249121
1.94534 250561
1.94773 252001
1.94773 253441
1.94773 254881
1.95012 256321
1.95012 257761
1.95012 259201
1.95251 260641
1.95251 262081
1.95251 263521
1.9549 264961
1.9549 266401
1.9549 267841
2.08135 269281
2.08135 270721
2.08135 272161
2.08374 273601
2.08374 275041
2.08374 276481
2.08613 277921
2.08613 279361
2.08613 280801
2.08852 282241
2.08852 283681
2.08852 285121
2.09091 286561
2.09091 288001
2.09091 289441
2.0933 290881
2.0933 292321
2.0933 293761
2.09569 295201
2.09569 296641
2.09569 298081
2.09808 299521
2.09808 300961
2.09808 302401
2.10047 303841
2.10047 305281
2.10047 306721
2.10286 308161
2.10286 309601
2.10286 311041
2.10525 312481
2.10525 313921
2.10525 315361
2.10764 316801
2.10764 318241
2.10764 319681
2.11003 321121
2.11003 322561
2.11003 324001
2.11242 325441
2.11242 326881
2.11242 328321
2.11481 329761
2.11481 331201
2.11481 332641
2.1172 334081
2.1172 335521
2.1172 336961
2.11959 338401
2.11959 339841
2.11959 341281
2.12198 342721
2.12198 344161
2.12198 345601
2.12437 347041
2.12437 348481
2.12437 349921
2.12676 351361
2.12676 352801
2.12676 354241
2.12915 355681
2.12915 357121
2.12915 358561
2.13154 360001
2.13154 361441
2.13154 362881
2.13394 364321
2.13394 365761
2.13394 367201
2.13633 368641
2.13633 370081
2.13633 371521
2.13872 372961
2.13872 374401
2.13872 375841
2.14111 377281
2.14111 378721
2.14111 380161
2.1435 381601
2.1435 383041
2.1435 384481
2.14589 385921
2.14589 387361
2.14589 388801
2.14828 390241
2.14828 391681
2.14828 393121
2.15067 394561
2.15067 396001
2.15067 397441
2.15306 398881
2.15306 400321
2.15306 401761
2.25432 403201
2.25432 404641
2.25432 406081
2.25671 407521
2.25671 408961
2.25671 410401
2.2591 411841
2.2591 413281
2.2591 414721
2.26149 416161
2.26149 417601
2.26149 419041
2.26388 420481
2.26388 421921
2.26388 423361
2.26627 424801
2.26627 426241
2.26627 427681
2.26866 429121
2.26866 430561
2.26866 432001
2.27105 433441
2.27105 434881
2.27105 436321
2.27344 437761
2.27344 439201
2.27344 440641
2.27583 442081
2.27583 443521
2.27583 444961
2.27822 446401
2.27822 447841
2.27822 449281
2.28061 450721
2.28061 452161
2.28061 453601
2.283 455041
2.283 456481
2.283 457921
2.28539 459361
2.28539 460801
2.28539 462241
2.28778 463681
2.28778 465121
2.28778 466561
2.29017 468001
2.29017 469441
2.29017 470881
2.29256 472321
2.29256 473761
2.29256 475201
2.29495 476641
2.29495 478081
2.29495 479521
2.29734 480961
2.29734 482401
2.29734 483841
2.29974 485281
2.29974 486721
2.29974 488161
2.30213 489601
2.30213 491041
2.30213 492481
2.30452 493921
2.30452 495361
2.30452 496801
2.30691 498241
2.30691 499681
2.30691 501121
2.3093 502561
2.3093 504001
2.3093 505441
2.31169 506881
2.31169 508321
2.31169 509761
2.31408 511201
2.31408 512641
2.31408 514081
2.31647 515521
2.31647 516961
2.31647 518401
2.31886 519841
2.31886 521281
2.31886 522721
2.32125 524161
2.32125 525601
2.32125 527041
2.32364 528481
2.32364 529921
2.32364 531361
2.32603 532801
2.32603 534241
2.32603 535681
2.32842 537121
2.32842 538561
2.32842 540001
2.33081 541441
2.33081 542881
2.33081 544321
2.3332 545761
2.3332 547201
2.3332 548641
2.33559 550081
2.33559 551521
2.33559 552961
2.33798 554401
2.33798 555841
2.33798 557281
2.34037 558721
2.34037 560161
2.34037 561601
2.34276 563041
2.34276 564481
2.34276 565921
2.34515 567361
2.34515 568801
2.34515 570241
2.34754 571681
2.34754 573121
2.34754 574561
2.34993 576001
2.34993 577441
2.34993 578881
2.35232 580321
2.35232 581761
2.35232 583201
2.35471 584641
2.35471 586081
2.35471 587521
2.3571 588961
2.3571 590401
2.3571 591841
2.3595 593281
2.3595 594721
2.3595 596161
2.36189 597601
2.36189 599041
2.36189 600481
2.36428 601921
2.36428 603361
2.36428 604801
2.4284 606241
2.4284 607681
2.4284 609121
2.43079 610561
2.43079 612001
2.43079 613441
2.43318 614881
2.43318 616321
2.43318 617761
2.43557 619201
2.43557 620641
2.43557 622081
2.43796 623521
2.43796 624961
2.43796 626401
2.44035 627841
2.44035 629281
2.44035 630721
2.44274 632161
2.44274 633601
2.44274 635041
2.44514 636481
2.44514 637921
2.44514 639361
2.44753 640801
2.44753 642241
2.44753 643681
2.44992 645121
2.44992 646561
2.44992 648001
2.45231 649441
2.45231 650881
2.45231 652321
2.4547 653761
2.4547 655201
2.4547 656641
2.45709 658081
2.45709 659521
2.45709 660961
2.45948 662401
2.45948 663841
2.45948 665281
2.46187 666721
2.46187 668161
2.46187 669601
2.46426 671041
2.46426 672481
2.46426 673921
2.46683 675361
2.46683 676801
2.46683 678241
2.46922 679681
2.46922 681121
2.46922 682561
2.47161 684001
2.47161 685441
2.47161 686881
2.474 688321
2.474 689761
2.474 691201
2.47639 692641
2.47639 694081
2.47639 695521
2.47879 696961
2.47879 698401
2.47879 699841
2.48118 701281
2.48118 702721
2.48118 704161
2.48357 705601
2.48357 707041
2.48357 708481
2.48596 709921
2.48596 711361
2.48596 712801
2.48835 714241
2.48835 715681
2.48835 717121
2.49074 718561
2.49074 720001
2.49074 721441
2.49313 722881
2.49313 724321
2.49313 725761
2.49552 727201
2.49552 728641
2.49552 730081
2.49791 731521
2.49791 732961
2.49791 734401
2.5003 735841
2.5003 737281
2.5003 738721
2.50269 740161
2.50269 741601
2.50269 743041
2.50508 744481
2.50508 745921
2.50508 747361
2.50747 748801
2.50747 750241
2.50747 751681
2.50986 753121
2.50986 754561
2.50986 756001
2.51225 757441
2.51225 758881
2.51225 760321
2.51464 761761
2.51464 763201
2.51464 764641
2.51703 766081
2.51703 767521
2.51703 768961
2.51942 770401
2.51942 771841
2.51942 773281
2.52181 774721
2.52181 776161
2.52181 777601
2.5242 779041
2.5242 780481
2.5242 781921
2.52659 783361
2.52659 784801
2.52659 786241
2.52898 787681
2.52898 789121
2.52898 790561
2.53137 792001
2.53137 793441
2.53137 794881
2.53376 796321
2.53376 797761
2.53376 799201
2.53615 800641
2.53615 802081
2.53615 803521
2.53855 804961
2.53855 806401
2.53855 807841
2.54094 809281
2.54094 810721
2.54094 812161
2.54333 813601
2.54333 815041
2.54333 816481
2.54577 817921
2.54577 819361
2.54577 820801
2.54816 822241
2.54816 823681
2.54816 825121
2.55055 826561
2.55055 828001
2.55055 829441
2.55294 830881
2.55294 832321
2.55294 833761
2.55533 835201
2.55533 836641
2.55533 838081
2.55772 839521
2.55772 840961
2.55772 842401
2.56011 843841
2.56011 845281
2.56011 846721
2.5625 848161
2.5625 849601
2.5625 851041
2.5649 852481
2.5649 853921
2.5649 855361
2.56729 856801
2.56729 858241
2.56729 859681
2.56968 861121
2.56968 862561
2.56968 864001
2.57207 865441
2.57207 866881
2.57207 868321
2.57446 869761
2.57446 871201
2.57446 872641
2.57685 874081
2.57685 875521
2.57685 876961
2.57924 878401
2.57924 879841
2.57924 881281
2.58163 882721
2.58163 884161
2.58163 885601
2.58402 887041
2.58402 888481
2.58402 889921
2.58641 891361
2.58641 892801
2.58641 894241
2.5888 895681
2.5888 897121
2.5888 898561
2.59119 900001
2.59119 901441
2.59119 902881
2.59358 904321
2.59358 905761
2.59358 907201
2.60129 908641
2.60129 910081
2.60129 911521
2.60368 912961
2.60368 914401
2.60368 915841
2.60607 917281
2.60607 918721
2.60607 920161
2.60846 921601
2.60846 923041
2.60846 924481
2.61085 925921
2.61085 927361
2.61085 928801
2.61324 930241
2.61324 931681
2.61324 933121
2.61563 934561
2.61563 936001
2.61563 937441
2.61802 938881
2.61802 940321
2.61802 941761
2.62042 943201
2.62042 944641
2.62042 946081
2.62281 947521
2.62281 948961
2.62281 950401
2.6252 951841
2.6252 953281
2.6252 954721
2.62759 956161
2.62759 957601
2.62759 959041
2.62998 960481
2.62998 961921
2.62998 963361
2.63237 964801
2.63237 966241
2.63237 967681
2.63476 969121
2.63476 970561
2.63476 972001
2.63715 973441
2.63715 974881
2.63715 976321
2.63954 977761
2.63954 979201
2.63954 980641
2.64193 982081
2.64193 983521
2.64193 984961
2.64432 986401
2.64432 987841
2.64432 989281
2.64671 990721
2.64671 992161
2.64671 993601
2.6491 995041
2.6491 996481
2.6491 997921
2.65149 999361
2.65149 1000801
2.65149 1002241
2.65388 1003681
2.65388 1005121
2.65388 1006561
2.65627 1008001
2.65627 1009441
2.65627 1010881
2.65866 1012321
2.65866 1013761
2.65866 1015201
2.66105 1016641
2.66105 1018081
2.66105 1019521
2.66344 1020961
2.66344 1022401
2.66344 1023841
2.66583 1025281
2.66583 1026721
2.66583 1028161
2.66822 1029601
2.66822 1031041
2.66822 1032481
2.67061 1033921
2.67061 1035361
2.67061 1036801
2.673 1038241
2.673 1039681
2.673 1041121
2.67539 1042561
2.67539 1044001
2.67539 1045441
2.67778 1046881
2.67778 1048321
2.67778 1049761
2.68018 1051201
2.68018 1052641
2.68018 1054081
2.68257 1055521
2.68257 1056961
2.68257 1058401
2.68496 1059841
2.68496 1061281
2.68496 1062721
2.68735 1064161
2.68735 1065601
2.68735 1067041
2.68974 1068481
2.68974 1069921
2.68974 1071361
2.69213 1072801
2.69213 1074241
2.69213 1075681
2.69452 1077121
2.69452 1078561
2.69452 1080001
2.69691 1081441
2.69691 1082881
2.69691 1084321
2.6993 1085761
2.6993 1087201
2.6993 1088641
2.70169 1090081
2.70169 1091521
2.70169 1092961
2.70408 1094401
2.70408 1095841
2.70408 1097281
2.70647 1098721
2.70647 1100161
2.70647 1101601
2.70886 1103041
2.70886 1104481
2.70886 1105921
2.71125 1107361
2.71125 1108801
2.71125 1110241
2.71364 1111681
2.71364 1113121
2.71364 1114561
2.71603 1116001
2.71603 1117441
2.71603 1118881
2.71842 1120321
2.71842 1121761
2.71842 1123201
2.72081 1124641
2.72081 1126081
2.72081 1127521
2.7232 1128961
2.7232 1130401
2.7232 1131841
2.72559 1133281
2.72559 1134721
2.72559 1136161
2.72798 1137601
2.72798 1139041
2.72798 1140481
2.73037 1141921
2.73037 1143361
2.73037 1144801
2.73276 1146241
2.73276 1147681
2.73276 1149121
2.73515 1150561
2.73515 1152001
2.73515 1153441
2.73754 1154881
2.73754 1156321
2.73754 1157761
2.73994 1159201
2.73994 1160641
2.73994 1162081
2.74233 1163521
2.74233 1164961
2.74233 1166401
2.74472 1167841
2.74472 1169281
2.74472 1170721
2.74711 1172161
2.74711 1173601
2.74711 1175041
2.7495 1176481
2.7495 1177921
2.7495 1179361
2.75189 1180801
2.75189 1182241
2.75189 1183681
2.75428 1185121
2.75428 1186561
2.75428 1188001
2.75667 1189441
2.75667 1190881
2.75667 1192321
2.75906 1193761
2.75906 1195201
2.75906 1196641
2.76145 1198081
2.76145 1199521
2.76145 1200961
2.76384 1202401
2.76384 1203841
2.76384 1205281
2.76623 1206721
2.76623 1208161
2.76623 1209601
2.76862 1211041
2.76862 1212481
2.76862 1213921
2.77101 1215361
2.77101 1216801
2.77101 1218241
2.7734 1219681
2.7734 1221121
2.7734 1222561
2.77579 1224001
2.77579 1225441
2.77579 1226881
2.77818 1228321
2.77818 1229761
2.77818 1231201
2.78057 1232641
2.78057 1234081
2.78057 1235521
2.78296 1236961
2.78296 1238401
2.78296 1239841
2.78535 1241281
2.78535 1242721
2.78535 1244161
2.78774 1245601
2.78774 1247041
2.78774 1248481
2.79013 1249921
2.79013 1251361
2.79013 1252801
2.79252 1254241
2.79252 1255681
2.79252 1257121
2.79491 1258561
2.79491 1260001
2.79491 1261441
2.7973 1262881
2.7973 1264321
2.7973 1265761
2.7997 1267201
2.7997 1268641
2.7997 1270081
2.80209 1271521
2.80209 1272961
2.80209 1274401
2.80448 1275841
2.80448 1277281
2.80448 1278721
2.80687 1280161
2.80687 1281601
2.80687 1283041
2.80926 1284481
2.80926 1285921
2.80926 1287361
2.81165 1288801
2.81165 1290241
2.81165 1291681
2.81404 1293121
2.81404 1294561
2.81404 1296001
2.81643 1297441
2.81643 1298881
2.81643 1300321
2.81882 1301761
2.81882 1303201
2.81882 1304641
2.82121 1306081
2.82121 1307521
2.82121 1308961
2.8236 1310401
2.8236 1311841
2.8236 1313281
2.82599 1314721
2.82599 1316161
2.82599 1317601
2.82838 1319041
2.82838 1320481
2.82838 1321921
2.83077 1323361
2.83077 1324801
2.83077 1326241
2.83316 1327681
2.83316 1329121
2.83316 1330561
2.83555 1332001
2.83555 1333441
2.83555 1334881
2.83794 1336321
2.83794 1337761
2.83794 1339201
2.84033 1340641
2.84033 1342081
2.84033 1343521
2.84272 1344961
2.84272 1346401
2.84272 1347841
2.84511 1349281
2.84511 1350721
2.84511 1352161
2.8475 1353601
2.8475 1355041
2.8475 1356481
2.84989 1357921
2.84989 1359361
2.84989 1360801
2.85228 1362241
2.85228 1363681
2.85228 1365121
2.85467 1366561
2.85467 1368001
2.85467 1369441
2.85706 1370881
2.85706 1372321
2.85706 1373761
2.85946 1375201
2.85946 1376641
2.85946 1378081
2.86067 1379521
2.86186 1380961
2.86306 917281
3.05312 1039681
3.05312 1041121
3.05432 1101601
3.05432 1103041
3.05551 1380961
3.05551 1382401
3.05671 1383841
3.0579 1385281
3.0591 1386721
3.06029 1388161
3.06149 1389601
3.06268 1391041
3.06388 1392481
3.06507 1393921
3.06627 1395361
3.06746 1396801
3.06866 1398241
3.06985 1170721
3.06985 1172161
3.06985 1398241
3.06985 1399681
3.07105 1401121
3.07225 1402561
3.07344 1404001
3.07464 1405441
3.07583 1406881
3.07703 1408321
3.07822 1409761
3.07942 1411201
3.08061 1412641
3.08181 1414081
3.083 1415521
3.0842 1416961
3.08539 1418401
3.08659 1419841
3.08778 1421281
3.08898 1422721
3.09017 1424161
3.09137 1425601
3.09256 1427041
3.09376 1428481
3.09495 1429921
3.09615 1431361
3.09734 1432801
3.09854 1434241
3.09973 1435681
3.10093 1437121
3.10213 1438561
3.10332 1440001
3.10452 1441441
3.10571 1442881
3.10691 1444321
3.1081 1445761
3.1093 1447201
3.11049 1448641
3.11169 1450081
3.11288 1451521
3.11408 1452961
3.11527 1454401
3.11647 1455841
3.11766 1457281
3.11886 1231201
3.11886 1232641
3.11886 1457281
3.11886 1458721
3.12005 1460161
3.12125 1461601
3.12244 1463041
3.12364 1464481
3.12483 1465921
3.12603 1467361
3.12722 1468801
3.12842 1470241
3.12961 1471681
3.13081 1473121
3.13201 1474561
3.1332 1476001
3.1344 1477441
3.13559 1478881
3.13679 1480321
3.13798 1481761
3.13918 1483201
3.14037 1484641
3.14157 1486081
3.14276 1487521
3.14396 1488961
3.14515 1490401
3.14635 1491841
3.14754 1493281
3.14874 1494721
3.14993 1496161
3.15113 1497601
3.15232 1499041
3.15352 1500481
3.15471 1501921
3.15591 1503361
3.1571 1504801
3.1583 1506241
3.15949 1507681
3.16069 1509121
3.16189 1510561
3.16308 1285921
3.16308 1287361
3.16308 1510561
3.16308 1512001
3.16428 1513441
3.16547 1514881
3.16667 1516321
3.16786 1517761
3.16906 1519201
3.17025 1520641
3.17145 1522081
3.17264 1523521
3.17384 1524961
3.17503 1526401
3.17623 1527841
3.17742 1529281
3.17862 1530721
3.17981 1532161
3.18101 1533601
3.1822 1535041
3.1834 1536481
3.18459 1537921
3.18579 1539361
3.18698 1540801
3.18818 1542241
3.18937 1543681
3.19057 1545121
3.19177 1546561
3.19296 1548001
3.19416 1549441
3.19535 1550881
3.19655 1552321
3.19774 1553761
3.19894 1555201
3.20013 1556641
3.20133 1558081
3.20252 1559521
3.20372 1336321
3.20372 1337761
3.20372 1559521
3.20372 1560961
3.20491 1562401
3.20611 1563841
3.2073 1565281
3.2085 1566721
3.20969 1568161
3.21089 1569601
3.21208 1571041
3.21328 1572481
3.21447 1573921
3.21567 1575361
3.21686 1576801
3.21806 1578241
3.21925 1579681
3.22045 1581121
3.22165 1582561
3.22284 1584001
3.22404 1585441
3.22523 1586881
3.22643 1588321
3.22762 1589761
3.22882 1591201
3.23001 1592641
3.23121 1594081
3.2324 1595521
3.2336 1596961
3.23479 1598401
3.23599 1599841
3.23718 1039681
3.23718 1599841
3.23718 1601281
3.23838 1101601
3.23838 1601281
3.23838 1602721
3.23957 1170721
3.23957 1602721
3.23957 1604161
3.24077 1605601
3.24196 1607041
3.24316 1608481
3.24435 1609921
3.24555 1611361
3.24674 1612801
3.24794 1614241
3.24913 1615681
3.25033 1617121
3.25153 1618561
3.25272 1620001
3.25392 1621441
3.25511 1231201
3.25511 1621441
3.25511 1622881
3.25631 1624321
3.2575 1625761
3.2587 1627201
3.25989 1628641
3.26109 1630081
3.26228 1631521
3.26348 1632961
3.26467 1634401
3.26587 1635841
3.26706 1637281
3.26826 1638721
3.26945 1640161
3.27065 1641601
3.27184 1643041
3.27304 1644481
3.27423 1645921
3.27543 1647361
3.27662 1648801
3.27782 1650241
3.27901 1651681
3.28021 1653121
3.28141 1654561
3.2826 1656001
3.2838 1657441
3.28499 1658881
3.28619 1660321
3.28738 1661761
3.28858 1663201
3.28977 1664641
3.29097 1666081
3.29216 1667521
3.29336 1668961
3.29455 1670401
3.29575 1671841
3.29694 1673281
3.29814 1674721
3.29933 1676161
3.30053 1677601
3.30172 1679041
3.30292 1680481
3.30411 1681921
3.30529 1285921
3.30529 1681921
3.30529 1683361
3.30649 1684801
3.30768 1686241
3.30888 1687681
3.31007 1689121
3.31127 1690561
3.31247 1692001
3.31366 1693441
3.31486 1694881
3.31605 1696321
3.31725 1697761
3.31844 1699201
3.31964 1700641
3.32083 1702081
3.32203 1703521
3.32322 1704961
3.32442 1706401
3.32561 1707841
3.32681 1709281
3.328 1710721
3.3292 1712161
3.33039 1713601
3.33159 1715041
3.33278 1716481
3.33398 1717921
3.33517 1719361
3.33637 1720801
3.33756 1722241
3.33876 1723681
3.33995 1725121
3.34115 1726561
3.34235 1728001
3.34354 1729441
3.34474 1730881
3.34593 1732321
3.34713 1733761
3.34832 1735201
3.34952 1736641
3.3507 1336321
3.3507 1736641
3.3507 1738081
3.35189 1739521
3.35309 1740961
3.35428 1742401
3.35548 1743841
3.35667 1745281
3.35787 1746721
3.35906 1748161
3.36026 1749601
3.36145 1751041
3.36265 1752481
3.36384 1753921
3.36504 1755361
3.36623 1756801
3.36743 1758241
3.36862 1759681
3.36982 1761121
3.37102 1762561
3.37221 1764001
3.37341 1765441
3.3758 1766881
3.3758 1768321
3.37699 1769761
3.37819 1771201
3.37938 1772641
3.38058 1774081
3.38177 1775521
3.38297 1776961
3.38416 1778401
3.38536 1779841
3.38655 1781281
3.38775 1782721
3.38894 1784161
3.39014 1785601
3.39133 1787041
3.39251 1788481
3.3949 1789921
3.3949 1791361
3.39729 1792801
3.39729 1794241
3.39968 1795681
3.39968 1797121
3.40208 1798561
3.40208 1800001
3.40447 1801441
3.40447 1802881
3.40686 1804321
3.40686 1805761
3.40925 1807201
3.40925 1808641
3.41164 1810081
3.41164 1811521
3.41403 1812961
3.41403 1814401
3.41642 1815841
3.41642 1817281
3.41881 1818721
3.41881 1820161
3.4212 1821601
3.4212 1823041
3.42359 1824481
3.42359 1825921
3.42598 1827361
3.42598 1828801
3.42956 1830241
3.43196 1831681
3.43435 1833121
3.43435 1834561
3.43674 1836001
3.43674 1837441
3.43913 1838881
3.43913 1840321
3.44152 1841761
3.44152 1843201
3.44391 1844641
3.44391 1846081
3.4463 1847521
3.4463 1848961
3.44869 1850401
3.45108 1851841
3.45108 1853281
3.45347 1854721
3.45347 1856161
3.45586 1857601
3.45586 1859041
3.45825 1860481
3.45825 1861921
3.46064 1863361
3.46064 1864801
3.46303 1866241
3.46303 1867681
3.46542 1869121
3.46542 1870561
3.46781 1872001
3.46781 1873441
3.4702 1874881
3.4702 1876321
3.47259 1877761
3.47259 1879201
3.47498 1880641
3.47498 1882081
3.47858 1883521
3.47858 1884961
3.47978 1886401
3.48097 1654561
3.58017 1886401
3.58017 1887841
3.58137 1889281
3.58257 1890721
3.58376 1892161
3.58496 1893601
3.58615 1895041
3.58735 1896481
3.58854 1897921
3.58974 1899361
3.59093 1900801
3.59213 1902241
3.59332 1903681
3.59452 1905121
3.59571 1906561
3.59691 1908001
3.5981 1909441
3.5993 1910881
3.60049 1912321
3.60169 1913761
3.60288 1915201
3.60408 1916641
3.60527 1918081
3.60647 1919521
3.60766 1920961
3.60886 1922401
3.61005 1923841
3.61125 1925281
3.61245 1926721
3.61364 1928161
3.61484 1929601
3.61603 1931041
3.61723 1932481
3.61842 1933921
3.61962 1935361
3.62081 1936801
3.62201 1938241
3.6232 1939681
3.6244 1941121
3.62559 1942561
3.62679 1944001
3.62798 1945441
3.62918 1946881
3.63037 1948321
3.63157 1949761
3.63276 1951201
3.63396 1952641
3.63515 1954081
3.63635 1955521
3.63754 1956961
3.63874 1958401
3.63993 1959841
3.64113 1961281
3.64233 1962721
3.64352 1964161
3.64472 1965601
3.64591 1967041
3.64711 1968481
3.6483 1969921
3.6495 1971361
3.65069 1972801
3.65189 1974241
3.65308 1975681
3.65428 1977121
3.65547 1978561
3.65667 1980001
3.65786 1981441
3.65906 1982881
3.66025 1984321
3.66145 1985761
3.66264 1987201
3.66384 1988641
3.66503 1990081
3.66623 1991521
3.66742 1992961
3.66862 1994401
3.66981 1995841
3.67101 1997281
3.67219 1998721
3.75426 2000161
3.75426 2001601
3.75665 2003041
3.75665 2004481
3.75904 2005921
3.75904 2007361
3.76143 2008801
3.76143 2010241
3.76382 2011681
3.76382 2013121
3.76621 2014561
3.76621 2016001
3.7686 2017441
3.7686 2018881
3.77099 2020321
3.77099 2021761
3.77338 2023201
3.77338 2024641
3.77577 2026081
3.77577 2027521
3.77816 2028961
3.77816 2030401
3.78055 2031841
3.78055 2033281
3.78294 2034721
3.78294 2036161
3.78533 2037601
3.78533 2039041
3.78773 2040481
3.78773 2041921
3.79012 2043361
3.79012 2044801
3.79251 2046241
3.79251 2047681
3.7949 2049121
3.7949 2050561
3.79729 2052001
3.79729 2053441
3.79968 2054881
3.79968 2056321
3.80207 2057761
3.80207 2059201
3.80446 2060641
3.80446 2062081
3.80685 2063521
3.80685 2064961
3.80924 2066401
3.80924 2067841
3.81163 2069281
3.81163 2070721
3.81402 2072161
3.81402 2073601
3.81641 2075041
3.81641 2076481
3.8188 2077921
3.8188 2079361
3.82119 2080801
3.82119 2082241
3.82358 2083681
3.82358 2085121
3.82597 2086561
3.82597 2088001
3.82836 2089441
3.82836 2090881
3.83075 2092321
3.83075 2093761
3.83314 2095201
3.83314 2096641
3.83553 2098081
3.83553 2099521
3.83792 2100961
3.83792 2102401
3.84031 2103841
3.84031 2105281
3.8427 2106721
3.8427 2108161
3.84509 2109601
3.84509 2111041
3.92834 2112481
3.92834 2113921
3.92834 2115361
3.93099 2116801
3.93099 2118241
3.93338 2119681
3.93338 2121121
3.93577 2122561
3.93577 2124001
3.93816 2125441
3.93816 2126881
3.94055 2128321
3.94055 2129761
3.94294 2131201
3.94294 2132641
3.94533 2134081
3.94533 2135521
3.94772 2136961
3.94772 2138401
3.95011 2139841
3.95011 2141281
3.9525 2142721
3.9525 2144161
3.95489 2145601
3.95489 2147041
3.95728 2148481
3.95728 2149921
3.95967 2151361
3.95967 2152801
3.96206 2154241
3.96206 2155681
3.96445 2157121
3.96445 2158561
3.96684 2160001
3.96684 2161441
3.96923 2162881
3.96923 2164321
3.97162 2165761
3.97162 2167201
3.97401 2168641
3.97401 2170081
3.9764 2171521
3.9764 2172961
3.97879 2174401
3.97879 2175841
3.98118 2177281
3.98118 2178721
3.98357 2180161
3.98357 2181601
3.98597 2183041
3.98597 2184481
3.98836 2185921
3.98836 2187361
3.99075 2188801
3.99075 2190241
3.99314 2191681
3.99314 2193121
3.99553 2194561
3.99553 2196001
3.99792 2197441
3.99792 2198881
4.00031 2200321
4.00031 2201761
4.0027 2203201
4.0027 2204641
4.00509 2206081
4.00509 2207521
4.00748 2208961
4.00748 2210401
4.00987 2211841
4.00987 2213281
4.01226 2214721
4.01226 2216161
4.01465 2217601
4.01465 2219041
4.01704 2220481
4.01704 2221921
4.01943 2223361
4.01943 2224801
4.10243 2226241
4.10243 2227681
4.10482 2229121
4.10482 2230561
4.10721 2232001
4.10721 2233441
4.1096 2234881
4.1096 2236321
4.11199 2237761
4.11199 2239201
4.11438 2240641
4.11438 2242081
4.11677 2243521
4.11677 2244961
4.11916 2246401
4.11916 2247841
4.12155 2249281
4.12155 2250721
4.12394 2252161
4.12394 2253601
4.12633 2255041
4.12633 2256481
4.12872 2257921
4.12872 2259361
4.13111 2260801
4.13111 2262241
4.1335 2263681
4.1335 2265121
4.13589 2266561
4.13589 2268001
4.13829 2269441
4.13829 2270881
4.14068 2272321
4.14068 2273761
4.14307 2275201
4.14307 2276641
4.14546 2278081
4.14546 2279521
4.14785 2280961
4.14785 2282401
4.15024 2283841
4.15024 2285281
4.15263 2286721
4.15263 2288161
4.15502 2289601
4.15502 2291041
4.15755 2292481
4.15755 2293921
4.16034 2295361
4.16034 2296801
4.16273 2298241
4.16273 2299681
4.16512 2301121
4.16512 2302561
4.16751 2304001
4.16751 2305441
4.1699 2306881
4.1699 2308321
4.17229 2309761
4.17229 2311201
4.17469 2312641
4.17469 2314081
4.17708 2315521
4.17708 2316961
4.17947 2318401
4.17947 2319841
4.18186 2321281
4.18186 2322721
4.18425 2324161
4.18425 2325601
4.18664 2327041
4.18664 2328481
4.18903 2329921
4.18903 2331361
4.19142 2332801
4.19142 2334241
4.19381 2335681
4.19381 2337121
4.27532 2338561
4.27532 2340001
4.27771 2341441
4.27771 2342881
4.28047 2344321
4.28047 2345761
4.28047 2347201
4.28286 2348641
4.28286 2350081
4.28525 2351521
4.28525 2352961
4.28765 2354401
4.28765 2355841
4.29004 2357281
4.29004 2358721
4.29243 2360161
4.29243 2361601
4.29482 2363041
4.29482 2364481
4.29721 2365921
4.29721 2367361
4.2996 2368801
4.2996 2370241
4.30199 2371681
4.30199 2373121
4.30438 2374561
4.30438 2376001
4.30677 2377441
4.30677 2378881
4.30916 2380321
4.30916 2381761
4.31155 2383201
4.31155 2384641
4.31394 2386081
4.31394 2387521
4.31633 2388961
4.31633 2390401
4.31872 2391841
4.31872 2393281
4.32111 2394721
4.32111 2396161
4.3235 2397601
4.3235 2399041
4.32604 2400481
4.32604 2401921
4.32843 2403361
4.32843 2404801
4.33082 2406241
4.33082 2407681
4.3334 2409121
4.3334 2410561
4.33579 2412001
4.33579 2413441
4.33818 2414881
4.33818 2416321
4.34057 2417761
4.34057 2419201
4.34296 2420641
4.34296 2422081
4.34535 2423521
4.34535 2424961
4.34774 2426401
4.34774 2427841
4.35013 2429281
4.35013 2430721
4.35253 2432161
4.35253 2433601
4.35492 2435041
4.35492 2436481
4.35731 2437921
4.35731 2439361
4.3597 2440801
4.3597 2442241
4.36209 2443681
4.36209 2445121
4.36448 2446561
4.36448 2448001
4.36687 2449441
4.36687 2450881
4.44856 2452321
4.44856 2453761
4.45095 2455201
4.45095 2456641
4.45336 2458081
4.45336 2459521
4.45575 2460961
4.45575 2462401
4.45814 2463841
4.45814 2465281
4.46053 2466721
4.46053 2468161
4.46293 2469601
4.46293 2471041
4.46532 2472481
4.46532 2473921
4.46771 2475361
4.46771 2476801
4.4701 2478241
4.4701 2479681
4.47249 2481121
4.47249 2482561
4.47488 2484001
4.47488 2485441
4.47727 2486881
4.47727 2488321
4.47966 2489761
4.47966 2491201
4.48205 2492641
4.48205 2494081
4.48444 2495521
4.48444 2496961
4.487 2498401
4.487 2499841
4.48939 2501281
4.48939 2502721
4.49178 2504161
4.49178 2505601
4.49417 2507041
4.49417 2508481
4.49671 2509921
4.49671 2511361
4.4991 2512801
4.4991 2514241
4.50149 2515681
4.50149 2517121
4.50388 2518561
4.50388 2520001
4.50627 2521441
4.50627 2522881
4.50866 2524321
4.50866 2525761
4.51105 2527201
4.51105 2528641
4.51344 2530081
4.51344 2531521
4.51583 2532961
4.51583 2534401
4.51822 2535841
4.51822 2537281
4.52061 2538721
4.52061 2540161
4.523 2541601
4.523 2543041
4.52539 2544481
4.52539 2545921
4.52778 2547361
4.52778 2548801
4.53017 2550241
4.53017 2551681
4.53256 2553121
4.53256 2554561
4.53495 2556001
4.53495 2557441
4.53734 2558881
4.53734 2560321
4.53973 2561761
4.53973 2563201
4.54212 2564641
4.54212 2566081
4.62292 2567521
4.62292 2568961
4.62531 2570401
4.62531 2571841
4.6277 2573281
4.6277 2574721
4.63009 2576161
4.63009 2577601
4.63248 2579041
4.63248 2580481
4.63487 2581921
4.63487 2583361
4.63726 2584801
4.63726 2586241
4.63965 2587681
4.63965 2589121
4.64204 2590561
4.64204 2592001
4.64204 2593441
4.64443 2594881
4.64443 2596321
4.64682 2597761
4.64682 2599201
4.64921 2600641
4.64921 2602081
4.6516 2603521
4.6516 2604961
4.65399 2606401
4.65399 2607841
4.65638 2609281
4.65638 2610721
4.65886 2612161
4.65886 2613601
4.66125 2615041
4.66125 2616481
4.66364 2617921
4.66364 2619361
4.66603 2620801
4.66603 2622241
4.66857 2623681
4.66857 2625121
4.67096 2626561
4.67096 2628001
4.67335 2629441
4.67335 2630881
4.67574 2632321
4.67574 2633761
4.67813 2635201
4.67813 2636641
4.68052 2638081
4.68052 2639521
4.68291 2640961
4.68291 2642401
4.6853 2643841
4.6853 2645281
4.68769 2646721
4.68769 2648161
4.69008 2649601
4.69008 2651041
4.69247 2652481
4.69247 2653921
4.69486 2655361
4.69486 2656801
4.69725 2658241
4.69725 2659681
4.69965 2661121
4.69965 2662561
4.70204 2664001
4.70204 2665441
4.70443 2666881
4.70443 2668321
4.70682 2669761
4.70682 2671201
4.70921 2672641
4.70921 2674081
4.7116 2675521
4.7116 2676961
4.71399 2678401
4.71399 2679841
4.71638 2681281
4.71638 2682721
4.79732 2684161
4.79732 2685601
4.79971 2687041
4.79971 2688481
4.8021 2689921
4.8021 2691361
4.80449 2692801
4.80449 2694241
4.80688 2695681
4.80688 2697121
4.80927 2698561
4.80927 2700001
4.81166 2701441
4.81166 2702881
4.81405 2704321
4.81405 2705761
4.81644 2707201
4.81644 2708641
4.81883 2710081
4.81883 2711521
4.82122 2712961
4.82122 2714401
4.82361 2715841
4.82361 2717281
4.826 2718721
4.826 2720161
4.82839 2721601
4.82839 2723041
4.83078 2724481
4.83078 2725921
4.83317 2727361
4.83317 2728801
4.83557 2730241
4.83557 2731681
4.83796 2733121
4.83796 2734561
4.84035 2736001
4.84035 2737441
4.84274 2738881
4.84274 2740321
4.84513 2741761
4.84513 2743201
4.84752 2744641
4.84752 2746081
4.84991 2747521
4.84991 2748961
4.8523 2750401
4.8523 2751841
4.85469 2753281
4.85469 2754721
4.85708 2756161
4.85708 2757601
4.85947 2759041
4.85947 2760481
4.86186 2761921
4.86186 2763361
4.86425 2764801
4.86425 2766241
4.86664 2767681
4.86664 2769121
4.86903 2770561
4.86903 2772001
4.87142 2773441
4.87142 2774881
4.87381 2776321
4.87381 2777761
4.8762 2779201
4.8762 2780641
4.87859 2782081
4.87859 2783521
4.88098 2784961
4.88098 2786401
4.88337 2787841
4.88337 2789281
4.88576 2790721
4.88576 2792161
4.88815 2793601
4.88815 2795041
4.89054 2796481
4.89054 2797921
4.97038 2799361
4.97038 2800801
4.97277 2802241
4.97277 2803681
4.97516 2805121
4.97516 2806561
4.97755 2808001
4.97755 2809441
4.97994 2810881
4.97994 2812321
4.98233 2813761
4.98233 2815201
4.98472 2816641
4.98472 2818081
4.98711 2819521
4.98711 2820961
4.9895 2822401
4.9895 2823841
4.99189 2825281
4.99189 2826721
4.99428 2828161
4.99428 2829601
4.99667 2831041
4.99667 2832481
4.99906 2833921
4.99906 2835361
5.00145 2836801
5.00145 2838241
5.00145 2839681
5.00384 2841121
5.00384 2842561
5.00623 2844001
5.00623 2845441
5.00862 2846881
5.00862 2848321
5.01101 2849761
5.01101 2851201
5.01341 2852641
5.01341 2854081
5.0158 2855521
5.0158 2856961
5.01819 2858401
5.01819 2859841
5.02058 2861281
5.02058 2862721
5.02297 2864161
5.02297 2865601
5.02536 2867041
5.02536 2868481
5.02775 2869921
5.02775 2871361
5.03014 2872801
5.03014 2874241
5.03253 2875681
5.03253 2877121
5.03492 2878561
5.03492 2880001
5.03731 2881441
5.03731 2882881
5.0397 2884321
5.0397 2885761
5.04209 2887201
5.04209 2888641
5.04448 2890081
5.04448 2891521
5.04687 2892961
5.04687 2894401
5.04926 2895841
5.04926 2897281
5.05165 2898721
5.05165 2900161
5.05404 2901601
5.05404 2903041
5.05643 2904481
5.05643 2905921
5.05882 2907361
5.05882 2908801
5.06121 2910241
5.06121 2911681
5.06375 2913121
5.06375 2914561
5.14344 2916001
5.14344 2917441
5.14583 2918881
5.14583 2920321
5.14822 2921761
5.14822 2923201
5.15061 2924641
5.15061 2926081
5.153 2927521
5.153 2928961
5.15539 2930401
5.15539 2931841
5.15778 2933281
5.15778 2934721
5.16017 2936161
5.16017 2937601
5.16256 2939041
5.16256 2940481
5.16495 2941921
5.16495 2943361
5.16734 2944801
5.16734 2946241
5.16973 2947681
5.16973 2949121
5.17212 2950561
5.17212 2952001
5.17451 2953441
5.17451 2954881
5.17694 2956321
5.17694 2957761
5.17933 2959201
5.17933 2960641
5.18172 2962081
5.18172 2963521
5.18411 2964961
5.18411 2966401
5.1865 2967841
5.1865 2969281
5.18889 2970721
5.18889 2972161
5.19128 2973601
5.19128 2975041
5.19367 2976481
5.19367 2977921
5.19606 2979361
5.19606 2980801
5.19845 2982241
5.19845 2983681
5.20084 2985121
5.20084 2986561
5.20323 2988001
5.20323 2989441
5.20562 2990881
5.20562 2992321
5.20801 2993761
5.20801 2995201
5.2104 2996641
5.2104 2998081
5.21279 2999521
5.21279 3000961
5.21518 3002401
5.21518 3003841
5.21757 3005281
5.21757 3006721
5.21997 3008161
5.21997 3009601
5.22236 3011041
5.22236 3012481
5.22475 3013921
5.22475 3015361
5.22714 3016801
5.22714 3018241
5.22953 3019681
5.22953 3021121
5.23192 3022561
5.23192 3024001
5.23431 3025441
5.23431 3026881
5.23681 3028321
5.23681 3029761
5.2392 3031201
5.2392 3032641
5.31769 3034081
5.31769 3035521
5.32008 3036961
5.32008 3038401
5.32247 3039841
5.32247 3041281
5.32486 3042721
5.32486 3044161
5.32725 3045601
5.32725 3047041
5.32964 3048481
5.32964 3049921
5.33203 3051361
5.33203 3052801
5.33442 3054241
5.33442 3055681
5.33681 3057121
5.33681 3058561
5.33921 3060001
5.33921 3061441
5.3416 3062881
5.3416 3064321
5.34399 3065761
5.34399 3067201
5.34638 3068641
5.34638 3070081
5.3488 3071521
5.3488 3072961
5.35119 3074401
5.35119 3075841
5.35358 3077281
5.35358 3078721
5.35597 3080161
5.35597 3081601
5.35836 3083041
5.35836 3084481
5.35836 3085921
5.36075 3087361
5.36075 3088801
5.36314 3090241
5.36314 3091681
5.36553 3093121
5.36553 3094561
5.36793 3096001
5.36793 3097441
5.37032 3098881
5.37032 3100321
5.37271 3101761
5.37271 3103201
5.3751 3104641
5.3751 3106081
5.37749 3107521
5.37749 3108961
5.37988 3110401
5.37988 3111841
5.38227 3113281
5.38227 3114721
5.38466 3116161
5.38466 3117601
5.38705 3119041
5.38705 3120481
5.38944 3121921
5.38944 3123361
5.39183 3124801
5.39183 3126241
5.39422 3127681
5.39422 3129121
5.39661 3130561
5.39661 3132001
5.399 3133441
5.399 3134881
5.40139 3136321
5.40139 3137761
5.40378 3139201
5.40378 3140641
5.40617 3142081
5.40617 3143521
5.40871 3144961
5.40871 3146401
5.4111 3147841
5.4111 3149281
5.41349 3150721
5.41349 3152161
5.49195 3153601
5.49195 3155041
5.49434 3156481
5.49434 3157921
5.49673 3159361
5.49673 3160801
5.49912 3162241
5.49912 3163681
5.50151 3165121
5.50151 3166561
5.5039 3168001
5.5039 3169441
5.50629 3170881
5.50629 3172321
5.50868 3173761
5.50868 3175201
5.51107 3176641
5.51107 3178081
5.51346 3179521
5.51346 3180961
5.51585 3182401
5.51585 3183841
5.51824 3185281
5.51824 3186721
5.52067 3188161
5.52067 3189601
5.52306 3191041
5.52306 3192481
5.52545 3193921
5.52545 3195361
5.52784 3196801
5.52784 3198241
5.53023 3199681
5.53023 3201121
5.53262 3202561
5.53262 3204001
5.53501 3205441
5.53501 3206881
5.5374 3208321
5.5374 3209761
5.53979 3211201
5.53979 3212641
5.54218 3214081
5.54218 3215521
5.54457 3216961
5.54457 3218401
5.54696 3219841
5.54696 3221281
5.54935 3222721
5.54935 3224161
5.55174 3225601
5.55174 3227041
5.55413 3228481
5.55413 3229921
5.55652 3231361
5.55652 3232801
5.55995 3234241
5.55995 3235681
5.56115 3237121
5.56234 3114721
5.68892 3237121
5.68892 3238561
5.69012 3240001
5.69131 3241441
5.69254 3242881
5.69374 3244321
5.69494 3245761
5.69613 3247201
5.69733 3248641
5.69852 3250081
5.69972 3251521
5.70091 3252961
5.70211 3254401
5.7033 3255841
5.7045 3257281
5.70569 3258721
5.70689 3260161
5.70808 3261601
5.70928 3263041
5.71047 3264481
5.71167 3265921
5.71286 3267361
5.71406 3268801
5.71525 3270241
5.71645 3271681
5.71764 3273121
5.71884 3274561
5.72003 3276001
5.72123 3277441
5.72242 3278881
5.72362 3280321
5.72482 3281761
5.72601 3283201
5.72721 3284641
5.7284 3286081
5.7296 3287521
5.73079 3288961
5.73286 3290401
5.73405 3291841
5.73525 3293281
5.73643 3294721
5.86301 3296161
5.86301 3297601
5.86543 3299041
5.86543 3300481
5.86798 3301921
5.86798 3303361
5.87037 3304801
5.87037 3306241
5.87276 3307681
5.87276 3309121
5.87515 3310561
5.87515 3312001
5.87754 3313441
5.87754 3314881
5.87993 3316321
5.87993 3317761
5.88232 3319201
5.88232 3320641
5.88471 3322081
5.88471 3323521
5.8871 3324961
5.8871 3326401
5.88949 3327841
5.88949 3329281
5.89188 3330721
5.89188 3332161
5.89427 3333601
5.89427 3335041
5.89666 3336481
5.89666 3337921
5.89905 3339361
5.89905 3340801
5.90145 3342241
5.90145 3343681
5.90384 3345121
5.90384 3346561
5.90694 3348001
5.90694 3349441
5.90933 3350881
5.90933 3352321
6.03709 3353761
6.03709 3355201
6.03709 3356641
6.03952 3358081
6.03952 3359521
6.04206 3360961
6.04206 3362401
6.04445 3363841
6.04445 3365281
6.04685 3366721
6.04685 3368161
6.04924 3369601
6.04924 3371041
6.05163 3372481
6.05163 3373921
6.05402 3375361
6.05402 3376801
6.05669 3378241
6.05669 3379681
6.05908 3381121
6.05908 3382561
6.06147 3384001
6.06147 3385441
6.06386 3386881
6.06386 3388321
6.06625 3389761
6.06625 3391201
6.06864 3392641
6.06864 3394081
6.07103 3395521
6.07103 3396961
6.07342 3398401
6.07342 3399841
6.07581 3401281
6.07581 3402721
6.0782 3404161
6.0782 3405601
6.08103 3407041
6.08103 3408481
6.08342 3409921
6.08342 3411361
6.21118 3412801
6.21118 3414241
6.21357 3415681
6.21357 3417121
6.21596 3418561
6.21596 3420001
6.21835 3421441
6.21835 3422881
6.22074 3424321
6.22074 3425761
6.22313 3427201
6.22313 3428641
6.22552 3430081
6.22552 3431521
6.22791 3432961
6.22791 3434401
6.2303 3435841
6.2303 3437281
6.23269 3438721
6.23269 3440161
6.23508 3441601
6.23508 3443041
6.23747 3444481
6.23747 3445921
6.23986 3447361
6.23986 3448801
6.24225 3450241
6.24225 3451681
6.24464 3453121
6.24464 3454561
6.24703 3456001
6.24703 3457441
6.24942 3458881
6.24942 3460321
6.25182 3461761
6.25182 3463201
6.25421 3464641
6.25421 3466081
6.2566 3467521
6.2566 3468961
6.38407 3470401
6.38407 3471841
6.38646 3473281
6.38646 3474721
6.38885 3476161
6.38885 3477601
6.38885 3479041
6.39124 3480481
6.39124 3481921
6.39363 3483361
6.39363 3484801
6.39602 3486241
6.39602 3487681
6.39841 3489121
6.39841 3490561
6.4008 3492001
6.4008 3493441
6.40332 3494881
6.40332 3496321
6.40571 3497761
6.40571 3499201
6.4081 3500641
6.4081 3502081
6.41049 3503521
6.41049 3504961
6.41288 3506401
6.41288 3507841
6.41527 3509281
6.41527 3510721
6.41766 3512161
6.41766 3513601
6.42005 3515041
6.42005 3516481
6.42245 3517921
6.42245 3519361
6.42484 3520801
6.42484 3522241
6.42723 3523681
6.42723 3525121
6.42962 3526561
6.42962 3528001
6.55696 3529441
6.55696 3530881
6.55935 3532321
6.55935 3533761
6.56174 3535201
6.56174 3536641
6.56413 3538081
6.56413 3539521
6.56652 3540961
6.56652 3542401
6.56891 3543841
6.56891 3545281
6.5713 3546721
6.5713 3548161
6.57369 3549601
6.57369 3551041
6.57638 3552481
6.57638 3553921
6.57877 3555361
6.57877 3556801
6.58116 3558241
6.58116 3559681
6.58355 3561121
6.58355 3562561
6.58594 3564001
6.58594 3565441
6.58833 3566881
6.58833 3568321
6.59072 3569761
6.59072 3571201
6.59311 3572641
6.59311 3574081
6.5955 3575521
6.5955 3576961
6.59789 3578401
6.59789 3579841
6.60029 3581281
6.60029 3582721
6.60268 3584161
6.60268 3585601
6.60507 3587041
6.60507 3588481
6.73104 3589921
6.73104 3591361
6.73343 3592801
6.73343 3594241
6.73582 3595681
6.73582 3597121
6.73821 3598561
6.73821 3600001
6.7406 3601441
6.7406 3602881
6.7406 3604321
6.74299 3605761
6.74299 3607201
6.7455 3608641
6.7455 3610081
6.74789 3611521
6.74789 3612961
6.75064 3614401
6.75064 3615841
6.75303 3617281
6.75303 3618721
6.75542 3620161
6.75542 3621601
6.75781 3623041
6.75781 3624481
6.7602 3625921
6.7602 3627361
6.76259 3628801
6.76259 3630241
6.76498 3631681
6.76498 3633121
6.76737 3634561
6.76737 3636001
6.76976 3637441
6.76976 3638881
6.77215 3640321
6.77215 3641761
6.77454 3643201
6.77454 3644641
6.77693 3646081
6.77693 3647521
6.77932 3648961
6.77932 3650401
6.90513 3651841
6.90513 3653281
6.90752 3654721
6.90752 3656161
6.90991 3657601
6.90991 3659041
6.9123 3660481
6.9123 3661921
6.91469 3663361
6.91469 3664801
6.91708 3666241
6.91708 3667681
6.91947 3669121
6.91947 3670561
6.92186 3672001
6.92186 3673441
6.92425 3674881
6.92425 3676321
6.92664 3677761
6.92664 3679201
6.92903 3680641
6.92903 3682081
6.93142 3683521
6.93142 3684961
6.93381 3686401
6.93381 3687841
6.9362 3689281
6.9362 3690721
6.93859 3692161
6.93859 3693601
6.94098 3695041
6.94098 3696481
6.94337 3697921
6.94337 3699361
6.94576 3700801
6.94576 3702241
6.94815 3703681
6.94815 3705121
6.95054 3706561
6.95054 3708001
6.95294 3709441
6.95294 3710881
7.07802 3712321
7.07802 3713761
7.08041 3715201
7.08041 3716641
7.0828 3718081
7.0828 3719521
7.08519 3720961
7.08519 3722401
7.08758 3723841
7.08758 3725281
7.08997 3726721
7.08997 3728161
7.09236 3729601
7.09236 3731041
7.09475 3732481
7.09475 3733921
7.09475 3735361
7.09714 3736801
7.09714 3738241
7.09953 3739681
7.09953 3741121
7.10192 3742561
7.10192 3744001
7.10431 3745441
7.10431 3746881
7.1067 3748321
7.1067 3749761
7.10909 3751201
7.10909 3752641
7.11148 3754081
7.11148 3755521
7.11387 3756961
7.11387 3758401
7.11626 3759841
7.11626 3761281
7.11865 3762721
7.11865 3764161
7.12104 3765601
7.12104 3767041
7.12343 3768481
7.12343 3769921
7.12582 3771361
7.12582 3772801
7.25091 3774241
7.25091 3775681
7.2533 3777121
7.2533 3778561
7.25569 3780001
7.25569 3781441
7.25808 3782881
7.25808 3784321
7.26047 3785761
7.26047 3787201
7.26286 3788641
7.26286 3790081
7.26537 3791521
7.26657 3792961
7.26776 3726721
7.29525 3792961
7.29525 3794401
7.29645 3795841
7.29764 3797281
7.29884 3798721
7.30003 3800161
7.30123 3801601
7.42381 3803041
7.42501 3804481
7.4262 3805921
7.4274 3807361
7.42859 3808801
7.42979 3810241
7.43098 3811681
7.43218 3813121
7.43337 3814561
7.43457 3816001
7.43576 3817441
7.43724 3818881
7.43843 3820321
7.43963 3821761
7.44081 3823201
7.46934 3824641
7.46934 3826081
7.47294 3827521
7.47294 3828961
7.47413 3830401
7.59672 3797281
7.61149 3830401
7.61149 3831841
7.61269 3833281
7.61388 3834721
7.64224 3836161
7.64344 3837601
7.64584 3839041
7.64704 3840481
7.64823 3841921
7.76961 3843361
7.78573 3844801
7.78573 3846241
7.81513 3847681
7.81513 3849121
7.81873 3850561
7.81873 3852001
7.82112 3853441
7.82112 3854881
7.95879 3856321
7.95879 3857761
7.95879 3859201
7.98802 3860641
7.98802 3862081
7.99162 3863521
7.99162 3864961
7.99401 3866401
7.99401 3867841
8.13185 3869281
8.13185 3870721
8.13424 3872161
8.13424 3873601
8.16211 3875041
8.16211 3876481
8.16571 3877921
8.16571 3879361
8.1681 3880801
8.1681 3882241
8.3061 3883681
8.3061 3885121
8.3085 3886561
8.3085 3888001
8.33619 3889441
8.33619 3890881
8.33619 3892321
8.33979 3893761
8.33979 3895201
8.34249 3896641
8.34249 3898081
8.48036 3899521
8.48036 3900961
8.48275 3902401
8.48275 3903841
8.51064 3905281
8.51064 3906721
8.51303 3908161
8.51303 3909601
8.51542 3911041
8.51542 3912481
8.65342 3913921
8.65342 3915361
8.65581 3916801
8.65581 3918241
8.6837 3919681
8.6837 3921121
8.68609 3922561
8.68609 3924001
8.68609 3925441
8.68848 3926881
8.68848 3928321
8.82648 3929761
8.82648 3931201
8.82887 3932641
8.82887 3934081
8.85676 3935521
8.85676 3936961
8.85915 3938401
8.85915 3939841
8.86154 3941281
8.86154 3942721
8.86393 3944161
8.86393 3945601
9.00073 3947041
9.00073 3948481
9.00312 3949921
9.00312 3951361
9.03101 3952801
9.03101 3954241
9.0334 3955681
9.0334 3957121
9.03579 3958561
9.03579 3960001
9.03818 3961441
9.03818 3962881
9.03818 3964321
9.17499 3965761
9.17499 3967201
9.17738 3968641
9.17738 3970081
9.20526 3971521
9.20526 3972961
9.20766 3974401
9.20766 3975841
9.21018 3977281
9.21018 3978721
9.21257 3980161
9.21257 3981601
9.34844 3983041
9.34844 3984481
9.35083 3985921
9.35083 3987361
9.37832 3988801
9.37832 3990241
9.38071 3991681
9.38071 3993121
9.3831 3994561
9.3831 3996001
9.3855 3997441
9.3855 3998881
9.5215 4000321
9.5215 4001761
9.5215 4003201
9.52389 4004641
9.52389 4006081
9.55121 4007521
9.55121 4008961
9.5536 4010401
9.5536 4011841
9.55599 4013281
9.55599 4014721
9.55838 4016161
9.55838 4017601
9.69456 4019041
9.69456 4020481
9.69695 4021921
9.69695 4023361
9.69934 4024801
9.69934 4026241
9.7253 4027681
9.7253 4029121
9.72769 4030561
9.72769 4032001
9.73008 4033441
9.73008 4034881
9.73247 4036321
9.73247 4037761
9.86882 4039201
9.86882 4040641
9.87121 4042081
9.87121 4043521
9.8736 4044961
9.8736 4046401
9.8736 4047841
9.89949 4049281
9.89949 4050721
9.90188 4052161
9.90188 4053601
9.90427 4055041
9.90427 4056481
9.90666 4057921
9.90666 4059361
10.0431 4060801
10.0431 4062241
10.0455 4063681
10.0455 4065121
10.0479 4066561
10.0479 4068001
10.0726 4069441
10.0726 4070881
10.0749 4072321
10.0749 4073761
10.0773 4075201
10.0773 4076641
10.0797 4078081
10.0797 4079521
10.2163 4080961
10.2163 4082401
10.2187 4083841
10.2187 4085281
10.2211 4086721
10.2211 4088161
10.2454 4089601
10.2454 4091041
10.2454 4092481
10.2478 4093921
10.2478 4095361
10.2502 4096801
10.2502 4098241
10.2526 4099681
10.2526 4101121
10.3895 4102561
10.3895 4104001
10.3919 4105441
10.3919 4106881
10.3943 4108321
10.3943 4109761
10.4183 4111201
10.4183 4112641
10.4207 4114081
10.4207 4115521
10.4231 4116961
10.4231 4118401
10.4255 4119841
10.4255 4121281
10.4279 4122721
10.4279 4124161
10.5636 4125601
10.5636 4127041
10.566 4128481
10.566 4129921
10.5684 4131361
10.5684 4132801
10.5927 4134241
10.5927 4135681
10.5951 4137121
10.5951 4138561
10.5975 4140001
10.5975 4141441
10.5975 4142881
10.5999 4144321
10.5999 4145761
10.6023 4147201
10.6023 4148641
10.7377 4150081
10.7377 4151521
10.7401 4152961
10.7401 4154401
10.7425 4155841
10.7425 4157281
10.7668 4158721
10.7668 4160161
10.7692 4161601
10.7692 4163041
10.7716 4164481
10.7716 4165921
10.774 4167361
10.774 4168801
10.7763 4170241
10.7763 4171681
10.9106 4173121
10.9106 4174561
10.913 4176001
10.913 4177441
10.9154 4178881
10.9154 4180321
10.9397 4181761
10.9397 4183201
10.9421 4184641
10.9421 4186081
10.9445 4187521
10.9445 4188961
10.9468 4190401
10.9468 4191841
10.9492 4193281
10.9492 4194721
10.9492 4196161
11.0835 4197601
11.0835 4199041
11.0859 4200481
11.0859 4201921
11.0883 4203361
11.0883 4204801
11.1126 4206241
11.1126 4207681
11.115 4209121
11.115 4210561
11.1174 4212001
11.1174 4213441
11.1198 4214881
11.1198 4216321
11.1222 4217761
11.1222 4219201
11.1246 4220641
11.1246 4222081
11.2579 4223521
11.2579 4224961
11.2603 4226401
11.2603 4227841
11.2626 4229281
11.2626 4230721
11.2867 4232161
11.2867 4233601
11.2891 4235041
11.2891 4236481
11.2915 4237921
11.2915 4239361
11.2939 4240801
11.2939 4242241
11.2963 4243681
11.2963 4245121
11.2987 4246561
11.2987 4248001
11.2987 4249441
11.432 4250881
11.432 4252321
11.4343 4253761
11.4343 4255201
11.4367 4256641
11.4367 4258081
11.4608 4259521
11.4608 4260961
11.4632 4262401
11.4632 4263841
11.4656 4265281
11.4656 4266721
11.468 4268161
11.468 4269601
11.4703 4271041
11.4703 4272481
11.4727 4273921
11.4727 4275361
11.6048 4276801
11.6048 4278241
11.6072 4279681
11.6072 4281121
11.6096 4282561
11.6096 4284001
11.6337 4285441
11.6337 4286881
11.6361 4288321
11.6361 4289761
11.6385 4291201
11.6385 4292641
11.6408 4294081
11.6408 4295521
11.6432 4296961
11.6432 4298401
11.6456 4299841
11.6456 4301281
11.7777 4302721
11.7777 4304161
11.7801 4305601
11.7801 4307041
11.7801 4308481
11.7825 4309921
11.7825 4311361
11.8067 4312801
11.8067 4314241
11.8091 4315681
11.8091 4317121
11.8115 4318561
11.8115 4320001
11.8138 4321441
11.8138 4322881
11.8162 4324321
11.8162 4325761
11.8186 4327201
11.8186 4328641
11.9506 4330081
11.9506 4331521
11.953 4332961
11.953 4334401
11.9578 4335841
11.9578 4337281
11.9578 4338721
11.9578 4340161
11.9809 4341601
11.9809 4343041
11.9833 4344481
11.9833 4345921
11.9857 4347361
11.9857 4348801
11.9881 4350241
11.9881 4351681
11.9905 4353121
11.9905 4354561
11.9929 4356001
11.9929 4357441
12.1247 4358881
12.1247 4360321
12.1271 4361761
12.1271 4363201
12.1319 4364641
12.1319 4366081
12.1343 4367521
12.1343 4368961
12.1343 4370401
12.1552 4371841
12.1552 4373281
12.1576 4374721
12.1576 4376161
12.16 4377601
12.16 4379041
12.1624 4380481
12.1624 4381921
12.1647 4383361
12.1647 4384801
12.1671 4386241
12.1671 4387681
12.2988 4389121
12.2988 4390561
12.3012 4392001
12.3012 4393441
12.306 4394881
12.306 4396321
12.3084 4397761
12.3084 4399201
12.3282 4400641
12.3282 4402081
12.3306 4403521
12.3306 4404961
12.333 4406401
12.333 4407841
12.3354 4409281
12.3354 4410721
12.3378 4412161
12.3378 4413601
12.3402 4415041
12.3402 4416481
12.4719 4417921
12.4719 4419361
12.4743 4420801
12.4743 4422241
12.4791 4423681
12.4791 4425121
12.4815 4426561
12.4815 4428001
12.5013 4429441
12.5013 4430881
12.5037 4432321
12.5037 4433761
12.5037 4435201
12.5061 4436641
12.5061 4438081
12.5085 4439521
12.5085 4440961
12.5109 4442401
12.5109 4443841
12.5133 4445281
12.5133 4446721
12.645 4448161
12.645 4449601
12.6474 4451041
12.6474 4452481
12.6522 4453921
12.6522 4455361
12.6545 4456801
12.6545 4458241
12.6744 4459681
12.6744 4461121
12.6768 4462561
12.6768 4464001
12.6792 4465441
12.6792 4466881
12.6816 4468321
12.6816 4469761
12.6839 4471201
12.6839 4472641
12.6863 4474081
12.6863 4475521
12.6887 4476961
12.6887 4478401
12.8192 4479841
12.8192 4481281
12.8216 4482721
12.8216 4484161
12.8264 4485601
12.8264 4487041
12.8288 4488481
12.8288 4489921
12.8486 4491361
12.8486 4492801
12.851 4494241
12.851 4495681
12.8534 4497121
12.8534 4498561
12.8558 4500001
12.8558 4501441
12.8558 4502881
12.8582 4504321
12.8582 4505761
12.8606 4507201
12.8606 4508641
12.863 4510081
12.863 4511521
12.9935 4512961
12.9935 4514401
12.9959 4515841
12.9959 4517281
13.0007 4518721
13.0007 4520161
13.0031 4521601
13.0031 4523041
13.0229 4524481
13.0229 4525921
13.0253 4527361
13.0253 4528801
13.0277 4530241
13.0277 4531681
13.0301 4533121
13.0301 4534561
13.0325 4536001
13.0325 4537441
13.0352 4538881
13.0352 4540321
13.0376 4541761
13.0376 4543201
13.1666 4544641
13.1666 4546081
13.1689 4547521
13.1689 4548961
13.1737 4550401
13.1737 4551841
13.1761 4553281
13.1761 4554721
13.196 4556161
13.196 4557601
13.1983 4559041
13.1983 4560481
13.2007 4561921
13.2007 4563361
13.2035 4564801
13.2035 4566241
13.2059 4567681
13.2059 4569121
13.2059 4570561
13.2083 4572001
13.2083 4573441
13.2107 4574881
13.2107 4576321
13.3396 4577761
13.3396 4579201
13.342 4580641
13.342 4582081
13.3468 4583521
13.3468 4584961
13.3492 4586401
13.3492 4587841
13.369 4589281
13.369 4590721
13.3718 4592161
13.3718 4593601
13.3742 4595041
13.3742 4596481
13.3766 4597921
13.3766 4599361
13.379 4600801
13.379 4602241
13.3814 4603681
13.3814 4605121
13.3838 4606561
13.3838 4608001
13.3861 4609441
13.3861 4610881
13.5139 4612321
13.5139 4613761
13.5163 4615201
13.5163 4616641
13.521 4618081
13.521 4619521
13.5234 4620961
13.5234 4622401
13.5437 4623841
13.5437 4625281
13.5461 4626721
13.5461 4628161
13.5484 4629601
13.5484 4631041
13.5508 4632481
13.5508 4633921
13.5532 4635361
13.5532 4636801
13.5556 4638241
13.5556 4639681
13.558 4641121
13.558 4642561
13.558 4644001
13.5604 4645441
13.5604 4646881
13.6881 4648321
13.6881 4649761
13.6905 4651201
13.6905 4652641
13.6953 4654081
13.6953 4655521
13.6977 4656961
13.6977 4658401
13.7179 4659841
13.7179 4661281
13.7203 4662721
13.7203 4664161
13.7227 4665601
13.7227 4667041
13.7251 4668481
13.7251 4669921
13.7275 4671361
13.7275 4672801
13.7299 4674241
13.7299 4675681
13.7323 4677121
13.7323 4678561
13.7347 4680001
13.7347 4681441
13.8612 4682881
13.8612 4684321
13.8636 4685761
13.8636 4687201
13.8684 4688641
13.8684 4690081
13.8707 4691521
13.8707 4692961
13.891 4694401
13.891 4695841
13.8934 4697281
13.8934 4698721
13.8958 4700161
13.8958 4701601
13.8982 4703041
13.8982 4704481
13.9005 4705921
13.9005 4707361
13.9029 4708801
13.9029 4710241
13.9053 4711681
13.9053 4713121
13.9077 4714561
13.9077 4716001
14.0341 4717441
14.0341 4718881
14.0341 4720321
14.0365 4721761
14.0365 4723201
14.0413 4724641
14.0413 4726081
14.0439 4727521
14.0439 4728961
14.0642 4730401
14.0642 4731841
14.0666 4733281
14.0666 4734721
14.069 4736161
14.069 4737601
14.0714 4739041
14.0714 4740481
14.0738 4741921
14.0738 4743361
14.0762 4744801
14.0762 4746241
14.0786 4747681
14.0786 4749121
14.081 4750561
14.081 4752001
14.2073 4753441
14.2073 4754881
14.2097 4756321
14.2097 4757761
14.2121 4759201
14.2121 4760641
14.2157 4762081
14.2157 4763521
14.2181 4764961
14.2181 4766401
14.2384 4767841
14.2384 4769281
14.2408 4770721
14.2408 4772161
14.2432 4773601
14.2432 4775041
14.2456 4776481
14.2456 4777921
14.2479 4779361
14.2479 4780801
14.2503 4782241
14.2503 4783681
14.2527 4785121
14.2527 4786561
14.2551 4788001
14.2551 4789441
14.3814 4790881
14.3814 4792321
14.3838 4793761
14.3838 4795201
14.3862 4796641
14.3862 4798081
14.3862 4799521
14.3898 4800961
14.3898 4802401
14.3922 4803841
14.3922 4805281
14.4125 4806721
14.4125 4808161
14.4149 4809601
14.4149 4811041
14.4172 4812481
14.4172 4813921
14.4196 4815361
14.4196 4816801
14.422 4818241
14.422 4819681
14.4244 4821121
14.4244 4822561
14.4268 4824001
14.4268 4825441
14.4292 4826881
14.4292 4828321
14.5555 4829761
14.5555 4831201
14.5579 4832641
14.5579 4834081
14.5603 4835521
14.5603 4836961
14.5627 4838401
14.5627 4839841
14.5651 4841281
14.5651 4842721
14.5854 4844161
14.5854 4845601
14.5877 4847041
14.5877 4848481
14.5901 4849921
14.5901 4851361
14.5925 4852801
14.5925 4854241
14.5949 4855681
14.5949 4857121
14.5973 4858561
14.5973 4860001
14.5997 4861441
14.5997 4862881
14.6021 4864321
14.6021 4865761
14.7284 4867201
14.7284 4868641
14.7308 4870081
14.7308 4871521
14.7332 4872961
14.7332 4874401
14.7356 4875841
14.7356 4877281
14.7356 4878721
14.738 4880161
14.738 4881601
14.7583 4883041
14.7583 4884481
14.7607 4885921
14.7607 4887361
14.7631 4888801
14.7631 4890241
14.7655 4891681
14.7655 4893121
14.7679 4894561
14.7679 4896001
14.7702 4897441
14.7702 4898881
14.7726 4900321
14.7726 4901761
14.775 4903201
14.775 4904641
14.9013 4906081
14.9013 4907521
14.9037 4908961
14.9037 4910401
14.9061 4911841
14.9061 4913281
14.9085 4914721
14.9085 4916161
14.9109 4917601
14.9109 4919041
14.9133 4920481
14.9133 4921921
14.9324 4923361
14.9324 4924801
14.9348 4926241
14.9348 4927681
14.9372 4929121
14.9372 4930561
14.9396 4932001
14.9396 4933441
14.9419 4934881
14.9419 4936321
14.9443 4937761
14.9443 4939201
14.9467 4940641
14.9467 4942081
14.9491 4943521
14.9491 4944961
15.0754 4946401
15.0754 4947841
15.0778 4949281
15.0778 4950721
15.0802 4952161
15.0802 4953601
15.0826 4955041
15.0826 4956481
15.085 4957921
15.085 4959361
15.0873 4960801
15.0873 4962241
15.0873 4963681
15.1065 4965121
15.1065 4966561
15.1089 4968001
15.1089 4969441
15.1112 4970881
15.1112 4972321
15.1136 4973761
15.1136 4975201
15.116 4976641
15.116 4978081
15.1184 4979521
15.1184 4980961
15.1208 4982401
15.1208 4983841
15.1232 4985281
15.1232 4986721
15.2498 4988161
15.2498 4989601
15.2522 4991041
15.2522 4992481
15.2546 4993921
15.2546 4995361
15.2569 4996801
15.2569 4998241
15.2593 4999681
15.2593 5001121
15.2617 5002561
15.2617 5004001
15.2794 5005441
15.2794 5006881
15.2817 5008321
15.2817 5009761
15.2841 5011201
15.2841 5012641
15.2865 5014081
15.2865 5015521
15.2889 5016961
15.2889 5018401
15.2913 5019841
15.2913 5021281
15.2937 5022721
15.2937 5024161
15.2961 5025601
15.2961 5027041
15.4228 5028481
15.4228 5029921
15.4252 5031361
15.4252 5032801
15.4276 5034241
15.4276 5035681
15.43 5037121
15.43 5038561
15.4324 5040001
15.4324 5041441
15.4348 5042881
15.4348 5044321
15.4522 5045761
15.4522 5047201
15.4546 5048641
15.4546 5050081
15.4546 5051521
15.457 5052961
15.457 5054401
15.4594 5055841
15.4594 5057281
15.4618 5058721
15.4618 5060161
15.4642 5061601
15.4642 5063041
15.4666 5064481
15.4666 5065921
15.469 5067361
15.469 5068801
15.5959 5070241
15.5959 5071681
15.5983 5073121
15.5983 5074561
15.6007 5076001
15.6007 5077441
15.6031 5078881
15.6031 5080321
15.6055 5081761
15.6055 5083201
15.6078 5084641
15.6078 5086081
15.6251 5087521
15.6251 5088961
15.6275 5090401
15.6275 5091841
15.6299 5093281
15.6299 5094721
15.6323 5096161
15.6323 5097601
15.6347 5099041
15.6347 5100481
15.6371 5101921
15.6371 5103361
15.6395 5104801
15.6395 5106241
15.6419 5107681
15.6419 5109121
15.6443 5110561
15.6443 5112001
15.7701 5113441
15.7701 5114881
15.7725 5116321
15.7725 5117761
15.7749 5119201
15.7749 5120641
15.7773 5122081
15.7773 5123521
15.7797 5124961
15.7797 5126401
15.7821 5127841
15.7821 5129281
15.7992 5130721
15.7992 5132161
15.8016 5133601
15.8016 5135041
15.804 5136481
15.804 5137921
15.8064 5139361
15.8064 5140801
15.8064 5142241
15.8088 5143681
15.8088 5145121
15.8112 5146561
15.8112 5148001
15.8136 5149441
15.8136 5150881
15.816 5152321
15.816 5153761
15.8187 5155201
15.8187 5156641
15.9444 5158081
15.9444 5159521
15.9468 5160961
15.9468 5162401
15.9492 5163841
15.9492 5165281
15.9516 5166721
15.9516 5168161
15.954 5169601
15.954 5171041
15.9564 5172481
15.9564 5173921
15.9733 5175361
15.9733 5176801
15.9757 5178241
15.9757 5179681
15.9781 5181121
15.9781 5182561
15.9805 5184001
15.9805 5185441
15.9829 5186881
15.9829 5188321
15.9853 5189761
15.9853 5191201
15.9876 5192641
15.9876 5194081
15.99 5195521
15.99 5196961
15.9924 5198401
15.9924 5199841
16.1173 5201281
16.1173 5202721
16.1197 5204161
16.1197 5205601
16.1221 5207041
16.1221 5208481
16.1245 5209921
16.1245 5211361
16.1269 5212801
16.1269 5214241
16.1292 5215681
16.1292 5217121
16.1462 5218561
16.1462 5220001
16.1486 5221441
16.1486 5222881
16.151 5224321
16.151 5225761
16.1534 5227201
16.1534 5228641
16.1558 5230081
16.1558 5231521
16.1558 5232961
16.1581 5234401
16.1581 5235841
16.1605 5237281
16.1605 5238721
16.1629 5240161
16.1629 5241601
16.1654 5243041
16.1654 5244481
16.2902 5245921
16.2902 5247361
16.2926 5248801
16.2926 5250241
16.295 5251681
16.295 5253121
16.2974 5254561
16.2974 5256001
16.2997 5257441
16.2997 5258881
16.3021 5260321
16.3021 5261761
16.3192 5263201
16.3192 5264641
16.3216 5266081
16.3216 5267521
16.324 5268961
16.324 5270401
16.3264 5271841
16.3264 5273281
16.3288 5274721
16.3288 5276161
16.3312 5277601
16.3312 5279041
16.3335 5280481
16.3335 5281921
16.3359 5283361
16.3359 5284801
16.3385 5286241
16.3385 5287681
16.3408 5289121
16.3408 5290561
16.4643 5292001
16.4643 5293441
16.4667 5294881
16.4667 5296321
16.469 5297761
16.469 5299201
16.4714 5300641
16.4714 5302081
16.4738 5303521
16.4738 5304961
16.4762 5306401
16.4762 5307841
16.4933 5309281
16.4933 5310721
16.4957 5312161
16.4957 5313601
16.4981 5315041
16.4981 5316481
16.5005 5317921
16.5005 5319361
16.5028 5320801
16.5028 5322241
16.5052 5323681
16.5052 5325121
16.5077 5326561
16.5077 5328001
16.5077 5329441
16.5101 5330881
16.5101 5332321
16.5125 5333761
16.5125 5335201
16.5149 5336641
16.5149 5338081
16.6383 5339521
16.6383 5340961
16.6407 5342401
16.6407 5343841
16.6431 5345281
16.6431 5346721
16.6455 5348161
16.6455 5349601
16.6479 5351041
16.6479 5352481
16.6503 5353921
16.6503 5355361
16.6674 5356801
16.6674 5358241
16.6698 5359681
16.6698 5361121
16.6722 5362561
16.6722 5364001
16.6745 5365441
16.6745 5366881
16.6769 5368321
16.6769 5369761
16.6796 5371201
16.6796 5372641
16.682 5374081
16.682 5375521
16.6844 5376961
16.6844 5378401
16.6868 5379841
16.6868 5381281
16.6892 5382721
16.6892 5384161
16.8113 5385601
16.8113 5387041
16.8137 5388481
16.8137 5389921
16.8161 5391361
16.8161 5392801
16.8185 5394241
16.8185 5395681
16.8209 5397121
16.8209 5398561
16.8233 5400001
16.8233 5401441
16.8403 5402881
16.8403 5404321
16.8427 5405761
16.8427 5407201
16.845 5408641
16.845 5410081
16.8474 5411521
16.8474 5412961
16.8498 5414401
16.8498 5415841
16.8527 5417281
16.8527 5418721
16.8551 5420161
16.8551 5421601
16.8574 5423041
16.8574 5424481
16.8598 5425921
16.8598 5427361
16.8598 5428801
16.8622 5430241
16.8622 5431681
16.9844 5433121
16.9844 5434561
16.9868 5436001
16.9868 5437441
16.9891 5438881
16.9891 5440321
16.9915 5441761
16.9915 5443201
16.9939 5444641
16.9939 5446081
16.9963 5447521
16.9963 5448961
17.0132 5450401
17.0132 5451841
17.0155 5453281
17.0155 5454721
17.0179 5456161
17.0179 5457601
17.0203 5459041
17.0203 5460481
17.0227 5461921
17.0227 5463361
17.0257 5464801
17.0257 5466241
17.0281 5467681
17.0281 5469121
17.0305 5470561
17.0305 5472001
17.0329 5473441
17.0329 5474881
17.0353 5476321
17.0353 5477761
17.0377 5479201
17.0377 5480641
17.1588 5482081
17.1588 5483521
17.1612 5484961
17.1612 5486401
17.1636 5487841
17.1636 5489281
17.166 5490721
17.166 5492161
17.1684 5493601
17.1684 5495041
17.1708 5496481
17.1708 5497921
17.1875 5499361
17.1875 5500801
17.1899 5502241
17.1899 5503681
17.1923 5505121
17.1923 5506561
17.1947 5508001
17.1947 5509441
17.197 5510881
17.197 5512321
17.2002 5513761
17.2002 5515201
17.2025 5516641
17.2025 5518081
17.2049 5519521
17.2049 5520961
17.2073 5522401
17.2073 5523841
17.2097 5525281
17.2097 5526721
17.2121 5528161
17.2121 5529601
17.2121 5531041
17.3331 5532481
17.3331 5533921
17.3354 5535361
17.3354 5536801
17.3378 5538241
17.3378 5539681
17.3402 5541121
17.3402 5542561
17.3426 5544001
17.3426 5545441
17.345 5546881
17.345 5548321
17.3617 5549761
17.3617 5551201
17.3641 5552641
17.3641 5554081
17.3665 5555521
17.3665 5556961
17.3689 5558401
17.3689 5559841
17.3713 5561281
17.3713 5562721
17.3744 5564161
17.3744 5565601
17.3768 5567041
17.3768 5568481
17.3792 5569921
17.3792 5571361
17.3816 5572801
17.3816 5574241
17.384 5575681
17.384 5577121
17.3864 5578561
17.3864 5580001
17.5061 5581441
17.5061 5582881
17.5085 5584321
17.5085 5585761
17.5109 5587201
17.5109 5588641
17.5133 5590081
17.5133 5591521
17.5157 5592961
17.5157 5594401
17.5181 5595841
17.5181 5597281
17.5348 5598721
17.5348 5600161
17.5372 5601601
17.5372 5603041
17.5396 5604481
17.5396 5605921
17.542 5607361
17.542 5608801
17.5444 5610241
17.5444 5611681
17.5475 5613121
17.5475 5614561
17.5499 5616001
17.5499 5617441
17.5522 5618881
17.5522 5620321
17.5546 5621761
17.5546 5623201
17.5574 5624641
17.5574 5626081
17.5598 5627521
17.5598 5628961
17.6792 5630401
17.6792 5631841
17.6816 5633281
17.6816 5634721
17.6816 5636161
17.684 5637601
17.684 5639041
17.6863 5640481
17.6863 5641921
17.6887 5643361
17.6887 5644801
17.6911 5646241
17.6911 5647681
17.7079 5649121
17.7079 5650561
17.7103 5652001
17.7103 5653441
17.7126 5654881
17.7126 5656321
17.715 5657761
17.715 5659201
17.7174 5660641
17.7174 5662081
17.7205 5663521
17.7205 5664961
17.7229 5666401
17.7229 5667841
17.7257 5669281
17.7257 5670721
17.7281 5672161
17.7281 5673601
17.7305 5675041
17.7305 5676481
17.7329 5677921
17.7329 5679361
17.8521 5680801
17.8521 5682241
17.8545 5683681
17.8545 5685121
17.8568 5686561
17.8568 5688001
17.8592 5689441
17.8592 5690881
17.8616 5692321
17.8616 5693761
17.864 5695201
17.864 5696641
17.8664 5698081
17.8664 5699521
17.8819 5700961
17.8819 5702401
17.8843 5703841
17.8843 5705281
17.8867 5706721
17.8867 5708161
17.8891 5709601
17.8891 5711041
17.8915 5712481
17.8915 5713921
17.895 5715361
17.895 5716801
17.8974 5718241
17.8974 5719681
17.8998 5721121
17.8998 5722561
17.9022 5724001
17.9022 5725441
17.9046 5726881
17.9046 5728321
17.907 5729761
17.907 5731201
18.0262 5732641
18.0262 5734081
18.0285 5735521
18.0285 5736961
18.0309 5738401
18.0309 5739841
18.0333 5741281
18.0333 5742721
18.0333 5744161
18.0357 5745601
18.0357 5747041
18.0381 5748481
18.0381 5749921
18.0405 5751361
18.0405 5752801
18.056 5754241
18.056 5755681
18.0584 5757121
18.0584 5758561
18.0611 5760001
18.0611 5761441
18.0635 5762881
18.0635 5764321
18.0659 5765761
18.0659 5767201
18.0694 5768641
18.0694 5770081
18.0718 5771521
18.0718 5772961
18.0742 5774401
18.0742 5775841
18.0766 5777281
18.0766 5778721
18.079 5780161
18.079 5781601
18.0814 5783041
18.0814 5784481
18.2002 5785921
18.2002 5787361
18.2026 5788801
18.2026 5790241
18.205 5791681
18.205 5793121
18.2074 5794561
18.2074 5796001
18.2098 5797441
18.2098 5798881
18.2122 5800321
18.2122 5801761
18.2146 5803201
18.2146 5804641
18.2292 5806081
18.2292 5807521
18.2316 5808961
18.2316 5810401
18.234 5811841
18.234 5813281
18.2364 5814721
18.2364 5816161
18.2387 5817601
18.2387 5819041
18.2423 5820481
18.2423 5821921
18.2447 5823361
18.2447 5824801
18.2471 5826241
18.2471 5827681
18.2495 5829121
18.2495 5830561
18.2519 5832001
18.2519 5833441
18.2546 5834881
18.2546 5836321
18.3731 5837761
18.3731 5839201
18.3755 5840641
18.3755 5842081
18.3779 5843521
18.3779 5844961
18.3803 5846401
18.3803 5847841
18.3827 5849281
18.3827 5850721
18.3851 5852161
18.3851 5853601
18.3851 5855041
18.3875 5856481
18.3875 5857921
18.4021 5859361
18.4021 5860801
18.4044 5862241
18.4044 5863681
18.4069 5865121
18.4069 5866561
18.4092 5868001
18.4092 5869441
18.4116 5870881
18.4116 5872321
18.4152 5873761
18.4152 5875201
18.4176 5876641
18.4176 5878081
18.42 5879521
18.42 5880961
18.4224 5882401
18.4224 5883841
18.4248 5885281
18.4248 5886721
18.4276 5888161
18.4276 5889601
18.546 5891041
18.546 5892481
18.5484 5893921
18.5484 5895361
18.5508 5896801
18.5508 5898241
18.5532 5899681
18.5532 5901121
18.5556 5902561
18.5556 5904001
18.558 5905441
18.558 5906881
18.5604 5908321
18.5604 5909761
18.5631 5911201
18.5631 5912641
18.5763 5914081
18.5763 5915521
18.5786 5916961
18.5786 5918401
18.581 5919841
18.581 5921281
18.5834 5922721
18.5834 5924161
18.5858 5925601
18.5858 5927041
18.5893 5928481
18.5893 5929921
18.5917 5931361
18.5917 5932801
18.5941 5934241
18.5941 5935681
18.5965 5937121
18.5965 5938561
18.599 5940001
18.599 5941441
18.6017 5942881
18.6017 5944321
18.7201 5945761
18.7201 5947201
18.7225 5948641
18.7225 5950081
18.7249 5951521
18.7249 5952961
18.7273 5954401
18.7273 5955841
18.7297 5957281
18.7297 5958721
18.7324 5960161
18.7324 5961601
18.7348 5963041
18.7348 5964481
18.7372 5965921
18.7372 5967361
18.7372 5968801
18.7503 5970241
18.7503 5971681
18.7527 5973121
18.7527 5974561
18.7551 5976001
18.7551 5977441
18.7575 5978881
18.7575 5980321
18.7599 5981761
18.7599 5983201
18.7634 5984641
18.7634 5986081
18.7659 5987521
18.7659 5988961
18.7683 5990401
18.7683 5991841
18.7707 5993281
18.7707 5994721
18.7731 5996161
18.7731 5997601
18.7758 5999041
18.7758 6000481
18.8942 6001921
18.8942 6003361
18.8966 6004801
18.8966 6006241
18.8993 6007681
18.8993 6009121
18.9017 6010561
18.9017 6012001
18.9043 6013441
18.9043 6014881
18.9066 6016321
18.9066 6017761
18.909 6019201
18.909 6020641
18.9114 6022081
18.9114 6023521
18.9232 6024961
18.9232 6026401
18.9256 6027841
18.9256 6029281
18.928 6030721
18.928 6032161
18.9304 6033601
18.9304 6035041
18.9328 6036481
18.9328 6037921
18.9363 6039361
18.9363 6040801
18.9388 6042241
18.9388 6043681
18.9412 6045121
18.9412 6046561
18.9436 6048001
18.9436 6049441
18.946 6050881
18.946 6052321
18.9487 6053761
18.9487 6055201
19.0676 6056641
19.0676 6058081
19.07 6059521
19.07 6060961
19.0724 6062401
19.0724 6063841
19.0748 6065281
19.0748 6066721
19.0773 6068161
19.0773 6069601
19.0797 6071041
19.0797 6072481
19.0821 6073921
19.0821 6075361
19.0845 6076801
19.0845 6078241
19.0961 6079681
19.0961 6081121
19.0985 6082561
19.0985 6084001
19.0985 6085441
19.1009 6086881
19.1009 6088321
19.1045 6089761
19.1045 6091201
19.1057 6092641
19.1069 6032161
19.2504 6092641
19.2504 6094081
19.2516 6095521
19.2528 6096961
19.254 6098401
19.2552 6099841
19.2564 6101281
19.2576 6102721
19.2588 6104161
19.269 6105601
19.2702 6107041
19.2714 6108481
19.2726 6109921
19.2738 6111361
19.275 6112801
19.2762 6114241
19.2774 6115681
19.2786 6117121
19.2798 6118561
19.281 6120001
19.4245 6121441
19.4245 6122881
19.4269 6124321
19.4269 6125761
19.4293 6127201
19.4293 6128641
19.4316 6130081
19.4316 6131521
19.4431 6132961
19.4431 6134401
19.4455 6135841
19.4455 6137281
19.4479 6138721
19.4479 6140161
19.4503 6141601
19.4503 6143041
19.4527 6144481
19.4527 6145921
19.5974 6147361
19.5974 6148801
19.5998 6150241
19.5998 6151681
19.6021 6153121
19.6021 6154561
19.6045 6156001
19.6045 6157441
19.616 6158881
19.616 6160321
19.6184 6161761
19.6184 6163201
19.6208 6164641
19.6208 6166081
19.6232 6167521
19.6232 6168961
19.6256 6170401
19.6256 6171841
19.7702 6173281
19.7702 6174721
19.7726 6176161
19.7726 6177601
19.7726 6179041
19.7754 6180481
19.7754 6181921
19.7778 6183361
19.7778 6184801
19.7889 6186241
19.7889 6187681
19.7913 6189121
19.7913 6190561
19.7937 6192001
19.7937 6193441
19.7961 6194881
19.7961 6196321
19.7985 6197761
19.7985 6199201
19.9437 6200641
19.9437 6202081
19.9461 6203521
19.9461 6204961
19.9485 6206401
19.9485 6207841
19.9509 6209281
19.9509 6210721
19.9533 6212161
19.9533 6213601
19.963 6215041
19.963 6216481
19.9654 6217921
19.9654 6219361
19.9678 6220801
19.9678 6222241
19.9702 6223681
19.9702 6225121
19.9725 6226561
19.9725 6228001
20.1178 6229441
20.1178 6230881
20.1202 6232321
20.1202 6233761
20.1226 6235201
20.1226 6236641
20.125 6238081
20.125 6239521
20.125 6240961
20.1274 6242401
20.1274 6243841
20.1371 6245281
20.1371 6246721
20.1394 6248161
20.1394 6249601
20.1418 6251041
20.1418 6252481
20.1442 6253921
20.1442 6255361
20.1466 6256801
20.1466 6258241
20.2919 6259681
20.2919 6261121
20.2943 6262561
20.2943 6264001
20.2967 6265441
20.2967 6266881
20.2991 6268321
20.2991 6269761
20.3015 6271201
20.3015 6272641
20.3099 6274081
20.3099 6275521
20.3123 6276961
20.3123 6278401
20.3147 6279841
20.3147 6281281
20.3171 6282721
20.3171 6284161
20.3195 6285601
20.3195 6287041
20.465 6288481
20.465 6289921
20.4674 6291361
20.4674 6292801
20.4698 6294241
20.4698 6295681
20.4721 6297121
20.4721 6298561
20.4745 6300001
20.4745 6301441
20.4745 6302881
20.4828 6304321
20.4828 6305761
20.4852 6307201
20.4852 6308641
20.4876 6310081
20.4876 6311521
20.49 6312961
20.49 6314401
20.4924 6315841
20.4924 6317281
20.638 6318721
20.638 6320161
20.6404 6321601
20.6404 6323041
20.6428 6324481
20.6428 6325921
20.6452 6327361
20.6452 6328801
20.6476 6330241
20.6476 6331681
20.65 6333121
20.65 6334561
20.6569 6336001
20.6569 6337441
20.6593 6338881
20.6593 6340321
20.6617 6341761
20.6617 6343201
20.6641 6344641
20.6641 6346081
20.6665 6347521
20.6665 6348961
20.8123 6350401
20.8123 6351841
20.8147 6353281
20.8147 6354721
20.8171 6356161
20.8171 6357601
20.8194 6359041
20.8194 6360481
20.8218 6361921
20.8218 6363361
20.8242 6364801
20.8242 6366241
20.831 6367681
20.831 6369121
20.831 6370561
20.8334 6372001
20.8334 6373441
20.8358 6374881
20.8358 6376321
20.8382 6377761
20.8382 6379201
20.8406 6380641
20.8406 6382081
20.9865 6383521
20.9865 6384961
20.9889 6386401
20.9889 6387841
20.9913 6389281
20.9913 6390721
20.9937 6392161
20.9937 6393601
20.9961 6395041
20.9961 6396481
20.9985 6397921
20.9985 6399361
21.0051 6400801
21.0051 6402241
21.0075 6403681
21.0075 6405121
21.0099 6406561
21.0099 6408001
21.0123 6409441
21.0123 6410881
21.0147 6412321
21.0147 6413761
21.1596 6415201
21.1596 6416641
21.162 6418081
21.162 6419521
21.1644 6420961
21.1644 6422401
21.1668 6423841
21.1668 6425281
21.1692 6426721
21.1692 6428161
21.1715 6429601
21.1715 6431041
21.178 6432481
21.178 6433921
21.1804 6435361
21.1804 6436801
21.1828 6438241
21.1828 6439681
21.1828 6441121
21.1852 6442561
21.1852 6444001
21.1875 6445441
21.1875 6446881
21.3326 6448321
21.3326 6449761
21.335 6451201
21.335 6452641
21.3375 6454081
21.3375 6455521
21.3399 6456961
21.3399 6458401
21.3423 6459841
21.3423 6461281
21.3447 6462721
21.3447 6464161
21.3509 6465601
21.3509 6467041
21.3533 6468481
21.3533 6469921
21.3557 6471361
21.3557 6472801
21.358 6474241
21.358 6475681
21.3604 6477121
21.3604 6478561
21.3628 6480001
21.3628 6481441
21.5069 6482881
21.5069 6484321
21.5093 6485761
21.5093 6487201
21.5117 6488641
21.5117 6490081
21.5141 6491521
21.5141 6492961
21.5165 6494401
21.5165 6495841
21.5189 6497281
21.5189 6498721
21.525 6500161
21.525 6501601
21.5273 6503041
21.5273 6504481
21.5297 6505921
21.5297 6507361
21.5321 6508801
21.5321 6510241
21.5321 6511681
21.5345 6513121
21.5345 6514561
21.5369 6516001
21.5369 6517441
21.6812 6518881
21.6812 6520321
21.6835 6521761
21.6835 6523201
21.6859 6524641
21.6859 6526081
21.6883 6527521
21.6883 6528961
21.6907 6530401
21.6907 6531841
21.6931 6533281
21.6931 6534721
21.699 6536161
21.699 6537601
21.7014 6539041
21.7014 6540481
21.7038 6541921
21.7038 6543361
21.7062 6544801
21.7062 6546241
21.7086 6547681
21.7086 6549121
21.711 6550561
21.711 6552001
21.8542 6553441
21.8542 6554881
21.8566 6556321
21.8566 6557761
21.859 6559201
21.859 6560641
21.8614 6562081
21.8614 6563521
21.8638 6564961
21.8638 6566401
21.8662 6567841
21.8662 6569281
21.8719 6570721
21.8719 6572161
21.8743 6573601
21.8743 6575041
21.8767 6576481
21.8767 6577921
21.8791 6579361
21.8791 6580801
21.8815 6582241
21.8815 6583681
21.8839 6585121
21.8839 6586561
21.8839 6588001
22.0273 6589441
22.0273 6590881
22.0297 6592321
22.0297 6593761
22.0321 6595201
22.0321 6596641
22.0344 6598081
22.0344 6599521
22.0368 6600961
22.0368 6602401
22.0392 6603841
22.0392 6605281
22.0448 6606721
22.0448 6608161
22.0472 6609601
22.0472 6611041
22.052 6612481
22.052 6613921
22.052 6615361
22.052 6616801
22.0544 6618241
22.0544 6619681
22.0568 6621121
22.0568 6622561
22.0592 6624001
22.0592 6625441
22.2015 6626881
22.2015 6628321
22.2039 6629761
22.2039 6631201
22.2063 6632641
22.2063 6634081
22.2087 6635521
22.2087 6636961
22.2111 6638401
22.2111 6639841
22.2135 6641281
22.2135 6642721
22.2189 6644161
22.2189 6645601
22.2213 6647041
22.2213 6648481
22.2261 6649921
22.2261 6651361
22.2285 6652801
22.2285 6654241
22.2309 6655681
22.2309 6657121
22.2332 6658561
22.2332 6660001
22.2356 6661441
22.2356 6662881
22.3758 6664321
22.3758 6665761
22.3782 6667201
22.3782 6668641
22.3782 6670081
22.3806 6671521
22.3806 6672961
22.383 6674401
22.383 6675841
22.3853 6677281
22.3853 6678721
22.3877 6680161
22.3877 6681601
22.393 6683041
22.393 6684481
22.3954 6685921
22.3954 6687361
22.4002 6688801
22.4002 6690241
22.4026 6691681
22.4026 6693121
22.4049 6694561
22.4049 6696001
22.4073 6697441
22.4073 6698881
22.4097 6700321
22.4097 6701761
22.55 6703201
22.55 6704641
22.5524 6706081
22.5524 6707521
22.5548 6708961
22.5548 6710401
22.5572 6711841
22.5572 6713281
22.5596 6714721
22.5596 6716161
22.562 6717601
22.562 6719041
22.5659 6720481
22.5659 6721921
22.5683 6723361
22.5683 6724801
22.573 6726241
22.573 6727681
22.5754 6729121
22.5754 6730561
22.5778 6732001
22.5778 6733441
22.5802 6734881
22.5802 6736321
22.5826 6737761
22.5826 6739201
22.7231 6740641
22.7231 6742081
22.7255 6743521
22.7255 6744961
22.7279 6746401
22.7279 6747841
22.7303 6749281
22.7303 6750721
22.7303 6752161
22.7327 6753601
22.7327 6755041
22.7351 6756481
22.7351 6757921
22.7388 6759361
22.7388 6760801
22.7412 6762241
22.7412 6763681
22.7459 6765121
22.7459 6766561
22.7483 6768001
22.7483 6769441
22.7507 6770881
22.7507 6772321
22.7531 6773761
22.7531 6775201
22.7555 6776641
22.7555 6778081
22.8962 6779521
22.8962 6780961
22.8985 6782401
22.8985 6783841
22.9009 6785281
22.9009 6786721
22.9033 6788161
22.9033 6789601
22.9057 6791041
22.9057 6792481
22.9081 6793921
22.9081 6795361
22.9105 6796801
22.9105 6798241
22.9129 6799681
22.9129 6801121
22.9153 6802561
22.9153 6804001
22.92 6805441
22.92 6806881
22.9224 6808321
22.9224 6809761
22.9248 6811201
22.9248 6812641
22.9272 6814081
22.9272 6815521
22.9296 6816961
22.9296 6818401
23.0704 6819841
23.0704 6821281
23.0728 6822721
23.0728 6824161
23.0752 6825601
23.0752 6827041
23.0776 6828481
23.0776 6829921
23.08 6831361
23.08 6832801
23.08 6834241
23.0824 6835681
23.0824 6837121
23.0848 6838561
23.0848 6840001
23.0871 6841441
23.0871 6842881
23.0895 6844321
23.0895 6845761
23.0941 6847201
23.0941 6848641
23.0965 6850081
23.0965 6851521
23.0989 6852961
23.0989 6854401
23.1013 6855841
23.1013 6857281
23.1037 6858721
23.1037 6860161
23.2447 6861601
23.2447 6863041
23.2471 6864481
23.2471 6865921
23.2494 6867361
23.2494 6868801
23.2518 6870241
23.2518 6871681
23.2542 6873121
23.2542 6874561
23.2566 6876001
23.2566 6877441
23.259 6878881
23.259 6880321
23.2614 6881761
23.2614 6883201
23.2638 6884641
23.2638 6886081
23.267 6887521
23.267 6888961
23.2694 6890401
23.2694 6891841
23.2718 6893281
23.2718 6894721
23.2743 6896161
23.2743 6897601
23.2767 6899041
23.2767 6900481
23.4177 6901921
23.4177 6903361
23.4201 6904801
23.4201 6906241
23.4225 6907681
23.4225 6909121
23.4249 6910561
23.4249 6912001
23.4273 6913441
23.4273 6914881
23.4297 6916321
23.4297 6917761
23.4321 6919201
23.4321 6920641
23.4321 6922081
23.4345 6923521
23.4345 6924961
23.4368 6926401
23.4368 6927841
23.4399 6929281
23.4399 6930721
23.4424 6932161
23.4424 6933601
23.4447 6935041
23.4447 6936481
23.4472 6937921
23.4472 6939361
23.4496 6940801
23.4496 6942241
23.5908 6943681
23.5908 6945121
23.5932 6946561
23.5932 6948001
23.5956 6949441
23.5956 6950881
23.598 6952321
23.598 6953761
23.6003 6955201
23.6003 6956641
23.6027 6958081
23.6027 6959521
23.6051 6960961
23.6051 6962401
23.6075 6963841
23.6075 6965281
23.6099 6966721
23.6099 6968161
23.6123 6969601
23.6123 6971041
23.6147 6972481
23.6147 6973921
23.6171 6975361
23.6171 6976801
23.6195 6978241
23.6195 6979681
23.6219 6981121
23.6219 6982561
23.6243 6984001
23.6243 6985441
23.765 6986881
23.765 6988321
23.7674 6989761
23.7674 6991201
23.7698 6992641
23.7698 6994081
23.7722 6995521
23.7722 6996961
23.7746 6998401
23.7746 6999841
23.777 7001281
23.777 7002721
23.7794 7004161
23.7794 7005601
23.7818 7007041
23.7818 7008481
23.7842 7009921
23.7842 7011361
23.7842 7012801
23.7866 7014241
23.7866 7015681
23.7889 7017121
23.7889 7018561
23.7913 7020001
23.7913 7021441
23.7937 7022881
23.7937 7024321
23.7961 7025761
23.7961 7027201
23.7985 7028641
23.7985 7030081
23.9397 7031521
23.9397 7032961
23.9421 7034401
23.9421 7035841
23.9445 7037281
23.9445 7038721
23.9469 7040161
23.9469 7041601
23.9493 7043041
23.9493 7044481
23.9516 7045921
23.9516 7047361
23.954 7048801
23.954 7050241
23.9564 7051681
23.9564 7053121
23.9588 7054561
23.9588 7056001
23.9612 7057441
23.9612 7058881
23.9636 7060321
23.9636 7061761
23.966 7063201
23.966 7064641
23.9684 7066081
23.9684 7067521
23.9708 7068961
23.9708 7070401
23.9732 7071841
23.9732 7073281
24.1128 7074721
24.1128 7076161
24.1151 7077601
24.1151 7079041
24.1175 7080481
24.1175 7081921
24.1199 7083361
24.1199 7084801
24.1223 7086241
24.1223 7087681
24.1247 7089121
24.1247 7090561
24.1272 7092001
24.1272 7093441
24.1296 7094881
24.1296 7096321
24.132 7097761
24.132 7099201
24.1344 7100641
24.1344 7102081
24.1368 7103521
24.1368 7104961
24.1368 7106401
24.1392 7107841
24.1392 7109281
24.1416 7110721
24.1416 7112161
24.144 7113601
24.144 7115041
24.1464 7116481
24.1464 7117921
24.286 7119361
24.286 7120801
24.2884 7122241
24.2884 7123681
24.2908 7125121
24.2908 7126561
24.2932 7128001
24.2932 7129441
24.2957 7130881
24.2957 7132321
24.2981 7133761
24.2981 7135201
24.3005 7136641
24.3005 7138081
24.3029 7139521
24.3029 7140961
24.3052 7142401
24.3052 7143841
24.3076 7145281
24.3076 7146721
24.31 7148161
24.31 7149601
24.3124 7151041
24.3124 7152481
24.3148 7153921
24.3148 7155361
24.3172 7156801
24.3172 7158241
24.3196 7159681
24.3196 7161121
24.322 7162561
24.322 7164001
24.4603 7165441
24.4603 7166881
24.463 7168321
24.463 7169761
24.4654 7171201
24.4654 7172641
24.4678 7174081
24.4678 7175521
24.4701 7176961
24.4701 7178401
24.4725 7179841
24.4725 7181281
24.4749 7182721
24.4749 7184161
24.4773 7185601
24.4773 7187041
24.4797 7188481
24.4797 7189921
24.4821 7191361
24.4821 7192801
24.4845 7194241
24.4845 7195681
24.4869 7197121
24.4869 7198561
24.4893 7200001
24.4893 7201441
24.4893 7202881
24.4917 7204321
24.4917 7205761
24.494 7207201
24.494 7208641
24.4964 7210081
24.4964 7211521
24.6345 7212961
24.6345 7214401
24.6372 7215841
24.6372 7217281
24.6396 7218721
24.6396 7220161
24.642 7221601
24.642 7223041
24.6444 7224481
24.6444 7225921
24.6468 7227361
24.6468 7228801
24.6492 7230241
24.6492 7231681
24.6516 7233121
24.6516 7234561
24.654 7236001
24.654 7237441
24.6563 7238881
24.6563 7240321
24.6587 7241761
24.6587 7243201
24.6611 7244641
24.6611 7246081
24.6635 7247521
24.6635 7248961
24.6659 7250401
24.6659 7251841
24.6683 7253281
24.6683 7254721
24.6707 7256161
24.6707 7257601
24.8074 7259041
24.8074 7260481
24.8101 7261921
24.8101 7263361
24.8125 7264801
24.8125 7266241
24.8149 7267681
24.8149 7269121
24.8173 7270561
24.8173 7272001
24.8197 7273441
24.8197 7274881
24.8221 7276321
24.8221 7277761
24.8245 7279201
24.8245 7280641
24.8268 7282081
24.8268 7283521
24.8292 7284961
24.8292 7286401
24.8316 7287841
24.8316 7289281
24.834 7290721
24.834 7292161
24.8364 7293601
24.8364 7295041
24.8388 7296481
24.8388 7297921
24.8412 7299361
24.8412 7300801
24.8412 7302241
24.8436 7303681
24.8436 7305121
24.9803 7306561
24.9803 7308001
24.983 7309441
24.983 7310881
24.9854 7312321
24.9854 7313761
24.9878 7315201
24.9878 7316641
24.9902 7318081
24.9902 7319521
24.9926 7320961
24.9926 7322401
24.995 7323841
24.995 7325281
24.9973 7326721
24.9973 7328161
24.9997 7329601
24.9997 7331041
25.0021 7332481
25.0021 7333921
25.0047 7335361
25.0047 7336801
25.0071 7338241
25.0071 7339681
25.0095 7341121
25.0095 7342561
25.0119 7344001
25.0119 7345441
25.0142 7346881
25.0142 7348321
25.0166 7349761
25.0166 7351201
25.019 7352641
25.019 7354081
25.1544 7355521
25.1544 7356961
25.1571 7358401
25.1571 7359841
25.1595 7361281
25.1595 7362721
25.1619 7364161
25.1619 7365601
25.1643 7367041
25.1643 7368481
25.1667 7369921
25.1667 7371361
25.169 7372801
25.169 7374241
25.1714 7375681
25.1714 7377121
25.1738 7378561
25.1738 7380001
25.1766 7381441
25.1766 7382881
25.1789 7384321
25.1789 7385761
25.1813 7387201
25.1813 7388641
25.1837 7390081
25.1837 7391521
25.1861 7392961
25.1861 7394401
25.1885 7395841
25.1885 7397281
25.191 7398721
25.191 7400161
25.191 7401601
25.1934 7403041
25.1934 7404481
25.3287 7405921
25.3287 7407361
25.3312 7408801
25.3312 7410241
25.3336 7411681
25.3336 7413121
25.336 7414561
25.336 7416001
25.3383 7417441
25.3383 7418881
25.3407 7420321
25.3407 7421761
25.3431 7423201
25.3431 7424641
25.3455 7426081
25.3455 7427521
25.3479 7428961
25.3479 7430401
25.3508 7431841
25.3508 7433281
25.3532 7434721
25.3532 7436161
25.3556 7437601
25.3556 7439041
25.358 7440481
25.358 7441921
25.3604 7443361
25.3604 7444801
25.3629 7446241
25.3629 7447681
25.3653 7449121
25.3665 7450561
25.3677 7397281
25.5223 7450561
25.5223 7452001
25.5237 7453441
25.5249 7454881
25.5261 7456321
25.5273 7457761
25.5285 7459201
25.5297 7460641
25.5309 7462081
25.5321 7463521
25.5333 7464961
25.5345 7466401
25.5361 7467841
25.5373 7469281
25.5385 7470721
25.5397 7472161
25.5409 7473601
25.6966 7475041
25.6966 7476481
25.699 7477921
25.699 7479361
25.7014 7480801
25.7014 7482241
25.7038 7483681
25.7038 7485121
25.7062 7486561
25.7062 7488001
25.709 7489441
25.709 7490881
25.7114 7492321
25.7114 7493761
25.7138 7495201
25.7138 7496641
25.8707 7498081
25.8707 7499521
25.8707 7500961
25.8731 7502401
25.8731 7503841
25.8755 7505281
25.8755 7506721
25.8779 7508161
25.8779 7509601
25.8803 7511041
25.8803 7512481
25.8831 7513921
25.8831 7515361
25.8855 7516801
25.8855 7518241
25.8879 7519681
25.8879 7521121
26.0448 7522561
26.0448 7524001
26.0472 7525441
26.0472 7526881
26.0496 7528321
26.0496 7529761
26.0519 7531201
26.0519 7532641
26.0543 7534081
26.0543 7535521
26.0567 7536961
26.0567 7538401
26.0591 7539841
26.0591 7541281
26.0615 7542721
26.0615 7544161
26.2177 7545601
26.2177 7547041
26.2201 7548481
26.2201 7549921
26.2201 7551361
26.2224 7552801
26.2224 7554241
26.2248 7555681
26.2248 7557121
26.2272 7558561
26.2272 7560001
26.2296 7561441
26.2296 7562881
26.232 7564321
26.232 7565761
26.2344 7567201
26.2344 7568641
26.3907 7570081
26.3907 7571521
26.3931 7572961
26.3931 7574401
26.3955 7575841
26.3955 7577281
26.3979 7578721
26.3979 7580161
26.4003 7581601
26.4003 7583041
26.4026 7584481
26.4026 7585921
26.405 7587361
26.405 7588801
26.4074 7590241
26.4074 7591681
26.4098 7593121
26.4098 7594561
26.5649 7596001
26.5649 7597441
26.5673 7598881
26.5673 7600321
26.5697 7601761
26.5697 7603201
26.5721 7604641
26.5721 7606081
26.5721 7607521
26.5745 7608961
26.5745 7610401
26.5769 7611841
26.5769 7613281
26.5793 7614721
26.5793 7616161
26.5817 7617601
26.5817 7619041
26.5841 7620481
26.5841 7621921
26.7392 7623361
26.7392 7624801
26.7416 7626241
26.7416 7627681
26.744 7629121
26.744 7630561
26.7464 7632001
26.7464 7633441
26.7488 7634881
26.7488 7636321
26.7512 7637761
26.7512 7639201
26.7535 7640641
26.7535 7642081
26.7559 7643521
26.7559 7644961
26.7583 7646401
26.7583 7647841
26.9123 7649281
26.9123 7650721
26.9147 7652161
26.9147 7653601
26.917 7655041
26.917 7656481
26.9194 7657921
26.9194 7659361
26.9218 7660801
26.9218 7662241
26.9242 7663681
26.9242 7665121
26.9242 7666561
26.9266 7668001
26.9266 7669441
26.929 7670881
26.929 7672321
26.9314 7673761
26.9314 7675201
27.0853 7676641
27.0853 7678081
27.0877 7679521
27.0877 7680961
27.0901 7682401
27.0901 7683841
27.0925 7685281
27.0925 7686721
27.0949 7688161
27.0949 7689601
27.0973 7691041
27.0973 7692481
27.0997 7693921
27.0997 7695361
27.1021 7696801
27.1021 7698241
27.1044 7699681
27.1044 7701121
27.1068 7702561
27.1068 7704001
27.2596 7705441
27.2596 7706881
27.262 7708321
27.262 7709761
27.2644 7711201
27.2644 7712641
27.2667 7714081
27.2667 7715521
27.2691 7716961
27.2691 7718401
27.2715 7719841
27.2715 7721281
27.2739 7722721
27.2739 7724161
27.2739 7725601
27.2763 7727041
27.2763 7728481
27.2787 7729921
27.2787 7731361
27.2811 7732801
27.2811 7734241
27.4338 7735681
27.4338 7737121
27.4362 7738561
27.4362 7740001
27.4386 7741441
27.4386 7742881
27.441 7744321
27.441 7745761
27.4434 7747201
27.4434 7748641
27.4458 7750081
27.4458 7751521
27.4482 7752961
27.4482 7754401
27.4506 7755841
27.4506 7757281
27.453 7758721
27.453 7760161
27.4553 7761601
27.4553 7763041
27.6069 7764481
27.6069 7765921
27.6093 7767361
27.6093 7768801
27.6117 7770241
27.6117 7771681
27.6141 7773121
27.6141 7774561
27.6165 7776001
27.6165 7777441
27.6188 7778881
27.6188 7780321
27.6212 7781761
27.6212 7783201
27.6236 7784641
27.6236 7786081
27.626 7787521
27.626 7788961
27.626 7790401
27.6284 7791841
27.6284 7793281
27.7798 7794721
27.7798 7796161
27.7822 7797601
27.7822 7799041
27.7846 7800481
27.7846 7801921
27.787 7803361
27.787 7804801
27.7893 7806241
27.7893 7807681
27.7917 7809121
27.7917 7810561
27.7941 7812001
27.7941 7813441
27.7965 7814881
27.7965 7816321
27.7989 7817761
27.7989 7819201
27.8013 7820641
27.8013 7822081
27.8037 7823521
27.8037 7824961
27.9539 7826401
27.9539 7827841
27.9563 7829281
27.9563 7830721
27.9586 7832161
27.9586 7833601
27.961 7835041
27.961 7836481
27.9634 7837921
27.9634 7839361
27.9658 7840801
27.9658 7842241
27.9682 7843681
27.9682 7845121
27.9706 7846561
27.9706 7848001
27.973 7849441
27.973 7850881
27.9754 7852321
27.9754 7853761
27.9778 7855201
27.9778 7856641
27.9778 7858081
28.1279 7859521
28.1279 7860961
28.1303 7862401
28.1303 7863841
28.1327 7865281
28.1327 7866721
28.1351 7868161
28.1351 7869601
28.1375 7871041
28.1375 7872481
28.1399 7873921
28.1399 7875361
28.1423 7876801
28.1423 7878241
28.1447 7879681
28.1447 7881121
28.1471 7882561
28.1471 7884001
28.1495 7885441
28.1495 7886881
28.1519 7888321
28.1519 7889761
28.3008 7891201
28.3008 7892641
28.3032 7894081
28.3032 7895521
28.3056 7896961
28.3056 7898401
28.308 7899841
28.308 7901281
28.3104 7902721
28.3104 7904161
28.3128 7905601
28.3128 7907041
28.3152 7908481
28.3152 7909921
28.3176 7911361
28.3176 7912801
28.32 7914241
28.32 7915681
28.3224 7917121
28.3224 7918561
28.3247 7920001
28.3247 7921441
28.4737 7922881
28.4737 7924321
28.4737 7925761
28.4761 7927201
28.4761 7928641
28.4785 7930081
28.4785 7931521
28.4809 7932961
28.4809 7934401
28.4833 7935841
28.4833 7937281
28.4857 7938721
28.4857 7940161
28.4881 7941601
28.4881 7943041
28.4905 7944481
28.4905 7945921
28.4929 7947361
28.4929 7948801
28.4952 7950241
28.4952 7951681
28.4976 7953121
28.4976 7954561
28.6466 7956001
28.6466 7957441
28.649 7958881
28.649 7960321
28.6514 7961761
28.6514 7963201
28.6538 7964641
28.6538 7966081
28.6562 7967521
28.6562 7968961
28.6586 7970401
28.6586 7971841
28.661 7973281
28.661 7974721
28.6634 7976161
28.6634 7977601
28.6657 7979041
28.6657 7980481
28.6681 7981921
28.6681 7983361
28.6705 7984801
28.6705 7986241
28.6729 7987681
28.6729 7989121
28.8207 7990561
28.8207 7992001
28.8231 7993441
28.8231 7994881
28.8255 7996321
28.8255 7997761
28.8255 7999201
28.8279 8000641
28.8279 8002081
28.8303 8003521
28.8303 8004961
28.8327 8006401
28.8327 8007841
28.835 8009281
28.835 8010721
28.8374 8012161
28.8374 8013601
28.8398 8015041
28.8398 8016481
28.8422 8017921
28.8422 8019361
28.8446 8020801
28.8446 8022241
28.847 8023681
28.847 8025121
28.9948 8026561
28.9948 8028001
28.9972 8029441
28.9972 8030881
28.9996 8032321
28.9996 8033761
29.002 8035201
29.002 8036641
29.0043 8038081
29.0043 8039521
29.0067 8040961
29.0067 8042401
29.0091 8043841
29.0091 8045281
29.0115 8046721
29.0115 8048161
29.0139 8049601
29.0139 8051041
29.0163 8052481
29.0163 8053921
29.0187 8055361
29.0187 8056801
29.0211 8058241
29.0211 8059681
29.1677 8061121
29.1677 8062561
29.1701 8064001
29.1701 8065441
29.1725 8066881
29.1725 8068321
29.1748 8069761
29.1748 8071201
29.1772 8072641
29.1772 8074081
29.1772 8075521
29.1796 8076961
29.1796 8078401
29.182 8079841
29.182 8081281
29.1844 8082721
29.1844 8084161
29.1868 8085601
29.1868 8087041
29.1892 8088481
29.1892 8089921
29.1916 8091361
29.1916 8092801
29.194 8094241
29.194 8095681
29.3406 8097121
29.3406 8098561
29.343 8100001
29.343 8101441
29.3453 8102881
29.3453 8104321
29.3477 8105761
29.3477 8107201
29.3501 8108641
29.3501 8110081
29.3525 8111521
29.3525 8112961
29.3549 8114401
29.3549 8115841
29.3573 8117281
29.3573 8118721
29.3597 8120161
29.3597 8121601
29.3621 8123041
29.3621 8124481
29.3645 8125921
29.3645 8127361
29.3669 8128801
29.3669 8130241
29.3693 8131681
29.3693 8133121
29.5147 8134561
29.5147 8136001
29.5183 8137441
29.5183 8138881
29.5194 8140321
29.5206 8100001
29.5374 8140321
29.5374 8141761
29.5388 8143201
29.54 8144641
29.5412 8146081
29.5424 8147521
29.5436 8148961
29.6876 8150401
29.6888 8151841
29.6912 8153281
29.6924 8154721
29.6935 8156161
29.6947 8157601
29.7119 8159041
29.7119 8160481
29.7142 8161921
29.7142 8163361
29.7166 8164801
29.7166 8166241
29.8616 8167681
29.8616 8169121
29.8652 8170561
29.8652 8172001
29.8676 8173441
29.8676 8174881
29.8861 8176321
29.8861 8177761
29.8885 8179201
29.8885 8180641
29.8909 8182081
29.8909 8183521
30.0357 8184961
30.0357 8186401
30.0393 8187841
30.0393 8189281
30.0417 8190721
30.0417 8192161
30.0604 8193601
30.0604 8195041
30.0604 8196481
30.0627 8197921
30.0627 8199361
30.0651 8200801
30.0651 8202241
