0.0 0
0.0302165 1440
0.0631493 2880
0.0972341 4320
0.131319 5760
0.164209 7200
0.166719 8640
0.198293 10080
0.200684 11520
0.203074 12960
0.232378 14400
0.234769 15840
0.237159 17280
0.239549 18720
0.265268 20160
0.267658 21600
0.270048 23040
0.272439 24480
0.274829 25920
0.27722 27360
0.298157 28800
0.300548 30240
0.302938 31680
0.305328 33120
0.307719 34560
0.310109 36000
0.3125 37440
0.31489 38880
0.331047 40320
0.333437 41760
0.335828 43200
0.338218 44640
0.340608 46080
0.342999 47520
0.345389 48960
0.34778 50400
0.35017 51840
0.35256 53280
0.354951 54720
0.357341 56160
0.363936 57600
0.366327 59040
0.368717 60480
0.371108 61920
0.373498 63360
0.375888 64800
0.378279 66240
0.380669 67680
0.38306 69120
0.38545 70560
0.38784 72000
0.390231 73440
0.392621 74880
0.395012 76320
0.397402 77760
0.399792 79200
0.402183 80640
0.404573 82080
0.406964 83520
0.409354 84960
0.411744 86400
0.414135 87840
0.416525 89280
0.419184 90720
0.421575 92160
0.423965 93600
0.426356 95040
0.428746 96480
0.431136 97920
0.433527 99360
0.438308 100800
0.440698 102240
0.443088 103680
0.445479 105120
0.447869 106560
0.45026 108000
0.45265 109440
0.45504 110880
0.457431 112320
0.459821 113760
0.462212 115200
0.464602 116640
0.466992 118080
0.469383 119520
0.471773 120960
0.474164 122400
0.476554 123840
0.478944 125280
0.481335 126720
0.483725 128160
0.48854 129600
0.490931 131040
0.493321 132480
0.496922 133920
0.499377 65520
0.614002 65551
0.616392 65582
0.618783 65613
0.621173 65644
0.623564 65675
0.625954 65706
0.628344 65737
0.630735 65768
0.633184 65799
0.635575 65830
0.638005 65861
0.640396 65892
0.642786 65923
0.645176 65954
0.647567 65985
0.649957 66016
0.652348 66047
0.654738 66078
0.657128 66109
0.659519 66140
0.661909 66171
0.665495 66202
0.667885 66233
0.670276 66264
0.672666 66295
0.675056 66326
0.677447 66357
0.679837 66388
0.682228 66419
0.684618 66450
0.687008 66481
0.689399 66512
0.691789 66543
0.69418 66574
0.69657 66605
0.69896 66636
0.701351 66667
0.704 66698
0.708781 66729
0.711171 66760
0.713562 66791
0.715952 66822
0.718343 66853
0.720733 66884
0.723123 66915
0.725514 66945
0.727904 66975
0.730295 67005
0.732685 67035
0.735075 67065
0.737466 67095
0.739856 67125
0.742247 67155
0.744637 67185
0.747027 67215
0.749418 67245
0.751808 67275
0.754199 67305
0.756589 67335
0.758979 67365
0.76137 67395
0.76376 67425
0.766151 67455
0.768541 67485
0.770931 67515
0.773322 67545
0.775712 67575
0.778103 67605
0.780493 67635
0.782883 67665
0.785274 67695
0.787664 67725
0.790055 67755
0.792445 67785
0.794835 67815
0.797226 67845
0.799616 67875
0.802007 67905
0.804397 67935
0.806787 67965
0.809178 67995
0.811568 68025
0.816349 68055
0.818739 68085
0.82113 68115
0.82352 68145
0.825911 68175
0.828301 68205
0.830691 68235
0.833082 68265
0.835472 68295
0.837863 68325
0.840253 68355
0.842643 68385
0.845034 68415
0.847424 68445
0.849815 68475
0.852205 68505
0.854595 68535
0.856986 68565
0.859376 68595
0.861767 68625
0.864157 68655
0.866547 68685
0.868938 68715
0.871328 68745
0.873718 68775
0.876109 68805
0.878499 68835
0.88089 68865
0.88328 68895
0.88567 68925
0.888061 68955
0.890451 68985
0.892842 69015
0.895232 69045
0.897622 69075
0.900013 69105
0.902403 69135
0.904794 69164
0.907184 69193
0.909574 69222
0.911965 69251
0.914355 69280
0.916746 69309
0.919136 69338
0.921526 69367
0.923917 69396
0.928698 69425
0.931088 69454
0.933478 69483
0.935869 69512
0.938259 69541
0.94065 69570
0.94304 69599
0.94543 69628
0.947821 69657
0.950211 69686
0.952602 69715
0.954992 69744
0.957382 69773
0.959773 69802
0.962163 69831
0.964554 69860
0.966944 69889
0.969334 69918
0.971725 69947
0.974115 69976
0.976506 70005
0.978896 70034
0.981286 70063
0.983677 70092
0.986067 70121
0.988458 70150
0.990848 70179
0.993238 70208
0.995629 70237
0.998019 70266
1.00041 70295
1.0028 70324
1.00519 70353
1.00758 70382
1.00997 70411
1.01236 70440
1.01475 70469
1.01714 70498
1.01953 70527
1.02192 70556
1.02431 70585
1.0267 70614
1.02909 70643
1.03148 70672
1.03388 70701
1.03627 70730
1.03866 70759
1.04105 70788
1.04344 70817
1.04583 70846
1.04822 70875
1.05061 70904
1.053 70933
1.05539 70962
1.05778 70991
1.06017 71020
1.06261 71049
1.06501 71078
1.0674 71107
1.06979 71136
1.07218 71165
1.07457 71194
1.07749 71223
1.07988 33840
1.14519 33901
1.14758 33962
1.14997 34023
1.15236 34083
1.15475 34143
1.15714 34203
1.15953 34263
1.16192 34323
1.16431 34383
1.16689 34443
1.16928 34503
1.17853 34563
1.18092 34622
1.18332 34681
1.18571 34740
1.1881 34799
1.19049 34858
1.19363 34917
1.19602 15840
1.25309 15970
1.25548 16099
1.25788 16227
1.26027 16354
1.26266 16480
1.28598 16605
1.28862 16729
1.29342 6480
1.3572 6800
1.3596 7104
1.39128 7395
1.39369 7675
1.42537 7945
1.42776 8205
1.45826 8457
1.46065 8702
1.49115 8940
1.49359 9171
1.49598 9397
1.52536 9617
1.52803 9832
1.53042 10042
1.55944 10248
1.56246 10450
1.56485 10648
1.59353 10842
1.59592 11033
1.59831 11220
1.62642 11404
1.62881 11585
1.6312 11763
1.65931 11939
1.6617 12112
1.66409 12283
1.66648 12451
1.69339 12617
1.69578 12781
1.69832 12943
1.70071 13103
1.72748 13261
1.72987 13417
1.73241 13571
1.7348 13723
1.76036 13874
1.76531 5040
1.83109 5451
1.86398 5831
1.89687 6186
1.89926 6521
1.93095 6838
1.93334 7141
1.96532 7431
1.96771 7710
1.99988 7978
2.00227 8237
2.03276 8488
2.03516 8732
2.06565 8969
2.06804 9200
2.07044 9425
2.09999 9645
2.10238 9859
2.10477 10069
2.13418 10274
2.13657 10475
2.13901 10672
2.16857 10866
2.17096 11056
2.17335 11243
2.20146 11427
2.20385 11608
2.20634 11786
2.23435 11961
2.23674 12134
2.23913 12304
2.24152 12472
2.26844 12638
2.27083 12802
2.27322 12963
2.27561 13122
2.30252 13280
2.30491 13436
2.3073 13590
2.30969 13742
2.33541 13892
2.33901 14041
2.3414 5040
2.47449 5451
2.50738 5831
2.54027 6186
2.54266 6521
2.57436 6838
2.57675 7141
2.60844 7431
2.61083 7710
2.6432 7978
2.64559 8237
2.67609 8488
2.67848 8732
2.70901 8969
2.7114 9200
2.71379 9425
2.74309 9645
2.74548 9859
2.74787 10069
2.77747 10274
2.77986 10475
2.78225 10672
2.81155 10866
2.81394 11056
2.81638 11243
2.84444 11427
2.84683 11608
2.84927 11786
2.87733 11961
2.87972 12134
2.88211 12304
2.91142 12472
2.91381 12638
2.9162 12802
2.9455 12963
2.94789 13122
2.95028 13280
2.95267 13436
2.97959 13590
2.98198 13742
2.98437 13892
2.98676 14041
3.01248 14188
3.01487 14334
3.01726 14478
3.01965 14621
3.04537 14762
3.04776 14902
3.05015 15041
3.05254 15178
3.05493 15314
3.07945 15449
3.08184 15583
3.08423 15716
3.08662 15847
3.08901 15977
3.11354 16106
3.11593 16234
3.11832 16361
3.12071 16487
3.1231 16612
3.14643 16736
3.14882 16859
3.15121 16981
3.1536 17103
3.15599 17224
3.17959 17344
3.18203 17463
3.18563 17581
3.18921 6480
3.25262 6800
3.25501 7104
3.2867 7395
3.28909 7675
3.32079 7945
3.32318 8205
3.35368 8457
3.35607 8702
3.38657 8940
3.38896 9171
3.39135 9397
3.42065 9617
3.42304 9832
3.42543 10042
3.45495 10248
3.45745 10450
3.45984 10648
3.48904 10842
3.49143 11033
3.49382 11220
3.52193 11404
3.52432 11585
3.52671 11763
3.55481 11939
3.55721 12112
3.5596 12283
3.56199 12451
3.58898 12617
3.59137 12781
3.59376 12943
3.59615 13103
3.62306 13261
3.62578 13417
3.62817 13571
3.63056 13723
3.65595 13874
3.65875 14023
3.66114 14170
3.66354 14316
3.68884 14460
3.69164 14603
3.69403 14744
3.69682 14884
3.72173 15023
3.72412 15161
3.72685 15297
3.72924 15432
3.73163 15566
3.75581 15699
3.7582 15831
3.76093 15961
3.76332 16090
3.76571 16218
3.79018 16345
3.79257 16471
3.79502 16596
3.79741 16720
3.7998 16844
3.82307 16967
3.82546 17089
3.82791 17210
3.8303 17330
3.83269 17449
3.85596 17567
3.85835 17685
3.86079 17802
3.86319 17918
3.86567 18033
3.86806 18147
3.8904 18261
3.89279 18374
3.89518 18486
3.89757 18598
3.89996 18709
3.90236 18819
3.92449 18929
3.92688 19038
3.92927 19146
3.93166 19254
3.93405 19361
3.93644 19468
3.95774 19574
3.96013 19679
3.96252 19784
3.96491 19888
3.9673 19992
3.96969 20095
3.99063 20198
3.99302 20300
3.99541 20402
3.99785 20503
4.00024 20604
4.00263 20704
4.02352 20804
4.02591 20903
4.0283 21002
4.03069 21100
4.03308 21198
4.03547 21295
4.03786 21392
4.0576 21488
4.06003 21584
4.06242 21680
4.06481 21775
4.0672 21870
4.06959 21964
4.07198 22058
4.09168 22152
4.09411 22245
4.0965 22338
4.0989 22430
4.10129 22522
4.10404 22614
4.10643 22705
4.12457 22796
4.127 22886
4.12939 22976
4.13178 23066
4.13418 23155
4.13693 23244
4.13932 23333
4.15746 23421
4.15989 23509
4.16228 23597
4.16467 23684
4.16706 23771
4.16946 23858
4.17185 23944
4.17424 24030
4.19155 24116
4.19436 24201
4.19675 24286
4.19914 24371
4.20153 24456
4.20392 24540
4.20631 24624
4.2087 24708
4.22563 24791
4.22875 24874
4.23114 24957
4.23353 25040
4.23592 25122
4.23831 25204
4.2407 25286
4.24309 25368
4.25852 25449
4.26164 25530
4.26403 25611
4.26642 25691
4.26881 25771
4.2712 25851
4.27359 25931
4.27603 26010
4.29141 26089
4.29455 26168
4.29694 26247
4.30171 11520
4.36634 11700
4.36873 11877
4.39131 12051
4.39566 12223
4.39923 12392
4.40162 12559
4.42563 12724
4.42974 12886
4.43331 13046
4.4357 13204
4.45971 13361
4.46383 13516
4.4674 13669
4.46979 13820
4.4926 13970
4.49699 14118
4.50029 14264
4.50268 14409
4.52549 14552
4.52988 14694
4.53318 14835
4.53557 14974
4.53796 15112
4.55958 15249
4.56397 15384
4.56748 15518
4.56987 15651
4.59248 15783
4.59687 5760
4.66084 6120
4.66335 6458
4.69493 6779
4.69743 7084
4.72901 7376
4.73152 7657
4.7631 7927
4.76549 8188
4.79599 8441
4.79838 8686
4.82887 8924
4.83127 9156
4.83366 9382
4.86296 9603
4.86535 9818
4.86774 10029
4.89704 10235
4.89943 10437
4.90183 10635
4.93143 10829
4.93383 11020
4.93622 11208
4.96432 11393
4.96671 11575
4.96911 11754
4.99721 11930
4.9996 12103
5.00199 12274
5.0044 12442
5.0313 12608
5.03369 12772
5.03608 12934
5.03849 13094
5.06538 13252
5.06777 13408
5.07016 13562
5.07297 13714
5.09827 13865
5.10066 14014
5.10305 14161
5.10586 14307
5.13116 14451
5.13355 14594
5.13594 14736
5.13875 14876
5.16405 15015
5.16644 15153
5.16883 15289
5.17122 15424
5.17361 15558
5.19814 15691
5.20053 15823
5.20292 15954
5.20531 16083
5.23245 6480
5.27497 6800
5.29827 7104
5.30905 7395
5.33236 7675
5.34316 7945
5.36525 8205
5.37605 8457
5.39814 8702
5.40894 8940
5.43343 2880
5.49992 3600
5.534 4176
5.56817 4672
5.60249 5115
5.63559 5520
5.66863 5895
5.70152 6246
5.70391 6577
5.73592 6892
5.73831 7192
5.77 7480
5.77239 7757
5.80409 8024
5.80648 8282
5.83698 8532
5.83937 8775
5.86987 9011
5.87226 9241
5.87465 9465
5.90395 9684
5.90634 9898
5.90873 10107
5.93804 10312
5.94043 10513
5.94282 10710
5.97093 10903
5.97332 11093
5.97571 11279
6.00382 11462
6.00621 11642
6.0086 11820
6.03671 11995
6.0391 12167
6.04149 12337
6.04388 12505
6.07079 12670
6.07318 12833
6.07557 12994
6.07796 13153
6.10488 13310
6.10727 13465
6.10966 13618
6.11205 13770
6.13777 13920
6.14016 14068
6.14255 14215
6.14494 14360
6.17066 14504
6.17305 14646
6.17544 14787
6.17783 14927
6.20355 15065
6.20594 15202
6.20833 15338
6.21104 15473
6.21343 15607
6.23763 15739
6.24002 15870
6.24241 16000
6.24512 16129
6.24751 16257
6.27171 16384
6.2741 16510
6.2765 16635
6.27889 16759
6.28128 16882
6.3046 17004
6.30699 17125
6.30938 17246
6.31178 17366
6.31417 17485
6.33749 17603
6.33988 17720
6.34227 17837
6.34466 17953
6.34706 18068
6.34945 18182
6.37158 18296
6.37518 18409
6.37757 7200
6.44097 7488
6.44336 7764
6.47386 8031
6.47625 8289
6.50675 8539
6.50914 8781
6.53964 9017
6.54203 9246
6.54442 9470
6.57373 9688
6.57642 9902
6.57881 10111
6.60781 10316
6.61051 10517
6.6129 10714
6.6407 10907
6.6434 11097
6.64579 11283
6.67386 11466
6.67629 11646
6.67868 11824
6.70676 11999
6.70918 12171
6.71157 12341
6.71396 12509
6.74085 12674
6.74326 12837
6.74565 12998
6.74804 13157
6.77528 13314
6.77774 13469
6.78013 13622
6.78252 13774
6.80818 13924
6.81063 14072
6.8133 14219
6.81569 14364
6.84107 14508
6.84387 14650
6.84626 14791
6.84866 14931
6.87396 15069
6.87635 15206
6.87874 15342
6.88113 15477
6.88352 15610
6.90805 15742
6.91044 15873
6.91283 16003
6.91522 16132
6.91761 16260
6.94213 16387
6.94452 16513
6.94691 16638
6.9493 16762
6.95169 16885
6.97502 17007
6.97741 17128
6.9798 17249
6.98219 17369
6.98458 17488
7.00791 17606
7.0103 17723
7.01269 17840
7.01508 17956
7.01747 18071
7.01986 18185
7.04199 18299
7.04438 18412
7.04678 18524
7.04917 18635
7.05156 18746
7.05395 18856
7.07608 18965
7.07847 19074
7.08086 19182
7.08325 19290
7.08564 19397
7.08803 19503
7.10897 19609
7.11136 19714
7.11375 19819
7.11614 19923
7.11853 20027
7.12092 20130
7.14206 20233
7.14445 20335
7.14684 20436
7.14923 20537
7.15162 20637
7.15401 20737
7.17495 20836
7.17734 20935
7.17973 21034
7.18212 21132
7.18451 21230
7.1869 21327
7.18929 21424
7.20903 21520
7.21154 21616
7.21394 21711
7.21633 21806
7.21872 21901
7.22111 21995
7.2235 22089
7.24314 22182
7.24563 22275
7.24802 22368
7.25041 22460
7.2528 22552
7.25519 22643
7.25763 22734
7.27603 22825
7.28091 22915
7.2833 23005
7.28569 23095
7.28808 23184
7.29052 23273
7.30892 23362
7.3138 23450
7.31619 23538
7.31858 23626
7.32097 23713
7.32336 23800
7.32575 23887
7.32814 23973
7.34334 24059
7.34819 24145
7.35058 24230
7.35298 24315
7.35537 24400
7.35776 24484
7.36015 24568
7.36254 24652
7.37743 24736
7.38228 24819
7.38467 24902
7.38717 24985
7.38956 25067
7.39195 25149
7.39434 25231
7.39673 25313
7.41032 25394
7.41517 25475
7.41756 25556
7.42038 25637
7.42277 25717
7.42516 25797
7.42755 25877
7.42994 25957
7.44321 26036
7.44806 26115
7.45045 26194
7.45327 26273
7.45603 26351
7.45842 26429
7.46285 11520
7.52183 11700
7.52461 11877
7.527 12051
7.52939 12223
7.55591 12392
7.5587 12559
7.56109 12724
7.56348 12886
7.59 13046
7.5931 13204
7.59549 13361
7.59788 13516
7.62408 13669
7.62647 13820
7.62886 13970
7.63125 14118
7.65697 14264
7.65936 14409
7.66175 14552
7.66414 14694
7.68986 14835
7.69225 14974
7.69464 15112
7.69703 15249
7.69942 15384
7.72395 15518
7.72634 15651
7.73138 15783
7.73377 15914
7.75803 16044
7.76042 16173
7.76547 16301
7.76786 16428
7.77025 16554
7.79092 16679
7.79331 16803
7.79836 16926
7.80075 17048
7.80314 17169
7.82381 17289
7.8262 17408
7.83125 17527
7.83364 17645
7.83603 17762
7.8567 17878
7.85909 17993
7.86148 18108
7.86533 18222
7.86772 18335
7.87011 18448
7.89101 18560
7.8934 18671
7.89579 18782
7.89942 18892
7.90181 19001
7.9042 19110
7.9251 19218
7.92749 19325
7.92988 19432
7.93231 19538
7.9347 19644
7.93709 19749
7.96069 19853
7.96308 19957
7.96557 20060
7.96796 20163
7.97035 20265
7.99358 20367
7.99597 20468
7.99836 20569
8.00075 20669
8.00319 20769
8.00558 20868
8.00797 20967
8.02766 21065
8.03005 21163
8.03245 21260
8.03484 21357
8.03764 21454
8.04002 21550
8.04241 21646
8.06187 21741
8.06426 21836
8.06665 21930
8.06904 22024
8.07172 22118
8.07411 22211
8.0765 22304
8.09476 22396
8.09715 22488
8.09954 22580
8.10222 22671
8.10461 22762
8.107 22853
8.10939 22943
8.12765 23033
8.13004 23123
8.13243 23212
8.13511 23301
8.1375 23389
8.13989 23477
8.14228 23565
8.16054 23652
8.16293 23739
8.16532 23826
8.16771 23913
8.1701 23999
8.17249 24085
8.17488 24171
8.17727 24256
8.19463 24341
8.19702 24426
8.19941 24510
8.20419 24594
8.20658 24678
8.20897 24762
8.21136 24845
8.22871 24928
8.2311 25011
8.23349 25093
8.23708 25175
8.24187 10800
8.30048 10992
8.30407 11180
8.30686 11365
8.33337 11547
8.33696 11726
8.33975 11902
8.36626 12076
8.36896 12247
8.37135 12416
8.37415 12583
8.40053 12747
8.40304 12909
8.40543 13069
8.40824 13227
8.43462 13383
8.43713 13537
8.43952 13690
8.44191 13841
8.46751 13990
8.47031 14138
8.4727 14284
8.47509 14429
8.50042 14572
8.5032 14714
8.50559 14854
8.50798 14993
8.51037 15131
8.53451 15268
8.53729 15403
8.53968 15537
8.54207 15670
8.54446 15802
8.56859 15933
8.57139 16063
8.57379 16192
8.57618 16320
8.57857 16447
8.60274 16573
8.60513 16698
8.60752 16822
8.60991 16945
8.6123 17067
8.63563 17188
8.63802 17308
8.64041 17427
8.6428 17545
8.64519 17663
8.66889 17780
8.67128 17896
8.67367 18011
8.67606 18126
8.67845 18240
8.68084 18353
8.70298 18465
8.70537 18577
8.70776 18688
8.71015 18798
8.71254 18908
8.71493 19017
8.73706 19126
8.73975 19234
8.74214 19341
8.74453 19448
8.74692 19554
8.74931 19660
8.76998 19765
8.77275 19869
8.77514 19973
8.77753 20076
8.77992 20179
8.78231 20281
8.80287 20383
8.80564 20484
8.80803 20585
8.81042 20685
8.81311 20785
8.8155 20884
8.83696 8640
8.88178 8880
8.88417 9113
8.90276 9340
8.91587 9562
8.91847 9778
8.93684 9990
8.95157 10197
8.96975 3600
9.03553 4176
9.07 4672
9.10436 5115
9.13725 5520
9.17016 5895
9.20305 6246
9.20544 6577
9.23834 6892
9.27125 2880
9.33703 3600
9.37111 4176
9.4052 4672
9.43928 5115
9.47217 5520
9.50532 5895
9.53821 6246
9.5406 6577
9.57265 6892
9.57504 7192
9.60674 7480
9.60913 7757
9.64082 8024
9.64321 8282
9.67612 2880
9.74216 3600
9.77625 4176
9.81033 4672
9.84442 5115
9.87731 5520
9.9102 5895
9.94309 6246
9.94548 6577
9.97717 6892
9.97956 7192
10.0113 7480
10.0136 7757
10.0453 8024
10.0477 8282
10.0786 8532
10.081 8775
10.1115 9011
10.1139 9241
10.1163 9465
10.1456 9684
10.148 9898
10.1504 10107
10.1797 10312
10.1825 10513
10.1849 10710
10.2126 10903
10.2154 11093
10.2177 11279
10.2455 11462
10.2483 11642
10.2507 11820
10.2784 11995
10.2812 12167
10.2836 12337
10.2863 12505
10.3124 12670
10.3153 12833
10.3177 12994
10.3204 13153
10.3465 13310
10.3493 13465
10.3517 13618
10.3541 13770
10.3797 13920
10.3822 14068
10.3846 14215
10.387 14360
10.4126 14504
10.4151 14646
10.4175 14787
10.4199 14927
10.4454 15065
10.4478 15202
10.4502 15338
10.4526 15473
10.455 15607
10.4795 15739
10.4819 15870
10.4843 16000
10.4867 16129
10.4891 16257
10.5136 16384
10.516 16510
10.5184 16635
10.5208 16759
10.5232 16882
10.5465 17004
10.5489 17125
10.5513 17246
10.5537 17366
10.5561 17485
10.5794 17603
10.5818 17720
10.5842 17837
10.5866 17953
10.589 18068
10.5913 18182
10.6138 18296
10.6162 18409
10.6186 18521
10.621 18632
10.6234 18743
10.6258 18853
10.6479 18962
10.6503 19071
10.6527 19179
10.6551 19287
10.6575 19394
10.6599 19500
10.6808 19606
10.6836 19711
10.686 19816
10.6884 19920
10.6907 20024
10.6931 20127
10.7137 20230
10.7165 20332
10.7189 20433
10.7212 20534
10.7237 20634
10.7261 20734
10.7466 20834
10.7489 20933
10.7513 21032
10.7537 21130
10.7561 21228
10.7585 21325
10.7609 21422
10.7806 21518
10.783 21614
10.7854 21709
10.7878 21804
10.7902 21899
10.7926 21993
10.795 22087
10.8147 22180
10.8171 22273
10.8195 22366
10.8219 22458
10.8243 22550
10.8267 22641
10.8291 22732
10.8476 22823
10.85 22913
10.8524 23003
10.8548 23093
10.8572 23182
10.8596 23271
10.862 23360
10.8805 23448
10.8829 23536
10.8853 23624
10.8877 23711
10.8901 23798
10.8925 23885
10.8949 23971
10.8972 24057
10.9146 24143
10.917 24228
10.9194 24313
10.9218 24398
10.9242 24482
10.9265 24566
10.9289 24650
10.9313 24734
10.9499 24817
10.9523 10800
10.9983 10992
11.0157 11180
11.0181 11365
11.0486 11547
11.051 11726
11.0817 11902
11.0841 12076
11.0865 12247
11.0889 12416
11.1158 12583
11.1182 12747
11.1206 12909
11.123 13069
11.1503 13227
11.1527 13383
11.1551 13537
11.1574 13690
11.1832 13841
11.1856 13990
11.1879 14138
11.1903 14284
11.2161 14429
11.2184 14572
11.2208 14714
11.2232 14854
11.2489 14993
11.2513 15131
11.2537 15268
11.2561 15403
11.2585 15537
11.283 15670
11.2854 15802
11.2882 15933
11.2906 16063
11.293 16192
11.3171 16320
11.3195 16447
11.3223 16573
11.3246 16698
11.35 16822
11.3524 16945
11.3551 17067
11.3575 17188
11.3829 17308
11.3853 17427
11.3877 17545
11.3901 17663
11.3925 17780
11.4158 17896
11.4182 18011
11.4206 18126
11.423 18240
11.4253 18353
11.4277 18465
11.4499 18577
11.4523 18688
11.4546 18798
11.457 18908
11.4594 19017
11.4618 19126
11.4839 19234
11.4863 19341
11.4887 19448
11.4911 19554
11.4935 19660
11.4959 19765
11.5168 19869
11.5192 19973
11.5216 20076
11.524 20179
11.5264 20281
11.5288 20383
11.5497 20484
11.5521 20585
11.5545 20685
11.5569 20785
11.5593 20884
11.5617 20983
11.5641 21081
11.584 21179
11.5864 21276
11.5912 8640
11.6523 8880
11.655 9113
11.6574 9340
11.6863 9562
11.6891 9778
11.6915 9990
11.7204 10197
11.7232 10400
11.7256 10599
11.7549 10794
11.7573 10986
11.7597 11174
11.7881 11359
11.7906 11541
11.793 11720
11.821 11896
11.8235 12070
11.8259 12241
11.8283 12410
11.8551 12577
11.8576 12741
11.86 12903
11.8624 13063
11.8892 13221
11.8917 13377
11.8941 13532
11.8964 13685
11.9221 13836
11.9246 13985
11.9269 14133
11.9293 14279
11.955 14424
11.9574 14567
11.9598 14709
11.9622 14849
11.9878 14988
11.9902 15126
11.9926 15263
11.995 15398
11.9974 15532
12.0219 15665
12.0243 15797
12.0267 15928
12.0291 16058
12.0315 16187
12.056 16315
12.0584 16442
12.0612 16568
12.0636 16693
12.0668 16817
12.0901 6480
12.1547 6800
12.1876 2880
12.2537 3600
12.2881 4176
12.3223 4672
12.3564 5115
12.3893 5520
12.4222 5895
12.455 6246
12.4574 6577
12.4891 6892
12.4915 7192
12.5235 7480
12.5259 7757
12.5576 8024
12.56 8282
12.5905 8532
12.5929 8775
12.6234 9011
12.6257 9241
12.6281 9465
12.6574 9684
12.6598 9898
12.6622 10107
12.6915 10312
12.6939 10513
12.6963 10710
12.7246 10903
12.727 11093
12.7294 11279
12.7575 11462
12.7599 11642
12.7625 11820
12.7909 11995
12.7933 12167
12.7956 12337
12.798 12505
12.825 12670
12.8273 12833
12.8297 12994
12.8321 13153
12.8592 13310
12.8616 13465
12.864 13618
12.8663 13770
12.8922 13920
12.8946 14068
12.8971 14215
12.8995 14360
12.9255 14504
12.9279 14646
12.9303 14787
12.9327 14927
12.9584 15065
12.9608 15202
12.9632 15338
12.9656 15473
12.968 15607
12.9928 15739
12.9951 15870
12.9975 16000
12.9999 16129
13.0023 16257
13.027 16384
13.0294 16510
13.0318 16635
13.0342 16759
13.0366 16882
13.0598 17004
13.0622 17125
13.065 17246
13.0674 17366
13.0698 17485
13.0927 17603
13.0951 17720
13.0979 17837
13.1003 17953
13.1028 18068
13.1051 18182
13.1268 18296
13.1308 18409
13.1332 7200
13.1969 7488
13.1993 7764
13.2298 8031
13.2322 8289
13.2627 8539
13.2651 8781
13.2956 9017
13.298 9246
13.3004 9470
13.3296 9688
13.3321 9902
13.3345 10111
13.3637 10316
13.3674 10517
13.3697 3600
13.437 4176
13.4711 4672
13.5052 5115
13.5381 5520
13.571 5895
13.6039 6246
13.6063 6577
13.6382 6892
13.6406 7192
13.6723 7480
13.6747 7757
13.7064 8024
13.7088 8282
13.7393 8532
13.7417 8775
13.7722 9011
13.7746 9241
13.8063 2880
13.8721 3600
13.9064 4176
13.9405 4672
13.9746 5115
14.0075 5520
14.0404 5895
14.0733 6246
14.0757 6577
14.1074 6892
14.1098 7192
14.1415 7480
14.1438 7757
14.1755 8024
14.1779 8282
14.2087 8532
14.2111 8775
14.2416 9011
14.2444 9241
14.2468 9465
14.2757 9684
14.2789 9898
14.2813 10107
14.3098 10312
14.313 10513
14.3154 10710
14.3427 10903
14.3459 11093
14.3487 11279
14.3756 11462
14.3788 11642
14.3816 11820
14.4085 11995
14.4117 12167
14.4141 12337
14.4164 12505
14.4428 12670
14.4457 12833
14.4481 12994
14.4505 13153
14.4769 13310
14.4798 13465
14.4822 13618
14.4846 13770
14.5098 13920
14.5127 14068
14.5151 14215
14.5175 14360
14.5427 14504
14.5456 14646
14.548 14787
14.5504 14927
14.5756 15065
14.578 15202
14.5804 15338
14.5828 15473
14.5851 15607
14.6097 15739
14.6121 15870
14.6145 16000
14.6168 16129
14.6192 16257
14.6441 16384
14.6465 16510
14.6489 16635
14.6513 16759
14.6537 16882
14.677 17004
14.6794 17125
14.6818 17246
14.6842 17366
14.6866 17485
14.7099 17603
14.7123 17720
14.715 17837
14.7174 17953
14.7198 18068
14.7222 18182
14.744 18296
14.7464 18409
14.7492 18521
14.7516 18632
14.754 18743
14.7564 18853
14.7781 18962
14.7805 19071
14.7833 19179
14.786 19287
14.7884 19394
14.7908 19500
14.8112 19606
14.8136 19711
14.8162 19816
14.8189 19920
14.8213 20024
14.8237 20127
14.8441 20230
14.8465 20332
14.8494 20433
14.8521 20534
14.8547 20634
14.8571 20734
14.877 20834
14.8794 20933
14.8818 21032
14.8842 21130
14.8866 21228
14.8892 21325
14.8916 21422
14.9113 21518
14.9137 21614
14.9161 21709
14.9185 21804
14.9208 21899
14.9232 21993
14.9256 22087
14.9456 22180
14.948 22273
14.9504 22366
14.9528 22458
14.9552 22550
14.9576 22641
14.96 22732
14.9785 22823
14.9809 22913
14.9833 23003
14.9857 23093
14.9881 23182
14.9905 23271
14.9929 23360
15.0114 23448
15.0138 23536
15.0162 23624
15.0186 23711
15.021 23798
15.0234 23885
15.0258 23971
15.0282 24057
15.0455 24143
15.0479 24228
15.0503 24313
15.0527 24398
15.0551 24482
15.0575 24566
15.0599 24650
15.0623 24734
15.0796 24817
15.082 24900
15.0844 24983
15.0868 25066
15.0892 25148
15.0916 25230
15.0939 25312
15.0963 25393
15.1125 25474
15.1161 25555
15.1185 10800
15.1783 10992
15.1819 11180
15.1843 11365
15.2114 11547
15.2151 11726
15.2174 11902
15.2444 12076
15.2468 12247
15.2495 12416
15.2519 12583
15.2785 12747
15.2809 12909
15.2836 13069
15.286 13227
15.3126 13383
15.315 13537
15.3177 13690
15.3201 13841
15.3455 13990
15.3479 14138
15.3507 14284
15.353 14429
15.3784 14572
15.3807 14714
15.3835 14854
15.3859 14993
15.3883 15131
15.4127 15268
15.4151 15403
15.4176 15537
15.42 15670
15.4224 15802
15.4468 15933
15.4492 16063
15.4517 16192
15.4541 16320
15.4565 16447
15.4809 16573
15.4836 16698
15.486 16822
15.4884 16945
15.4908 17067
15.5138 17188
15.5165 17308
15.5189 17427
15.5213 17545
15.5237 17663
15.5467 17780
15.5494 17896
15.5518 18011
15.5542 18126
15.5566 18240
15.559 18353
15.5808 18465
15.5835 18577
15.5859 18688
15.5883 18798
15.5906 18908
15.593 19017
15.6148 19126
15.6176 19234
15.6199 19341
15.6223 19448
15.6247 19554
15.6271 19660
15.6479 19765
15.6505 19869
15.6529 19973
15.6553 20076
15.6577 20179
15.6601 20281
15.6808 20383
15.6834 20484
15.6858 20585
15.6882 20685
15.6906 20785
15.693 20884
15.6954 20983
15.7149 21081
15.7175 21179
15.7199 21276
15.7223 21373
15.7247 21470
15.7271 21566
15.7295 21662
15.749 21757
15.7516 21852
15.754 21946
15.7564 22040
15.7588 22134
15.7612 22227
15.7635 22320
15.7819 22412
15.7845 22504
15.7869 22596
15.7893 22687
15.7917 22778
15.7953 22869
15.7976 9360
15.859 9581
15.8626 9797
15.865 10008
15.8931 10215
15.8967 10417
15.8991 10616
15.9272 10811
15.9296 11002
15.932 11190
15.9601 11375
15.9625 11557
15.9649 11736
15.993 11912
15.9954 12086
15.9978 12257
16.0002 12426
16.0271 12592
16.0295 12756
16.0319 12918
16.0342 13078
16.0612 13236
16.0648 13392
16.0672 5040
16.1329 5451
16.1658 5831
16.1987 6186
16.2011 6521
16.2328 6838
16.2352 7141
16.2672 7431
16.2696 7710
16.3013 7978
16.3049 8237
16.3354 2880
16.4018 3600
16.436 4176
16.4701 4672
16.5046 5115
16.5377 5520
16.5708 5895
16.6037 6246
16.6061 6577
16.6378 6892
16.6401 7192
16.6718 7480
16.6742 7757
16.7059 8024
16.7083 8282
16.7388 8532
16.7412 8775
16.7717 9011
16.7741 9241
16.7765 9465
16.8061 9684
16.8085 9898
16.8109 10107
16.8402 10312
16.8425 10513
16.8449 10710
16.873 10903
16.8754 11093
16.8778 11279
16.9059 11462
16.9085 11642
16.9109 11820
16.9391 11995
16.9415 12167
16.9463 12337
16.9732 12505
16.9756 12670
16.9803 12833
16.9827 12994
17.0073 13153
17.0096 13310
17.0144 13465
17.0168 13618
17.0401 13770
17.0425 13920
17.0473 14068
17.0497 14215
17.073 14360
17.0754 14504
17.0802 14646
17.0826 14787
17.1059 14927
17.1083 15065
17.1107 15202
17.1143 15338
17.1167 15473
17.1403 15607
17.1427 15739
17.1451 15870
17.1484 16000
17.1508 16129
17.1744 16257
17.1768 16384
17.1792 16510
17.1815 16635
17.184 16759
17.2073 16882
17.2097 17004
17.212 17125
17.2144 17246
17.2169 17366
17.2402 17485
17.2425 17603
17.2473 17720
17.2498 17837
17.2522 17953
17.2742 18068
17.2766 18182
17.2814 18296
17.2838 18409
17.2862 18521
17.2886 18632
17.3083 18743
17.3107 18853
17.3155 18962
17.3179 19071
17.3203 19179
17.3227 19287
17.3424 19394
17.3448 19500
17.3484 19606
17.3508 19711
17.3532 19816
17.3556 19920
17.3753 20024
17.3777 20127
17.3813 20230
17.3837 20332
17.3861 20433
17.3884 20534
17.4082 20634
17.4106 20734
17.4142 20834
17.4166 20933
17.4189 21032
17.4213 21130
17.4237 21228
17.4423 21325
17.4447 21422
17.4482 21518
17.4506 21614
17.453 21709
17.4554 21804
17.4578 21899
17.4764 21993
17.4787 22087
17.4823 22180
17.4847 22273
17.4871 22366
17.4895 22458
17.4919 22550
17.5116 22641
17.5152 22732
17.5176 22823
17.52 22913
17.5224 23003
17.5248 23093
17.5445 23182
17.5469 23271
17.5493 23360
17.5517 23448
17.5541 23536
17.5565 23624
17.5589 23711
17.5613 23798
17.5786 23885
17.581 23971
17.5834 24057
17.5858 24143
17.5882 24228
17.5906 24313
17.593 24398
17.5953 24482
17.6127 24566
17.6151 24650
17.6175 24734
17.6199 24817
17.6223 24900
17.6246 24983
17.627 25066
17.6294 25148
17.6456 25230
17.648 25312
17.6504 25393
17.6528 25474
17.6551 25555
17.6575 25636
17.6599 25716
17.6623 25796
17.6785 25876
17.6833 10800
17.7293 10992
17.7455 11180
17.7479 11365
17.7622 11547
17.7784 11726
17.7808 11902
17.7951 12076
17.7975 12247
17.8124 12416
17.8148 12583
17.8292 12747
17.8316 12909
17.8468 13069
17.8492 13227
17.8633 13383
17.8656 13537
17.8812 13690
17.8961 13841
17.8985 13990
17.9141 14138
17.929 14284
17.9318 14429
17.9342 14572
17.947 14714
17.9619 14854
17.9647 14993
17.9671 15131
17.9695 15268
17.9811 15403
17.996 15537
17.9988 15670
18.0012 15802
18.0036 15933
18.0152 16063
18.0301 16192
18.0329 16320
18.0353 16447
18.0377 16573
18.0481 16698
18.063 16822
18.0658 16945
18.0682 17067
18.0705 17188
18.081 17308
18.0959 17427
18.0986 17545
18.101 17663
18.1034 17780
18.1139 17896
18.1162 18011
18.1302 18126
18.1327 18240
18.1351 18353
18.1375 18465
18.1479 18577
18.1503 18688
18.1643 18798
18.167 18908
18.1695 19017
18.1719 19126
18.182 19234
18.1844 19341
18.1984 19448
18.2008 19554
18.2032 19660
18.2056 19765
18.2149 19869
18.2173 19973
18.2313 20076
18.2337 20179
18.2361 20281
18.2385 20383
18.2478 20484
18.2502 20585
18.2642 20685
18.2666 20785
18.2694 20884
18.2718 20983
18.2742 21081
18.2819 21179
18.2843 21276
18.2985 21373
18.3009 21470
18.3039 21566
18.3063 21662
18.3086 21757
18.316 21852
18.3184 21946
18.3326 22040
18.3352 22134
18.338 22227
18.3403 22320
18.3427 22412
18.3491 22504
18.3515 22596
18.3655 22687
18.368 22778
18.3712 22869
18.3736 22959
18.376 23049
18.382 23138
18.3844 23227
18.3984 23316
18.4009 23404
18.4041 23492
18.4065 23580
18.4089 23667
18.4113 23754
18.4161 23841
18.4185 23927
18.4325 24013
18.435 24099
18.4382 24185
18.4406 24270
18.443 24355
18.4454 24440
18.4502 24524
18.4526 24608
18.4666 24692
18.4691 24775
18.4723 24858
18.4747 24941
18.4774 25024
18.4798 25106
18.4847 25188
18.4871 25270
18.4995 25352
18.502 25433
18.5052 25514
18.5076 25595
18.5103 25676
18.5127 25756
18.5179 25836
18.5203 25916
18.5324 25996
18.5349 26075
18.5381 26154
18.5405 26233
18.5432 26312
18.5456 26390
18.5508 26468
18.5532 26546
18.5653 26624
18.5677 26701
18.57 26778
18.5724 26855
18.5748 26932
18.5773 27008
18.5797 27084
18.5849 27160
18.5872 27236
18.5994 27312
18.6017 27387
18.6041 27462
18.6065 27537
18.6089 27612
18.6114 27687
18.6138 27761
18.6189 27835
18.6213 27909
18.6334 27983
18.6358 28057
18.6382 28130
18.6406 28203
18.643 28276
18.6454 28349
18.6478 28422
18.6518 28494
18.6542 28566
18.6666 28638
18.6714 28710
18.6761 28782
18.6785 28854
18.6809 28925
18.6847 28996
18.6871 29067
18.6995 29138
18.7043 29209
18.7068 29279
18.7092 29349
18.7116 29419
18.714 29489
18.7164 29559
18.7187 29629
18.7211 29698
18.7235 29767
18.7336 29836
18.7384 29905
18.7409 29974
18.7433 30043
18.7457 30112
18.748 30180
18.7504 30248
18.7528 30316
18.7552 30384
18.7576 30452
18.7676 30520
18.7728 30587
18.7752 30654
18.7776 30721
18.78 30788
18.7824 30855
18.7848 30922
18.7872 30989
18.7917 13680
18.8498 13831
18.8522 13980
18.8546 14128
18.857 14274
18.8827 14419
18.8851 14562
18.8875 14704
18.8899 14845
18.9156 14984
18.918 15122
18.9208 15259
18.9232 15394
18.9256 15528
18.9497 15661
18.9521 15793
18.9549 15924
18.9573 16054
18.9597 16183
18.9838 16311
18.9862 16438
18.989 16564
18.9914 16689
18.9938 16813
19.0167 16936
19.0191 17058
19.0222 17179
19.0246 17299
19.0269 17418
19.0496 17537
19.052 17655
19.0551 17772
19.0574 17888
19.0598 18003
19.0622 18118
19.0837 18232
19.0861 18345
19.0891 18458
19.0915 18570
19.0939 18681
19.0963 18792
19.1179 18902
19.1203 19011
19.1256 19120
19.128 19228
19.1304 19335
19.1508 19442
19.1532 19548
19.1585 19654
19.1609 19759
19.1633 19863
19.1657 19967
19.1837 20070
19.1861 20173
19.1914 20275
19.1938 20377
19.1962 20478
19.1986 20579
19.2169 20679
19.2193 20779
19.2217 20878
19.2255 20977
19.2279 21075
19.2303 21173
19.2327 21270
19.251 21367
19.2534 21464
19.2558 21560
19.2596 21656
19.262 21751
19.2643 21846
19.2667 21940
19.2855 22034
19.2879 22128
19.2903 22221
19.294 22314
19.2964 22406
19.2988 22498
19.3011 22590
19.3184 22681
19.3208 22772
19.3232 22863
19.3269 22953
19.3293 23043
19.3316 23132
19.334 23221
19.3513 23310
19.3537 23398
19.3561 23486
19.36 23574
19.3624 23661
19.3648 23748
19.3672 23835
19.3696 23921
19.3854 24007
19.3902 10080
19.4367 10285
19.4528 10486
19.4552 10683
19.4695 10877
19.486 11067
19.4883 11254
19.5024 11438
19.5188 11619
19.5212 11797
19.5356 11972
19.5517 12145
19.5541 12315
19.5565 12483
19.5697 12649
19.5858 12812
19.5882 12973
19.5906 13132
19.6038 13289
19.6199 13445
19.6223 13599
19.6247 13751
19.6367 13901
19.6528 14050
19.6552 14197
19.6576 14343
19.6696 14487
19.6857 14630
19.6881 14771
19.6905 14911
19.7025 15050
19.7049 15187
19.7201 15323
19.7249 5760
19.7887 6120
19.7911 6458
19.8228 6779
19.8251 7084
19.8572 7376
19.8596 7657
19.8916 7927
19.8939 8188
19.9244 8441
19.9268 8686
19.9573 8924
19.9597 9156
19.9621 9382
19.9917 9603
19.9941 9818
19.9965 10029
20.0262 10235
20.0286 10437
20.031 10635
20.0603 10829
20.0627 11020
20.0651 11208
20.0932 11393
20.0956 11575
20.098 11754
20.1264 11930
20.1288 12103
20.1311 12274
20.1335 12442
20.1604 12608
20.1629 12772
20.1653 12934
20.1677 13094
20.1945 13252
20.197 13408
20.1994 13562
20.2018 13714
20.2274 13865
20.2299 14014
20.2323 14161
20.2346 14307
20.2603 14451
20.2627 14594
20.2651 14736
20.2675 14876
20.2932 15015
20.2956 15153
20.298 15289
20.3004 15424
20.3028 15558
20.3273 15691
20.3297 15823
20.3321 15954
20.3345 16083
20.3368 16211
20.3614 16338
20.3638 16464
20.3662 16589
20.3685 16713
20.3709 16837
20.3945 16960
20.3969 17082
20.3994 17203
20.4018 17323
20.4041 17442
20.4274 17560
20.4298 17678
20.4323 17795
20.4359 17911
20.4382 7200
20.5016 7488
20.504 7764
20.5345 8031
20.5369 8289
20.5674 8539
20.5698 8781
20.6008 9017
20.6032 9246
20.6056 9470
20.6349 9688
20.6373 9902
20.6398 10111
20.669 10316
20.6714 10517
20.6742 10714
20.7019 10907
20.7042 11097
20.707 11283
20.7347 11466
20.7371 11646
20.7399 11824
20.7676 11999
20.77 12171
20.7724 12341
20.7748 12509
20.8017 12674
20.8041 12837
20.8065 12998
20.8089 13157
20.8358 13314
20.8382 13469
20.8406 13622
20.843 13774
20.8689 13924
20.8713 14072
20.8737 14219
20.8771 14364
20.9033 5040
20.9679 5451
21.0012 5831
21.0365 6186
21.0706 6521
21.0734 6838
21.1051 7141
21.1075 7431
21.1391 7710
21.142 7978
21.172 8237
21.1749 8488
21.2049 8732
21.2081 8969
21.2378 9200
21.2402 9425
21.2426 9645
21.2719 9859
21.2743 10069
21.2767 10274
21.306 10475
21.3084 10672
21.3108 10866
21.3389 11056
21.3413 11243
21.3437 11427
21.3718 11608
21.3742 11786
21.3766 11961
21.4047 12134
21.4071 12304
21.4094 12472
21.4118 12638
21.4388 12802
21.4411 12963
21.4435 13122
21.4459 13280
21.4728 13436
21.4752 13590
21.4776 13742
21.48 13892
21.5057 14041
21.5084 14188
21.5108 14334
21.5132 14478
21.5389 14621
21.5413 14762
21.5437 14902
21.5461 15041
21.5485 15178
21.573 15314
21.5754 15449
21.5778 15583
21.5802 15716
21.5826 15847
21.6075 15977
21.6099 16106
21.6123 16234
21.6146 16361
21.617 16487
21.6403 16612
21.6428 16736
21.6455 16859
21.6479 16981
21.6503 17103
21.6732 17224
21.676 17344
21.6784 17463
21.6808 17581
21.6832 17698
21.7061 17815
21.7089 17931
21.7113 18046
21.7137 18160
21.7161 18274
21.7185 18387
21.7402 18499
21.743 18611
21.7454 18722
21.7478 18832
21.7502 18942
21.7526 19051
21.7743 19159
21.7771 19267
21.7795 19374
21.7819 19481
21.7843 19587
21.7867 19692
21.8072 19797
21.81 19901
21.8124 20005
21.8148 20108
21.8172 20211
21.8196 20313
21.8401 20415
21.8429 20516
21.8453 20617
21.8477 20717
21.8501 20817
21.8524 20916
21.8548 21015
21.8742 21113
21.877 21211
21.8794 21308
21.8817 21405
21.8841 21501
21.8865 21597
21.8889 21693
21.9082 21788
21.9111 21883
21.9134 21977
21.9158 22071
21.9182 22164
21.9206 22257
21.923 22350
21.9411 22442
21.9439 22534
21.9463 22626
21.9487 22717
21.9511 22808
21.9535 22898
21.9559 22988
21.974 23078
21.9771 23167
21.9795 23256
21.9819 23345
21.9843 23433
21.9867 23521
21.9891 23609
22.0069 23696
22.0093 23783
22.0117 23870
22.0141 23956
22.0165 24042
22.0189 24128
22.0213 24213
22.0236 24298
22.041 24383
22.0434 24468
22.0458 24552
22.0482 24636
22.0506 24720
22.0529 24803
22.0553 24886
22.0577 24969
22.0751 25052
22.0775 25134
22.0799 25216
22.0823 25298
22.0846 25379
22.087 25460
22.0894 25541
22.0918 25622
22.1082 25702
22.1106 25782
22.113 25862
22.1154 25942
22.1178 26021
22.1202 26100
22.1226 26179
22.125 26258
22.1411 26336
22.1436 26414
22.146 26492
22.1484 26570
22.1507 26648
22.1531 26725
22.1555 26802
22.1579 26879
22.1603 26956
22.1752 27032
22.1777 27108
22.18 27184
22.1824 27260
22.1848 27336
22.1872 27411
22.1897 27486
22.192 27561
22.1944 27636
22.2093 27711
22.2117 27785
22.2141 27859
22.2165 27933
22.2189 28007
22.2213 28081
22.2237 28154
22.2261 28227
22.2285 28300
22.2422 28373
22.2446 28446
22.247 28518
22.2494 28590
22.2518 28662
22.2542 28734
22.2566 28806
22.259 28877
22.2614 28948
22.2751 29019
22.2775 29090
22.2799 29161
22.2823 29232
22.2847 29302
22.2871 29372
22.2895 29442
22.2919 29512
22.2943 29582
22.2966 29652
22.3092 29721
22.3116 29790
22.314 29859
22.3164 29928
22.3188 29997
22.3212 30066
22.3236 30134
22.3259 30202
22.3283 30270
22.3307 30338
22.3433 30406
22.3457 30474
22.3481 30542
22.3505 30609
22.3529 30676
22.3553 30743
22.3576 30810
22.36 30877
22.3624 30944
22.3648 31011
22.3761 31077
22.3786 31143
22.381 31209
22.3834 31275
22.3858 31341
22.3881 31407
22.3905 31473
22.3929 31538
22.3953 31603
22.3977 31668
22.409 31733
22.4115 31798
22.4139 31863
22.4162 31928
22.419 31992
22.4214 32056
22.4237 32120
22.4261 32184
22.4285 32248
22.4309 32312
22.4419 32376
22.4443 32440
22.4467 32503
22.4491 32566
22.4515 32629
22.4539 32692
22.4563 32755
22.4587 32818
22.461 32881
22.4634 32944
22.4658 33006
22.4763 33068
22.4787 33130
22.4811 33192
22.4835 33254
22.4859 33316
22.4883 33378
22.4907 33440
22.4931 33502
22.4954 33563
22.4978 33624
22.5002 33685
22.5107 33746
22.5131 33807
22.5155 33868
22.5179 33929
22.5203 33990
22.5227 34051
22.5251 34111
22.5274 34171
22.5298 34231
22.5322 34291
22.5346 34351
22.5436 34411
22.546 34471
22.5484 34531
22.5508 34591
22.5532 34650
22.5556 34709
22.5579 34768
22.5603 34827
22.5627 34886
22.5651 34945
22.5675 35004
22.5766 35063
22.579 35122
22.5814 35181
22.5838 35239
22.5862 35297
22.5886 35355
22.591 35413
22.5933 35471
22.5957 35529
22.5981 35587
22.6005 35645
22.6029 35703
22.611 35761
22.6134 35818
22.6162 35875
22.6209 35932
22.6233 35989
22.6257 36046
22.6281 36103
22.6305 36160
22.6329 36217
22.6353 36274
22.6377 36331
22.6451 36388
22.6475 36444
22.6503 36500
22.655 36556
22.6574 36612
22.6599 36668
22.6622 36724
22.6646 36780
22.667 36836
22.6694 36892
22.6718 36948
22.6742 37004
22.678 37060
22.6804 37115
22.6832 37170
22.6879 37225
22.6903 37280
22.6931 37335
22.6955 37390
22.6979 37445
22.7003 37500
22.7027 37555
22.7051 37610
22.7074 37665
22.7109 37720
22.7132 37774
22.716 37828
22.7208 37882
22.7232 37936
22.726 37990
22.7284 38044
22.7308 38098
22.7332 38152
22.7356 38206
22.738 38260
22.7403 38314
22.7427 38368
22.7451 38422
22.7475 38475
22.7501 38528
22.7549 38581
22.7573 38634
22.7601 38687
22.7625 38740
22.7649 38793
22.7673 38846
22.7696 38899
22.772 38952
22.7744 39005
22.7768 39058
22.7792 39111
22.7816 39164
22.7842 39216
22.789 39268
22.7914 39320
22.7946 39372
22.797 39424
22.7994 39476
22.8018 39528
22.8041 39580
22.8065 39632
22.8089 39684
22.8113 39736
22.8137 39788
22.8161 39840
22.8185 39892
22.8219 39943
22.8243 39994
22.8275 40045
22.8299 40096
22.8323 40147
22.8347 40198
22.8371 40249
22.8395 40300
22.8419 40351
22.8442 40402
22.8466 40453
22.849 40504
22.8514 40555
22.8548 40606
22.8572 40657
22.8604 40708
22.8632 40758
22.8656 40808
22.8679 40858
22.8703 40908
22.8728 40958
22.8751 41008
22.8775 41058
22.8799 41108
22.8823 41158
22.8847 41208
22.8871 41258
22.8895 41308
22.8919 41358
22.8947 41408
22.8975 41458
22.8999 41508
22.9022 41557
22.9046 41606
22.907 41655
22.9094 41704
22.9118 41753
22.9142 41802
22.9166 41851
22.919 41900
22.9214 41949
22.9238 41998
22.9261 42047
22.9288 42096
22.9315 42145
22.9339 42194
22.9363 42243
22.9387 42292
22.9411 42341
22.9435 42389
22.9459 42437
22.9483 42485
22.9507 42533
22.9531 42581
22.9555 42629
22.9578 42677
22.9602 42725
22.9626 42773
22.965 42821
22.9674 42869
22.9698 42917
22.9722 42965
22.9749 43013
22.9773 43061
22.9797 43109
22.9821 43157
22.9845 43205
22.9869 43252
22.9893 43299
22.9917 43346
22.994 43393
22.9964 43440
22.9988 43487
23.0012 43534
23.0036 43581
23.006 43628
23.0084 43675
23.0111 43722
23.0134 43769
23.0158 43816
23.0182 43863
23.0206 43910
23.023 43957
23.0254 44004
23.0278 44051
23.0302 44098
23.0326 44145
23.035 44191
23.0374 44237
23.0397 44283
23.0421 44329
23.0445 44375
23.0469 44421
23.0493 44467
23.0517 44513
23.0541 44559
23.0565 44605
23.0589 44651
23.0613 44697
23.0636 44743
23.066 44789
23.0684 44835
23.0708 44881
23.0732 44927
23.0756 44973
23.078 45019
23.0804 45065
23.0828 45111
23.0852 45156
23.0876 45201
23.0899 45246
23.0923 45291
23.0947 45336
23.0971 45381
23.0995 45426
23.1019 45471
23.1043 45516
23.1067 45561
23.1091 45606
23.1115 45651
23.1138 45696
23.1162 45741
23.1186 45786
23.121 45831
23.1234 45876
23.1258 45921
23.1282 45966
23.1306 46011
23.133 46056
23.1354 46101
23.1378 46145
23.1401 46189
23.1425 46233
23.1449 46277
23.1473 46321
23.1497 46365
23.1521 46409
23.1545 46453
23.1569 46497
23.1593 46541
23.1617 46585
23.1641 46629
23.1665 46673
23.1689 46717
23.1713 46761
23.1736 46805
23.176 46849
23.1784 46893
23.1808 46937
23.1832 46981
23.1856 47025
23.188 47069
23.1904 47113
23.1928 47157
23.1952 47200
23.1976 47243
23.1999 47286
23.2023 47329
23.2047 47372
23.2071 47415
23.2095 47458
23.2119 47501
23.2143 47544
23.2167 47587
23.2191 47630
23.2215 47673
23.2238 47716
23.2262 47759
23.2286 47802
23.231 47845
23.2334 47888
23.2358 47931
23.2382 47974
23.2406 48017
23.243 48060
23.2454 48103
23.2477 48146
23.2501 48189
23.2525 48232
23.2549 48274
23.2573 48316
23.2597 48358
23.2621 48400
23.2645 48442
23.2669 48484
23.2693 48526
23.2717 48568
23.274 48610
23.2764 48652
23.2788 48694
23.2812 48736
23.2836 48778
23.286 48820
23.2884 48862
23.2908 48904
23.2932 48946
23.2956 48988
23.2979 49030
23.3003 49072
23.3027 49114
23.3051 49156
23.3075 49198
23.3099 49240
23.3123 49282
23.3147 49324
23.3171 49366
23.3195 49408
23.3219 49449
23.3242 49490
23.3266 49531
23.329 49572
23.3314 49613
23.3338 49654
23.3362 49695
23.3386 49736
23.341 49777
23.3434 49818
23.3458 49859
23.3481 49900
23.3505 49941
23.3529 49982
23.3553 50023
23.3577 50064
23.3601 50105
23.3625 50146
23.3649 50187
23.3697 50228
23.372 50269
23.3744 50310
23.3768 50351
23.3792 50392
23.3816 50433
23.384 50474
23.3864 50515
23.3888 50556
23.3912 50597
23.3936 50637
23.396 50677
23.3983 50717
23.4007 50757
23.4031 50797
23.4055 50837
23.4079 50877
23.4103 50917
23.4127 50957
23.4151 50997
23.4175 51037
23.4199 51077
23.4222 51117
23.4246 51157
23.427 51197
23.4294 51237
23.4318 51277
23.4342 51317
23.4366 51357
23.439 51397
23.4414 51437
23.4438 51477
23.4462 51517
23.4485 51557
23.4509 51597
23.4533 51637
23.4563 51677
23.4586 23760
23.5156 23847
23.518 23933
23.5204 24019
23.5239 24105
23.5263 24191
23.5287 24276
23.5311 24361
23.5335 24446
23.5497 24530
23.5521 24614
23.5544 24698
23.558 24781
23.5604 24864
23.5628 24947
23.5652 25030
23.5676 25112
23.5838 25194
23.5861 25276
23.5885 25358
23.5909 25439
23.5933 25520
23.5957 25601
23.5981 25681
23.6005 25761
23.6169 25841
23.6193 25921
23.6217 26000
23.6241 26079
23.6265 26158
23.6289 26237
23.6313 26316
23.6337 26394
23.6523 26472
23.6547 26550
23.6571 26628
23.6595 26705
23.6619 26782
23.6643 26859
23.6666 26936
23.669 27012
23.6864 27088
23.6888 27164
23.6912 27240
23.6936 27316
23.6984 11520
23.7574 11700
23.7597 11877
23.7621 12051
23.7645 12223
23.7914 12392
23.7941 12559
23.7965 12724
23.7989 12886
23.8256 13046
23.8282 13204
23.8306 13361
23.833 13516
23.8596 13669
23.862 13820
23.8644 13970
23.8668 14118
23.8928 14264
23.8952 14409
23.8976 14552
23.9 14694
23.9257 14835
23.9281 14974
23.9305 15112
23.9329 15249
23.9353 15384
23.9598 15518
23.9622 15651
23.9658 15783
23.9682 5760
24.0328 6120
24.0356 6458
24.0669 6779
24.0699 7084
24.1009 7376
24.104 7657
24.135 7927
24.1374 8188
24.1679 8441
24.1703 8686
24.2008 8924
24.2032 9156
24.2056 9382
24.2349 9603
24.2373 9818
24.2397 10029
24.269 10235
24.2714 10437
24.2738 10635
24.3031 10829
24.3055 11020
24.3078 11208
24.3361 11393
24.3385 11575
24.3409 11754
24.369 11930
24.3714 12103
24.374 12274
24.3764 12442
24.4031 12608
24.4054 12772
24.4081 12934
24.4105 13094
24.4371 13252
24.4395 13408
24.4423 13562
24.4451 13714
24.47 13865
24.4724 14014
24.4752 14161
24.478 14307
24.5029 14451
24.5053 14594
24.5081 14736
24.5109 14876
24.5361 15015
24.5385 15153
24.5409 15289
24.5433 15424
24.5456 15558
24.5702 15691
24.5726 15823
24.575 15954
24.5773 16083
24.5798 16211
24.6045 16338
24.6069 16464
24.6093 16589
24.6117 16713
24.6141 16837
24.6374 16960
24.6398 17082
24.6422 17203
24.6446 17323
24.647 17442
24.6703 17560
24.6727 17678
24.6751 17795
24.6775 17911
24.6799 18026
24.6823 18141
24.7044 18255
24.7068 18368
24.7092 18480
24.7116 18592
24.714 18703
24.7163 18813
24.7385 18923
24.7409 19032
24.7433 19140
24.7456 19248
24.748 19355
24.7504 19462
24.7714 19568
24.7738 19673
24.7761 19778
24.7785 19882
24.7809 19986
24.7833 20089
24.8045 20192
24.807 20294
24.8094 20396
24.8118 20497
24.8141 20598
24.8165 20698
24.8374 20798
24.8398 20897
24.8422 20996
24.8446 21094
24.8482 21192
24.8506 8640
24.912 8880
24.9156 9113
24.918 9340
24.9464 9562
24.95 9778
24.9524 9990
24.9806 10197
24.9841 10400
24.9865 10599
25.0147 10794
25.017 10986
25.0198 11174
25.0475 11359
25.0499 11541
25.0527 11720
25.0804 11896
25.0828 12070
25.0852 12241
25.0876 12410
25.1145 12577
25.1169 12741
25.1193 12903
25.1217 13063
25.1486 13221
25.151 13377
25.1534 13532
25.1558 13685
25.1815 13836
25.1839 13985
25.1863 14133
25.1887 14279
25.2144 14424
25.2168 14567
25.2192 14709
25.2216 14849
25.2474 14988
25.2498 15126
25.2522 15263
25.2546 15398
25.2569 15532
25.2815 15665
25.2839 15797
25.2863 15928
25.2886 16058
25.291 16187
25.3156 16315
25.3179 16442
25.3203 16568
25.3227 16693
25.3251 16817
25.3484 16940
25.3508 17062
25.3534 17183
25.3558 17303
25.3582 17422
25.3813 17541
25.3837 17659
25.3863 17776
25.3887 17892
25.3911 18007
25.3935 18122
25.4154 18236
25.4178 18349
25.4204 18462
25.4228 18574
25.4252 18685
25.4276 18795
25.4496 18905
25.4548 7920
25.5166 8181
25.5194 8434
25.5494 8679
25.5525 8917
25.5823 9149
25.5847 9375
25.5871 9596
25.6164 9812
25.6188 10023
25.6212 10229
25.6505 10431
25.6553 10629
25.6834 10824
25.6882 11015
25.6909 11203
25.7163 11388
25.7214 11570
25.7238 11749
25.7492 11925
25.7543 12098
25.7567 12269
25.7591 12438
25.7833 12604
25.7884 12768
25.7908 12930
25.7932 13090
25.8173 13248
25.8225 13404
25.8249 13558
25.8273 13710
25.8502 13861
25.8554 14010
25.8578 14158
25.8601 14304
25.8831 14448
25.8898 14591
25.8933 5040
25.9579 5451
25.9908 5831
26.0237 6186
26.0263 6521
26.0579 6838
26.0603 7141
26.0919 7431
26.0944 7710
26.126 7978
26.1284 8237
26.1589 8488
26.1613 8732
26.1918 8969
26.1942 9200
26.1966 9425
26.2262 9645
26.2285 9859
26.2309 10069
26.2602 10274
26.2627 10475
26.2651 10672
26.2943 10866
26.2967 11056
26.2991 11243
26.3272 11427
26.3297 11608
26.332 11786
26.3601 11961
26.3629 12134
26.3653 12304
26.3677 12472
26.3942 12638
26.397 12802
26.3997 12963
26.4021 13122
26.4283 13280
26.4311 13436
26.4339 13590
26.4363 13742
26.4612 13892
26.4668 5040
26.5313 5451
26.5642 5831
26.5971 6186
26.5995 6521
26.6315 6838
26.6339 7141
26.6656 7431
26.668 7710
26.6997 7978
26.7021 8237
26.7326 8488
26.735 8732
26.7655 8969
26.7682 9200
26.7706 9425
26.7996 9645
26.8047 9859
26.8337 10069
26.8388 10274
26.8412 10475
26.8679 10672
26.8741 10866
26.8765 3600
26.9441 4176
26.9782 4672
27.0123 5115
27.0455 5520
27.0783 5895
27.1114 6246
27.1138 6577
27.1455 6892
27.1479 7192
27.1796 7480
27.1819 7757
27.2136 8024
27.216 8282
27.2465 8532
27.2489 8775
27.2794 9011
27.2818 9241
27.2842 9465
27.3135 9684
27.3159 9898
27.3183 10107
27.3476 10312
27.35 10513
27.3524 10710
27.3805 10903
27.3829 11093
27.3853 11279
27.4136 11462
27.416 11642
27.4184 11820
27.4465 11995
27.4489 12167
27.4513 12337
27.4537 12505
27.4806 12670
27.483 12833
27.4854 12994
27.4878 13153
27.5147 13310
27.5171 13465
27.5195 13618
27.5219 13770
27.5476 13920
27.55 14068
27.5524 14215
27.5548 14360
27.5805 14504
27.5829 14646
27.5853 14787
27.5877 14927
27.6134 15065
27.6158 15202
27.6182 15338
27.6229 15473
27.6475 15607
27.6499 15739
27.6523 15870
27.657 16000
27.6594 16129
27.6816 16257
27.6842 16384
27.6867 16510
27.6899 16635
27.6923 16759
27.7145 16882
27.7173 17004
27.7199 17125
27.7228 17246
27.7252 17366
27.7474 17485
27.7502 17603
27.7528 17720
27.7557 17837
27.7581 17953
27.7605 18068
27.7817 18182
27.7842 18296
27.7868 18409
27.79 18521
27.7924 18632
27.7948 18743
27.8158 18853
27.8183 18962
27.8212 19071
27.8241 19179
27.8265 19287
27.829 19394
27.8487 19500
27.8512 19606
27.8541 19711
27.8594 19816
27.8619 19920
27.8815 20024
27.8841 20127
27.887 20230
27.8923 20332
27.8947 20433
27.8971 20534
27.9144 20634
27.917 20734
27.92 20834
27.9224 20933
27.9264 21032
27.9288 21130
27.9312 21228
27.9485 21325
27.9511 21422
27.9541 21518
27.9565 21614
27.9605 21709
27.9628 21804
27.9652 21899
27.9826 21993
27.9852 22087
27.9881 22180
27.9906 22273
27.9933 22366
27.9957 22458
27.9981 22550
28.0155 22641
28.0181 22732
28.021 22823
28.0235 22913
28.0262 23003
28.0286 23093
28.031 23182
28.0487 23271
28.0511 23360
28.0539 23448
28.0564 23536
28.0591 23624
28.0615 23711
28.0639 23798
28.0663 23885
28.0828 23971
28.0856 24057
28.088 24143
28.0905 24228
28.0936 24313
28.096 24398
28.0984 24482
28.1008 24566
28.1168 24650
28.1196 24734
28.1221 24817
28.1245 24900
28.1276 24983
28.13 25066
28.1325 25148
28.1348 25230
28.1501 25312
28.1525 25393
28.1553 25474
28.1578 25555
28.1605 25636
28.1629 25716
28.1653 25796
28.1677 25876
28.1829 25956
28.1857 26035
28.1882 26114
28.191 26193
28.1935 26272
28.1959 26350
28.1982 26428
28.2006 26506
28.2158 26584
28.2182 26662
28.2206 26739
28.223 26816
28.2254 26893
28.2278 26970
28.2302 27046
28.2326 27122
28.235 27198
28.2499 27274
28.2523 27350
28.2547 27425
28.2571 27500
28.2595 27575
28.2619 27650
28.2643 27724
28.2667 27798
28.2691 27872
28.284 27946
28.2864 28020
28.2892 28094
28.2916 28167
28.294 28240
28.2964 28313
28.2987 28386
28.3011 28459
28.3035 28531
28.3169 28603
28.3193 28675
28.3223 28747
28.3247 28819
28.3271 28890
28.3295 28961
28.3319 29032
28.3343 29103
28.3367 29174
28.3522 12960
28.4005 13120
28.4031 13278
28.4055 13434
28.417 13588
28.4334 13740
28.4359 13890
28.4383 14039
28.4499 14186
28.4663 14332
28.4695 14476
28.4719 14619
28.4828 14760
28.4991 14900
28.5024 15039
28.5047 15176
28.5072 15312
28.5171 15447
28.5334 15581
28.5364 15714
28.5388 15845
28.5416 15975
28.5512 16104
28.5675 16232
28.5707 16359
28.5731 16485
28.5755 16610
28.5841 16734
28.6005 16857
28.6036 16980
28.606 17102
28.6084 17223
28.617 17343
28.6334 17462
28.6365 17580
28.6389 17697
28.6413 17814
28.6499 17930
28.6523 18045
28.6675 18159
28.6706 18273
28.673 18386
28.6753 18498
28.6844 18610
28.6867 18721
28.7016 18831
28.7046 18941
28.707 19050
28.7094 19158
28.7184 19266
28.7208 19373
28.7348 19480
28.7375 19586
28.7399 19691
28.7423 19796
28.7513 19900
28.7537 20004
28.7677 20107
28.7704 20210
28.7728 20312
28.7842 20414
28.7866 20515
28.801 20616
28.8034 20716
28.8058 20816
28.8082 20915
28.8183 21014
28.821 21112
28.8234 21210
28.8351 21307
28.8374 21404
28.8399 21500
28.8422 21596
28.8524 21692
28.8552 21787
28.8576 21882
28.8691 21976
28.8715 22070
28.8743 22163
28.8767 22256
28.8867 22349
28.8891 22441
28.8915 22533
28.9024 22625
28.9048 22716
28.9072 22807
28.9096 22897
28.9196 22987
28.922 23077
28.9244 23166
28.9353 23255
28.9377 23344
28.9401 23432
28.9425 23520
28.9525 23608
28.9549 23695
28.9573 23782
28.9597 23869
28.9694 23955
28.9718 24041
28.9742 24127
28.9766 24212
28.987 24297
28.9893 24382
28.9917 24467
28.9941 24551
29.0034 24635
29.0058 24719
29.0083 24802
29.0107 24885
29.0214 24968
29.0239 25051
29.0263 25133
29.0287 25215
29.0363 25297
29.0387 25378
29.0412 25459
29.0436 25540
29.0544 25621
29.0571 25701
29.0595 25781
29.0619 25861
29.0692 25941
29.0716 26020
29.0741 26099
29.0765 26178
29.0873 26257
29.09 26335
29.0924 26413
29.0948 26491
29.1021 26569
29.1045 26647
29.1069 26724
29.1093 26801
29.1117 26878
29.1213 26955
29.1242 27031
29.1265 27107
29.1289 27183
29.1362 27259
29.1386 27335
29.141 27410
29.1434 27485
29.1458 27560
29.1554 27635
29.1586 27710
29.161 27784
29.1634 27858
29.1703 27932
29.1727 28006
29.1751 28080
29.1775 28153
29.1798 28226
29.1883 28299
29.1914 28372
29.1939 28445
29.1963 28517
29.2034 28589
29.2059 28661
29.2083 28733
29.2107 28805
29.2131 28876
29.2212 28947
29.2243 29018
29.2268 29089
29.2292 29160
29.2363 29231
29.2388 29301
29.2412 29371
29.2436 29441
29.2459 29511
29.2483 29581
29.2553 29651
29.2584 29720
29.2609 29789
29.2633 29858
29.2704 29927
29.2729 29996
29.2753 30065
29.2776 30133
29.28 30201
29.2824 30269
29.2894 30337
29.2925 30405
29.2949 30473
29.2973 30541
29.3045 30608
29.3069 30675
29.3093 30742
29.3117 30809
29.3141 30876
29.3165 30943
29.3223 31010
29.3254 31076
29.3278 31142
29.3302 31208
29.3374 31274
29.3402 31340
29.3426 31406
29.345 31472
29.3474 31537
29.3498 31602
29.3552 31667
29.3583 31732
29.3607 31797
29.3631 31862
29.3703 31927
29.3755 31991
29.3779 32055
29.3803 32119
29.3827 32183
29.3883 32247
29.3912 32311
29.3936 32375
29.396 32439
29.3983 32502
29.4044 32565
29.4096 32628
29.412 32691
29.4144 32754
29.4168 32817
29.4191 32880
29.4224 32943
29.4253 33005
29.4277 33067
29.43 33129
29.4324 33191
29.4385 33253
29.4437 33315
29.4461 33377
29.4484 33439
29.4508 33501
29.4532 33562
29.4565 33623
29.4593 33684
29.4617 33745
29.4641 33806
29.4665 33867
29.4714 33928
29.4769 33989
29.4793 34050
29.4817 34110
29.4841 34170
29.4865 34230
29.4894 34290
29.4922 34350
29.4946 34410
29.497 34470
29.4994 34530
29.5043 34590
29.5098 34649
29.5122 34708
29.5146 34767
29.517 34826
29.5194 34885
29.5223 34944
29.5254 35003
29.5278 35062
29.5302 35121
29.5326 35180
29.5371 35238
29.5395 35296
29.5439 35354
29.5463 35412
29.5487 35470
29.5511 35528
29.5535 35586
29.5563 35644
29.5595 35702
29.5619 35760
29.5643 35817
29.5667 35874
29.5715 35931
29.5739 35988
29.578 36045
29.5804 36102
29.5828 36159
29.5852 36216
29.5875 36273
29.5904 36330
29.5936 36387
29.596 36443
29.5984 36499
29.6008 36555
29.6056 36611
29.608 36667
29.6121 36723
29.6145 36779
29.6168 36835
29.6192 36891
29.6216 36947
29.624 37003
29.6265 37059
29.6289 37114
29.6313 37169
29.6337 37224
29.6385 37279
29.6408 37334
29.645 37389
29.6473 37444
29.6497 37499
29.6521 37554
29.6569 37609
29.6594 37664
29.6618 37719
29.6641 37773
29.6666 37827
29.6713 37881
29.6737 37935
29.6778 37989
29.6802 38043
29.6826 38097
29.685 38151
29.6874 38205
29.691 38259
29.6934 38313
29.6958 38367
29.6982 38421
29.7006 38474
29.7029 38527
29.7055 38580
29.7078 38633
29.7119 38686
29.7143 38739
29.7167 38792
29.7191 38845
29.7215 38898
29.7251 38951
29.7275 39004
29.7299 39057
29.7322 39110
29.7346 39163
29.737 39215
29.7398 39267
29.7422 39319
29.7463 39371
29.7487 39423
29.7511 39475
29.7535 39527
29.7559 39579
29.7583 39631
29.7607 39683
29.7631 39735
29.7654 39787
29.7678 39839
29.7702 39891
29.7727 39942
29.7751 39993
29.7792 40044
29.7816 40095
29.784 40146
29.7864 40197
29.7888 40248
29.7912 40299
29.7936 40350
29.7959 40401
29.7983 40452
29.8007 40503
29.8032 40554
29.8056 40605
29.808 40656
29.8121 40707
29.8145 40757
29.8169 40807
29.8193 40857
29.8217 40907
29.8241 40957
29.8264 41007
29.8288 41057
29.8312 41107
29.8336 41157
29.836 41207
29.8384 41257
29.8408 41307
29.8432 41357
29.8465 41407
29.8489 41457
29.8513 41507
29.8537 41556
29.8561 41605
29.8585 41654
29.8609 41703
29.8632 41752
29.8656 41801
29.868 41850
29.8704 41899
29.8728 41948
29.8752 41997
29.8776 42046
29.8806 42095
29.883 42144
29.8854 42193
29.8878 42242
29.8902 42291
29.8926 42340
29.895 42388
29.8974 42436
29.8998 42484
29.9022 42532
29.9046 42580
29.9069 42628
29.9093 42676
29.9118 42724
29.9141 42772
29.9165 42820
29.9189 42868
29.9213 42916
29.9237 42964
29.9261 43012
29.9285 43060
29.9309 43108
29.9333 43156
29.9357 43204
29.938 43251
29.9404 43298
29.9428 43345
29.9452 43392
29.9478 43439
29.9502 43486
29.9526 43533
29.955 43580
29.9574 43627
29.9598 43674
29.9622 43721
29.9646 43768
29.967 43815
29.9693 43862
29.9717 43909
29.9741 43956
29.9765 44003
29.9789 44050
29.9813 44097
29.9837 44144
29.9861 44190
29.9885 44236
29.9909 44282
29.9933 44328
29.9956 44374
29.998 44420
30.0004 44466
30.0028 44512
30.0052 44558
30.0076 44604
30.01 44650
30.0124 44696
30.0148 44742
30.0172 44788
30.0195 44834
30.0219 44880
30.0243 44926
30.0267 44972
30.0291 45018
30.0315 45064
30.0339 45110
30.0363 45155
30.0387 45200
30.0411 45245
30.0444 45290
30.0467 20880
