0.0 0
0.0382165 0.038
0.0791493 0.038375
0.121234 0.0388281
0.163319 0.0392246
0.204209 0.0446965
0.206599 0.0444845
0.246293 0.0441739
0.248684 0.0441522
0.251074 0.0442581
0.288378 0.0439759
0.290769 0.0439789
0.293159 0.0441065
0.295549 0.0440932
0.329268 0.0483316
0.331658 0.0476651
0.334048 0.047207
0.336439 0.0470561
0.338829 0.0467991
0.34122 0.0466992
0.370157 0.0502368
0.372548 0.0493322
0.374938 0.0485407
0.377328 0.0482231
0.379719 0.0478202
0.382109 0.0475927
0.3845 0.0476436
0.38689 0.0476881
0.38928 0.0477271
0.411047 0.0505112
0.413581 0.0495723
0.415972 0.0487508
0.418362 0.0484069
0.420753 0.0481061
0.423143 0.0478428
0.425533 0.0478625
0.427924 0.0478797
0.430314 0.0478947
0.432704 0.0481579
0.435095 0.0485131
0.437485 0.048824
0.439876 0.049346
0.442266 0.0498027
0.453132 0.0488274
0.455522 0.048224
0.457912 0.047696
0.460303 0.047359
0.462693 0.0473141
0.465084 0.0472748
0.467474 0.0472405
0.469864 0.0474604
0.472255 0.0476529
0.474645 0.0478213
0.477036 0.0483436
0.479426 0.0488007
0.481816 0.0490756
0.484207 0.0496911
0.486597 0.0502297
0.488988 0.050576
0.491378 0.051254
0.493768 0.0518473
0.496159 0.0524914
0.498549 0.0533049
0.50094 0.0538918
0.50333 0.0534053
0.50572 0.0532297
0.508111 0.053201
0.510501 0.0531758
0.512892 0.0534039
0.515282 0.0536034
0.517672 0.053778
0.520063 0.0543057
0.522453 0.0546425
0.524844 0.0549372
0.527234 0.05557
0.529624 0.0561238
0.532015 0.0566083
0.534405 0.0572823
0.536796 0.057872
0.539186 0.058388
0.541576 0.0590895
0.543967 0.0597033
0.546357 0.0603654
0.548748 0.0611947
0.551138 0.0619204
0.553528 0.0625553
0.555919 0.0633609
0.558309 0.0641908
0.5607 0.0647919
0.56309 0.065693
0.56548 0.0664813
0.567871 0.0670462
0.570261 0.0679154
0.572652 0.068676
0.575042 0.0694665
0.577432 0.0704082
0.579823 0.0711071
0.582213 0.0718437
0.584604 0.0727383
0.586994 0.073396
0.589384 0.0740965
0.591775 0.0749594
0.594165 0.0758395
0.596556 0.0764846
0.598946 0.077299
0.601336 0.0781366
0.603727 0.0787445
0.606117 0.0796515
0.608508 0.080445
0.610898 0.0811394
0.615679 0.081997
0.618069 0.0828724
0.62046 0.0838883
0.62285 0.0846523
0.62524 0.0854457
0.627631 0.08639
0.630021 0.0873413
0.632412 0.0880486
0.634802 0.0889175
0.637192 0.0898028
0.639583 0.0905775
0.641973 0.0915053
0.644364 0.0923171
0.646754 0.0930275
0.649144 0.0940241
0.651535 0.094771
0.653925 0.0954247
0.656316 0.0963716
0.658706 0.0972001
0.661096 0.0979251
0.663487 0.0988095
0.665877 0.0995833
0.668268 0.10026
0.670658 0.101103
0.673048 0.101965
0.675439 0.102719
0.677829 0.103629
0.68022 0.104426
0.68261 0.105123
0.685 0.106107
0.687391 0.106844
0.689781 0.107488
0.692171 0.108427
0.694562 0.109249
0.696952 0.109843
0.699343 0.110737
0.701733 0.11152
0.704123 0.11233
0.706514 0.113289
0.708904 0.114003
0.711295 0.114752
0.713685 0.115658
0.716075 0.116451
0.718466 0.117145
0.720856 0.118002
0.723247 0.118876
0.725637 0.119517
0.728027 0.120452
0.730418 0.121271
0.732808 0.121862
0.735199 0.122754
0.985264 0.11941
0.987654 0.116484
0.990045 0.113923
0.992435 0.111683
0.994826 0.109722
0.997216 0.108007
0.999606 0.106506
1.002 0.105068
1.00439 0.103934
1.00678 0.102943
1.00917 0.102075
1.01156 0.101315
1.01395 0.100526
1.01634 0.0999603
1.01873 0.0994652
1.02112 0.0990321
1.02351 0.0987781
1.0259 0.0985558
1.02949 0.0984863
1.03188 0.0984255
1.03427 0.0983724
1.03666 0.0983258
1.03905 0.0984101
1.04144 0.0983588
1.04383 0.098314
1.04622 0.0983997
1.04861 0.0983498
1.051 0.098431
1.05339 0.0983772
1.05578 0.09833
1.05817 0.0984138
1.06056 0.098362
1.06295 0.0983168
1.06534 0.0982772
1.06773 0.0982425
1.07012 0.0982122
1.07251 0.0981857
1.0749 0.0981625
1.07729 0.0982672
1.07968 0.0983588
1.08208 0.0985639
1.08448 0.0986184
1.18247 0.0921661
1.18486 0.0863954
1.18725 0.0814709
1.18964 0.0770371
1.19203 0.0732824
1.19442 0.0699971
1.19681 0.0669975
1.1992 0.0644978
1.2016 0.0623106
1.20399 0.0602718
1.20638 0.0586128
1.20877 0.0570362
1.21116 0.0557817
1.21355 0.054684
1.21594 0.0535985
1.21833 0.0527737
1.22072 0.0519269
1.22311 0.0513111
1.2255 0.0507722
1.22789 0.0500507
1.23028 0.0495443
1.23267 0.0489763
1.23506 0.0486043
1.23745 0.0481537
1.23984 0.0477595
1.24223 0.0475396
1.24462 0.0472221
1.24701 0.0470694
1.2494 0.0469357
1.25179 0.0466937
1.25418 0.046607
1.25657 0.0464061
1.25896 0.0462304
1.26136 0.0462016
1.26375 0.0460514
1.26614 0.046045
1.26853 0.0459143
1.27092 0.0458
1.27331 0.045825
1.2757 0.0460969
1.27809 0.0463348
1.28048 0.0465429
1.28287 0.0466001
1.28526 0.0467751
1.28765 0.0469282
1.29004 0.0470622
1.29243 0.0471794
1.29482 0.047157
1.29721 0.0472623
1.2996 0.0473546
1.30199 0.0473102
1.30438 0.0473965
1.30677 0.0474719
1.30916 0.0475379
1.31155 0.0475957
1.31394 0.0475212
1.31633 0.0475811
1.31872 0.0476334
1.32112 0.0476792
1.32351 0.0477193
1.3259 0.0476294
1.32829 0.0476757
1.33068 0.0477163
1.33307 0.0477517
1.33546 0.0477828
1.33785 0.0476849
1.34024 0.0477243
1.34263 0.0477588
1.34502 0.0477889
1.34741 0.0478153
1.3498 0.0478384
1.35219 0.0478586
1.35458 0.0478763
1.35697 0.0477667
1.35936 0.0477959
1.36175 0.0478214
1.36414 0.0478437
1.36653 0.0478633
1.36892 0.0477554
1.37131 0.0477859
1.3737 0.0478127
1.37609 0.0478361
1.37848 0.0478566
1.38087 0.0477495
1.38327 0.0477808
1.38566 0.0478082
1.38805 0.0478322
1.39044 0.0478532
1.39283 0.0477465
1.39522 0.0477782
1.39761 0.0478059
1.4 0.0477052
1.40239 0.047742
1.40478 0.0477743
1.40717 0.0478025
1.40956 0.0478272
1.41195 0.0477238
1.41434 0.0477583
1.41673 0.0477885
1.41912 0.047815
1.42151 0.0478381
1.4239 0.0477333
1.42629 0.0477667
1.42868 0.0477958
1.43107 0.0478213
1.43346 0.0478437
1.43585 0.0477382
1.43824 0.0477709
1.44063 0.0477996
1.44303 0.0478246
1.44542 0.0478465
1.44781 0.0478657
1.4502 0.0478825
1.45259 0.0478972
1.45498 0.047785
1.45737 0.0478119
1.45976 0.0478354
1.46215 0.047856
1.46454 0.047874
1.46693 0.0477647
1.46932 0.0477942
1.47171 0.0480699
1.4741 0.0484361
1.47649 0.0486316
1.47888 0.0488027
1.48127 0.0489523
1.48366 0.0490833
1.48605 0.0493229
1.48844 0.0494075
1.49083 0.0494816
1.49322 0.0495464
1.49561 0.0496031
1.498 0.0497777
1.50039 0.0498055
1.50279 0.0498298
1.50518 0.0499761
1.50757 0.0499791
1.50996 0.0499817
1.51235 0.049984
1.51474 0.049986
1.51713 0.0501127
1.51952 0.0500986
1.52191 0.0500863
1.5243 0.0500755
1.52669 0.0500661
1.52908 0.0501828
1.53147 0.05016
1.53386 0.05014
1.53625 0.0501225
1.53864 0.0501072
1.54103 0.0502188
1.54342 0.0501914
1.54581 0.0501675
1.5482 0.0501466
1.55059 0.0501282
1.55298 0.0501122
1.55537 0.0500982
1.55776 0.0500859
1.63188 0.0490752
1.63427 0.0481908
1.63666 0.0474169
1.63905 0.0468648
1.64144 0.0462567
1.64383 0.0457246
1.64622 0.045259
1.649 0.0448517
1.65139 0.0446202
1.67038 0.0464177
1.67397 0.0458655
1.67636 0.0453823
1.67875 0.0449595
1.68114 0.0445896
1.68353 0.0442659
1.68592 0.0439826
1.68831 0.0437348
1.69108 0.043643
1.69347 0.0434376
1.71246 0.0432579
1.71605 0.0432256
1.71844 0.0430724
1.72083 0.0429384
1.72322 0.0428211
1.72561 0.0427185
1.728 0.0427536
1.73039 0.0426594
1.73317 0.042577
1.73556 0.0425049
1.75491 0.0424418
1.75849 0.0423865
1.76088 0.0425882
1.76327 0.0428897
1.76566 0.0431535
1.76805 0.0433843
1.77045 0.0435863
1.77284 0.043638
1.77523 0.0438082
1.77762 0.0438322
1.7958 0.0458532
1.79938 0.0457465
1.80177 0.0454032
1.80416 0.0452278
1.80655 0.0449493
1.80894 0.0447057
1.81133 0.0444925
1.81373 0.0443059
1.81612 0.0442677
1.81851 0.0441092
1.83669 0.0459706
1.84027 0.0458492
1.84266 0.0454931
1.84505 0.0453064
1.84744 0.0450181
1.85019 0.0448909
1.85258 0.0447795
1.85497 0.0445571
1.85736 0.0444874
1.85975 0.0443015
1.86214 0.0442638
1.87877 0.0439808
1.88236 0.0437332
1.88475 0.0435166
1.88714 0.043327
1.88953 0.0431611
1.89228 0.043016
1.89467 0.042889
1.89706 0.0429029
1.89945 0.04279
1.90184 0.0426913
1.90423 0.0426048
1.92086 0.0425292
1.92446 0.0424631
1.92685 0.0424052
1.92924 0.0423545
1.93163 0.0423102
1.93402 0.0426465
1.93641 0.0428156
1.9388 0.0429637
1.94119 0.0430932
1.94358 0.0432066
1.94597 0.0433058
1.96175 0.0450175
1.96535 0.0450153
1.96774 0.0447634
1.97013 0.044668
1.97252 0.0444595
1.97491 0.0442771
1.97764 0.0441174
1.98003 0.0441027
1.98242 0.0440899
1.98481 0.0439537
1.9872 0.0439595
2.00264 0.0455895
2.00624 0.0455158
2.00863 0.0452014
2.01102 0.0450512
2.01341 0.0447948
2.01592 0.0445704
2.01853 0.0444991
2.02092 0.0443117
2.02331 0.0441478
2.0257 0.0440043
2.02809 0.0440038
2.03048 0.0438783
2.04472 0.0436435
2.04832 0.0434381
2.05071 0.0432583
2.0531 0.043101
2.05549 0.0429634
2.058 0.042968
2.06072 0.042847
2.06321 0.0428661
2.0656 0.0427578
2.06799 0.0426631
2.07038 0.0425802
2.07277 0.0425077
2.08681 0.0424442
2.09041 0.0423887
2.0928 0.0423401
2.09519 0.0422976
2.09758 0.0422604
2.10009 0.0422278
2.1028 0.0421994
2.10561 0.0421744
2.108 0.0421526
2.11039 0.0425086
2.11278 0.04282
2.11517 0.0430925
2.12769 0.0445809
2.1313 0.0446333
2.13369 0.0444291
2.13608 0.0443755
2.13849 0.0442036
2.14097 0.0440531
2.14369 0.0439215
2.14686 0.0439313
2.14925 0.0439399
2.15164 0.0439474
2.15403 0.043954
2.15642 0.0439597
2.16858 0.0450898
2.17219 0.0450785
2.17458 0.0448187
2.17697 0.0445914
2.17938 0.0443925
2.18186 0.0442184
2.18458 0.0441911
2.18775 0.0441672
2.19014 0.0441463
2.19253 0.044003
2.19492 0.0438776
2.19772 0.0437679
2.20011 0.0437969
2.21105 0.0436973
2.21427 0.0434852
2.21666 0.0432995
2.21905 0.0432621
2.22147 0.0431043
2.22395 0.0429663
2.22667 0.0428455
2.22983 0.0427398
2.23258 0.0426473
2.23497 0.0425664
2.23736 0.0426206
2.23981 0.042543
2.24254 0.0424752
2.25314 0.0424158
2.25636 0.0423638
2.25875 0.0423183
2.26114 0.0422785
2.26355 0.0422437
2.26603 0.0423382
2.26875 0.042296
2.27467 0.042259
2.27706 0.0423516
2.27945 0.0423076
2.28189 0.0422692
2.28428 0.0426105
2.29403 0.0437842
2.29725 0.0438112
2.29964 0.0437098
2.30203 0.0437461
2.30444 0.0436528
2.30692 0.0435712
2.30964 0.0434998
2.31555 0.0439373
2.31795 0.0438202
2.32034 0.0440926
2.32273 0.0442061
2.32512 0.0444303
2.32764 0.0446265
2.33511 0.0454232
2.33813 0.0452453
2.34053 0.0449646
2.34292 0.0447191
2.34533 0.0445042
2.34781 0.0443162
2.35053 0.0442766
2.35644 0.0446171
2.35883 0.0444149
2.36123 0.0443631
2.36362 0.0441927
2.36601 0.0441686
2.36853 0.0440225
2.376 0.0445197
2.37902 0.0444547
2.38141 0.0442729
2.38381 0.0441138
2.3862 0.0440996
2.38859 0.0439621
2.39098 0.0438418
2.39337 0.0437366
2.39889 0.0435195
2.40128 0.0434546
2.40367 0.0432728
2.40606 0.0432387
2.40845 0.0430838
2.41084 0.0429484
2.41808 0.0429548
2.42147 0.0428355
2.42386 0.042731
2.4263 0.0427647
2.42869 0.0426691
2.43109 0.0427104
2.43348 0.0427466
2.43587 0.0426533
2.44097 0.0425716
2.44336 0.0425002
2.44575 0.0424377
2.44814 0.042383
2.45053 0.0423351
2.45292 0.0422932
2.46017 0.0422565
2.46355 0.0422245
2.46594 0.0421964
2.46839 0.0421719
2.47078 0.0424004
2.47319 0.0427253
2.47677 0.0430097
2.54774 0.0428835
2.55018 0.042773
2.55257 0.0426764
2.55519 0.0427168
2.55921 0.0428772
2.5616 0.0427676
2.58863 0.0457966
2.59107 0.0455721
2.59346 0.0452505
2.59608 0.0450942
2.6001 0.0450825
2.60249 0.0448221
2.62952 0.0477194
2.63191 0.0471295
2.6343 0.0466133
2.63669 0.0461616
2.63908 0.0457664
2.64218 0.0452956
2.64457 0.0448837
2.6716 0.0445232
2.67399 0.0442078
2.67638 0.0439318
2.67877 0.0436903
2.68116 0.0434791
2.68427 0.0432942
2.71369 0.0431324
2.71608 0.0431158
2.71847 0.0429764
2.72086 0.0431043
2.72325 0.0433413
2.72564 0.0434236
2.75458 0.0467457
2.75697 0.0462775
2.75936 0.0462428
2.76296 0.0462124
2.84235 0.0456859
2.84595 0.0452251
2.84834 0.044822
2.88443 0.0444692
2.88803 0.0442856
2.89042 0.0439999
2.92652 0.0437499
2.92892 0.0437812
2.93131 0.0436835
2.9674 0.0478481
2.97 0.0473671
2.97239 0.0469462
3.00829 0.0507029
3.01089 0.04974
3.01328 0.0488975
3.01567 0.0481603
3.05038 0.0473903
3.05298 0.0467165
3.05565 0.046127
3.05804 0.0457361
3.09252 0.0452691
3.09506 0.0449854
3.09774 0.0446123
3.10013 0.0442857
3.13341 0.048125
3.13595 0.0474844
3.13863 0.0469238
3.14102 0.0465584
3.1743 0.0499886
3.17684 0.049115
3.17952 0.0484756
3.18191 0.0477912
3.21519 0.0510673
3.21758 0.0500589
3.21997 0.0491765
3.22236 0.0484044
3.22475 0.0477289
3.25727 0.0470128
3.25966 0.0463862
3.26205 0.0459629
3.26444 0.0454675
3.26683 0.0450341
3.29936 0.0446548
3.30175 0.044323
3.30414 0.0440326
3.30653 0.0440285
3.30892 0.044025
3.34024 0.0477718
3.34264 0.0471754
3.34503 0.0467784
3.34742 0.0463061
3.34981 0.0458929
3.38113 0.0492813
3.38352 0.0484961
3.46656 0.0476841
3.46895 0.0469736
3.50745 0.0508519
3.50984 0.0498704
3.54834 0.0536366
3.55073 0.052307
3.58923 0.0557686
3.59162 0.0541726
3.59401 0.052901
3.63131 0.0515384
3.6337 0.0503461
3.6361 0.0493028
3.6734 0.04839
3.67579 0.0475912
3.67818 0.0468923
3.71429 0.0507808
3.71668 0.0498082
3.71907 0.0490822
3.75554 0.0525719
3.75793 0.0513754
3.76032 0.0504535
3.79643 0.0537718
3.79882 0.0524253
3.80121 0.0513721
3.8036 0.0503256
3.83851 0.0492849
3.8409 0.0483743
3.84329 0.0475775
3.84568 0.0468803
3.88101 0.0463953
3.8834 0.0459709
3.88579 0.0454745
3.88818 0.0454152
3.9219 0.0492383
3.92429 0.0484585
3.9267 0.0477762
3.92909 0.0473042
3.96279 0.0506412
3.96518 0.049811
3.96798 0.0489596
3.97044 0.0483397
4.00368 0.0515472
4.00607 0.0506038
4.00846 0.0496533
4.01085 0.0488217
4.01333 0.048094
4.04576 0.0473322
4.04815 0.0466657
4.05054 0.0460825
4.05294 0.0455722
4.05542 0.0451256
4.08785 0.0447349
4.09024 0.0443931
4.09263 0.0443439
4.09502 0.0444259
4.09741 0.0444977
4.12874 0.0480605
4.13113 0.0475529
4.13352 0.0469838
4.13591 0.0464858
4.1383 0.0460501
4.16974 0.0492938
4.17213 0.0486321
4.17452 0.0479281
4.17691 0.0473121
4.1793 0.0468981
4.18169 0.0464108
4.21183 0.0458595
4.21422 0.045377
4.21661 0.0449549
4.219 0.0445855
4.22139 0.0442623
4.22378 0.0439796
4.30796 0.0437321
4.33726 0.0435156
4.34885 0.0444511
4.37852 0.0477697
4.38974 0.0482985
4.41943 0.0511362
4.51278 0.0509942
4.55486 0.0498699
4.59695 0.0488862
4.63903 0.0481504
4.67992 0.0525066
4.72081 0.0560683
4.76204 0.0594347
4.76443 0.0575054
4.80424 0.0555672
4.80663 0.0538713
4.84633 0.0523874
4.84873 0.051089
4.88841 0.0499529
4.89084 0.0492087
4.92969 0.0531827
4.93208 0.0520348
4.97093 0.0555305
4.97332 0.0540892
4.97571 0.052703
5.01301 0.0514901
5.0154 0.0503039
5.01779 0.0492659
5.05516 0.0483577
5.05755 0.0475629
5.06029 0.0469926
5.09605 0.0509935
5.09844 0.0499943
5.10118 0.049245
5.13694 0.0525894
5.13933 0.0513907
5.14207 0.0504669
5.17783 0.0536585
5.18022 0.0524512
5.18261 0.0512698
5.185 0.0501111
5.21991 0.0490972
5.2223 0.04821
5.22469 0.0474338
5.22708 0.0468796
5.262 0.0462696
5.26472 0.0457359
5.26711 0.0453939
5.2695 0.0453447
5.30289 0.0490516
5.30586 0.0484201
5.30946 0.0479926
5.39364 0.0472435
5.43453 0.0514631
5.47542 0.0552802
5.47781 0.0537452
5.51751 0.052277
5.5199 0.0509924
5.55959 0.0498684
5.56198 0.0488848
5.60168 0.0480242
5.60407 0.0476462
5.64257 0.0518154
5.64496 0.0507135
5.68346 0.0542493
5.68585 0.0528431
5.68824 0.0517377
5.7259 0.0505205
5.72829 0.0495805
5.73068 0.0486329
5.76799 0.0478038
5.77038 0.0470783
5.77277 0.0464435
5.81007 0.0460131
5.81246 0.0458864
5.81498 0.0456506
5.85096 0.0496943
5.85335 0.0488575
5.85587 0.0481253
5.89185 0.0517347
5.89424 0.0507678
5.89663 0.0497969
5.89902 0.0490722
5.93393 0.0481882
5.93632 0.0474147
5.93872 0.0467378
5.94111 0.0461456
5.97602 0.0457524
5.97841 0.0452834
6.06389 0.0448729
6.10478 0.0492638
6.14567 0.0533558
6.14806 0.0521864
6.18776 0.0509131
6.19015 0.0497989
6.23023 0.0489491
6.23262 0.0480804
6.27232 0.0473204
6.27471 0.0469053
6.3132 0.0511672
6.3156 0.0501463
6.35409 0.053878
6.35648 0.0525182
6.35888 0.0513285
6.39654 0.0501624
6.39893 0.0491421
6.40132 0.0483743
6.43862 0.0475775
6.44101 0.0470054
6.4434 0.0463797
6.48107 0.0459572
6.56783 0.0454626
6.60991 0.0450297
6.652 0.044651
6.69289 0.0494446
6.73378 0.0535141
6.77467 0.0570748
6.89856 0.0551905
6.94064 0.0535416
6.98273 0.0520989
7.0251 0.0509616
7.06599 0.0549664
7.10687 0.0582206
7.14776 0.061193
7.15015 0.0590439
7.18985 0.0569134
7.19224 0.0550492
7.23193 0.0534181
7.23432 0.0519908
7.27402 0.050867
7.27641 0.0501336
7.31491 0.0538669
7.3173 0.0525085
7.3558 0.05582
7.35819 0.0543425
7.36058 0.0529247
7.39788 0.0515591
7.40027 0.0503642
7.40266 0.0493187
7.44036 0.0485288
7.44275 0.0477127
7.44514 0.0471236
7.48156 0.0511082
7.48395 0.0500947
7.48634 0.0493328
7.52245 0.0527912
7.52484 0.0515673
7.52723 0.0506214
7.56334 0.0539187
7.56573 0.0525539
7.56812 0.0514846
7.57051 0.0504241
7.60542 0.0493711
7.60781 0.0484497
7.6102 0.0476435
7.72847 0.050938
7.76936 0.0546958
7.81054 0.0581088
7.81293 0.0562202
7.85263 0.0544427
7.85502 0.0530123
7.89471 0.0516358
7.89731 0.0504313
7.9368 0.0493774
7.93919 0.0488302
7.97769 0.0527265
7.98008 0.0516356
8.01858 0.0550562
8.02097 0.0535492
8.02336 0.0522305
8.06066 0.0509517
8.06305 0.0499577
8.06544 0.048963
8.10274 0.0480926
8.10514 0.0473311
8.10753 0.0466647
8.14483 0.0460816
8.14722 0.0459464
8.14961 0.0457031
8.18572 0.0497402
8.18811 0.0490227
8.1905 0.0482698
8.22661 0.0518611
8.229 0.0507535
8.23139 0.0497843
8.23378 0.0489363
8.26869 0.0480692
8.27108 0.0474356
8.27347 0.0467561
8.27586 0.0461616
8.31118 0.0457664
8.31358 0.0452956
8.31597 0.0448837
8.31836 0.0448982
8.35207 0.0489109
8.35447 0.0481721
8.35687 0.0475255
8.35927 0.0470849
8.39296 0.0504492
8.39536 0.0495181
8.39776 0.0487033
8.40016 0.0481154
8.43385 0.051351
8.43624 0.0504321
8.52044 0.0493781
8.52283 0.0484558
8.56253 0.0476489
8.56492 0.0469427
8.60461 0.0463249
8.607 0.0459093
8.6467 0.0454206
8.64909 0.045368
8.68759 0.049697
8.68998 0.0488599
8.72858 0.0526274
8.73098 0.051424
8.73337 0.050496
8.77067 0.049434
8.77306 0.0486297
8.77545 0.047801
8.81304 0.0472009
8.81568 0.0465508
8.81807 0.0461069
8.85512 0.0455936
8.85751 0.0453944
8.8599 0.0452201
8.89601 0.0493176
8.8984 0.0485279
8.90079 0.0478369
8.9369 0.0514823
8.93929 0.050422
8.94168 0.0494942
8.94407 0.0488075
8.97935 0.0480815
8.98177 0.0473213
8.98416 0.0467812
8.98655 0.0461835
9.02143 0.0456606
9.02385 0.045203
9.02624 0.0448026
9.02863 0.0444523
9.06232 0.0483958
9.06487 0.0477213
9.06726 0.0472561
9.06965 0.0467241
9.10321 0.0502586
9.10576 0.0493513
9.10815 0.0486824
9.11054 0.0479721
9.1441 0.0513506
9.14649 0.0503067
9.14888 0.0493934
9.15127 0.0485942
9.15366 0.0478949
9.18618 0.0471581
9.18858 0.0465133
9.19097 0.0459492
9.19336 0.0454555
9.19575 0.0450236
9.2283 0.0446456
9.23069 0.0443149
9.23308 0.0441506
9.31797 0.0438817
9.3212 0.0436465
9.36005 0.0435657
9.36328 0.04337
9.40214 0.0431987
9.40454 0.0432989
9.44303 0.0478865
9.44543 0.0472757
9.48392 0.0512413
9.48632 0.0502111
9.48871 0.0493097
9.526 0.048521
9.52841 0.0477059
9.5308 0.0469926
9.56809 0.0463686
9.57049 0.0458225
9.57288 0.0453447
9.61017 0.0449266
9.61256 0.0448108
9.61495 0.0447094
9.65106 0.0489957
9.65345 0.0482463
9.65584 0.0475905
9.69221 0.0513917
9.6946 0.0503427
9.69699 0.0494249
9.69938 0.0487468
9.73461 0.0479034
9.7379 0.0472905
9.82238 0.0467542
9.86327 0.0510349
9.90416 0.0549055
9.94505 0.0582924
9.98594 0.0611308
9.98833 0.0588645
10.0282 0.0568814
10.0306 0.0550212
10.0703 0.0533936
10.0727 0.0519694
10.1112 0.0555982
10.1136 0.0540234
10.1521 0.0572705
10.1545 0.0554867
10.193 0.0584258
10.1954 0.0564976
10.1977 0.0548104
10.2354 0.0533341
10.2378 0.0519173
10.2402 0.0508027
10.2775 0.0497023
10.2823 0.0487396
10.3184 0.0523971
10.3232 0.0515975
10.3256 0.0505228
10.3593 0.0538324
10.3641 0.0528534
10.3665 0.0516217
10.4004 0.054544
10.4053 0.053476
10.4077 0.0521665
10.4101 0.0511457
10.4425 0.0500025
10.4474 0.0490022
10.4498 0.0481269
10.4522 0.047361
10.4846 0.0466909
10.4895 0.0461045
10.4919 0.0455915
10.4943 0.0451425
10.5255 0.0486247
10.5304 0.0482966
10.5328 0.0476345
10.5352 0.0471802
10.5664 0.0502827
10.5713 0.0497474
10.5737 0.0489039
10.5761 0.0482909
10.6073 0.0512546
10.6096 0.0502228
10.6134 0.0491949
10.6158 0.0482955
10.6181 0.0475086
10.6493 0.04682
10.6517 0.0462175
10.6554 0.0456903
10.6578 0.045229
10.6602 0.0448254
10.6914 0.0444722
10.6938 0.0441632
10.6975 0.0438928
10.6999 0.0439062
10.7023 0.0440429
10.7324 0.0475376
10.7348 0.0469704
10.7384 0.0467241
10.7408 0.0462586
10.7432 0.0459762
10.7733 0.0491042
10.7757 0.0483412
10.7797 0.0479235
10.7821 0.0474331
10.7845 0.047004
10.7868 0.0465035
10.8154 0.0459405
10.8178 0.045448
10.8218 0.045017
10.8242 0.0446398
10.8265 0.0443099
10.8289 0.0440211
10.8575 0.0437685
10.8598 0.0435474
10.8638 0.043354
10.8663 0.0431847
10.8686 0.0430367
10.871 0.0430321
10.8983 0.0464031
10.9007 0.0459777
10.9047 0.0458555
10.9071 0.0456235
10.9096 0.0452956
10.912 0.0450086
10.9392 0.0478826
10.9416 0.0472722
10.9456 0.0469882
10.948 0.0466147
10.9505 0.0461628
10.9528 0.0457675
10.9825 0.0454216
10.9849 0.0451189
10.9877 0.044729
10.9901 0.0443879
10.9925 0.0440894
10.9949 0.0438282
11.0246 0.0435997
11.027 0.0436497
11.0294 0.0438185
11.0318 0.0438412
11.0342 0.043861
11.0366 0.0438784
11.0389 0.0438936
11.0667 0.0436569
11.0691 0.0435748
11.0715 0.0433779
11.0739 0.0432057
11.0762 0.04343
11.0786 0.0435012
11.0812 0.0436886
11.1078 0.0468525
11.1102 0.0464959
11.1126 0.046059
11.1149 0.0456766
11.1173 0.045467
11.1197 0.0451586
11.1221 0.0450138
11.1489 0.0477621
11.1513 0.0472918
11.1537 0.0467553
11.1561 0.0464109
11.1585 0.0461096
11.1609 0.0457209
11.1633 0.0455058
11.1657 0.0451925
11.1913 0.0449185
11.1937 0.0445537
11.1961 0.0443594
11.1985 0.0440645
11.2008 0.0438065
11.2032 0.0437056
11.2056 0.0434924
11.208 0.0434309
11.2334 0.043252
11.2358 0.0430955
11.2386 0.0429586
11.241 0.0428388
11.2434 0.0428589
11.2457 0.0427515
11.2481 0.0427826
11.2505 0.0430598
11.2746 0.0459273
11.277 0.0455614
11.2795 0.0453662
11.2819 0.0450704
11.2843 0.0449366
11.2867 0.0446946
11.2891 0.0446077
11.2914 0.0444068
11.3155 0.0469809
11.3179 0.0464833
11.3204 0.0461729
11.3231 0.0459013
11.3255 0.0456636
11.3279 0.0453307
11.3303 0.0451643
11.3327 0.0448938
11.3564 0.0474071
11.3588 0.0468562
11.3612 0.0464992
11.3636 0.0460618
11.3659 0.045554
11.3685 0.0452348
11.3709 0.0449554
11.3736 0.044711
11.376 0.0446221
11.3985 0.0442944
11.4009 0.0440076
11.4032 0.0437566
11.4057 0.043537
11.4081 0.0434699
11.4105 0.0432862
11.413 0.0431254
11.4157 0.0429847
11.4181 0.0428616
11.4405 0.0427539
11.4429 0.0426597
11.4453 0.0429522
11.4477 0.0430832
11.4501 0.0433228
11.4525 0.0434074
11.4549 0.0434815
11.4573 0.0436713
11.4599 0.0437124
11.4814 0.0461234
11.4838 0.0457329
11.4862 0.0455163
11.4886 0.0452018
11.491 0.0450516
11.4934 0.0447951
11.4958 0.0445707
11.4982 0.0444994
11.5007 0.044312
11.5223 0.046648
11.5247 0.046192
11.5271 0.045918
11.5295 0.0455532
11.5319 0.0452341
11.5343 0.0449548
11.5367 0.0447105
11.5391 0.0446217
11.5415 0.0444189
11.5438 0.0442416
11.5644 0.0439614
11.5668 0.0437162
11.5692 0.0435017
11.5716 0.043314
11.574 0.0431497
11.5764 0.043006
11.5788 0.0428803
11.5811 0.0427702
11.5835 0.0426739
11.5859 0.0425897
11.6065 0.042516
11.6089 0.0424515
11.6113 0.0423951
11.6137 0.0423457
11.6161 0.0424275
11.6184 0.042374
11.6208 0.0425773
11.6232 0.0428801
11.6256 0.0430201
11.628 0.0432676
11.6481 0.0457341
11.6505 0.0455174
11.6529 0.0453277
11.6553 0.0451617
11.6577 0.0450165
11.6601 0.0448895
11.6625 0.0447783
11.6649 0.044681
11.6673 0.0445959
11.6697 0.0445214
11.689 0.0465812
11.6915 0.0461336
11.6939 0.0457419
11.6963 0.0455241
11.6986 0.0452086
11.701 0.0450575
11.7034 0.0448003
11.7058 0.0445753
11.7082 0.0445034
11.7107 0.0443155
11.7131 0.044276
11.7311 0.0439915
11.7336 0.0437426
11.736 0.0435248
11.7383 0.0433342
11.7407 0.0431674
11.7431 0.0430215
11.7455 0.0428938
11.7479 0.0427821
11.7503 0.0426843
11.7528 0.0425988
11.7552 0.0425239
11.7732 0.0424584
11.7756 0.0424011
11.778 0.042476
11.7804 0.0424165
11.7828 0.0423644
11.7856 0.0423189
11.788 0.042279
11.7904 0.0423691
11.7928 0.042323
11.7951 0.0426576
11.7975 0.0429504
11.8141 0.0449566
11.8165 0.044712
11.8189 0.044498
11.8213 0.0443108
11.8237 0.0441469
11.8265 0.0441286
11.8289 0.0439875
11.8313 0.0439891
11.8336 0.0438654
11.836 0.0438822
11.8384 0.043772
11.855 0.0454255
11.8574 0.0451223
11.8598 0.044857
11.8646 0.0446249
11.8674 0.0445468
11.8698 0.0443534
11.8721 0.0443092
11.8745 0.0441456
11.8769 0.0440024
11.8793 0.0438771
11.8817 0.0437675
11.8971 0.0436715
11.8995 0.0434626
11.9019 0.0432798
11.9067 0.0431198
11.9091 0.0433548
11.9115 0.0434355
11.9139 0.043506
11.9162 0.0435678
11.9186 0.0436218
11.921 0.0437941
11.9234 0.0438198
11.9258 0.0438423
11.9392 0.043612
11.9416 0.0434105
11.944 0.0432342
11.9488 0.0430799
11.9512 0.042945
11.9535 0.0428268
11.9559 0.0427235
11.9583 0.042633
11.9607 0.0425539
11.9633 0.0424847
11.9657 0.0424241
11.9683 0.0424961
12.0437 0.0424341
12.1281 0.0425048
12.1305 0.0424417
12.1702 0.0423865
12.1726 0.0423382
12.2123 0.0422959
12.2146 0.0425089
12.2535 0.0473203
12.2559 0.0467803
12.2944 0.0509327
12.2968 0.0499411
12.2992 0.0491985
12.3365 0.0482987
12.3389 0.0475113
12.3414 0.0468224
12.3786 0.0462196
12.3809 0.0456922
12.3835 0.0452306
12.4206 0.0448268
12.423 0.0448485
12.4254 0.0448674
12.4639 0.044634
12.4663 0.0444297
12.5048 0.048751
12.5072 0.0481571
12.5096 0.0478875
12.512 0.0475266
12.5469 0.0468357
12.5493 0.0462313
12.5517 0.0457024
12.5541 0.0453646
12.5902 0.045194
12.6756 0.0447947
12.7165 0.0493204
12.7574 0.0534053
12.7598 0.0521047
12.7998 0.0508416
12.8022 0.0498614
12.8419 0.0488787
12.8444 0.0480189
12.884 0.0472665
12.8864 0.0469832
12.9249 0.0511103
12.9273 0.0502215
12.9658 0.0538188
12.9685 0.0525915
13.0896 0.0512675
13.1317 0.0501091
13.1738 0.0490955
13.2159 0.0482085
13.2568 0.0525575
13.2978 0.0562378
13.3387 0.0594581
13.3411 0.0575258
13.3811 0.0557101
13.3835 0.0539963
13.4232 0.0524968
13.4256 0.0511847
13.4653 0.0500366
13.4677 0.049282
13.5062 0.0532468
13.5086 0.0519659
13.5471 0.0554702
13.5495 0.0539114
13.5519 0.0525475
13.5892 0.051229
13.5916 0.0500754
13.594 0.049066
13.6313 0.0481827
13.6336 0.0474099
13.636 0.0468587
13.6721 0.0508763
13.6745 0.0498918
13.6769 0.0490303
13.7134 0.0525265
13.7158 0.0513357
13.7182 0.0504187
13.7543 0.0538664
13.7567 0.0525081
13.7591 0.0514446
13.7615 0.050389
13.7964 0.0493404
13.7988 0.0484228
13.8013 0.04762
13.8037 0.0469175
13.8389 0.0463028
13.8413 0.0458899
13.8437 0.0454037
13.8461 0.0453532
13.8801 0.0493091
13.8825 0.0486454
13.8848 0.0479398
13.8872 0.0474473
13.921 0.0507664
13.9233 0.0497956
13.9261 0.0490711
13.9285 0.0484372
13.9618 0.0516326
13.9642 0.0506785
13.967 0.0498437
13.9694 0.0489882
13.9718 0.0482397
14.0039 0.0474597
14.0063 0.0467773
14.0091 0.0461801
14.0115 0.0456576
14.0139 0.0452004
14.046 0.0449253
14.0484 0.0445597
14.0508 0.0444897
14.0532 0.0444285
14.0556 0.0443749
14.0869 0.0479531
14.0893 0.0473339
14.0917 0.0467922
14.0942 0.0464432
14.0966 0.0460128
14.1278 0.0492612
14.1302 0.0486035
14.1326 0.0479031
14.1351 0.0474152
14.1375 0.0468633
14.1399 0.0463804
14.1699 0.0458328
14.1723 0.0453537
14.1747 0.0449345
14.1772 0.0445677
14.1796 0.0442467
14.1819 0.0439659
14.212 0.0437202
14.2144 0.0435051
14.2167 0.043317
14.2192 0.0431524
14.2216 0.0430083
14.224 0.0432573
14.2529 0.0467251
14.2553 0.0463845
14.2577 0.0459614
14.2601 0.0457162
14.2625 0.0453767
14.2649 0.0450796
14.2941 0.0481947
14.2965 0.0476703
14.2989 0.0470865
14.3013 0.0467007
14.3037 0.0462381
14.3061 0.0459584
14.3354 0.0490886
14.3378 0.0483275
14.3401 0.0477866
14.3425 0.0473132
14.3449 0.0467741
14.3473 0.0464273
14.3497 0.0459989
14.3775 0.045499
14.3798 0.0450617
14.3824 0.044679
14.3847 0.0443441
14.3871 0.0441761
14.3895 0.0439041
14.3919 0.0436661
14.4195 0.0434578
14.4219 0.0432756
14.4243 0.0434911
14.4268 0.0435547
14.4292 0.0437354
14.4316 0.0437685
14.434 0.0439224
14.4604 0.0470571
14.4628 0.04655
14.4652 0.0462312
14.468 0.0459523
14.4704 0.0457083
14.4729 0.0453697
14.4753 0.0451985
14.5013 0.0479237
14.5061 0.0474332
14.5089 0.0468791
14.5113 0.0463942
14.5137 0.0459699
14.5161 0.0457237
14.5185 0.0453832
14.5434 0.0449603
14.5482 0.0445903
14.5506 0.0445165
14.553 0.0444519
14.5554 0.0443954
14.5578 0.044346
14.5602 0.0443028
14.5625 0.0442649
14.5855 0.0439818
14.5903 0.0437341
14.5927 0.0435173
14.5951 0.0434526
14.5975 0.0432711
14.5998 0.0431122
14.6022 0.0433482
14.6046 0.0434296
14.6264 0.0460009
14.6312 0.0460008
14.6336 0.0456257
14.6363 0.0454225
14.6387 0.0451197
14.6411 0.0449797
14.6435 0.0448573
14.6459 0.0446251
14.6676 0.046922
14.6721 0.0468067
14.6745 0.0463309
14.6772 0.0460395
14.6796 0.0456596
14.682 0.0453271
14.6844 0.0450362
14.6868 0.0447817
14.6892 0.044684
14.7097 0.0443485
14.7141 0.0440549
14.7165 0.0437981
14.7193 0.0435733
14.7217 0.0433766
14.7244 0.0433296
14.7268 0.0431634
14.7292 0.0431429
14.7316 0.0430001
14.7518 0.0428751
14.7569 0.0427657
14.7593 0.042795
14.7617 0.0426956
14.7641 0.0427336
14.7665 0.0426419
14.7689 0.0425617
14.7713 0.0424915
14.7737 0.04243
14.7941 0.0425013
14.7978 0.0429386
14.8002 0.0430713
14.803 0.0430624
14.8054 0.0431796
14.8078 0.0431571
14.8101 0.0432625
14.8125 0.0433547
14.8149 0.0433103
14.8349 0.0455216
14.8389 0.0453314
14.8413 0.0451649
14.8439 0.0448943
14.8463 0.0447825
14.8487 0.0445597
14.8511 0.0444897
14.8535 0.0443035
14.8559 0.0441406
14.8758 0.046248
14.8798 0.046092
14.8822 0.0458305
14.8846 0.0454767
14.887 0.0452921
14.8894 0.0450056
14.8918 0.0447549
14.8943 0.0445355
14.8967 0.0443436
14.8991 0.0443006
14.9179 0.0440131
14.9219 0.0437614
14.9243 0.0435412
14.9267 0.0433486
14.9291 0.04318
14.9315 0.0430325
14.9339 0.0429035
14.9364 0.0427905
14.9388 0.0426917
14.9412 0.0426052
14.96 0.0426546
14.964 0.0426978
14.9664 0.0426105
14.9688 0.0425342
14.9712 0.0428424
14.9737 0.0429871
14.9761 0.0432387
14.9785 0.0434589
14.9809 0.0435265
14.9833 0.0437107
15.0009 0.0456219
15.0049 0.0454191
15.0073 0.0451168
15.0097 0.0448522
15.0121 0.0447456
15.0149 0.0445274
15.0173 0.0444615
15.0197 0.0442788
15.0221 0.044244
15.0245 0.0442135
15.0418 0.0459368
15.0458 0.0458197
15.0482 0.0455922
15.0506 0.0452682
15.053 0.0451097
15.0559 0.044846
15.0583 0.0447402
15.0606 0.0445227
15.063 0.0444574
15.0655 0.0442752
15.0679 0.0441158
15.0839 0.0438513
15.0879 0.0436199
15.0903 0.0434174
15.0927 0.0432402
15.0951 0.0430852
15.0979 0.0429496
15.1748 0.0428309
15.1771 0.042852
15.1801 0.0428705
15.1825 0.0427617
15.1849 0.0426665
15.2172 0.0427082
15.2196 0.0426196
15.2222 0.0425422
15.2246 0.0424744
15.2593 0.0424151
15.2617 0.0423632
15.2643 0.0423178
15.2667 0.0422781
15.3014 0.0422433
15.3038 0.0424629
15.3062 0.04278
15.3086 0.0433075
15.3112 0.0437691
15.3427 0.047798
15.3451 0.0473232
15.3474 0.0469078
15.3498 0.0464193
15.3522 0.0461169
15.3836 0.0493523
15.3859 0.0485583
15.3883 0.0478635
15.3907 0.0472555
15.3931 0.0468486
15.3956 0.0463675
15.4256 0.0458216
15.428 0.0454689
15.4304 0.0450353
15.4328 0.0446559
15.4352 0.0443239
15.4377 0.0440334
15.4677 0.0437792
15.4701 0.0435568
15.4725 0.0433622
15.4749 0.0431919
15.4773 0.0430429
15.4797 0.0429126
15.5086 0.0464235
15.511 0.0461206
15.5134 0.0457305
15.5158 0.0453892
15.5182 0.0452155
15.5206 0.0449386
15.5495 0.0480713
15.5519 0.0474374
15.5543 0.0468827
15.5567 0.0463974
15.5591 0.0460977
15.5615 0.0457105
15.5904 0.0487467
15.5928 0.0480283
15.5952 0.0475248
15.5976 0.0469592
15.6 0.0464643
15.6023 0.0460313
15.6047 0.0456523
15.6325 0.0451958
15.6349 0.0447963
15.6373 0.0444468
15.6396 0.0441409
15.642 0.0439983
15.6444 0.0437485
15.6468 0.04353
15.675 0.0434637
15.6774 0.0434058
15.6798 0.04323
15.6822 0.0434513
15.6846 0.0436449
15.687 0.0436893
15.6893 0.0438531
15.7159 0.0469965
15.7183 0.0464969
15.7211 0.0461848
15.7235 0.0459117
15.7259 0.0455477
15.7283 0.0453543
15.7306 0.045185
15.7568 0.0479119
15.7592 0.0474229
15.762 0.04687
15.7647 0.0463863
15.7671 0.046088
15.7695 0.045827
15.7719 0.0454736
15.7743 0.0452894
15.7989 0.0448782
15.8013 0.0445185
15.8041 0.0443286
15.8068 0.0440376
15.8092 0.0437829
15.8116 0.04356
15.814 0.043365
15.8958 0.0431944
15.8982 0.0430451
15.9216 0.0455394
15.9366 0.046722
15.939 0.0463818
15.9625 0.048584
15.9799 0.047886
15.9823 0.0472753
16.0045 0.0466159
16.022 0.0461639
16.0244 0.0460184
16.0268 0.0457661
16.0466 0.0452953
16.0641 0.0448834
16.0665 0.044523
16.0689 0.0442076
16.0887 0.0439317
16.105 0.0456902
16.1074 0.0453539
16.1098 0.0450597
16.1298 0.0470522
16.1459 0.0482957
16.1483 0.0477587
16.1507 0.0471639
16.1707 0.0488934
16.1868 0.0499067
16.1892 0.0491684
16.1915 0.0483973
16.1939 0.0477227
16.2127 0.0470073
16.2292 0.0465064
16.2316 0.0459431
16.234 0.0455752
16.2364 0.0452533
16.2548 0.0448467
16.2713 0.0444908
16.2737 0.0441795
16.2761 0.043907
16.2785 0.0439187
16.2957 0.0458038
16.3122 0.0473283
16.3146 0.0467873
16.317 0.0464389
16.3194 0.046009
16.3366 0.0475079
16.3534 0.0488194
16.356 0.048092
16.3584 0.0475805
16.3608 0.0470079
16.3632 0.0466319
16.3787 0.0460529
16.3955 0.0455463
16.3983 0.045228
16.4007 0.0448245
16.4031 0.0445965
16.4055 0.0442719
16.4208 0.0439879
16.4376 0.0437394
16.4404 0.043522
16.4428 0.0433317
16.4455 0.0431653
16.4478 0.0430196
16.4629 0.0428922
16.4787 0.0447806
16.4813 0.0446831
16.4837 0.0444727
16.4863 0.0444136
16.4887 0.0442369
16.5038 0.0457073
16.5196 0.0471189
16.5222 0.046729
16.5246 0.0462629
16.5272 0.04598
16.5296 0.0456075
16.5446 0.0469066
16.5605 0.0481683
16.5629 0.0475222
16.5653 0.0469569
16.5677 0.0464623
16.5701 0.0460295
16.5726 0.0456508
16.587 0.0451945
16.6691 0.0464202
16.6847 0.0474927
16.6871 0.0468061
16.7112 0.0462053
16.7268 0.0456796
16.7292 0.0452197
16.7533 0.0448172
16.7694 0.0445901
16.7718 0.0442663
16.7954 0.043983
16.8103 0.0456101
16.8127 0.0452839
16.8363 0.0477484
16.8512 0.0487798
16.8535 0.0480574
16.8772 0.0501752
16.892 0.0509033
16.8944 0.0499154
16.8968 0.049051
16.9193 0.0481696
16.9341 0.0473984
16.9365 0.0467236
16.9389 0.0461331
16.9614 0.0456165
16.9762 0.0451644
16.9786 0.0447689
16.981 0.0444228
17.0023 0.0468699
17.0171 0.0480112
17.0195 0.0473848
17.0219 0.0468367
17.0432 0.0488571
17.058 0.049625
17.0604 0.0487968
17.0628 0.0480722
17.0844 0.0499382
17.0868 0.0490709
17.1001 0.0483121
17.1025 0.0475231
17.1049 0.0468327
17.1269 0.0462286
17.1293 0.045825
17.1422 0.0453469
17.1446 0.0449285
17.1469 0.0445625
17.169 0.0442422
17.1714 0.0439619
17.1843 0.0437166
17.1867 0.0437521
17.1891 0.0439081
17.2099 0.0462945
17.2122 0.0460077
17.2252 0.0470068
17.2276 0.0465059
17.23 0.0460677
17.2507 0.0479342
17.2531 0.0474424
17.2661 0.0482621
17.2685 0.0476044
17.2709 0.0470288
17.2733 0.0466502
17.2928 0.0460689
17.2952 0.0455603
17.3082 0.0451153
17.3105 0.0447259
17.3129 0.0443851
17.3153 0.044087
17.3349 0.0438261
17.3373 0.0435979
17.3502 0.0433981
17.3526 0.0432234
17.3554 0.0431954
17.3578 0.043046
17.3758 0.0451653
17.3782 0.0450196
17.3911 0.0461421
17.3935 0.0457494
17.3963 0.0455307
17.3987 0.0452144
17.4167 0.0469376
17.4191 0.0465704
17.432 0.0474991
17.4344 0.0469367
17.4376 0.0465696
17.44 0.0461234
17.5218 0.045608
17.5398 0.047032
17.5422 0.046403
17.5642 0.0459776
17.5819 0.0454804
17.5843 0.0450454
17.6063 0.0446647
17.624 0.0443316
17.7305 0.0440402
17.7726 0.0437851
17.8147 0.043562
17.8556 0.0484917
17.8965 0.0526803
17.9374 0.0563452
17.9398 0.0546771
17.9795 0.0530924
17.9819 0.0517059
18.0216 0.0504927
18.0239 0.0494311
18.0636 0.0485022
18.066 0.0480644
18.1045 0.0521814
18.1069 0.0510337
18.1454 0.0545295
18.1478 0.0530883
18.1502 0.0519523
18.1875 0.0507082
18.1899 0.0496197
18.1923 0.0486672
18.2296 0.0478338
18.232 0.0471046
18.2344 0.0464665
18.2705 0.0504082
18.2729 0.0494822
18.2753 0.0487969
18.3114 0.0523223
18.3138 0.051157
18.3161 0.0502624
18.3523 0.0536046
18.3546 0.052279
18.3571 0.0512441
18.3594 0.0502136
18.3947 0.0491869
18.3971 0.0484135
18.3995 0.0476119
18.4019 0.0469104
18.4368 0.0462966
18.4392 0.0457595
18.4416 0.0452896
18.444 0.0451284
18.4777 0.0489873
18.4801 0.0483639
18.4825 0.0476934
18.4849 0.0471067
18.5189 0.0505934
18.5213 0.0497692
18.5237 0.0489231
18.5261 0.0483077
18.5598 0.0516442
18.5622 0.0506887
18.5646 0.0497276
18.567 0.0488867
18.5694 0.0481508
18.6019 0.047382
18.6043 0.0467092
18.6067 0.0461206
18.6091 0.0457305
18.6115 0.0452642
18.6444 0.0449812
18.6467 0.0446085
18.6491 0.0446575
18.6515 0.0447003
18.6539 0.0446127
18.6852 0.0482861
18.6876 0.0476254
18.69 0.0471722
18.6924 0.0466507
18.6948 0.0461943
18.7261 0.049545
18.7285 0.0487269
18.7309 0.0480111
18.7333 0.0473847
18.7358 0.0468366
18.7382 0.046482
18.7683 0.0459218
18.7719 0.0455565
18.8537 0.045237
18.8561 0.0448323
18.8946 0.0489783
18.897 0.048231
18.9355 0.0520771
18.9383 0.0510675
18.9764 0.0546841
18.9791 0.0533486
18.9815 0.052055
19.0185 0.0507981
19.0212 0.0496983
19.0236 0.0487361
19.0606 0.047894
19.0633 0.0471573
19.0657 0.0465126
19.1015 0.0504485
19.1042 0.0496425
19.1066 0.0488122
19.1424 0.0523356
19.1451 0.0512937
19.1475 0.050257
19.1833 0.0535999
19.1865 0.0523999
19.1889 0.0512249
19.1913 0.0503218
19.2254 0.0492816
19.229 0.0483714
19.2313 0.0476999
19.2337 0.0469874
19.2674 0.046364
19.271 0.0459435
19.2734 0.0454506
19.2758 0.0452693
19.3083 0.0489856
19.3119 0.0483624
19.3143 0.0476921
19.3167 0.0471056
19.3492 0.0504674
19.3528 0.049659
19.3552 0.0489516
19.3576 0.0482076
19.3901 0.0514317
19.3925 0.0503777
19.3949 0.0493305
19.3973 0.0484142
19.3997 0.0476124
19.4322 0.0469109
19.4346 0.046297
19.437 0.0457599
19.4394 0.0452899
19.4418 0.0448787
19.4746 0.0445188
19.477 0.044329
19.4794 0.0444128
19.4818 0.0444862
19.4842 0.0445505
19.5155 0.0482317
19.5179 0.0475777
19.5203 0.0470055
19.5227 0.0465048
19.5251 0.0461917
19.5564 0.0494177
19.5588 0.0486155
19.5612 0.0480386
19.5636 0.0474088
19.5661 0.0469827
19.5685 0.0464848
19.5985 0.0459242
19.6009 0.0454337
19.6033 0.0450045
19.6057 0.0446289
19.6082 0.0443003
19.6106 0.0440128
19.6406 0.0437612
19.643 0.043541
19.6454 0.0433484
19.6478 0.0431798
19.6503 0.0430324
19.6527 0.0431533
19.6815 0.0466342
19.6842 0.0463049
19.6866 0.0460168
19.689 0.0456397
19.6915 0.0454347
19.694 0.0451304
19.7224 0.0482391
19.7251 0.0477092
19.7275 0.0471205
19.7299 0.0466055
19.7327 0.0462798
19.7351 0.0459948
19.7633 0.0489955
19.7657 0.048246
19.768 0.0475903
19.7704 0.0470165
19.7728 0.0465144
19.7756 0.0460751
19.778 0.0455657
19.8054 0.04512
19.8077 0.04473
19.8101 0.0443888
19.8125 0.0440902
19.8149 0.0438289
19.8176 0.0436003
19.82 0.0435252
19.8474 0.0433346
19.8498 0.0431678
19.8522 0.0433968
19.8546 0.0434722
19.857 0.0435382
19.8594 0.0437209
19.8618 0.0437558
19.8883 0.0467863
19.8907 0.046313
19.8931 0.0460239
19.8955 0.0456459
19.8979 0.0453152
19.9003 0.0451508
19.9027 0.0448819
19.9292 0.0477717
19.9316 0.0471752
19.934 0.0466533
20.015 0.0460717
20.0173 0.0456877
20.0197 0.0452267
20.0558 0.0490734
20.0582 0.0484392
20.0606 0.0477593
20.0967 0.0514144
20.0991 0.0504876
20.1016 0.0495517
20.1376 0.0529827
20.1412 0.0519849
20.2254 0.0507367
20.2663 0.0545197
20.3072 0.0579547
20.3481 0.0609604
20.389 0.0634653
20.3914 0.0609072
20.4311 0.0586688
20.4334 0.0565852
20.4731 0.054762
20.4755 0.0531668
20.5147 0.0566459
20.5171 0.0550652
20.5557 0.058182
20.5582 0.0564093
20.5966 0.0592331
20.5991 0.057329
20.6016 0.0555379
20.639 0.0539706
20.6414 0.0524743
20.6438 0.051165
20.6811 0.0500194
20.6835 0.049017
20.6859 0.0481398
20.722 0.0518724
20.7244 0.0507633
20.7268 0.0497929
20.7629 0.0531938
20.7653 0.0520446
20.7676 0.050914
20.8038 0.0541747
20.8061 0.0529029
20.8085 0.051665
20.8109 0.0505819
20.8462 0.0496342
20.8486 0.0486799
20.851 0.0478449
20.8534 0.0472393
20.8883 0.0465844
20.8907 0.0460113
20.8931 0.0456349
20.8955 0.0455556
20.9292 0.0493611
20.9316 0.048566
20.9344 0.0479952
20.9368 0.0473708
20.9705 0.0508245
20.9728 0.0498464
20.9753 0.0491156
20.9777 0.0483512
20.9801 0.0478073
21.0125 0.0470814
21.0149 0.0464462
21.0177 0.0458904
21.0201 0.0455291
21.0225 0.045088
21.0546 0.044702
21.057 0.0444892
21.0598 0.0441781
21.0622 0.0439058
21.0646 0.0436676
21.0967 0.0434591
21.0991 0.0436517
21.1015 0.0436953
21.1039 0.0437334
21.1063 0.0437667
21.138 0.0474209
21.1403 0.0469933
21.1427 0.0464941
21.1451 0.0461823
21.1475 0.0459095
21.1788 0.0491708
21.1812 0.0485245
21.1836 0.0478339
21.186 0.0473547
21.1884 0.0468104
21.1908 0.0463341
21.2213 0.0459173
21.2237 0.0454276
21.2261 0.0451242
21.2285 0.0447337
21.2309 0.0443919
21.2332 0.044218
21.2634 0.0439407
21.2658 0.0436981
21.2682 0.0434859
21.2705 0.0433001
21.2729 0.0433876
21.2753 0.0435892
21.3043 0.0470155
21.3067 0.0465136
21.309 0.0461994
21.3114 0.0457995
21.3138 0.0454495
21.3162 0.0452683
21.3452 0.0483598
21.3475 0.0476898
21.3499 0.0471036
21.3523 0.0465906
21.3547 0.0461418
21.3571 0.0458741
21.3595 0.0455148
21.3872 0.0450755
21.3896 0.044691
21.392 0.0444797
21.3944 0.0441697
21.3968 0.0438985
21.3992 0.0436612
21.4016 0.0434535
21.4294 0.0432718
21.4318 0.0431129
21.4354 0.0430987
21.5151 0.0429614
21.5184 0.0428412
21.5208 0.0427361
21.5572 0.0426441
21.5605 0.0425636
21.5633 0.0426181
21.5993 0.0425408
21.6017 0.0427232
21.6042 0.0428828
21.6402 0.0471475
21.6426 0.046629
21.6454 0.0463004
21.6815 0.0501379
21.6838 0.0492456
21.6862 0.0485899
21.6886 0.0478912
21.7235 0.0471548
21.7259 0.0465104
21.7283 0.0459466
21.7307 0.0454533
21.7656 0.0450216
21.768 0.0447689
21.7704 0.0444228
21.7728 0.04412
21.8069 0.048105
21.8093 0.0475918
21.8117 0.0470179
21.814 0.0466406
21.8478 0.0501856
21.8502 0.0494124
21.8525 0.0486108
21.8549 0.0479095
21.8887 0.0511708
21.8913 0.0502744
21.8937 0.0493651
21.8961 0.0486945
21.8985 0.0481077
21.9312 0.0474692
21.9338 0.0467856
21.9362 0.0463124
21.9386 0.0457733
21.941 0.0454267
21.9733 0.0449983
21.9759 0.0446235
21.9783 0.0442956
21.9807 0.0442586
21.9831 0.0443513
22.0141 0.0479324
22.0168 0.0473158
22.0193 0.0469014
22.0218 0.0464137
22.0242 0.046112
22.055 0.049348
22.0577 0.0485545
22.0602 0.0479852
22.063 0.047487
22.0654 0.0470511
22.0678 0.0465448
22.0971 0.0459767
22.0998 0.0454796
22.1023 0.0450446
22.1051 0.044664
22.1075 0.044331
22.1103 0.0441647
22.1392 0.0438941
22.1419 0.0436573
22.1448 0.0434502
22.1473 0.0432689
22.15 0.0431103
22.1524 0.0429715
22.1801 0.0463501
22.1828 0.0459313
22.1857 0.0456899
22.1882 0.0454786
22.1908 0.0451688
22.1933 0.0450227
22.221 0.0478949
22.224 0.047408
22.2266 0.046982
22.2291 0.0466093
22.2317 0.0461581
22.2342 0.0458883
22.2619 0.0486523
22.2643 0.0480708
22.2667 0.0473119
22.269 0.0467729
22.2714 0.0461763
22.2738 0.0456543
22.2762 0.0451975
22.304 0.0447978
22.3064 0.0444481
22.3087 0.0441421
22.3111 0.0438743
22.3135 0.04364
22.3159 0.043435
22.3183 0.0432556
22.346 0.0432237
22.3488 0.0430707
22.3512 0.0430619
22.3536 0.0433041
22.356 0.0433911
22.3584 0.0435922
22.3608 0.0437682
22.3869 0.0467972
22.3897 0.0463225
22.3921 0.0460322
22.3946 0.0456532
22.397 0.0453215
22.3994 0.0451563
22.4018 0.0448868
22.4282 0.0477759
22.4306 0.047304
22.433 0.046766
22.4355 0.0462952
22.4379 0.0458833
22.4403 0.0456479
22.4427 0.0453169
22.4451 0.0451523
22.4703 0.0447583
22.4727 0.0444135
22.4751 0.0442368
22.4776 0.0439572
22.48 0.0437125
22.4824 0.0434985
22.4848 0.0433112
22.4873 0.0431473
22.5123 0.0430039
22.5148 0.0428784
22.5172 0.0427686
22.52 0.0426725
22.5224 0.0427134
22.5248 0.0426243
22.5272 0.0429212
22.5296 0.0431811
22.5532 0.0460334
22.5557 0.0456543
22.5581 0.0454475
22.5609 0.0451415
22.5633 0.0449988
22.5657 0.044749
22.5681 0.0446554
22.5705 0.0444484
22.5941 0.0470174
22.5966 0.0465152
22.599 0.0460758
22.6018 0.0456913
22.6046 0.0454799
22.6082 0.0454199
22.6851 0.0449924
22.6876 0.0446184
22.6912 0.0442911
22.6936 0.0440047
22.7272 0.0437541
22.7297 0.0435348
22.7333 0.043343
22.7357 0.0431751
22.7693 0.0430282
22.7721 0.0430247
22.7754 0.0428966
22.7777 0.0427845
22.8114 0.0426865
22.8137 0.0428507
22.8162 0.0429943
22.8186 0.042995
22.8522 0.0469957
22.8546 0.0464962
22.8571 0.0461842
22.8595 0.0457861
22.8931 0.0494379
22.8955 0.0486331
22.8979 0.047929
22.9003 0.0473129
22.9027 0.0467738
22.9352 0.046177
22.9376 0.0456549
22.94 0.045198
22.9424 0.0447983
22.9448 0.0444485
22.9773 0.0441424
22.9797 0.0438746
22.9821 0.0437653
22.9845 0.0435446
22.9869 0.0436016
23.0185 0.0474014
23.0209 0.0468512
23.0233 0.0464948
23.0257 0.0460579
23.0281 0.0458007
23.0594 0.0492006
23.0618 0.0484255
23.0642 0.0478723
23.0666 0.0472633
23.069 0.0468554
23.0714 0.0463735
23.1015 0.0458268
23.1039 0.0453484
23.1063 0.0449299
23.1088 0.0445636
23.1112 0.0442432
23.1136 0.0439628
23.1436 0.0437174
23.146 0.0435028
23.1484 0.0433149
23.1509 0.0431505
23.1533 0.0430067
23.1557 0.0428809
23.1857 0.0427708
23.1881 0.0430494
23.1905 0.0432932
23.1929 0.0433816
23.1953 0.0435839
23.1976 0.0436359
23.2266 0.0470564
23.229 0.0465494
23.2314 0.0461057
23.2338 0.0457175
23.2361 0.0455028
23.2385 0.0451899
23.2675 0.0482912
23.2699 0.0476298
23.2723 0.0471761
23.2746 0.0466541
23.277 0.0463223
23.2794 0.045907
23.2818 0.0455436
23.3103 0.0452257
23.3127 0.0449475
23.3151 0.044704
23.3175 0.044491
23.3199 0.0441797
23.3223 0.0440322
23.3247 0.0439032
23.3524 0.0436653
23.3548 0.0434571
23.3572 0.043275
23.3596 0.0431156
23.3621 0.0433512
23.3645 0.0435573
23.3669 0.0436126
23.3933 0.046786
23.3957 0.0463128
23.3981 0.0460237
23.4006 0.0456457
23.403 0.04544
23.4054 0.045135
23.4078 0.0448681
23.4342 0.0477596
23.4366 0.0471647
23.439 0.0466441
23.4415 0.0461886
23.4439 0.04579
23.4467 0.0454412
23.4491 0.0452611
23.4515 0.0451035
23.4775 0.0448405
23.5336 0.0444855
23.5596 0.0471748
23.562 0.0466529
23.5745 0.0474463
23.6005 0.0498905
23.6029 0.0490292
23.6154 0.0495256
23.6414 0.0517099
23.644 0.0507461
23.6563 0.0511529
23.6826 0.0531338
23.685 0.051867
23.6874 0.0507587
23.6984 0.0496638
23.7247 0.0487058
23.7271 0.0479926
23.7295 0.0472435
23.7405 0.0465881
23.7668 0.0460146
23.7692 0.0455128
23.7716 0.0453237
23.7814 0.0461582
23.808 0.0488884
23.8104 0.0482774
23.8128 0.0476177
23.8224 0.0480405
23.8489 0.0504104
23.8513 0.0494841
23.8537 0.0486736
23.8633 0.0489644
23.8657 0.0482189
23.891 0.0475665
23.8934 0.0468707
23.8958 0.0462619
23.9058 0.0457291
23.9082 0.045388
23.9331 0.0449645
23.9355 0.0445939
23.9379 0.0442697
23.9479 0.043986
23.9503 0.0437377
23.974 0.0463955
23.9764 0.0459711
23.9788 0.0455997
23.9888 0.0462747
23.9912 0.0459904
24.0149 0.0482416
24.0185 0.0478364
24.1022 0.0472318
24.1046 0.0467029
24.1431 0.05074
24.1455 0.0497725
24.184 0.0534259
24.1865 0.0521227
24.2249 0.0554824
24.2274 0.0540471
24.2298 0.0526662
24.267 0.0513329
24.2695 0.0501663
24.2718 0.0491455
24.3091 0.0483773
24.3115 0.0475802
24.3139 0.0468826
24.35 0.0507723
24.3524 0.0498008
24.3548 0.0489507
24.3908 0.0524568
24.3933 0.0513997
24.3957 0.0503498
24.4317 0.053681
24.4342 0.0524709
24.4366 0.051287
24.439 0.0502512
24.4738 0.0492198
24.4763 0.0483173
24.4787 0.0475276
24.4811 0.0469617
24.5159 0.0463415
24.5187 0.0457988
24.5211 0.0454489
24.5235 0.0453928
24.5568 0.0490937
24.5596 0.048457
24.562 0.0478999
24.5647 0.0472874
24.5979 0.0506265
24.6005 0.0497982
24.6029 0.0489484
24.6055 0.0482048
24.6388 0.0514292
24.6412 0.0505006
24.6436 0.049563
24.646 0.0487426
24.6484 0.0480248
24.6809 0.0472717
24.6833 0.0466127
24.6857 0.0460361
24.6881 0.0456566
24.6906 0.0451995
24.723 0.0447996
24.7255 0.0444497
24.7279 0.0443934
24.7303 0.0444693
24.7326 0.0444106
24.7639 0.0479843
24.7664 0.0474862
24.7688 0.0469255
24.7711 0.0465598
24.7735 0.0461148
24.8048 0.0493505
24.8073 0.0486816
24.8096 0.0479714
24.812 0.047475
24.8148 0.0469156
24.8172 0.0465512
24.8469 0.0459823
24.8493 0.0454845
24.8517 0.0450489
24.8541 0.0446678
24.8569 0.0443343
24.8593 0.0440425
24.8889 0.0437872
24.8914 0.0435638
24.8938 0.0433683
24.8962 0.0431973
24.899 0.0430476
24.9014 0.0432917
24.9298 0.0466302
24.9323 0.0463014
24.9347 0.0458888
24.9371 0.0456527
24.9399 0.0453211
24.9423 0.0451559
24.9707 0.0481365
24.9732 0.0476194
24.9756 0.047042
24.978 0.0465367
24.9808 0.0460946
24.9832 0.0458328
25.0116 0.0487287
25.014 0.0481376
25.0164 0.0474954
25.0982 0.0468085
25.1006 0.0462074
25.103 0.0456815
25.1403 0.0452213
25.1427 0.0448186
25.1451 0.0445913
25.1824 0.0442674
25.1848 0.043984
25.1872 0.043736
25.2244 0.043519
25.2269 0.0435791
25.2293 0.0437567
25.2653 0.0480371
25.2678 0.0474075
25.2701 0.0469815
25.3062 0.0507339
25.3086 0.0497671
25.311 0.0490462
25.3134 0.0482905
25.3483 0.0475041
25.3507 0.0468161
25.3531 0.0462141
25.3555 0.0456873
25.3904 0.0452264
25.3928 0.0448231
25.3952 0.0444702
25.3976 0.0441615
25.4317 0.0481413
25.4341 0.0476236
25.4365 0.0471707
25.4388 0.0466493
25.4726 0.0501932
25.4749 0.049294
25.4773 0.0485073
25.4797 0.0478189
25.5134 0.0512165
25.5158 0.0501894
25.5182 0.0494158
25.5208 0.0486138
25.5235 0.0480371
25.5556 0.0472824
25.558 0.0467471
25.5604 0.0461537
25.5628 0.0456345
25.5656 0.0451802
25.5977 0.0447827
25.6001 0.0444348
25.6025 0.0441305
25.6049 0.0441142
25.6073 0.0442249
25.6386 0.0478218
25.641 0.0472191
25.6434 0.0466917
25.6458 0.0462302
25.6482 0.0459514
25.6795 0.0492075
25.6819 0.0484316
25.6843 0.0478776
25.6867 0.0472679
25.6891 0.0468594
25.6915 0.046377
25.7216 0.0458299
25.724 0.0453511
25.7264 0.0449322
25.7287 0.0445657
25.7311 0.044245
25.7336 0.0439644
25.7637 0.0437188
25.7661 0.043629
25.7684 0.0434254
25.7708 0.0432472
25.7732 0.0430913
25.8566 0.0429549
25.859 0.0428355
25.8976 0.0439811
25.9 0.0438584
25.9387 0.0483761
25.9435 0.0478291
25.9809 0.0471005
25.9856 0.0464629
25.988 0.0461551
26.0229 0.0456357
26.0279 0.0451812
26.0303 0.0449086
26.065 0.04467
26.0688 0.0448362
26.0712 0.0447317
26.1059 0.0485152
26.1097 0.0479508
26.112 0.047457
26.1468 0.0508999
26.1509 0.0501624
26.1533 0.0493921
26.1557 0.0485931
26.1889 0.0477689
26.193 0.0470478
26.1954 0.0464168
26.1978 0.0458647
26.231 0.0453816
26.2351 0.0450839
26.2375 0.0446984
26.2398 0.0443611
26.2719 0.048066
26.276 0.0476827
26.2784 0.0470974
26.2808 0.0465852
26.3128 0.0498871
26.3169 0.0492762
26.3193 0.0486167
26.3216 0.0479146
26.3537 0.0510503
26.3561 0.050169
26.3589 0.0491479
26.3613 0.0482544
26.3637 0.0474726
26.3958 0.0467885
26.3982 0.0461899
26.401 0.0457912
26.4034 0.0453173
26.4058 0.0449026
26.4379 0.0445398
26.4455 0.0444723
26.4479 0.0444133
26.4788 0.0479866
26.4864 0.0481133
26.4888 0.0474741
26.4912 0.0472899
26.4936 0.0473786
26.5197 0.0504563
26.5273 0.0502743
26.5297 0.049365
26.5321 0.0486944
26.5345 0.0479826
26.5606 0.0503597
26.563 0.0494398
26.5694 0.0485098
26.5722 0.0478211
26.5745 0.0470934
26.5769 0.0464568
26.6026 0.0458997
26.6103 0.0461622
26.6921 0.0463919
26.6945 0.0458429
26.733 0.0498626
26.7353 0.0490047
26.7738 0.0527542
26.7762 0.0516599
26.8147 0.0550774
26.8171 0.0536927
26.8195 0.0523561
26.8568 0.0510616
26.8592 0.0499289
26.8616 0.0489378
26.8989 0.0480706
26.9013 0.0473118
26.9037 0.0466478
26.94 0.0506918
26.9424 0.0498553
26.9448 0.0489984
26.9809 0.0524986
26.9833 0.0513113
26.9857 0.0502724
27.0218 0.0536133
27.0242 0.0524117
27.0266 0.0512352
27.029 0.0502058
27.0639 0.0491801
27.0663 0.0482826
27.0687 0.0474972
27.0711 0.0469351
27.106 0.0463182
27.1084 0.0457784
27.1108 0.0453061
27.1131 0.0452679
27.1469 0.0489844
27.1493 0.0483613
27.1516 0.0476912
27.154 0.0472298
27.1878 0.050576
27.1901 0.049754
27.1925 0.0489098
27.1949 0.0481711
27.2286 0.0513997
27.231 0.0504747
27.2334 0.0495404
27.2358 0.0487228
27.2382 0.0481325
27.2711 0.0474909
27.2735 0.0468046
27.2759 0.046204
27.2783 0.0458035
27.2806 0.045328
27.3132 0.044912
27.3156 0.044548
27.318 0.0444795
27.3203 0.0445446
27.3227 0.0444765
27.3541 0.0481669
27.3588 0.0475211
27.3614 0.0470809
27.3638 0.0465708
27.395 0.0498745
27.401 0.0495152
27.4828 0.0489508
27.4852 0.0480819
27.5237 0.0518217
27.5261 0.050844
27.5646 0.0543635
27.567 0.052943
27.6055 0.0562002
27.6079 0.0545501
27.6103 0.0532314
27.6476 0.0518274
27.65 0.050599
27.6524 0.0495241
27.6897 0.0485836
27.6921 0.0478857
27.6944 0.04715
27.7306 0.0510062
27.7329 0.0500054
27.7353 0.0491298
27.7714 0.0526135
27.7738 0.0514118
27.7762 0.0504854
27.8123 0.0537997
27.8147 0.0524497
27.8171 0.0513935
27.8195 0.0503443
27.8544 0.0493013
27.8568 0.0483886
27.8592 0.04759
27.8616 0.0468913
27.8965 0.0462799
27.8989 0.0457449
27.9013 0.0452768
27.9037 0.0451172
27.9378 0.0489775
27.9402 0.0483553
27.9426 0.0478109
27.945 0.0472096
27.9786 0.0506834
27.9811 0.0498479
27.9835 0.0489919
27.9859 0.048243
28.0195 0.0515876
28.0219 0.0505141
28.0243 0.0495749
28.0268 0.048753
28.0292 0.0481589
28.0616 0.047389
28.064 0.0468404
28.0664 0.0462353
28.0713 0.0460809
28.1843 0.0491958
28.194 0.0492963
28.2264 0.0483843
28.2361 0.0475863
28.2685 0.046888
28.2782 0.046277
28.3106 0.0457424
28.3191 0.0463996
28.3515 0.0497246
28.36 0.049634
28.3927 0.0525548
28.4011 0.0522354
28.4035 0.051206
28.4352 0.0501803
28.4432 0.0491577
28.4456 0.048263
28.4773 0.0474801
28.4853 0.0467951
28.4877 0.0461957
28.5193 0.0456713
28.5261 0.0460873
28.5289 0.0457014
28.5602 0.0491138
28.5674 0.0489745
28.5698 0.0482277
28.6011 0.0513243
28.6083 0.0509087
28.6107 0.0499201
28.6131 0.0491801
28.6432 0.0482826
28.6516 0.0476223
28.7358 0.0469195
28.7767 0.0510546
28.8176 0.0549227
28.8587 0.0583074
28.8996 0.061269
28.902 0.0589853
28.9417 0.0568622
28.9441 0.0551294
28.9838 0.0534882
28.9862 0.0520522
29.0247 0.0555457
29.0271 0.0541025
29.0656 0.0572147
29.068 0.0554378
29.1068 0.0583831
29.1092 0.0565852
29.1116 0.0550121
29.1489 0.0533855
29.1513 0.0519624
29.1537 0.0507171
29.191 0.0496274
29.1933 0.048674
29.1957 0.0478397
29.2319 0.0516098
29.2343 0.0506586
29.2367 0.0497012
29.2728 0.0531136
29.2752 0.0519744
29.2776 0.0508526
29.3141 0.054246
29.3164 0.0529653
29.3188 0.0517196
29.3212 0.0507546
29.3564 0.0496603
29.3588 0.0487028
29.3612 0.0479899
29.3636 0.0472412
29.3985 0.046586
29.4009 0.0460128
29.4033 0.0455112
29.4057 0.0453223
29.4394 0.049157
29.4418 0.0483874
29.4442 0.047839
29.4466 0.0472341
29.4803 0.0507048
29.4827 0.0497417
29.4855 0.049024
29.4879 0.048271
29.4903 0.0477371
29.5224 0.04702
29.5248 0.0463925
29.5276 0.0458434
29.53 0.045363
29.5324 0.0449426
29.5645 0.0445748
29.5669 0.0442529
29.5697 0.0439713
29.5721 0.0438499
29.5745 0.0436187
29.6066 0.0434163
29.609 0.0434893
29.6113 0.0436781
29.6137 0.0437184
29.6161 0.0437536
29.6475 0.0474094
29.6498 0.0468582
29.6522 0.0465009
29.6546 0.0460633
29.657 0.0458054
29.6883 0.0490797
29.6907 0.0483198
29.6931 0.0477798
29.6955 0.0471823
29.6979 0.0466595
29.7003 0.0462021
29.7304 0.0456768
29.7328 0.0452172
29.7353 0.0448151
29.7377 0.0444632
29.7401 0.0442803
29.7425 0.0439952
29.7725 0.0437458
29.7749 0.0435276
29.7777 0.0433367
29.7801 0.0432946
29.7825 0.0435078
29.7849 0.0435693
29.8134 0.0469981
29.8158 0.0464984
29.8186 0.0461861
29.821 0.0457878
29.8234 0.0454393
29.8258 0.0451344
29.8543 0.0482426
29.8567 0.0475873
29.8597 0.0471389
29.862 0.0467465
29.8644 0.0464032
29.8671 0.0461028
29.8695 0.0458399
29.8965 0.04536
29.8989 0.04494
29.9017 0.0445725
29.9041 0.0442509
29.9065 0.0439695
29.9092 0.0437233
29.9116 0.0435079
29.9386 0.0433194
29.941 0.0431545
29.9438 0.0430102
29.9462 0.0428839
29.9486 0.0427734
29.9512 0.0426767
29.9536 0.0425922
29.9795 0.0457681
29.9819 0.0454221
29.9847 0.0452444
29.9871 0.0450888
29.9895 0.0448277
29.9921 0.0447242
29.9945 0.0445087
30.0204 0.0473201
30.0228 0.0467801
30.0256 0.0464326
30.0282 0.0461285
30.0306 0.0457375
30.033 0.0455203
30.0354 0.0452052
30.0613 0.0479296
30.0637 0.0473134
30.0661 0.0468992
30.0684 0.0464118
30.0708 0.0458603
30.0732 0.0455028
30.0756 0.0450649
30.078 0.0448068
