0.140217 1440
0.183149 2880
0.227234 4320
0.271319 5760
0.314209 7200
0.316599 8640
0.358293 10080
0.360684 11520
0.363074 12960
0.402378 14400
0.404769 15840
0.407159 17280
0.409549 18720
0.445268 20160
0.44804 21600
0.450431 23040
0.452821 24480
0.455212 25920
0.457602 27360
0.488157 28800
0.490548 30240
0.492938 31680
0.495328 33120
0.497719 34560
0.500109 36000
0.5025 37440
0.50489 38880
0.50728 40320
0.531047 41760
0.533437 43200
0.535828 44640
0.538218 46080
0.540608 47520
0.542999 48960
0.54549 50400
0.54788 51840
0.550271 53280
0.552661 54720
0.555052 56160
0.557442 57600
0.559832 59040
0.562223 60480
0.575514 61920
0.577904 63360
0.580295 64800
0.582685 66240
0.585076 67680
0.589856 69120
0.592247 70560
0.594637 72000
0.597028 73440
0.599418 74880
0.601808 76320
0.604199 77760
0.606589 79200
0.60898 80640
0.61137 82080
0.61376 83520
0.616151 84960
0.618541 86400
0.620932 87840
0.623322 89280
0.625712 90720
0.628103 92160
0.630493 93600
0.632884 95040
0.635274 96480
0.637664 97920
0.640055 99360
0.642445 100800
0.644836 102240
0.647226 103680
0.651639 50400
0.740159 50441
0.74255 50482
0.74494 50523
0.747331 50564
0.750931 50605
0.753321 23760
0.820115 23847
0.822505 23933
0.828368 24019
0.830759 24105
0.833149 24191
0.83554 24276
0.83793 24361
0.84032 24446
0.864224 24530
0.866615 24614
0.872591 24698
0.874981 24781
0.877371 24864
0.879762 24947
0.882152 25030
0.884543 25112
0.908447 25194
0.910837 25276
0.915618 25358
0.918008 25439
0.920399 25520
0.922789 25601
0.925179 25681
0.92757 25761
0.951474 25841
0.953864 25921
0.958645 26000
0.961035 26079
0.963426 26158
0.965816 26237
0.968207 26316
0.970597 26394
0.994501 26472
0.999297 11520
1.05665 11700
1.08056 11877
1.08295 12051
1.08534 12223
1.10087 12392
1.12478 12559
1.12717 12724
1.12956 12886
1.1451 13046
1.169 13204
1.17139 13361
1.17378 13516
1.18932 13669
1.21203 13820
1.21442 13970
1.21721 14118
1.23235 14264
1.25505 14409
1.25744 14552
1.2601 14694
1.27537 14835
1.29808 14974
1.30047 15112
1.30286 15249
1.30525 15384
1.31999 15518
1.3427 15651
1.34509 15783
1.34748 15914
1.34987 16044
1.36408 16173
1.38679 16301
1.38918 16428
1.39157 16554
1.39396 16679
1.40724 16803
1.42968 16926
1.43207 17048
1.43446 17169
1.43734 17289
1.45014 17408
1.47264 17527
1.47503 17645
1.47742 17762
1.48062 17878
1.48301 17993
1.49422 18108
1.51672 18222
1.51911 18335
1.52151 18448
1.52591 18560
1.53746 7200
1.6118 7488
1.61419 7764
1.65493 8031
1.65732 8289
1.69821 8539
1.7006 8781
1.74149 9017
1.74629 9246
1.78559 2880
1.87138 3600
1.91547 4176
1.95955 4672
2.00402 5115
2.04691 5520
2.0898 5895
2.13269 6246
2.13508 6577
2.17678 6892
2.17917 7192
2.22086 7480
2.22325 7757
2.26494 8024
2.26734 8282
2.30783 8532
2.31022 8775
2.35072 9011
2.35311 9241
2.3555 9465
2.39519 9684
2.39758 9898
2.39997 10107
2.43967 10312
2.44206 10513
2.44445 10710
2.48295 10903
2.48534 11093
2.48773 11279
2.52623 11462
2.52862 11642
2.53101 11820
2.56951 11995
2.5719 12167
2.57429 12337
2.57668 12505
2.61398 12670
2.61637 12833
2.61876 12994
2.62115 13153
2.65807 13310
2.66046 13465
2.66285 13618
2.66524 13770
2.70096 13920
2.70335 14068
2.70574 14215
2.70813 14360
2.74385 14504
2.74624 14646
2.74901 14787
2.7514 14927
2.78674 15065
2.78913 15202
2.79152 15338
2.79391 15473
2.7963 15607
2.83082 15739
2.83321 15870
2.8356 16000
2.83799 16129
2.84038 16257
2.87529 16384
2.87768 16510
2.88007 16635
2.88246 16759
2.88485 16882
2.91818 17004
2.92096 17125
2.92335 17246
2.92574 17366
2.92813 17485
2.96107 17603
2.96385 17720
2.96624 17837
2.96863 17953
2.97119 18068
2.97399 18182
3.00515 18296
3.00793 18409
3.01032 18521
3.01271 18632
3.01528 18743
3.01808 18853
3.04924 18962
3.05202 19071
3.05441 19179
3.0568 19287
3.05936 19394
3.06175 19500
3.09213 19606
3.09748 7920
3.17911 8181
3.18207 8434
3.22221 8679
3.22496 8917
3.2651 9149
3.26749 9375
3.26988 9596
3.30949 9812
3.31188 10023
3.31427 10229
3.35358 10431
3.35597 10629
3.35836 10824
3.39647 11015
3.39886 11203
3.40125 11388
3.43936 11570
3.44203 11749
3.44452 11925
3.48225 12098
3.48464 12269
3.48703 12438
3.48942 12604
3.52633 12768
3.52872 12930
3.53111 13090
3.5335 13248
3.57042 13404
3.57281 13558
3.5752 13710
3.57759 13861
3.61331 14010
3.6157 14158
3.61809 14304
3.62048 14448
3.6562 14591
3.65859 14733
3.66098 14873
3.66337 15012
3.66576 15150
3.70028 15286
3.70267 15421
3.70506 15555
3.70746 15688
3.70985 15820
3.74437 15951
3.74676 16080
3.74915 16208
3.75154 16335
3.75393 16461
3.78845 16586
3.79084 16711
3.79323 16835
3.79562 16958
3.79802 17080
3.83134 17201
3.83373 17321
3.83612 17440
3.83851 17558
3.8409 17676
3.87423 17793
3.87662 17909
3.87901 18024
3.8814 18139
3.88379 18253
3.88618 18366
3.91832 18478
3.92071 18590
3.9231 18701
3.9267 18811
3.92909 7920
4.01369 8181
4.01608 8434
4.05658 8679
4.05897 8917
4.09947 9149
4.10186 9375
4.10425 9596
4.14355 9812
4.14594 10023
4.14844 10229
4.18764 10431
4.19003 10629
4.19292 10824
4.23053 11015
4.23292 11203
4.23581 11388
4.2738 11570
4.27619 11749
4.2787 11925
4.31708 12098
4.31947 12269
4.32186 12438
4.32425 12604
4.36155 12768
4.36394 12930
4.36633 13090
4.36872 13248
4.40603 13404
4.40842 13558
4.41081 13710
4.4132 13861
4.44892 14010
4.45131 14158
4.4537 14304
4.45621 14448
4.49188 14591
4.49428 14733
4.49667 14873
4.4991 15012
4.50149 15150
4.53597 15286
4.53836 15421
4.54075 15555
4.54319 15688
4.54558 15820
4.58005 15951
4.58244 16080
4.58484 16208
4.58729 16335
4.58968 16461
4.62414 16586
4.62653 16711
4.62892 16835
4.63131 16958
4.6337 17080
4.66703 17201
4.66942 17321
4.67181 17440
4.6742 17558
4.67659 17676
4.70992 17793
4.71235 17909
4.71474 18024
4.71713 18139
4.71952 18253
4.72191 18366
4.754 18478
4.75643 18590
4.75882 18701
4.76121 18811
4.7636 18921
4.766 19030
4.79809 19138
4.80052 19246
4.80291 19353
4.8053 19460
4.80769 19566
4.81008 19671
4.84098 19776
4.84341 19880
4.8458 19984
4.84819 20087
4.85058 20190
4.85297 20292
4.88387 20394
4.8863 20495
4.88869 20596
4.89108 20696
4.89347 20796
4.89624 20895
4.89863 20994
4.92795 21092
4.93038 21190
4.93277 21287
4.93516 21384
4.93755 21480
4.94072 21576
4.94311 21672
4.97204 21767
4.97447 21862
4.97686 21956
4.97925 22050
4.98164 22144
4.9848 22237
5.01493 22330
5.01736 22422
5.02013 22514
5.02252 22606
5.02491 22697
5.02808 22788
5.05782 22878
5.06021 22968
5.06261 23058
5.065 23147
5.06739 23236
5.0698 23325
5.07219 23413
5.10071 23501
5.1031 23589
5.1055 23676
5.10789 23763
5.11028 23850
5.11267 23936
5.11506 24022
5.11745 24108
5.14479 24194
5.14758 24279
5.14997 24364
5.15236 24449
5.15475 24533
5.15714 24617
5.15953 24701
5.16192 24784
5.18896 24867
5.19166 24950
5.19405 25033
5.19644 25115
5.19896 25197
5.20135 25279
5.20374 25361
5.20613 25442
5.23185 25523
5.23494 25604
5.23733 25684
5.23972 25764
5.24224 25844
5.24463 25924
5.24702 26003
5.24941 26082
5.27474 26161
5.27822 26240
5.28061 26319
5.283 26397
5.2854 26475
5.28779 26553
5.29018 26631
5.29257 26708
5.29496 26785
5.31911 26862
5.3227 26939
5.32509 27015
5.32748 27091
5.32987 27167
5.33226 27243
5.33465 27319
5.33704 27394
5.33943 27469
5.36359 27544
5.36678 27619
5.36917 27694
5.37156 27768
5.37396 27842
5.37648 27916
5.37887 27990
5.38126 28064
5.38365 28137
5.40648 28210
5.41007 28283
5.41255 28356
5.41494 28429
5.41733 28501
5.41972 28573
5.42211 28645
5.4245 28717
5.42689 28789
5.44937 28861
5.45296 28932
5.45583 29003
5.45822 29074
5.46061 29145
5.463 29216
5.46539 29286
5.46778 29356
5.47017 29426
5.49265 29496
5.49504 29566
5.49743 29636
5.49991 29705
5.5023 29774
5.50469 29843
5.50708 29912
5.50947 29981
5.51186 30050
5.51425 30119
5.53678 30187
5.53917 30255
5.5416 30323
5.544 30391
5.54639 30459
5.54878 30527
5.55117 30594
5.55356 30661
5.55595 30728
5.55834 30795
5.58125 30862
5.58364 30929
5.58603 30996
5.58842 31062
5.59081 31128
5.5932 31194
5.5956 31260
5.59799 31326
5.60038 31392
5.60277 31458
5.62414 31523
5.62653 31588
5.62928 31653
5.63167 31718
5.63406 31783
5.63645 31848
5.63884 31913
5.64123 31977
5.64362 32041
5.64601 32105
5.66703 32169
5.66942 32233
5.67256 32297
5.67495 32361
5.67734 32425
5.67973 32488
5.68212 32551
5.68451 32614
5.6869 32677
5.68929 32740
5.70994 32803
5.71233 14400
5.77695 14544
5.79576 14686
5.79815 14827
5.81545 14966
5.81784 15104
5.82023 15241
5.83865 15377
5.84104 15511
5.85834 15644
5.86203 15776
5.86442 15907
5.88273 16037
5.88513 16166
5.90243 16294
5.9065 16421
5.90889 16547
5.92562 16672
5.92801 16796
5.94532 16919
5.94955 17041
5.95301 17162
5.96972 6480
6.04075 6800
6.05552 7104
6.08484 7395
6.0996 7675
6.12892 7945
6.14249 8205
6.17181 8457
6.18538 8702
6.2147 8940
6.22827 9171
6.23066 9397
6.25878 9617
6.27236 9832
6.27475 10042
6.30287 10248
6.31644 10450
6.31883 10648
6.34695 10842
6.35933 11033
6.36332 11220
6.39105 3600
6.47685 4176
6.52093 4672
6.56502 5115
6.60791 5520
6.65118 5895
6.69407 6246
6.69646 6577
6.73815 6892
6.74054 7192
6.78224 7480
6.78463 7757
6.82632 8024
6.82871 8282
6.86921 8532
6.87198 8775
6.9121 9011
6.91487 9241
6.91726 9465
6.95657 9684
6.96016 9898
6.99947 2880
7.21397 3600
7.25805 4176
7.30214 4672
7.34622 5115
7.38911 5520
7.432 5895
7.47489 6246
7.47728 6577
7.51897 6892
7.52136 7192
7.56306 7480
7.56545 7757
7.60714 8024
7.60953 8282
7.65003 8532
7.65242 8775
7.69292 9011
7.69531 9241
7.6977 9465
7.73701 9684
7.7394 9898
7.74179 10107
7.78109 10312
7.78348 10513
7.78587 10710
7.82398 10903
7.82637 11093
7.82876 11279
7.86687 11462
7.86926 11642
7.87175 11820
7.90976 11995
7.91215 12167
7.91454 12337
7.91693 12505
7.95385 12670
7.95624 12833
7.95863 12994
7.96102 13153
7.99831 13310
8.0007 13465
8.00309 13618
8.00548 13770
8.04159 13920
8.04398 14068
8.04637 14215
8.04876 14360
8.08487 14504
8.08726 14646
8.08965 14787
8.09204 14927
8.12815 15065
8.13054 15202
8.13293 15338
8.13532 15473
8.13771 15607
8.17224 15739
8.17463 15870
8.17702 16000
8.17941 16129
8.1818 16257
8.21632 16384
8.21871 16510
8.2211 16635
8.22349 16759
8.22588 16882
8.25921 17004
8.2616 17125
8.26399 17246
8.26638 17366
8.26877 17485
8.3021 17603
8.30449 17720
8.30688 17837
8.30927 17953
8.31166 18068
8.31405 18182
8.34619 18296
8.34858 18409
8.35097 18521
8.35336 18632
8.35575 18743
8.35814 18853
8.39027 18962
8.39266 19071
8.39505 19179
8.39744 19287
8.39983 19394
8.40222 19500
8.43316 19606
8.43555 19711
8.43794 19816
8.44033 19920
8.44272 20024
8.44511 20127
8.47605 20230
8.47844 20332
8.48083 20433
8.48322 20534
8.48561 20634
8.488 20734
8.51894 20834
8.52133 20933
8.52372 21032
8.52611 21130
8.5285 21228
8.53089 21325
8.53328 21422
8.56303 21518
8.56542 21614
8.56781 21709
8.5702 21804
8.57259 21899
8.57498 21993
8.57737 22087
8.60711 22180
8.6095 22273
8.61189 22366
8.61428 22458
8.6168 22550
8.61919 22641
8.62279 22732
8.65121 9360
8.70657 9581
8.71015 9797
8.737 10008
8.75105 10215
8.75449 10417
8.78109 10616
8.79552 10811
8.79792 11002
8.82433 11190
8.84082 3600
8.92697 4176
8.97114 4672
9.01523 5115
9.05812 5520
9.10101 5895
9.1439 6246
9.14629 6577
9.18798 6892
9.19037 7192
9.23207 7480
9.23446 7757
9.27615 8024
9.27854 8282
9.31904 8532
9.32155 8775
9.36193 9011
9.36444 9241
9.36683 9465
9.40614 9684
9.40853 9898
9.41092 10107
9.45022 10312
9.45261 10513
9.455 10710
9.49311 10903
9.4955 11093
9.49789 11279
9.536 11462
9.53839 11642
9.54078 11820
9.57889 11995
9.58128 12167
9.58367 12337
9.58606 12505
9.62298 12670
9.62537 12833
9.62776 12994
9.63015 13153
9.66706 13310
9.66945 13465
9.67184 13618
9.67423 13770
9.70995 13920
9.71234 14068
9.71712 14215
9.75284 14360
9.75523 14504
9.76001 14646
9.7624 14787
9.79573 14927
9.79812 15065
9.80051 15202
9.8041 15338
9.80649 15473
9.83981 15607
9.8422 15739
9.8446 15870
9.84818 16000
9.85057 16129
9.8839 16257
9.88629 16384
9.88868 16510
9.89107 16635
9.89346 16759
9.92679 16882
9.92918 17004
9.93157 17125
9.93396 17246
9.93635 17366
9.96968 17485
9.97207 17603
9.97446 17720
9.97685 17837
9.97924 17953
9.98163 18068
10.0138 18182
10.0162 18296
10.0185 18409
10.0209 18521
10.0233 18632
10.0257 18743
10.0578 18853
10.0602 18962
10.0626 19071
10.065 19179
10.0674 19287
10.0698 19394
10.1007 19500
10.1031 19606
10.1055 19711
10.1079 19816
10.1103 19920
10.1127 20024
10.1436 20127
10.146 20230
10.1484 20332
10.1508 20433
10.1532 20534
10.156 20634
10.1889 8640
10.2429 8880
10.2723 9113
10.2747 9340
10.3152 9562
10.3176 2880
10.4053 3600
10.4494 4176
10.4935 4672
10.5376 5115
10.5804 5520
10.6233 5895
10.6662 6246
10.6686 6577
10.7106 6892
10.713 7192
10.7547 7480
10.7571 7757
10.7988 8024
10.8012 8282
10.8417 8532
10.8441 8775
10.8846 9011
10.887 9241
10.8894 9465
10.9287 9684
10.9311 9898
10.9334 10107
10.974 10312
10.9763 3600
11.0633 4176
11.1074 4672
11.1518 5115
11.1947 5520
11.2379 5895
11.2812 6246
11.2836 6577
11.3257 6892
11.3281 7192
11.3698 7480
11.3722 7757
11.4139 8024
11.4162 8282
11.4567 8532
11.4591 8775
11.4996 9011
11.502 9241
11.5044 9465
11.5437 9684
11.5461 9898
11.5485 10107
11.5878 10312
11.5902 10513
11.5926 10710
11.6307 10903
11.6331 11093
11.6367 11279
11.6748 3600
11.761 4176
11.8051 4672
11.8491 5115
11.892 5520
11.9349 5895
11.9778 6246
11.9802 6577
12.0219 6892
12.0243 7192
12.066 7480
12.0684 7757
12.1101 8024
12.1125 8282
12.153 8532
12.1553 8775
12.1958 9011
12.1982 9241
12.2007 9465
12.2399 9684
12.2423 9898
12.2447 10107
12.284 10312
12.2888 10513
12.3269 10710
12.3317 10903
12.3341 11093
12.3698 11279
12.3746 11462
12.377 11642
12.4127 11820
12.4175 11995
12.4211 12167
12.4556 4320
12.5093 4800
12.5522 5232
12.5951 5628
12.638 5996
12.6808 6341
12.6832 6668
12.7249 6978
12.7273 7275
12.769 7560
12.8119 2880
12.8977 3600
12.9418 4176
12.9859 4672
13.03 5115
13.0728 5520
13.1157 5895
13.1586 6246
13.1612 6577
13.2027 6892
13.2056 7192
13.2468 7480
13.2496 7757
13.2909 8024
13.2935 8282
13.3338 8532
13.3364 8775
13.3767 9011
13.3793 9241
13.3817 9465
13.4208 9684
13.4234 9898
13.4258 10107
13.4649 10312
13.4675 10513
13.4699 10710
13.5078 10903
13.5104 11093
13.5127 11279
13.5507 11462
13.5532 11642
13.5556 11820
13.5936 11995
13.5961 12167
13.5985 12337
13.6009 12505
13.6377 12670
13.6402 12833
13.6426 12994
13.645 13153
13.6818 13310
13.6843 13465
13.6867 13618
13.6894 13770
13.7246 13920
13.7272 14068
13.7296 14215
13.7323 14360
13.7676 14504
13.7701 14646
13.7725 14787
13.7752 14927
13.8105 15065
13.8129 15202
13.8154 15338
13.8178 15473
13.8202 15607
13.8546 15739
13.857 15870
13.8595 16000
13.8619 16129
13.8643 16257
13.8987 16384
13.9011 16510
13.9034 16635
13.9058 16759
13.9082 16882
13.9416 17004
13.944 17125
13.9464 17246
13.9488 17366
13.9512 17485
13.9844 17603
13.9869 17720
13.9893 17837
13.9917 17953
13.994 18068
13.9964 18182
14.0285 18296
14.031 18409
14.0333 18521
14.0357 18632
14.0381 18743
14.0406 18853
14.0726 18962
14.075 19071
14.0778 19179
14.0802 19287
14.0826 19394
14.085 19500
14.1155 19606
14.1179 19711
14.1207 19816
14.1235 19920
14.1259 20024
14.1283 20127
14.1588 20230
14.1612 20332
14.164 20433
14.1664 20534
14.1688 20634
14.1712 20734
14.2017 20834
14.2041 20933
14.2065 21032
14.2089 21130
14.2113 21228
14.2137 21325
14.216 21422
14.2462 21518
14.2486 21614
14.251 21709
14.2533 21804
14.2557 21899
14.2581 21993
14.2605 22087
14.2907 22180
14.293 22273
14.2954 22366
14.2978 22458
14.3002 22550
14.3026 22641
14.305 22732
14.3335 22823
14.3359 22913
14.3383 23003
14.3408 23093
14.3432 23182
14.3456 23271
14.348 23360
14.3764 23448
14.3788 23536
14.3812 23624
14.3837 23711
14.3889 23798
14.3913 23885
14.3937 23971
14.4205 24057
14.4229 24143
14.4253 24228
14.4278 24313
14.433 24398
14.4354 24482
14.4378 24566
14.4402 24650
14.4646 24734
14.467 24817
14.4694 24900
14.4719 24983
14.4771 25066
14.4795 25148
14.4818 25230
14.4842 25312
14.5075 25393
14.5099 25474
14.5123 25555
14.5148 25636
14.52 25716
14.5247 25796
14.5271 25876
14.5504 25956
14.5528 26035
14.5552 26114
14.5577 26193
14.5628 26272
14.5676 26350
14.57 26428
14.5724 26506
14.5933 26584
14.5957 26662
14.5981 26739
14.6005 26816
14.6029 26893
14.6069 26970
14.6117 27046
14.6141 27122
14.6165 27198
14.6374 27274
14.6398 27350
14.6422 27425
14.6446 27500
14.647 27575
14.651 27650
14.6558 27724
14.6582 27798
14.6606 27872
14.6814 27946
14.6839 28020
14.6863 28094
14.6887 28167
14.6911 28240
14.6939 28313
14.6987 28386
14.7011 28459
14.7035 28531
14.7268 28603
14.7292 28675
14.7316 28747
14.734 28819
14.7368 28890
14.7416 28961
14.744 29032
14.7464 29103
14.7697 29174
14.7721 29245
14.7745 29315
14.7768 29385
14.7792 29455
14.784 29525
14.7864 29595
14.7889 29665
14.7913 29734
14.8138 29803
14.8162 29872
14.8209 12960
14.8806 13120
14.9008 13278
14.9031 13434
14.9055 13588
14.9235 13740
14.9436 13890
14.946 14039
14.9484 14186
14.9663 14332
14.9865 14476
14.9889 14619
14.9913 14760
15.0092 14900
15.0294 15039
15.0318 15176
15.0342 15312
15.0366 15447
15.0533 15581
15.0735 15714
15.0759 15845
15.0783 15975
15.0807 16104
15.0974 16232
15.1176 16359
15.12 16485
15.1224 16610
15.1248 16734
15.1403 16857
15.1605 16980
15.1633 17102
15.1656 17223
15.168 17343
15.1832 17462
15.2034 17580
15.2065 17697
15.2089 17814
15.2113 17930
15.2137 18045
15.2273 18159
15.2475 18273
15.2506 18386
15.253 18498
15.2554 18610
15.2578 18721
15.2714 18831
15.2915 18941
15.2951 19050
15.2975 19158
15.2999 19266
15.3023 19373
15.3142 19480
15.3348 19586
15.338 19691
15.3404 19796
15.3428 19900
15.3452 20004
15.3571 20107
15.3781 20210
15.3809 20312
15.3833 20414
15.3857 20515
15.3881 20616
15.4 20716
15.4213 20816
15.4239 20915
15.4263 21014
15.4287 21112
15.4311 21210
15.4335 21307
15.4441 21404
15.4654 21500
15.468 21596
15.4716 21692
15.474 9360
15.5574 9581
15.5598 9797
15.5622 10008
15.6015 10215
15.6039 10417
15.6063 10616
15.6456 10811
15.648 11002
15.6516 11190
15.6921 2880
15.9925 3600
16.0366 4176
16.0807 4672
16.1248 5115
16.1677 5520
16.2118 5895
16.2563 2880
16.3421 3600
16.3861 4176
16.4302 4672
16.4743 5115
16.5172 5520
16.5601 5895
16.603 6246
16.6054 6577
16.6471 6892
16.6494 7192
16.6911 7480
16.6935 7757
16.7352 8024
16.7376 8282
16.7781 8532
16.7805 8775
16.821 9011
16.8234 9241
16.8258 9465
16.8651 9684
16.8675 9898
16.8699 10107
16.9095 10312
16.9119 10513
16.9143 10710
16.9524 10903
16.9548 11093
16.9572 11279
16.9953 11462
16.9977 11642
17.0001 11820
17.0382 11995
17.0406 12167
17.043 12337
17.0454 12505
17.0823 12670
17.0847 12833
17.0871 12994
17.0894 13153
17.1267 13310
17.1291 13465
17.1315 13618
17.1339 13770
17.17 13920
17.1724 14068
17.1748 14215
17.1772 14360
17.2129 14504
17.2153 14646
17.2177 14787
17.2201 14927
17.2561 15065
17.2585 15202
17.2609 15338
17.2633 15473
17.2657 15607
17.3002 15739
17.3026 15870
17.305 16000
17.3074 16129
17.3098 16257
17.3443 16384
17.3467 16510
17.3491 16635
17.3515 16759
17.3539 16882
17.3872 17004
17.3896 17125
17.392 17246
17.3944 17366
17.3968 17485
17.4301 17603
17.4325 17720
17.4349 17837
17.4373 17953
17.4396 18068
17.442 18182
17.4742 18296
17.4766 18409
17.479 18521
17.4837 7200
17.5695 2880
17.6553 3600
17.6994 4176
17.7436 4672
17.7877 5115
17.831 5520
17.8742 5895
17.9175 6246
17.9199 6577
17.962 6892
17.9644 7192
18.0065 7480
18.0089 7757
18.0509 8024
18.0533 8282
18.0938 8532
18.0962 8775
18.1367 9011
18.1415 9241
18.1808 9465
18.1856 9684
18.188 9898
18.2249 10107
18.2297 10312
18.2321 10513
18.269 10710
18.2726 10903
18.275 11093
18.3119 11279
18.3155 11462
18.3178 11642
18.3548 11820
18.3583 11995
18.3631 4320
18.4477 4800
18.4906 5232
18.5335 5628
18.5764 5996
18.6193 6341
18.6217 6668
18.6638 6978
18.6662 7275
18.7079 7560
18.7103 7834
18.7508 8098
18.7531 8354
18.7936 8602
18.796 8843
18.8365 9077
18.8389 9305
18.8413 9527
18.8806 9744
18.883 9956
18.8854 10164
18.9247 10368
18.9271 10568
18.9295 10764
18.9676 10956
18.97 11145
18.9724 11331
19.0105 11514
19.0129 11694
19.0153 11871
19.0534 12045
19.0558 12217
19.0581 12386
19.0605 12553
19.0975 12718
19.1011 12881
19.1034 4320
19.2751 4800
19.318 5232
19.3608 5628
19.4037 5996
19.4466 6341
19.449 6668
19.4907 6978
19.4931 7275
19.5348 7560
19.5372 7834
19.5781 8098
19.5805 8354
19.621 8602
19.6234 8843
19.6639 9077
19.6663 9305
19.6686 9527
19.7083 9744
19.7107 9956
19.7131 10164
19.7528 10368
19.7552 10568
19.7576 10764
19.7961 10956
19.7985 11145
19.8009 11331
19.839 11514
19.8414 11694
19.8438 11871
19.8819 12045
19.8843 12217
19.8891 4320
20.8843 1440
21.1701 2880
21.2142 3600
21.2583 4176
21.3024 4672
21.3465 5115
21.3894 5520
21.4323 5895
21.4752 6246
21.4775 6577
21.5192 6892
21.5216 7192
21.5633 7480
21.5657 7757
21.6074 8024
21.6098 8282
21.6505 8532
21.6529 8775
21.6934 9011
21.6958 9241
21.6982 9465
21.7375 9684
21.7399 9898
21.7423 10107
21.7816 10312
21.784 10513
21.7864 10710
21.8245 10903
21.8269 11093
21.8293 11279
21.8674 11462
21.8698 11642
21.8738 11820
21.9115 4320
22.1976 4800
22.2417 5232
22.2846 5628
22.3275 5996
22.3709 6341
22.3733 6668
22.4178 2880
22.5042 3600
22.5487 4176
22.5931 4672
22.6372 5115
22.6801 5520
22.723 5895
22.7659 6246
22.7683 6577
22.8102 6892
22.8126 7192
22.8543 7480
22.8567 7757
22.8984 8024
22.9008 8282
22.9413 8532
22.9437 8775
22.9842 9011
22.9866 9241
22.989 9465
23.0283 9684
23.0307 9898
23.033 10107
23.0723 10312
23.0747 10513
23.0771 10710
23.1152 10903
23.1176 11093
23.1203 11279
23.1581 11462
23.1605 11642
23.1636 11820
23.201 11995
23.2034 12167
23.2058 12337
23.2082 12505
23.2455 12670
23.2479 12833
23.2503 12994
23.2527 13153
23.29 13310
23.2924 13465
23.2947 13618
23.2971 13770
23.3328 13920
23.3352 14068
23.3376 14215
23.34 14360
23.3757 14504
23.3796 14646
23.382 5760
23.4666 6120
23.469 6458
23.5107 6779
23.5131 7084
23.5548 7376
23.5572 7657
23.5989 7927
23.6013 8188
23.6418 8441
23.6442 8686
23.6847 8924
23.6871 9156
23.6895 9382
23.7288 9603
23.7311 9818
23.7335 10029
23.7728 10235
23.7776 10437
23.8169 10635
23.8205 10829
23.8229 11020
23.8598 11208
23.8634 11393
23.866 11575
23.9027 11754
23.9093 4320
23.9936 4800
24.0365 5232
24.0795 5628
24.1223 5996
24.1652 6341
24.1676 6668
24.2093 6978
24.2117 7275
24.2534 7560
24.2558 7834
24.2963 8098
24.2987 8354
24.3392 8602
24.3416 8843
24.3845 9077
24.3869 2880
24.4751 3600
24.5191 4176
24.5632 4672
24.6073 5115
24.6502 5520
24.6931 5895
24.736 6246
24.7384 6577
24.7801 6892
24.7825 7192
24.8241 7480
24.8265 7757
24.8682 8024
24.8706 8282
24.9111 8532
24.9135 8775
24.954 9011
24.9566 9241
24.959 9465
24.9981 9684
25.0007 9898
25.0031 10107
25.0422 10312
25.0448 10513
25.0471 10710
25.0851 10903
25.0876 11093
25.09 11279
25.128 11462
25.1305 11642
25.1329 11820
25.1708 11995
25.1734 12167
25.1758 12337
25.1782 12505
25.2149 12670
25.2175 12833
25.2199 12994
25.2223 13153
25.259 13310
25.2616 13465
25.264 13618
25.2664 13770
25.3019 13920
25.3045 14068
25.3069 14215
25.3105 14360
25.346 5040
25.4306 5451
25.4735 5831
25.5164 6186
25.5188 6521
25.5605 6838
25.6046 7141
25.6486 7431
25.651 7710
25.6929 7978
25.6953 8237
25.7358 8488
25.7382 8732
25.7787 8969
25.7811 9200
25.7835 9425
25.8251 9645
25.8275 9859
25.8692 10069
25.8716 10274
25.874 10475
25.9133 10672
25.9157 10866
25.9181 11056
25.9562 11243
25.9586 11427
25.961 11608
25.9991 11786
26.0015 11961
26.0042 12134
26.0066 12304
26.0432 12472
26.0456 12638
26.0484 12802
26.0508 12963
26.0873 13122
26.0897 13280
26.0925 13436
26.0949 13590
26.1305 13742
26.1329 13892
26.1354 14041
26.1378 14188
26.1762 5040
26.3052 5451
26.348 5831
26.3909 6186
26.3933 6521
26.435 6838
26.4374 7141
26.4791 7431
26.4815 7710
26.5236 7978
26.526 8237
26.5669 8488
26.5692 8732
26.6101 8969
26.6125 9200
26.6149 9425
26.6542 9645
26.6566 9859
26.659 10069
26.6983 10274
26.7009 10475
26.7033 10672
26.7424 10866
26.7448 11056
26.7472 11243
26.7853 11427
26.7877 11608
26.7901 11786
26.8283 11961
26.8319 12134
26.8343 4320
26.9201 4800
26.963 5232
27.0071 5628
27.0512 2880
27.1369 3600
27.181 4176
27.2251 4672
27.2692 5115
27.3121 5520
27.3554 5895
27.399 6246
27.4014 6577
27.4435 6892
27.4459 7192
27.488 7480
27.4904 7757
27.532 8024
27.5344 8282
27.5749 8532
27.5773 8775
27.6178 9011
27.6202 9241
27.6226 9465
27.6619 9684
27.6643 9898
27.6667 10107
27.706 10312
27.7096 10513
27.712 3600
27.799 4176
27.8431 4672
27.8872 5115
27.93 5520
27.9729 5895
28.0158 6246
28.0182 6577
28.0599 6892
28.0623 7192
28.104 7480
28.1064 7757
28.1481 8024
28.1506 8282
28.191 8532
28.1939 8775
28.2339 9011
28.2367 9241
28.2391 9465
28.2808 2880
28.3666 3600
28.4107 4176
28.4548 4672
28.4989 5115
28.5418 5520
28.5847 5895
28.6276 6246
28.6729 2880
28.7587 3600
28.8027 4176
28.8468 4672
28.8909 5115
28.9338 5520
28.9767 5895
29.0196 6246
29.022 6577
29.0637 6892
29.0661 7192
29.1078 7480
29.1101 7757
29.1518 8024
29.1542 8282
29.1947 8532
29.1971 8775
29.2376 9011
29.2424 9241
29.2817 9465
29.2865 9684
29.2889 9898
29.3262 10107
29.3306 10312
29.333 10513
29.3703 10710
29.3735 10903
29.3759 11093
29.4131 11279
29.4164 11462
29.4561 3600
29.5418 4176
29.5859 4672
29.63 5115
29.673 5520
29.7159 5895
29.7587 6246
29.7611 6577
29.8028 6892
29.8052 7192
29.8469 7480
29.8493 7757
29.891 8024
29.8934 8282
29.9342 8532
29.9366 8775
29.9775 9011
29.9799 9241
29.9823 9465
30.0221 9684
30.0245 9898
30.0269 10107
30.0662 10312
30.0686 10513
30.071 10710
