0.140217 0.04
0.183149 0.040375
0.227234 0.0408281
0.271319 0.0412246
0.314209 0.0469465
0.316599 0.0467032
0.358293 0.0463653
0.360684 0.0463196
0.363074 0.0464047
0.402378 0.0461041
0.404769 0.0460911
0.407159 0.0462047
0.409549 0.0461791
0.445268 0.0506567
0.44804 0.0500746
0.450431 0.0495653
0.452821 0.0493696
0.455212 0.0491984
0.457602 0.0490486
0.488157 0.0527926
0.490548 0.0518185
0.492938 0.0508412
0.495328 0.050361
0.497719 0.0499409
0.500109 0.0496983
0.5025 0.049736
0.50489 0.049644
0.50728 0.0496885
0.531047 0.0527274
0.533437 0.0517615
0.535828 0.0509163
0.538218 0.0505518
0.540608 0.0502328
0.542999 0.0498287
0.54549 0.0498501
0.54788 0.0498688
0.550271 0.0498852
0.552661 0.0501496
0.555052 0.0505059
0.557442 0.0508177
0.559832 0.0513404
0.562223 0.0517979
0.575514 0.0508232
0.577904 0.0502203
0.580295 0.0498177
0.582685 0.0494655
0.585076 0.0495323
0.589856 0.0494658
0.592247 0.0497826
0.594637 0.0500597
0.597028 0.0503023
0.599418 0.0507645
0.601808 0.0511689
0.604199 0.0515228
0.606589 0.0520825
0.60898 0.0525721
0.61137 0.0530006
0.61376 0.0536256
0.616151 0.0542974
0.618541 0.0548852
0.620932 0.0556495
0.623322 0.0563183
0.625712 0.0555286
0.628103 0.0552125
0.630493 0.0549359
0.632884 0.0545689
0.635274 0.0546228
0.637664 0.05467
0.640055 0.0547112
0.642445 0.0549973
0.644836 0.0549976
0.647226 0.0553729
0.740159 0.0539513
0.74255 0.0527074
0.74494 0.051619
0.747331 0.0506666
0.750931 0.0499583
0.820115 0.0492135
0.822505 0.0485618
0.828368 0.0481166
0.830759 0.047727
0.833149 0.0475111
0.83554 0.0471972
0.83793 0.0467976
0.84032 0.0464479
0.864224 0.0461419
0.866615 0.0458742
0.872591 0.0456399
0.874981 0.0454349
0.877371 0.0452555
0.879762 0.0450986
0.882152 0.0450863
0.884543 0.0449505
0.908447 0.0448317
0.910837 0.0449777
0.915618 0.0454805
0.918008 0.0455454
0.920399 0.0456023
0.922789 0.045527
0.925179 0.0455861
0.92757 0.0455128
0.951474 0.0481987
0.953864 0.0477989
0.958645 0.047824
0.961035 0.047596
0.963426 0.0472715
0.965816 0.0469876
0.968207 0.0468641
0.970597 0.0466311
0.994501 0.0491772
1.05665 0.0485301
1.08056 0.0507138
1.08295 0.0498746
1.08534 0.0491403
1.10087 0.0484977
1.12478 0.0479355
1.12717 0.0475686
1.12956 0.0471225
1.1451 0.0468572
1.169 0.046625
1.17139 0.0462969
1.17378 0.0460098
1.18932 0.0457586
1.21203 0.0484137
1.21442 0.047987
1.21721 0.0477387
1.23235 0.0491463
1.25505 0.051253
1.25744 0.0504714
1.2601 0.0499125
1.27537 0.0509234
1.29808 0.052808
1.30047 0.051832
1.30286 0.050978
1.30525 0.0502307
1.31999 0.0494519
1.3427 0.0487704
1.34509 0.0482991
1.34748 0.0478867
1.34987 0.0474009
1.36408 0.0471008
1.38679 0.0467132
1.38918 0.046374
1.39157 0.0460773
1.39396 0.0460676
1.40724 0.0475592
1.42968 0.0497393
1.43207 0.0492719
1.43446 0.0487379
1.43734 0.0483956
1.45014 0.0494712
1.47264 0.0514123
1.47503 0.0507358
1.47742 0.0500188
1.48062 0.0495164
1.48301 0.0490769
1.49422 0.0484423
1.51672 0.047887
1.51911 0.0474011
1.52151 0.046976
1.52591 0.046729
1.6118 0.0466379
1.61419 0.0463081
1.65493 0.0497696
1.65732 0.0492984
1.69821 0.0536361
1.7006 0.0526816
1.74149 0.0565964
1.74629 0.0555218
1.87138 0.0540816
1.91547 0.0528214
1.95955 0.0517187
2.00402 0.0508789
2.04691 0.055394
2.0898 0.0590948
2.13269 0.0624579
2.13508 0.0604007
2.17678 0.0583506
2.17917 0.0565568
2.22086 0.0549872
2.22325 0.0536138
2.26494 0.0524121
2.26734 0.0517355
2.30783 0.0557686
2.31022 0.0545475
2.35072 0.0581041
2.35311 0.0565911
2.3555 0.0551422
2.39519 0.0538744
2.39758 0.0526401
2.39997 0.0515601
2.43967 0.0506151
2.44206 0.0499132
2.44445 0.049299
2.48295 0.0535117
2.48534 0.0525727
2.48773 0.0516261
2.52623 0.0554229
2.52862 0.054245
2.53101 0.0532144
2.56951 0.0568126
2.5719 0.055336
2.57429 0.054169
2.57668 0.0530229
2.61398 0.051895
2.61637 0.0510331
2.61876 0.050154
2.62115 0.0495097
2.65807 0.048946
2.66046 0.0483278
2.66285 0.0477868
2.66524 0.0476885
2.70096 0.0516024
2.70335 0.0507771
2.70574 0.050055
2.70813 0.0495481
2.74385 0.0531046
2.74624 0.0522165
2.74901 0.0514394
2.7514 0.0507595
2.78674 0.0541646
2.78913 0.053144
2.79152 0.052126
2.79391 0.0511102
2.7963 0.0503465
2.83082 0.0495532
2.83321 0.048859
2.8356 0.0482516
2.83799 0.0477202
2.84038 0.0472552
2.87529 0.0469733
2.87768 0.0466016
2.88007 0.0466514
2.88246 0.046695
2.88485 0.0467331
2.91818 0.0506415
2.92096 0.0499363
2.92335 0.0494442
2.92574 0.0488887
2.92813 0.0485276
2.96107 0.0520867
2.96385 0.0512008
2.96624 0.0505507
2.96863 0.0498569
2.97119 0.0493748
2.97399 0.0488279
3.00515 0.0482244
3.00793 0.0476964
3.01032 0.0472343
3.01271 0.04683
3.01528 0.0464763
3.01808 0.0462918
3.04924 0.0460053
3.05202 0.0458796
3.05441 0.0456447
3.0568 0.0454391
3.05936 0.0452592
3.06175 0.0453518
3.09213 0.0489328
3.17911 0.0483162
3.18207 0.0479017
3.22221 0.052164
3.22496 0.0512685
3.2651 0.0552349
3.26749 0.0539556
3.26988 0.0528361
3.30949 0.0517316
3.31188 0.0507651
3.31427 0.0500445
3.35358 0.0492889
3.35597 0.0486278
3.35836 0.0480493
3.39647 0.0522932
3.39886 0.0513815
3.40125 0.0507088
3.43936 0.0544952
3.44203 0.0534333
3.44452 0.0525042
3.48225 0.0560661
3.48464 0.0546829
3.48703 0.0534725
3.48942 0.0524134
3.52633 0.0513618
3.52872 0.0504415
3.53111 0.0496364
3.5335 0.0489318
3.57042 0.0483153
3.57281 0.0477759
3.5752 0.0473039
3.57759 0.0471409
3.61331 0.0512483
3.6157 0.0504673
3.61809 0.0499089
3.62048 0.0492953
3.6562 0.0530084
3.65859 0.0520073
3.66098 0.0511314
3.66337 0.050365
3.66576 0.0496943
3.70028 0.0489826
3.70267 0.0483597
3.70506 0.0479398
3.70746 0.0474473
3.70985 0.0470164
3.74437 0.0466393
3.74676 0.0463094
3.74915 0.0460207
3.75154 0.0457681
3.75393 0.0455471
3.78845 0.0453537
3.79084 0.0454345
3.79323 0.0456302
3.79562 0.0456764
3.79802 0.0458419
3.83134 0.0498616
3.83373 0.0492539
3.83612 0.0488472
3.83851 0.0483663
3.8409 0.0479455
3.87423 0.0514523
3.87662 0.0506458
3.87901 0.0500651
3.8814 0.0494319
3.88379 0.0488779
3.88618 0.0485182
3.91832 0.0479534
3.92071 0.0474592
3.9231 0.0470268
3.9267 0.0467735
4.01369 0.0464268
4.01608 0.0462484
4.05658 0.0507174
4.05897 0.0500027
4.09947 0.0541274
4.10186 0.0529865
4.10425 0.0521131
4.14355 0.051099
4.14594 0.0502116
4.14844 0.0494352
4.18764 0.0487558
4.19003 0.0482863
4.19292 0.0477505
4.23053 0.0520317
4.23292 0.0511527
4.23581 0.0503836
4.2738 0.0542107
4.27619 0.0531844
4.2787 0.0522863
4.31708 0.0560005
4.31947 0.0547505
4.32186 0.0535316
4.32425 0.0525902
4.36155 0.0515164
4.36394 0.0505769
4.36633 0.0498798
4.36872 0.0491448
4.40603 0.0486267
4.40842 0.0481734
4.41081 0.0476517
4.4132 0.0475702
4.44892 0.0516239
4.45131 0.0507959
4.4537 0.0500715
4.45621 0.0495625
4.49188 0.0531172
4.49428 0.0522276
4.49667 0.0513241
4.4991 0.0506586
4.50149 0.0499513
4.53597 0.0492074
4.53836 0.0485564
4.54075 0.0479869
4.54319 0.0474885
4.54558 0.0470525
4.58005 0.0467959
4.58244 0.0464464
4.58484 0.0461406
4.58729 0.045873
4.58968 0.0456389
4.62414 0.045434
4.62653 0.0455048
4.62892 0.0455667
4.63131 0.0457458
4.6337 0.0457776
4.66703 0.0498054
4.66942 0.0492047
4.67181 0.0486791
4.6742 0.0483443
4.67659 0.0479262
4.70992 0.0514354
4.71235 0.050631
4.71474 0.0499271
4.71713 0.0494362
4.71952 0.0488817
4.72191 0.0483965
4.754 0.0479719
4.75643 0.0474754
4.75882 0.047041
4.76121 0.0466609
4.7636 0.0463283
4.766 0.0460372
4.79809 0.0457826
4.80052 0.0455598
4.80291 0.0453648
4.8053 0.0451942
4.80769 0.0452949
4.81008 0.0455081
4.84098 0.0491945
4.84341 0.0486702
4.8458 0.0482114
4.84819 0.047935
4.85058 0.0475681
4.85297 0.0472471
4.88387 0.0504662
4.8863 0.049908
4.88869 0.0492945
4.89108 0.0488826
4.89347 0.0483973
4.89624 0.0480977
4.89863 0.0478354
4.92795 0.047356
4.93038 0.0469365
4.93277 0.0465694
4.93516 0.0462483
4.93755 0.0459672
4.94072 0.0457213
4.94311 0.0456312
4.97204 0.0455523
4.97447 0.0453582
4.97686 0.0451885
4.97925 0.0450399
4.98164 0.0449099
4.9848 0.0447962
5.01493 0.0480716
5.01736 0.0476877
5.02013 0.0474767
5.02252 0.0472921
5.02491 0.0470056
5.02808 0.0470049
5.05782 0.0502543
5.06021 0.0497225
5.06261 0.0495072
5.065 0.0493188
5.06739 0.0490289
5.0698 0.0487753
5.07219 0.0486784
5.10071 0.0515936
5.1031 0.0508944
5.1055 0.0501576
5.10789 0.0495129
5.11028 0.0489488
5.11267 0.0484552
5.11506 0.0481483
5.11745 0.0477548
5.14479 0.0472854
5.14758 0.0468747
5.14997 0.0465154
5.15236 0.046326
5.15475 0.0460352
5.15714 0.0459058
5.15953 0.0456676
5.16192 0.0454591
5.18896 0.0452767
5.19166 0.0451172
5.19405 0.0451025
5.19644 0.0449647
5.19896 0.0448441
5.20135 0.0451136
5.20374 0.0452244
5.20613 0.0454463
5.23185 0.0485156
5.23494 0.0482011
5.23733 0.047926
5.23972 0.0475602
5.24224 0.0473652
5.24463 0.0471945
5.24702 0.0470452
5.24941 0.0469146
5.27474 0.0495502
5.27822 0.0492315
5.28061 0.0488275
5.283 0.0484741
5.2854 0.0481648
5.28779 0.0477692
5.29018 0.0475481
5.29257 0.0472296
5.29496 0.0469509
5.31911 0.046707
5.3227 0.0463686
5.32509 0.0461976
5.32748 0.0459229
5.32987 0.0456825
5.33226 0.0455972
5.33465 0.0453975
5.33704 0.0453478
5.33943 0.0453044
5.36359 0.0451413
5.36678 0.0449987
5.36917 0.0448738
5.37156 0.0447646
5.37396 0.044669
5.37648 0.0445854
5.37887 0.0445122
5.38126 0.0444482
5.38365 0.0446422
5.40648 0.0474369
5.41007 0.0473823
5.41255 0.0472095
5.41494 0.0469333
5.41733 0.0468166
5.41972 0.0467146
5.42211 0.0466252
5.4245 0.0465471
5.42689 0.0463537
5.44937 0.0488095
5.45296 0.0484583
5.45583 0.048026
5.45822 0.0477728
5.46061 0.0475512
5.463 0.0472323
5.46539 0.0470782
5.46778 0.0468185
5.47017 0.0467161
5.49265 0.0491266
5.49504 0.0487358
5.49743 0.0482688
5.49991 0.0477352
5.5023 0.0472683
5.50469 0.0468598
5.50708 0.0466273
5.50947 0.0462989
5.51186 0.0460115
5.51425 0.0457601
5.53678 0.0455401
5.53917 0.0453476
5.5416 0.0451791
5.544 0.0450317
5.54639 0.0449028
5.54878 0.0447899
5.55117 0.0446912
5.55356 0.0446048
5.55595 0.0445292
5.55834 0.044463
5.58125 0.0445302
5.58364 0.0444639
5.58603 0.0447809
5.58842 0.0450583
5.59081 0.045301
5.5932 0.0455134
5.5956 0.0456992
5.59799 0.0457368
5.60038 0.0458947
5.60277 0.0460329
5.62414 0.0485288
5.62653 0.0480877
5.62928 0.0478267
5.63167 0.0474734
5.63406 0.0472892
5.63645 0.047128
5.63884 0.046862
5.64123 0.0467543
5.64362 0.04666
5.64601 0.0465775
5.66703 0.0488803
5.66942 0.0483953
5.67256 0.0480959
5.67495 0.0477089
5.67734 0.0474953
5.67973 0.0471834
5.68212 0.0470354
5.68451 0.046906
5.6869 0.0466678
5.68929 0.0465843
5.70994 0.0486363
5.77695 0.0481817
5.79576 0.049909
5.79815 0.0491704
5.81545 0.0503991
5.81784 0.0497242
5.82023 0.0492587
5.83865 0.0508513
5.84104 0.0502449
5.85834 0.0514643
5.86203 0.0506563
5.86442 0.0498242
5.88273 0.0490962
5.88513 0.0484592
5.90243 0.0479018
5.9065 0.0474141
5.90889 0.0469873
5.92562 0.0487389
5.92801 0.0483965
5.94532 0.049847
5.94955 0.0494911
5.95301 0.0491797
6.04075 0.0485322
6.05552 0.0479657
6.08484 0.04747
6.0996 0.0470362
6.12892 0.0466567
6.14249 0.0480746
6.17181 0.0510653
6.18538 0.0518071
6.2147 0.0543312
6.22827 0.0546648
6.23066 0.0534567
6.25878 0.0522746
6.27236 0.0512403
6.27475 0.0503353
6.30287 0.0495434
6.31644 0.0488504
6.31883 0.0482441
6.34695 0.0477136
6.35933 0.0488744
6.36332 0.0486401
6.47685 0.0480601
6.52093 0.0475526
6.56502 0.0472335
6.60791 0.0522043
6.65118 0.0564288
6.69407 0.0602502
6.69646 0.0583439
6.73815 0.0565509
6.74054 0.0549821
6.78224 0.0536093
6.78463 0.0524081
6.82632 0.0513571
6.82871 0.0506875
6.86921 0.0549765
6.87198 0.0537295
6.9121 0.0575133
6.91487 0.0559491
6.91726 0.0547055
6.95657 0.0533673
6.96016 0.0524464
7.21397 0.0565156
7.25805 0.0550761
7.30214 0.0536916
7.34622 0.0524802
7.38911 0.0567951
7.432 0.0603208
7.47489 0.0634057
7.47728 0.0612299
7.51897 0.0590762
7.52136 0.0571917
7.56306 0.0556677
7.56545 0.0542093
7.60714 0.0529331
7.60953 0.0520665
7.65003 0.0561832
7.65242 0.0547853
7.69292 0.0583121
7.69531 0.0566481
7.6977 0.0551921
7.73701 0.0539181
7.7394 0.0526783
7.74179 0.0515935
7.78109 0.0506443
7.78348 0.0498138
7.78587 0.0490871
7.82398 0.0532012
7.82637 0.052176
7.82876 0.051279
7.86687 0.0549941
7.86926 0.0538699
7.87175 0.0527611
7.90976 0.056291
7.91215 0.0550046
7.91454 0.053754
7.91693 0.0526598
7.95385 0.0515773
7.95624 0.0506302
7.95863 0.0498014
7.96102 0.0492012
7.99831 0.0486761
8.0007 0.0480915
8.00309 0.0477051
8.00548 0.047617
8.04159 0.0516648
8.04398 0.0508317
8.04637 0.0502278
8.04876 0.0495743
8.08487 0.0532525
8.08726 0.0523459
8.08965 0.0515527
8.09204 0.0508586
8.12815 0.0545013
8.13054 0.0534386
8.13293 0.0523838
8.13532 0.0515858
8.13771 0.0507626
8.17224 0.0499173
8.17463 0.0491776
8.17702 0.0486554
8.17941 0.0480735
8.1818 0.0475643
8.21632 0.0471188
8.21871 0.0467289
8.2211 0.0467628
8.22349 0.0466674
8.22588 0.046584
8.25921 0.050511
8.2616 0.0498221
8.26399 0.0492194
8.26638 0.0486919
8.26877 0.0482305
8.3021 0.0518266
8.30449 0.0509733
8.30688 0.0502266
8.30927 0.0496983
8.31166 0.049111
8.31405 0.0487221
8.34619 0.0481319
8.34858 0.0476154
8.35097 0.0471635
8.35336 0.046768
8.35575 0.046422
8.35814 0.0461193
8.39027 0.0458544
8.39266 0.0456226
8.39505 0.0455447
8.39744 0.0453517
8.39983 0.0451827
8.40222 0.0454099
8.43316 0.0491086
8.43555 0.048595
8.43794 0.0481457
8.44033 0.0477525
8.44272 0.0474084
8.44511 0.0472323
8.47605 0.0505783
8.47844 0.049881
8.48083 0.0492709
8.48322 0.048862
8.48561 0.0483793
8.488 0.0480819
8.51894 0.0511966
8.52133 0.0504221
8.52372 0.0497443
8.52611 0.0492763
8.5285 0.0487417
8.53089 0.048274
8.53328 0.0478648
8.56303 0.0475067
8.56542 0.0470683
8.56781 0.0466848
8.5702 0.0463492
8.57259 0.0460555
8.57498 0.0457986
8.57737 0.0455738
8.60711 0.045377
8.6095 0.0452049
8.61189 0.0453043
8.61428 0.0455163
8.6168 0.0455767
8.61919 0.0457546
8.62279 0.0460353
8.70657 0.0457809
8.71015 0.0455583
8.737 0.0454885
8.75105 0.0454274
8.75449 0.045249
8.78109 0.0450929
8.79552 0.0449563
8.79792 0.0450867
8.82433 0.0482009
8.92697 0.0476758
8.97114 0.0473413
9.01523 0.0469236
9.05812 0.0519332
9.10101 0.0561915
9.1439 0.0597926
9.14629 0.0579435
9.18798 0.0562006
9.19037 0.0546755
9.23207 0.0534661
9.23446 0.0522828
9.27615 0.0512475
9.27854 0.0505915
9.31904 0.0548926
9.32155 0.053656
9.36193 0.057324
9.36444 0.0557835
9.36683 0.0544356
9.40614 0.0532561
9.40853 0.0520991
9.41092 0.0510867
9.45022 0.0502009
9.45261 0.0494258
9.455 0.0488725
9.49311 0.0531385
9.4955 0.0521212
9.49789 0.051231
9.536 0.0549521
9.53839 0.0537081
9.54078 0.0526196
9.57889 0.0561672
9.58128 0.0547713
9.58367 0.0535499
9.58606 0.0526061
9.62298 0.0515304
9.62537 0.0505891
9.62776 0.0497654
9.63015 0.0490447
9.66706 0.0485392
9.66945 0.0479718
9.67184 0.0474753
9.67423 0.0474159
9.70995 0.0513639
9.71234 0.0505684
9.71712 0.0499974
9.75284 0.0534977
9.75523 0.0525605
9.76001 0.0519904
9.7624 0.0511166
9.79573 0.054477
9.79812 0.0534174
9.80051 0.0523652
9.8041 0.0513196
9.80649 0.0504046
9.83981 0.049604
9.8422 0.0489035
9.8446 0.0482906
9.84818 0.0477543
9.85057 0.047285
9.8839 0.0468744
9.88629 0.0465151
9.88868 0.0462007
9.89107 0.0463006
9.89346 0.046138
9.92679 0.0498708
9.92918 0.0493869
9.93157 0.0488386
9.93396 0.0483587
9.93635 0.0479389
9.96968 0.0514465
9.97207 0.0507657
9.97446 0.050045
9.97685 0.0494144
9.97924 0.0489876
9.98163 0.0484891
10.0138 0.047928
10.0162 0.047437
10.0185 0.0470074
10.0209 0.0466314
10.0233 0.0463025
10.0257 0.0460147
10.0578 0.0457629
10.0602 0.0455425
10.0626 0.0453497
10.065 0.045306
10.0674 0.0451427
10.0698 0.0449999
10.1007 0.0487499
10.1031 0.0484062
10.1055 0.0479804
10.1079 0.0476078
10.1103 0.0472819
10.1127 0.0469966
10.1436 0.0503721
10.146 0.0498255
10.1484 0.0492223
10.1508 0.0486946
10.1532 0.0483577
10.156 0.048063
10.2429 0.0475551
10.2723 0.0506107
10.2747 0.0497844
10.3152 0.0526864
10.4053 0.0517256
10.4494 0.0507599
10.4935 0.0499149
10.5376 0.0491755
10.5804 0.0539036
10.6233 0.0579156
10.6662 0.0614262
10.6686 0.0593729
10.7106 0.0574513
10.713 0.0558949
10.7547 0.054408
10.7571 0.053107
10.7988 0.0519686
10.8012 0.0513476
10.8417 0.0554291
10.8441 0.0542505
10.8846 0.0578442
10.887 0.0562386
10.8894 0.0548338
10.9287 0.0534796
10.9311 0.0524196
10.9334 0.0513672
10.974 0.0505713
11.0633 0.0497499
11.1074 0.0490311
11.1518 0.0484022
11.1947 0.053227
11.2379 0.0573236
11.2812 0.0610331
11.2836 0.059154
11.3257 0.0572597
11.3281 0.0557273
11.3698 0.0542614
11.3722 0.0529787
11.4139 0.0518564
11.4162 0.0512493
11.4567 0.0553432
11.4591 0.0541753
11.4996 0.0577783
11.502 0.0563061
11.5044 0.0548928
11.5437 0.0535312
11.5461 0.0523398
11.5485 0.0512973
11.5878 0.0503852
11.5902 0.049587
11.5926 0.0488886
11.6307 0.0530276
11.6331 0.0521491
11.6367 0.0513805
11.761 0.0504579
11.8051 0.0497757
11.8491 0.0490537
11.892 0.053797
11.9349 0.0576974
11.9778 0.0611102
11.9802 0.0592214
12.0219 0.0573187
12.0243 0.0556539
12.066 0.0541972
12.0684 0.0529225
12.1101 0.0519322
12.1125 0.0513157
12.153 0.0554012
12.1553 0.0541011
12.1958 0.0577134
12.1982 0.0562493
12.2007 0.0548431
12.2399 0.0534877
12.2423 0.0523017
12.2447 0.051264
12.284 0.050481
12.2888 0.0496709
12.3269 0.053712
12.3317 0.052873
12.3341 0.0520139
12.3698 0.0556372
12.3746 0.0546825
12.377 0.0535972
12.4127 0.0566475
12.4175 0.0555666
12.4211 0.0544958
12.5093 0.0531838
12.5522 0.0532858
12.5951 0.0573751
12.638 0.0608282
12.6808 0.0638497
12.6832 0.0616185
12.7249 0.0594162
12.7273 0.0574891
12.769 0.055928
12.8977 0.059187
12.9418 0.0572886
12.9859 0.0556275
13.03 0.0541741
13.0728 0.0582773
13.1157 0.0617427
13.1586 0.0647748
13.1612 0.062428
13.2027 0.0601245
13.2056 0.0581089
13.2468 0.0563453
13.2496 0.0548021
13.2909 0.0534519
13.2935 0.0526454
13.3338 0.0565647
13.3364 0.0552441
13.3767 0.0587136
13.3793 0.0571244
13.3817 0.0556089
13.4208 0.0541577
13.4234 0.052888
13.4258 0.051777
13.4649 0.0508049
13.4675 0.0499543
13.4699 0.04921
13.5078 0.0533087
13.5104 0.0523952
13.5127 0.0514708
13.5507 0.0551619
13.5532 0.0540167
13.5556 0.0528896
13.5936 0.0564034
13.5961 0.055103
13.5985 0.0538401
13.6009 0.0527351
13.6377 0.0516432
13.6402 0.0506878
13.6426 0.0498518
13.645 0.0492453
13.6818 0.0485897
13.6843 0.048016
13.6867 0.047514
13.6894 0.0474497
13.7246 0.0513935
13.7272 0.0507193
13.7296 0.0500044
13.7323 0.0495039
13.7676 0.0530659
13.7701 0.0521826
13.7725 0.0512848
13.7752 0.0506242
13.8105 0.0540462
13.8129 0.0529154
13.8154 0.051926
13.8178 0.0510602
13.8202 0.0503027
13.8546 0.0495149
13.857 0.0488255
13.8595 0.0482223
13.8619 0.0476945
13.8643 0.0472327
13.8987 0.0468286
13.9011 0.0466
13.9034 0.04665
13.9058 0.0465688
13.9082 0.0466227
13.9416 0.0504198
13.944 0.0497424
13.9464 0.0491496
13.9488 0.0486309
13.9512 0.048302
13.9844 0.0517643
13.9869 0.0509187
13.9893 0.0503039
13.9917 0.0496409
13.994 0.0491858
13.9964 0.0486626
14.0285 0.0480797
14.031 0.0475698
14.0333 0.0471236
14.0357 0.0467331
14.0381 0.0463915
14.0406 0.0460925
14.0726 0.045831
14.075 0.0457271
14.0778 0.0455112
14.0802 0.0454473
14.0826 0.0452664
14.085 0.0453581
14.1155 0.0490633
14.1179 0.0485554
14.1207 0.048111
14.1235 0.0478471
14.1259 0.0474912
14.1283 0.0473048
14.1588 0.0506417
14.1612 0.0500615
14.164 0.0495538
14.1664 0.0491096
14.1688 0.0485959
14.1712 0.0482714
14.2017 0.0513625
14.2041 0.0506922
14.2065 0.0499806
14.2089 0.0493581
14.2113 0.0488133
14.2137 0.0483366
14.216 0.0479196
14.2462 0.0475546
14.2486 0.0471103
14.251 0.0467215
14.2533 0.0465063
14.2557 0.046193
14.2581 0.0460439
14.2605 0.0457884
14.2907 0.0455649
14.293 0.0454942
14.2954 0.0456825
14.2978 0.0458472
14.3002 0.0459913
14.3026 0.0461174
14.305 0.0461027
14.3335 0.0494648
14.3359 0.0489067
14.3383 0.0484184
14.3408 0.0479911
14.3432 0.0477422
14.3456 0.0473994
14.348 0.0472245
14.3764 0.0503214
14.3788 0.0496563
14.3812 0.0491992
14.3837 0.0486743
14.3889 0.048215
14.3913 0.0479382
14.3937 0.0475709
14.4205 0.0471245
14.4229 0.046734
14.4253 0.0463922
14.4278 0.0460932
14.433 0.0458315
14.4354 0.0459776
14.4378 0.0459804
14.4402 0.0461078
14.4646 0.0458444
14.467 0.0456138
14.4694 0.0454121
14.4719 0.0452356
14.4771 0.0452061
14.4795 0.0450554
14.4818 0.0451734
14.4842 0.0454018
14.5075 0.0481015
14.5099 0.0477138
14.5123 0.0474996
14.5148 0.0471872
14.52 0.0472888
14.5247 0.0470027
14.5271 0.0468773
14.5504 0.0492677
14.5528 0.0487342
14.5552 0.0483924
14.5577 0.0479684
14.5628 0.0479723
14.5676 0.0479758
14.57 0.0477288
14.5724 0.0477627
14.5933 0.0500424
14.5957 0.0494121
14.5981 0.0489856
14.6005 0.0484874
14.6029 0.0480514
14.6069 0.047545
14.6117 0.0471019
14.6141 0.0467142
14.6165 0.0463749
14.6374 0.046078
14.6398 0.0458183
14.6422 0.045591
14.6446 0.0453921
14.647 0.0452181
14.651 0.0451908
14.6558 0.045042
14.6582 0.0449117
14.6606 0.0447978
14.6814 0.044698
14.6839 0.0446108
14.6863 0.0445344
14.6887 0.0447176
14.6911 0.0450029
14.6939 0.0452526
14.6987 0.045471
14.7011 0.0455371
14.7035 0.04547
14.7268 0.0454112
14.7292 0.0454848
14.7316 0.0454242
14.734 0.0453712
14.7368 0.0453248
14.7416 0.0456592
14.744 0.0455768
14.7464 0.0455047
14.7697 0.0480666
14.7721 0.0478083
14.7745 0.0478322
14.7768 0.0477282
14.7792 0.0477622
14.784 0.0477919
14.7864 0.0474429
14.7889 0.0471376
14.7913 0.0468704
14.8138 0.0465116
14.8162 0.0461976
14.8806 0.0459229
14.9008 0.0456826
14.9031 0.0454722
14.9055 0.0452882
14.9235 0.0471272
14.9436 0.0491113
14.946 0.0487224
14.9484 0.0482571
14.9663 0.0498499
14.9865 0.0514937
14.9889 0.050682
14.9913 0.0499717
15.0092 0.0513503
15.0294 0.0528065
15.0318 0.0518307
15.0342 0.0511018
15.0366 0.0503391
15.0533 0.0495467
15.0735 0.0488534
15.0759 0.0482467
15.0783 0.0477159
15.0807 0.0472514
15.0974 0.046845
15.1176 0.0464893
15.12 0.0461782
15.1224 0.0462809
15.1248 0.0462458
15.1403 0.0479651
15.1605 0.0498444
15.1633 0.0493639
15.1656 0.0489434
15.168 0.0485755
15.1832 0.0498785
15.2034 0.0515187
15.2065 0.0508289
15.2089 0.0501003
15.2113 0.0495877
15.2137 0.0490143
15.2273 0.0483875
15.2475 0.047839
15.2506 0.0473592
15.253 0.0470643
15.2554 0.0466812
15.2578 0.0463461
15.2714 0.0460528
15.2915 0.0457962
15.2951 0.0456967
15.2975 0.0454846
15.2999 0.045299
15.3023 0.0452616
15.3142 0.0467289
15.3348 0.0487628
15.338 0.0485425
15.3404 0.0480997
15.3428 0.0477122
15.3452 0.0474982
15.3571 0.0484359
15.3781 0.0503814
15.3809 0.0498337
15.3833 0.0492295
15.3857 0.0487008
15.3881 0.0483632
15.4 0.0491928
15.4213 0.0510437
15.4239 0.0502883
15.4263 0.0497522
15.4287 0.0491582
15.4311 0.0487634
15.4335 0.048293
15.4441 0.0477564
15.4654 0.0472868
15.468 0.047001
15.4716 0.0467508
15.5574 0.046532
15.5598 0.0462155
15.5622 0.0459386
15.6015 0.0456962
15.6039 0.0454842
15.6063 0.0452987
15.6456 0.0451363
15.648 0.0452443
15.6516 0.0455888
15.9925 0.0506402
16.0366 0.0498101
16.0807 0.0490839
16.1248 0.0484484
16.1677 0.0532673
16.2118 0.0574839
16.3421 0.0559234
16.3861 0.054433
16.4302 0.0531289
16.4743 0.0519878
16.5172 0.0563643
16.5601 0.0600688
16.603 0.0631852
16.6054 0.060912
16.6471 0.058923
16.6494 0.0570576
16.6911 0.0554254
16.6935 0.0539973
16.7352 0.0527476
16.7376 0.0519041
16.7781 0.0560411
16.7805 0.054661
16.821 0.0583284
16.8234 0.0566623
16.8258 0.0552045
16.8651 0.053804
16.8675 0.0525785
16.8699 0.0515062
16.9095 0.0505679
16.9119 0.0497469
16.9143 0.0491535
16.9524 0.0533843
16.9548 0.0523363
16.9572 0.0515443
16.9953 0.0552262
16.9977 0.053948
17.0001 0.0529545
17.0382 0.0564601
17.0406 0.0550276
17.043 0.0537742
17.0454 0.0526774
17.0823 0.0515927
17.0847 0.0506436
17.0871 0.0499382
17.0894 0.0491959
17.1267 0.0485464
17.1291 0.0481031
17.1315 0.0475902
17.1339 0.0473914
17.17 0.0515925
17.1724 0.0508935
17.1748 0.0501568
17.1772 0.0496372
17.2129 0.0533075
17.2153 0.0522691
17.2177 0.0513604
17.2201 0.0506904
17.2561 0.0542291
17.2585 0.0532005
17.2609 0.0521754
17.2633 0.0514035
17.2657 0.050603
17.3002 0.0497777
17.3026 0.0490555
17.305 0.0485485
17.3074 0.04798
17.3098 0.0474825
17.3443 0.0470472
17.3467 0.0466663
17.3491 0.046708
17.3515 0.0466195
17.3539 0.046542
17.3872 0.0504743
17.3896 0.04979
17.392 0.0491912
17.3944 0.0486673
17.3968 0.0482089
17.4301 0.0518078
17.4325 0.0509568
17.4349 0.0502122
17.4373 0.0496857
17.4396 0.0491
17.442 0.0487125
17.4742 0.0481234
17.4766 0.047608
17.479 0.047157
17.6553 0.0467624
17.6994 0.0464171
17.7436 0.0461149
17.7877 0.0458506
17.831 0.0509942
17.8742 0.055495
17.9175 0.0594331
17.9199 0.057629
17.962 0.0559253
17.9644 0.0545597
18.0065 0.0533647
18.0089 0.0521941
18.0509 0.0511699
18.0533 0.0506486
18.0938 0.0549425
18.0962 0.0538247
18.1367 0.0574716
18.1415 0.0559127
18.1808 0.0544236
18.1856 0.0531206
18.188 0.0522306
18.2249 0.0512017
18.2297 0.0503015
18.2321 0.0496388
18.269 0.048934
18.2726 0.0488172
18.275 0.0483401
18.3119 0.0521726
18.3155 0.051526
18.3178 0.0507102
18.3548 0.0543715
18.3583 0.05345
18.4477 0.0522688
18.4906 0.0562352
18.5335 0.0599558
18.5764 0.0632113
18.6193 0.0660599
18.6217 0.0634274
18.6638 0.060999
18.6662 0.0589991
18.7079 0.0571242
18.7103 0.0554837
18.7508 0.0590482
18.7531 0.0574172
18.7936 0.060615
18.796 0.0587882
18.8365 0.0618146
18.8389 0.0597128
18.8413 0.0578737
18.8806 0.0561395
18.883 0.0547471
18.8854 0.0534037
18.9247 0.0522282
18.9271 0.0511997
18.9295 0.0502997
18.9676 0.0542623
18.97 0.0531045
18.9724 0.0520914
19.0105 0.055705
19.0129 0.0543669
19.0153 0.053321
19.0534 0.0567809
19.0558 0.0553083
19.0581 0.0541447
19.0605 0.0530016
19.0975 0.0518764
19.1011 0.0511419
19.2751 0.0553741
19.318 0.0589524
19.3608 0.0622083
19.4037 0.0651823
19.4466 0.0677845
19.449 0.0650614
19.4907 0.0624288
19.4931 0.0601252
19.5348 0.0581095
19.5372 0.0563458
19.5781 0.0599276
19.5805 0.0581866
19.621 0.0612883
19.6234 0.0592523
19.6639 0.0622207
19.6663 0.0601931
19.6686 0.058294
19.7083 0.0566323
19.7107 0.0550532
19.7131 0.0537966
19.7528 0.052572
19.7552 0.0516255
19.7576 0.0506723
19.7961 0.0547133
19.7985 0.0536241
19.8009 0.0525461
19.839 0.0561028
19.8414 0.054715
19.8438 0.0535006
19.8819 0.056938
19.8843 0.0555708
21.1701 0.0789994
21.2142 0.0746245
21.2583 0.0707964
21.3024 0.0674469
21.3465 0.064516
21.3894 0.0673265
21.4323 0.0696607
21.4752 0.0717031
21.4775 0.0683652
21.5192 0.0653196
21.5216 0.0626546
21.5633 0.0603228
21.5657 0.0582824
21.6074 0.0564971
21.6098 0.055185
21.6505 0.0589119
21.6529 0.0571729
21.6934 0.0605263
21.6958 0.0585855
21.6982 0.0570123
21.7375 0.0553858
21.7399 0.0539625
21.7423 0.0527172
21.7816 0.0516276
21.784 0.0506741
21.7864 0.0498399
21.8245 0.0538599
21.8269 0.0527524
21.8293 0.0519083
21.8674 0.0555448
21.8698 0.0542267
21.8738 0.0533234
22.1976 0.0770329
22.2417 0.0729038
22.2846 0.0746658
22.3275 0.0760826
22.3709 0.0773223
22.3733 0.073407
22.5042 0.0698561
22.5487 0.0666241
22.5931 0.0639211
22.6372 0.061431
22.6801 0.0646271
22.723 0.0672987
22.7659 0.0695114
22.7683 0.0664474
22.8102 0.0637665
22.8126 0.0612957
22.8543 0.0591337
22.8567 0.057242
22.8984 0.0555868
22.9008 0.0543884
22.9413 0.0582149
22.9437 0.056563
22.9842 0.0599926
22.9866 0.0581186
22.989 0.0564787
23.0283 0.0549189
23.0307 0.053554
23.033 0.0524848
23.0723 0.0514242
23.0747 0.0504962
23.0771 0.0496841
23.1152 0.0537236
23.1176 0.0526332
23.1203 0.051804
23.1581 0.0554535
23.1605 0.0541468
23.1636 0.0531285
23.201 0.0566124
23.2034 0.0551609
23.2058 0.0538908
23.2082 0.0527794
23.2455 0.051682
23.2479 0.0507217
23.2503 0.0500065
23.2527 0.0492557
23.29 0.0485987
23.2924 0.0481489
23.2947 0.0476303
23.2971 0.0475515
23.3328 0.0516076
23.3352 0.0509066
23.3376 0.0501683
23.34 0.0496473
23.3757 0.0531913
23.3796 0.0524174
23.4666 0.0513652
23.469 0.0505696
23.5107 0.0497484
23.5131 0.0490298
23.5548 0.0484011
23.5572 0.047851
23.5989 0.0473696
23.6013 0.0473234
23.6418 0.051908
23.6442 0.0511695
23.6847 0.0551483
23.6871 0.0540048
23.6895 0.0528792
23.7288 0.0517693
23.7311 0.0507981
23.7335 0.0499483
23.7728 0.0492048
23.7776 0.0485542
23.8169 0.0479849
23.8205 0.0479868
23.8229 0.0476135
23.8598 0.0519118
23.8634 0.0512978
23.866 0.0506356
23.9027 0.0543061
23.9936 0.0530179
24.0365 0.0568906
24.0795 0.0605293
24.1223 0.0637131
24.1652 0.066499
24.1676 0.0638116
24.2093 0.0613352
24.2117 0.0591683
24.2534 0.0572722
24.2558 0.0556132
24.2963 0.0592866
24.2987 0.0575007
24.3392 0.0608131
24.3416 0.0588365
24.3845 0.0622319
24.4751 0.0600779
24.5191 0.0580682
24.5632 0.0563097
24.6073 0.054771
24.6502 0.0587996
24.6931 0.0621996
24.736 0.0650497
24.7384 0.0625435
24.7801 0.0603505
24.7825 0.0583067
24.8241 0.0565184
24.8265 0.0549536
24.8682 0.0535844
24.8706 0.0526363
24.9111 0.0566818
24.9135 0.0552216
24.954 0.0588189
24.9566 0.0570915
24.959 0.0555801
24.9981 0.0541326
25.0007 0.052866
25.0031 0.0518827
25.0422 0.0508974
25.0448 0.0500352
25.0471 0.0492808
25.0851 0.0533707
25.0876 0.0523244
25.09 0.0515338
25.128 0.0550921
25.1305 0.0538306
25.1329 0.0527268
25.1708 0.0561359
25.1734 0.0548689
25.1758 0.0536353
25.1782 0.0526809
25.2149 0.0515958
25.2175 0.0506463
25.2199 0.0498155
25.2223 0.0490886
25.259 0.0485775
25.2616 0.0480053
25.264 0.0475047
25.2664 0.0474416
25.3019 0.0513864
25.3045 0.0505881
25.3069 0.0498896
25.3105 0.0495284
25.4306 0.0528373
25.4735 0.0568577
25.5164 0.0605005
25.5188 0.0585629
25.5605 0.0567425
25.6046 0.0551497
25.6486 0.053756
25.651 0.0529115
25.6929 0.0517976
25.6953 0.0511979
25.7358 0.0552981
25.7382 0.0541359
25.7787 0.0577439
25.7811 0.0562759
25.7835 0.0548664
25.8251 0.0535081
25.8275 0.0523196
25.8692 0.0512796
25.8716 0.0506197
25.874 0.0501672
25.9133 0.0493963
25.9157 0.0487218
25.9181 0.0485066
25.9562 0.0526932
25.9586 0.0517316
25.961 0.0508901
25.9991 0.0546539
26.0015 0.0534471
26.0042 0.0525162
26.0066 0.0517017
26.0432 0.050739
26.0456 0.0498966
26.0484 0.0491595
26.0508 0.0485146
26.0873 0.0479503
26.0897 0.0474565
26.0925 0.0470244
26.0949 0.0466464
26.1305 0.0508156
26.1329 0.0500886
26.1354 0.0495775
26.1378 0.0490054
26.3052 0.0483797
26.348 0.0532072
26.3909 0.0571813
26.3933 0.0556587
26.435 0.0543263
26.4374 0.0530355
26.4791 0.0519061
26.4815 0.0509178
26.5236 0.0500531
26.526 0.0495465
26.5669 0.0539782
26.5692 0.0529809
26.6101 0.0569833
26.6125 0.0556104
26.6149 0.0542841
26.6542 0.0529986
26.6566 0.0518737
26.659 0.0510145
26.6983 0.0501377
26.7009 0.0493705
26.7033 0.0486992
26.7424 0.0481118
26.7448 0.0478478
26.7472 0.0477418
26.7853 0.0520241
26.7877 0.0511461
26.7901 0.0505028
26.8283 0.054315
26.8319 0.0532756
26.9201 0.0522412
26.963 0.056211
27.0071 0.0600596
27.1369 0.0580522
27.181 0.0564207
27.2251 0.0548681
27.2692 0.0535096
27.3121 0.0576959
27.3554 0.0612339
27.399 0.0644546
27.4014 0.0621478
27.4435 0.0598793
27.4459 0.0578944
27.488 0.0561576
27.4904 0.0547629
27.532 0.0535426
27.5344 0.0527247
27.5749 0.0566341
27.5773 0.0551799
27.6178 0.0586574
27.6202 0.0570752
27.6226 0.0555658
27.6619 0.0541201
27.6643 0.0528551
27.6667 0.0517482
27.706 0.0509047
27.7096 0.0501666
27.799 0.0493958
27.8431 0.0488463
27.8872 0.0482405
27.93 0.0530854
27.9729 0.0570748
28.0158 0.0605654
28.0182 0.0587447
28.0599 0.0569016
28.0623 0.0552889
28.104 0.0538778
28.1064 0.0526431
28.1481 0.0516877
28.1506 0.0511017
28.191 0.055214
28.1939 0.0539373
28.2339 0.0575701
28.2367 0.0561238
28.2391 0.0548584
28.3666 0.0535011
28.4107 0.0523134
28.4548 0.0512743
28.4989 0.050365
28.5418 0.0549444
28.5847 0.0588263
28.6276 0.062223
28.7587 0.0600701
28.8027 0.0580614
28.8468 0.0563037
28.8909 0.0547657
28.9338 0.058795
28.9767 0.0621956
29.0196 0.0651712
29.022 0.0626498
29.0637 0.0603186
29.0661 0.0584037
29.1078 0.0566033
29.1101 0.0550279
29.1518 0.0536494
29.1542 0.0528182
29.1947 0.0567159
29.1971 0.0553764
29.2376 0.0588294
29.2424 0.0571007
29.2817 0.0554631
29.2865 0.0540302
29.2889 0.0530265
29.3262 0.0520231
29.3306 0.0510203
29.333 0.0501427
29.3703 0.0493749
29.3735 0.049078
29.3759 0.0485683
29.4131 0.0526222
29.4164 0.0517945
29.5418 0.0551951
29.5859 0.0537958
29.63 0.0526963
29.673 0.0569842
29.7159 0.0604862
29.7587 0.0636754
29.7611 0.061466
29.8028 0.0592828
29.8052 0.0573724
29.8469 0.0557009
29.8493 0.0542383
29.891 0.0530835
29.8934 0.052323
29.9342 0.0564077
29.9366 0.0549817
29.9775 0.058609
29.9799 0.0569079
29.9823 0.0555444
30.0221 0.0542263
30.0245 0.053073
30.0269 0.0519389
30.0662 0.0509465
30.0686 0.0500782
30.071 0.0493184
