0.0282165 1
0.0591493 1441
0.0912341 4321
0.123319 7201
0.154209 10081
0.156599 12961
0.186293 15841
0.188684 18721
0.191074 21601
0.218378 24481
0.223174 25921
0.258859 27361
0.286163 44641
0.288554 47521
0.317053 50401
0.320638 53281
0.349138 56161
0.352723 59041
0.381222 61921
0.384808 64801
0.412112 67681
0.415698 70561
0.443634 73441
0.44722 76321
0.474524 79201
0.476914 82081
0.479304 84961
0.506608 87841
0.508999 90721
0.511389 93601
0.538693 96481
0.541084 99361
0.543474 102241
0.569912 105121
0.572303 108001
0.574693 110881
0.600802 113761
0.603192 116641
0.605583 119521
0.632079 122401
0.63686 128161
0.63925 131041
0.664164 133921
0.668944 136801
0.671335 139681
0.673725 142561
0.696248 145441
0.70342 151201
0.70581 154081
0.727296 156961
0.734558 159841
0.736948 162721
0.739339 165601
0.758462 168481
0.765633 171361
0.768023 174241
0.770414 177121
0.789414 180001
0.796523 182881
0.798913 185761
0.801303 188641
0.803694 191521
0.821572 194401
0.828743 197281
0.831133 200161
0.867004 207361
0.894323 217441
0.896713 220321
0.925213 223201
0.928798 226081
0.957824 228961
0.96141 231841
0.990095 234721
0.99368 237601
1.02098 240481
1.02457 243361
1.05224 246241
1.05546 249121
1.08313 252001
1.08552 254881
1.08792 257761
1.11522 260641
1.11798 263521
1.12037 266401
1.14746 269281
1.15007 272161
1.15246 275041
1.17854 277921
1.18096 280801
1.18372 283681
1.20961 286561
1.212 289441
1.21461 292321
1.24069 295201
1.24308 298081
1.24547 300961
1.24786 303841
1.27296 306721
1.27535 309601
1.27774 312481
1.28013 315361
1.30523 318241
1.30762 321121
1.31001 324001
1.3124 326881
1.3363 329761
1.33869 332641
1.34108 335521
1.34348 338401
1.36738 341281
1.36977 344161
1.37216 347041
1.37455 349921
1.37694 352801
1.39965 355681
1.40325 357121
1.43773 374401
1.46624 377281
1.46863 380161
1.49832 383041
1.50071 385921
1.53041 388801
1.53304 391681
1.56249 394561
1.56488 397441
1.59338 400321
1.59577 403201
1.62427 406081
1.62666 408961
1.62905 411841
1.65636 414721
1.65875 417601
1.66114 420481
1.72192 432001
1.75282 434881
1.78517 437761
1.81725 440641
1.84934 443521
1.88023 446401
1.91144 449281
1.94233 452161
1.94472 455041
1.97441 457921
1.9768 460801
2.0065 463681
2.00889 466561
2.03891 469441
2.04131 472321
2.0698 475201
2.0722 478081
2.10069 480961
2.10309 483841
2.10548 486721
2.13278 489601
2.13517 492481
2.1376 495361
2.16486 498241
2.20127 511201
2.23216 514081
2.26426 516961
2.29634 519841
2.32753 522721
2.35842 525601
2.38959 528481
2.39198 531361
2.42167 534241
2.42406 537121
2.45378 540001
2.45617 542881
2.48587 545761
2.48826 548641
2.51676 551521
2.51915 554401
2.54765 557281
2.55004 560161
2.55243 563041
2.58004 565921
2.58243 568801
2.58482 571681
2.61333 573121
2.64781 586081
2.679 588961
2.71109 591841
2.74341 594721
2.7743 597601
2.80526 600481
2.83615 603361
2.83854 606241
2.86849 609121
2.87088 612001
2.90058 614881
2.90297 617761
2.93271 620641
2.93511 623521
2.9636 626401
2.966 629281
2.99449 632161
2.99689 635041
2.99955 637921
3.02657 640801
3.02898 643681
3.03163 646561
3.05898 649441
3.06137 652321
3.06376 655201
3.08987 658081
3.09226 660961
3.09465 663841
3.12076 666721
3.12315 669601
3.12554 672481
3.15165 675361
3.15404 678241
3.15643 681121
3.15882 684001
3.18373 686881
3.18612 689761
3.18851 692641
3.1909 695521
3.21582 698401
3.21821 701281
3.2209 704161
3.22329 707041
3.24671 709921
3.2491 712801
3.25179 715681
3.25418 718561
3.27759 721441
3.27999 724321
3.28268 727201
3.28507 730081
3.30848 732961
3.31087 735841
3.31327 738721
3.31566 741601
3.31805 744481
3.34057 747361
3.34319 750241
3.34558 753121
3.34798 756001
3.35037 758881
3.37265 761761
3.37527 764641
3.37766 767521
3.38005 770401
3.38244 773281
3.40354 776161
3.40616 779041
3.40855 781921
3.41094 784801
3.41333 787681
3.43443 790561
3.43772 793441
3.44011 796321
3.4425 799201
3.44489 802081
3.44728 804961
3.46652 807841
3.46981 810721
3.4722 813601
3.47459 816481
3.47698 819361
3.47943 822241
3.4986 825121
3.50189 828001
3.50428 830881
3.50667 833761
3.50906 836641
3.51145 839521
3.52949 842401
3.53278 845281
3.53517 848161
3.53756 851041
3.53995 853921
3.54234 856801
3.56038 859681
3.56367 862561
3.56606 865441
3.56966 866881
3.60449 889921
3.62972 892801
3.63265 895681
3.6354 898561
3.6618 901441
3.66474 904321
3.66748 907201
3.69389 910081
3.69839 911521
3.75568 924481
3.78657 927361
3.81865 930241
3.85074 933121
3.88163 936001
3.91272 938881
3.94361 941761
3.946 944641
3.97569 947521
3.97808 950401
4.00809 953281
4.01048 956161
4.04017 959041
4.04256 961921
4.07106 964801
4.07345 967681
4.10195 970561
4.10434 973441
4.10673 976321
4.13404 979201
4.13676 982081
4.13915 984961
4.16612 987841
4.16884 990721
4.17123 993601
4.23063 1006561
4.26152 1009441
4.29361 1012321
4.32569 1015201
4.35715 1018081
4.38804 1020961
4.41893 1023841
4.42132 1026721
4.45101 1029601
4.4534 1032481
4.4831 1035361
4.48549 1038241
4.51518 1041121
4.51792 1044001
4.54607 1046881
4.54881 1049761
4.57696 1052641
4.5797 1055521
4.58209 1058401
4.60926 1061281
4.61178 1064161
4.61417 1067041
4.64134 1069921
4.64417 1072801
4.64656 1075681
4.67223 1078561
4.67506 1081441
4.67745 1084321
4.70312 1087201
4.70595 1090081
4.70834 1092961
4.73401 1095841
4.73684 1098721
4.73923 1101601
4.74162 1104481
4.7661 1107361
4.76892 1110241
4.77132 1113121
4.77371 1116001
4.7985 1118881
4.80101 1121761
4.8034 1124641
4.80607 1127521
4.82939 1130401
4.8319 1133281
4.83429 1136161
4.83696 1139041
4.86028 1141921
4.86279 1144801
4.86518 1147681
4.86785 1150561
4.89184 1153441
4.89423 1156321
4.89662 1159201
4.89901 1162081
4.9014 1164961
4.92392 1167841
4.92631 1170721
4.9287 1173601
4.93116 1176481
4.93392 1179361
4.956 1182241
4.95961 1183681
4.99408 1202401
5.02288 1205281
5.02527 1208161
5.05502 1211041
5.05741 1213921
5.0871 1216801
5.08949 1219681
5.11799 1222561
5.12038 1225441
5.14888 1228321
5.15127 1231201
5.15366 1234081
5.18097 1236961
5.18336 1239841
5.18606 1242721
5.21305 1245601
5.21544 1248481
5.21815 1251361
5.24514 1254241
5.24753 1257121
5.24992 1260001
5.27622 1262881
5.27861 1265761
5.28112 1268641
5.30711 1271521
5.3095 1274401
5.31232 1277281
5.31471 1280161
5.33919 1283041
5.34158 1285921
5.3444 1288801
5.34679 1291681
5.37128 1294561
5.37367 1297441
5.37672 1300321
5.37911 1303201
5.40248 1306081
5.40487 1308961
5.40777 1311841
5.41016 1314721
5.43337 1317601
5.43576 1320481
5.43866 1323361
5.44105 1326241
5.46426 1329121
5.46665 1332001
5.46904 1334881
5.47158 1337761
5.47397 1340641
5.4967 1343521
5.49909 1346401
5.50148 1349281
5.50387 1352161
5.50626 1355041
5.52879 1357921
5.53118 1360801
5.53357 1363681
5.536 1366561
5.5384 1369441
5.55968 1372321
5.56207 1375201
5.56452 1378081
5.56723 1380961
5.56962 1383841
5.5908 1386721
5.59319 1389601
5.59584 1392481
5.59823 1395361
5.60062 1398241
5.60301 1401121
5.62288 1404001
5.62527 1406881
5.6281 1409761
5.63049 1412641
5.63288 1415521
5.63527 1418401
5.65497 1421281
5.65736 1424161
5.66019 1427041
5.66263 1429921
5.66502 1432801
5.66741 1435681
5.68609 1438561
5.68848 1441441
5.69108 1444321
5.69352 1447201
5.72937 1468801
5.75658 1471681
5.75908 1474561
5.78747 1477441
5.79016 1480321
5.81836 1483201
5.82075 1486081
5.82314 1488961
5.85045 1491841
5.85284 1494721
5.91344 1506241
5.94434 1509121
5.97643 1512001
6.00851 1514881
6.0406 1517761
6.07149 1520641
6.10238 1523521
6.13327 1526401
6.13566 1529281
6.16535 1532161
6.16774 1535041
6.19744 1537921
6.19983 1540801
6.22952 1543681
6.23191 1546561
6.26041 1549441
6.2628 1552321
6.2913 1555201
6.29369 1558081
6.29608 1560961
6.32363 1563841
6.32602 1566721
6.32841 1569601
6.35571 1572481
6.3581 1575361
6.36049 1578241
6.3866 1581121
6.38899 1584001
6.39138 1586881
6.41749 1589761
6.41988 1592641
6.42227 1595521
6.44869 1598401
6.45108 1601281
6.45347 1604161
6.45586 1607041
6.48077 1609921
6.48316 1612801
6.48555 1615681
6.48794 1618561
6.51286 1621441
6.51533 1624321
6.51772 1627201
6.52011 1630081
6.54374 1632961
6.54622 1635841
6.54861 1638721
6.551 1641601
6.57463 1644481
6.57736 1647361
6.57975 1650241
6.58214 1653121
6.60552 1656001
6.60791 1658881
6.6103 1661761
6.6127 1664641
6.61509 1667521
6.63761 1670401
6.64 1673281
6.64239 1676161
6.64478 1679041
6.64717 1681921
6.66969 1684801
6.67208 1687681
6.67447 1690561
6.67686 1693441
6.67926 1696321
6.70058 1699201
6.70297 1702081
6.70536 1704961
6.70775 1707841
6.71014 1710721
6.73147 1713601
6.73386 1716481
6.73864 1722241
6.74103 1725121
6.74346 1728001
6.76356 1730881
6.76595 1733761
6.77073 1736641
6.77312 1739521
6.77551 1742401
6.7779 1745281
6.79564 1748161
6.79803 1751041
6.80281 1753921
6.8052 1756801
6.80759 1759681
6.80998 1762561
6.82653 1765441
6.82892 1768321
6.8337 1771201
6.83609 1774081
6.87235 1795681
6.89967 1798561
6.90206 1801441
6.93056 1804321
6.93295 1807201
6.96145 1810081
6.96384 1812961
6.9927 1814401
7.02717 1825921
7.05808 1828801
7.09016 1831681
7.12257 1834561
7.15466 1837441
7.18554 1840321
7.21643 1843201
7.24732 1846081
7.24971 1848961
7.27941 1851841
7.2818 1854721
7.31149 1857601
7.31388 1860481
7.34358 1863361
7.34597 1866241
7.37447 1869121
7.37686 1872001
7.40536 1874881
7.40775 1877761
7.41014 1880641
7.43744 1883521
7.43983 1886401
7.44222 1889281
7.46953 1892161
7.47192 1895041
7.47431 1897921
7.50042 1900801
7.50281 1903681
7.5052 1906561
7.53131 1909441
7.53385 1912321
7.53625 1915201
7.5622 1918081
7.56474 1920961
7.56713 1923841
7.65489 1941121
7.68732 1944001
7.71821 1946881
7.7491 1949761
7.78027 1952641
8.01236 1956961
8.07654 1965601
8.10745 1968481
8.13953 1971361
8.17162 1974241
8.20393 1977121
8.23482 1980001
8.26571 1982881
8.2966 1985761
8.29899 1988641
8.32899 1991521
8.33138 1994401
8.36108 1997281
8.36347 2000161
8.39316 2003041
8.39555 2005921
8.42405 2008801
8.42644 2011681
8.45494 2014561
8.45733 2017441
8.45972 2020321
8.48703 2023201
8.48942 2026081
8.49181 2028961
8.51931 2031841
8.52171 2034721
8.5241 2037601
8.5502 2040481
8.55259 2043361
8.55499 2046241
8.58109 2049121
8.58348 2052001
8.58587 2054881
8.61239 2057761
8.61478 2060641
8.61798 2062081
8.67418 2076481
8.68247 2079361
8.71336 2082241
8.74425 2085121
8.77549 2088001
8.80638 2090881
8.80877 2093761
8.8388 2096641
8.84119 2099521
8.87088 2102401
8.87327 2105281
8.90177 2108161
8.90416 2111041
8.93266 2113921
8.93505 2116801
8.96355 2119681
8.96594 2122561
8.96833 2125441
8.99563 2128321
8.99802 2131201
9.00042 2134081
9.02772 2136961
9.03011 2139841
9.0325 2142721
9.05861 2145601
9.061 2148481
9.06339 2151361
9.0895 2154241
9.09189 2157121
9.09428 2160001
9.12039 2162881
9.12305 2165761
9.12544 2168641
9.12783 2171521
9.15247 2174401
9.15514 2177281
9.15753 2180161
9.15992 2183041
9.18477 2185921
9.18998 2191681
9.19237 2194561
9.21566 2197441
9.22087 2200321
9.22326 2203201
9.22565 2206081
9.24655 2208961
9.25176 2211841
9.25415 2214721
9.25654 2217601
9.27744 2220481
9.27983 2223361
9.31714 2240641
9.34565 2243521
9.34804 2246401
9.37774 2249281
9.38013 2252161
9.40982 2255041
9.41221 2257921
9.44222 2260801
9.44462 2263681
9.47311 2266561
9.47551 2269441
9.504 2272321
9.5064 2275201
9.50879 2278081
9.53638 2280961
9.53877 2283841
9.54116 2286721
9.56848 2289601
9.57087 2292481
9.57329 2295361
9.60056 2298241
9.60295 2301121
9.60534 2304001
9.63145 2306881
9.63384 2309761
9.63623 2312641
9.66265 2315521
9.66504 2318401
9.66744 2321281
9.66983 2324161
9.69474 2327041
9.69713 2329921
9.69952 2332801
9.70191 2335681
9.72682 2338561
9.72921 2341441
9.7316 2344321
9.734 2347201
9.758 2350081
9.76039 2352961
9.76278 2355841
9.76517 2358721
9.78888 2361601
9.79132 2364481
9.79371 2367361
9.7961 2370241
9.82016 2373121
9.82255 2376001
9.82494 2378881
9.82733 2381761
9.82972 2384641
9.85224 2387521
9.85463 2390401
9.85702 2393281
9.85941 2396161
9.8618 2399041
9.88433 2401921
9.88672 2404801
9.88911 2407681
9.8915 2410561
9.89389 2413441
9.91522 2416321
9.91761 2419201
9.92 2422081
9.92239 2424961
9.92478 2427841
9.94611 2430721
9.9485 2433601
9.95089 2436481
9.95328 2439361
9.95567 2442241
9.95806 2445121
9.97819 2448001
9.98058 2450881
9.98297 2453761
9.98536 2456641
9.98775 2459521
9.99014 2462401
10.0106 2465281
10.0129 2468161
10.0153 2471041
10.0177 2473921
10.0201 2476801
10.0225 2479681
10.0414 2482561
10.0438 2485441
10.0462 2488321
10.0486 2491201
10.0511 2494081
10.0534 2496961
10.0723 2499841
10.0759 2501281
10.1107 2524321
10.1369 2527201
10.1392 2530081
10.1428 2532961
10.1689 2535841
10.1713 2538721
10.1749 2541601
10.201 2544481
10.2034 2547361
10.207 2550241
10.2334 2553121
10.2361 2556001
10.2385 2558881
10.2642 2561761
10.267 2564641
10.2694 2567521
10.2951 2570401
10.2979 2573281
10.3003 2576161
10.3027 2579041
10.3272 2581921
10.33 2584801
10.3324 2587681
10.3348 2590561
10.3596 2593441
10.3621 2596321
10.3645 2599201
10.3669 2602081
10.3905 2604961
10.393 2607841
10.3957 2610721
10.3985 2613601
10.4214 2616481
10.4239 2619361
10.4266 2622241
10.4306 2623681
10.4844 2640961
10.4936 2643841
10.5153 2646721
10.5257 2649601
10.5474 2652481
10.5578 2655361
10.5794 2658241
10.5911 2659681
10.6424 2669761
10.6733 2672641
10.7054 2675521
10.7375 2678401
10.7697 2681281
10.8006 2684161
10.8315 2687041
10.8624 2689921
10.8648 2692801
10.8945 2695681
10.8972 2698561
10.9266 2701441
10.9293 2704321
10.9587 2707201
10.9611 2710081
10.9897 2712961
10.9921 2715841
11.0206 2718721
11.023 2721601
11.0254 2724481
11.0527 2727361
11.0566 2728801
11.1145 2740321
11.1454 2743201
11.1775 2746081
11.2095 2748961
11.2416 2751841
11.2728 2754721
11.3037 2757601
11.3346 2760481
11.337 2763361
11.367 2766241
11.3693 2769121
11.399 2772001
11.4014 2774881
11.4311 2777761
11.4335 2780641
11.462 2783521
11.4644 2786401
11.4929 2789281
11.4953 2792161
11.4977 2795041
11.525 2797921
11.5274 2800801
11.5298 2803681
11.5571 2806561
11.5595 2809441
11.5619 2812321
11.5882 2815201
11.5906 2818081
11.593 2820961
11.6191 2823841
11.6215 2826721
11.6238 2829601
11.65 2832481
11.6523 2835361
11.6547 2838241
11.6571 2841121
11.682 2844001
11.6844 2846881
11.6868 2849761
11.6892 2852641
11.7141 2855521
11.7165 2858401
11.7189 2861281
11.7213 2864161
11.745 2867041
11.7474 2869921
11.7498 2872801
11.7522 2875681
11.7759 2878561
11.7783 2881441
11.7807 2884321
11.7831 2887201
11.8068 2890081
11.8092 2892961
11.8116 2895841
11.814 2898721
11.8164 2901601
11.8389 2904481
11.8413 2907361
11.8437 2910241
11.8461 2913121
11.8484 2916001
11.871 2918881
11.8734 2921761
11.9093 2940481
11.9376 2943361
11.9402 2946241
11.9696 2949121
11.9723 2952001
12.035 2962081
12.0659 2964961
12.098 2967841
12.1301 2970721
12.1622 2973601
12.1931 2976481
12.224 2979361
12.2548 2982241
12.2572 2985121
12.2896 2990881
12.324 2996641
12.3561 2999521
12.3882 3005281
12.4191 3008161
12.4215 3011041
12.45 3013921
12.4524 3016801
12.4809 3019681
12.4833 3022561
12.4857 3025441
12.5154 3031201
12.5177 3034081
12.5478 3036961
12.5502 3039841
12.5525 3042721
12.5822 3048481
12.5846 3051361
12.6131 3054241
12.6155 3057121
12.6179 3060001
12.644 3062881
12.6464 3065761
12.6488 3068641
12.6752 3071521
12.6776 3074401
12.68 3077281
12.6824 3080161
12.7073 3083041
12.7097 3085921
12.7121 3088801
12.7145 3091681
12.7394 3094561
12.7418 3097441
12.7442 3100321
12.7466 3103201
12.7703 3106081
12.7727 3108961
12.7751 3111841
12.7775 3114721
12.8012 3117601
12.8036 3120481
12.8063 3123361
12.8087 3126241
12.8111 3129121
12.8333 3132001
12.8357 3134881
12.8408 3140641
12.8432 3143521
12.8654 3146401
12.8678 3149281
12.8729 3152161
12.8753 3155041
12.8777 3157921
12.8974 3160801
12.8998 3163681
12.9038 3166561
12.9062 3169441
12.9085 3172321
12.9283 3175201
12.9307 3178081
12.935 3180961
12.9374 3183841
12.9398 3186721
12.9592 3189601
12.9616 3192481
12.9659 3195361
12.9683 3198241
12.9707 3201121
12.973 3204001
12.9913 3206881
12.9937 3209761
12.998 3212641
13.0003 3215521
13.0027 3218401
13.0051 3221281
13.0234 3224161
13.0258 3227041
13.03 3229921
13.0324 3232801
13.0348 3235681
13.0372 3238561
13.0543 3241441
13.0567 3244321
13.0609 3247201
13.0633 3250081
13.0657 3252961
13.0684 3255841
13.0852 3258721
13.0876 3261601
13.0918 3264481
13.0942 3267361
13.0966 3270241
13.0993 3273121
13.1017 3276001
13.1173 3278881
13.1196 3281761
13.1239 3284641
13.1263 3287521
13.1287 3290401
13.1314 3293281
13.1338 3296161
13.1493 3299041
13.1517 3301921
13.156 3304801
13.1584 3307681
13.1608 3310561
13.1635 3313441
13.1659 3316321
13.1802 3319201
13.1826 3322081
13.1869 3324961
13.1893 3327841
13.1917 3330721
13.1944 3333601
13.1971 3336481
13.2111 3339361
13.2135 3342241
13.2178 3345121
13.2202 3348001
13.2226 3350881
13.2253 3353761
13.228 3356641
13.242 3359521
13.2444 3362401
13.2468 3365281
13.2499 3368161
13.2522 3371041
13.2546 3373921
13.2574 3376801
13.2601 3379681
13.2741 3382561
13.2765 3385441
13.2789 3388321
13.2819 3391201
13.2843 3394081
13.2867 3396961
13.2894 3399841
13.2922 3402721
13.3062 3405601
13.3086 3408481
13.311 3411361
13.3134 3414241
13.3157 3417121
13.3181 3420001
13.3205 3422881
13.3231 3425761
13.3371 3428641
13.3395 3431521
13.3419 3434401
13.3442 3437281
13.3466 3440161
13.349 3443041
13.3514 3445921
13.3539 3448801
13.368 3451681
13.3704 3454561
13.3727 3457441
13.3751 3460321
13.3775 3463201
13.3799 3466081
13.3823 3468961
13.3847 3471841
13.3871 3474721
13.4 3477601
13.4024 3480481
13.4048 3483361
13.4072 3486241
13.4096 3489121
13.412 3492001
13.4144 3494881
13.4168 3497761
13.4192 3500641
13.4321 3503521
13.4345 3506401
13.4369 3509281
13.4393 3512161
13.4417 3515041
13.4441 3517921
13.4465 3520801
13.4489 3523681
13.4513 3526561
13.4631 3529441
13.4655 3532321
13.4678 3535201
13.4702 3538081
13.4726 3540961
13.475 3543841
13.4774 3546721
13.4798 3549601
13.4822 3552481
13.494 3555361
13.4963 3558241
13.4987 3561121
13.5011 3564001
13.5035 3566881
13.506 3569761
13.5083 3572641
13.5107 3575521
13.5131 3578401
13.5155 3581281
13.526 3584161
13.5284 3587041
13.5308 3589921
13.5332 3592801
13.5356 3595681
13.538 3598561
13.5404 3601441
13.5428 3604321
13.5452 3607201
13.5476 3610081
13.5581 3612961
13.5605 3615841
13.5629 3618721
13.5653 3621601
13.5677 3624481
13.5705 3627361
13.5729 3630241
13.5753 3633121
13.5777 3636001
13.5801 3638881
13.5892 3641761
13.5917 3644641
13.5941 3647521
13.5965 3650401
13.5989 3653281
13.6014 3656161
13.6038 3659041
13.6062 3661921
13.6086 3664801
13.6109 3667681
13.6201 3670561
13.6226 3673441
13.625 3676321
13.6274 3679201
13.6298 3682081
13.6323 3684961
13.6347 3687841
13.6371 3690721
13.6394 3693601
13.6418 3696481
13.651 3699361
13.6538 3702241
13.6562 3705121
13.6586 3708001
13.661 3710881
13.6634 3713761
13.6658 3716641
13.6682 3719521
13.6706 3722401
13.6729 3725281
13.6753 3728161
13.683 3731041
13.6859 3733921
13.6883 3736801
13.6907 3739681
13.6931 3742561
13.6955 3745441
13.6979 3748321
13.7003 3751201
13.7026 3754081
13.705 3756961
13.7074 3759841
13.7151 3762721
13.718 3765601
13.7204 3768481
13.7228 3771361
13.7252 3774241
13.7279 3777121
13.7303 3780001
13.7327 3782881
13.7351 3785761
13.7375 3788641
13.7399 3791521
13.7472 3792961
13.7817 3828961
13.7981 3831841
13.8005 3834721
13.8029 3837601
13.8102 3840481
13.8126 3843361
13.8302 3846241
13.8326 3849121
13.835 3852001
13.8423 3854881
13.8447 3857761
13.8623 3860641
13.8646 3863521
13.867 3866401
13.8732 3869281
13.8756 3872161
13.8931 3875041
13.8955 3877921
13.8979 3880801
13.9041 3883681
13.9067 3886561
13.924 3889441
13.9264 3892321
13.9288 3895201
13.9312 3898081
13.9362 3900961
13.9388 3903841
13.9561 3906721
13.9585 3909601
13.9609 3912481
13.9633 3915361
13.9683 3918241
13.9709 3921121
13.9888 3924001
13.9912 3926881
13.9936 3929761
13.996 3932641
13.9991 3935521
14.0018 3938401
14.0197 3941281
14.0221 3944161
14.0245 3947041
14.0269 3949921
14.0301 3952801
14.0326 3955681
14.0506 3958561
14.053 3961441
14.0554 3964321
14.0578 3967201
14.061 3970081
14.0634 3972961
14.0658 3975841
14.0827 3978721
14.0851 3981601
14.0875 3984481
14.0899 3987361
14.0931 3990241
14.0955 3993121
14.0979 3996001
14.1155 3998881
14.1179 4001761
14.1203 4004641
14.1227 4007521
14.1252 4010401
14.1276 4013281
14.13 4016161
14.1464 4019041
14.1488 4021921
14.1512 4024801
14.1536 4027681
14.1564 4030561
14.1588 4033441
14.1612 4036321
14.2106 4060801
14.223 4063681
14.2394 4066561
14.2418 4069441
14.2551 4072321
14.2715 4075201
14.2739 4078081
14.2874 4080961
14.3024 4083841
14.3047 4086721
14.3183 4089601
14.3332 4092481
14.3356 4095361
14.3492 4098241
14.3641 4101121
14.3677 4102561
14.411 4116961
14.4322 4119841
14.4631 4122721
14.4939 4125601
14.5248 4128481
14.5557 4131361
14.5584 4134241
14.5878 4137121
14.5905 4140001
14.6202 4142881
14.6226 4145761
14.6514 4148641
14.6538 4151521
14.6823 4154401
14.6847 4157281
14.7132 4160161
14.7156 4163041
14.718 4165921
14.7453 4168801
14.7476 4171681
14.75 4174561
14.7773 4177441
14.7797 4180321
14.7821 4183201
14.8082 4186081
14.8106 4188961
14.813 4191841
14.8391 4194721
14.8415 4197601
14.8439 4200481
14.87 4203361
14.8724 4206241
14.875 4209121
14.8774 4212001
14.9023 4214881
14.9047 4217761
14.9071 4220641
14.9095 4223521
14.9344 4226401
14.9368 4229281
14.9392 4232161
14.9416 4235041
14.9653 4237921
14.9677 4240801
14.9701 4243681
14.9725 4246561
14.9962 4249441
14.9986 4252321
15.001 4255201
15.0036 4258081
15.006 4260961
15.0286 4263841
15.031 4266721
15.0334 4269601
15.0358 4272481
15.0382 4275361
15.0607 4278241
15.0631 4281121
15.0655 4284001
15.0679 4286881
15.0703 4289761
15.093 4292641
15.0954 4295521
15.0978 4298401
15.1002 4301281
15.1026 4304161
15.1239 4307041
15.1263 4309921
15.1287 4312801
15.1311 4315681
15.1335 4318561
15.1549 4321441
15.1577 4324321
15.16 4327201
15.1624 4330081
15.1648 4332961
15.1672 4335841
15.1897 4341601
15.1921 4344481
15.1945 4347361
15.1969 4350241
15.1994 4353121
15.2218 4356001
15.2242 4358881
15.2266 4361761
15.229 4364641
15.2314 4367521
15.2338 4370401
15.2527 4373281
15.2551 4376161
15.2575 4379041
15.2599 4381921
15.2623 4384801
15.2647 4387681
15.2836 4390561
15.2863 4393441
15.2887 4396321
15.2911 4399201
15.2935 4402081
15.2959 4404961
15.2983 4407841
15.3157 4410721
15.3184 4413601
15.322 4415041
15.3565 4438081
15.385 4443841
15.3874 4446721
15.4171 4449601
15.4195 4452481
15.4219 4455361
15.4495 4458241
15.4519 4461121
15.4543 4464001
15.4816 4466881
15.484 4469761
15.4863 4472641
15.5125 4475521
15.5149 4478401
15.5173 4481281
15.5436 4484161
15.546 4487041
15.5483 4489921
15.5507 4492801
15.5757 4495681
15.578 4498561
15.5804 4501441
15.5828 4504321
15.6077 4507201
15.6101 4510081
15.6125 4512961
15.6149 4515841
15.64 4518721
15.6424 4521601
15.6448 4524481
15.6471 4527361
15.6709 4530241
15.6733 4533121
15.6756 4536001
15.678 4538881
15.7018 4541761
15.7041 4544641
15.7065 4547521
15.7089 4550401
15.7113 4553281
15.7671 4570561
15.7957 4573441
15.798 4576321
15.8278 4579201
15.8302 4582081
15.8598 4584961
15.8622 4587841
15.8919 4590721
15.8943 4593601
15.9228 4596481
15.9252 4599361
15.9541 4602241
15.9565 4605121
15.9588 4608001
15.9861 4610881
15.9885 4613761
15.9909 4616641
16.0182 4619521
16.0206 4622401
16.023 4625281
16.0503 4628161
16.0527 4631041
16.0551 4633921
16.0812 4636801
16.0836 4639681
16.086 4642561
16.1121 4645441
16.1145 4648321
16.1169 4651201
16.1193 4654081
16.1442 4656961
16.1466 4659841
16.149 4662721
16.1514 4665601
16.1763 4668481
16.1787 4671361
16.181 4674241
16.1834 4677121
16.2072 4680001
16.2095 4682881
16.2119 4685761
16.2143 4688641
16.2393 4690081
16.2749 4707361
16.3034 4710241
16.3058 4713121
16.3355 4716001
16.3379 4718881
16.3678 4721761
16.3702 4724641
16.3999 4727521
16.4023 4730401
16.4308 4733281
16.4332 4736161
16.4617 4739041
16.464 4741921
16.4664 4744801
16.494 4747681
16.4964 4750561
16.4988 4753441
16.5261 4756321
16.5285 4759201
16.5309 4762081
16.5582 4764961
16.5606 4767841
16.563 4770721
16.5891 4773601
16.5915 4776481
16.5939 4779361
16.62 4782241
16.6224 4785121
16.6248 4788001
16.6272 4790881
16.6521 4793761
16.6545 4796641
16.6569 4799521
16.6593 4802401
16.6843 4805281
16.6867 4808161
16.6891 4811041
16.6915 4813921
16.7152 4816801
16.7176 4819681
16.72 4822561
16.7224 4825441
16.7461 4828321
16.7485 4831201
16.7509 4834081
16.7533 4836961
16.777 4839841
16.7794 4842721
16.7818 4845601
16.7845 4848481
16.7869 4851361
16.8091 4854241
16.8115 4857121
16.8139 4860001
16.8166 4862881
16.819 4865761
16.8412 4868641
16.8436 4871521
16.846 4874401
16.8484 4877281
16.8507 4880161
16.8722 4883041
16.8746 4885921
16.877 4888801
16.8794 4891681
16.8818 4894561
16.9031 4897441
16.9055 4900321
16.9079 4903201
16.9103 4906081
16.9127 4908961
16.9151 4911841
16.9352 4914721
16.9376 4917601
16.94 4920481
16.9424 4923361
16.9448 4926241
16.9472 4929121
16.9673 4932001
16.9697 4934881
16.9721 4937761
16.9745 4940641
16.9768 4943521
16.9792 4946401
16.9982 4949281
17.0006 4952161
17.003 4955041
17.0053 4957921
17.0077 4960801
17.0101 4963681
17.0291 4966561
17.0315 4969441
17.0338 4972321
17.0366 4975201
17.039 4978081
17.0413 4980961
17.06 4983841
17.0623 4986721
17.0647 4989601
17.0671 4992481
17.0695 4995361
17.0719 4998241
17.0743 5001121
17.092 5004001
17.0944 5006881
17.0968 5009761
17.0992 5012641
17.1016 5015521
17.104 5018401
17.1064 5021281
17.1247 5024161
17.1271 5027041
17.1295 5029921
17.1319 5032801
17.1343 5035681
17.1367 5038561
17.1391 5041441
17.1556 5044321
17.158 5047201
17.1604 5050081
17.1628 5052961
17.1656 5055841
17.168 5058721
17.1704 5061601
17.1865 5064481
17.1889 5067361
17.1913 5070241
17.1937 5073121
17.1961 5076001
17.1985 5078881
17.2009 5081761
17.2033 5084641
17.2186 5087521
17.221 5090401
17.2234 5093281
17.2258 5096161
17.2282 5099041
17.2306 5101921
17.233 5104801
17.2354 5107681
17.2509 5110561
17.2533 5113441
17.2557 5116321
17.2581 5119201
17.2605 5122081
17.2629 5124961
17.2653 5127841
17.2677 5130721
17.2818 5133601
17.2842 5136481
17.2866 5139361
17.289 5142241
17.2914 5145121
17.2938 5148001
17.2962 5150881
17.2986 5153761
17.3127 5156641
17.3151 5159521
17.3175 5162401
17.3199 5165281
17.3223 5168161
17.3247 5171041
17.3271 5173921
17.3295 5176801
17.3319 5179681
17.3448 5182561
17.3472 5185441
17.3496 5188321
17.352 5191201
17.3544 5194081
17.3568 5196961
17.3592 5199841
17.3616 5202721
17.364 5205601
17.3769 5208481
17.3793 5211361
17.3817 5214241
17.3841 5217121
17.3864 5220001
17.3888 5222881
17.3913 5225761
17.3937 5228641
17.396 5231521
17.4078 5234401
17.4102 5237281
17.4126 5240161
17.4149 5243041
17.4173 5245921
17.4197 5248801
17.4222 5251681
17.4245 5254561
17.4269 5257441
17.4387 5260321
17.4411 5263201
17.4434 5266081
17.4458 5268961
17.4482 5271841
17.451 5274721
17.4534 5277601
17.4557 5280481
17.4581 5283361
17.4698 5286241
17.4722 5289121
17.4745 5292001
17.4769 5294881
17.4793 5297761
17.4817 5300641
17.4841 5303521
17.4865 5306401
17.4889 5309281
17.4913 5312161
17.5019 5315041
17.5042 5317921
17.5066 5320801
17.509 5323681
17.5115 5326561
17.5139 5329441
17.5162 5332321
17.5186 5335201
17.521 5338081
17.5234 5340961
17.5685 5352481
17.5816 5374081
17.584 5376961
17.5864 5379841
17.596 5382721
17.5993 5384161
17.6125 5387041
17.6161 5389921
17.6185 5392801
17.6281 5395681
17.6434 5398561
17.647 5401441
17.6497 5404321
17.659 5407201
17.6743 5410081
17.6778 5412961
17.6802 5415841
17.6826 5418721
17.6911 5421601
17.7063 5424481
17.7099 5427361
17.7123 5430241
17.7147 5433121
17.7232 5436001
17.7384 5438881
17.742 5441761
17.7444 5444641
17.7468 5447521
17.7541 5450401
17.7693 5453281
17.7729 5456161
17.7753 5459041
17.7777 5461921
17.7853 5464801
17.8002 5467681
17.8038 5470561
17.8062 5473441
17.8086 5476321
17.8162 5479201
17.8185 5482081
17.8323 5484961
17.8371 5486401
17.8722 5506561
17.8995 5509441
17.9019 5512321
17.9304 5515201
17.9328 5518081
17.9613 5520961
17.9637 5523841
17.9922 5526721
17.9946 5529601
17.997 5532481
18.0243 5535361
18.0267 5538241
18.0291 5541121
18.0564 5544001
18.0588 5546881
18.0612 5549761
18.0874 5552641
18.0898 5555521
18.0922 5558401
18.1184 5561281
18.1207 5564161
18.1231 5567041
18.1492 5569921
18.1516 5572801
18.154 5575681
18.1564 5578561
18.1813 5581441
18.1837 5584321
18.1861 5587201
18.1885 5590081
18.2136 5592961
18.216 5595841
18.2184 5598721
18.2208 5601601
18.2445 5604481
18.2469 5607361
18.2493 5610241
18.2517 5613121
18.2754 5616001
18.2778 5618881
18.2802 5621761
18.2826 5624641
18.3063 5627521
18.3087 5630401
18.3111 5633281
18.3135 5636161
18.3159 5639041
18.3384 5641921
18.3408 5644801
18.3432 5647681
18.3456 5650561
18.348 5653441
18.3705 5656321
18.3729 5659201
18.3753 5662081
18.3776 5664961
18.38 5667841
18.4014 5670721
18.4038 5673601
18.4061 5676481
18.4085 5679361
18.4632 5699521
18.473 5702401
18.4754 5705281
18.5051 5706721
18.5399 5716801
18.5712 5719681
18.6033 5722561
18.6354 5725441
18.6675 5728321
18.6983 5731201
18.7292 5734081
18.7601 5736961
18.7625 5739841
18.7922 5742721
18.7946 5745601
18.8243 5748481
18.8267 5751361
18.8564 5754241
18.8588 5757121
18.8873 5760001
18.8897 5762881
18.9194 5764321
18.954 5775841
18.9849 5778721
19.017 5781601
19.0491 5784481
19.0811 5787361
19.1124 5790241
19.1433 5793121
19.1742 5796001
19.1765 5798881
19.2062 5801761
19.2086 5804641
19.2386 5807521
19.241 5810401
19.2707 5813281
19.2731 5816161
19.3016 5819041
19.304 5821921
19.3325 5824801
19.3349 5827681
19.3373 5830561
19.3649 5833441
19.3673 5836321
19.3697 5839201
19.397 5842081
19.3994 5844961
19.4017 5847841
19.4279 5850721
19.4302 5853601
19.4326 5856481
19.4587 5859361
19.4611 5862241
19.4635 5865121
19.4896 5868001
19.492 5870881
19.4944 5873761
19.4968 5876641
19.5217 5879521
19.5241 5882401
19.5265 5885281
19.5292 5888161
19.5538 5891041
19.5562 5893921
19.5586 5896801
19.561 5899681
19.5847 5902561
19.5871 5905441
19.5895 5908321
19.5919 5911201
19.6158 5914081
19.6182 5916961
19.6206 5919841
19.6229 5922721
19.6467 5925601
19.6491 5928481
19.6515 5931361
19.6539 5934241
19.6562 5937121
19.6787 5940001
19.6811 5942881
19.6836 5945761
19.6859 5948641
19.6883 5951521
19.7108 5954401
19.7132 5957281
19.7156 5960161
19.718 5963041
19.7204 5965921
19.7417 5968801
19.7444 5971681
19.7472 5974561
19.7496 5977441
19.752 5980321
19.7726 5983201
19.7753 5986081
19.7781 5988961
19.7805 5991841
19.7829 5994721
19.7853 5997601
19.8047 6000481
19.8074 6003361
19.8102 6006241
19.8126 6009121
19.815 6012001
19.8174 6014881
19.837 6017761
19.8395 6020641
19.8423 6023521
19.8447 6026401
19.847 6029281
19.8494 6032161
19.8678 6035041
19.8707 6037921
19.8732 6040801
19.8755 6043681
19.8779 6046561
19.8803 6049441
19.8987 6052321
19.9016 6055201
19.904 6058081
19.9064 6060961
19.9088 6063841
19.9112 6066721
19.9296 6069601
19.932 6072481
19.9344 6075361
19.9368 6078241
19.9392 6081121
19.944 6086881
19.9617 6089761
19.9641 6092641
19.9665 6095521
19.9689 6098401
19.9713 6101281
19.9761 6104161
19.9784 6107041
19.9938 6109921
19.9962 6112801
19.9986 6115681
20.001 6118561
20.0034 6121441
20.0093 6127201
20.0247 6130081
20.0271 6132961
20.0295 6135841
20.0319 6138721
20.0342 6141601
20.0402 6144481
20.0426 6147361
20.0556 6150241
20.058 6153121
20.0604 6156001
20.0627 6158881
20.0651 6161761
20.0711 6164641
20.0735 6167521
20.0759 6170401
20.0877 6173281
20.0901 6176161
20.0924 6179041
20.0948 6181921
20.1032 6187681
20.1056 6190561
20.108 6193441
20.1197 6196321
20.1221 6199201
20.1245 6202081
20.1269 6204961
20.1353 6207841
20.1377 6210721
20.1401 6213601
20.1425 6216481
20.1506 6219361
20.153 6222241
20.1554 6225121
20.1578 6228001
20.1662 6230881
20.1686 6233761
20.171 6236641
20.1734 6239521
20.1818 6242401
20.1842 6245281
20.1866 6248161
20.189 6251041
20.1971 6253921
20.1995 6256801
20.2019 6259681
20.2043 6262561
20.2127 6265441
20.2151 6268321
20.2175 6271201
20.2199 6274081
20.2223 6276961
20.2291 6279841
20.2315 6282721
20.234 6285601
20.2364 6288481
20.2448 6291361
20.2472 6294241
20.2496 6297121
20.252 6300001
20.2543 6302881
20.2612 6305761
20.2636 6308641
20.2661 6311521
20.2688 6314401
20.2769 6317281
20.3129 6347521
20.3306 6350401
20.3399 6353281
20.3423 6356161
20.3446 6359041
20.3627 6361921
20.3719 6364801
20.3743 6367681
20.3767 6370561
20.3948 6373441
20.4028 6376321
20.4052 6379201
20.4569 6395041
20.4706 6397921
20.5015 6400801
20.5324 6403681
20.535 6406561
20.5645 6409441
20.567 6412321
20.5966 6415201
20.5991 6418081
20.6287 6420961
20.631 6423841
20.6595 6426721
20.6619 6429601
20.6904 6432481
20.6928 6435361
20.6952 6438241
20.7225 6441121
20.7249 6444001
20.7273 6446881
20.7546 6449761
20.757 6452641
20.7594 6455521
20.7869 6458401
20.7893 6461281
20.7917 6464161
20.8178 6467041
20.8202 6469921
20.8226 6472801
20.8487 6475681
20.8511 6478561
20.8534 6481441
20.8558 6484321
20.8807 6487201
20.9164 6501601
20.9461 6504481
20.977 6507361
21.0079 6510241
21.0388 6513121
21.0697 6516001
21.0721 6518881
21.1018 6521761
21.1042 6524641
21.1339 6527521
21.1363 6530401
21.165 6533281
21.1673 6536161
21.1958 6539041
21.1982 6541921
21.2267 6544801
21.2291 6547681
21.2315 6550561
21.2588 6553441
21.2612 6556321
21.2636 6559201
21.2912 6562081
21.2936 6564961
21.296 6567841
21.3221 6570721
21.3245 6573601
21.3269 6576481
21.353 6579361
21.3554 6582241
21.3578 6585121
21.3839 6588001
21.3863 6590881
21.3887 6593761
21.391 6596641
21.416 6599521
21.4184 6602401
21.4207 6605281
21.4231 6608161
21.448 6611041
21.4504 6613921
21.4528 6616801
21.4552 6619681
21.4789 6622561
21.4813 6625441
21.4837 6628321
21.4861 6631201
21.5098 6634081
21.5124 6636961
21.5148 6639841
21.5172 6642721
21.5196 6645601
21.5419 6648481
21.5445 6651361
21.5469 6654241
21.5493 6657121
21.574 6662881
21.5766 6665761
21.579 6668641
21.5814 6671521
21.6061 6674401
21.6085 6677281
21.6109 6680161
21.6133 6683041
21.6156 6685921
21.637 6688801
21.6394 6691681
21.6418 6694561
21.6774 6713281
21.706 6716161
21.7083 6719041
21.738 6721921
21.7404 6724801
21.7701 6727681
21.7725 6730561
21.801 6733441
21.8034 6736321
21.8319 6739201
21.8343 6742081
21.8367 6744961
21.8642 6747841
21.8669 6750721
21.8693 6753601
21.8963 6756481
21.899 6759361
21.9014 6762241
21.9283 6765121
21.9307 6768001
21.9331 6770881
21.9592 6773761
21.9616 6776641
21.964 6779521
21.9908 6782401
21.9932 6785281
21.9956 6788161
22.0538 6802561
22.0835 6805441
22.1144 6808321
22.1453 6811201
22.1762 6814081
22.2071 6816961
22.2095 6819841
22.2394 6822721
22.2417 6825601
22.2714 6828481
22.2738 6831361
22.3023 6834241
22.3047 6837121
22.3332 6840001
22.3356 6842881
22.3641 6845761
22.3665 6848641
22.3689 6851521
22.3962 6854401
22.3986 6857281
22.401 6860161
22.4283 6863041
22.4307 6865921
22.4331 6868801
22.4592 6871681
22.4616 6874561
22.4639 6877441
22.4901 6880321
22.4924 6883201
22.4948 6886081
22.5209 6888961
22.5233 6891841
22.5257 6894721
22.5281 6897601
22.553 6900481
22.5554 6903361
22.5578 6906241
22.5602 6909121
22.5851 6912001
22.5875 6914881
22.5899 6917761
22.5923 6920641
22.6161 6923521
22.6185 6926401
22.6209 6929281
22.6232 6932161
22.647 6935041
22.6494 6937921
22.6517 6940801
22.6541 6943681
22.6565 6946561
22.679 6949441
22.6814 6952321
22.6838 6955201
22.6862 6958081
22.6886 6960961
22.7111 6963841
22.7135 6966721
22.7159 6969601
22.7186 6972481
22.7741 6991201
22.784 6994081
22.805 6996961
22.8373 7002721
22.8694 7005601
22.8717 7008481
22.9002 7011361
22.9026 7014241
22.9311 7017121
22.9335 7020001
22.962 7022881
22.9644 7025761
22.9668 7028641
22.9941 7031521
22.9965 7034401
22.9989 7037281
23.0262 7040161
23.0286 7043041
23.0313 7045921
23.0571 7048801
23.0595 7051681
23.0634 7053121
23.1201 7066081
23.151 7068961
23.1831 7071841
23.2152 7074721
23.2461 7077601
23.277 7080481
23.3079 7083361
23.3103 7086241
23.34 7089121
23.3423 7092001
23.372 7094881
23.3744 7097761
23.4041 7100641
23.4066 7103521
23.4362 7104961
24.4671 7161121
24.698 7162561
24.7304 7165441
24.7625 7168321
24.7945 7171201
24.8266 7174081
24.8575 7176961
24.8884 7179841
24.9193 7182721
24.9217 7185601
24.9514 7188481
24.9538 7191361
24.9835 7194241
24.9859 7197121
25.0156 7200001
25.0179 7202881
25.0464 7205761
25.0488 7208641
25.0773 7211521
25.0797 7214401
25.0821 7217281
25.1094 7220161
25.1118 7223041
25.1142 7225921
25.1417 7228801
25.1441 7231681
25.1465 7234561
25.1726 7237441
25.175 7240321
25.1774 7243201
25.2035 7246081
25.2059 7248961
25.2083 7251841
25.2344 7254721
25.2368 7257601
25.2392 7260481
25.2416 7263361
25.2668 7266241
25.2692 7269121
25.2716 7272001
25.2739 7274881
25.2989 7277761
25.3013 7280641
25.3037 7283521
25.3061 7286401
25.3298 7289281
25.3322 7292161
25.3346 7295041
25.3369 7297921
25.3607 7300801
25.3631 7303681
25.3654 7306561
25.3678 7309441
25.3916 7312321
25.3939 7315201
25.3963 7318081
25.3987 7320961
25.4011 7323841
25.4236 7326721
25.4262 7329601
25.4286 7332481
25.431 7335361
25.4334 7338241
25.4557 7341121
25.4583 7344001
25.4607 7346881
25.4631 7349761
25.4655 7352641
25.4866 7355521
25.4892 7358401
25.4916 7361281
25.494 7364161
25.4963 7367041
25.5175 7369921
25.5201 7372801
25.5225 7375681
25.5248 7378561
25.5284 7380001
25.5793 7400161
25.5902 7403041
25.5926 7405921
25.6211 7408801
25.6235 7411681
25.652 7414561
25.6544 7417441
25.6829 7420321
25.6877 7426081
25.715 7428961
25.7198 7431841
25.7222 7434721
25.7471 7437601
25.7519 7440481
25.7542 7443361
25.7792 7446241
25.7827 7449121
25.7851 7452001
25.8101 7454881
25.8136 7457761
25.816 7460641
25.8409 7463521
25.8445 7466401
25.8469 7469281
25.8493 7472161
25.873 7475041
25.8766 7477921
25.879 7480801
25.8814 7483681
25.9051 7486561
25.9089 7489441
25.9113 7492321
25.9137 7495201
25.9361 7498081
25.9398 7500961
25.9422 7503841
25.9446 7506721
25.967 7509601
25.9707 7512481
25.9731 7515361
25.9755 7518241
25.9978 7521121
26.0016 7524001
26.004 7526881
26.0064 7529761
26.0088 7532641
26.0299 7535521
26.0337 7538401
26.0364 7541281
26.0388 7544161
26.0412 7547041
26.0623 7549921
26.0657 7552801
26.0685 7555681
26.0709 7558561
26.0732 7561441
26.0932 7564321
26.0966 7567201
26.0994 7570081
26.102 7572961
26.1044 7575841
26.1241 7578721
26.1275 7581601
26.1302 7584481
26.1329 7587361
26.1353 7590241
26.1377 7593121
26.1562 7596001
26.1596 7598881
26.1623 7601761
26.165 7604641
26.1674 7607521
26.1698 7610401
26.1883 7613281
26.1917 7616161
26.1944 7619041
26.1971 7621921
26.1995 7624801
26.2018 7627681
26.2192 7630561
26.2226 7633441
26.2253 7636321
26.228 7639201
26.2303 7642081
26.2327 7644961
26.25 7647841
26.2535 7650721
26.2562 7653601
26.2588 7656481
26.2612 7659361
26.2636 7662241
26.2809 7665121
26.2844 7668001
26.2868 7670881
26.2891 7673761
26.2915 7676641
26.2939 7679521
26.2963 7682401
26.313 7685281
26.3165 7688161
26.3188 7691041
26.3212 7693921
26.3236 7696801
26.326 7699681
26.3284 7702561
26.3451 7705441
26.3485 7708321
26.351 7711201
26.3534 7714081
26.3558 7716961
26.3582 7719841
26.3605 7722721
26.376 7725601
26.3794 7728481
26.3819 7731361
26.3843 7734241
26.3867 7737121
26.389 7740001
26.3914 7742881
26.4069 7745761
26.4103 7748641
26.4128 7751521
26.4152 7754401
26.4175 7757281
26.4199 7760161
26.4223 7763041
26.4247 7765921
26.439 7768801
26.4424 7771681
26.4448 7774561
26.4472 7777441
26.4496 7780321
26.452 7783201
26.4544 7786081
26.4568 7788961
26.4711 7791841
26.4747 7794721
26.4771 7797601
26.4795 7800481
26.4819 7803361
26.4843 7806241
26.4866 7809121
26.489 7812001
26.5019 7814881
26.5056 7817761
26.508 7820641
26.5104 7823521
26.5128 7826401
26.5152 7829281
26.518 7832161
26.5204 7835041
26.5328 7837921
26.5365 7840801
26.5389 7843681
26.5746 7872481
26.5983 7875361
26.6007 7878241
26.6031 7881121
26.6057 7884001
26.6304 7886881
26.6327 7889761
26.6352 7892641
26.6378 7895521
26.6624 7898401
26.6648 7901281
26.6672 7904161
26.6699 7907041
26.6945 7909921
26.6969 7912801
26.6993 7915681
26.7017 7918561
26.7256 7921441
26.728 7924321
26.7304 7927201
26.7328 7930081
26.7565 7932961
26.7589 7935841
26.7613 7938721
26.7637 7941601
26.7661 7944481
26.7886 7947361
26.791 7950241
26.8267 7967521
26.8552 7970401
26.8576 7973281
26.8873 7976161
26.8897 7979041
26.9193 7981921
26.9217 7984801
26.9514 7987681
26.9538 7990561
26.9823 7993441
26.9847 7996321
27.0132 7999201
27.0156 8002081
27.0182 8004961
27.0455 8007841
27.0479 8010721
27.0503 8013601
27.0776 8016481
27.08 8019361
27.0824 8022241
27.1097 8025121
27.1121 8028001
27.1145 8030881
27.1408 8033761
27.1432 8036641
27.1456 8039521
27.1717 8042401
27.1742 8045281
27.1766 8048161
27.179 8051041
27.2038 8053921
27.2063 8056801
27.2087 8059681
27.2111 8062561
27.2359 8065441
27.2384 8068321
27.2408 8071201
27.2432 8074081
27.2671 8076961
27.2695 8079841
27.2719 8082721
27.2743 8085601
27.298 8088481
27.3004 8091361
27.3028 8094241
27.3052 8097121
27.3289 8100001
27.3313 8102881
27.3337 8105761
27.336 8108641
27.3384 8111521
27.3613 8114401
27.3637 8117281
27.3661 8120161
27.3685 8123041
27.3709 8125921
27.3934 8128801
27.3958 8131681
27.3982 8134561
27.4006 8137441
27.403 8140321
27.4243 8143201
27.4267 8146081
27.4291 8148961
27.4315 8151841
27.4339 8154721
27.4552 8157601
27.4576 8160481
27.46 8163361
27.4624 8166241
27.4648 8169121
27.4671 8172001
27.4873 8174881
27.523 8195041
27.5503 8197921
27.5527 8200801
27.5812 8203681
27.5836 8206561
27.6455 8216641
27.6764 8219521
28.7073 8222401
28.9382 8223841
28.9703 8226721
29.0024 8229601
29.0345 8232481
29.0665 8235361
29.0974 8238241
29.1283 8241121
29.1592 8244001
29.1616 8246881
29.1915 8249761
29.194 8252641
29.2236 8255521
29.2261 8258401
29.2557 8261281
29.2581 8264161
29.2866 8267041
29.289 8269921
29.3178 8272801
29.3206 8275681
29.323 8278561
29.3499 8281441
29.3527 8284321
29.355 8287201
29.382 8290081
29.3847 8292961
29.3871 8295841
29.4131 8298721
29.4156 8301601
29.418 8304481
29.444 8307361
29.4465 8310241
29.4489 8313121
29.475 8316001
29.4774 8318881
29.4798 8321761
29.4825 8324641
29.507 8327521
29.5095 8330401
29.5123 8333281
29.5146 8336161
29.5391 8339041
29.5416 8341921
29.5443 8344801
29.5467 8347681
29.57 8350561
29.5725 8353441
29.5752 8356321
29.5776 8359201
29.6012 8362081
29.6036 8364961
29.6064 8367841
29.6088 8370721
29.6321 8373601
29.6345 8376481
29.6369 8379361
29.6417 8385121
29.6642 8388001
29.6666 8390881
29.669 8393761
29.6737 8396641
29.6761 8399521
29.6963 8402401
29.6987 8405281
29.701 8408161
29.7046 8411041
29.707 8413921
29.7272 8416801
29.7295 8419681
29.7319 8422561
29.7355 8425441
29.7379 8428321
29.758 8431201
29.7604 8434081
29.7628 8436961
29.7664 8439841
29.7688 8442721
29.7712 8445601
29.7901 8448481
29.7925 8451361
29.7949 8454241
29.7985 8457121
29.8009 8460001
29.8036 8462881
29.8222 8465761
29.8246 8468641
29.827 8471521
29.8306 8474401
29.833 8477281
29.8357 8480161
29.8531 8483041
29.8555 8485921
29.8579 8488801
29.8615 8491681
29.8639 8494561
29.8666 8497441
29.8842 8500321
29.887 8503201
29.8894 8506081
29.8926 8508961
29.895 8511841
29.8975 8514721
29.9151 8517601
29.9179 8520481
29.9203 8523361
29.9227 8526241
29.9251 8529121
29.9274 8532001
29.9298 8534881
29.9472 8537761
29.95 8540641
29.9524 8543521
29.9547 8546401
29.9571 8549281
29.9595 8552161
29.9619 8555041
29.9793 8557921
29.9821 8560801
29.9844 8563681
29.9868 8566561
29.9892 8569441
29.9916 8572321
29.994 8575201
30.0102 8578081
30.0129 8580961
30.0153 8583841
30.0177 8586721
30.0202 8589601
30.0225 8592481
30.0249 8595361
30.041 8598241
30.0438 8601121
30.0462 8604001
30.0486 8606881
30.051 8609761
30.0534 8612641
30.0558 8615521
30.0582 8618401
30.0731 8621281
30.0759 8624161
30.0783 8627041
30.0807 8629921
30.0831 8632801
30.0855 8635681
30.0879 8638561
30.0903 8641441
