0.300938 2881
0.302133 4321
0.343372 5761
0.344567 7201
0.345762 8641
0.385457 10081
0.386652 11521
0.387847 12961
0.426346 14401
0.427541 15841
0.428736 17281
0.429932 18721
0.431127 20161
0.432322 21601
0.468455 23041
0.46965 24481
0.470845 25921
0.47204 27361
0.473236 28801
0.474431 30241
0.475626 31681
0.476821 33121
0.478016 34561
0.51054 36001
0.511735 37441
0.51293 38881
0.514125 40321
0.51532 41761
0.516516 43201
0.517711 44641
0.518906 46081
0.520101 47521
0.521296 48961
0.522492 50401
0.523796 51841
0.551429 53281
0.552624 54721
0.55382 56161
0.555015 57601
0.55621 59041
0.557405 60481
0.5586 61921
0.559796 63361
0.560991 64801
0.562186 66241
0.563381 67681
0.564576 69121
0.565772 70561
0.566967 72001
0.568162 73441
0.569357 74881
0.570552 76321
0.571748 77761
0.59248 79201
0.593676 80641
0.594871 82081
0.596066 83521
0.597261 84961
0.598456 86401
0.599652 87841
0.600847 89281
0.602042 90721
0.603237 92161
0.604432 93601
0.605628 95041
0.606823 96481
0.608018 97921
0.609213 99361
0.610408 100801
0.611604 102241
0.612799 103681
0.613994 105121
0.615189 106561
0.616384 108001
0.61758 109441
0.618775 110881
0.61997 112321
0.621165 113761
0.62236 115201
0.623556 116641
0.63337 118081
0.634565 119521
0.63576 120961
0.636956 122401
0.638151 123841
0.639346 125281
0.640541 126721
0.641736 128161
0.642932 129601
0.644127 131041
0.645322 132481
0.646517 133921
0.647712 135361
0.649266 136801
0.650461 138241
0.651656 139681
0.652852 141121
0.654047 142561
0.655242 144001
0.656437 145441
0.657632 146881
0.658828 148321
0.660023 149761
0.661218 151201
0.662413 152641
0.663608 154081
0.664804 155521
0.665999 156961
0.667194 158401
0.668389 159841
0.669584 161281
0.67078 162721
0.671975 164161
0.67317 165601
0.674365 167041
0.67556 168481
0.676756 169921
0.677951 171361
0.679146 172801
0.680341 174241
0.681536 175681
0.682732 177121
0.683927 178561
0.685122 180001
0.686317 181441
0.687512 182881
0.688708 184321
0.689903 185761
0.691098 187201
0.692293 188641
0.693488 190081
0.694684 191521
0.695879 192961
0.697074 194401
0.698269 195841
0.699464 197281
0.70066 198721
0.701855 200161
0.70305 201601
0.704245 203041
0.70544 204481
0.706636 205921
0.707831 207361
0.709026 208801
0.710221 210241
0.711416 211681
0.712612 213121
0.713807 214561
0.715002 216001
0.716197 217441
0.717392 218881
0.718588 220321
0.719783 221761
0.720978 223201
0.722173 224641
0.723368 226081
0.724564 227521
0.725759 228961
0.726954 230401
0.728149 231841
0.729344 233281
0.73054 234721
0.731735 236161
0.73293 237601
0.734125 239041
0.73532 240481
0.736516 241921
0.737711 243361
0.738906 244801
0.740101 246241
0.741296 247681
0.742492 249121
0.743687 250561
0.744882 252001
0.746077 253441
0.747272 254881
0.748468 256321
0.749663 257761
0.750858 259201
0.752053 260641
0.753248 262081
0.754444 263521
0.755639 264961
0.756834 266401
0.758029 267841
0.759224 269281
0.76042 270721
0.761615 272161
0.76281 273601
0.764005 275041
0.7652 276481
0.766396 277921
0.767591 279361
0.768786 280801
0.769981 282241
0.771176 283681
0.772372 285121
0.773567 286561
0.774762 288001
0.775957 289441
0.777152 290881
0.778348 292321
0.779543 293761
0.780738 295201
0.781933 296641
0.783128 298081
0.784324 299521
0.785519 300961
0.786714 302401
0.787909 303841
0.789104 305281
0.7903 306721
0.791495 308161
0.79269 309601
0.793885 311041
0.79508 312481
0.796276 313921
0.797471 315361
0.798666 316801
0.799861 318241
0.801056 319681
0.802252 321121
0.803447 322561
0.804642 324001
0.805837 325441
0.807032 326881
0.808228 328321
0.809423 329761
0.810618 331201
0.811813 332641
0.813008 334081
0.814203 335521
0.815399 336961
0.816594 338401
0.817789 339841
0.818984 341281
0.820179 342721
0.821375 344161
0.82257 345601
0.823765 347041
0.82496 348481
0.826155 349921
0.827351 351361
0.828546 352801
0.829741 354241
0.830936 355681
0.832131 357121
0.833327 358561
0.834522 360001
0.835717 361441
0.836912 362881
0.838107 364321
0.839303 365761
0.840498 367201
0.841693 368641
0.842888 370081
0.844083 371521
0.845279 372961
0.846474 374401
0.847669 375841
0.848864 377281
0.850059 378721
0.851255 380161
0.85245 381601
0.853645 383041
0.85484 384481
0.856035 385921
0.857231 387361
0.858426 388801
0.859621 390241
0.860816 391681
0.862011 393121
0.863207 394561
0.864402 396001
0.865597 397441
0.866792 398881
0.867987 400321
0.869183 401761
0.870378 403201
0.871573 404641
0.872768 406081
0.873963 407521
0.875159 408961
0.876354 410401
0.877549 411841
0.878744 413281
0.879939 414721
0.881135 416161
0.88233 417601
0.883525 419041
0.88472 420481
0.885915 421921
0.887111 423361
0.888306 424801
0.889501 426241
0.890696 427681
0.891891 429121
0.893087 430561
0.894282 432001
0.895477 433441
0.896672 434881
0.897867 436321
0.899063 437761
0.900258 439201
0.901453 440641
0.902648 442081
0.903843 443521
0.905039 444961
0.906234 446401
0.907429 447841
0.908624 449281
0.909819 450721
0.911015 452161
0.91221 453601
0.913405 455041
0.9146 456481
0.915795 457921
0.916991 459361
1.10786 460801
1.10786 462241
1.10786 463681
1.10786 465121
1.10786 466561
1.10786 468001
1.10786 469441
1.10786 470881
1.10786 472321
1.10786 473761
1.10786 475201
1.10786 476641
1.10786 478081
1.10786 479521
1.10786 480961
1.10786 482401
1.10786 483841
1.10786 485281
1.10786 486721
1.10786 488161
1.10786 489601
1.10786 491041
1.10786 492481
1.10786 493921
1.10786 495361
1.10786 496801
1.10786 498241
1.10786 499681
1.10786 501121
1.10786 502561
1.10786 504001
1.10786 505441
1.10786 506881
1.10786 508321
1.10786 509761
1.10786 511201
1.10786 512641
1.10786 514081
1.10786 515521
1.10786 516961
1.10786 518401
1.10786 519841
1.10786 521281
1.10786 522721
1.10786 524161
1.10786 525601
1.10786 527041
1.10786 528481
1.10786 529921
1.10786 531361
1.10786 532801
1.10786 534241
1.10786 535681
1.10786 537121
1.10786 538561
1.10786 540001
1.10786 541441
1.10786 542881
1.10786 544321
1.10786 545761
1.10786 547201
1.10786 548641
1.10786 550081
1.10786 551521
1.10906 552961
1.10906 554401
1.10906 555841
1.10906 557281
1.10906 558721
1.10906 560161
1.10906 561601
1.10906 563041
1.10906 564481
1.10906 565921
1.10906 567361
1.10906 568801
1.10906 570241
1.11025 571681
1.11025 573121
1.11025 574561
1.11025 576001
1.11025 577441
1.11025 578881
1.11025 580321
1.11025 581761
1.11264 583201
1.11264 584641
1.11504 586081
1.11504 587521
1.11504 588961
1.11504 590401
1.11504 591841
1.11504 593281
1.11504 594721
1.11504 596161
1.11504 597601
1.11504 599041
1.11504 600481
1.11504 601921
1.11504 603361
1.11504 604801
1.11504 606241
1.11504 607681
1.11504 609121
1.11504 610561
1.11504 612001
1.11504 613441
1.11504 614881
1.11504 616321
1.11504 617761
1.11504 619201
1.11504 620641
1.11504 622081
1.14611 623521
1.14611 624961
1.14611 626401
1.14611 627841
1.14611 629281
1.14611 630721
1.14611 632161
1.14611 633601
1.14611 635041
1.14611 636481
1.14611 637921
1.14611 639361
1.14611 640801
1.14611 642241
1.14611 643681
1.16404 645121
1.16404 646561
1.16404 648001
1.16404 649441
1.16404 650881
1.16404 652321
1.16404 653761
1.16404 655201
1.16404 656641
1.16404 658081
1.16404 659521
1.16404 660961
1.16404 662401
1.16404 663841
1.16404 665281
1.16404 666721
1.16404 668161
1.16404 669601
1.16404 671041
1.16404 672481
1.16404 673921
1.16404 675361
1.19033 676801
1.19033 678241
1.19033 679681
1.19033 681121
1.19033 682561
1.19033 684001
1.19033 685441
1.19033 686881
1.19033 688321
1.19033 689761
1.19033 691201
1.19033 692641
1.19033 694081
1.19033 695521
1.19033 696961
1.19033 698401
1.19033 699841
1.19033 701281
1.19033 702721
1.19033 704161
1.19033 705601
1.19033 707041
1.19033 708481
1.19033 709921
1.19033 711361
1.19033 712801
1.19033 714241
1.19033 715681
1.19033 717121
1.19033 718561
1.19033 720001
1.19033 721441
1.19033 722881
1.19033 724321
1.19033 725761
1.19033 727201
1.19033 728641
1.19033 730081
1.19033 731521
1.19033 732961
1.19033 734401
1.19033 735841
1.19033 737281
1.19033 738721
1.19033 740161
1.19033 741601
1.19033 743041
1.19033 744481
1.19033 745921
1.19033 747361
1.19033 748801
1.19033 750241
1.19033 751681
1.19033 753121
1.19033 754561
1.19033 756001
1.19033 757441
1.19033 758881
1.19033 760321
1.19033 761761
1.19033 763201
1.19033 764641
1.19033 766081
1.19033 767521
1.19033 768961
1.19033 770401
1.19033 771841
1.19033 773281
1.19033 774721
1.19033 776161
1.19033 777601
1.19033 779041
1.19033 780481
1.19033 781921
1.19153 783361
1.19272 784801
1.19392 786241
1.2991 787681
1.2991 789121
1.2991 790561
1.2991 792001
1.2991 793441
1.2991 794881
1.2991 796321
1.2991 797761
1.2991 799201
1.2991 800641
1.2991 802081
1.2991 803521
1.2991 804961
1.2991 806401
1.2991 807841
1.2991 809281
1.2991 810721
1.2991 812161
1.2991 813601
1.2991 815041
1.2991 816481
1.2991 817921
1.2991 819361
1.2991 820801
1.2991 822241
1.2991 823681
1.2991 825121
1.2991 826561
1.2991 828001
1.2991 829441
1.2991 830881
1.2991 832321
1.2991 833761
1.2991 835201
1.2991 836641
1.2991 838081
1.2991 839521
1.2991 840961
1.2991 842401
1.2991 843841
1.2991 845281
1.2991 846721
1.2991 848161
1.2991 849601
1.2991 851041
1.2991 852481
1.2991 853921
1.2991 855361
1.2991 856801
1.2991 858241
1.2991 859681
1.2991 861121
1.2991 862561
1.2991 864001
1.2991 865441
1.2991 866881
1.2991 868321
1.2991 869761
1.2991 871201
1.2991 872641
1.2991 874081
1.2991 875521
1.2991 876961
1.2991 878401
1.2991 879841
1.2991 881281
1.2991 882721
1.2991 884161
1.2991 885601
1.2991 887041
1.2991 888481
1.2991 889921
1.2991 891361
1.2991 892801
1.33854 894241
1.33854 895681
1.33854 897121
1.33854 898561
1.33854 900001
1.33854 901441
1.33854 902881
1.33854 904321
1.33854 905761
1.33854 907201
1.33854 908641
1.33854 910081
1.33854 911521
1.33854 912961
1.33854 914401
1.33854 915841
1.33854 917281
1.33854 918721
1.33854 920161
1.33854 921601
1.33854 923041
1.33854 924481
1.33854 925921
1.33854 927361
1.33854 928801
1.33854 930241
1.33854 931681
1.33854 933121
1.33854 934561
1.33854 936001
1.33854 937441
1.33854 938881
1.33854 940321
1.33854 941761
1.33854 943201
1.33854 944641
1.33854 946081
1.33854 947521
1.33854 948961
1.33973 950401
1.34093 951841
1.34212 953281
1.34332 954721
1.34571 956161
1.39471 957601
1.39471 959041
1.39471 960481
1.39471 961921
1.39471 963361
1.39471 964801
1.39471 966241
1.39471 967681
1.39471 969121
1.39471 970561
1.39471 972001
1.39471 973441
1.39471 974881
1.39471 976321
1.39471 977761
1.39471 979201
1.39471 980641
1.39471 982081
1.39471 983521
1.39471 984961
1.39471 986401
1.39471 987841
1.39471 989281
1.39471 990721
1.39471 992161
1.39471 993601
1.39471 995041
1.39471 996481
1.39471 997921
1.39471 999361
1.39471 1000801
1.39471 1002241
1.39471 1003681
1.39471 1005121
1.39471 1006561
1.39471 1008001
1.39471 1009441
1.39471 1010881
1.39471 1012321
1.39471 1013761
1.4153 1015201
1.41684 1016641
1.41803 1018081
1.41923 1019521
1.42044 1020961
1.42163 1022401
1.42283 1023841
1.42402 1025281
1.42522 1026721
1.42641 1028161
1.42761 1029601
1.4288 1031041
1.43 1032481
1.43119 1033921
1.43239 1035361
1.43358 1036801
1.43478 1038241
1.43597 1039681
1.45773 1041121
1.45892 1042561
1.46012 1044001
1.46131 1045441
1.46291 1046881
1.46411 1048321
1.4653 1049761
1.4665 1051201
1.46769 1052641
1.46889 1054081
1.47008 1055521
1.47128 1056961
1.47248 1058401
1.47367 1059841
1.47487 1061281
1.47606 1062721
1.47726 1064161
1.47845 1065601
1.49981 1067041
1.50101 1068481
1.5022 1069921
1.5034 1071361
1.505 1072801
1.50619 1074241
1.50739 1075681
1.50858 1077121
1.50978 1078561
1.51097 1080001
1.51217 1081441
1.51336 1082881
1.51456 1084321
1.51576 1085761
1.51695 1087201
1.51815 1088641
1.51934 1090081
1.52054 1091521
1.5419 1092961
1.54309 1094401
1.54429 1095841
1.54548 1097281
1.54668 1098721
1.54787 1100161
1.54919 1101601
1.55038 1103041
1.55158 1104481
1.55278 1105921
1.55397 1107361
1.55517 1108801
1.55636 1110241
1.55756 1111681
1.55875 1113121
1.55995 1114561
1.56114 1116001
1.56234 1117441
1.56353 1118881
1.58398 1120321
1.58518 1121761
1.58637 1123201
1.58757 1124641
1.58876 1126081
1.58996 1127521
1.59127 1128961
1.59247 1130401
1.59366 1131841
1.59486 1133281
1.59606 1134721
1.59725 1136161
1.59845 1137601
1.59964 1139041
1.60084 1140481
1.60203 1141921
1.60354 1143361
1.60474 1144801
1.62487 1146241
1.62607 1147681
1.62726 1149121
1.62846 1150561
1.62965 1152001
1.63085 1153441
1.63204 1154881
1.63324 1156321
1.63443 1157761
1.63563 1159201
1.63682 1160641
1.63802 1162081
1.63921 1163521
1.64041 1164961
1.6416 1166401
1.6428 1167841
1.64399 1169281
1.64519 1170721
1.64638 1172161
1.66576 1173601
1.66696 1175041
1.66815 1176481
1.66935 1177921
1.67054 1179361
1.67174 1180801
1.67293 1182241
1.67413 1183681
1.67532 1185121
1.67652 1186561
1.67771 1188001
1.67891 1189441
1.6801 1190881
1.6813 1192321
1.68249 1193761
1.68369 1195201
1.68488 1196641
1.68608 1198081
1.68727 1199521
1.68847 1200961
1.70822 1202401
1.70941 1203841
1.71061 1205281
1.7118 1206721
1.713 1208161
1.71419 1209601
1.71539 1211041
1.71658 1212481
1.71778 1213921
1.71897 1215361
1.72017 1216801
1.72137 1218241
1.72256 1219681
1.72376 1221121
1.72495 1222561
1.72615 1224001
1.72734 1225441
1.72854 1226881
1.72973 1228321
1.73093 1229761
1.73212 1231201
1.7503 1232641
1.7515 1234081
1.75269 1235521
1.79838 1236961
1.79838 1238401
1.79838 1239841
1.79838 1241281
1.79838 1242721
1.79838 1244161
1.79838 1245601
1.79838 1247041
1.79838 1248481
1.79838 1249921
1.79838 1251361
1.79838 1252801
1.79838 1254241
1.79838 1255681
1.79838 1257121
1.79838 1258561
1.79838 1260001
1.79838 1261441
1.79838 1262881
1.79838 1264321
1.79838 1265761
1.79838 1267201
1.79838 1268641
1.81277 1270081
1.81396 1271521
1.8321 1272961
1.83329 1274401
1.83449 1275841
1.83568 1277281
1.83689 1278721
1.83809 1280161
1.83928 1281601
1.85485 1283041
1.85605 1284481
1.87418 1285921
1.87538 1287361
1.87657 1288801
1.87777 1290241
1.87898 1291681
1.88017 1293121
1.89577 1294561
1.89696 1296001
1.89816 1297441
1.91507 1298881
1.91627 1300321
1.91746 1301761
1.91866 1303201
1.91987 1304641
1.92106 1306081
1.93666 1307521
1.93785 1308961
1.93905 1310401
1.94024 1311841
1.95716 1313281
1.95835 1314721
1.95955 1316161
1.96074 1317601
1.96195 1319041
1.96315 1320481
1.97874 1321921
1.97994 1323361
1.98113 1324801
1.98233 1326241
1.99924 1327681
2.00044 1329121
2.00163 1330561
2.00283 1332001
2.00402 1333441
2.00522 1334881
2.00641 1336321
2.02083 1337761
2.02202 1339201
2.02322 1340641
2.02441 1342081
2.04133 1343521
2.04252 1344961
2.04372 1346401
2.04491 1347841
2.04611 1349281
2.0473 1350721
2.06172 1352161
2.06291 1353601
2.06411 1355041
2.0653 1356481
2.08222 1357921
2.08341 1359361
2.08461 1360801
2.0858 1362241
2.087 1363681
2.08819 1365121
2.08939 1366561
2.10261 1368001
2.1038 1369441
2.105 1370881
2.10619 1372321
2.1231 1373761
2.1243 1375201
2.1255 1376641
2.12669 1378081
2.12789 1379521
2.12908 1380961
2.13028 1382401
2.13147 1383841
2.14469 1385281
2.14589 1386721
2.14708 1388161
2.14828 1389601
2.16519 1391041
2.16638 1392481
2.16758 1393921
2.16878 1395361
2.16997 1396801
2.17117 1398241
2.17236 1399681
2.17356 1401121
2.17475 1402561
2.18678 1404001
2.18797 1405441
2.18917 1406881
2.19036 1408321
2.20727 1409761
2.20847 1411201
2.20966 1412641
2.21086 1414081
2.21206 1415521
2.21325 1416961
2.21445 1418401
2.21564 1419841
2.23006 1421281
2.23125 1422721
2.23245 1424161
2.23364 1425601
2.24816 1427041
2.24936 1428481
2.25055 1429921
2.25175 1431361
2.25294 1432801
2.25414 1434241
2.25534 1435681
2.25653 1437121
2.27094 1438561
2.27214 1440001
2.27334 1441441
2.27453 1442881
2.27573 1444321
2.28933 1445761
2.29052 1447201
2.29172 1448641
2.29291 1450081
2.29411 1451521
2.2953 1452961
2.2965 1454401
2.29769 1455841
2.31183 1457281
2.31303 1458721
2.31422 1460161
2.31542 1461601
2.31662 1463041
2.31781 1464481
2.33141 1465921
2.33261 1467361
2.3338 1468801
2.335 1470241
2.33619 1471681
2.33739 1473121
2.33858 1474561
2.33978 1476001
2.35392 1477441
2.35511 1478881
2.35631 1480321
2.3575 1481761
2.3587 1483201
2.3599 1484641
2.3735 1486081
2.37469 1487521
2.37589 1488961
2.37708 1490401
2.37828 1491841
2.37947 1493281
2.38067 1494721
2.38186 1496161
2.38306 1497601
2.396 1499041
2.3972 1500481
2.39839 1501921
2.39959 1503361
2.40078 1504801
2.40198 1506241
2.41558 1507681
2.41678 1509121
2.41797 1510561
2.41917 1512001
2.42036 1513441
2.42156 1514881
2.42275 1516321
2.42395 1517761
2.43689 1519201
2.43809 1520641
2.43928 1522081
2.44048 1523521
2.44167 1524961
2.44287 1526401
2.45647 1527841
2.45767 1529281
2.45886 1530721
2.46006 1532161
2.46125 1533601
2.46245 1535041
2.46364 1536481
2.46484 1537921
2.46603 1539361
2.47778 1540801
2.47898 1542241
2.48017 1543681
2.48137 1545121
2.48256 1546561
2.48376 1548001
2.49736 1549441
2.49856 1550881
2.49975 1552321
2.50095 1553761
2.50214 1555201
2.50334 1556641
2.50453 1558081
2.50573 1559521
2.50692 1560961
2.50812 1562401
2.51987 1563841
2.52106 1565281
2.52226 1566721
2.52345 1568161
2.52465 1569601
2.52584 1571041
2.53945 1572481
2.54064 1573921
2.54184 1575361
2.54303 1576801
2.54423 1578241
2.54542 1579681
2.54662 1581121
2.54781 1582561
2.54901 1584001
2.5502 1585441
2.5514 1586881
2.56195 1588321
2.56315 1589761
2.56434 1591201
2.56554 1592641
2.56673 1594081
2.56793 1595521
2.58153 1596961
2.58273 1598401
2.58392 1599841
2.58512 1601281
2.58631 1602721
2.58751 1604161
2.5887 1605601
2.5899 1607041
2.59109 1608481
2.59229 1609921
2.6032 1611361
2.6044 1612801
2.60559 1614241
2.60679 1615681
2.60798 1617121
2.60918 1618561
2.62242 1620001
2.62362 1621441
2.62481 1622881
2.62601 1624321
2.6272 1625761
2.6284 1627201
2.62959 1628641
2.63079 1630081
2.63198 1631521
2.63318 1632961
2.64434 1634401
2.64554 1635841
2.64673 1637281
2.64793 1638721
2.64912 1640161
2.65032 1641601
2.65151 1643041
2.66331 1644481
2.6645 1645921
2.6657 1647361
2.6669 1648801
2.66809 1650241
2.66929 1651681
2.67048 1653121
2.67168 1654561
2.67287 1656001
2.67407 1657441
2.68523 1658881
2.68642 1660321
2.68762 1661761
2.68882 1663201
2.69001 1664641
2.69121 1666081
2.6924 1667521
2.6936 1668961
2.70539 1670401
2.70659 1671841
2.70778 1673281
2.70898 1674721
2.71018 1676161
2.71137 1677601
2.71257 1679041
2.71376 1680481
2.71496 1681921
2.71615 1683361
2.72731 1684801
2.72851 1686241
2.7297 1687681
2.7309 1689121
2.7321 1690561
2.73449 1692001
2.73568 1693441
2.73688 1694881
2.73807 1696321
2.74748 1697761
2.74867 1699201
2.74987 1700641
2.75106 1702081
2.75226 1703521
2.75346 1704961
2.75465 1706401
2.75585 1707841
2.75704 1709281
2.75824 1710721
2.76942 1712161
2.77062 1713601
2.77181 1715041
2.77301 1716481
2.7754 1717921
2.77659 1719361
2.77779 1720801
2.77898 1722241
2.78837 1723681
2.78956 1725121
2.79076 1726561
2.79195 1728001
2.79315 1729441
2.79434 1730881
2.79554 1732321
2.79674 1733761
2.79793 1735201
2.79913 1736641
2.81031 1738081
2.81151 1739521
2.8127 1740961
2.8139 1742401
2.81629 1743841
2.81748 1745281
2.81868 1746721
2.81987 1748161
2.82926 1749601
2.83045 1751041
2.83165 1752481
2.83284 1753921
2.83404 1755361
2.83523 1756801
2.83643 1758241
2.83762 1759681
2.83882 1761121
2.84002 1762561
2.84121 1764001
2.8512 1765441
2.8524 1766881
2.85359 1768321
2.85479 1769761
2.85718 1771201
2.85837 1772641
2.85957 1774081
2.86076 1775521
2.87015 1776961
2.87134 1778401
2.87493 1779841
2.87612 1781281
2.87732 1782721
2.9242 1784161
2.9242 1785601
2.9242 1787041
2.9242 1788481
2.9242 1789921
2.9242 1791361
2.9242 1792801
2.9242 1794241
2.9242 1795681
2.9242 1797121
2.9242 1798561
2.9242 1800001
2.9242 1801441
2.9242 1802881
2.9242 1804321
2.9242 1805761
2.9242 1807201
2.9242 1808641
2.9242 1810081
2.9242 1811521
2.9242 1812961
2.9242 1814401
2.94654 1815841
2.9535 1817281
2.95469 1818721
2.95792 1820161
2.95911 1821601
2.96152 1823041
2.96271 1824481
2.96391 1825921
2.9651 1827361
2.99439 1828801
2.99558 1830241
2.99881 1831681
3 1833121
3.00241 1834561
3.0036 1836001
3.0048 1837441
3.00599 1838881
3.0397 1840321
3.04089 1841761
3.04209 1843201
3.04328 1844641
3.04448 1846081
3.04567 1847521
3.04687 1848961
3.04806 1850401
3.08095 1851841
3.08214 1853281
3.08334 1854721
3.08453 1856161
3.08573 1857601
3.08692 1859041
3.08812 1860481
3.08931 1861921
3.09051 1863361
3.12183 1864801
3.12303 1866241
3.12423 1867681
3.12542 1869121
3.12662 1870561
3.12781 1872001
3.12901 1873441
3.1302 1874881
3.1314 1876321
3.13259 1877761
3.16392 1879201
3.16511 1880641
3.16631 1882081
3.16751 1883521
3.16883 1884961
3.17003 1886401
3.17122 1887841
3.17242 1889281
3.17361 1890721
3.206 1892161
3.2072 1893601
3.20839 1895041
3.20959 1896481
3.21079 1897921
3.21198 1899361
3.21318 1900801
3.2878 1902241
3.2878 1903681
3.2878 1905121
3.2878 1906561
3.2878 1908001
3.2878 1909441
3.2878 1910881
3.2878 1912321
3.2878 1913761
3.2878 1915201
3.2878 1916641
3.2878 1918081
3.2878 1919521
3.29616 1920961
3.29738 1922401
3.29857 1923841
3.32869 1925281
3.33866 1926721
3.33985 1928161
3.36994 1929601
3.37113 1931041
3.38074 1932481
3.38194 1933921
3.38313 1935361
3.41202 1936801
3.41322 1938241
3.42283 1939681
3.42402 1941121
3.45291 1942561
3.45411 1944001
3.46374 1945441
3.46493 1946881
3.49417 1948321
3.49536 1949761
3.49656 1951201
3.50463 1952641
3.50582 1954081
3.53506 1955521
3.53625 1956961
3.53745 1958401
3.53864 1959841
3.54671 1961281
3.54791 1962721
3.57714 1964161
3.57834 1965601
3.57953 1967041
3.58073 1968481
3.5888 1969921
3.58999 1971361
3.59119 1972801
3.61923 1974241
3.6205 1975681
3.6217 1977121
3.62289 1978561
3.63088 1980001
3.63208 1981441
3.66012 1982881
3.66131 1984321
3.66258 1985761
3.66378 1987201
3.67177 1988641
3.67297 1990081
3.701 1991521
3.7022 1992961
3.7034 1994401
3.70459 1995841
3.70579 1997281
3.71266 1998721
3.71386 2000161
3.74198 2001601
3.74317 2003041
3.74437 2004481
3.74556 2005921
3.74676 2007361
3.74795 2008801
3.75475 2010241
3.75594 2011681
3.78406 2013121
3.78526 2014561
3.78645 2016001
3.78765 2017441
3.78884 2018881
3.83893 2020321
3.83893 2021761
3.83893 2023201
3.83893 2024641
3.83893 2026081
3.83893 2027521
3.83893 2028961
3.83893 2030401
3.83893 2031841
3.83893 2033281
3.83893 2034721
3.87424 2036161
3.87864 2037601
3.87984 2039041
3.91953 2040481
3.92073 2041921
3.96079 2043361
3.96199 2044801
3.96318 2046241
4.00168 2047681
4.00288 2049121
4.00407 2050561
4.00527 2052001
4.04377 2053441
4.04496 2054881
4.04616 2056321
4.04735 2057761
4.08585 2059201
4.08705 2060641
4.08825 2062081
4.08944 2063521
4.09064 2064961
4.12794 2066401
4.12913 2067841
4.13033 2069281
4.13153 2070721
4.16913 2072161
4.17032 2073601
4.17152 2075041
4.17272 2076481
4.17391 2077921
4.21002 2079361
4.21121 2080801
4.21241 2082241
4.2136 2083681
4.2148 2085121
4.2161 2086561
4.2521 2088001
4.2533 2089441
4.25449 2090881
4.25569 2092321
4.2573 2093761
4.25849 2095201
4.29419 2096641
4.29538 2098081
4.29658 2099521
4.29777 2100961
4.29897 2102401
4.30016 2103841
4.30136 2105281
4.33627 2106721
4.33747 2108161
4.33866 2109601
4.33986 2111041
4.34105 2112481
4.34225 2113921
4.37716 2115361
4.37836 2116801
4.37955 2118241
4.38075 2119681
4.38194 2121121
4.38314 2122561
4.38433 2124001
4.41805 2125441
4.41925 2126881
4.42044 2128321
4.42164 2129761
4.42283 2131201
4.42403 2132641
4.42522 2134081
4.42642 2135521
4.46014 2136961
4.46133 2138401
4.46253 2139841
4.46372 2141281
4.46492 2142721
4.46611 2144161
4.46731 2145601
4.4685 2147041
4.4697 2148481
4.50222 2149921
4.50342 2151361
4.50461 2152801
4.50581 2154241
4.507 2155681
4.5082 2157121
4.50939 2158561
4.51059 2160001
4.54311 2161441
4.54431 2162881
4.5455 2164321
4.5467 2165761
4.54789 2167201
4.54909 2168641
4.55028 2170081
4.55148 2171521
4.584 2172961
4.5852 2174401
4.58639 2175841
4.58759 2177281
4.58878 2178721
4.58998 2180161
4.59117 2181601
4.59237 2183041
4.59356 2184481
4.62489 2185921
4.62644 2187361
4.62764 2188801
4.62884 2190241
4.63003 2191681
4.63123 2193121
4.63242 2194561
4.63362 2196001
4.63481 2197441
4.63601 2198881
4.66733 2200321
4.66853 2201761
4.66972 2203201
4.67092 2204641
4.67212 2206081
4.67331 2207521
4.67451 2208961
4.6757 2210401
4.6769 2211841
4.67809 2213281
4.67929 2214721
4.70942 2216161
4.71061 2217601
4.71181 2219041
4.713 2220481
4.7142 2221921
4.7154 2223361
4.71659 2224801
4.71779 2226241
4.71898 2227681
4.72031 2229121
4.75031 2230561
4.7515 2232001
4.7527 2233441
4.75403 2234881
4.75522 2236321
4.75642 2237761
4.75761 2239201
4.75881 2240641
4.76 2242081
4.7612 2243521
4.76239 2244961
4.79157 2246401
4.79277 2247841
4.79396 2249281
4.79516 2250721
4.79635 2252161
4.79755 2253601
4.79874 2255041
4.79994 2256481
4.80113 2257921
4.80233 2259361
4.80352 2260801
4.80472 2262241
4.83366 2263681
4.83485 2265121
4.83605 2266561
4.83724 2268001
4.83844 2269441
4.83963 2270881
4.84083 2272321
4.84202 2273761
4.84322 2275201
4.84441 2276641
4.84561 2278081
4.8468 2279521
4.848 2280961
4.87574 2282401
4.87694 2283841
4.87813 2285281
4.87933 2286721
4.88052 2288161
4.88172 2289601
4.88291 2291041
4.88411 2292481
4.8853 2293921
4.8865 2295361
4.88769 2296801
4.88889 2298241
4.91666 2299681
4.91785 2301121
4.91905 2302561
4.92024 2304001
4.92144 2305441
4.92263 2306881
4.92383 2308321
4.92502 2309761
4.92622 2311201
4.92741 2312641
4.92861 2314081
4.9298 2315521
4.95755 2316961
4.95874 2318401
4.95994 2319841
4.96113 2321281
4.96233 2322721
4.9639 2324161
4.9651 2325601
4.96629 2327041
4.96749 2328481
4.96868 2329921
4.96988 2331361
4.97108 2332801
4.97227 2334241
4.99844 2335681
4.99963 2337121
5.00083 2338561
5.00202 2340001
5.00602 2341441
5.00722 2342881
5.00841 2344321
5.00961 2345761
5.0108 2347201
5.012 2348641
5.01319 2350081
5.01439 2351521
5.01558 2352961
5.01678 2354401
5.04052 2355841
5.04172 2357281
5.04291 2358721
5.04411 2360161
5.04811 2361601
5.0493 2363041
5.0505 2364481
5.05169 2365921
5.05289 2367361
5.05408 2368801
5.05528 2370241
5.05647 2371681
5.05767 2373121
5.05886 2374561
5.06006 2376001
5.0826 2377441
5.0838 2378881
5.085 2380321
5.08619 2381761
5.09058 2383201
5.09178 2384641
5.09297 2386081
5.09417 2387521
5.09536 2388961
5.09656 2390401
5.09775 2391841
5.09895 2393281
5.10014 2394721
5.10134 2396161
5.12389 2397601
5.12509 2399041
5.12628 2400481
5.12748 2401921
5.13147 2403361
5.13267 2404801
5.13386 2406241
5.13518 2407681
5.13638 2409121
5.13757 2410561
5.13877 2412001
5.13996 2413441
5.14116 2414881
5.14235 2416321
5.14355 2417761
5.16478 2419201
5.16607 2420641
5.16727 2422081
5.16846 2423521
5.17236 2424961
5.17356 2426401
5.17475 2427841
5.17595 2429281
5.17727 2430721
5.17846 2432161
5.17966 2433601
5.18085 2435041
5.18205 2436481
5.18324 2437921
5.18444 2439361
5.18563 2440801
5.20696 2442241
5.20816 2443681
5.20935 2445121
5.21055 2446561
5.21444 2448001
5.21564 2449441
5.21684 2450881
5.21803 2452321
5.21963 2453761
5.22083 2455201
5.22202 2456641
5.22322 2458081
5.22441 2459521
5.22561 2460961
5.2268 2462401
5.228 2463841
5.22919 2465281
5.24904 2466721
5.25024 2468161
5.25144 2469601
5.25263 2471041
5.25653 2472481
5.25772 2473921
5.25892 2475361
5.26012 2476801
5.26172 2478241
5.26291 2479681
5.26411 2481121
5.26543 2482561
5.26662 2484001
5.26782 2485441
5.26901 2486881
5.27021 2488321
5.28993 2489761
5.29113 2491201
5.29232 2492641
5.29352 2494081
5.29742 2495521
5.29861 2496961
5.29981 2498401
5.301 2499841
5.30261 2501281
5.3038 2502721
5.305 2504161
5.30619 2505601
5.30751 2507041
5.30871 2508481
5.3099 2509921
5.3111 2511361
5.31229 2512801
5.33082 2514241
5.33202 2515681
5.33321 2517121
5.33441 2518561
5.33831 2520001
5.3395 2521441
5.3407 2522881
5.34189 2524321
5.3435 2525761
5.3447 2527201
5.34589 2528641
5.34709 2530081
5.3484 2531521
5.3496 2532961
5.35079 2534401
5.35199 2535841
5.35318 2537281
5.35438 2538721
5.37291 2540161
5.3741 2541601
5.3753 2543041
5.37649 2544481
5.38039 2545921
5.38159 2547361
5.38278 2548801
5.38398 2550241
5.38559 2551681
5.38678 2553121
5.38798 2554561
5.38917 2556001
5.39085 2557441
5.39205 2558881
5.39324 2560321
5.39444 2561761
5.39563 2563201
5.39683 2564641
5.41499 2566081
5.41619 2567521
5.41738 2568961
5.41858 2570401
5.41977 2571841
5.42248 2573281
5.42367 2574721
5.42496 2576161
5.42616 2577601
5.42767 2579041
5.42887 2580481
5.43006 2581921
5.43126 2583361
5.43326 2584801
5.43445 2586241
5.43565 2587681
5.43684 2589121
5.43804 2590561
5.43923 2592001
5.45708 2593441
5.45827 2594881
5.45947 2596321
5.46066 2597761
5.46337 2599201
5.46456 2600641
5.46585 2602081
5.46705 2603521
5.46856 2604961
5.46976 2606401
5.47095 2607841
5.47215 2609281
5.47415 2610721
5.47534 2612161
5.47654 2613601
5.47773 2615041
5.47901 2616481
5.48021 2617921
5.49797 2619361
5.49916 2620801
5.50036 2622241
5.50155 2623681
5.50275 2625121
5.50426 2626561
5.50545 2628001
5.50674 2629441
5.50794 2630881
5.50945 2632321
5.51065 2633761
5.51184 2635201
5.51304 2636641
5.51508 2638081
5.51628 2639521
5.51747 2640961
5.51867 2642401
5.5199 2643841
5.5211 2645281
5.53886 2646721
5.54005 2648161
5.54125 2649601
5.54244 2651041
5.54364 2652481
5.54483 2653921
5.54634 2655361
5.54754 2656801
5.54883 2658241
5.55002 2659681
5.55154 2661121
5.55273 2662561
5.55393 2664001
5.55512 2665441
5.55717 2666881
5.55836 2668321
5.55956 2669761
5.56075 2671201
5.56236 2672641
5.56355 2674081
5.58094 2675521
5.58214 2676961
5.58333 2678401
5.58453 2679841
5.58572 2681281
5.58692 2682721
5.58843 2684161
5.58962 2685601
5.59082 2687041
5.59201 2688481
5.59321 2689921
5.5944 2691361
5.5956 2692801
5.59679 2694241
5.59799 2695681
5.59925 2697121
5.60045 2698561
5.60164 2700001
5.60284 2701441
5.60445 2702881
5.60564 2704321
5.62303 2705761
5.62422 2707201
5.62542 2708641
5.62661 2710081
5.62781 2711521
5.629 2712961
5.63051 2714401
5.63171 2715841
5.6329 2717281
5.6341 2718721
5.63529 2720161
5.63649 2721601
5.63768 2723041
5.63888 2724481
5.64014 2725921
5.64134 2727361
5.64253 2728801
5.64373 2730241
5.64534 2731681
5.64653 2733121
5.66392 2734561
5.66511 2736001
5.66631 2737441
5.6675 2738881
5.6687 2740321
5.66989 2741761
5.67159 2743201
5.67279 2744641
5.67398 2746081
5.67518 2747521
5.67637 2748961
5.67757 2750401
5.67876 2751841
5.67996 2753281
5.68115 2754721
5.68235 2756161
5.68354 2757601
5.68474 2759041
5.68593 2760481
5.68713 2761921
5.68832 2763361
5.70481 2764801
5.706 2766241
5.7072 2767681
5.70839 2769121
5.70959 2770561
5.71078 2772001
5.71248 2773441
5.71368 2774881
5.71487 2776321
5.71607 2777761
5.71726 2779201
5.71846 2780641
5.71965 2782081
5.72085 2783521
5.72204 2784961
5.72324 2786401
5.72443 2787841
5.72563 2789281
5.72682 2790721
5.72802 2792161
5.72921 2793601
5.73041 2795041
5.74689 2796481
5.74809 2797921
5.74928 2799361
5.75048 2800801
5.75167 2802241
5.75287 2803681
5.75457 2805121
5.75576 2806561
5.75696 2808001
5.75815 2809441
5.75935 2810881
5.76054 2812321
5.76174 2813761
5.76293 2815201
5.76413 2816641
5.8134 2818081
5.8134 2819521
5.8134 2820961
5.8134 2822401
5.8134 2823841
5.8134 2825281
5.8134 2826721
5.8134 2828161
5.8134 2829601
5.8134 2831041
5.8134 2832481
5.8134 2833921
5.8134 2835361
5.8134 2836801
5.8134 2838241
5.8134 2839681
5.8134 2841121
5.8134 2842561
5.8134 2844001
5.8134 2845441
5.8134 2846881
5.8134 2848321
5.8134 2849761
5.8134 2851201
5.8134 2852641
5.84033 2854081
5.84153 2855521
5.84272 2856961
5.84392 2858401
5.84833 2859841
5.84952 2861281
5.85072 2862721
5.85191 2864161
5.85311 2865601
5.8543 2867041
5.88272 2868481
5.88392 2869921
5.88511 2871361
5.88631 2872801
5.89041 2874241
5.89161 2875681
5.8928 2877121
5.894 2878561
5.89519 2880001
5.89639 2881441
5.92481 2882881
5.926 2884321
5.9272 2885761
5.92839 2887201
5.92984 2888641
5.9325 2890081
5.93369 2891521
5.93489 2892961
5.93608 2894401
5.93728 2895841
5.93847 2897281
5.96689 2898721
5.96809 2900161
5.96928 2901601
5.97048 2903041
5.97339 2904481
5.97458 2905921
5.97578 2907361
5.97697 2908801
5.97817 2910241
5.97936 2911681
6.00778 2913121
6.00898 2914561
6.01017 2916001
6.01137 2917441
6.01256 2918881
6.01428 2920321
6.01547 2921761
6.01667 2923201
6.01786 2924641
6.01906 2926081
6.02025 2927521
6.04867 2928961
6.04987 2930401
6.05106 2931841
6.05226 2933281
6.05345 2934721
6.05465 2936161
6.05636 2937601
6.05778 2939041
6.05898 2940481
6.06017 2941921
6.06137 2943361
6.06256 2944801
6.09076 2946241
6.09195 2947681
6.09315 2949121
6.09434 2950561
6.09554 2952001
6.09673 2953441
6.09867 2954881
6.09987 2956321
6.10106 2957761
6.10226 2959201
6.10345 2960641
6.10465 2962081
6.10584 2963521
6.13284 2964961
6.13404 2966401
6.13523 2967841
6.13643 2969281
6.13762 2970721
6.13882 2972161
6.14076 2973601
6.14195 2975041
6.19003 2976481
6.19003 2977921
6.19003 2979361
6.19003 2980801
6.19003 2982241
6.19003 2983681
6.19003 2985121
6.19003 2986561
6.19003 2988001
6.19003 2989441
6.19003 2990881
6.19003 2992321
6.19003 2993761
6.19003 2995201
6.19003 2996641
6.19003 2998081
6.22375 2999521
6.22615 3000961
6.22735 3002401
6.22854 3003841
6.22974 3005281
6.23093 3006721
6.26704 3008161
6.26824 3009601
6.26943 3011041
6.27063 3012481
6.27182 3013921
6.27302 3015361
6.30913 3016801
6.31032 3018241
6.31152 3019681
6.31271 3021121
6.31391 3022561
6.3151 3024001
6.35121 3025441
6.35241 3026881
6.3536 3028321
6.3548 3029761
6.35599 3031201
6.35719 3032641
6.35838 3034081
6.3933 3035521
6.39449 3036961
6.39569 3038401
6.39688 3039841
6.39808 3041281
6.39927 3042721
6.43419 3044161
6.43538 3045601
6.48226 3047041
6.48226 3048481
6.48226 3049921
6.48226 3051361
6.48226 3052801
6.48226 3054241
6.48226 3055681
6.48226 3057121
6.48226 3058561
6.48226 3060001
6.52078 3061441
6.52197 3062881
6.52317 3064321
6.56286 3065761
6.56406 3067201
6.60375 3068641
6.60495 3070081
6.64464 3071521
6.64584 3072961
6.68553 3074401
6.68688 3075841
6.68808 3077281
6.72642 3078721
6.72761 3080161
6.72897 3081601
6.73016 3083041
6.7685 3084481
6.7697 3085921
6.77105 3087361
6.77225 3088801
6.77344 3090241
6.81059 3091681
6.81178 3093121
6.81314 3094561
6.81433 3096001
6.85148 3097441
6.85267 3098881
6.85402 3100321
6.85522 3101761
6.8924 3103201
6.93846 3104641
6.93846 3106081
6.93846 3107521
6.93846 3108961
6.97818 3110401
6.97818 3111841
6.97818 3113281
6.97818 3114721
6.98095 3116161
7.01907 3117601
7.05996 3119041
7.06116 3120481
7.10205 3121921
7.10324 3123361
7.14413 3124801
7.14533 3126241
7.14652 3127681
7.18622 3129121
7.18741 3130561
7.31131 3132001
7.31131 3133441
7.31131 3134881
7.31131 3136321
7.31131 3137761
7.31131 3139201
7.35102 3140641
7.35221 3142081
7.3931 3143521
7.3943 3144961
7.43519 3146401
7.43638 3147841
7.47727 3149281
7.47847 3150721
7.47966 3152161
7.51936 3153601
7.52055 3155041
7.56025 3156481
7.56144 3157921
7.60113 3159361
7.60233 3160801
7.60353 3162241
7.64202 3163681
7.64322 3165121
7.64441 3166561
7.64561 3168001
7.68411 3169441
7.6853 3170881
7.6865 3172321
7.68769 3173761
7.72619 3175201
7.72739 3176641
7.72858 3178081
7.72978 3179521
7.73097 3180961
7.76828 3182401
7.76947 3183841
7.77067 3185281
7.77186 3186721
7.80917 3188161
7.81036 3189601
7.81156 3191041
7.81275 3192481
7.81395 3193921
7.85006 3195361
7.85125 3196801
7.85245 3198241
7.85364 3199681
7.85484 3201121
7.85603 3202561
7.89245 3204001
7.89364 3205441
7.89484 3206881
7.89603 3208321
7.89723 3209761
7.89843 3211201
7.89962 3212641
7.93453 3214081
7.93573 3215521
7.93692 3216961
7.93812 3218401
7.93931 3219841
7.94051 3221281
7.97542 3222721
7.97662 3224161
7.97781 3225601
7.97901 3227041
7.9802 3228481
7.9814 3229921
8.01631 3231361
8.01751 3232801
8.0187 3234241
8.0199 3235681
8.02109 3237121
8.02229 3238561
8.02348 3240001
8.0572 3241441
8.0584 3242881
8.05959 3244321
8.06079 3245761
8.06198 3247201
8.06318 3248641
8.06437 3250081
8.06557 3251521
8.09929 3252961
8.10048 3254401
8.10168 3255841
8.10287 3257281
8.10407 3258721
8.10526 3260161
8.10646 3261601
8.10765 3263041
8.10885 3264481
8.14137 3265921
8.14257 3267361
8.14376 3268801
8.14496 3270241
8.14615 3271681
8.14735 3273121
8.14854 3274561
8.14974 3276001
8.18226 3277441
8.18346 3278881
8.18465 3280321
8.18585 3281761
8.18704 3283201
8.18824 3284641
8.18943 3286081
8.19063 3287521
8.22315 3288961
8.22435 3290401
8.22554 3291841
8.22674 3293281
8.22793 3294721
8.22913 3296161
8.23032 3297601
8.23152 3299041
8.23271 3300481
8.26404 3301921
8.26524 3303361
8.26643 3304801
8.26763 3306241
8.26882 3307681
8.27002 3309121
8.27121 3310561
8.27241 3312001
8.2736 3313441
8.2748 3314881
8.30613 3316321
8.30732 3317761
8.30852 3319201
8.30971 3320641
8.31091 3322081
8.3121 3323521
8.3133 3324961
8.31449 3326401
8.31569 3327841
8.31688 3329281
8.31808 3330721
8.34857 3332161
8.34976 3333601
8.35096 3335041
8.35215 3336481
8.35335 3337921
8.35455 3339361
8.35574 3340801
8.35694 3342241
8.35813 3343681
8.35933 3345121
8.38946 3346561
8.39065 3348001
8.39185 3349441
8.39304 3350881
8.39424 3352321
8.39543 3353761
8.39663 3355201
8.39783 3356641
8.39902 3358081
8.40022 3359521
8.40141 3360961
8.43035 3362401
8.43154 3363841
8.43274 3365281
8.43393 3366721
8.43513 3368161
8.43632 3369601
8.43752 3371041
8.43871 3372481
8.43991 3373921
8.44124 3375361
8.44243 3376801
8.44363 3378241
8.47243 3379681
8.47363 3381121
8.47482 3382561
8.47602 3384001
8.47721 3385441
8.47841 3386881
8.4796 3388321
8.4808 3389761
8.48213 3391201
8.48332 3392641
8.48452 3394081
8.48571 3395521
8.48691 3396961
8.51452 3398401
8.51571 3399841
8.51691 3401281
8.5181 3402721
8.5193 3404161
8.52049 3405601
8.52169 3407041
8.52288 3408481
8.52421 3409921
8.52541 3411361
8.5266 3412801
8.5278 3414241
8.55541 3415681
8.5566 3417121
8.5578 3418561
8.55899 3420001
8.56019 3421441
8.56138 3422881
8.56258 3424321
8.56377 3425761
8.5651 3427201
8.5663 3428641
8.56749 3430081
8.56869 3431521
8.5963 3432961
8.59749 3434401
8.59869 3435841
8.59988 3437281
8.60108 3438721
8.60227 3440161
8.60347 3441601
8.60466 3443041
8.60586 3444481
8.60705 3445921
8.60825 3447361
8.60944 3448801
8.61064 3450241
8.63787 3451681
8.63906 3453121
8.64026 3454561
8.64145 3456001
8.64265 3457441
8.64384 3458881
8.64504 3460321
8.64623 3461761
8.64914 3463201
8.65033 3464641
8.65153 3466081
8.65272 3467521
8.65392 3468961
8.65511 3470401
8.67995 3471841
8.68115 3473281
8.68234 3474721
8.68354 3476161
8.68473 3477601
8.68593 3479041
8.68712 3480481
8.68832 3481921
8.68951 3483361
8.69137 3484801
8.69257 3486241
8.69376 3487681
8.69496 3489121
8.69615 3490561
8.69735 3492001
8.72204 3493441
8.72323 3494881
8.72682 3496321
8.72801 3497761
8.72921 3499201
8.73055 3500641
8.73175 3502081
8.73294 3503521
8.73414 3504961
8.73533 3506401
8.73653 3507841
8.73772 3509281
8.73892 3510721
8.80861 3512161
8.80861 3513601
8.80861 3515041
8.80861 3516481
8.80861 3517921
8.80861 3519361
8.80861 3520801
8.80861 3522241
8.80861 3523681
8.80861 3525121
8.80861 3526561
8.80861 3528001
8.80861 3529441
8.80861 3530881
8.80861 3532321
8.80861 3533761
8.80861 3535201
8.80861 3536641
8.81991 3538081
8.8211 3539521
8.8223 3540961
8.82349 3542401
8.84474 3543841
8.84593 3545281
8.8495 3546721
8.86199 3548161
8.86319 3549601
8.86438 3551041
8.86558 3552481
8.88682 3553921
8.88807 3555361
8.90288 3556801
8.90408 3558241
8.90527 3559681
8.90647 3561121
8.92771 3562561
8.9289 3564001
8.94377 3565441
8.94497 3566881
8.94616 3568321
8.94736 3569761
9.02557 3571201
9.02557 3572641
9.02557 3574081
9.02557 3575521
9.05162 3576961
9.05162 3578401
9.05162 3579841
9.05162 3581281
9.05162 3582721
9.05162 3584161
9.05281 3585601
9.06767 3587041
9.09251 3588481
9.10736 3589921
9.1334 3591361
9.13459 3592801
9.17429 3594241
9.17548 3595681
9.21518 3597121
9.21637 3598561
9.21757 3600001
9.25884 3601441
9.26003 3602881
9.26123 3604321
9.26242 3605761
9.30105 3607201
9.38564 3608641
9.38564 3610081
9.38564 3611521
9.38564 3612961
9.38564 3614401
9.38564 3615841
9.38564 3617281
9.38922 3618721
9.42653 3620161
9.46742 3621601
9.46861 3623041
9.5095 3624481
9.5107 3625921
9.55159 3627361
9.55278 3628801
9.55398 3630241
9.59367 3631681
9.59487 3633121
9.63456 3634561
9.63576 3636001
9.67545 3637441
9.67665 3638881
9.67784 3640321
9.71671 3641761
9.7179 3643201
9.7191 3644641
9.72029 3646081
9.75879 3647521
9.75999 3648961
9.76118 3650401
9.76238 3651841
9.80088 3653281
9.80207 3654721
9.80327 3656161
9.80446 3657601
9.80566 3659041
9.84332 3660481
9.84452 3661921
9.84571 3663361
9.84691 3664801
9.88421 3666241
9.8854 3667681
9.8866 3669121
9.8878 3670561
9.88899 3672001
9.9251 3673441
9.92629 3674881
9.92749 3676321
9.92868 3677761
9.92988 3679201
9.93108 3680641
9.96718 3682081
9.96838 3683521
9.96957 3684961
9.97077 3686401
9.97196 3687841
9.97316 3689281
9.97436 3690721
10.0093 3692161
10.0105 3693601
10.0117 3695041
10.0129 3696481
10.014 3697921
10.0152 3699361
10.0502 3700801
10.0514 3702241
10.0525 3703681
10.0537 3705121
10.0549 3706561
10.0561 3708001
10.091 3709441
10.0922 3710881
10.0934 3712321
10.0946 3713761
10.0958 3715201
10.097 3716641
10.0982 3718081
10.1323 3719521
10.1335 3720961
10.1347 3722401
10.1359 3723841
10.1371 3725281
10.1383 3726721
10.1395 3728161
10.1407 3729601
10.1744 3731041
10.1756 3732481
10.1768 3733921
10.178 3735361
10.1792 3736801
10.1804 3738241
10.1815 3739681
10.1827 3741121
10.1839 3742561
10.2165 3744001
10.2177 3745441
10.2189 3746881
10.22 3748321
10.2212 3749761
10.2224 3751201
10.2236 3752641
10.2248 3754081
10.2574 3755521
10.2585 3756961
10.2597 3758401
10.2609 3759841
10.2621 3761281
10.2633 3762721
10.2645 3764161
10.2657 3765601
10.2982 3767041
10.2994 3768481
10.3006 3769921
10.3018 3771361
10.303 3772801
10.3042 3774241
10.3054 3775681
10.3066 3777121
10.3078 3778561
10.3391 3780001
10.3403 3781441
10.3415 3782881
10.3427 3784321
10.3439 3785761
10.3451 3787201
10.3463 3788641
10.3475 3790081
10.3487 3791521
10.3499 3792961
10.4257 3794401
10.4257 3795841
10.4257 3797281
10.4257 3798721
10.4257 3800161
10.4257 3801601
10.4257 3803041
10.4257 3804481
10.4257 3805921
10.4257 3807361
10.4257 3808801
10.4257 3810241
10.4257 3811681
10.4341 3813121
10.4642 3814561
10.4654 3816001
10.4666 3817441
10.5051 3818881
10.5063 3820321
10.5075 3821761
10.5087 3823201
10.5472 3824641
10.5484 3826081
10.5496 3827521
10.5508 3828961
10.552 3830401
10.5893 3831841
10.5905 3833281
10.5917 3834721
10.5929 3836161
10.6302 3837601
10.6314 3839041
10.6326 3840481
10.6338 3841921
10.6349 3843361
10.6711 3844801
10.6723 3846241
10.6734 3847681
10.6746 3849121
10.6758 3850561
10.677 3852001
10.7131 3853441
10.7143 3854881
10.7155 3856321
10.7167 3857761
10.7179 3859201
10.7191 3860641
10.7552 3862081
10.7564 3863521
10.7576 3864961
10.7588 3866401
10.76 3867841
10.7612 3869281
10.7624 3870721
10.7973 3872161
10.7985 3873601
10.7997 3875041
10.8009 3876481
10.8021 3877921
10.8033 3879361
10.8406 3880801
10.8418 3882241
10.843 3883681
10.8442 3885121
10.8454 3886561
10.8466 3888001
10.8478 3889441
10.8815 3890881
10.8827 3892321
10.8839 3893761
10.8851 3895201
10.8863 3896641
10.8875 3898081
10.8887 3899521
10.8898 3900961
10.9236 3902401
10.9248 3903841
10.926 3905281
10.9272 3906721
10.9283 3908161
10.9295 3909601
10.9307 3911041
10.9319 3912481
10.9657 3913921
10.9668 3915361
10.968 3916801
10.9692 3918241
10.9704 3919681
10.9716 3921121
10.9728 3922561
10.974 3924001
10.9752 3925441
11.0081 3926881
11.0093 3928321
11.0105 3929761
11.0117 3931201
11.0129 3932641
11.0141 3934081
11.0153 3935521
11.0165 3936961
11.049 3938401
11.0502 3939841
11.0514 3941281
11.0526 3942721
11.0538 3944161
11.055 3945601
11.0562 3947041
11.0573 3948481
11.0585 3949921
11.0899 3951361
11.0911 3952801
11.0923 3954241
11.0935 3955681
11.0947 3957121
11.0958 3958561
11.097 3960001
11.0982 3961441
11.0994 3962881
11.1008 3964321
11.1321 3965761
11.1333 3967201
11.1345 3968641
11.1357 3970081
11.1368 3971521
11.138 3972961
11.1392 3974401
11.1404 3975841
11.1416 3977281
11.1428 3978721
11.144 3980161
11.1742 3981601
11.1753 3983041
11.1765 3984481
11.1777 3985921
11.1789 3987361
11.1801 3988801
11.1813 3990241
11.1825 3991681
11.1837 3993121
11.1849 3994561
11.215 3996001
11.2162 3997441
11.2174 3998881
11.2186 4000321
11.2198 4001761
11.221 4003201
11.2222 4004641
11.2234 4006081
11.2246 4007521
11.2258 4008961
11.227 4010401
11.2559 4011841
11.2571 4013281
11.2583 4014721
11.2595 4016161
11.2607 4017601
11.2619 4019041
11.2631 4020481
11.2643 4021921
11.2655 4023361
11.3389 4024801
11.3389 4026241
11.3389 4027681
11.3389 4029121
11.3389 4030561
11.3389 4032001
11.3389 4033441
11.3389 4034881
11.3389 4036321
11.3389 4037761
11.3389 4039201
11.3389 4040641
11.3389 4042081
11.3389 4043521
11.3473 4044961
11.3501 4046401
11.3513 4047841
11.3525 4049281
11.3798 4050721
11.391 4052161
11.3922 4053601
11.3933 4055041
11.3945 4056481
11.4318 4057921
11.433 4059361
11.4342 4060801
11.4354 4062241
11.4727 4063681
11.4739 4065121
11.4751 4066561
11.4763 4068001
11.4775 4069441
11.5137 4070881
11.5149 4072321
11.5161 4073761
11.5173 4075201
11.5185 4076641
11.5197 4078081
11.5558 4079521
11.557 4080961
11.5582 4082401
11.5593 4083841
11.5605 4085281
11.5617 4086721
11.5629 4088161
11.5978 4089601
11.599 4091041
11.6002 4092481
11.6014 4093921
11.6026 4095361
11.6038 4096801
11.6387 4098241
11.6399 4099681
11.6411 4101121
11.6423 4102561
11.6435 4104001
11.6447 4105441
11.6796 4106881
11.6808 4108321
11.682 4109761
11.6832 4111201
11.6844 4112641
11.6856 4114081
11.6868 4115521
11.7205 4116961
11.7217 4118401
11.7229 4119841
11.7241 4121281
11.7253 4122721
11.7265 4124161
11.7277 4125601
11.7289 4127041
11.7626 4128481
11.7638 4129921
11.765 4131361
11.7662 4132801
11.7674 4134241
11.8131 4135681
11.8131 4137121
11.8131 4138561
11.8131 4140001
11.8131 4141441
11.8131 4142881
11.8131 4144321
11.8131 4145761
11.8131 4147201
11.8131 4148641
11.8143 4150081
11.8155 4151521
11.8456 4152961
11.854 4154401
11.8563 4155841
11.8575 4157281
11.8948 4158721
11.896 4160161
11.8984 4161601
11.8996 4163041
11.9369 4164481
11.9381 4165921
11.9405 4167361
11.9417 4168801
11.979 4170241
11.9802 4171681
11.9814 4173121
11.9826 4174561
11.9838 4176001
12.0213 4177441
12.0225 4178881
12.0237 4180321
12.0249 4181761
12.0622 4183201
12.0634 4184641
12.0646 4186081
12.0658 4187521
12.067 4188961
12.1031 4190401
12.1043 4191841
12.1055 4193281
12.1067 4194721
12.1079 4196161
12.1091 4197601
12.1897 4199041
12.1897 4200481
12.1897 4201921
12.1897 4203361
12.1897 4204801
12.1897 4206241
12.1897 4207681
12.1897 4209121
13.2307 4210561
13.2307 4212001
13.2307 4213441
13.2718 4214881
13.5127 4216321
13.5139 4217761
13.5548 4219201
13.556 4220641
13.5972 4222081
13.5984 4223521
13.6393 4224961
13.6405 4226401
13.6417 4227841
13.6818 4229281
13.683 4230721
13.7227 4232161
13.7239 4233601
13.7635 4235041
13.7647 4236481
13.7659 4237921
13.8068 4239361
13.808 4240801
13.8092 4242241
13.8104 4243681
13.8489 4245121
13.8501 4246561
13.8513 4248001
13.8525 4249441
13.891 4250881
13.8922 4252321
13.8934 4253761
13.8946 4255201
13.8958 4256641
13.9331 4258081
13.9343 4259521
13.9355 4260961
13.9367 4262401
13.9743 4263841
13.9755 4265281
13.9767 4266721
13.9779 4268161
14.0152 4269601
14.0164 4271041
14.0176 4272481
14.0189 4273921
14.0201 4275361
14.0561 4276801
14.0573 4278241
14.0585 4279681
14.0597 4281121
14.0613 4282561
14.0625 4284001
14.0982 4285441
14.0994 4286881
14.101 4288321
14.1022 4289761
14.1034 4291201
14.1046 4292641
14.1058 4294081
14.1403 4295521
14.1415 4296961
14.1431 4298401
14.1443 4299841
14.1455 4301281
14.1467 4302721
14.1812 4304161
14.1824 4305601
14.1843 4307041
14.1855 4308481
14.1867 4309921
14.1879 4311361
14.2221 4312801
14.2233 4314241
14.2245 4315681
14.2257 4317121
14.2269 4318561
14.2281 4320001
14.2293 4321441
14.263 4322881
14.2642 4324321
14.2654 4325761
14.3138 4327201
14.3138 4328641
14.3138 4330081
14.3138 4331521
14.3138 4332961
14.3138 4334401
14.3138 4335841
14.3138 4337281
14.3138 4338721
14.3138 4340161
14.3138 4341601
14.352 4343041
14.3532 4344481
14.3547 4345921
14.394 4347361
14.3952 4348801
14.4349 4350241
14.4361 4351681
14.4373 4353121
14.4758 4354561
14.477 4356001
14.4782 4357441
14.4794 4358881
14.5179 4360321
14.5191 4361761
14.5203 4363201
14.5215 4364641
14.56 4366081
14.5612 4367521
14.5624 4368961
14.5636 4370401
14.5648 4371841
14.6021 4373281
14.6033 4374721
14.6045 4376161
14.6057 4377601
14.643 4379041
14.6442 4380481
14.6454 4381921
14.6466 4383361
14.6477 4384801
14.6839 4386241
14.6851 4387681
14.6862 4389121
14.6874 4390561
14.6886 4392001
14.6898 4393441
14.7259 4394881
14.7271 4396321
14.7283 4397761
14.7295 4399201
14.7307 4400641
14.7319 4402081
14.7684 4403521
14.7696 4404961
14.7708 4406401
14.772 4407841
14.7732 4409281
14.7744 4410721
14.7756 4412161
14.8108 4413601
14.812 4415041
14.8132 4416481
14.8144 4417921
14.8156 4419361
14.8168 4420801
14.8517 4422241
14.8529 4423681
14.8541 4425121
14.8553 4426561
14.8565 4428001
14.8577 4429441
14.8589 4430881
14.8926 4432321
14.8938 4433761
14.895 4435201
14.8962 4436641
14.8974 4438081
14.8985 4439521
14.8997 4440961
14.9009 4442401
14.9347 4443841
14.9359 4445281
14.937 4446721
14.9382 4448161
14.9394 4449601
14.9406 4451041
14.9418 4452481
14.943 4453921
14.9442 4455361
14.9767 4456801
14.9779 4458241
14.9791 4459681
14.9803 4461121
14.9815 4462561
14.9827 4464001
14.9839 4465441
14.9851 4466881
15.0176 4468321
15.0188 4469761
15.02 4471201
15.0212 4472641
15.0224 4474081
15.0236 4475521
15.0248 4476961
15.026 4478401
15.0586 4479841
15.0598 4481281
15.061 4482721
15.0622 4484161
15.0634 4485601
15.0646 4487041
15.0658 4488481
15.0669 4489921
15.0681 4491361
15.0995 4492801
15.1007 4494241
15.1019 4495681
15.1031 4497121
15.1043 4498561
15.1054 4500001
15.1066 4501441
15.1078 4502881
15.109 4504321
15.1102 4505761
15.1416 4507201
15.1428 4508641
15.1439 4510081
15.1451 4511521
15.1463 4512961
15.1475 4514401
15.1487 4515841
15.1499 4517281
15.1511 4518721
15.1523 4520161
15.1535 4521601
15.1837 4523041
15.1849 4524481
15.1861 4525921
15.1873 4527361
15.1884 4528801
15.1896 4530241
15.1908 4531681
15.192 4533121
15.1932 4534561
15.1944 4536001
15.2246 4537441
15.2258 4538881
15.2269 4540321
15.2281 4541761
15.2297 4543201
15.2309 4544641
15.2321 4546081
15.2333 4547521
15.2345 4548961
15.2357 4550401
15.2369 4551841
15.2654 4553281
15.2666 4554721
15.2678 4556161
15.269 4557601
15.2706 4559041
15.2718 4560481
15.273 4561921
15.2742 4563361
15.2754 4564801
15.2766 4566241
15.2778 4567681
15.279 4569121
15.3075 4570561
15.3087 4572001
15.3099 4573441
15.3111 4574881
15.3131 4576321
15.3143 4577761
15.3155 4579201
15.3167 4580641
15.3179 4582081
15.3191 4583521
15.3203 4584961
15.3215 4586401
15.3226 4587841
15.3496 4589281
15.3508 4590721
15.352 4592161
15.3532 4593601
15.3552 4595041
15.3564 4596481
15.3576 4597921
15.3588 4599361
15.3599 4600801
15.3612 4602241
15.3624 4603681
15.3636 4605121
15.3905 4606561
15.3917 4608001
15.3929 4609441
15.3941 4610881
15.3961 4612321
15.3973 4613761
15.3984 4615201
15.3996 4616641
15.4008 4618081
15.4022 4619521
15.4038 4620961
15.405 4622401
15.4314 4623841
15.4326 4625281
15.4338 4626721
15.435 4628161
15.4362 4629601
15.4374 4631041
15.4386 4632481
15.4398 4633921
15.441 4635361
15.4422 4636801
15.4433 4638241
15.4447 4639681
15.4459 4641121
15.4726 4642561
15.4738 4644001
15.475 4645441
15.4762 4646881
15.4774 4648321
15.4786 4649761
15.4798 4651201
15.481 4652641
15.4822 4654081
15.4834 4655521
15.4846 4656961
15.4858 4658401
15.487 4659841
15.4882 4661281
15.5147 4662721
15.5159 4664161
15.5171 4665601
15.5183 4667041
15.5195 4668481
15.5207 4669921
15.5219 4671361
15.5231 4672801
15.5243 4674241
15.5255 4675681
15.5267 4677121
15.5279 4678561
15.5291 4680001
15.5303 4681441
15.5315 4682881
15.5568 4684321
15.558 4685761
15.5592 4687201
15.5608 4688641
15.562 4690081
15.5631 4691521
15.5643 4692961
15.5655 4694401
15.5667 4695841
15.5679 4697281
15.5691 4698721
15.5703 4700161
15.5715 4701601
15.5727 4703041
15.5977 4704481
15.5989 4705921
15.6001 4707361
15.6013 4708801
15.6028 4710241
15.604 4711681
15.6052 4713121
15.6064 4714561
15.6076 4716001
15.6088 4717441
15.61 4718881
15.6112 4720321
15.6124 4721761
15.6136 4723201
15.6148 4724641
15.6386 4726081
15.6398 4727521
15.641 4728961
15.6422 4730401
15.6437 4731841
15.6449 4733281
15.6461 4734721
15.6473 4736161
15.6485 4737601
15.6497 4739041
15.6509 4740481
15.6521 4741921
15.6533 4743361
15.6545 4744801
15.6557 4746241
15.6572 4747681
15.6807 4749121
15.6819 4750561
15.6831 4752001
15.6843 4753441
15.6858 4754881
15.687 4756321
15.6882 4757761
15.6894 4759201
15.6906 4760641
15.6918 4762081
15.693 4763521
15.6942 4764961
15.6954 4766401
15.6966 4767841
15.6978 4769281
15.699 4770721
15.7002 4772161
15.7228 4773601
15.724 4775041
15.7252 4776481
15.7263 4777921
15.7279 4779361
15.7291 4780801
15.7303 4782241
15.7315 4783681
15.7327 4785121
15.7339 4786561
15.7351 4788001
15.7363 4789441
15.7375 4790881
15.7387 4792321
15.7399 4793761
15.741 4795201
15.7637 4796641
15.7648 4798081
15.766 4799521
15.7672 4800961
15.7688 4802401
15.77 4803841
15.7712 4805281
15.7724 4806721
15.7736 4808161
15.8193 4809601
15.8193 4811041
15.8193 4812481
15.8193 4813921
15.8193 4815361
15.8193 4816801
15.8193 4818241
15.8193 4819681
15.8193 4821121
15.8193 4822561
15.8193 4824001
15.8193 4825441
15.8193 4826881
15.8193 4828321
15.8193 4829761
15.8193 4831201
15.8193 4832641
15.8193 4834081
15.8193 4835521
15.8193 4836961
15.8518 4838401
15.853 4839841
15.8542 4841281
15.8554 4842721
15.8566 4844161
15.8578 4845601
15.859 4847041
15.8602 4848481
15.8939 4849921
15.8951 4851361
15.8963 4852801
15.9431 4854241
15.9431 4855681
15.9431 4857121
15.9431 4858561
15.9431 4860001
15.9431 4861441
15.9431 4862881
15.9431 4864321
15.9431 4865761
15.9431 4867201
15.9817 4868641
15.9829 4870081
15.9841 4871521
16.0237 4872961
16.0249 4874401
16.0646 4875841
16.0658 4877281
16.1056 4878721
16.1068 4880161
16.1465 4881601
16.148 4883041
16.1492 4884481
16.1873 4885921
16.1885 4887361
16.1901 4888801
16.1913 4890241
16.2294 4891681
16.2306 4893121
16.2322 4894561
16.2334 4896001
16.2345 4897441
16.2715 4898881
16.2727 4900321
16.2742 4901761
16.2754 4903201
16.3124 4904641
16.3136 4906081
16.3151 4907521
16.3163 4908961
16.3533 4910401
16.3545 4911841
16.3563 4913281
16.3575 4914721
16.3587 4916161
16.3942 4917601
16.3954 4919041
16.3972 4920481
16.3984 4921921
16.3996 4923361
16.4008 4924801
16.4363 4926241
16.4375 4927681
16.4393 4929121
16.4405 4930561
16.4417 4932001
16.4429 4933441
16.4441 4934881
16.4784 4936321
16.4795 4937761
16.4814 4939201
16.4826 4940641
16.4837 4942081
16.4849 4943521
16.5192 4944961
16.5204 4946401
16.5222 4947841
16.5234 4949281
16.5246 4950721
16.5258 4952161
16.5601 4953601
16.5613 4955041
16.5631 4956481
16.5643 4957921
16.5655 4959361
16.5667 4960801
16.5679 4962241
16.601 4963681
16.6022 4965121
16.604 4966561
16.6052 4968001
16.6064 4969441
16.6076 4970881
16.6088 4972321
16.61 4973761
16.6432 4975201
16.6444 4976641
16.6461 4978081
16.6473 4979521
16.6485 4980961
16.6497 4982401
16.6509 4983841
16.6521 4985281
16.6533 4986721
16.6852 4988161
16.6864 4989601
16.6882 4991041
16.6894 4992481
16.6906 4993921
16.6918 4995361
16.693 4996801
16.6942 4998241
16.7261 4999681
16.7273 5001121
16.7291 5002561
16.7303 5004001
16.7315 5005441
16.7327 5006881
16.7339 5008321
16.7351 5009761
16.7363 5011201
16.767 5012641
16.7682 5014081
16.77 5015521
16.7712 5016961
16.7724 5018401
16.7736 5019841
16.7748 5021281
16.776 5022721
16.7771 5024161
16.7783 5025601
16.8091 5027041
16.8103 5028481
16.8121 5029921
16.8133 5031361
16.8144 5032801
16.8156 5034241
16.8168 5035681
16.818 5037121
16.8192 5038561
16.8204 5040001
16.8541 5041441
16.9014 5042881
16.9014 5044321
16.9014 5045761
16.9014 5047201
16.9014 5048641
16.9014 5050081
16.9014 5051521
16.9387 5052961
16.9387 5054401
16.9387 5055841
16.9387 5057281
16.9387 5058721
16.9387 5060161
16.9399 5061601
16.9411 5063041
16.9435 5064481
16.9796 5065921
16.982 5067361
16.9832 5068801
17.0209 5070241
17.0221 5071681
17.0245 5073121
17.0257 5074561
17.0268 5076001
17.063 5077441
17.0642 5078881
17.0665 5080321
17.0677 5081761
17.1038 5083201
17.105 5084641
17.1074 5086081
17.1086 5087521
17.1447 5088961
17.1459 5090401
17.1471 5091841
17.1483 5093281
17.1495 5094721
17.186 5096161
17.1872 5097601
17.1884 5099041
17.1896 5100481
17.1908 5101921
17.192 5103361
17.2281 5104801
17.2293 5106241
17.2305 5107681
17.2317 5109121
17.2329 5110561
17.234 5112001
17.2352 5113441
17.2705 5114881
17.2717 5116321
17.2729 5117761
17.2741 5119201
17.2753 5120641
17.2765 5122081
17.3114 5123521
17.3126 5124961
17.3138 5126401
17.315 5127841
17.3162 5129281
17.3174 5130721
17.3523 5132161
17.3535 5133601
17.3547 5135041
17.3559 5136481
17.3571 5137921
17.3583 5139361
17.3595 5140801
17.3932 5142241
17.3944 5143681
17.3956 5145121
17.3968 5146561
17.398 5148001
17.3992 5149441
17.4004 5150881
17.4015 5152321
17.4353 5153761
17.4365 5155201
17.4377 5156641
17.4389 5158081
17.44 5159521
17.4412 5160961
17.4424 5162401
17.4436 5163841
17.4448 5165281
17.4774 5166721
17.4786 5168161
17.4798 5169601
17.481 5171041
17.4821 5172481
17.4833 5173921
17.4845 5175361
17.4857 5176801
17.5183 5178241
17.5194 5179681
17.5206 5181121
17.5218 5182561
17.523 5184001
17.5242 5185441
17.5254 5186881
17.5266 5188321
17.5278 5189761
17.5591 5191201
17.5603 5192641
17.5615 5194081
17.5627 5195521
17.5639 5196961
17.5651 5198401
17.5663 5199841
17.5679 5201281
17.5691 5202721
17.5703 5204161
17.6012 5205601
17.6024 5207041
17.6036 5208481
17.6048 5209921
17.606 5211361
17.6072 5212801
17.6088 5214241
17.61 5215681
17.6112 5217121
17.6124 5218561
17.6433 5220001
17.6445 5221441
17.6457 5222881
17.6469 5224321
17.6481 5225761
17.6493 5227201
17.6505 5228641
17.6517 5230081
17.6529 5231521
17.6541 5232961
17.6553 5234401
17.6854 5235841
17.6866 5237281
17.6878 5238721
17.689 5240161
17.6902 5241601
17.6914 5243041
17.6926 5244481
17.6938 5245921
17.695 5247361
17.6962 5248801
17.7263 5250241
17.7275 5251681
17.7287 5253121
17.7299 5254561
17.7311 5256001
17.7323 5257441
17.7335 5258881
17.7347 5260321
17.7358 5261761
17.737 5263201
17.7382 5264641
17.7672 5266081
17.7684 5267521
17.7696 5268961
17.7708 5270401
17.772 5271841
17.7732 5273281
17.7743 5274721
17.7755 5276161
17.7767 5277601
17.7779 5279041
17.7791 5280481
17.7803 5281921
17.8093 5283361
17.8105 5284801
17.8117 5286241
17.8128 5287681
17.814 5289121
17.8152 5290561
17.8164 5292001
17.8176 5293441
17.8188 5294881
17.82 5296321
17.8212 5297761
17.8224 5299201
17.8236 5300641
17.8513 5302081
17.8525 5303521
17.8537 5304961
17.8549 5306401
17.8561 5307841
17.8573 5309281
17.8585 5310721
17.8597 5312161
17.8609 5313601
17.8621 5315041
17.8633 5316481
17.8645 5317921
17.8922 5319361
17.8934 5320801
17.8946 5322241
17.8958 5323681
17.897 5325121
17.8982 5326561
17.8994 5328001
17.9006 5329441
17.9018 5330881
17.903 5332321
17.9042 5333761
17.9054 5335201
17.9066 5336641
17.9331 5338081
17.9343 5339521
17.9355 5340961
17.9367 5342401
17.9379 5343841
17.9391 5345281
17.9403 5346721
17.9415 5348161
17.9427 5349601
17.9439 5351041
17.9451 5352481
17.9463 5353921
17.9476 5355361
17.9488 5356801
17.9752 5358241
17.9764 5359681
17.9776 5361121
17.9788 5362561
17.98 5364001
17.9812 5365441
17.9824 5366881
17.9836 5368321
17.9848 5369761
17.986 5371201
17.9872 5372641
17.9884 5374081
17.9897 5375521
17.9909 5376961
17.9921 5378401
18.0173 5379841
18.0185 5381281
18.0197 5382721
18.0209 5384161
18.0221 5385601
18.0233 5387041
18.0245 5388481
18.0257 5389921
18.0269 5391361
18.0281 5392801
18.0292 5394241
18.0304 5395681
18.032 5397121
18.0332 5398561
18.0582 5400001
18.0594 5401441
18.0606 5402881
18.0618 5404321
18.063 5405761
18.0642 5407201
18.0654 5408641
18.0666 5410081
18.0677 5411521
18.0689 5412961
18.0701 5414401
18.0713 5415841
18.0729 5417281
18.0741 5418721
18.0991 5420161
18.1003 5421601
18.1015 5423041
18.1027 5424481
18.1039 5425921
18.1051 5427361
18.1062 5428801
18.1074 5430241
18.1086 5431681
18.1098 5433121
18.111 5434561
18.1122 5436001
18.1134 5437441
18.1146 5438881
18.1158 5440321
18.1403 5441761
18.1415 5443201
18.1427 5444641
18.1439 5446081
18.1451 5447521
18.1463 5448961
18.1475 5450401
18.1487 5451841
18.1499 5453281
18.1511 5454721
18.1523 5456161
18.1535 5457601
18.1547 5459041
18.1559 5460481
18.1571 5461921
18.1583 5463361
18.1824 5464801
18.1836 5466241
18.1848 5467681
18.186 5469121
18.1872 5470561
18.1884 5472001
18.1896 5473441
18.1908 5474881
18.192 5476321
18.1932 5477761
18.1944 5479201
18.1956 5480641
18.1968 5482081
18.1979 5483521
18.1991 5484961
18.2003 5486401
18.2015 5487841
18.2245 5489281
18.2257 5490721
18.2269 5492161
18.2281 5493601
18.2293 5495041
18.2308 5496481
18.232 5497921
18.2332 5499361
18.2344 5500801
18.2356 5502241
18.2368 5503681
18.238 5505121
18.2392 5506561
18.2404 5508001
18.2416 5509441
18.2428 5510881
18.2654 5512321
18.2666 5513761
18.2678 5515201
18.269 5516641
18.2702 5518081
18.2714 5519521
18.2729 5520961
18.2741 5522401
18.2753 5523841
18.2765 5525281
18.2777 5526721
18.2789 5528161
18.2801 5529601
18.2813 5531041
18.2825 5532481
18.2837 5533921
18.2849 5535361
18.3063 5536801
18.3075 5538241
18.3087 5539681
18.3099 5541121
18.3111 5542561
18.3122 5544001
18.3138 5545441
18.315 5546881
18.3162 5548321
18.3174 5549761
18.3186 5551201
18.3198 5552641
18.321 5554081
18.3222 5555521
18.3235 5556961
18.3247 5558401
18.3259 5559841
18.3271 5561281
18.3484 5562721
18.3496 5564161
18.3507 5565601
18.3519 5567041
18.3531 5568481
18.3543 5569921
18.3559 5571361
18.3571 5572801
18.3583 5574241
18.3595 5575681
18.3607 5577121
18.3619 5578561
18.3631 5580001
18.3643 5581441
18.3654 5582881
18.3666 5584321
18.3678 5585761
18.369 5587201
18.3702 5588641
18.3904 5590081
18.3916 5591521
18.3928 5592961
18.394 5594401
18.3952 5595841
18.3964 5597281
18.398 5598721
18.3992 5600161
18.4004 5601601
18.4016 5603041
18.4028 5604481
18.4039 5605921
18.4051 5607361
18.4063 5608801
18.4075 5610241
18.4087 5611681
18.4099 5613121
18.4111 5614561
18.4313 5616001
18.4325 5617441
18.4337 5618881
18.4349 5620321
18.4361 5621761
18.4373 5623201
18.4389 5624641
18.4401 5626081
18.4413 5627521
18.4424 5628961
18.4436 5630401
18.4448 5631841
18.446 5633281
18.4472 5634721
18.4484 5636161
18.4496 5637601
18.4508 5639041
18.452 5640481
18.4532 5641921
18.4722 5643361
18.4734 5644801
18.4746 5646241
18.4758 5647681
18.4798 5649121
18.4809 5650561
18.4821 5652001
18.4833 5653441
18.4845 5654881
18.4857 5656321
18.4869 5657761
18.4881 5659201
18.4893 5660641
18.4905 5662081
18.4917 5663521
18.4929 5664961
18.4941 5666401
18.4953 5667841
18.4965 5669281
18.4977 5670721
18.5143 5672161
18.5155 5673601
18.5167 5675041
18.5179 5676481
18.5218 5677921
18.523 5679361
18.5242 5680801
18.5254 5682241
18.5266 5683681
18.5278 5685121
18.529 5686561
18.5302 5688001
18.5314 5689441
18.5326 5690881
18.5338 5692321
18.535 5693761
18.5362 5695201
18.5374 5696641
18.5386 5698081
18.5398 5699521
18.541 5700961
18.5567 5702401
18.5579 5703841
18.5591 5705281
18.5603 5706721
18.6096 5708161
18.6096 5709601
18.6096 5711041
18.6096 5712481
18.6096 5713921
18.6096 5715361
18.6096 5716801
18.6096 5718241
18.6096 5719681
18.6096 5721121
18.6096 5722561
18.6096 5724001
18.6096 5725441
18.6096 5726881
18.6096 5728321
18.6096 5729761
18.6096 5731201
18.6096 5732641
18.6096 5734081
18.6096 5735521
18.6096 5736961
18.6096 5738401
18.6096 5739841
18.6228 5741281
18.6385 5742721
18.6397 5744161
18.6409 5745601
18.6421 5747041
18.6469 5748481
18.6481 5749921
18.6493 5751361
18.6505 5752801
18.6794 5754241
18.6806 5755681
18.6818 5757121
18.683 5758561
18.6882 5760001
18.6894 5761441
18.6905 5762881
18.6917 5764321
18.7203 5765761
18.7215 5767201
18.77 5768641
18.77 5770081
18.77 5771521
18.77 5772961
18.77 5774401
18.77 5775841
18.77 5777281
18.77 5778721
18.77 5780161
18.77 5781601
18.77 5783041
18.77 5784481
18.8057 5785921
18.8069 5787361
18.8081 5788801
18.8108 5790241
18.8478 5791681
18.8489 5793121
18.8517 5794561
18.8529 5796001
18.8898 5797441
18.891 5798881
18.8938 5800321
18.895 5801761
18.9319 5803201
18.9331 5804641
18.9343 5806081
18.9359 5807521
18.9371 5808961
18.974 5810401
18.9752 5811841
18.9768 5813281
18.978 5814721
19.0149 5816161
19.0161 5817601
19.0177 5819041
19.0189 5820481
19.0201 5821921
19.0558 5823361
19.057 5824801
19.0586 5826241
19.0598 5827681
19.061 5829121
19.0622 5830561
19.0979 5832001
19.0991 5833441
19.1007 5834881
19.1018 5836321
19.103 5837761
19.1042 5839201
19.14 5840641
19.1412 5842081
19.1423 5843521
19.1435 5844961
19.1447 5846401
19.1459 5847841
19.1471 5849281
19.182 5850721
19.1832 5852161
19.1844 5853601
19.1856 5855041
19.1868 5856481
19.188 5857921
19.2229 5859361
19.2241 5860801
19.2253 5862241
19.2265 5863681
19.2277 5865121
19.2289 5866561
19.2301 5868001
19.2638 5869441
19.265 5870881
19.2662 5872321
19.2674 5873761
19.2686 5875201
19.2698 5876641
19.271 5878081
19.2722 5879521
19.3059 5880961
19.3071 5882401
19.3083 5883841
19.3095 5885281
19.3107 5886721
19.3119 5888161
19.3131 5889601
19.3143 5891041
19.3155 5892481
19.348 5893921
19.3492 5895361
19.3504 5896801
19.3516 5898241
19.3528 5899681
19.354 5901121
19.3552 5902561
19.3564 5904001
19.3892 5905441
19.3904 5906881
19.3916 5908321
19.3928 5909761
19.394 5911201
19.3952 5912641
19.3964 5914081
19.3976 5915521
19.4301 5916961
19.4313 5918401
19.4325 5919841
19.4337 5921281
19.4349 5922721
19.4361 5924161
19.4373 5925601
19.4385 5927041
19.4397 5928481
19.471 5929921
19.4722 5931361
19.4734 5932801
19.4746 5934241
19.4759 5935681
19.4771 5937121
19.4783 5938561
19.4795 5940001
19.4807 5941441
19.4819 5942881
19.5131 5944321
19.5143 5945761
19.5155 5947201
19.5167 5948641
19.518 5950081
19.5192 5951521
19.5204 5952961
19.5216 5954401
19.5228 5955841
19.524 5957281
19.5252 5958721
19.5552 5960161
19.5564 5961601
19.5576 5963041
19.5588 5964481
19.5604 5965921
19.5616 5967361
19.5628 5968801
19.564 5970241
19.5652 5971681
19.5664 5973121
19.5961 5974561
19.5973 5976001
19.5985 5977441
19.5997 5978881
19.6013 5980321
19.6025 5981761
19.6037 5983201
19.6049 5984641
19.6061 5986081
19.6072 5987521
19.6084 5988961
19.637 5990401
19.6382 5991841
19.6394 5993281
19.6406 5994721
19.6446 5996161
19.6457 5997601
19.6469 5999041
19.6481 6000481
19.6493 6001921
19.6505 6003361
19.6517 6004801
19.6529 6006241
19.6791 6007681
19.6802 6009121
19.6814 6010561
19.6826 6012001
19.6866 6013441
19.6878 6014881
19.689 6016321
19.6902 6017761
19.6914 6019201
19.6926 6020641
19.6938 6022081
19.695 6023521
19.7211 6024961
19.7223 6026401
19.7235 6027841
19.7247 6029281
19.7259 6030721
19.7287 6032161
19.7299 6033601
19.7311 6035041
19.7323 6036481
19.7335 6037921
19.7347 6039361
19.7359 6040801
19.7371 6042241
19.7632 6043681
19.7644 6045121
19.7656 6046561
19.7668 6048001
19.7696 6049441
19.7708 6050881
19.772 6052321
19.8177 6053761
19.8177 6055201
19.8177 6056641
19.8177 6058081
19.8177 6059521
19.8177 6060961
19.8177 6062401
19.8177 6063841
19.8177 6065281
19.8177 6066721
19.8177 6068161
19.8177 6069601
19.8177 6071041
19.8177 6072481
19.8177 6073921
19.8177 6075361
19.8526 6076801
19.8541 6078241
19.8553 6079681
19.8565 6081121
19.8577 6082561
19.8589 6084001
19.8951 6085441
19.8963 6086881
19.8975 6088321
19.8987 6089761
19.8999 6091201
19.9011 6092641
19.9372 6094081
19.9384 6095521
19.9396 6096961
19.9408 6098401
19.942 6099841
19.9432 6101281
19.9793 6102721
19.9805 6104161
19.9817 6105601
19.9829 6107041
19.9841 6108481
19.9853 6109921
19.9865 6111361
20.0217 6112801
20.0229 6114241
20.0241 6115681
20.0253 6117121
20.0265 6118561
20.0277 6120001
20.0626 6121441
20.0638 6122881
20.065 6124321
20.0662 6125761
20.0674 6127201
20.0686 6128641
20.0698 6130081
20.1035 6131521
20.1505 6132961
20.1505 6134401
20.1505 6135841
20.1505 6137281
20.1505 6138721
20.1505 6140161
20.1505 6141601
20.1505 6143041
20.1505 6144481
20.1505 6145921
20.1894 6147361
20.1906 6148801
20.1918 6150241
20.2315 6151681
20.2327 6153121
20.2727 6154561
20.2739 6156001
20.3136 6157441
20.3148 6158881
20.3545 6160321
20.3557 6161761
20.357 6163201
20.3954 6164641
20.3966 6166081
20.3979 6167521
20.3991 6168961
20.4375 6170401
20.4387 6171841
20.44 6173281
20.4412 6174721
20.4424 6176161
20.4796 6177601
20.4808 6179041
20.4821 6180481
20.4833 6181921
20.5205 6183361
20.5217 6184801
20.523 6186241
20.5242 6187681
20.5613 6189121
20.5625 6190561
20.5639 6192001
20.5651 6193441
20.5663 6194881
20.6022 6196321
20.6034 6197761
20.6048 6199201
20.606 6200641
20.6072 6202081
20.6084 6203521
20.6443 6204961
20.6458 6206401
20.647 6207841
20.6482 6209281
20.6494 6210721
20.6506 6212161
20.6518 6213601
20.6867 6215041
20.6879 6216481
20.6891 6217921
20.6903 6219361
20.6915 6220801
20.6927 6222241
20.7279 6223681
20.7291 6225121
20.7303 6226561
20.7315 6228001
20.7327 6229441
20.7339 6230881
20.7688 6232321
20.77 6233761
20.7712 6235201
20.7724 6236641
20.7736 6238081
20.7748 6239521
20.776 6240961
20.81 6242401
20.8112 6243841
20.8124 6245281
20.893 6246721
20.893 6248161
20.893 6249601
20.893 6251041
20.893 6252481
20.893 6253921
20.893 6255361
20.893 6256801
20.893 6258241
20.893 6259681
20.8991 6261121
20.9003 6262561
20.9339 6264001
20.9412 6265441
20.9424 6266881
20.9821 6268321
20.9833 6269761
21.023 6271201
21.0242 6272641
21.0639 6274081
21.0651 6275521
21.0663 6276961
21.1048 6278401
21.106 6279841
21.1072 6281281
21.1084 6282721
21.1469 6284161
21.1481 6285601
21.1493 6287041
21.1505 6288481
21.1517 6289921
21.189 6291361
21.1901 6292801
21.1913 6294241
21.1925 6295681
21.2298 6297121
21.231 6298561
21.2322 6300001
21.2334 6301441
21.2707 6302881
21.2719 6304321
21.2731 6305761
21.2743 6307201
21.2755 6308641
21.312 6310081
21.3132 6311521
21.3144 6312961
21.3156 6314401
21.3168 6315841
21.318 6317281
21.3541 6318721
21.3553 6320161
21.3565 6321601
21.3577 6323041
21.3588 6324481
21.36 6325921
21.3612 6327361
21.3962 6328801
21.3973 6330241
21.3985 6331681
21.3997 6333121
21.4011 6334561
21.4023 6336001
21.437 6337441
21.4382 6338881
21.4394 6340321
21.4406 6341761
21.442 6343201
21.4431 6344641
21.5236 6346081
21.5236 6347521
21.5236 6348961
21.5236 6350401
21.5236 6351841
21.5236 6353281
21.5236 6354721
21.5236 6356161
21.5236 6357601
21.5236 6359041
21.5621 6360481
21.5633 6361921
21.5645 6363361
21.6042 6364801
21.6054 6366241
21.6451 6367681
21.6463 6369121
21.686 6370561
21.6872 6372001
21.7269 6373441
21.7281 6374881
21.7293 6376321
21.7679 6377761
21.7691 6379201
21.7703 6380641
21.7715 6382081
21.81 6383521
21.8112 6384961
21.8123 6386401
21.8135 6387841
21.8147 6389281
21.852 6390721
21.8532 6392161
21.8544 6393601
21.8556 6395041
21.893 6396481
21.8942 6397921
21.8953 6399361
21.8965 6400801
21.9338 6402241
21.935 6403681
21.9362 6405121
21.9374 6406561
21.9386 6408001
21.9747 6409441
21.9759 6410881
21.9771 6412321
21.9783 6413761
21.9795 6415201
21.9807 6416641
22.0168 6418081
22.018 6419521
22.0192 6420961
22.0204 6422401
22.0216 6423841
22.0228 6425281
22.024 6426721
22.0589 6428161
22.0601 6429601
22.0613 6431041
22.0625 6432481
22.0637 6433921
22.0649 6435361
22.0998 6436801
22.101 6438241
22.1022 6439681
22.1034 6441121
22.1046 6442561
22.1058 6444001
22.1407 6445441
22.1419 6446881
22.1431 6448321
22.1443 6449761
22.1455 6451201
22.1467 6452641
22.1479 6454081
22.1816 6455521
22.1828 6456961
22.184 6458401
22.1852 6459841
22.1864 6461281
22.1875 6462721
22.1887 6464161
22.1899 6465601
22.2237 6467041
22.2249 6468481
22.226 6469921
22.2272 6471361
22.2284 6472801
22.2296 6474241
22.2308 6475681
22.232 6477121
22.2332 6478561
22.2661 6480001
22.2673 6481441
22.2685 6482881
22.2697 6484321
22.2709 6485761
22.2721 6487201
22.2733 6488641
22.2745 6490081
22.307 6491521
22.3082 6492961
22.3094 6494401
22.3106 6495841
22.3118 6497281
22.313 6498721
22.3142 6500161
22.3153 6501601
22.3165 6503041
22.3479 6504481
22.3491 6505921
22.3504 6507361
22.3516 6508801
22.3528 6510241
22.354 6511681
22.3552 6513121
22.3564 6514561
22.3576 6516001
22.3588 6517441
22.39 6518881
22.3912 6520321
22.3925 6521761
22.3937 6523201
22.3949 6524641
22.3961 6526081
22.3973 6527521
22.3985 6528961
22.3997 6530401
22.4009 6531841
22.432 6533281
22.4332 6534721
22.4344 6536161
22.4356 6537601
22.4368 6539041
22.438 6540481
22.4392 6541921
22.4404 6543361
22.4416 6544801
22.4428 6546241
22.444 6547681
22.4741 6549121
22.4753 6550561
22.4765 6552001
22.4777 6553441
22.4789 6554881
22.4801 6556321
22.4813 6557761
22.4825 6559201
22.4837 6560641
22.4849 6562081
22.515 6563521
22.5162 6564961
22.5174 6566401
22.5186 6567841
22.5198 6569281
22.521 6570721
22.5222 6572161
22.5234 6573601
22.5246 6575041
22.5258 6576481
22.527 6577921
22.5583 6579361
22.5595 6580801
22.5607 6582241
22.5619 6583681
22.5631 6585121
22.5643 6586561
22.5655 6588001
22.5667 6589441
22.5679 6590881
22.5691 6592321
22.5702 6593761
22.5714 6595201
22.6452 6596641
22.6452 6598081
22.6452 6599521
22.6452 6600961
22.6452 6602401
22.6452 6603841
22.6452 6605281
22.6452 6606721
22.6452 6608161
22.6452 6609601
22.6452 6611041
22.6452 6612481
22.6452 6613921
22.6452 6615361
22.6452 6616801
22.6544 6618241
22.6556 6619681
22.6837 6621121
22.6849 6622561
22.6861 6624001
22.6965 6625441
22.6977 6626881
22.7258 6628321
22.727 6629761
22.7374 6631201
22.7386 6632641
22.7398 6634081
22.7667 6635521
22.7679 6636961
22.7783 6638401
22.7795 6639841
22.7807 6641281
22.7819 6642721
22.8088 6644161
22.81 6645601
22.8204 6647041
22.8216 6648481
22.8228 6649921
22.824 6651361
22.8509 6652801
22.8521 6654241
22.8533 6655681
22.8625 6657121
22.8637 6658561
22.8649 6660001
22.8661 6661441
22.893 6662881
22.8942 6664321
22.9759 6665761
22.9759 6667201
22.9759 6668641
22.9759 6670081
22.9759 6671521
22.9759 6672961
22.9759 6674401
22.9759 6675841
22.9759 6677281
23.0157 6678721
23.0169 6680161
23.0577 6681601
23.0589 6683041
23.0998 6684481
23.101 6685921
23.1022 6687361
23.142 6688801
23.1432 6690241
23.1829 6691681
23.1841 6693121
23.2238 6694561
23.225 6696001
23.2262 6697441
23.2647 6698881
23.2659 6700321
23.2671 6701761
23.2683 6703201
23.3068 6704641
23.308 6706081
23.3092 6707521
23.3104 6708961
23.3488 6710401
23.35 6711841
23.3512 6713281
23.3524 6714721
23.3536 6716161
23.3909 6717601
23.3921 6719041
23.3933 6720481
23.3945 6721921
23.4318 6723361
23.433 6724801
23.4342 6726241
23.4354 6727681
23.4366 6729121
23.4727 6730561
23.4739 6732001
23.4751 6733441
23.4763 6734881
23.4775 6736321
23.4787 6737761
23.5148 6739201
23.516 6740641
23.5172 6742081
23.5184 6743521
23.5196 6744961
23.5208 6746401
23.522 6747841
23.5569 6749281
23.5581 6750721
23.5593 6752161
23.5605 6753601
23.5617 6755041
23.5629 6756481
23.5978 6757921
23.599 6759361
23.6002 6760801
23.6014 6762241
23.6026 6763681
23.6037 6765121
23.6387 6766561
23.6399 6768001
23.6411 6769441
23.6422 6770881
23.6434 6772321
23.6446 6773761
23.6458 6775201
23.6796 6776641
23.6807 6778081
23.6819 6779521
23.6831 6780961
23.6843 6782401
23.6855 6783841
23.6867 6785281
23.6879 6786721
23.7216 6788161
23.7228 6789601
23.724 6791041
23.7252 6792481
23.7264 6793921
23.7276 6795361
23.7288 6796801
23.73 6798241
23.7312 6799681
23.7637 6801121
23.7649 6802561
23.7661 6804001
23.7673 6805441
23.7685 6806881
23.7697 6808321
23.7709 6809761
23.7721 6811201
23.8046 6812641
23.8058 6814081
23.807 6815521
23.8082 6816961
23.8094 6818401
23.8106 6819841
23.8118 6821281
23.813 6822721
23.8455 6824161
23.8467 6825601
23.8479 6827041
23.8491 6828481
23.8503 6829921
23.8515 6831361
23.8527 6832801
23.8539 6834241
23.8551 6835681
23.8866 6837121
23.8878 6838561
23.889 6840001
23.8902 6841441
23.8914 6842881
23.8926 6844321
23.8938 6845761
23.895 6847201
23.8961 6848641
23.8973 6850081
23.9287 6851521
23.9299 6852961
23.9311 6854401
23.9325 6855841
23.9337 6857281
23.9349 6858721
23.9361 6860161
23.9373 6861601
23.9385 6863041
23.9397 6864481
23.9408 6865921
23.9708 6867361
23.972 6868801
23.9736 6870241
23.9748 6871681
23.976 6873121
23.9772 6874561
23.9784 6876001
23.9796 6877441
23.9808 6878881
23.982 6880321
24.0116 6881761
24.0128 6883201
24.0145 6884641
24.0157 6886081
24.0169 6887521
24.0181 6888961
24.0193 6890401
24.0205 6891841
24.0217 6893281
24.0228 6894721
24.024 6896161
24.0525 6897601
24.0537 6899041
24.0999 6900481
24.0999 6901921
24.0999 6903361
24.0999 6904801
24.0999 6906241
24.0999 6907681
24.0999 6909121
24.0999 6910561
24.0999 6912001
24.0999 6913441
24.1396 6914881
24.1396 6916321
24.1396 6917761
24.1396 6919201
24.1396 6920641
24.1396 6922081
24.1408 6923521
24.1432 6924961
24.1776 6926401
24.1793 6927841
24.1805 6929281
24.1829 6930721
24.2185 6932161
24.2197 6933601
24.2214 6935041
24.2226 6936481
24.2594 6937921
24.2606 6939361
24.2623 6940801
24.2635 6942241
24.3003 6943681
24.3015 6945121
24.3027 6946561
24.3039 6948001
24.3051 6949441
24.3412 6950881
24.3424 6952321
24.3436 6953761
24.3448 6955201
24.346 6956641
24.3472 6958081
24.4278 6959521
24.4278 6960961
24.4278 6962401
24.4278 6963841
24.4278 6965281
24.4278 6966721
24.4278 6968161
24.4278 6969601
24.4278 6971041
24.4675 6972481
24.7084 6973921
24.7096 6975361
24.7505 6976801
24.7517 6978241
24.7925 6979681
24.7937 6981121
24.7949 6982561
24.8346 6984001
24.8358 6985441
24.8759 6986881
24.8771 6988321
24.9168 6989761
24.918 6991201
24.9192 6992641
24.9577 6994081
24.9589 6995521
24.9601 6996961
24.9613 6998401
24.9998 6999841
25.001 7001281
25.0022 7002721
25.0034 7004161
25.0419 7005601
25.043 7007041
25.0442 7008481
25.0454 7009921
25.0466 7011361
25.0839 7012801
25.0851 7014241
25.0863 7015681
25.0875 7017121
25.1248 7018561
25.126 7020001
25.1272 7021441
25.1284 7022881
25.1296 7024321
25.1657 7025761
25.1669 7027201
25.1681 7028641
25.1693 7030081
25.1705 7031521
25.1717 7032961
25.2078 7034401
25.209 7035841
25.2102 7037281
25.2114 7038721
25.2126 7040161
25.2138 7041601
25.215 7043041
25.2499 7044481
25.2511 7045921
25.2523 7047361
25.2535 7048801
25.2547 7050241
25.2559 7051681
25.2912 7053121
25.2924 7054561
25.2935 7056001
25.2947 7057441
25.2959 7058881
25.2971 7060321
25.332 7061761
25.3332 7063201
25.3344 7064641
25.3356 7066081
25.3368 7067521
25.338 7068961
25.3392 7070401
25.3729 7071841
25.3741 7073281
25.3753 7074721
25.3765 7076161
25.3778 7077601
25.379 7079041
25.3802 7080481
25.3814 7081921
25.415 7083361
25.4619 7084801
25.4619 7086241
25.4619 7087681
25.4619 7089121
25.4619 7090561
25.4619 7092001
25.4619 7093441
25.4619 7094881
25.4619 7096321
25.4619 7097761
25.4619 7099201
25.5004 7100641
25.5016 7102081
25.5028 7103521
25.5425 7104961
25.5437 7106401
25.5837 7107841
25.5849 7109281
25.586 7110721
25.6245 7112161
25.6257 7113601
25.6269 7115041
25.6281 7116481
25.6666 7117921
25.6678 7119361
25.6692 7120801
25.6704 7122241
25.7087 7123681
25.7099 7125121
25.7111 7126561
25.7123 7128001
25.7135 7129441
25.7965 7130881
25.7965 7132321
25.7965 7133761
25.7965 7135201
25.7965 7136641
25.7965 7138081
25.7965 7139521
25.8362 7140961
25.8374 7142401
25.8783 7143841
25.8795 7145281
25.9204 7146721
25.9216 7148161
25.9625 7149601
25.9636 7151041
25.9648 7152481
26.0045 7153921
26.0057 7155361
26.0454 7156801
26.0466 7158241
26.0863 7159681
26.1693 7161121
26.1693 7162561
26.1693 7164001
26.1693 7165441
26.1693 7166881
26.1693 7168321
26.209 7169761
26.2102 7171201
26.2511 7172641
26.2523 7174081
26.2932 7175521
26.2944 7176961
26.3353 7178401
26.3365 7179841
26.3377 7181281
26.3777 7182721
26.3789 7184161
26.4186 7185601
26.4198 7187041
26.4598 7188481
26.461 7189921
26.4622 7191361
26.5007 7192801
26.5019 7194241
26.5031 7195681
26.5043 7197121
26.5428 7198561
26.544 7200001
26.5452 7201441
26.5464 7202881
26.5849 7204321
26.5861 7205761
26.5872 7207201
26.5884 7208641
26.5896 7210081
26.6269 7211521
26.6281 7212961
26.6293 7214401
26.6305 7215841
26.6678 7217281
26.669 7218721
26.6702 7220161
26.6714 7221601
26.6726 7223041
26.7087 7224481
26.7099 7225921
26.7111 7227361
26.7123 7228801
26.7135 7230241
26.7147 7231681
26.7512 7233121
26.7524 7234561
26.7536 7236001
26.7548 7237441
26.7559 7238881
26.7571 7240321
26.7583 7241761
26.7933 7243201
26.7944 7244641
26.7956 7246081
26.7968 7247521
26.798 7248961
26.7992 7250401
26.8341 7251841
26.8353 7253281
26.8365 7254721
26.8377 7256161
26.8389 7257601
26.8403 7259041
26.875 7260481
26.8762 7261921
26.8774 7263361
26.8786 7264801
26.8798 7266241
26.881 7267681
26.8822 7269121
26.9159 7270561
26.9171 7272001
26.9183 7273441
26.9195 7274881
26.9207 7276321
26.9219 7277761
26.9231 7279201
26.9243 7280641
26.9604 7282081
26.9616 7283521
26.9628 7284961
26.964 7286401
26.9652 7287841
26.9664 7289281
26.9676 7290721
26.9688 7292161
26.97 7293601
27.0025 7295041
27.0037 7296481
27.0049 7297921
27.0061 7299361
27.0073 7300801
27.0085 7302241
27.0097 7303681
27.0108 7305121
27.0434 7306561
27.0446 7308001
27.0458 7309441
27.047 7310881
27.0482 7312321
27.0493 7313761
27.0505 7315201
27.0517 7316641
27.0843 7318081
27.0855 7319521
27.0866 7320961
27.0878 7322401
27.089 7323841
27.0902 7325281
27.0914 7326721
27.0926 7328161
27.0938 7329601
27.1251 7331041
27.1263 7332481
27.1275 7333921
27.1287 7335361
27.1299 7336801
27.1311 7338241
27.1323 7339681
27.1335 7341121
27.1347 7342561
27.1359 7344001
27.1672 7345441
27.1684 7346881
27.1696 7348321
27.1708 7349761
27.172 7351201
27.1732 7352641
27.1744 7354081
27.1756 7355521
27.1768 7356961
27.178 7358401
27.1792 7359841
27.2093 7361281
27.2105 7362721
27.2117 7364161
27.2129 7365601
27.2141 7367041
27.2153 7368481
27.2165 7369921
27.2177 7371361
27.2189 7372801
27.2201 7374241
27.2502 7375681
27.2514 7377121
27.2526 7378561
27.2538 7380001
27.255 7381441
27.2562 7382881
27.2574 7384321
27.2586 7385761
27.2598 7387201
27.261 7388641
27.2622 7390081
27.2915 7391521
27.2928 7392961
27.294 7394401
27.2952 7395841
27.2964 7397281
27.2976 7398721
27.2988 7400161
27.3 7401601
27.3012 7403041
27.3024 7404481
27.3035 7405921
27.3047 7407361
27.3337 7408801
27.3349 7410241
27.3361 7411681
27.3373 7413121
27.3385 7414561
27.3397 7416001
27.3408 7417441
27.342 7418881
27.3432 7420321
27.3444 7421761
27.3456 7423201
27.3468 7424641
27.348 7426081
27.3758 7427521
27.377 7428961
27.3785 7430401
27.3797 7431841
27.3809 7433281
27.3821 7434721
27.3833 7436161
27.3845 7437601
27.3857 7439041
27.3869 7440481
27.3881 7441921
27.3893 7443361
27.4167 7444801
27.4178 7446241
27.4194 7447681
27.4206 7449121
27.4218 7450561
27.423 7452001
27.4242 7453441
27.4254 7454881
27.4266 7456321
27.4278 7457761
27.429 7459201
27.4302 7460641
27.4575 7462081
27.4587 7463521
27.4603 7464961
27.4615 7466401
27.4627 7467841
27.4639 7469281
27.4651 7470721
27.4663 7472161
27.5135 7473601
27.5135 7475041
27.5135 7476481
27.5135 7477921
27.5135 7479361
27.5135 7480801
27.5135 7482241
27.5135 7483681
27.5135 7485121
27.5135 7486561
27.5135 7488001
27.5135 7489441
27.5135 7490881
27.5135 7492321
27.5135 7493761
27.5135 7495201
27.5469 7496641
27.5481 7498081
27.5505 7499521
27.5521 7500961
27.5532 7502401
27.5544 7503841
27.589 7505281
27.5901 7506721
27.5929 7508161
27.5941 7509601
27.5953 7511041
27.5965 7512481
27.631 7513921
27.6322 7515361
27.635 7516801
27.6362 7518241
27.6374 7519681
27.6386 7521121
27.6731 7522561
27.6743 7524001
27.6755 7525441
27.6771 7526881
27.6783 7528321
27.6795 7529761
27.6807 7531201
27.7152 7532641
27.7164 7534081
27.718 7535521
27.7192 7536961
27.7204 7538401
27.7216 7539841
27.7561 7541281
27.7573 7542721
27.7589 7544161
27.7601 7545601
27.7613 7547041
27.7625 7548481
27.7637 7549921
27.797 7551361
27.7982 7552801
27.7998 7554241
27.801 7555681
27.8022 7557121
27.8034 7558561
27.8046 7560001
27.8058 7561441
27.8391 7562881
27.8403 7564321
27.8419 7565761
27.8431 7567201
27.8466 7568641
27.8478 7570081
27.849 7571521
27.8502 7572961
27.8812 7574401
27.8823 7575841
27.8835 7577281
27.8847 7578721
27.8859 7580161
27.8887 7581601
27.8899 7583041
27.8911 7584481
27.8923 7585921
27.9232 7587361
27.9244 7588801
27.9256 7590241
27.9268 7591681
27.9296 7593121
27.9308 7594561
27.932 7596001
27.9332 7597441
27.9641 7598881
27.9653 7600321
27.9665 7601761
27.9677 7603201
27.9689 7604641
27.9705 7606081
27.9717 7607521
27.9729 7608961
27.9741 7610401
28.005 7611841
28.0062 7613281
28.0074 7614721
28.0086 7616161
28.0098 7617601
28.011 7619041
28.0126 7620481
28.0138 7621921
28.015 7623361
28.0162 7624801
28.0471 7626241
28.0483 7627681
28.0495 7629121
28.0507 7630561
28.0519 7632001
28.0531 7633441
28.0547 7634881
28.0559 7636321
28.0571 7637761
28.0583 7639201
28.0595 7640641
28.0892 7642081
28.0904 7643521
28.0916 7644961
28.0928 7646401
28.094 7647841
28.0952 7649281
28.0968 7650721
28.098 7652161
28.0992 7653601
28.1004 7655041
28.1301 7656481
28.1313 7657921
28.1325 7659361
28.1337 7660801
28.1349 7662241
28.1361 7663681
28.1377 7665121
28.1388 7666561
28.1713 7668001
28.1725 7669441
28.1737 7670881
28.1748 7672321
28.176 7673761
28.1772 7675201
28.1784 7676641
28.1796 7678081
28.1808 7679521
28.182 7680961
28.1832 7682401
28.2122 7683841
28.2133 7685281
28.2145 7686721
28.2157 7688161
28.217 7689601
28.2182 7691041
28.2194 7692481
28.2206 7693921
28.2218 7695361
28.223 7696801
28.2242 7698241
28.2254 7699681
28.2542 7701121
28.2554 7702561
28.3015 7704001
28.3015 7705441
28.3015 7706881
28.3015 7708321
28.3015 7709761
28.3015 7711201
28.3015 7712641
28.3015 7714081
28.3015 7715521
28.3015 7716961
28.3015 7718401
28.3015 7719841
28.3015 7721281
28.3015 7722721
28.3015 7724161
28.3372 7725601
28.3384 7727041
28.3396 7728481
28.3409 7729921
28.3424 7731361
28.3793 7732801
28.3805 7734241
28.3818 7735681
28.383 7737121
28.4202 7738561
28.4214 7740001
28.4226 7741441
28.4238 7742881
28.425 7744321
28.4611 7745761
28.4623 7747201
28.4635 7748641
28.4647 7750081
28.4659 7751521
28.4671 7752961
28.5032 7754401
28.5044 7755841
28.5056 7757281
28.5068 7758721
28.508 7760161
28.5092 7761601
28.5103 7763041
28.5453 7764481
28.5465 7765921
28.5476 7767361
28.5488 7768801
28.55 7770241
28.5512 7771681
28.5861 7773121
28.5873 7774561
28.5885 7776001
28.5897 7777441
28.5909 7778881
28.5921 7780321
28.627 7781761
28.6282 7783201
28.6294 7784641
28.6306 7786081
28.6318 7787521
28.633 7788961
28.6342 7790401
28.6679 7791841
28.6691 7793281
28.6703 7794721
28.6715 7796161
28.6727 7797601
28.6739 7799041
28.6751 7800481
28.6763 7801921
28.71 7803361
28.7112 7804801
28.7124 7806241
28.7136 7807681
28.7148 7809121
28.716 7810561
28.7172 7812001
28.7184 7813441
28.7196 7814881
28.7521 7816321
28.7533 7817761
28.7545 7819201
28.7557 7820641
28.7569 7822081
28.7581 7823521
28.7593 7824961
28.7605 7826401
28.7954 7827841
28.7966 7829281
28.7978 7830721
28.799 7832161
28.8002 7833601
28.8014 7835041
28.8025 7836481
28.8037 7837921
28.8363 7839361
28.8375 7840801
28.8387 7842241
28.8399 7843681
28.841 7845121
28.8422 7846561
28.8434 7848001
28.8446 7849441
28.8458 7850881
28.8772 7852321
28.8784 7853761
28.8795 7855201
28.8807 7856641
28.8819 7858081
28.8831 7859521
28.8843 7860961
28.8855 7862401
28.8867 7863841
28.8879 7865281
28.9192 7866721
28.9204 7868161
28.9216 7869601
28.9228 7871041
28.924 7872481
28.9252 7873921
28.9264 7875361
28.9276 7876801
28.9288 7878241
28.93 7879681
28.9312 7881121
28.9613 7882561
28.9625 7884001
28.9637 7885441
28.9649 7886881
28.9661 7888321
28.9673 7889761
28.9685 7891201
28.9697 7892641
28.9709 7894081
29.0456 7895521
29.0456 7896961
29.0456 7898401
29.0456 7899841
29.0456 7901281
29.0456 7902721
29.0456 7904161
29.0456 7905601
29.0456 7907041
29.0456 7908481
29.0456 7909921
29.0456 7911361
29.0456 7912801
29.0456 7914241
29.054 7915681
29.0552 7917121
29.0841 7918561
29.0853 7920001
29.0869 7921441
29.0961 7922881
29.0973 7924321
29.1262 7925761
29.1274 7927201
29.137 7928641
29.1382 7930081
29.1671 7931521
29.1682 7932961
29.1779 7934401
29.1791 7935841
29.2079 7937281
29.2091 7938721
29.2103 7940161
29.2191 7941601
29.2203 7943041
29.2488 7944481
29.25 7945921
29.2512 7947361
29.2524 7948801
29.2612 7950241
29.2624 7951681
29.2909 7953121
29.2921 7954561
29.2933 7956001
29.2945 7957441
29.2957 7958881
29.3033 7960321
29.3045 7961761
29.333 7963201
29.3342 7964641
29.3354 7966081
29.3366 7967521
29.3442 7968961
29.3454 7970401
29.3739 7971841
29.3751 7973281
29.3763 7974721
29.3775 7976161
29.3851 7977601
29.3863 7979041
29.4148 7980481
29.416 7981921
29.4172 7983361
29.4184 7984801
29.4196 7986241
29.426 7987681
29.4271 7989121
29.4557 7990561
29.4569 7992001
29.4581 7993441
29.4593 7994881
29.4605 7996321
29.4616 7997761
29.468 7999201
29.4692 8000641
29.4978 8002081
29.499 8003521
29.5001 8004961
29.5013 8006401
29.5025 8007841
29.5037 8009281
29.5049 8010721
29.5101 8012161
29.5113 8013601
29.5398 8015041
29.541 8016481
29.5422 8017921
29.5434 8019361
29.5446 8020801
29.5458 8022241
29.551 8023681
29.5522 8025121
29.5807 8026561
29.5819 8028001
29.5831 8029441
29.5843 8030881
29.5855 8032321
29.5867 8033761
29.5919 8035201
29.5931 8036641
29.5943 8038081
29.622 8039521
29.6232 8040961
29.6244 8042401
29.6256 8043841
29.6268 8045281
29.628 8046721
29.6328 8048161
29.634 8049601
29.6352 8051041
29.6364 8052481
29.6641 8053921
29.6653 8055361
29.6665 8056801
29.6676 8058241
29.6688 8059681
29.67 8061121
29.6749 8062561
29.6761 8064001
29.6773 8065441
29.6785 8066881
29.6797 8068321
29.7061 8069761
29.7073 8071201
29.7085 8072641
29.7097 8074081
29.7109 8075521
29.7121 8076961
29.717 8078401
29.7182 8079841
29.7194 8081281
29.7206 8082721
29.747 8084161
29.7482 8085601
29.7494 8087041
29.7506 8088481
29.7518 8089921
29.753 8091361
29.7579 8092801
29.7591 8094241
29.7603 8095681
29.7615 8097121
29.7879 8098561
29.7891 8100001
29.7903 8101441
29.7915 8102881
29.7927 8104321
29.7939 8105761
29.7951 8107201
29.7988 8108641
29.8 8110081
29.8012 8111521
29.8024 8112961
29.8288 8114401
29.83 8115841
29.8312 8117281
29.8324 8118721
29.8336 8120161
29.8348 8121601
29.836 8123041
29.8372 8124481
29.8409 8125921
29.8421 8127361
29.8433 8128801
29.8445 8130241
29.8713 8131681
29.8725 8133121
29.8737 8134561
29.8749 8136001
29.8761 8137441
29.8773 8138881
29.8785 8140321
29.8797 8141761
29.8809 8143201
29.883 8144641
29.8842 8146081
29.8854 8147521
29.8866 8148961
29.9137 8150401
29.9149 8151841
29.9161 8153281
29.9173 8154721
29.9185 8156161
29.9197 8157601
29.9209 8159041
29.9221 8160481
29.9239 8161921
29.9251 8163361
29.9263 8164801
29.9275 8166241
29.9546 8167681
29.9558 8169121
29.957 8170561
29.9582 8172001
29.9594 8173441
29.9606 8174881
29.9618 8176321
29.963 8177761
29.9648 8179201
29.966 8180641
29.9672 8182081
29.9684 8183521
29.9695 8184961
29.9955 8186401
29.9967 8187841
29.9979 8189281
29.9992 8190721
30.0004 8192161
30.0016 8193601
30.0028 8195041
30.0501 8196481
30.0501 8197921
30.0501 8199361
30.0501 8200801
30.0501 8202241
30.0501 8203681
30.0501 8205121
30.0501 8206561
30.0501 8208001
30.0501 8209441
30.0501 8210881
30.0501 8212321
30.0501 8213761
30.0501 8215201
30.0501 8216641
30.0501 8218081
30.0834 8219521
30.0846 8220961
30.0875 8222401
30.0887 8223841
30.0899 8225281
30.091 8226721
