0.0642165 1
0.131149 1441
0.199234 4321
0.267319 7201
0.334209 10081
0.336599 12961
0.402293 15841
0.404684 18721
0.407074 21601
0.470378 24481
0.472769 27361
0.475159 30241
0.477549 33121
0.537268 36001
0.539658 38881
0.542048 41761
0.544439 44641
0.546829 47521
0.54922 50401
0.604157 53281
0.606548 56161
0.608938 59041
0.611328 61921
0.613719 64801
0.616109 67681
0.6185 70561
0.62089 73441
0.62328 76321
0.671047 79201
0.673437 82081
0.675828 84961
0.678218 87841
0.680608 90721
0.682999 93601
0.685389 96481
0.68778 99361
0.69017 102241
0.69256 105121
0.694951 108001
0.697341 110881
0.699732 113761
0.702122 116641
0.739132 119521
0.741522 122401
0.743912 125281
0.746303 128161
0.751084 133921
0.753474 136801
0.755864 139681
0.758255 142561
0.760645 145441
0.763036 148321
0.765426 151201
0.767816 154081
0.770207 156961
0.772597 159841
0.774988 162721
0.777378 165601
0.779768 168481
0.782159 171361
0.784549 174241
0.78694 177121
0.807216 180001
0.809607 182881
0.811997 185761
0.814388 188641
0.816778 191521
0.819168 194401
0.821559 197281
0.823949 200161
0.82634 203041
0.82873 205921
0.83112 208801
0.833511 211681
0.835901 214561
0.838292 217441
0.840682 220321
0.843072 223201
0.845463 226081
0.847853 228961
0.850244 231841
0.852634 234721
0.855024 237601
0.857415 240481
0.859805 243361
0.862196 246241
0.864586 249121
0.866976 252001
0.869367 254881
0.871757 257761
0.874148 260641
0.876538 263521
0.878928 266401
0.881319 269281
0.883709 272161
0.8861 275041
0.88849 277921
0.89088 280801
0.893271 283681
0.895661 286561
0.898052 289441
0.900442 292321
0.902832 295201
0.905223 298081
0.907613 300961
0.910004 303841
0.912394 306721
0.914784 309601
0.917175 312481
0.919565 315361
0.921956 318241
0.924346 321121
0.926736 324001
0.929127 326881
0.931517 329761
0.933908 332641
0.936298 335521
0.938688 338401
0.941079 341281
0.943469 344161
0.94586 347041
0.94825 349921
0.95064 352801
0.953031 355681
0.955421 358561
0.957812 361441
0.960202 364321
0.962592 367201
0.964983 370081
0.967373 372961
0.969764 375841
0.972154 378721
0.974544 381601
0.976935 384481
0.979325 387361
0.981716 390241
0.984106 393121
0.986496 396001
0.988887 398881
0.991277 401761
0.993668 404641
0.996058 407521
0.998448 410401
1.00084 413281
1.00323 416161
1.00562 419041
1.00801 421921
1.0104 424801
1.01279 427681
1.01518 430561
1.01757 433441
1.01996 436321
1.02235 439201
1.02474 442081
1.02713 444961
1.02952 447841
1.03191 450721
1.0343 453601
1.03669 456481
1.03909 459361
1.04148 462241
1.04387 465121
1.04626 468001
1.04865 470881
1.05104 473761
1.05343 476641
1.05582 479521
1.05942 480961
1.25905 557281
1.26023 679681
1.32236 718561
1.35462 836641
1.35701 839521
1.36059 840961
1.36298 843841
1.36537 846721
1.36776 849601
1.37016 852481
1.37255 855361
1.37494 858241
1.37733 861121
1.37972 864001
1.38211 866881
1.3845 869761
1.38689 872641
1.38928 875521
1.39167 878401
1.39406 881281
1.39645 884161
1.39884 887041
1.40123 889921
1.40362 892801
1.40601 895681
1.4084 898561
1.41079 901441
1.41318 904321
1.41557 907201
1.41796 910081
1.42035 912961
1.42274 915841
1.42633 918721
1.42872 921601
1.43111 924481
1.4335 927361
1.43589 930241
1.43828 933121
1.44067 936001
1.44306 938881
1.44545 941761
1.44784 944641
1.45023 947521
1.45262 950401
1.45501 953281
1.4574 956161
1.4598 959041
1.46219 961921
1.46458 964801
1.46697 967681
1.46936 970561
1.47175 973441
1.47414 976321
1.47653 979201
1.47892 982081
1.48131 984961
1.4837 987841
1.48609 990721
1.48848 993601
1.49087 996481
1.49326 999361
1.49565 1002241
1.49804 1005121
1.50043 1008001
1.50282 1010881
1.50521 1013761
1.5076 1016641
1.50999 1019521
1.51238 1022401
1.51477 1025281
1.51716 1028161
1.51956 1031041
1.52195 1033921
1.52434 1036801
1.52673 1039681
1.52912 1042561
1.53151 1045441
1.5339 1048321
1.53629 1051201
1.53868 1054081
1.54107 1056961
1.54346 1059841
1.54585 1062721
1.54824 1065601
1.55063 1068481
1.55302 1071361
1.55541 1074241
1.5578 1077121
1.56019 1080001
1.56258 1082881
1.56497 1085761
1.56736 1088641
1.56975 1091521
1.57214 1094401
1.57453 1097281
1.57692 1100161
1.57932 1103041
1.58171 1105921
1.5841 1108801
1.58649 1111681
1.58888 1114561
1.59127 1117441
1.59366 1120321
1.59605 1123201
1.59844 1126081
1.60083 1128961
1.60322 1131841
1.60561 1134721
1.608 1137601
1.61039 1140481
1.61278 1143361
1.61517 1146241
1.61756 1149121
1.61995 1152001
1.62234 1154881
1.62473 1157761
1.62712 1160641
1.62951 1163521
1.6319 1166401
1.63429 1169281
1.63668 1172161
1.63907 1175041
1.64147 1177921
1.64386 1180801
1.64625 1183681
1.64864 1186561
1.65103 1189441
1.65342 1192321
1.65581 1195201
1.6582 1198081
1.66059 1200961
1.66298 1203841
1.66537 1206721
1.66776 1209601
1.67015 1212481
1.67254 1215361
1.67493 1218241
1.67732 1221121
1.67971 1224001
1.6821 1226881
1.68449 1229761
1.68688 1232641
1.68927 1235521
1.69166 1238401
1.69405 1241281
1.69644 1244161
1.69883 1247041
1.70123 1249921
1.70362 1252801
1.70601 1255681
1.7084 1258561
1.71079 1261441
1.71318 1264321
1.71557 1267201
1.71796 1270081
1.72035 1272961
1.72274 1275841
1.72513 1278721
1.72752 1281601
1.72991 1284481
1.7323 1287361
1.73469 1290241
1.73708 1293121
1.73947 1296001
1.74186 1298881
1.74425 1301761
1.74664 1304641
1.74903 1307521
1.75142 1310401
1.75381 1313281
1.7562 1316161
1.75859 1319041
1.76099 1321921
1.76338 1324801
1.76577 1327681
1.76816 1330561
1.77055 1333441
1.77294 1336321
1.77533 1339201
1.77772 1342081
1.78011 1344961
1.7825 1347841
1.78489 1350721
1.78728 1353601
1.78967 1356481
1.79206 1359361
1.79445 1362241
1.79684 1365121
1.79923 1368001
1.80162 1370881
1.80401 1373761
1.8064 1376641
1.80879 1379521
1.81118 1382401
1.81357 1385281
1.81596 1388161
1.81835 1391041
1.82075 1393921
1.82314 1396801
1.82553 1399681
1.82792 1402561
1.83031 1405441
1.8327 1408321
1.83509 1411201
1.83748 1414081
1.83987 1416961
1.84226 1419841
1.84465 1422721
1.84704 1425601
1.84943 1428481
1.85182 1431361
1.85421 1434241
1.8566 1437121
1.85899 1440001
1.86138 1442881
1.86377 1445761
1.86616 1448641
1.86855 1451521
1.87094 1454401
1.87333 1457281
1.87572 1460161
1.87811 1463041
1.88051 1465921
1.8829 1468801
1.88529 1471681
1.88768 1474561
1.89007 1477441
1.89246 1480321
1.89485 1483201
1.89724 1486081
1.89963 1488961
1.90202 1491841
1.90441 1494721
1.9068 1497601
1.90919 1500481
1.91158 1503361
1.91397 1506241
1.91636 1509121
1.91875 1512001
1.92114 1514881
1.92353 1517761
1.92592 1520641
1.92831 1523521
1.9307 1526401
1.93309 1529281
1.93548 1532161
1.93787 1535041
1.94027 1537921
1.94266 1540801
1.94505 1543681
1.94744 1546561
1.94983 1549441
1.95222 1552321
1.95461 1555201
1.957 1558081
1.95939 1560961
1.96178 1563841
1.96417 1566721
1.96656 1569601
1.96895 1572481
1.97134 1575361
1.97373 1578241
1.97612 1581121
1.97851 1584001
1.9809 1586881
1.98329 1589761
1.98568 1592641
1.98807 1595521
1.99046 1598401
1.99285 1601281
1.99524 1604161
1.99763 1607041
2.00003 1609921
2.00242 1612801
2.00481 1615681
2.0072 1618561
2.00959 1621441
2.01198 1624321
2.01437 1627201
2.01676 1630081
2.01915 1632961
2.02154 1635841
2.02393 1638721
2.02632 1641601
2.02871 1644481
2.0311 1647361
2.03349 1650241
2.03588 1653121
2.03827 1656001
2.04066 1658881
2.04305 1661761
2.04544 1664641
2.04783 1667521
2.05022 1670401
2.05261 1673281
2.055 1676161
2.05739 1679041
2.05979 1681921
2.06218 1684801
2.06457 1687681
2.06696 1690561
2.06935 1693441
2.07174 1696321
2.07413 1699201
2.07652 1702081
2.07891 1704961
2.0813 1707841
2.08369 1710721
2.08608 1713601
2.08847 1716481
2.09086 1719361
2.09325 1722241
2.09564 1725121
2.09803 1728001
2.10042 1730881
2.10281 1733761
2.1052 1736641
2.10759 1739521
2.10998 1742401
2.11237 1745281
2.11476 1748161
2.11715 1751041
2.11954 1753921
2.12194 1756801
2.12433 1759681
2.12672 1762561
2.12911 1765441
2.1315 1768321
2.13389 1771201
2.13628 1774081
2.13867 1776961
2.14106 1779841
2.14345 1782721
2.14584 1785601
2.14823 1788481
2.15062 1791361
2.15301 1794241
2.1554 1797121
2.15779 1800001
2.16018 1802881
2.16257 1805761
2.16496 1808641
2.16735 1811521
2.16974 1814401
2.17213 1817281
2.17452 1820161
2.17691 1823041
2.1793 1825921
2.1817 1828801
2.18409 1831681
2.18648 1834561
2.18887 1837441
2.19126 1840321
2.19365 1843201
2.19604 1846081
2.19843 1848961
2.20082 1851841
2.20321 1854721
2.2056 1857601
2.20799 1860481
2.21038 1863361
2.21277 1866241
2.21516 1869121
2.21755 1872001
2.21994 1874881
2.22233 1877761
2.22472 1880641
2.22711 1883521
2.2295 1886401
2.23189 1889281
2.23428 1892161
2.23667 1895041
2.23906 1897921
2.24146 1900801
2.24385 1903681
2.24624 1906561
2.24863 1909441
2.25102 1912321
2.25341 1915201
2.2558 1918081
2.25819 1920961
2.26058 1923841
2.26297 1926721
2.26536 1929601
2.26775 1932481
2.27014 1935361
2.27253 1938241
2.27492 1941121
2.27731 1944001
2.2797 1946881
2.28209 1949761
2.28448 1952641
2.28687 1955521
2.28926 1958401
2.29165 1961281
2.29404 1964161
2.29643 1967041
2.29882 1969921
2.30122 1972801
2.30361 1975681
2.306 1978561
2.30839 1981441
2.31078 1984321
2.31317 1987201
2.31556 1990081
2.31795 1992961
2.32034 1995841
2.32273 1998721
2.32512 2001601
2.32751 2004481
2.3299 2007361
2.33229 2010241
2.33468 2013121
2.33707 2016001
2.33946 2018881
2.34185 2021761
2.34424 2024641
2.34663 2027521
2.34902 2030401
2.35141 2033281
2.3538 2036161
2.35619 2039041
2.35858 2041921
2.36098 2044801
2.36337 2047681
2.36576 2050561
2.36815 2053441
2.37054 2056321
2.37293 2059201
2.37532 2062081
2.37771 2064961
2.3801 2067841
2.38249 2070721
2.38488 2073601
2.38727 2076481
2.38966 2079361
2.39205 2082241
2.39444 2085121
2.39683 2088001
2.39922 2090881
2.40161 2093761
2.404 2096641
2.40639 2099521
2.40878 2102401
2.41117 2105281
2.41356 2108161
2.41595 2111041
2.41834 2113921
2.42074 2116801
2.42313 2119681
2.42552 2122561
2.42791 2125441
2.4303 2128321
2.43269 2131201
2.43508 2134081
2.43747 2136961
2.43986 2139841
2.44225 2142721
2.44464 2145601
2.44703 2148481
2.44942 2151361
2.45181 2154241
2.4542 2157121
2.45659 2160001
2.45898 2162881
2.46137 2165761
2.46376 2168641
2.46615 2171521
2.46854 2174401
2.47093 2177281
2.47332 2180161
2.47571 2183041
2.4781 2185921
2.4805 2188801
2.48289 2191681
2.48528 2194561
2.48767 2197441
2.49006 2200321
2.49245 2203201
2.49484 2206081
2.49723 2208961
2.49962 2211841
2.50201 2214721
2.5044 2217601
2.50679 2220481
2.50918 2223361
2.51157 2226241
2.51396 2229121
2.51635 2232001
2.51874 2234881
2.52113 2237761
2.52352 2240641
2.52591 2243521
2.5283 2246401
2.53069 2249281
2.53308 2252161
2.53547 2255041
2.53786 2257921
2.54026 2260801
2.54265 2263681
2.54504 2266561
2.54743 2269441
2.54982 2272321
2.55221 2275201
2.5546 2278081
2.55699 2280961
2.55938 2283841
2.56177 2286721
2.56416 2289601
2.56655 2292481
2.56894 2295361
2.57133 2298241
2.57372 2301121
2.57611 2304001
2.5785 2306881
2.58089 2309761
2.58328 2312641
2.58567 2315521
2.58806 2318401
2.59045 2321281
2.59284 2324161
2.59523 2327041
2.59762 2329921
2.60001 2332801
2.60241 2335681
2.6048 2338561
2.60719 2341441
2.60958 2344321
2.61197 2347201
2.61436 2350081
2.61675 2352961
2.61914 2355841
2.62153 2358721
2.62392 2361601
2.62631 2364481
2.6287 2367361
2.63109 2370241
2.63348 2373121
2.63587 2376001
2.63826 2378881
2.64065 2381761
2.64304 2384641
2.64543 2387521
2.64782 2390401
2.65021 2393281
2.6526 2396161
2.65499 2399041
2.65738 2401921
2.65977 2404801
2.66217 2407681
2.66456 2410561
2.66695 2413441
2.66934 2416321
2.67173 2419201
2.67412 2422081
2.67651 2424961
2.6789 2427841
2.68129 2430721
2.68368 2433601
2.68607 2436481
2.68846 2439361
2.69085 2442241
2.69324 2445121
2.69563 2448001
2.69802 2450881
2.70041 2453761
2.7028 2456641
2.70519 2459521
2.70758 2462401
2.70997 2465281
2.71236 2468161
2.71475 2471041
2.71714 2473921
2.71953 2476801
2.72193 2479681
2.72432 2482561
2.72671 2485441
2.7291 2488321
2.73149 2491201
2.73388 2494081
2.73627 2496961
2.73866 2499841
2.74105 2502721
2.74344 2505601
2.74583 2508481
2.74822 2511361
2.75061 2514241
2.753 2517121
2.75539 2520001
2.75778 2522881
2.76017 2525761
2.76256 2528641
2.76495 2531521
2.76734 2534401
2.76973 2537281
2.77212 2540161
2.77451 2543041
2.7769 2545921
2.77929 2548801
2.78169 2551681
2.78408 2554561
2.78647 2557441
2.78886 2560321
2.79125 2563201
2.79364 2566081
2.79603 2568961
2.79842 2571841
2.80081 2574721
2.8032 2577601
2.80559 2580481
2.80798 2583361
2.81037 2586241
2.81276 2589121
2.81515 2592001
2.81754 2594881
2.81993 2597761
2.82232 2600641
2.82471 2603521
2.8271 2606401
2.82949 2609281
2.83188 2612161
2.83427 2615041
2.83666 2617921
2.83905 2620801
2.84145 2623681
2.84384 2626561
2.84623 2629441
2.84862 2632321
2.85101 2635201
2.8534 2638081
2.85579 2640961
2.85818 2643841
2.86057 2646721
2.86296 2649601
2.86535 2652481
2.86774 2655361
2.87013 2658241
2.87252 2661121
2.87491 2664001
2.8773 2666881
2.87969 2669761
2.88208 2672641
2.88447 2675521
2.88686 2678401
2.88925 2681281
2.89164 2684161
2.89403 2687041
2.89642 2689921
2.89881 2692801
2.90121 2695681
2.9036 2698561
2.90599 2701441
2.90838 2704321
2.91077 2707201
2.91316 2710081
2.91555 2712961
2.91794 2715841
2.92033 2718721
2.92272 2721601
2.92511 2724481
2.9275 2727361
2.92989 2730241
2.93228 2733121
2.93467 2736001
2.93706 2738881
2.93945 2741761
2.94184 2744641
2.94423 2747521
2.94662 2750401
2.94901 2753281
2.9514 2756161
2.95379 2759041
2.95618 2761921
2.95857 2764801
2.96097 2767681
2.96336 2770561
2.96575 2773441
2.96814 2776321
2.97053 2779201
2.97292 2782081
2.97531 2784961
2.9777 2787841
2.98009 2790721
2.98248 2793601
2.98487 2796481
2.98726 2799361
2.98965 2802241
2.99204 2805121
2.99443 2808001
2.99682 2810881
2.99921 2813761
3.0016 2816641
3.00399 2819521
3.00638 2822401
3.00877 2825281
3.01116 2828161
3.01355 2831041
3.01594 2833921
3.01833 2836801
3.02073 2839681
3.02312 2842561
3.02551 2845441
3.0279 2848321
3.03029 2851201
3.03268 2854081
3.03507 2856961
3.03746 2859841
3.03985 2862721
3.04224 2865601
3.04463 2868481
3.04702 2871361
3.04941 2874241
3.0518 2877121
3.05419 2880001
3.05779 2881441
3.16654 3013921
3.18325 3016801
3.18564 3019681
3.18803 3022561
3.19042 3025441
3.19281 3028321
3.1952 3031201
3.19759 3034081
3.19998 3036961
3.20237 3039841
3.20476 3042721
3.20715 3045601
3.20954 3048481
3.21193 3051361
3.21432 3054241
3.21671 3057121
3.2191 3060001
3.22149 3062881
3.22388 3065761
3.22627 3068641
3.22866 3071521
3.23105 3074401
3.23344 3077281
3.25136 3080161
3.25375 3083041
3.25614 3085921
3.25853 3088801
3.26092 3091681
3.26331 3094561
3.2657 3097441
3.26809 3100321
3.27048 3103201
3.27287 3106081
3.27526 3108961
3.27765 3111841
3.28004 3114721
3.28243 3117601
3.28482 3120481
3.28721 3123361
3.2896 3126241
3.29199 3129121
3.29438 3132001
3.29677 3134881
3.29916 3137761
3.30156 3140641
3.31946 3143521
3.32185 3146401
3.32424 3149281
3.32663 3152161
3.32902 3155041
3.33141 3157921
3.3338 3160801
3.33619 3163681
3.33858 3166561
3.34097 3169441
3.34336 3172321
3.34575 3175201
3.34814 3178081
3.35053 3180961
3.35292 3183841
3.35531 3186721
3.3577 3189601
3.36009 3192481
3.36248 3195361
3.36487 3198241
3.36726 3201121
3.36965 3204001
3.38754 3206881
3.38993 3209761
3.39232 3212641
3.39471 3215521
3.3971 3218401
3.39949 3221281
3.40188 3224161
3.40427 3227041
3.40666 3229921
3.40906 3232801
3.41145 3235681
3.41384 3238561
3.41623 3241441
3.41862 3244321
3.42101 3247201
3.4234 3250081
3.42579 3252961
3.42818 3255841
3.43057 3258721
3.43296 3261601
3.43535 3264481
3.43774 3267361
3.45446 3270241
3.45685 3273121
3.45924 3276001
3.46163 3278881
3.46402 3281761
3.46641 3284641
3.4688 3287521
3.47119 3290401
3.47358 3293281
3.47597 3296161
3.47836 3299041
3.48075 3301921
3.48314 3304801
3.48553 3307681
3.48792 3310561
3.49031 3313441
3.4927 3316321
3.49509 3319201
3.49748 3322081
3.49988 3324961
3.50227 3327841
3.50466 3330721
3.52139 3333601
3.52378 3336481
3.52617 3339361
3.52856 3342241
3.53095 3345121
3.53334 3348001
3.53573 3350881
3.53812 3353761
3.54051 3356641
3.5429 3359521
3.54529 3362401
3.54768 3365281
3.55007 3368161
3.55246 3371041
3.55485 3373921
3.55724 3376801
3.55964 3379681
3.56203 3382561
3.56442 3385441
3.56681 3388321
3.5692 3391201
3.57159 3394081
3.57398 3396961
3.58952 3399841
3.59191 3402721
3.5943 3405601
3.59669 3408481
3.59908 3411361
3.60147 3414241
3.60386 3417121
3.60625 3420001
3.60864 3422881
3.61103 3425761
3.61342 3428641
3.61581 3431521
3.6182 3434401
3.62059 3437281
3.62298 3440161
3.62537 3443041
3.62776 3445921
3.63015 3448801
3.63254 3451681
3.63493 3454561
3.63732 3457441
3.71023 3528001
3.75326 3530881
3.75565 3533761
3.75804 3536641
3.76043 3539521
3.76282 3542401
3.76521 3545281
3.7676 3548161
3.76999 3551041
3.77238 3553921
3.77477 3556801
3.77716 3559681
3.82138 3562561
3.82377 3565441
3.82616 3568321
3.82855 3571201
3.83095 3574081
3.83334 3576961
3.83573 3579841
3.83812 3582721
3.84051 3585601
3.8429 3588481
3.84529 3591361
3.88951 3594241
3.8919 3597121
3.89429 3600001
3.89668 3602881
3.89907 3605761
3.90146 3608641
3.90385 3611521
3.90624 3614401
3.90863 3617281
3.91102 3620161
3.91341 3623041
3.95644 3625921
3.95883 3628801
3.96122 3631681
3.96361 3634561
3.966 3637441
3.96839 3640321
3.97078 3643201
3.97317 3646081
3.97556 3648961
3.97795 3651841
3.98035 3654721
4.02337 3657601
4.02576 3660481
4.02815 3663361
4.03054 3666241
4.03293 3669121
4.03532 3672001
4.03771 3674881
4.04011 3677761
4.0425 3680641
4.04489 3683521
4.04728 3686401
4.04967 3689281
4.0915 3692161
4.09389 3695041
4.09628 3697921
4.09867 3700801
4.10106 3703681
4.10345 3706561
4.10584 3709441
4.10823 3712321
4.11062 3715201
4.11301 3718081
4.1154 3720961
4.11779 3723841
4.15963 3726721
4.16202 3729601
4.16441 3732481
4.1668 3735361
4.16919 3738241
4.17158 3741121
4.17397 3744001
4.17636 3746881
4.17875 3749761
4.18114 3752641
4.18353 3755521
4.18592 3758401
4.22895 3764161
4.23134 3767041
4.23373 3769921
4.23612 3772801
4.2409 3778561
4.24329 3781441
4.24568 3784321
4.24807 3787201
4.25046 3790081
4.25285 3792961
4.29588 3795841
4.29827 3798721
4.30066 3801601
4.30305 3804481
4.30544 3807361
4.30783 3810241
4.31022 3813121
4.31261 3816001
4.315 3818881
4.31739 3821761
4.31978 3824641
4.32217 3827521
4.32456 3830401
4.364 3833281
4.36639 3836161
4.36878 3839041
4.37118 3841921
4.37357 3844801
4.37596 3847681
4.37835 3850561
4.38074 3853441
4.38313 3856321
4.38552 3859201
4.38791 3862081
4.3903 3864961
4.39269 3867841
4.43213 3870721
4.43452 3873601
4.43691 3876481
4.4393 3879361
4.44169 3882241
4.44408 3885121
4.44647 3888001
4.44886 3890881
4.45125 3893761
4.45364 3896641
4.45603 3899521
4.45842 3902401
4.46082 3905281
4.49906 3908161
4.50145 3911041
4.50384 3913921
4.50623 3916801
4.50862 3919681
4.51101 3922561
4.5134 3925441
4.51579 3928321
4.51818 3931201
4.52058 3934081
4.52297 3936961
4.52536 3939841
4.52775 3942721
4.56599 3945601
4.56838 3948481
4.57077 3951361
4.57316 3954241
4.57555 3957121
4.57794 3960001
4.58034 3962881
4.58273 3965761
4.58512 3968641
4.58751 3971521
4.5899 3974401
4.59229 3977281
4.59468 3980161
4.59707 3983041
4.63412 3985921
4.63651 3988801
4.6389 3991681
4.64129 3994561
4.64368 3997441
4.64607 4000321
4.64846 4003201
4.65085 4006081
4.65324 4008961
4.65563 4011841
4.65802 4014721
4.66041 4017601
4.6628 4020481
4.66519 4023361
4.70225 4026241
4.70464 4029121
4.70703 4032001
4.70942 4034881
4.71181 4037761
4.7142 4040641
4.71659 4043521
4.71898 4046401
4.72137 4049281
4.72376 4052161
4.72615 4055041
4.72854 4057921
4.73093 4060801
4.73332 4063681
4.76918 4066561
4.77157 4069441
4.77396 4072321
4.77635 4075201
4.77874 4078081
4.78113 4080961
4.78352 4083841
4.78591 4086721
4.7883 4089601
4.79069 4092481
4.79308 4095361
4.79547 4098241
4.79786 4101121
4.80025 4104001
4.83607 4106881
4.83846 4109761
4.84085 4112641
4.84324 4115521
4.84563 4118401
4.84802 4121281
4.85041 4124161
4.85281 4127041
4.8552 4129921
4.85759 4132801
4.85999 4135681
4.86238 4138561
4.86477 4141441
4.86716 4144321
4.90296 4147201
4.90535 4150081
4.90774 4152961
4.91013 4155841
4.91252 4158721
4.91491 4161601
4.9173 4164481
4.91969 4167361
4.92209 4170241
4.92687 4176001
4.92927 4178881
4.93166 4181761
4.93405 4184641
4.93644 4187521
4.97104 4190401
4.97343 4193281
4.97582 4196161
4.97821 4199041
4.9806 4201921
4.98299 4204801
4.98538 4207681
4.98777 4210561
4.99018 4213441
4.99496 4216321
4.99735 4219201
4.99974 4222081
5.00213 4224961
5.00452 4227841
5.00691 4230721
5.03913 4233601
5.04152 4236481
5.04391 4239361
5.0463 4242241
5.04869 4245121
5.05108 4248001
5.05347 4250881
5.05586 4253761
5.05826 4256641
5.06185 4259521
5.06424 4262401
5.06663 4265281
5.06902 4268161
5.07141 4271041
5.0738 4273921
5.10601 4276801
5.10841 4279681
5.1108 4282561
5.11319 4285441
5.11558 4288321
5.11797 4291201
5.12036 4294081
5.12275 4296961
5.12515 4299841
5.12874 4302721
5.13113 4305601
5.13352 4308481
5.13591 4311361
5.1383 4314241
5.14069 4317121
5.1729 4320001
5.17529 4322881
5.17769 4325761
5.18008 4328641
5.18247 4331521
5.18486 4334401
5.18725 4337281
5.18964 4340161
5.19207 4343041
5.19446 4345921
5.19685 4348801
5.19924 4351681
5.20163 4354561
5.20402 4357441
5.20641 4360321
5.2088 4363201
5.24099 4366081
5.24338 4368961
5.24577 4371841
5.24816 4374721
5.25055 4377601
5.25294 4380481
5.25533 4383361
5.25772 4386241
5.26019 4389121
5.26258 4392001
5.26497 4394881
5.26736 4397761
5.26975 4400641
5.27214 4403521
5.27453 4406401
5.27692 4409281
5.30907 4412161
5.31146 4415041
5.31385 4417921
5.31625 4420801
5.31864 4423681
5.32103 4426561
5.32342 4429441
5.32593 4432321
5.32832 4435201
5.33071 4438081
5.3331 4440961
5.33549 4443841
5.33788 4446721
5.34027 4449601
5.34266 4452481
5.34505 4455361
5.37596 4458241
5.37835 4461121
5.38074 4464001
5.38313 4466881
5.38553 4469761
5.38792 4472641
5.39031 4475521
5.39282 4478401
5.39521 4481281
5.3976 4484161
5.39999 4487041
5.40238 4489921
5.40477 4492801
5.40716 4495681
5.40955 4498561
5.41194 4501441
5.44285 4504321
5.44524 4507201
5.44763 4510081
5.45002 4512961
5.45241 4515841
5.45481 4518721
5.4572 4521601
5.45971 4524481
5.4621 4527361
5.46449 4530241
5.46688 4533121
5.46927 4536001
5.47206 4538881
5.47445 4541761
5.47684 4544641
5.47923 4547521
5.48162 4550401
5.51094 4553281
5.51333 4556161
5.51572 4559041
5.51811 4561921
5.5205 4564801
5.52289 4567681
5.52528 4570561
5.52779 4573441
5.53018 4576321
5.53257 4579201
5.53496 4582081
5.53735 4584961
5.54029 4587841
5.54268 4590721
5.54507 4593601
5.54746 4596481
5.54985 4599361
5.57929 4602241
5.58168 4605121
5.58407 4608001
5.58646 4610881
5.58885 4613761
5.59124 4616641
5.59363 4619521
5.59628 4622401
5.59867 4625281
5.60106 4628161
5.60345 4631041
5.60584 4633921
5.60837 4636801
5.61076 4639681
5.61315 4642561
5.61554 4645441
5.61793 4648321
5.64618 4651201
5.64857 4654081
5.65096 4656961
5.65335 4659841
5.65574 4662721
5.65813 4665601
5.66052 4668481
5.66316 4671361
5.66556 4674241
5.66795 4677121
5.67034 4680001
5.67273 4682881
5.67526 4685761
5.67765 4688641
5.68004 4691521
5.68243 4694401
5.68482 4697281
5.71321 4700161
5.7156 4703041
5.718 4705921
5.72039 4708801
5.72278 4711681
5.72517 4714561
5.72756 4717441
5.73005 4720321
5.73244 4723201
5.73484 4726081
5.73723 4728961
5.73962 4731841
5.74215 4734721
5.74454 4737601
5.74693 4740481
5.74932 4743361
5.75171 4746241
5.7541 4749121
5.7813 4752001
5.78369 4754881
5.78608 4757761
5.78847 4760641
5.79086 4763521
5.79325 4766401
5.79564 4769281
5.79814 4772161
5.80053 4775041
5.80292 4777921
5.80531 4780801
5.8077 4783681
5.81024 4786561
5.81263 4789441
5.81502 4792321
5.81741 4795201
5.8198 4798081
5.82219 4800961
5.84938 4803841
5.85177 4806721
5.85416 4809601
5.85656 4812481
5.85895 4815361
5.86134 4818241
5.86373 4821121
5.86622 4824001
5.86861 4826881
5.871 4829761
5.8734 4832641
5.87579 4835521
5.87832 4838401
5.88071 4841281
5.8831 4844161
5.88549 4847041
5.88788 4849921
5.89027 4852801
5.91627 4855681
5.91866 4858561
5.92105 4861441
5.92344 4864321
5.92584 4867201
5.92823 4870081
5.93062 4872961
5.93311 4875841
5.9355 4878721
5.93789 4881601
5.94068 4884481
5.94307 4887361
5.94546 4890241
5.94785 4893121
5.95024 4896001
5.95263 4898881
5.95502 4901761
5.95741 4904641
5.98316 4907521
5.98555 4910401
5.98794 4913281
5.99033 4916161
5.99272 4919041
5.99512 4921921
5.99751 4924801
6 4927681
6.00239 4930561
6.00478 4933441
6.00782 4936321
6.01021 4939201
6.0126 4942081
6.01499 4944961
6.01738 4947841
6.01977 4950721
6.02216 4953601
6.02456 4956481
6.02695 4959361
6.05125 4962241
6.05364 4965121
6.05603 4968001
6.05842 4970881
6.06081 4973761
6.0632 4976641
6.06559 4979521
6.06809 4982401
6.07048 4985281
6.07287 4988161
6.07595 4991041
6.07834 4993921
6.08073 4996801
6.08312 4999681
6.08551 5002561
6.0879 5005441
6.09029 5008321
6.09268 5011201
6.09507 5014081
6.11933 5016961
6.12172 5019841
6.12411 5022721
6.1265 5025601
6.12889 5028481
6.13135 5031361
6.13374 5034241
6.13653 5037121
6.13892 5040001
6.14135 5042881
6.14403 5045761
6.14642 5048641
6.14881 5051521
6.1512 5054401
6.1536 5057281
6.15599 5060161
6.15838 5063041
6.16077 5065921
6.16316 5068801
6.18622 5071681
6.18861 5074561
6.191 5077441
6.19339 5080321
6.19578 5083201
6.19824 5086081
6.20063 5088961
6.20342 5091841
6.20581 5094721
6.20824 5097601
6.21092 5100481
6.21331 5103361
6.2157 5106241
6.21809 5109121
6.22056 5112001
6.22295 5114881
6.22545 5117761
6.22784 5120641
6.23023 5123521
6.25311 5126401
6.2555 5129281
6.25789 5132161
6.26028 5135041
6.26267 5137921
6.26513 5140801
6.26752 5143681
6.27031 5146561
6.2727 5149441
6.27513 5152321
6.27781 5155201
6.2802 5158081
6.28259 5160961
6.28498 5163841
6.28745 5166721
6.28984 5169601
6.29234 5172481
6.29473 5175361
6.29712 5178241
6.32 5181121
6.32239 5184001
6.32478 5186881
6.32717 5189761
6.32956 5192641
6.33222 5195521
6.33461 5198401
6.337 5201281
6.33939 5204161
6.34178 5207041
6.34417 5209921
6.34656 5212801
6.34895 5215681
6.35134 5218561
6.35373 5221441
6.35612 5224321
6.35851 5227201
6.3609 5230081
6.36329 5232961
6.36568 5235841
6.38809 5238721
6.39048 5241601
6.39287 5244481
6.39526 5247361
6.39765 5250241
6.4003 5253121
6.40269 5256001
6.40508 5258881
6.40753 5261761
6.40992 5264641
6.41242 5267521
6.41488 5270401
6.41727 5273281
6.41966 5276161
6.42205 5279041
6.42444 5281921
6.42684 5284801
6.42923 5287681
6.43162 5290561
6.43401 5293441
6.45617 5296321
6.45856 5299201
6.46095 5302081
6.46334 5304961
6.46573 5307841
6.46812 5310721
6.47051 5313601
6.4729 5316481
6.47562 5319361
6.47801 5322241
6.48051 5325121
6.48297 5328001
6.48536 5330881
6.48775 5333761
6.49014 5336641
6.49253 5339521
6.49492 5342401
6.49731 5345281
6.4997 5348161
6.50209 5351041
6.52307 5353921
6.52546 5356801
6.52785 5359681
6.53024 5362561
6.53263 5365441
6.53502 5368321
6.53741 5371201
6.53981 5374081
6.54251 5376961
6.5449 5379841
6.5474 5382721
6.54986 5385601
6.55225 5388481
6.55464 5391361
6.55703 5394241
6.55942 5397121
6.56181 5400001
6.5642 5402881
6.56659 5405761
6.56898 5408641
6.58996 5411521
6.59235 5414401
6.59474 5417281
6.59713 5420161
6.59952 5423041
6.60191 5425921
6.60444 5428801
6.60683 5431681
6.60922 5434561
6.61161 5437441
6.614 5440321
6.61639 5443201
6.61878 5446081
6.62117 5448961
6.62368 5451841
6.62609 5454721
6.62848 5457601
6.63087 5460481
6.63326 5463361
6.63565 5466241
6.63804 5469121
6.65805 5472001
6.66044 5474881
6.66283 5477761
6.66522 5480641
6.66761 5483521
6.67013 5486401
6.67252 5489281
6.67491 5492161
6.6773 5495041
6.67969 5497921
6.68208 5500801
6.68448 5503681
6.68687 5506561
6.68926 5509441
6.69177 5512321
6.69417 5515201
6.69656 5518081
6.69895 5520961
6.70134 5523841
6.70397 5526721
6.70646 5529601
6.72613 5532481
6.72852 5535361
6.73091 5538241
6.7333 5541121
6.73569 5544001
6.73822 5546881
6.74061 5549761
6.743 5552641
6.74539 5555521
6.74778 5558401
6.75017 5561281
6.75256 5564161
6.75495 5567041
6.75734 5569921
6.75985 5572801
6.76225 5575681
6.76465 5578561
6.76704 5581441
6.76943 5584321
6.77182 5587201
6.77421 5590081
6.79302 5592961
6.79566 5595841
6.79816 5598721
6.80055 5601601
6.80294 5604481
6.80533 5607361
6.80772 5610241
6.81011 5613121
6.8125 5616001
6.81489 5618881
6.81728 5621761
6.81967 5624641
6.82206 5627521
6.82445 5630401
6.82684 5633281
6.82923 5636161
6.83162 5639041
6.83401 5641921
6.8364 5644801
6.83879 5647681
6.84118 5650561
6.85991 5653441
6.86255 5656321
6.86505 5659201
6.86744 5662081
6.86983 5664961
6.87222 5667841
6.87464 5670721
6.87703 5673601
6.87943 5676481
6.88193 5679361
6.88432 5682241
6.88671 5685121
6.8891 5688001
6.89149 5690881
6.89388 5693761
6.89627 5696641
6.89866 5699521
6.90105 5702401
6.90344 5705281
6.90583 5708161
6.90822 5711041
6.91061 5713921
6.928 5716801
6.93064 5719681
6.93313 5722561
6.93552 5725441
6.93791 5728321
6.9403 5731201
6.94272 5734081
6.94511 5736961
6.94762 5739841
6.95003 5742721
6.95242 5745601
6.95481 5748481
6.9572 5751361
6.95959 5754241
6.96198 5757121
6.96437 5760001
6.96676 5762881
6.96915 5765761
6.97154 5768641
6.97393 5771521
6.97632 5774401
6.97871 5777281
6.99608 5780161
6.99872 5783041
7.00121 5785921
7.00361 5788801
7.006 5791681
7.00839 5794561
7.01081 5797441
7.0132 5800321
7.01571 5803201
7.01811 5806081
7.0205 5808961
7.02289 5811841
7.02528 5814721
7.02767 5817601
7.03006 5820481
7.03245 5823361
7.03484 5826241
7.03723 5829121
7.03962 5832001
7.04201 5834881
7.04441 5837761
7.0468 5840641
7.06297 5843521
7.06561 5846401
7.0681 5849281
7.07049 5852161
7.07289 5855041
7.07528 5857921
7.0777 5860801
7.08009 5863681
7.0826 5866561
7.085 5869441
7.08739 5872321
7.08978 5875201
7.09217 5878081
7.09456 5880961
7.09695 5883841
7.09934 5886721
7.10173 5889601
7.10412 5892481
7.10651 5895361
7.1089 5898241
7.11129 5901121
7.11369 5904001
7.12986 5906881
7.1325 5909761
7.13499 5912641
7.13738 5915521
7.13977 5918401
7.14217 5921281
7.14459 5924161
7.14698 5927041
7.14949 5929921
7.15189 5932801
7.15468 5935681
7.15707 5938561
7.15946 5941441
7.16185 5944321
7.16424 5947201
7.16663 5950081
7.16902 5952961
7.17141 5955841
7.1738 5958721
7.17619 5961601
7.17858 5964481
7.18097 5967361
7.18336 5970241
7.19794 5973121
7.20058 5976001
7.20308 5978881
7.20547 5981761
7.20786 5984641
7.21025 5987521
7.21267 5990401
7.21506 5993281
7.21757 5996161
7.21997 5999041
7.22276 6001921
7.22515 6004801
7.22754 6007681
7.22993 6010561
7.23233 6013441
7.23472 6016321
7.23711 6019201
7.2395 6022081
7.24189 6024961
7.24428 6027841
7.24667 6030721
7.24906 6033601
7.25145 6036481
7.26603 6039361
7.26867 6042241
7.27147 6045121
7.27386 6048001
7.27625 6050881
7.27864 6053761
7.28103 6056641
7.28342 6059521
7.28581 6062401
7.28821 6065281
7.29085 6068161
7.29324 6071041
7.29563 6073921
7.29802 6076801
7.30041 6079681
7.3028 6082561
7.30519 6085441
7.30758 6088321
7.30997 6091201
7.31236 6094081
7.31475 6096961
7.31714 6099841
7.31953 6102721
7.33292 6105601
7.33556 6108481
7.33836 6111361
7.34075 6114241
7.34314 6117121
7.34553 6120001
7.34792 6122881
7.35031 6125761
7.35282 6128641
7.35533 6131521
7.35774 6134401
7.36013 6137281
7.36252 6140161
7.36491 6143041
7.3673 6145921
7.36969 6148801
7.37208 6151681
7.37447 6154561
7.37686 6157441
7.37925 6160321
7.38164 6163201
7.38403 6166081
7.38642 6168961
7.39981 6171841
7.40245 6174721
7.40525 6177601
7.40764 6180481
7.41003 6183361
7.41242 6186241
7.41481 6189121
7.4172 6192001
7.41971 6194881
7.42222 6197761
7.42463 6200641
7.42702 6203521
7.42941 6206401
7.4318 6209281
7.43454 6212161
7.43693 6215041
7.43932 6217921
7.44171 6220801
7.4441 6223681
7.44649 6226561
7.44889 6229441
7.45128 6232321
7.45367 6235201
7.45606 6238081
7.46789 6240961
7.47053 6243841
7.47334 6246721
7.47573 6249601
7.47812 6252481
7.48051 6255361
7.4829 6258241
7.48529 6261121
7.4878 6264001
7.49031 6266881
7.49271 6269761
7.4951 6272641
7.49749 6275521
7.49988 6278401
7.50263 6281281
7.50502 6284161
7.5077 6287041
7.51009 6289921
7.51248 6292801
7.51487 6295681
7.51726 6298561
7.51965 6301441
7.52205 6304321
7.52444 6307201
7.53624 6310081
7.53863 6312961
7.54142 6315841
7.54381 6318721
7.5462 6321601
7.54859 6324481
7.55098 6327361
7.55337 6330241
7.55588 6333121
7.55839 6336001
7.5608 6338881
7.56319 6341761
7.56558 6344641
7.56797 6347521
7.57071 6350401
7.5731 6353281
7.57579 6356161
7.57818 6359041
7.58057 6361921
7.58296 6364801
7.58535 6367681
7.58774 6370561
7.59013 6373441
7.59252 6376321
7.60313 6379201
7.60588 6382081
7.60831 6384961
7.6107 6387841
7.61309 6390721
7.61548 6393601
7.61787 6396481
7.62026 6399361
7.62277 6402241
7.62528 6405121
7.62794 6408001
7.63033 6410881
7.63272 6413761
7.6352 6416641
7.6376 6419521
7.63999 6422401
7.64268 6425281
7.64507 6428161
7.64756 6431041
7.64995 6433921
7.65234 6436801
7.65473 6439681
7.65712 6442561
7.65951 6445441
7.67002 6448321
7.67277 6451201
7.6752 6454081
7.67759 6456961
7.67998 6459841
7.68237 6462721
7.68476 6465601
7.68715 6468481
7.68966 6471361
7.69229 6474241
7.69483 6477121
7.69757 6480001
7.69996 6482881
7.7033 6484321
7.77377 6559201
7.81258 6562081
7.81531 6564961
7.8177 6567841
7.82009 6570721
7.82248 6573601
7.82487 6576481
7.82728 6579361
7.82982 6582241
7.83256 6585121
7.83495 6588001
7.83852 6590881
7.84091 6593761
7.88066 6596641
7.88339 6599521
7.88578 6602401
7.88817 6605281
7.89057 6608161
7.89296 6611041
7.89536 6613921
7.8979 6616801
7.90064 6619681
7.90303 6622561
7.90674 6625441
7.90942 6628321
7.94875 6631201
7.95148 6634081
7.95387 6636961
7.95626 6639841
7.95865 6642721
7.96104 6645601
7.96345 6648481
7.96634 6651361
7.96873 6654241
7.97124 6657121
7.97494 6660001
7.97751 6662881
8.01683 6665761
8.01922 6668641
8.02162 6671521
8.02431 6674401
8.02673 6677281
8.02914 6680161
8.03168 6683041
8.03407 6685921
8.03646 6688801
8.03885 6691681
8.04183 6694561
8.0444 6697441
8.08372 6700321
8.08611 6703201
8.0885 6706081
8.0912 6708961
8.09401 6711841
8.0964 6714721
8.09879 6717601
8.10118 6720481
8.10357 6723361
8.10596 6726241
8.10888 6729121
8.11129 6732001
8.15061 6734881
8.153 6737761
8.15539 6740641
8.15781 6743521
8.16032 6746401
8.16329 6749281
8.16568 6752161
8.16807 6755041
8.17046 6757921
8.17285 6760801
8.17524 6763681
8.17763 6766561
8.18002 6769441
8.2187 6772321
8.22131 6775201
8.2237 6778081
8.22609 6780961
8.22848 6783841
8.23137 6786721
8.23376 6789601
8.23615 6792481
8.23854 6795361
8.24093 6798241
8.24332 6801121
8.24571 6804001
8.2481 6806881
8.28678 6809761
8.28973 6812641
8.29212 6815521
8.29451 6818401
8.2969 6821281
8.29929 6824161
8.30168 6827041
8.30407 6829921
8.30646 6832801
8.30886 6835681
8.31364 6841441
8.31603 6844321
8.35367 6847201
8.35662 6850081
8.35901 6852961
8.3614 6855841
8.36379 6858721
8.36618 6861601
8.36857 6864481
8.37096 6867361
8.37574 6873121
8.38053 6876001
8.38292 6878881
8.38531 6881761
8.42056 6884641
8.42351 6887521
8.4259 6890401
8.42829 6893281
8.43068 6896161
8.43307 6899041
8.43546 6901921
8.43787 6904801
8.44026 6907681
8.44384 6910561
8.44623 6913441
8.44862 6916321
8.45102 6919201
8.45341 6922081
8.48903 6924961
8.4916 6927841
8.49399 6930721
8.49638 6933601
8.4988 6936481
8.50147 6939361
8.50386 6942241
8.50625 6945121
8.50864 6948001
8.51193 6950881
8.51432 6953761
8.51671 6956641
8.5191 6959521
8.52149 6962401
8.55711 6965281
8.55968 6968161
8.56207 6971041
8.56446 6973921
8.56688 6976801
8.56955 6979681
8.57194 6982561
8.57433 6985441
8.57672 6988321
8.58001 6991201
8.5824 6994081
8.58479 6996961
8.58718 6999841
8.58958 7002721
8.624 7005601
8.62657 7008481
8.62896 7011361
8.63135 7014241
8.63377 7017121
8.63684 7020001
8.63923 7022881
8.64162 7025761
8.64401 7028641
8.6469 7031521
8.64929 7034401
8.65199 7037281
8.65438 7040161
8.65677 7043041
8.69089 7045921
8.69346 7048801
8.69585 7051681
8.69824 7054561
8.70066 7057441
8.70373 7060321
8.70612 7063201
8.70851 7066081
8.7109 7068961
8.71379 7071841
8.71618 7074721
8.71893 7077601
8.72145 7080481
8.72384 7083361
8.72623 7086241
8.75898 7089121
8.76154 7092001
8.76394 7094881
8.76633 7097761
8.76875 7100641
8.77181 7103521
8.7742 7106401
8.77661 7109281
8.779 7112161
8.78188 7115041
8.78427 7117921
8.78701 7120801
8.78954 7123681
8.79193 7126561
8.79432 7129441
8.82706 7132321
8.82963 7135201
8.83202 7138081
8.83441 7140961
8.83723 7143841
8.8399 7146721
8.84229 7149601
8.84469 7152481
8.84708 7155361
8.85021 7158241
8.85266 7161121
8.85523 7164001
8.85762 7166881
8.86001 7169761
8.86243 7172641
8.89395 7175521
8.89652 7178401
8.89891 7181281
8.9013 7184161
8.90412 7187041
8.90679 7189921
8.90918 7192801
8.91158 7195681
8.91397 7198561
8.9171 7201441
8.91955 7204321
8.92212 7207201
8.92451 7210081
8.9269 7212961
8.92932 7215841
8.96084 7218721
8.96369 7221601
8.96608 7224481
8.96847 7227361
8.97101 7230241
8.97368 7233121
8.97607 7236001
8.97847 7238881
8.98086 7241761
8.98399 7244641
8.98644 7247521
8.98901 7250401
8.9914 7253281
8.99379 7256161
8.99621 7259041
9.02779 7261921
9.03018 7264801
9.03257 7267681
9.03496 7270561
9.03735 7273441
9.04014 7276321
9.04253 7279201
9.04492 7282081
9.04731 7284961
9.0497 7287841
9.05209 7290721
9.05453 7293601
9.0571 7296481
9.05949 7299361
9.06188 7302241
9.0643 7305121
9.09587 7308001
9.09826 7310881
9.10065 7313761
9.10304 7316641
9.10583 7319521
9.10822 7322401
9.11061 7325281
9.113 7328161
9.1154 7331041
9.11779 7333921
9.12018 7336801
9.12261 7339681
9.12546 7342561
9.12785 7345441
9.13024 7348321
9.13278 7351201
9.16396 7354081
9.16635 7356961
9.16874 7359841
9.17113 7362721
9.17392 7365601
9.17631 7368481
9.1787 7371361
9.18109 7374241
9.18348 7377121
9.18588 7380001
9.18828 7382881
9.19067 7385761
9.19304 7388641
9.19543 7391521
9.19782 7394401
9.20021 7397281
9.23085 7400161
9.23324 7403041
9.23563 7405921
9.23802 7408801
9.24081 7411681
9.2432 7414561
9.24559 7417441
9.24798 7420321
9.25037 7423201
9.25277 7426081
9.25516 7428961
9.25756 7431841
9.25995 7434721
9.26234 7437601
9.26473 7440481
9.2675 7443361
9.29774 7446241
9.30013 7449121
9.30252 7452001
9.30491 7454881
9.3073 7457761
9.31009 7460641
9.31248 7463521
9.31487 7466401
9.31726 7469281
9.31965 7472161
9.32204 7475041
9.32443 7477921
9.32682 7480801
9.32921 7483681
9.3316 7486561
9.33401 7489441
9.3364 7492321
9.36582 7495201
9.36821 7498081
9.3706 7500961
9.37326 7503841
9.37605 7506721
9.37844 7509601
9.38083 7512481
9.38322 7515361
9.38561 7518241
9.388 7521121
9.39039 7524001
9.39278 7526881
9.39517 7529761
9.39756 7532641
9.39995 7535521
9.40248 7538401
9.40487 7541281
9.43391 7544161
9.4363 7547041
9.43869 7549921
9.44134 7552801
9.44413 7555681
9.44652 7558561
9.44891 7561441
9.4513 7564321
9.45369 7567201
9.45608 7570081
9.45847 7572961
9.46086 7575841
9.46326 7578721
9.46565 7581601
9.46817 7584481
9.47056 7587361
9.47295 7590241
9.5008 7593121
9.5044 7594561
9.57487 7647841
9.59824 7650721
9.60063 7653601
9.60316 7656481
9.60555 7659361
9.60794 7662241
9.63593 7665121
9.63939 7668001
9.64178 7670881
9.66633 7673761
9.66872 7676641
9.67124 7679521
9.67363 7682401
9.67602 7685281
9.70402 7688161
9.70747 7691041
9.70986 7693921
9.73441 7696801
9.7368 7699681
9.73931 7702561
9.7417 7705441
9.74409 7708321
9.77091 7711201
9.77436 7714081
9.77675 7716961
9.8013 7719841
9.80369 7722721
9.80645 7725601
9.80884 7728481
9.81123 7731361
9.8378 7734241
9.84125 7737121
9.84364 7740001
9.86819 7742881
9.87058 7745761
9.87297 7748641
9.87575 7751521
9.87814 7754401
9.88053 7757281
9.90612 7760161
9.9097 7763041
9.91209 7765921
9.93628 7768801
9.93867 7771681
9.94106 7774561
9.94383 7777441
9.94622 7780321
9.94861 7783201
9.9742 7786081
9.97779 7788961
9.98018 7791841
10.0044 7794721
10.0068 7797601
10.0091 7800481
10.0119 7803361
10.0143 7806241
10.0167 7809121
10.0411 7812001
10.0447 7814881
10.0471 7817761
10.0713 7820641
10.0736 7823521
10.076 7826401
10.0788 7829281
10.0815 7832161
10.0839 7835041
10.108 7837921
10.1116 7840801
10.114 7843681
10.1381 7846561
10.1405 7849441
10.1429 7852321
10.1457 7855201
10.1484 7858081
10.1508 7860961
10.1532 7863841
10.1764 7866721
10.18 7869601
10.1824 7872481
10.2062 7875361
10.2086 7878241
10.211 7881121
10.2138 7884001
10.2165 7886881
10.2189 7889761
10.2213 7892641
10.2445 7895521
10.2481 7898401
10.2505 7901281
10.2743 7904161
10.2767 7907041
10.2791 7909921
10.2819 7912801
10.285 7915681
10.2874 7918561
10.2898 7921441
10.3114 7924321
10.315 7927201
10.3174 7930081
10.3412 7932961
10.3436 7935841
10.346 7938721
10.3488 7941601
10.3519 7944481
10.3543 7947361
10.3567 7950241
10.3783 7953121
10.3819 7956001
10.3843 7958881
10.4081 7961761
10.4105 7964641
10.4129 7967521
10.4156 7970401
10.4188 7973281
10.4212 7976161
10.4236 7979041
10.4452 7981921
10.4488 7984801
10.4511 7987681
10.4535 7990561
10.4762 7993441
10.4786 7996321
10.481 7999201
10.4837 8002081
10.4869 8004961
10.4892 8007841
10.4916 8010721
10.5133 8013601
10.5168 8016481
10.5192 8019361
10.5216 8022241
10.5443 8025121
10.5467 8028001
10.5492 8030881
10.552 8033761
10.5551 8036641
10.5575 8039521
10.5599 8042401
10.5813 8045281
10.5849 8048161
10.5873 8051041
10.5901 8053921
10.6111 8056801
10.6135 8059681
10.6161 8062561
10.6188 8065441
10.622 8068321
10.6244 8071201
10.6268 8074081
10.6482 8076961
10.6518 8079841
10.6542 8082721
10.657 8085601
10.678 8088481
10.6804 8091361
10.683 8094241
10.6857 8097121
10.6889 8100001
10.6913 8102881
10.6937 8105761
10.7151 8108641
10.7187 8111521
10.7211 8114401
10.7238 8117281
10.7449 8120161
10.7473 8123041
10.7497 8125921
10.7521 8128801
10.7545 8131681
10.757 8134561
10.7594 8137441
10.7618 8140321
10.7832 8143201
10.7868 8146081
10.7892 8148961
10.7919 8151841
10.813 8154721
10.8154 8157601
10.8178 8160481
10.8202 8163361
10.8226 8166241
10.8251 8169121
10.8275 8172001
10.8302 8174881
10.8513 8177761
10.8549 8180641
10.8573 8183521
10.86 8186401
10.8811 8189281
10.8835 8192161
10.8859 8195041
10.8883 8197921
10.8907 8200801
10.8931 8203681
10.8954 8206561
10.8979 8209441
10.9182 8212321
10.9219 8215201
10.9243 8218081
10.9269 8220961
10.948 8223841
10.9504 8226721
10.9528 8229601
10.9552 8232481
10.9575 8235361
10.9599 8238241
10.9625 8241121
10.9652 8244001
10.9851 8246881
10.9888 8249761
10.9912 8252641
10.9938 8255521
11.0149 8258401
11.0173 8261281
11.0197 8264161
11.022 8267041
11.0244 8269921
11.0268 8272801
11.0294 8275681
11.032 8278561
11.0344 8281441
11.0532 8284321
11.0572 8287201
11.0596 8290081
11.062 8292961
11.083 8295841
11.0854 8298721
11.0877 8301601
11.0901 8304481
11.0925 8307361
11.0949 8310241
11.0975 8313121
11.1001 8316001
11.1025 8318881
11.1212 8321761
11.1253 8324641
11.1277 8327521
11.1301 8330401
11.2206 8372161
11.255 8375041
11.2591 8377921
11.2615 8380801
11.2639 8383681
11.2851 8386561
11.2875 8389441
11.3231 8392321
11.3272 8395201
11.3296 8398081
11.332 8400961
11.3532 8403841
11.3556 8406721
11.3912 8409601
11.3941 8412481
11.3965 8415361
11.3988 8418241
11.4201 8421121
11.4225 8424001
11.4581 8426881
11.461 8429761
11.4633 8432641
11.4657 8435521
11.487 8438401
11.4894 8441281
11.5252 8444161
11.5278 8447041
11.5302 8449921
11.5326 8452801
11.535 8455681
11.5551 8458561
11.5574 8461441
11.5933 8464321
11.5962 8467201
11.5986 8470081
11.601 8472961
11.6034 8475841
11.6231 8478721
11.6255 8481601
11.6614 8484481
11.6643 8487361
11.6667 8490241
11.6691 8493121
11.6715 8496001
11.69 8498881
11.6924 8501761
11.7283 8504641
11.7312 8507521
11.7336 8510401
11.7359 8513281
11.7383 8516161
11.7569 8519041
11.7593 8521921
11.7952 8524801
11.7981 8527681
11.8004 8530561
11.8028 8533441
11.8052 8536321
11.8076 8539201
11.825 8542081
11.8274 8544961
11.8633 8547841
11.8665 8550721
11.8689 8553601
11.8713 8556481
11.8737 8559361
11.8761 8562241
11.8931 8565121
11.8955 8568001
11.9314 8570881
11.9346 8573761
11.937 8576641
11.9394 8579521
11.9418 8582401
11.9442 8585281
11.9612 8588161
11.9636 8591041
11.9983 8593921
12.0016 8596801
12.004 8599681
12.0066 8602561
12.009 8605441
12.0114 8608321
12.0281 8611201
12.0305 8614081
12.0652 8616961
12.0685 8619841
12.0709 8622721
12.0735 8625601
12.0759 8628481
12.0783 8631361
12.095 8634241
12.0973 8637121
12.1321 8640001
12.1345 8642881
12.1369 8645761
12.1392 8648641
12.1416 8651521
12.144 8654401
12.1466 8657281
12.163 8660161
12.1654 8663041
12.2002 8665921
12.2026 8668801
12.2049 8671681
12.2073 8674561
12.2097 8677441
12.2121 8680321
12.2146 8683201
12.2311 8686081
12.2335 8688961
12.2682 8691841
12.2706 8694721
12.2733 8697601
12.2757 8700481
12.2781 8703361
12.2804 8706241
12.2828 8709121
12.298 8712001
12.3004 8714881
12.3351 8717761
12.3377 8720641
12.3402 8723521
12.3426 8726401
12.3449 8729281
12.3473 8732161
12.3497 8735041
12.3649 8737921
12.3674 8740801
12.402 8743681
12.4046 8746561
12.4071 8749441
12.4094 8752321
12.4118 8755201
12.4142 8758081
12.4166 8760961
12.419 8763841
12.433 8766721
12.4354 8769601
12.4702 8772481
12.4726 8775361
12.4751 8778241
12.4775 8781121
12.4799 8784001
12.4823 8786881
12.4847 8789761
12.4871 8792641
12.5011 8795521
12.5035 8798401
12.5383 8801281
12.5407 8804161
12.5432 8807041
12.5456 8809921
12.548 8812801
12.5504 8815681
12.5531 8818561
12.5555 8821441
12.568 8824321
12.5704 8827201
12.6052 8830081
12.6076 8832961
12.6101 8835841
12.6125 8838721
12.6149 8841601
12.6175 8844481
12.62 8847361
12.6224 8850241
12.6349 8853121
12.6373 8856001
12.6721 8858881
12.6745 8861761
12.677 8864641
12.6794 8867521
12.6818 8870401
12.6844 8873281
12.6869 8876161
12.6893 8879041
12.6917 8881921
12.7029 8884801
12.7054 8887681
12.7405 8890561
12.7429 8893441
12.7453 8896321
12.7477 8899201
12.7501 8902081
12.7525 8904961
12.755 8907841
12.7574 8910721
12.7598 8913601
12.771 8916481
12.7735 8919361
12.8086 8922241
12.811 8925121
12.8134 8928001
12.8158 8930881
12.8182 8933761
12.8206 8936641
12.8231 8939521
12.8255 8942401
12.8279 8945281
12.8379 8948161
12.8404 8951041
12.8755 8953921
12.8779 8956801
12.8803 8959681
12.8827 8962561
12.8851 8965441
12.8875 8968321
12.89 8971201
12.8924 8974081
12.8948 8976961
12.9048 8979841
12.9073 8982721
12.9424 8985601
12.9448 8988481
12.9472 8991361
12.9495 8994241
12.9519 8997121
12.9544 9000001
12.9569 9002881
12.9593 9005761
12.9617 9008641
12.9717 9011521
12.9741 9014401
12.9765 9017281
13.0105 9020161
13.0129 9023041
13.0152 9025921
13.0176 9028801
13.02 9031681
13.0225 9034561
13.025 9037441
13.0273 9040321
13.0297 9043201
13.0398 9046081
13.0422 9048961
13.0446 9051841
13.0785 9054721
13.0809 9057601
13.0833 9060481
13.086 9063361
13.0884 9066241
13.0908 9069121
13.0932 9072001
13.0956 9074881
13.098 9077761
13.1079 9080641
13.1102 9083521
13.1126 9086401
13.1454 9089281
13.1478 9092161
13.1502 9095041
13.1529 9097921
13.1553 9100801
13.1577 9103681
13.1601 9106561
13.1625 9109441
13.1648 9112321
13.1747 9115201
13.1771 9118081
13.1797 9120961
13.2123 9123841
13.2147 9126721
13.2171 9129601
13.2198 9132481
13.2222 9135361
13.2246 9138241
13.2269 9141121
13.2293 9144001
13.2317 9146881
13.2416 9149761
13.244 9152641
13.2466 9155521
13.2795 9158401
13.2819 9161281
13.2843 9164161
13.2867 9167041
13.289 9169921
13.2914 9172801
13.2938 9175681
13.2962 9178561
13.2986 9181441
13.301 9184321
13.3097 9187201
13.3121 9190081
13.3147 9192961
13.3479 9195841
13.3503 9198721
13.3531 9201601
13.3555 9204481
13.3579 9207361
13.3603 9210241
13.3627 9213121
13.3651 9216001
13.3674 9218881
13.3698 9221761
13.3778 9224641
13.3802 9227521
13.3827 9230401
13.416 9233281
13.4184 9236161
13.4212 9239041
13.4236 9241921
13.426 9244801
13.4284 9247681
13.4307 9250561
13.4331 9253441
13.4355 9256321
13.4379 9259201
13.4447 9262081
13.4471 9264961
13.4496 9267841
13.4829 9270721
13.4853 9273601
13.4881 9276481
13.4905 9279361
13.4929 9282241
13.4952 9285121
13.4976 9288001
13.5 9290881
13.5024 9293761
13.5048 9296641
13.5116 9299521
13.514 9302401
13.5165 9305281
13.5498 9308161
13.5522 9311041
13.5552 9313921
13.5576 9316801
13.56 9319681
13.5624 9322561
13.5648 9325441
13.5672 9328321
13.5696 9331201
13.5719 9334081
13.5743 9336961
13.5797 9339841
13.5821 9342721
13.5846 9345601
13.6179 9348481
13.6203 9351361
13.6233 9354241
13.6257 9357121
13.6281 9360001
13.6305 9362881
13.6329 9365761
13.6352 9368641
13.6376 9371521
13.64 9374401
13.6424 9377281
13.6478 9380161
13.6501 9383041
13.6527 9385921
13.6861 9388801
13.6885 9391681
13.6914 9394561
13.6938 9397441
13.6962 9400321
13.6986 9403201
13.7009 9406081
13.7033 9408961
13.7057 9411841
13.7081 9414721
13.7105 9417601
13.7146 9420481
13.717 9423361
13.7196 9426241
13.753 9429121
13.7554 9432001
13.7583 9434881
13.7607 9437761
13.7631 9440641
13.7654 9443521
13.7678 9446401
13.7702 9449281
13.7726 9452161
13.775 9455041
13.7774 9457921
13.7815 9460801
13.7839 9463681
13.7865 9466561
13.8202 9469441
13.8226 9472321
13.8255 9475201
13.8279 9478081
13.8303 9480961
13.8327 9483841
13.8351 9486721
13.8375 9489601
13.8399 9492481
13.8423 9495361
13.8447 9498241
13.847 9501121
13.8496 9504001
13.852 9506881
13.8546 9509761
13.8883 9512641
13.8907 9515521
13.8936 9518401
13.896 9521281
13.8984 9524161
13.9008 9527041
13.9032 9529921
13.9056 9532801
13.908 9535681
13.9103 9538561
13.9127 9541441
13.9151 9544321
13.9177 9547201
13.9201 9550081
13.9226 9552961
13.9564 9555841
13.9588 9558721
13.9617 9561601
13.9641 9564481
13.9665 9567361
13.9689 9570241
13.9713 9573121
13.9737 9576001
13.976 9578881
13.9784 9581761
13.9808 9584641
13.9832 9587521
13.9856 9590401
13.988 9593281
13.9904 9596161
14.0237 9599041
14.0261 9601921
14.0286 9604801
14.031 9607681
14.0334 9610561
14.0357 9613441
14.0382 9616321
14.0405 9619201
14.0429 9622081
14.0453 9624961
14.0477 9627841
14.0501 9630721
14.0525 9633601
14.0549 9636481
14.0573 9639361
14.0906 9642241
14.093 9645121
14.0955 9648001
14.0979 9650881
14.1002 9653761
14.1026 9656641
14.105 9659521
14.1074 9662401
14.1098 9665281
14.1122 9668161
14.115 9671041
14.1174 9673921
14.1198 9676801
14.1221 9679681
14.1245 9682561
14.1269 9685441
14.1586 9688321
14.161 9691201
14.1635 9694081
14.1659 9696961
14.1683 9699841
14.1707 9702721
14.1731 9705601
14.1755 9708481
14.1779 9711361
14.1803 9714241
14.1831 9717121
14.1854 9720001
14.1878 9722881
14.1902 9725761
14.1926 9728641
14.195 9731521
14.2267 9734401
14.2291 9737281
14.2316 9740161
14.234 9743041
14.2364 9745921
14.2388 9748801
14.2412 9751681
14.2436 9754561
14.246 9757441
14.2484 9760321
14.2511 9763201
14.2535 9766081
14.2559 9768961
14.2583 9771841
14.2607 9774721
14.2631 9777601
14.2936 9780481
14.2964 9783361
14.2988 9786241
14.3012 9789121
14.3036 9792001
14.306 9794881
14.3084 9797761
14.3108 9800641
14.3131 9803521
14.3155 9806401
14.318 9809281
14.3204 9812161
14.3228 9815041
14.3252 9817921
14.3276 9820801
14.33 9823681
14.3605 9826561
14.3633 9829441
14.3657 9832321
14.3681 9835201
14.3705 9838081
14.3729 9840961
14.3753 9843841
14.3776 9846721
14.38 9849601
14.3824 9852481
14.3849 9855361
14.3873 9858241
14.3897 9861121
14.3921 9864001
14.3945 9866881
14.3969 9869761
14.3993 9872641
14.4286 9875521
14.4314 9878401
14.4338 9881281
14.4362 9884161
14.4386 9887041
14.4409 9889921
14.4433 9892801
14.4457 9895681
14.4481 9898561
14.4505 9901441
14.453 9904321
14.4554 9907201
14.4578 9910081
14.4602 9912961
14.4626 9915841
14.465 9918721
14.4673 9921601
14.4967 9924481
14.4995 9927361
14.5019 9930241
14.5043 9933121
14.5066 9936001
14.509 9938881
14.5114 9941761
14.5138 9944641
14.5162 9947521
14.5186 9950401
14.5211 9953281
14.5235 9956161
14.5259 9959041
14.5283 9961921
14.5307 9964801
14.533 9967681
14.5354 9970561
14.565 9973441
14.5674 9976321
14.5698 9979201
14.5722 9982081
14.5746 9984961
14.577 9987841
14.5794 9990721
14.5817 9993601
14.5841 9996481
14.5865 9999361
14.5889 10002241
14.5913 10005121
14.5937 10008001
14.5961 10010881
14.5985 10013761
14.6009 10016641
14.6033 10019521
14.6319 10022401
14.6343 10025281
14.6367 10028161
14.6391 10031041
14.6415 10033921
14.6439 10036801
14.6462 10039681
14.6486 10042561
14.651 10045441
14.6534 10048321
14.6558 10051201
14.6582 10054081
14.6606 10056961
14.663 10059841
14.6654 10062721
14.6678 10065601
14.6702 10068481
14.6988 10071361
14.7012 10074241
14.7036 10077121
14.706 10080001
14.7084 10082881
14.7107 10085761
14.7131 10088641
14.7155 10091521
14.7179 10094401
14.7203 10097281
14.7227 10100161
14.7251 10103041
14.7275 10105921
14.7299 10108801
14.7323 10111681
14.7347 10114561
14.737 10117441
14.7394 10120321
14.7669 10123201
14.7693 10126081
14.7717 10128961
14.7741 10131841
14.7765 10134721
14.7789 10137601
14.7813 10140481
14.7837 10143361
14.786 10146241
14.7884 10149121
14.7908 10152001
14.7932 10154881
14.7956 10157761
14.798 10160641
14.8004 10163521
14.8028 10166401
14.8052 10169281
14.8076 10172161
14.835 10175041
14.8374 10177921
14.8398 10180801
14.8422 10183681
14.8446 10186561
14.847 10189441
14.8493 10192321
14.8517 10195201
14.8541 10198081
14.8569 10200961
14.8593 10203841
14.8617 10206721
14.8641 10209601
14.8665 10212481
14.8689 10215361
14.8713 10218241
14.8737 10221121
14.876 10224001
14.9019 10226881
14.9043 10229761
14.976 10285921
15.0015 10288801
15.0039 10291681
15.0063 10294561
15.0087 10297441
15.011 10300321
15.0369 10303201
15.0393 10306081
15.0417 10308961
15.0684 10311841
15.0708 10314721
15.0732 10317601
15.0755 10320481
15.0779 10323361
15.1038 10326241
15.1062 10329121
15.1086 10332001
15.1353 10334881
15.1377 10337761
15.14 10340641
15.1424 10343521
15.1448 10346401
15.1472 10349281
15.1719 10352161
15.1743 10355041
15.1767 10357921
15.2033 10360801
15.2057 10363681
15.2081 10366561
15.2105 10369441
15.2129 10372321
15.2153 10375201
15.2403 10378081
15.2426 10380961
15.245 10383841
15.2714 10386721
15.2738 10389601
15.2762 10392481
15.2786 10395361
15.281 10398241
15.2834 10401121
15.3071 10404001
15.3095 10406881
15.3119 10409761
15.3387 10412641
15.3411 10415521
15.3435 10418401
15.3459 10421281
15.3483 10424161
15.3507 10427041
15.374 10429921
15.3764 10432801
15.3788 10435681
15.4056 10438561
15.408 10441441
15.4104 10444321
15.4128 10447201
15.4152 10450081
15.4176 10452961
15.42 10455841
15.4421 10458721
15.4445 10461601
15.4725 10463041
15.543 10494721
15.5759 10497601
15.5787 10500481
15.6066 10503361
15.609 10506241
15.6428 10509121
15.6455 10512001
15.6735 10514881
15.6759 10517761
15.7097 10520641
15.7127 10523521
15.7404 10526401
15.7428 10529281
15.7766 10532161
15.7796 10535041
15.7819 10537921
15.8085 10540801
15.8109 10543681
15.8447 10546561
15.8476 10549441
15.85 10552321
15.8766 10555201
15.879 10558081
15.9127 10560961
15.9157 10563841
15.9181 10566721
15.9435 10569601
15.9459 10572481
15.98 10575361
15.9826 10578241
15.985 10581121
16.0104 10584001
16.0127 10586881
16.0469 10589761
16.0495 10592641
16.0519 10595521
16.0772 10598401
16.0796 10601281
16.082 10604161
16.115 10607041
16.1176 10609921
16.12 10612801
16.1453 10615681
16.1477 10618561
16.1501 10621441
16.1831 10624321
16.1857 10627201
16.1881 10630081
16.2134 10632961
16.2158 10635841
16.2182 10638721
16.25 10641601
16.2526 10644481
16.255 10647361
16.2806 10650241
16.2829 10653121
16.2853 10656001
16.3169 10658881
16.3195 10661761
16.3218 10664641
16.3474 10667521
16.3498 10670401
16.3522 10673281
16.3838 10676161
16.3863 10679041
16.3887 10681921
16.3911 10684801
16.4155 10687681
16.4179 10690561
16.4203 10693441
16.452 10696321
16.4544 10699201
16.4568 10702081
16.4592 10704961
16.4836 10707841
16.486 10710721
16.4884 10713601
16.5201 10716481
16.5225 10719361
16.5249 10722241
16.5273 10725121
16.5509 10728001
16.5533 10730881
16.5557 10733761
16.587 10736641
16.5894 10739521
16.5918 10742401
16.5942 10745281
16.6178 10748161
16.6202 10751041
16.6226 10753921
16.6539 10756801
16.6563 10759681
16.6587 10762561
16.6611 10765441
16.6847 10768321
16.6871 10771201
16.6895 10774081
16.6919 10776961
16.7219 10779841
16.7244 10782721
16.727 10785601
16.7294 10788481
16.7528 10791361
16.7552 10794241
16.7575 10797121
16.7599 10800001
16.79 10802881
16.7925 10805761
16.7951 10808641
16.7974 10811521
16.8211 10814401
16.8234 10817281
16.8258 10820161
16.8282 10823041
16.8569 10825921
16.8594 10828801
16.8619 10831681
16.8643 10834561
16.8879 10837441
16.8903 10840321
16.8927 10843201
16.8951 10846081
16.9241 10848961
16.9265 10851841
16.9289 10854721
16.9313 10857601
16.9548 10860481
16.9572 10863361
16.9596 10866241
16.962 10869121
16.9644 10872001
16.9922 10874881
16.9946 10877761
16.997 10880641
16.9994 10883521
17.023 10886401
17.0254 10889281
17.0277 10892161
17.0301 10895041
17.0325 10897921
17.0603 10900801
17.0627 10903681
17.0651 10906561
17.0674 10909441
17.0911 10912321
17.0934 10915201
17.0958 10918081
17.0982 10920961
17.1009 10923841
17.1284 10926721
17.1307 10929601
17.1331 10932481
17.1355 10935361
17.1579 10938241
17.1603 10941121
17.1627 10944001
17.1651 10946881
17.1678 10949761
17.1952 10952641
17.1976 10955521
17.2004 10958401
17.2028 10961281
17.2248 10964161
17.2272 10967041
17.2296 10969921
17.232 10972801
17.2347 10975681
17.2621 10978561
17.2645 10981441
17.2669 10984321
17.2693 10987201
17.2717 10990081
17.2933 10992961
17.2957 10995841
17.298 10998721
17.3004 11001601
17.3028 11004481
17.3302 11007361
17.3326 11010241
17.335 11013121
17.3374 11016001
17.3398 11018881
17.3614 11021761
17.3637 11024641
17.3661 11027521
17.3685 11030401
17.3709 11033281
17.3983 11036161
17.4007 11039041
17.4031 11041921
17.4055 11044801
17.4079 11047681
17.4282 11050561
17.4306 11053441
17.433 11056321
17.4354 11059201
17.4378 11062081
17.4652 11064961
17.4676 11067841
17.47 11070721
17.4724 11073601
17.4749 11076481
17.4951 11079361
17.4975 11082241
17.4999 11085121
17.5023 11088001
17.5047 11090881
17.5321 11093761
17.5345 11096641
17.5369 11099521
17.5393 11102401
17.6289 11136961
17.6683 11139841
17.6707 11142721
17.673 11145601
17.6756 11148481
17.6958 11151361
17.7364 11154241
17.7387 11157121
17.7411 11160001
17.7437 11162881
17.7639 11165761
17.8044 11168641
17.8068 11171521
17.8092 11174401
17.8117 11177281
17.832 11180161
17.8728 11183041
17.8751 11185921
17.8775 11188801
17.8799 11191681
17.8989 11194561
17.9396 11197441
17.942 11200321
17.9444 11203201
17.9468 11206081
17.966 11208961
18.0065 11211841
18.0089 11214721
18.0113 11217601
18.0137 11220481
18.0161 11223361
18.0341 11226241
18.0746 11229121
18.077 11232001
18.0794 11234881
18.0818 11237761
18.0842 11240641
18.1022 11243521
18.1427 11246401
18.1451 11249281
18.1475 11252161
18.1499 11255041
18.1523 11257921
18.1691 11260801
18.2096 11263681
18.212 11266561
18.2144 11269441
18.2168 11272321
18.2192 11275201
18.2364 11278081
18.2765 11280961
18.2789 11283841
18.2813 11286721
18.2837 11289601
18.286 11292481
18.3033 11295361
18.3057 11298241
18.3448 11301121
18.3472 11304001
18.3496 11306881
18.352 11309761
18.3544 11312641
18.3714 11315521
18.3738 11318401
18.4129 11321281
18.4153 11324161
18.4177 11327041
18.4201 11329921
18.4225 11332801
18.4395 11335681
18.4418 11338561
18.4798 11341441
18.4822 11344321
18.4846 11347201
18.487 11350081
18.4894 11352961
18.5067 11355841
18.5091 11358721
18.5467 11361601
18.5491 11364481
18.5515 11367361
18.5539 11370241
18.5562 11373121
18.5736 11376001
18.576 11378881
18.6139 11381761
18.6163 11384641
18.6187 11387521
18.6211 11390401
18.6235 11393281
18.6259 11396161
18.6417 11399041
18.6441 11401921
18.682 11404801
18.6844 11407681
18.6868 11410561
18.6892 11413441
18.6916 11416321
18.694 11419201
18.7098 11422081
18.7121 11424961
18.7501 11427841
18.7525 11430721
18.7549 11433601
18.7573 11436481
18.7597 11439361
18.762 11442241
18.7766 11445121
18.779 11448001
18.817 11450881
18.8194 11453761
18.8218 11456641
18.8242 11459521
18.8265 11462401
18.8289 11465281
18.8435 11468161
18.8459 11471041
18.8842 11473921
18.8866 11476801
18.889 11479681
18.8914 11482561
18.8938 11485441
18.8962 11488321
18.8986 11491201
18.912 11494081
18.9144 11496961
18.9523 11499841
18.9547 11502721
18.9571 11505601
18.9595 11508481
18.9619 11511361
18.9643 11514241
18.9667 11517121
18.9801 11520001
18.9825 11522881
19.0204 11525761
19.0228 11528641
19.0252 11531521
19.0276 11534401
19.03 11537281
19.0323 11540161
19.0347 11543041
19.047 11545921
19.0494 11548801
19.0873 11551681
19.0897 11554561
19.0921 11557441
19.0945 11560321
19.0968 11563201
19.0992 11566081
19.1016 11568961
19.1139 11571841
19.1163 11574721
19.1542 11577601
19.1568 11580481
19.1593 11583361
19.1617 11586241
19.1641 11589121
19.1665 11592001
19.1689 11594881
19.1808 11597761
19.1832 11600641
19.1855 11603521
19.2223 11606401
19.2249 11609281
19.2274 11612161
19.2298 11615041
19.2322 11617921
19.2346 11620801
19.237 11623681
19.2489 11626561
19.2513 11629441
19.2538 11632321
19.2903 11635201
19.293 11638081
19.2955 11640961
19.2979 11643841
19.3003 11646721
19.3027 11649601
19.305 11652481
19.3169 11655361
19.3194 11658241
19.3219 11661121
19.3575 11664001
19.3599 11666881
19.3624 11669761
19.3648 11672641
19.3672 11675521
19.3697 11678401
19.3721 11681281
19.3842 11684161
19.3867 11687041
19.3891 11689921
19.4244 11692801
19.4268 11695681
19.4293 11698561
19.4317 11701441
19.434 11704321
19.4366 11707201
19.4391 11710081
19.4511 11712961
19.4536 11715841
19.456 11718721
19.4913 11721601
19.4937 11724481
19.496 11727361
19.4984 11730241
19.5008 11733121
19.5032 11736001
19.5056 11738881
19.508 11741761
19.5192 11744641
19.5216 11747521
19.524 11750401
19.5593 11753281
19.5617 11756161
19.5641 11759041
19.5665 11761921
19.5689 11764801
19.5713 11767681
19.574 11770561
19.5764 11773441
19.5873 11776321
19.5897 11779201
19.5921 11782081
19.6274 11784961
19.6298 11787841
19.6322 11790721
19.6346 11793601
19.637 11796481
19.6394 11799361
19.6418 11802241
19.6442 11805121
19.6542 11808001
19.6566 11810881
19.659 11813761
19.6943 11816641
19.6967 11819521
19.6991 11822401
19.7015 11825281
19.7039 11828161
19.7063 11831041
19.7087 11833921
19.7111 11836801
19.7214 11839681
19.7238 11842561
19.7262 11845441
19.7612 11848321
19.7636 11851201
19.766 11854081
19.7684 11856961
19.7708 11859841
19.7732 11862721
19.7756 11865601
19.7779 11868481
19.7803 11871361
19.7895 11874241
19.7919 11877121
19.7943 11880001
19.8293 11882881
19.8317 11885761
19.8341 11888641
19.8365 11891521
19.8389 11894401
19.8413 11897281
19.8436 11900161
19.846 11903041
19.8484 11905921
19.8576 11908801
19.86 11911681
19.8624 11914561
19.8974 11917441
19.8998 11920321
19.9022 11923201
19.9047 11926081
19.9072 11928961
19.9096 11931841
19.912 11934721
19.9144 11937601
19.9169 11940481
19.9245 11943361
19.9269 11946241
19.9293 11949121
19.9643 11952001
19.9667 11954881
19.9691 11957761
19.9716 11960641
19.9741 11963521
19.9765 11966401
19.9789 11969281
19.9813 11972161
19.9838 11975041
19.9914 11977921
19.9938 11980801
19.9962 11983681
20.0313 11986561
20.0337 11989441
20.0361 11992321
20.0385 11995201
20.041 11998081
20.0434 12000961
20.0458 12003841
20.0482 12006721
20.0505 12009601
20.0529 12012481
20.0595 12015361
20.0619 12018241
20.0642 12021121
20.0994 12024001
20.1018 12026881
20.1042 12029761
20.1066 12032641
20.1091 12035521
20.1115 12038401
20.1139 12041281
20.1162 12044161
20.1186 12047041
20.121 12049921
20.1278 12052801
20.1303 12055681
20.1327 12058561
20.1675 12061441
20.1699 12064321
20.1723 12067201
20.1747 12070081
20.1772 12072961
20.1795 12075841
20.1819 12078721
20.1847 12081601
20.1871 12084481
20.1895 12087361
20.1947 12090241
20.1972 12093121
20.1996 12096001
20.2344 12098881
20.2368 12101761
20.2392 12104641
20.2416 12107521
20.244 12110401
20.2464 12113281
20.2488 12116161
20.2516 12119041
20.254 12121921
20.2564 12124801
20.2616 12127681
20.2641 12130561
20.2665 12133441
20.3017 12136321
20.3041 12139201
20.3065 12142081
20.3088 12144961
20.3112 12147841
20.3136 12150721
20.316 12153601
20.3185 12156481
20.3209 12159361
20.3233 12162241
20.3285 12165121
20.3309 12168001
20.3333 12170881
20.3358 12173761
20.3698 12176641
20.3721 12179521
20.3745 12182401
20.3769 12185281
20.3793 12188161
20.3817 12191041
20.3841 12193921
20.3866 12196801
20.389 12199681
20.3914 12202561
20.3969 12205441
20.3993 12208321
20.4021 12211201
20.4045 12214081
20.4378 12216961
20.4402 12219841
20.4426 12222721
20.445 12225601
20.4474 12228481
20.4498 12231361
20.4522 12234241
20.4547 12237121
20.4571 12240001
20.4595 12242881
20.465 12245761
20.4674 12248641
20.4706 12251521
20.473 12254401
20.5047 12257281
20.5071 12260161
20.5095 12263041
20.5119 12265921
20.5143 12268801
20.5167 12271681
20.5191 12274561
20.5216 12277441
20.524 12280321
20.5263 12283201
20.5319 12286081
20.5343 12288961
20.5375 12291841
20.5399 12294721
20.5716 12297601
20.574 12300481
20.5764 12303361
20.5788 12306241
20.5812 12309121
20.5836 12312001
20.586 12314881
20.5885 12317761
20.5908 12320641
20.5932 12323521
20.5988 12326401
20.6012 12329281
20.6045 12332161
20.6069 12335041
20.6385 12337921
20.6409 12340801
20.6433 12343681
20.6457 12346561
20.6481 12349441
20.6505 12352321
20.6529 12355201
20.6552 12358081
20.6576 12360961
20.66 12363841
20.6624 12366721
20.6669 12369601
20.6693 12372481
20.6726 12375361
20.675 12378241
20.7066 12381121
20.709 12384001
20.7114 12386881
20.7138 12389761
20.7162 12392641
20.7185 12395521
20.7209 12398401
20.7233 12401281
20.7257 12404161
20.7281 12407041
20.7305 12409921
20.735 12412801
20.7374 12415681
20.7407 12418561
20.7431 12421441
20.7751 12424321
20.7775 12427201
20.7799 12430081
20.7822 12432961
20.7846 12435841
20.787 12438721
20.7894 12441601
20.7918 12444481
20.7942 12447361
20.7966 12450241
20.799 12453121
20.8019 12456001
20.8043 12458881
20.8076 12461761
20.81 12464641
20.8422 12467521
20.8446 12470401
20.847 12473281
20.8493 12476161
20.8517 12479041
20.8541 12481921
20.8565 12484801
20.8589 12487681
20.8613 12490561
20.8637 12493441
20.8661 12496321
20.8692 12499201
20.8715 12502081
20.8745 12504961
20.8769 12507841
20.9091 12510721
20.9115 12513601
20.9138 12516481
20.9162 12519361
20.9186 12522241
20.921 12525121
20.9234 12528001
20.9258 12530881
20.9282 12533761
20.9306 12536641
20.933 12539521
20.9354 12542401
20.9377 12545281
20.9401 12548161
20.9426 12551041
20.9454 12553921
20.9771 12556801
20.9795 12559681
20.9819 12562561
20.9843 12565441
20.9867 12568321
20.9891 12571201
20.9915 12574081
20.9939 12576961
20.9963 12579841
20.9987 12582721
21.001 12585601
21.0034 12588481
21.0058 12591361
21.0082 12594241
21.0107 12597121
21.0134 12600001
21.0454 12602881
21.0478 12605761
21.0502 12608641
21.0526 12611521
21.055 12614401
21.0574 12617281
21.0598 12620161
21.0622 12623041
21.0646 12625921
21.067 12628801
21.0694 12631681
21.0718 12634561
21.0742 12637441
21.0766 12640321
21.079 12643201
21.0814 12646081
21.1123 12648961
21.1147 12651841
21.1171 12654721
21.1196 12657601
21.122 12660481
21.1244 12663361
21.1268 12666241
21.1292 12669121
21.1316 12672001
21.134 12674881
21.1364 12677761
21.1388 12680641
21.1412 12683521
21.1435 12686401
21.1459 12689281
21.1483 12692161
21.1792 12695041
21.1816 12697921
21.184 12700801
21.1865 12703681
21.1889 12706561
21.1913 12709441
21.1937 12712321
21.1961 12715201
21.1985 12718081
21.2009 12720961
21.2033 12723841
21.2057 12726721
21.208 12729601
21.2104 12732481
21.2129 12735361
21.2153 12738241
21.2177 12741121
21.2473 12744001
21.2497 12746881
21.2521 12749761
21.2546 12752641
21.257 12755521
21.2594 12758401
21.2618 12761281
21.2642 12764161
21.2666 12767041
21.269 12769921
21.2714 12772801
21.2737 12775681
21.2761 12778561
21.2785 12781441
21.281 12784321
21.2834 12787201
21.2858 12790081
21.3154 12792961
21.3178 12795841
21.3205 12798721
21.3229 12801601
21.3253 12804481
21.3277 12807361
21.3301 12810241
21.3325 12813121
21.3348 12816001
21.3372 12818881
21.3396 12821761
21.3422 12824641
21.3446 12827521
21.3469 12830401
21.3493 12833281
21.3517 12836161
21.3541 12839041
21.3823 12841921
21.3846 12844801
21.3874 12847681
21.3898 12850561
21.3922 12853441
21.3946 12856321
21.397 12859201
21.3993 12862081
21.4019 12864961
21.4043 12867841
21.4067 12870721
21.4091 12873601
21.4115 12876481
21.4139 12879361
21.4162 12882241
21.4186 12885121
21.421 12888001
21.4491 12890881
21.4515 12893761
21.4543 12896641
21.4567 12899521
21.4591 12902401
21.4615 12905281
21.4638 12908161
21.4662 12911041
21.4688 12913921
21.4712 12916801
21.4736 12919681
21.476 12922561
21.4783 12925441
21.4807 12928321
21.4831 12931201
21.4855 12934081
21.4879 12936961
21.4903 12939841
21.5172 12942721
21.5196 12945601
21.5224 12948481
21.5248 12951361
21.5271 12954241
21.5295 12957121
21.5319 12960001
21.5343 12962881
21.5369 12965761
21.5393 12968641
21.5417 12971521
21.544 12974401
21.5464 12977281
21.5492 12980161
21.5516 12983041
21.554 12985921
21.5564 12988801
21.5588 12991681
21.5853 12994561
21.5877 12997441
21.5905 13000321
21.5928 13003201
21.5952 13006081
21.5976 13008961
21.6004 13011841
21.6028 13014721
21.6052 13017601
21.6076 13020481
21.61 13023361
21.6124 13026241
21.6148 13029121
21.6172 13032001
21.6197 13034881
21.6221 13037761
21.6245 13040641
21.6269 13043521
21.6522 13046401
21.6546 13049281
21.6573 13052161
21.6597 13055041
21.6621 13057921
21.6645 13060801
21.6673 13063681
21.6697 13066561
21.6721 13069441
21.6745 13072321
21.6769 13075201
21.6794 13078081
21.6818 13080961
21.6842 13083841
21.6866 13086721
21.689 13089601
21.6914 13092481
21.6937 13095361
21.7191 13098241
21.7215 13101121
21.7242 13104001
21.7266 13106881
21.729 13109761
21.7314 13112641
21.7342 13115521
21.7366 13118401
21.739 13121281
21.7414 13124161
21.7438 13127041
21.7463 13129921
21.7487 13132801
21.751 13135681
21.7535 13138561
21.7559 13141441
21.7582 13144321
21.7606 13147201
21.763 13150081
21.7874 13152961
21.7898 13155841
21.7923 13158721
21.7947 13161601
21.7971 13164481
21.7995 13167361
21.8023 13170241
21.8047 13173121
21.8071 13176001
21.8094 13178881
21.8118 13181761
21.8143 13184641
21.817 13187521
21.8194 13190401
21.8218 13193281
21.8241 13196161
21.8265 13199041
21.8291 13201921
21.8315 13204801
21.8555 13207681
21.8579 13210561
21.8604 13213441
21.8628 13216321
21.8652 13219201
21.8676 13222081
21.8704 13224961
21.8728 13227841
21.8751 13230721
21.8775 13233601
21.8803 13236481
21.8827 13239361
21.8851 13242241
21.8875 13245121
21.8899 13248001
21.8923 13250881
21.8948 13253761
21.8972 13256641
21.8996 13259521
21.9224 13262401
21.9248 13265281
21.9273 13268161
21.9297 13271041
21.9321 13273921
21.9345 13276801
21.9373 13279681
21.9396 13282561
21.942 13285441
21.9444 13288321
21.9472 13291201
21.9496 13294081
21.952 13296961
21.9544 13299841
21.9568 13302721
21.9592 13305601
22.031 13320001
22.0772 13364641
22.0796 13367521
22.0822 13370401
22.0846 13373281
22.087 13376161
22.0894 13379041
22.0918 13381921
22.0942 13384801
22.0967 13387681
22.1441 13390561
22.1477 13393441
22.1503 13396321
22.1527 13399201
22.1551 13402081
22.1575 13404961
22.1602 13407841
22.1626 13410721
22.165 13413601
22.2122 13416481
22.2157 13419361
22.2181 13422241
22.2205 13425121
22.2229 13428001
22.2253 13430881
22.2277 13433761
22.2301 13436641
22.2325 13439521
22.279 13442401
22.2826 13445281
22.285 13448161
22.2874 13451041
22.2898 13453921
22.2922 13456801
22.2946 13459681
22.297 13462561
22.2994 13465441
22.3459 13468321
22.3495 13471201
22.3522 13474081
22.3546 13476961
22.357 13479841
22.3593 13482721
22.3617 13485601
22.3641 13488481
22.3665 13491361
22.369 13494241
22.414 13497121
22.4176 13500001
22.4203 13502881
22.4227 13505761
22.425 13508641
22.4274 13511521
22.4298 13514401
22.4322 13517281
22.4346 13520161
22.4371 13523041
22.4822 13525921
22.4858 13528801
22.4883 13531681
22.4907 13534561
22.4931 13537441
22.4955 13540321
22.4979 13543201
22.5003 13546081
22.5027 13548961
22.5051 13551841
22.5491 13554721
22.5527 13557601
22.5552 13560481
22.5576 13563361
22.56 13566241
22.5624 13569121
22.5648 13572001
22.5672 13574881
22.5696 13577761
22.572 13580641
22.616 13583521
22.6196 13586401
22.6221 13589281
22.6245 13592161
22.6269 13595041
22.6294 13597921
22.6318 13600801
22.6344 13603681
22.6368 13606561
22.6393 13609441
22.6416 13612321
22.6841 13615201
22.6877 13618081
22.6902 13620961
22.6926 13623841
22.695 13626721
22.6975 13629601
22.6999 13632481
22.7025 13635361
22.7049 13638241
22.7073 13641121
22.7097 13644001
22.7526 13646881
22.7562 13649761
22.7585 13652641
22.7609 13655521
22.7633 13658401
22.7657 13661281
22.7681 13664161
22.7706 13667041
22.773 13669921
22.7754 13672801
22.7778 13675681
22.8195 13678561
22.823 13681441
22.8254 13684321
22.8278 13687201
22.8302 13690081
22.8326 13692961
22.835 13695841
22.8375 13698721
22.8399 13701601
22.8423 13704481
22.8447 13707361
22.8863 13710241
22.8899 13713121
22.8923 13716001
22.8947 13718881
22.8971 13721761
22.8995 13724641
22.9019 13727521
22.9044 13730401
22.9068 13733281
22.9096 13736161
22.912 13739041
22.9143 13741921
22.9544 13744801
22.958 13747681
22.9604 13750561
22.9628 13753441
22.9652 13756321
22.9676 13759201
22.97 13762081
22.9725 13764961
22.9749 13767841
22.9776 13770721
22.98 13773601
22.9824 13776481
23.0228 13779361
23.0265 13782241
23.0288 13785121
23.0312 13788001
23.0336 13790881
23.036 13793761
23.0384 13796641
23.0408 13799521
23.0433 13802401
23.0457 13805281
23.0481 13808161
23.0505 13811041
23.0897 13813921
23.0933 13816801
23.0957 13819681
23.0981 13822561
23.1005 13825441
23.1029 13828321
23.1053 13831201
23.1077 13834081
23.1102 13836961
23.1126 13839841
23.115 13842721
23.1174 13845601
23.1565 13848481
23.1602 13851361
23.1626 13854241
23.165 13857121
23.1674 13860001
23.1698 13862881
23.1722 13865761
23.1746 13868641
23.1771 13871521
23.1795 13874401
23.1819 13877281
23.1843 13880161
23.2234 13883041
23.2271 13885921
23.2295 13888801
23.2319 13891681
23.2343 13894561
23.2367 13897441
23.2391 13900321
23.2415 13903201
23.2439 13906081
23.2464 13908961
23.2488 13911841
23.2512 13914721
23.2536 13917601
23.2915 13920481
23.2952 13923361
23.2976 13926241
23.3 13929121
23.3024 13932001
23.3048 13934881
23.3072 13937761
23.3096 13940641
23.3119 13943521
23.3145 13946401
23.3169 13949281
23.3193 13952161
23.3217 13955041
23.3596 13957921
23.3635 13960801
23.3661 13963681
23.3685 13966561
23.3709 13969441
23.3733 13972321
23.3756 13975201
23.378 13978081
23.3804 13980961
23.383 13983841
23.3854 13986721
23.3878 13989601
23.3902 13992481
23.4265 13995361
23.4304 13998241
23.433 14001121
23.4354 14004001
23.4378 14006881
23.4401 14009761
23.4425 14012641
23.4449 14015521
23.4473 14018401
23.4499 14021281
23.4522 14024161
23.4547 14027041
23.457 14029921
23.4934 14032801
23.4973 14035681
23.5002 14038561
23.5025 14041441
23.5049 14044321
23.5073 14047201
23.5097 14050081
23.5121 14052961
23.5145 14055841
23.5169 14058721
23.5193 14061601
23.5217 14064481
23.5243 14067361
23.5267 14070241
23.5615 14073121
23.5654 14076001
23.5682 14078881
23.5706 14081761
23.573 14084641
23.5754 14087521
23.5778 14090401
23.5802 14093281
23.5826 14096161
23.585 14099041
23.5874 14101921
23.5898 14104801
23.5924 14107681
23.5948 14110561
23.6296 14113441
23.6335 14116321
23.6363 14119201
23.6387 14122081
23.6411 14124961
23.6436 14127841
23.646 14130721
23.6484 14133601
23.6508 14136481
23.6532 14139361
23.6556 14142241
23.658 14145121
23.6605 14148001
23.6629 14150881
23.6965 14153761
23.7004 14156641
23.7032 14159521
23.7056 14162401
23.708 14165281
23.7105 14168161
23.7129 14171041
23.7153 14173921
23.7177 14176801
23.7201 14179681
23.7225 14182561
23.7249 14185441
23.7274 14188321
23.7298 14191201
23.7633 14194081
23.7676 14196961
23.7701 14199841
23.7725 14202721
23.7749 14205601
23.7774 14208481
23.7798 14211361
23.7822 14214241
23.7846 14217121
23.787 14220001
23.7894 14222881
23.7918 14225761
23.7942 14228641
23.7966 14231521
23.7989 14234401
23.8318 14237281
23.8357 14240161
23.8382 14243041
23.8406 14245921
23.843 14248801
23.8455 14251681
23.8479 14254561
23.8503 14257441
23.8527 14260321
23.8551 14263201
23.8574 14266081
23.8599 14268961
23.8622 14271841
23.8646 14274721
23.867 14277601
23.9002 14280481
23.9038 14283361
23.9063 14286241
23.9087 14289121
23.9111 14292001
23.9136 14294881
23.916 14297761
23.9183 14300641
23.9207 14303521
23.9231 14306401
23.9259 14309281
23.9283 14312161
23.9307 14315041
23.9331 14317921
23.9355 14320801
23.9671 14323681
23.9706 14326561
23.9732 14329441
23.9756 14332321
23.978 14335201
23.9805 14338081
23.9828 14340961
23.9852 14343841
23.9876 14346721
23.99 14349601
23.9928 14352481
23.9952 14355361
23.9976 14358241
24 14361121
24.0024 14364001
24.0344 14366881
24.0375 14369761
24.0401 14372641
24.0425 14375521
24.0449 14378401
24.0473 14381281
24.0497 14384161
24.0521 14387041
24.0545 14389921
24.0569 14392801
24.0598 14395681
24.0622 14398561
24.0646 14401441
24.067 14404321
24.0693 14407201
24.0717 14410081
24.1025 14412961
24.1056 14415841
24.1082 14418721
24.1105 14421601
24.1129 14424481
24.1154 14427361
24.1178 14430241
24.1202 14433121
24.1226 14436001
24.1253 14438881
24.1279 14441761
24.1303 14444641
24.1326 14447521
24.135 14450401
24.1374 14453281
24.1398 14456161
24.1705 14459041
24.1739 14461921
24.1763 14464801
24.1787 14467681
24.181 14470561
24.1835 14473441
24.1859 14476321
24.1883 14479201
24.1907 14482081
24.1934 14484961
24.196 14487841
24.1983 14490721
24.2007 14493601
24.2031 14496481
24.2058 14499361
24.2082 14502241
24.2374 14505121
24.2408 14508001
24.2432 14510881
24.2455 14513761
24.2479 14516641
24.2504 14519521
24.2528 14522401
24.2552 14525281
24.2576 14528161
24.2602 14531041
24.2628 14533921
24.2652 14536801
24.2676 14539681
24.27 14542561
24.273 14545441
24.2754 14548321
24.3047 14551201
24.3077 14554081
24.31 14556961
24.3124 14559841
24.3148 14562721
24.3173 14565601
24.3197 14568481
24.3221 14571361
24.3245 14574241
24.3271 14577121
24.3297 14580001
24.3321 14582881
24.3345 14585761
24.3369 14588641
24.3399 14591521
24.3422 14594401
24.3446 14597281
24.3728 14600161
24.3757 14603041
24.3781 14605921
24.3805 14608801
24.3829 14611681
24.3854 14614561
24.3878 14617441
24.3902 14620321
24.3928 14623201
24.3956 14626081
24.398 14628961
24.4004 14631841
24.4029 14634721
24.4053 14637601
24.4079 14640481
24.4103 14643361
24.4127 14646241
24.4409 14649121
24.4438 14652001
24.4462 14654881
24.4486 14657761
24.451 14660641
24.4535 14663521
24.4559 14666401
24.4582 14669281
24.4609 14672161
24.4641 14675041
24.4665 14677921
24.4689 14680801
24.4712 14683681
24.4736 14686561
24.476 14689441
24.4784 14692321
24.4808 14695201
24.5089 14698081
24.5113 14700961
24.5137 14703841
24.5161 14706721
24.5185 14709601
24.5209 14712481
24.5233 14715361
24.5257 14718241
24.5281 14721121
24.531 14724001
24.5334 14726881
24.5357 14729761
24.5381 14732641
24.5405 14735521
24.5429 14738401
24.5453 14741281
24.5477 14744161
24.5758 14747041
24.5786 14749921
24.581 14752801
24.5834 14755681
24.5858 14758561
24.5881 14761441
24.5905 14764321
24.5929 14767201
24.5953 14770081
24.5981 14772961
24.6005 14775841
24.6029 14778721
24.6053 14781601
24.6077 14784481
24.6101 14787361
24.6124 14790241
24.6148 14793121
24.6427 14796001
24.6455 14798881
24.6479 14801761
24.6503 14804641
24.6526 14807521
24.655 14810401
24.6574 14813281
24.6598 14816161
24.6622 14819041
24.6646 14821921
24.667 14824801
24.6694 14827681
24.6718 14830561
24.6742 14833441
24.6766 14836321
24.679 14839201
24.6814 14842081
24.6839 14844961
24.7108 14847841
24.7135 14850721
24.7159 14853601
24.7183 14856481
24.7207 14859361
24.7231 14862241
24.7255 14865121
24.7279 14868001
24.7307 14870881
24.7331 14873761
24.7355 14876641
24.7379 14879521
24.7402 14882401
24.7427 14885281
24.7451 14888161
24.7475 14891041
24.7499 14893921
24.7523 14896801
24.7791 14899681
24.7816 14902561
24.784 14905441
24.7864 14908321
24.7888 14911201
24.7912 14914081
24.7936 14916961
24.796 14919841
24.7984 14922721
24.8008 14925601
24.8032 14928481
24.8055 14931361
24.8079 14934241
24.8103 14937121
24.8127 14940001
24.8151 14942881
24.8175 14945761
24.8199 14948641
24.846 14951521
24.8485 14954401
24.8509 14957281
24.8533 14960161
24.8557 14963041
24.8584 14965921
24.8608 14968801
24.8632 14971681
24.8656 14974561
24.868 14977441
24.8704 14980321
24.8728 14983201
24.8752 14986081
24.8776 14988961
24.88 14991841
24.8823 14994721
24.8847 14997601
24.8871 15000481
24.9129 15003361
24.9154 15006241
24.9178 15009121
24.9202 15012001
24.9226 15014881
24.9253 15017761
24.9277 15020641
24.9301 15023521
24.9325 15026401
24.9349 15029281
24.9373 15032161
24.9397 15035041
24.9421 15037921
24.9445 15040801
24.9469 15043681
24.9493 15046561
24.9517 15049441
24.9541 15052321
24.9565 15055201
24.981 15058081
24.9835 15060961
24.9859 15063841
24.9883 15066721
24.9907 15069601
24.9934 15072481
24.9958 15075361
24.9982 15078241
25.0018 15079681
25.0735 15138721
25.1198 15141601
25.1222 15144481
25.1247 15147361
25.1272 15150241
25.1296 15153121
25.132 15156001
25.1356 15158881
25.138 15161761
25.1407 15164641
25.1879 15167521
25.1903 15170401
25.1928 15173281
25.1953 15176161
25.1977 15179041
25.2001 15181921
25.2037 15184801
25.2061 15187681
25.2088 15190561
25.256 15193441
25.2584 15196321
25.2608 15199201
25.2632 15202081
25.2655 15204961
25.2679 15207841
25.2706 15210721
25.273 15213601
25.2757 15216481
25.3229 15219361
25.3253 15222241
25.3277 15225121
25.33 15228001
25.3324 15230881
25.3348 15233761
25.3375 15236641
25.3399 15239521
25.3425 15242401
25.3898 15245281
25.3922 15248161
25.3945 15251041
25.3973 15253921
25.3997 15256801
25.4021 15259681
25.4045 15262561
25.4069 15265441
25.4092 15268321
25.4116 15271201
25.4579 15274081
25.4602 15276961
25.4626 15279841
25.4654 15282721
25.4678 15285601
25.4702 15288481
25.4725 15291361
25.4749 15294241
25.4773 15297121
25.4799 15300001
25.5259 15302881
25.5283 15305761
25.5307 15308641
25.5338 15311521
25.5361 15314401
25.5385 15317281
25.5409 15320161
25.5433 15323041
25.5457 15325921
25.5481 15328801
25.5928 15331681
25.5952 15334561
25.5976 15337441
25.6006 15340321
25.603 15343201
25.6054 15346081
25.6078 15348961
25.6102 15351841
25.6126 15354721
25.615 15357601
25.6597 15360481
25.6621 15363361
25.6645 15366241
25.6675 15369121
25.6699 15372001
25.6723 15374881
25.6747 15377761
25.6772 15380641
25.6795 15383521
25.6819 15386401
25.6843 15389281
25.7278 15392161
25.7302 15395041
25.7326 15397921
25.7356 15400801
25.738 15403681
25.7404 15406561
25.7428 15409441
25.7452 15412321
25.7476 15415201
25.75 15418081
25.7524 15420961
25.796 15423841
25.7984 15426721
25.8008 15429601
25.8037 15432481
25.8061 15435361
25.8085 15438241
25.8109 15441121
25.8157 15446881
25.818 15449761
25.8204 15452641
25.8629 15455521
25.8653 15458401
25.8677 15461281
25.8706 15464161
25.873 15467041
25.8754 15469921
25.8778 15472801
25.8825 15475681
25.8849 15478561
25.8873 15481441
25.8901 15484321
25.9298 15487201
25.9322 15490081
25.9346 15492961
25.9375 15495841
25.9399 15498721
25.9423 15501601
25.9447 15504481
25.9498 15507361
25.9522 15510241
25.9546 15513121
25.957 15516001
25.9594 15518881
25.9978 15521761
26.0003 15524641
26.0027 15527521
26.0059 15530401
26.0083 15533281
26.0107 15536161
26.013 15539041
26.0179 15541921
26.0203 15544801
26.0227 15547681
26.0251 15550561
26.0275 15553441
26.0659 15556321
26.0684 15559201
26.0708 15562081
26.074 15564961
26.0764 15567841
26.0787 15570721
26.0811 15573601
26.086 15576481
26.0883 15579361
26.0907 15582241
26.0932 15585121
26.0956 15588001
26.1328 15590881
26.1353 15593761
26.1377 15596641
26.1411 15599521
26.1435 15602401
26.1459 15605281
26.1483 15608161
26.1528 15611041
26.1552 15613921
26.1576 15616801
26.1601 15619681
26.1625 15622561
26.1997 15625441
26.2022 15628321
26.2046 15631201
26.208 15634081
26.2104 15636961
26.2128 15639841
26.2152 15642721
26.22 15645601
26.2224 15648481
26.2248 15651361
26.2272 15654241
26.2296 15657121
26.2666 15660001
26.2691 15662881
26.2714 15665761
26.2738 15668641
26.2762 15671521
26.2786 15674401
26.281 15677281
26.2834 15680161
26.2885 15683041
26.2909 15685921
26.2933 15688801
26.2957 15691681
26.2981 15694561
26.3347 15697441
26.3371 15700321
26.3395 15703201
26.3419 15706081
26.3443 15708961
26.3467 15711841
26.3491 15714721
26.3515 15717601
26.3566 15720481
26.359 15723361
26.3614 15726241
26.3638 15729121
26.3662 15732001
26.4028 15734881
26.4052 15737761
26.4076 15740641
26.41 15743521
26.4124 15746401
26.4148 15749281
26.4174 15752161
26.4199 15755041
26.4235 15757921
26.4259 15760801
26.4284 15763681
26.4308 15766561
26.4332 15769441
26.4697 15772321
26.4721 15775201
26.4745 15778081
26.4769 15780961
26.4793 15783841
26.4817 15786721
26.4843 15789601
26.4868 15792481
26.4904 15795361
26.4928 15798241
26.4953 15801121
26.4977 15804001
26.5001 15806881
26.5366 15809761
26.539 15812641
26.5414 15815521
26.5438 15818401
26.5462 15821281
26.5486 15824161
26.551 15827041
26.5533 15829921
26.5557 15832801
26.5585 15835681
26.5609 15838561
26.5634 15841441
26.5658 15844321
26.5682 15847201
26.6046 15850081
26.6071 15852961
26.6095 15855841
26.6119 15858721
26.6143 15861601
26.6166 15864481
26.619 15867361
26.6214 15870241
26.6238 15873121
26.6265 15876001
26.6289 15878881
26.6314 15881761
26.6339 15884641
26.6363 15887521
26.6727 15890401
26.6752 15893281
26.6776 15896161
26.68 15899041
26.6823 15901921
26.6847 15904801
26.6871 15907681
26.6895 15910561
26.6919 15913441
26.6943 15916321
26.6967 15919201
26.6991 15922081
26.7015 15924961
26.7039 15927841
26.7396 15930721
26.7421 15933601
26.7445 15936481
26.7468 15939361
26.7492 15942241
26.7516 15945121
26.754 15948001
26.7564 15950881
26.7588 15953761
26.7612 15956641
26.7636 15959521
26.766 15962401
26.7684 15965281
26.7708 15968161
26.8065 15971041
26.809 15973921
26.8113 15976801
26.8137 15979681
26.8161 15982561
26.8185 15985441
26.8209 15988321
26.8233 15991201
26.826 15994081
26.8284 15996961
26.8308 15999841
26.8332 16002721
26.8356 16005601
26.838 16008481
26.8404 16011361
26.8746 16014241
26.877 16017121
26.8794 16020001
26.8818 16022881
26.8845 16025761
26.8869 16028641
26.8893 16031521
26.8917 16034401
26.8941 16037281
26.8965 16040161
26.8989 16043041
26.9014 16045921
26.9038 16048801
26.9062 16051681
26.9086 16054561
26.9427 16057441
26.9451 16060321
26.9475 16063201
26.9499 16066081
26.9526 16068961
26.9562 16070401
27.0267 16117921
27.0777 16120801
27.0801 16123681
27.0825 16126561
27.0849 16129441
27.0876 16132321
27.0912 16135201
27.0936 16138081
27.1457 16140961
27.1482 16143841
27.1506 16146721
27.153 16149601
27.1557 16152481
27.1593 16155361
27.1617 16158241
27.2138 16161121
27.2162 16164001
27.2186 16166881
27.221 16169761
27.2234 16172641
27.2262 16175521
27.2286 16178401
27.2807 16181281
27.2831 16184161
27.2855 16187041
27.2879 16189921
27.2903 16192801
27.2931 16195681
27.2954 16198561
27.3476 16201441
27.35 16204321
27.3525 16207201
27.3549 16210081
27.3573 16212961
27.3598 16215841
27.3621 16218721
27.3645 16221601
27.4157 16224481
27.4875 16250401
27.4995 16253281
27.5507 16256161
27.5532 16259041
27.5664 16261921
27.6176 16264801
27.6201 16267681
27.6336 16270561
27.6845 16273441
27.687 16276321
27.7005 16279201
27.7514 16282081
27.7537 16284961
27.7561 16287841
27.7686 16290721
27.8194 16293601
27.8218 16296481
27.8242 16299361
27.8367 16302241
27.8875 16305121
27.8899 16308001
27.8923 16310881
27.9036 16313761
27.9544 16316641
27.9568 16319521
27.9592 16322401
27.9704 16325281
28.0213 16328161
28.0237 16331041
28.0261 16333921
28.0373 16336801
28.0397 16339681
28.0894 16342561
28.0918 16345441
28.0942 16348321
28.1054 16351201
28.1078 16354081
28.1575 16356961
28.1599 16359841
28.1623 16362721
28.1735 16365601
28.1759 16368481
28.2244 16371361
28.2267 16374241
28.2291 16377121
28.2404 16380001
28.2428 16382881
28.2912 16385761
28.2936 16388641
28.296 16391521
28.3073 16394401
28.3097 16397281
28.3581 16400161
28.3605 16403041
28.3629 16405921
28.3653 16408801
28.3754 16411681
28.3778 16414561
28.4262 16417441
28.4286 16420321
28.431 16423201
28.4334 16426081
28.4435 16428961
28.4458 16431841
28.4943 16434721
28.4967 16437601
28.4991 16440481
28.5015 16443361
28.5103 16446241
28.5127 16449121
28.5612 16452001
28.5636 16454881
28.566 16457761
28.5685 16460641
28.5772 16463521
28.5796 16466401
28.6281 16469281
28.6305 16472161
28.6329 16475041
28.6354 16477921
28.6441 16480801
28.6465 16483681
28.6489 16486561
28.6962 16489441
28.6986 16492321
28.701 16495201
28.7035 16498081
28.7122 16500961
28.7146 16503841
28.717 16506721
28.7643 16509601
28.7666 16512481
28.769 16515361
28.7716 16518241
28.7803 16521121
28.7827 16524001
28.7851 16526881
28.8311 16529761
28.8335 16532641
28.8359 16535521
28.8384 16538401
28.8472 16541281
28.8497 16544161
28.8521 16547041
28.898 16549921
28.9004 16552801
28.9028 16555681
28.9053 16558561
28.9141 16561441
28.9166 16564321
28.919 16567201
28.9649 16570081
28.9673 16572961
28.9697 16575841
28.9721 16578721
28.9745 16581601
28.9822 16584481
28.9847 16587361
28.9871 16590241
29.033 16593121
29.0355 16596001
29.0379 16598881
29.0403 16601761
29.0426 16604641
29.0502 16607521
29.0528 16610401
29.0551 16613281
29.1011 16616161
29.1036 16619041
29.1059 16621921
29.1083 16624801
29.1107 16627681
29.1171 16630561
29.1196 16633441
29.122 16636321
29.168 16639201
29.1704 16642081
29.1728 16644961
29.1752 16647841
29.1776 16650721
29.184 16653601
29.1865 16656481
29.1889 16659361
29.2349 16662241
29.2373 16665121
29.2397 16668001
29.2421 16670881
29.2445 16673761
29.2469 16676641
29.2521 16679521
29.2546 16682401
29.257 16685281
29.303 16688161
29.3054 16691041
29.3078 16693921
29.3102 16696801
29.3126 16699681
29.3153 16702561
29.3202 16705441
29.3227 16708321
29.3251 16711201
29.371 16714081
29.3735 16716961
29.3759 16719841
29.3783 16722721
29.3807 16725601
29.3834 16728481
29.3871 16731361
29.3896 16734241
29.392 16737121
29.4379 16740001
29.4404 16742881
29.4428 16745761
29.4452 16748641
29.4476 16751521
29.4503 16754401
29.454 16757281
29.4565 16760161
29.4589 16763041
29.5048 16765921
29.5073 16768801
29.5097 16771681
29.5121 16774561
29.5145 16777441
29.5172 16780321
29.5209 16783201
29.5233 16786081
29.5256 16788961
29.528 16791841
29.5729 16794721
29.5754 16797601
29.5778 16800481
29.5802 16803361
29.5825 16806241
29.5853 16809121
29.5889 16812001
29.5913 16814881
29.5937 16817761
29.5964 16820641
29.641 16823521
29.6435 16826401
29.6458 16829281
29.6482 16832161
29.6506 16835041
29.6534 16837921
29.657 16840801
29.6594 16843681
29.6618 16846561
29.6642 16849441
29.7079 16852321
29.7103 16855201
29.7127 16858081
29.7151 16860961
29.7175 16863841
29.7203 16866721
29.7239 16869601
29.7263 16872481
29.7287 16875361
29.7311 16878241
29.7748 16881121
29.7772 16884001
29.7796 16886881
29.782 16889761
29.7846 16892641
29.7871 16895521
29.7908 16898401
29.7932 16901281
29.7956 16904161
29.798 16907041
29.8417 16909921
29.8441 16912801
29.8464 16915681
29.8488 16918561
29.8512 16921441
29.8536 16924321
29.856 16927201
29.8589 16930081
29.8613 16932961
29.8637 16935841
29.8661 16938721
29.9097 16941601
29.9121 16944481
29.9145 16947361
29.9169 16950241
29.9193 16953121
29.9217 16956001
29.9241 16958881
29.927 16961761
29.9294 16964641
29.9318 16967521
29.9341 16970401
29.9778 16973281
29.9802 16976161
29.9826 16979041
29.985 16981921
29.9874 16984801
29.9898 16987681
29.9922 16990561
29.9946 16993441
29.997 16996321
29.9994 16999201
30.0018 17002081
30.0447 17004961
30.0471 17007841
30.0495 17010721
30.0519 17013601
30.0543 17016481
30.0567 17019361
30.0591 17022241
30.0615 17025121
30.0639 17028001
30.0663 17030881
30.0687 17033761
