0.190217 1440
0.283149 2880
0.377234 4320
0.471319 5760
0.564209 7200
0.566599 8640
0.658293 10080
0.660684 11520
0.663074 12960
0.75253 14400
0.75492 15840
0.757311 17280
0.759701 18720
0.845714 20160
0.848104 21600
0.850495 23040
0.852885 24480
0.855276 25920
0.857666 27360
0.93894 28800
0.94133 30240
0.94372 31680
0.946111 33120
0.948501 34560
0.950892 36000
0.953282 37440
0.955672 38880
0.958063 40320
1.03217 41760
1.03456 43200
1.03695 44640
1.03934 46080
1.04173 47520
1.04412 48960
1.04651 50400
1.0489 51840
1.05129 53280
1.05368 54720
1.05607 56160
1.05846 57600
1.06085 59040
1.06324 60480
1.12659 61920
1.12898 63360
1.13137 64800
1.13376 66240
1.13615 67680
1.13854 69120
1.14093 70560
1.14332 72000
1.14571 73440
1.1481 74880
1.15049 76320
1.15288 77760
1.15527 79200
1.15766 80640
1.16005 82080
1.16244 83520
1.16483 84960
1.16722 86400
1.16961 87840
1.172 89280
1.17439 90720
1.22101 92160
1.2234 93600
1.22579 95040
1.22818 96480
1.23057 97920
1.23296 99360
1.23535 100800
1.23774 102240
1.24013 103680
1.24252 105120
1.24491 106560
1.2473 108000
1.24969 109440
1.25208 110880
1.25447 112320
1.25686 113760
1.25925 115200
1.26164 116640
1.26403 118080
1.26642 119520
1.26881 120960
1.2712 122400
1.2736 123840
1.27599 125280
1.27838 126720
1.28077 128160
1.28316 129600
1.28555 131040
1.28794 132480
1.29033 133920
1.29272 135360
1.31423 136800
1.31662 138240
1.31901 139680
1.3214 141120
1.32379 142560
1.32618 144000
1.32857 145440
1.33096 146880
1.33336 148320
1.33575 149760
1.33814 151200
1.34053 152640
1.34292 154080
1.34531 155520
1.3477 156960
1.35009 158400
1.35248 159840
1.35487 161280
1.35726 162720
1.35965 164160
1.36204 165600
1.36443 167040
1.36682 168480
1.36921 169920
1.3716 171360
1.37399 172800
1.37638 174240
1.37877 175680
1.38116 177120
1.38355 178560
1.38594 180000
1.38833 181440
1.39072 182880
1.39312 184320
1.39551 185760
1.3979 187200
1.40029 188640
1.40268 190080
1.40507 191520
1.40746 192960
1.40985 194400
1.41224 195840
1.41463 197280
1.41702 198720
1.41941 200160
1.4218 201600
1.42419 203040
1.42658 204480
1.42897 205920
1.43136 207360
1.43375 208800
1.43614 210240
1.43853 211680
1.44092 213120
1.44331 214560
1.4457 216000
1.44809 217440
1.45048 218880
1.45288 220320
1.45527 221760
1.45766 223200
1.46005 224640
1.46244 226080
1.46483 227520
1.46722 228960
1.46961 230400
1.472 231840
1.47439 233280
1.47678 234720
1.47917 236160
1.48156 237600
1.48395 239040
1.48634 240480
1.48873 241920
1.49112 243360
1.49351 244800
1.4959 246240
1.49829 247680
1.50068 249120
1.50307 250560
1.50546 252000
1.50785 253440
1.51024 254880
1.51264 256320
1.51503 257760
1.51742 259200
1.51981 260640
1.5222 262080
1.52459 263520
1.52698 264960
1.52937 266400
1.53176 267840
1.53415 269280
1.53654 270720
1.53893 272160
1.54132 273600
1.54371 275040
1.5461 276480
1.54849 277920
1.55088 279360
1.55327 280800
1.55566 282240
1.55805 283680
1.56044 285120
1.56283 286560
1.56522 288000
1.56761 289440
1.57 290880
1.5724 292320
1.57479 293760
1.57718 295200
1.57957 296640
1.58196 298080
1.58435 299520
1.58674 300960
1.58913 302400
1.59152 303840
1.59391 305280
1.5963 306720
1.59869 308160
1.60108 309600
1.60347 311040
1.60586 312480
1.60825 313920
1.61064 315360
1.61303 316800
1.61542 318240
1.61781 319680
1.6202 321120
1.62259 322560
1.62498 324000
1.62737 325440
1.62976 326880
1.63337 162000
2.02418 162012
2.02657 162024
2.02896 162036
2.03135 162048
2.03494 162060
2.03733 162072
2.03972 162084
2.04211 162096
2.0445 162108
2.04689 162120
2.04928 162132
2.05287 162144
2.05526 162156
2.05765 162168
2.06004 162180
2.06243 162192
2.06482 162204
2.06721 162216
2.0696 162228
2.07199 162240
2.07438 162252
2.07677 162264
2.07916 162276
2.08155 162288
2.08394 162300
2.08633 162312
2.08872 162324
2.09111 162336
2.0935 162348
2.09589 162360
2.09828 162372
2.10067 162384
2.10306 162396
2.10545 162408
2.10784 162420
2.11143 162432
2.11382 162444
2.11621 162456
2.1186 162468
2.12099 162480
2.12338 162492
2.12577 162504
2.12816 162516
2.13055 162528
2.13294 162540
2.13533 162552
2.13772 162564
2.14011 162576
2.1425 162588
2.1449 162600
2.14729 162612
2.14968 162624
2.15207 162636
2.15446 162648
2.15685 162660
2.15924 162672
2.16163 162684
2.16402 162696
2.16641 162708
2.1688 162720
2.17119 162732
2.17358 162744
2.17597 162756
2.17836 162768
2.18075 162780
2.18314 162792
2.18553 162804
2.18792 162816
2.19031 162828
2.1927 162840
2.19509 162852
2.19748 162864
2.19987 162876
2.20226 162888
2.20466 162900
2.20705 162912
2.20944 162924
2.21183 162936
2.21422 162948
2.21661 162960
2.219 162972
2.22139 162984
2.22378 162996
2.22617 163008
2.22856 163020
2.23095 163032
2.23334 163044
2.23573 163056
2.23812 163068
2.24051 163080
2.2429 163092
2.24529 163104
2.24768 163116
2.25007 163128
2.25246 163140
2.25485 163152
2.25724 163164
2.25963 163176
2.26202 163188
2.26442 163200
2.26681 163212
2.2692 163224
2.27159 163236
2.27398 163248
2.27637 163260
2.27876 163272
2.28115 163284
2.28354 163296
2.28593 163308
2.28832 163320
2.29071 163332
2.2931 163344
2.29549 163356
2.29788 163368
2.30027 163380
2.30266 163392
2.30505 163404
2.30744 163416
2.30983 163428
2.31222 163440
2.31461 163452
2.317 163464
2.31939 163476
2.32178 163488
2.32418 163500
2.32657 163512
2.32896 163524
2.33135 163536
2.33374 163548
2.33613 163560
2.33852 163572
2.34091 163584
2.3433 163596
2.34569 163608
2.34808 163620
2.35047 163632
2.35286 163644
2.35525 163656
2.35764 163668
2.36003 163680
2.36242 163692
2.36481 163704
2.3672 163716
2.36959 163728
2.37198 163740
2.37437 163752
2.37676 163764
2.37915 163776
2.38154 163788
2.38394 163800
2.38633 163812
2.38872 163824
2.39111 163836
2.3935 163848
2.39589 163860
2.39828 163872
2.40067 163884
2.40306 163896
2.40545 163908
2.40784 163920
2.41023 163932
2.41262 163944
2.41501 163956
2.4174 163968
2.41979 163980
2.42218 163992
2.42457 164004
2.42696 164016
2.42935 164028
2.43174 164040
2.43413 164052
2.43652 164064
2.43891 164076
2.4413 164088
2.4437 164100
2.44609 164112
2.44848 164124
2.45087 164136
2.45326 164148
2.45565 164160
2.45804 164172
2.46043 164184
2.46282 164196
2.46521 164208
2.4676 164220
2.46999 164232
2.47238 164244
2.47477 164256
2.47716 164268
2.47955 164280
2.48194 164292
2.48433 164304
2.48672 164316
2.48911 164328
2.4915 164340
2.49389 164352
2.49628 164364
2.49867 164376
2.50106 164388
2.50346 164400
2.50585 164412
2.50824 164424
2.51063 164436
2.51302 164448
2.51541 164460
2.5178 164472
2.52019 164484
2.52258 164496
2.52497 164508
2.52736 164520
2.52975 164532
2.53214 164544
2.53453 164556
2.53692 164568
2.53931 164580
2.5417 164592
2.54409 164604
2.54648 164616
2.54887 164628
2.55126 164640
2.55365 164652
2.55604 164664
2.55843 164676
2.56082 164688
2.56322 164700
2.56561 164712
2.568 164724
2.57039 164736
2.57278 164748
2.57517 164760
2.57756 164772
2.57995 164784
2.58234 164796
2.58473 164808
2.58712 164820
2.58951 164832
2.5919 164844
2.59429 164856
2.59668 164868
2.59907 164880
2.60146 164892
2.60385 164904
2.60624 164916
2.60863 164928
2.61102 164940
2.61341 164952
2.6158 164964
2.61819 164976
2.62058 164988
2.62297 165000
2.62537 165012
2.62776 165024
2.63015 165036
2.63254 165048
2.63493 165060
2.63732 165072
2.63971 165084
2.6421 165096
2.64449 165108
2.64688 165120
2.64927 165132
2.65166 165144
2.65405 165156
2.65644 165168
2.65883 165180
2.66122 165192
2.66361 165204
2.666 165216
2.66839 165228
2.67078 165240
2.67317 165252
2.67556 165264
2.67795 165276
2.68034 165288
2.68273 165300
2.68513 165312
2.68752 165324
2.68991 165336
2.6923 165348
2.69469 165360
2.69708 165372
2.69947 165384
2.70186 165396
2.70425 165408
2.70664 165420
2.70903 165432
2.71142 165444
2.71381 165456
2.7162 165468
2.71859 165480
2.72098 165492
2.72337 165504
2.72576 165516
2.72815 165528
2.73054 165540
2.73293 165552
2.73532 165564
2.73771 165576
2.7401 165588
2.74249 165600
2.74489 165612
2.74728 165624
2.74967 165636
2.75206 165648
2.75445 165660
2.75684 165672
2.75923 165684
2.76162 165696
2.76401 165708
2.7664 165720
2.76879 165732
2.77118 165744
2.77357 165756
2.77596 165768
2.77835 165780
2.78074 165792
2.78313 165804
2.78552 165816
2.78791 165828
2.7903 165840
2.79269 165852
2.79508 165864
2.79747 165876
2.79986 165888
2.80225 165900
2.80465 165912
2.80704 165924
2.80943 165936
2.81182 165948
2.81421 165960
2.8166 165972
2.81899 165984
2.82138 165996
2.82377 166008
2.82616 166020
2.82855 166032
2.83094 166044
2.83333 166056
2.83572 166068
2.83811 166080
2.8405 166092
2.84289 166104
2.84528 166116
2.84767 166128
2.85006 166140
2.85245 166152
2.85484 166164
2.85723 166176
2.85962 166188
2.86201 166200
2.86441 166212
2.8668 166224
2.86919 166236
2.87158 166248
2.87397 166260
2.87636 166272
2.87875 166284
2.88114 166296
2.88353 166308
2.88592 166320
2.88831 166332
2.8907 166344
2.89309 166356
2.89548 166368
2.89787 166380
2.90026 166392
2.90265 166404
2.90504 166416
2.90743 166428
2.90982 166440
2.91221 166452
2.9146 166464
2.91699 166476
2.91938 166488
2.92177 166500
2.92417 166512
2.92656 166524
2.92895 166536
2.93134 166548
2.93373 166560
2.93612 166572
2.93851 166584
2.9409 166596
2.94329 166608
2.94568 166620
2.94807 166632
2.95046 166644
2.95285 166656
2.95524 166668
2.95763 166680
2.96002 166692
2.96241 166704
2.9648 166716
2.96719 166728
2.96958 166740
2.97197 166752
2.97436 166764
2.97675 166776
2.97914 166788
2.98153 166800
2.98393 166812
2.98632 166824
2.98871 166836
2.9911 166848
2.99349 166860
2.99588 166872
2.99827 166884
3.00066 166896
3.00305 166908
3.00544 166920
3.00783 166932
3.01022 166944
3.01261 166956
3.015 166968
3.01739 166980
3.01978 166992
3.02217 167004
3.02456 167016
3.02695 167028
3.02934 167040
3.03173 167052
3.03412 167064
3.03651 167076
3.0389 167088
3.04129 167100
3.04369 167112
3.04608 167124
3.04847 167136
3.05086 167148
3.05325 167160
3.05564 167172
3.05803 167184
3.06042 167196
3.06281 167208
3.0652 167220
3.06759 167232
3.06998 167244
3.07237 167256
3.07476 167268
3.07715 167280
3.07954 167292
3.08193 167304
3.08432 167316
3.08671 167328
3.0891 167340
3.09149 167352
3.09388 167364
3.09627 167376
3.09866 167388
3.10105 167400
3.10344 167412
3.10584 167424
3.10823 167436
3.11062 167448
3.11301 167460
3.1154 167472
3.11779 167484
3.12018 167496
3.12257 167508
3.12496 167520
3.12735 167532
3.12974 167544
3.13213 167556
3.13452 167568
3.13691 167580
3.1393 167592
3.14169 167604
3.14408 167616
3.14647 167628
3.14886 167640
3.15125 167652
3.15364 167664
3.15603 167676
3.15842 167688
3.16081 167700
3.1632 167712
3.1656 167724
3.16799 167736
3.17038 167748
3.17277 167760
3.17516 167772
3.17755 167784
3.17994 167796
3.18233 167808
3.18472 167820
3.18711 167832
3.1895 167844
3.19189 167856
3.19428 167868
3.19667 167880
3.19906 167892
3.20145 167904
3.20384 167916
3.20623 167928
3.20862 167940
3.21101 167952
3.2134 167964
3.21579 167976
3.21818 167988
3.22057 168000
3.22296 168012
3.22536 168024
3.22775 168036
3.23014 168048
3.23253 168060
3.23492 168072
3.23731 168084
3.2397 168096
3.24209 168108
3.24448 168120
3.24687 168132
3.24926 168144
3.25165 168156
3.25404 168168
3.25643 168180
3.25882 168192
3.26121 168204
3.2636 168216
3.26599 168228
3.26838 168240
3.27077 168252
3.27316 168264
3.27555 168276
3.27794 168288
3.28033 168300
3.28272 168312
3.28512 168324
3.28751 168336
3.2899 168348
3.29229 168360
3.29468 168372
3.29707 168384
3.29946 168396
3.30185 168408
3.30424 168420
3.30663 168432
3.30902 168444
3.31141 168456
3.3138 168468
3.31619 168480
3.31858 168492
3.32097 168504
3.32336 168516
3.32575 168528
3.32814 168540
3.33053 168552
3.33292 168564
3.33531 168576
3.3377 168588
3.34009 168600
3.34248 168612
3.34488 168624
3.34727 168636
3.34966 168648
3.35205 168660
3.35444 168672
3.35683 168684
3.35922 168696
3.36161 168708
3.364 168720
3.36639 168732
3.36878 168744
3.37117 168756
3.37356 168768
3.37595 168780
3.37834 168792
3.38073 168804
3.38312 168816
3.38551 168828
3.3879 168840
3.39029 168852
3.39268 168864
3.39507 168876
3.39746 168888
3.39985 168900
3.40224 168912
3.40464 168924
3.40703 168936
3.40942 168948
3.41181 168960
3.4142 168972
3.41659 168984
3.41898 168996
3.42137 169008
3.42376 169020
3.42615 169032
3.42854 169044
3.43093 169056
3.43332 169068
3.43571 169080
3.4381 169092
3.44049 169104
3.44288 169116
3.44527 169128
3.44766 169140
3.45005 169152
3.45244 169164
3.45483 169176
3.45722 169188
3.45961 169200
3.462 169212
3.4644 169224
3.46679 169236
3.46918 169248
3.47157 169260
3.47396 169272
3.47635 169284
3.47874 169296
3.48113 169308
3.48352 169320
3.48591 169332
3.4883 169344
3.49069 169356
3.49308 169368
3.49547 169380
3.49786 169392
3.50025 169404
3.50264 169416
3.50503 169428
3.50742 169440
3.50981 169452
3.5122 169464
3.51459 169476
3.51698 169488
3.51937 169500
3.52176 169512
3.52416 169524
3.52655 169536
3.52894 169548
3.53133 169560
3.53372 169572
3.53611 169584
3.5385 169596
3.54089 169608
3.54328 169620
3.54567 169632
3.54806 169644
3.55045 169656
3.55284 169668
3.55523 169680
3.55762 169692
3.56001 169704
3.5624 169716
3.56479 169728
3.56718 169740
3.56957 169752
3.57196 169764
3.57435 169776
3.57674 169788
3.57913 169800
3.58152 169812
3.58391 169824
3.58631 169836
3.5887 169848
3.59109 169860
3.59348 169872
3.59587 169884
3.59826 169896
3.60065 169908
3.60304 169920
3.60543 169932
3.60782 169944
3.61021 169956
3.6126 169968
3.61499 169980
3.61738 169992
3.61977 170004
3.62216 170016
3.62455 170028
3.62694 170040
3.62933 170052
3.63172 170064
3.63411 170076
3.6365 170088
3.63889 170100
3.64128 170112
3.64367 170124
3.64607 170136
3.64846 170148
3.65085 170160
3.65324 170172
3.65563 170184
3.65802 170196
3.66041 170208
3.6628 170220
3.66519 170232
3.66758 170244
3.66997 170256
3.67236 170268
3.67475 170280
3.67714 170292
3.67953 170304
3.68192 170316
3.68431 170328
3.6867 170340
3.68909 170352
3.69148 170364
3.69387 170376
3.69626 170388
3.69865 170400
3.70104 170412
3.70343 170424
3.70583 170436
3.70822 170448
3.71061 170460
3.713 170472
3.71539 170484
3.71778 170496
3.72017 170508
3.72256 170520
3.72495 170532
3.72734 170544
3.72973 170556
3.73212 170568
3.73451 170580
3.7369 170592
3.73929 170604
3.74168 170616
3.74407 170628
3.74646 170640
3.74885 170652
3.75124 170664
3.75363 170676
3.75602 170688
3.75841 170700
3.7608 170712
3.76319 170724
3.76559 170736
3.76798 170748
3.77037 170760
3.77276 170772
3.77515 170784
3.77754 170796
3.77993 170808
3.78232 170820
3.78471 170832
3.7871 170844
3.78949 170856
3.79188 170868
3.79427 170880
3.79666 170892
3.79905 170904
3.80144 170916
3.80383 170928
3.80622 170940
3.80861 170952
3.811 170964
3.81339 170976
3.81578 170988
3.81817 171000
3.82056 171012
3.82295 171024
3.82535 171036
3.82774 171048
3.83013 171060
3.83252 171072
3.83491 171084
3.8373 171096
3.83969 171108
3.84208 171120
3.84447 171132
3.84686 171144
3.84925 171156
3.85164 171168
3.85403 171180
3.85642 171192
3.85881 171204
3.8612 171216
3.86359 171228
3.86598 171240
3.86837 171252
3.87076 171264
3.87315 171276
3.87554 171288
3.87793 171300
3.88032 171312
3.88271 171324
3.88511 171336
3.8875 171348
3.88989 171360
3.89228 171372
3.89467 171384
3.89706 171396
3.89945 171408
3.90184 171420
3.90423 171432
3.90662 171444
3.90901 171456
3.9114 171468
3.91379 171480
3.91618 171492
3.91857 171504
3.92096 171516
3.92335 171528
3.92574 171540
3.92813 171552
3.93052 171564
3.93291 171576
3.9353 171588
3.93769 171600
3.94008 171612
3.94247 171624
3.94487 171636
3.94726 171648
3.94965 171660
3.95204 171672
3.95443 171684
3.95682 171696
3.95921 171708
3.9616 171720
3.96399 171732
3.96638 171744
3.96877 171756
3.97116 171768
3.97355 171780
3.97594 171792
3.97833 171804
3.98072 171816
3.98311 171828
3.9855 171840
3.98789 171852
3.99028 171864
3.99267 171876
3.99506 171888
3.99745 171900
3.99984 171912
4.00223 171924
4.00463 171936
4.00702 171948
4.00941 171960
4.01419 171972
4.01658 171984
4.01897 171996
4.02136 172008
4.02375 172020
4.02614 172032
4.02853 172044
4.03092 172056
4.03331 172068
4.0357 172080
4.03809 172092
4.04048 172104
4.04287 172116
4.04526 172128
4.04765 172140
4.05004 172152
4.05243 172164
4.05482 172176
4.05721 172188
4.0596 172200
4.06199 172212
4.06438 172224
4.06678 172236
4.06917 172248
4.07156 172260
4.07395 172272
4.07634 172284
4.07873 172296
4.08112 172308
4.08351 172320
4.0859 172332
4.08829 172344
4.09068 172356
4.09307 172368
4.09546 172380
4.09785 172392
4.10024 172404
4.10263 172416
4.10502 172428
4.10741 172440
4.1098 172452
4.11219 172464
4.11458 172476
4.11697 172488
4.11936 172500
4.12175 172512
4.12414 172524
4.12654 172536
4.12893 172548
4.13132 172560
4.13371 172572
4.1361 172584
4.13849 172596
4.14088 172608
4.14327 172620
4.14566 172632
4.14805 172644
4.15044 172656
4.15283 172668
4.15522 172680
4.15761 172692
4.16 172704
4.16239 172716
4.16478 172728
4.16717 172740
4.16956 172752
4.17195 172764
4.17434 172776
4.17673 172788
4.17912 172800
4.18151 172812
4.1839 172823
4.1863 172834
4.18869 172845
4.19108 172856
4.19347 172867
4.19586 172878
4.19825 172889
4.20064 172900
4.20303 172911
4.20542 172922
4.20781 172933
4.2102 172944
4.21259 172955
4.21498 172966
4.21737 172977
4.21976 172988
4.22215 172999
4.22454 173010
4.22693 173021
4.22932 173032
4.23171 173043
4.2341 173054
4.23649 173065
4.23888 173076
4.24127 173087
4.24366 173098
4.24606 173109
4.24845 173120
4.25084 173131
4.25323 173142
4.25562 173153
4.25801 173164
4.2604 173175
4.26279 173186
4.26518 173197
4.26757 173208
4.26996 173219
4.27235 173230
4.27474 173241
4.27713 173252
4.27952 173263
4.28191 173274
4.2843 173285
4.28669 173296
4.28908 173307
4.29147 173318
4.29386 173329
4.29625 173340
4.29864 173351
4.30103 173362
4.30342 173373
4.30582 173384
4.30821 173395
4.3106 173406
4.31299 173417
4.31538 173428
4.31777 173439
4.32016 173450
4.32255 173461
4.32494 173472
4.32733 173483
4.32972 173494
4.33211 173505
4.3345 173516
4.33689 173527
4.33928 173538
4.34167 173549
4.34406 173560
4.34645 173571
4.34884 173582
4.35123 173593
4.35362 173604
4.35601 173615
4.3584 173626
4.36079 173637
4.36318 173648
4.36558 173659
4.36797 173670
4.37036 173681
4.37275 173692
4.37514 173703
4.37753 173714
4.37992 173725
4.38231 173736
4.3847 173747
4.38709 173758
4.38948 173769
4.39187 173780
4.39426 173791
4.39665 173802
4.39904 173813
4.40143 173824
4.40382 173835
4.40621 173846
4.4086 173857
4.41099 173868
4.41338 173879
4.41577 173890
4.41816 173901
4.42055 173912
4.42294 173923
4.42534 173934
4.42773 173945
4.43012 173956
4.43251 173967
4.4349 173978
4.43729 173989
4.43968 174000
4.44207 174011
4.44446 174022
4.44685 174033
4.44924 174044
4.45163 174055
4.45402 174066
4.45641 174077
4.4588 174088
4.46119 174099
4.46358 174110
4.46597 174121
4.46836 174132
4.47075 174143
4.47314 174154
4.47553 174165
4.47792 174176
4.48031 174187
4.4827 174198
4.4851 174209
4.48749 174220
4.48988 174231
4.49227 174242
4.49466 174253
4.49705 174264
4.49944 174275
4.50183 174286
4.50422 174297
4.50661 174308
4.509 174319
4.51139 174330
4.51378 174341
4.51617 174352
4.51856 174363
4.52095 174374
4.52334 174385
4.52573 174396
4.52812 174407
4.53051 174418
4.5329 174429
4.53529 174440
4.53768 174451
4.54007 174462
4.54246 174473
4.54485 174484
4.54725 174495
4.54964 174506
4.55203 174517
4.55442 174528
4.55681 174539
4.5592 174550
4.56159 174561
4.56398 174572
4.56637 174583
4.56876 174594
4.57115 174605
4.57354 174616
4.57593 174627
4.57832 174638
4.58071 174649
4.5831 174660
4.58549 174671
4.58788 174682
4.59027 174693
4.59266 174704
4.59505 174715
4.59744 174726
4.59983 174737
4.60222 174748
4.60461 174759
4.60701 174770
4.6094 174781
4.61179 174792
4.61418 174803
4.61657 174814
4.61896 174825
4.62135 174836
4.62374 174847
4.62613 174858
4.62852 174869
4.63091 174880
4.6333 174891
4.63569 174902
4.63808 174913
4.64047 174924
4.64286 174935
4.64525 174946
4.64764 174957
4.65003 174968
4.65242 174979
4.65481 174990
4.6572 175001
4.65959 175012
4.66198 175023
4.66437 175034
4.66677 175045
4.66916 175056
4.67155 175067
4.67394 175078
4.67633 175089
4.67872 175100
4.68111 175111
4.6835 175122
4.68589 175133
4.68828 175144
4.69067 175155
4.69306 175166
4.69545 175177
4.69784 175188
4.70023 175199
4.70262 175210
4.70501 175221
4.7074 175232
4.70979 175243
4.71218 175254
4.71457 175265
4.71696 175276
4.71935 175287
4.72174 175298
4.72413 175309
4.72653 175320
4.72892 175331
4.73131 175342
4.7337 175353
4.73609 175364
4.73848 175375
4.74087 175386
4.74326 175397
4.74565 175408
4.74804 175419
4.75043 175430
4.75282 175441
4.75521 175452
4.7576 175463
4.75999 175474
4.76238 175485
4.76477 175496
4.76716 175507
4.76955 175518
4.77194 175529
4.77433 175540
4.77672 175551
4.77911 175562
4.7815 175573
4.78389 175584
4.78629 175595
4.78868 175606
4.79107 175617
4.79346 175628
4.79585 175639
4.79824 175650
4.80063 175661
4.80302 175672
4.80541 175683
4.8078 175694
4.81019 175705
4.81258 175716
4.81497 175727
4.81736 175738
4.81975 175749
4.82214 175760
4.82453 175771
4.82692 175782
4.82931 175793
4.8317 175804
4.83409 175815
4.83648 175826
4.83887 175837
4.84126 175848
4.84365 175859
4.84605 175870
4.84844 175881
4.85083 175892
4.85322 175903
4.85561 175914
4.858 175925
4.86039 175936
4.86278 175947
4.86517 175958
4.86756 175969
4.86995 175980
4.87234 175991
4.87473 176002
4.87712 176013
4.87951 176024
4.8819 176035
4.88429 176046
4.88668 176057
4.88907 176068
4.89146 176079
4.89385 176090
4.89624 176101
4.89863 176112
4.90102 176123
4.90341 176134
4.90581 176145
4.9082 176156
4.91059 176167
4.91298 176178
4.91537 176189
4.91776 176200
4.92015 176211
4.92254 176222
4.92493 176233
4.92732 176244
4.92971 176255
4.9321 176266
4.93449 176277
4.93688 176288
4.93927 176299
4.94166 176310
4.94405 176321
4.94644 176332
4.94883 176343
4.95122 176354
4.95361 176365
4.956 176376
4.95839 176387
4.96078 176398
4.96317 176409
4.96557 176420
4.96796 176431
4.97035 176442
4.97274 176453
4.97513 176464
4.97752 176475
4.97991 176486
4.9823 176497
4.98469 176508
4.98708 176519
4.98947 176530
4.99186 176541
4.99425 176552
4.99664 176563
4.99903 176574
5.00142 176585
5.00381 176596
5.0062 176607
5.00859 176618
5.01098 176629
5.01337 176640
5.01576 176651
5.01815 176662
5.02054 176673
5.02293 176684
5.02532 176695
5.02772 176706
5.03011 176717
5.0325 176728
5.03489 176739
5.03728 176750
5.03967 176761
5.04206 176772
5.04445 176783
5.04684 176794
5.04923 176805
5.05162 176816
5.05401 176827
5.0564 176838
5.05879 176849
5.06118 176860
5.06357 176871
5.06596 176882
5.06835 176893
5.07074 176904
5.07313 176915
5.07552 176926
5.07791 176937
5.0803 176948
5.08269 176959
5.08508 176970
5.08748 176981
5.08987 176992
5.09226 177003
5.09465 177014
5.09704 177025
5.09943 177036
5.10182 177047
5.10421 177058
5.1066 177069
5.10899 177080
5.11138 177091
5.11377 177102
5.11616 177113
5.11855 177124
5.12094 177135
5.12333 177146
5.12572 177157
5.12811 177168
5.1305 177179
5.13289 177190
5.13528 177201
5.13767 177212
5.14006 177223
5.14245 177234
5.14484 177245
5.14724 177256
5.14963 177267
5.15202 177278
5.15441 177289
5.1568 177300
5.15919 177311
5.16158 177322
5.16397 177333
5.16636 177344
5.16875 177355
5.17114 177366
5.17353 177377
5.17592 177388
5.17831 177399
5.1807 177410
5.18309 177421
5.18548 177432
5.18787 177443
5.19026 177454
5.19265 177465
5.19504 177476
5.19743 177487
5.19982 177498
5.20221 177509
5.2046 177520
5.207 177531
5.20939 177542
5.21178 177553
5.21417 177564
5.21656 177575
5.22102 87120
5.39056 87143
5.39295 87166
5.39534 87189
5.39773 87212
5.40012 87235
5.40251 87258
5.4049 87281
5.40741 87304
5.4098 87327
5.41219 87350
5.41458 87373
5.41697 87396
5.41936 87419
5.42175 87442
5.42414 87465
5.42653 87488
5.42892 87511
5.43132 87534
5.43371 87557
5.4361 87580
5.43849 87603
5.44088 87626
5.44327 87649
5.44566 87672
5.44805 87695
5.45044 87718
5.45283 87741
5.45522 87764
5.45761 87787
5.46 87810
5.48466 87833
5.48705 87856
5.48944 87879
5.49183 87902
5.49422 87925
5.49661 87948
5.499 87971
5.5015 87994
5.50389 88017
5.50628 88040
5.50867 88063
5.51106 88086
5.51345 88109
5.51584 88132
5.51823 88155
5.52062 88178
5.52314 88201
5.52553 88224
5.52792 88247
5.53031 88270
5.5327 88293
5.53509 88316
5.53748 88339
5.54 88362
5.54239 88385
5.54478 88408
5.54717 88431
5.54956 88454
5.55195 88477
5.55434 88500
5.579 88523
5.58139 88546
5.58378 88569
5.58617 88592
5.58856 88615
5.59095 88638
5.59334 88661
5.59573 88684
5.59812 88707
5.60051 88730
5.6029 88753
5.60529 88776
5.60768 88799
5.61007 88822
5.61246 88845
5.61485 88868
5.61724 88891
5.61963 88914
5.62217 88937
5.62456 88960
5.62695 88983
5.62934 89006
5.63173 89029
5.63412 89052
5.63651 89075
5.6389 89098
5.64129 89121
5.64368 89144
5.64607 89167
5.64846 89190
5.67189 89213
5.67428 89236
5.67696 89259
5.67935 89282
5.68174 89305
5.68413 89328
5.68652 89351
5.68906 89374
5.69145 89397
5.69384 89420
5.69623 89443
5.69862 89466
5.70101 89489
5.7034 89512
5.70579 89535
5.70818 89558
5.71057 89581
5.71296 89604
5.71535 89627
5.71774 89650
5.72013 89673
5.72252 89696
5.72492 89719
5.72731 89742
5.7297 89765
5.73209 89788
5.73448 89811
5.73687 89834
5.73926 89857
5.74165 89880
5.76511 89903
5.7675 89926
5.76989 89949
5.77228 89972
5.77467 89995
5.77706 90018
5.77967 90041
5.78206 90064
5.78445 90087
5.78684 90110
5.78923 90133
5.79162 90156
5.79401 90179
5.7964 90201
5.79879 90223
5.80118 90245
5.80357 90267
5.80596 90289
5.80835 90311
5.81074 90333
5.81313 90355
5.81552 90377
5.81791 90399
5.8203 90421
5.82284 90443
5.82523 90465
5.82762 90487
5.83001 90509
5.8324 90531
5.83479 90553
5.83718 90575
5.8592 90597
5.86159 90619
5.86398 90641
5.86637 90663
5.86876 90685
5.87115 90707
5.87375 90729
5.87614 90751
5.87883 90773
5.88122 90795
5.88361 90817
5.886 90839
5.88839 90861
5.89078 90883
5.89317 90905
5.89556 90927
5.89795 90949
5.90034 90971
5.90273 90993
5.90512 91015
5.90751 91037
5.9099 91059
5.91229 91081
5.91468 91103
5.91707 91125
5.91946 91147
5.92185 91169
5.92424 91191
5.92663 91213
5.92902 91235
5.93141 91257
5.95328 91279
5.95567 91301
5.95806 91323
5.96045 91345
5.96284 91367
5.96523 91389
5.96817 91411
5.97056 91433
5.97295 91455
5.97534 91477
5.97773 91499
5.98012 91521
5.98251 91543
5.9849 91565
5.98729 91587
5.98968 91609
5.99208 91631
5.99447 91653
5.99686 91675
5.99925 91697
6.00164 91719
6.00403 91741
6.00642 91763
6.00881 91785
6.0112 91807
6.01359 91829
6.01598 91851
6.01837 91873
6.02076 91895
6.02315 91917
6.02554 91939
6.04617 91961
6.04856 91983
6.05106 92005
6.05345 92027
6.05584 92049
6.05823 92071
6.06106 92093
6.06345 92115
6.06584 92137
6.06823 92159
6.07183 92181
6.07422 44640
6.20799 44686
6.21038 44732
6.21283 44778
6.23316 44824
6.23555 44870
6.23805 44916
6.24044 44962
6.24283 45008
6.24522 45054
6.24805 45100
6.25073 45145
6.25313 45190
6.25552 45235
6.2591 45280
6.26149 45325
6.30125 45370
6.30364 45415
6.30603 45460
6.32605 45505
6.32844 45550
6.33094 45595
6.3334 45640
6.33579 45685
6.33818 45730
6.34094 45775
6.34362 45820
6.34601 45865
6.34841 45910
6.35199 45955
6.35438 46000
6.39413 46045
6.39653 46090
6.39892 46134
6.41894 46178
6.42133 46222
6.42383 46266
6.42629 46310
6.42868 46354
6.43107 46398
6.43402 46442
6.43681 46486
6.4392 46530
6.44159 46574
6.44488 46618
6.44727 46662
6.48702 46706
6.48941 46750
6.49191 46794
6.49437 46838
6.51302 46882
6.51541 46926
6.51791 46970
6.52037 47014
6.52296 47058
6.52535 47102
6.5281 47146
6.53089 47189
6.53328 47232
6.53567 47275
6.53897 47318
6.54136 47361
6.58118 47404
6.58357 47447
6.586 47490
6.58865 47533
6.60711 47576
6.6095 47619
6.612 47662
6.61446 47705
6.61704 47748
6.61943 47791
6.62248 47834
6.62498 47877
6.62737 47920
6.62976 47963
6.63333 48006
6.63572 48049
6.67527 48092
6.67766 48135
6.68008 48178
6.68273 48221
6.70026 48264
6.70265 48306
6.70516 48348
6.70757 48390
6.70996 48432
6.71235 48474
6.71537 48516
6.71787 48558
6.72026 48600
6.72265 48642
6.72622 48684
6.72861 48726
6.76835 48768
6.77074 48810
6.77325 48852
6.77565 48894
6.79315 48936
6.79554 48978
6.79805 49020
6.80046 49062
6.80285 49104
6.80524 49146
6.80826 49188
6.81076 49230
6.81315 49272
6.81554 49314
6.81911 49356
6.8215 49398
6.86124 49439
6.86363 49480
6.86614 49521
6.86854 49562
6.88604 49603
6.88843 49644
6.89084 49685
6.89333 49726
6.89572 49767
6.89811 49808
6.9005 49849
6.90289 49890
6.90529 49931
6.90768 49972
6.91007 50013
6.9132 50054
6.91559 50095
6.95532 50136
6.95771 50177
6.96022 50218
6.96263 50259
6.98014 50300
6.98253 50341
6.98492 50382
6.98742 50423
6.98981 50464
6.9922 50505
6.99477 50546
6.99716 50587
6.99955 50627
7.00194 50667
7.00433 50707
7.00728 50747
7.00967 50787
7.04944 50827
7.05183 50867
7.05431 50907
7.05671 50947
7.07423 50987
7.07662 51027
7.07901 51067
7.0815 51107
7.08389 51147
7.08628 51187
7.08867 51227
7.09109 51267
7.09348 51307
7.09599 51347
7.0984 51387
7.10079 51427
7.10318 51467
7.14233 51507
7.14472 51547
7.1472 51587
7.1496 51627
7.16728 51667
7.16967 51707
7.17206 51747
7.17445 51787
7.17684 51827
7.17923 51867
7.18162 51906
7.18401 51945
7.1864 51984
7.18921 52023
7.1916 52062
7.19399 52101
7.19638 52140
7.23537 52179
7.23776 52218
7.24015 52257
7.24254 52296
7.26017 52335
7.26256 52374
7.26525 52413
7.26764 52452
7.27003 52491
7.27242 52530
7.27481 52569
7.2772 52608
7.27959 52647
7.28207 52686
7.28446 52725
7.28685 52764
7.28924 52803
7.29163 52842
7.32945 52881
7.33213 52920
7.33453 52959
7.33692 52998
7.35425 53037
7.35665 53076
7.35933 53115
7.36172 53154
7.36423 53193
7.36674 53231
7.36914 53269
7.37153 53307
7.37393 53345
7.37632 53383
7.37871 53421
7.3811 53459
7.38349 53497
7.38588 53535
7.42353 53573
7.42622 53611
7.42861 53649
7.43112 53687
7.44834 53725
7.45073 53763
7.45356 53801
7.45595 53839
7.45834 53877
7.46082 53915
7.46323 53953
7.46562 53991
7.4683 54029
7.47069 54067
7.47309 54105
7.47548 54143
7.47787 54181
7.48026 54219
7.51642 54257
7.51911 54295
7.5215 54333
7.52439 54371
7.54123 54409
7.54362 54447
7.54645 54485
7.54884 54523
7.55123 54561
7.55371 54599
7.55612 54636
7.55851 54673
7.56119 54710
7.56358 54747
7.56597 54784
7.56848 54821
7.57099 54858
7.5734 54895
7.60931 54932
7.612 54969
7.61439 55006
7.61728 55043
7.63418 55080
7.63669 55117
7.63934 55154
7.64173 55191
7.64412 55228
7.6466 55265
7.64901 55302
7.6514 55339
7.65408 55376
7.65647 55413
7.65897 55450
7.66136 55487
7.66375 55524
7.66614 55561
7.66853 55598
7.70358 55635
7.70608 55672
7.70862 55709
7.71137 55746
7.72826 55783
7.73077 55820
7.73383 55857
7.73622 55894
7.73861 55931
7.741 55968
7.74339 56005
7.74578 56042
7.74817 56079
7.75056 56115
7.75305 56151
7.75549 56187
7.75788 56223
7.76027 56259
7.76266 56295
7.79766 56331
7.80017 56367
7.80271 56403
7.80545 56439
7.82235 56475
7.82486 56511
7.82791 56547
7.8303 56583
7.83269 56619
7.83508 56655
7.83747 56691
7.83988 56727
7.84242 56763
7.84481 56799
7.8472 56835
7.84994 56871
7.85233 56907
7.85472 56943
7.85714 56979
7.89055 57015
7.89306 57051
7.8956 57087
7.89834 57123
7.91524 57159
7.91775 57195
7.92083 57231
7.92322 57267
7.92561 57303
7.928 57339
7.93039 57375
7.93278 57411
7.93531 57447
7.9377 57483
7.94009 57519
7.94283 57555
7.94522 57591
7.94761 57627
7.95003 57662
7.98344 57697
7.98595 57732
7.98849 57767
7.99141 57802
8.00816 57837
8.01064 57872
8.01372 57907
8.01611 57942
8.0185 57977
8.02089 58012
8.02328 58047
8.02567 58082
8.0282 58117
8.03059 58152
8.03298 58187
8.03572 58222
8.03811 58257
8.04053 58292
8.04294 58327
8.04548 58362
8.07753 58397
8.08003 58432
8.0826 58467
8.08549 58502
8.10224 58537
8.10472 58572
8.1078 58607
8.11019 58642
8.11258 58677
8.11498 58712
8.11737 58747
8.11976 58782
8.12228 58817
8.12469 58852
8.12708 58887
8.12981 58922
8.1322 58957
8.13462 58992
8.13702 59027
8.13982 59062
8.17161 59097
8.17412 59132
8.17669 59167
8.17987 59202
8.19633 59237
8.19881 59272
8.20227 59306
8.20466 59340
8.20705 59374
8.20944 59408
8.21183 59442
8.21422 59476
8.21662 59510
8.21901 59544
8.2214 59578
8.22389 59612
8.22628 59646
8.2287 59680
8.23111 59714
8.23391 59748
8.26469 59782
8.26708 59816
8.26958 59850
8.27306 59884
8.28922 59918
8.2917 59952
8.29516 59986
8.29755 60020
8.30018 60054
8.30257 60088
8.30496 60122
8.30735 60156
8.30974 60190
8.31213 60224
8.31452 60258
8.31713 60292
8.31952 60326
8.32191 60360
8.3243 60394
8.32709 60428
8.35758 60462
8.35997 60496
8.36246 60530
8.36595 60564
8.38211 60598
8.38459 60632
8.38805 60666
8.39044 60700
8.39307 60734
8.39546 60768
8.39785 60802
8.40024 60836
8.40276 60870
8.40515 60904
8.40754 60938
8.41002 60972
8.41241 61006
8.4148 61039
8.41719 61072
8.41998 61105
8.45047 61138
8.45286 61171
8.45525 61204
8.45764 61237
8.46003 61270
8.47619 61303
8.47867 61336
8.48249 61369
8.48488 61402
8.48754 61435
8.48993 61468
8.49232 61501
8.49471 61534
8.4971 61567
8.49949 61600
8.50188 61633
8.50427 61666
8.50666 61699
8.50905 61732
8.51144 61765
8.51407 61798
8.54455 61831
8.54694 61864
8.54938 61897
8.55177 61930
8.55443 61963
8.57051 61996
8.57308 62029
8.57666 62062
8.57909 62095
8.58175 62128
8.58414 62161
8.58654 62194
8.58893 62227
8.59132 62260
8.59371 62293
8.5961 62326
8.59849 62359
8.60088 62392
8.60343 62425
8.60582 62458
8.60821 62491
8.63864 62524
8.64116 62557
8.64355 62590
8.64594 62623
8.64837 62656
8.6634 62689
8.66628 62722
8.66986 62755
8.67225 62788
8.67464 62821
8.67703 62854
8.67942 62886
8.68182 62918
8.68435 62950
8.68674 62982
8.68914 63014
8.69153 63046
8.69392 63078
8.69632 63110
8.69871 63142
8.7011 63174
8.73153 63206
8.73405 63238
8.73644 63270
8.73883 63302
8.74125 63334
8.75667 63366
8.75917 63398
8.76275 63430
8.76514 63462
8.76753 63494
8.76992 63526
8.77237 63558
8.77494 63590
8.77733 63622
8.77972 63654
8.78214 63686
8.78453 63718
8.78693 63750
8.78932 63782
8.79171 63814
8.7941 63846
8.82442 63878
8.82694 63910
8.82933 63942
8.83172 63974
8.83414 64006
8.84983 64038
8.85222 64070
8.85461 64102
8.857 64134
8.85939 64166
8.86178 64198
8.86417 64230
8.86656 64262
8.86903 64294
8.87142 64326
8.87381 64358
8.87623 64390
8.87862 64422
8.88101 64454
8.8834 64486
8.88579 64518
8.88818 64550
8.91871 64582
8.92138 64614
8.92377 64646
8.92618 64678
8.92857 64710
8.94392 64742
8.94631 64774
8.9487 64806
8.95109 64837
8.95348 64868
8.95587 64899
8.95826 64930
8.96065 64961
8.96311 64992
8.9655 65023
8.96789 65054
8.97031 65085
8.9727 65116
8.97543 65147
8.97782 65178
8.98021 65209
8.9826 65240
9.0128 65271
9.01547 65302
9.01786 65333
9.02026 65364
9.02265 65395
9.038 65426
9.04039 65457
9.04278 65488
9.04517 65519
9.04756 65550
9.04995 65581
9.05234 65612
9.05473 65643
9.05712 65674
9.05951 65705
9.0619 65736
9.06429 65767
9.06673 65798
9.0693 65829
9.07169 65860
9.07408 65891
9.0765 65922
9.10569 65953
9.10836 65984
9.11075 66015
9.11315 66046
9.11554 66077
9.13118 66108
9.13357 66139
9.13601 66170
9.1384 66201
9.14079 66232
9.14318 66263
9.14557 66294
9.14796 66325
9.15035 66356
9.15274 66387
9.15513 66418
9.15752 66449
9.15991 66480
9.1623 66511
9.16469 66542
9.16708 66573
9.16947 66604
9.19887 66635
9.20126 66666
9.20365 66697
9.20846 31680
9.34462 31745
9.34739 31810
9.34978 31875
9.35217 31940
9.35456 32004
9.35695 32068
9.38466 32132
9.38706 32196
9.38945 32260
9.39186 32324
9.39425 32388
9.4387 32452
9.44148 32515
9.44387 32578
9.44626 32641
9.44865 32704
9.45104 32767
9.47904 32830
9.48157 32893
9.48396 32956
9.48635 33018
9.48874 33080
9.53279 33142
9.53556 33204
9.53795 33266
9.54034 33328
9.54273 33390
9.54512 33452
9.57316 33513
9.57565 33574
9.57804 33635
9.58043 33696
9.58282 33757
9.6269 33818
9.62929 33879
9.63168 33940
9.63407 34001
9.63646 34061
9.63885 34121
9.66605 34181
9.66854 34241
9.67093 34301
9.67332 34361
9.67571 34421
9.71979 34481
9.72218 34541
9.72457 34601
9.72708 34660
9.72947 34719
9.73186 34778
9.75894 34837
9.76143 34896
9.76382 34955
9.76621 35014
9.7686 35073
9.81268 35132
9.81507 35191
9.81746 35249
9.81985 35307
9.82224 35365
9.82463 35423
9.82702 35481
9.85302 35539
9.85584 35597
9.85823 35655
9.86063 35713
9.86302 35771
9.90676 35828
9.90916 35885
9.91155 35942
9.91394 35999
9.91633 36056
9.91872 36113
9.92111 36170
9.94711 36227
9.94993 36284
9.95232 36341
9.95471 36398
9.95723 36454
10.0008 36510
10.0032 36566
10.0056 36622
10.008 36678
10.0104 36734
10.0128 36790
10.0152 36846
10.04 36902
10.0428 36958
10.0452 37014
10.0476 37070
10.0501 37125
10.0937 37180
10.0961 37235
10.0985 37290
10.1009 37345
10.1033 37400
10.1057 37455
10.1081 37510
10.1329 37565
10.1357 37620
10.1381 37675
10.1405 37730
10.143 37784
10.1866 37838
10.189 37892
10.1914 37946
10.1938 38000
10.1962 38054
10.1986 38108
10.201 38162
10.2034 38216
10.2272 38270
10.2299 38324
10.2323 38378
10.2347 38432
10.2371 38485
10.2807 38538
10.2831 38591
10.2855 38644
10.2879 38697
10.2903 38750
10.2927 38803
10.2953 38856
10.2977 38909
10.3213 38962
10.324 39015
10.3264 39068
10.3288 39121
10.3312 39174
10.3748 39226
10.3772 39278
10.3796 39330
10.382 39382
10.3844 39434
10.3868 39486
10.3893 39538
10.3917 39590
10.4142 39642
10.4169 39694
10.4193 39746
10.4217 39798
10.4241 39850
10.4677 39902
10.4701 39953
10.4725 40004
10.4749 40055
10.4772 40106
10.4796 40157
10.4822 40208
10.4846 40259
10.507 40310
10.5098 40361
10.5122 40412
10.5146 40463
10.517 40514
10.5606 40565
10.563 40616
10.5654 40667
10.5677 40717
10.5701 40767
10.5725 40817
10.5751 40867
10.5775 40917
10.5999 40967
10.6027 41017
10.6051 41067
10.6074 41117
10.6098 41167
10.6122 41217
10.6547 41267
10.6571 41317
10.6594 41367
10.6618 41417
10.6642 41467
10.6666 41517
10.6692 41566
10.6716 41615
10.694 41664
10.6967 41713
10.6991 41762
10.7015 41811
10.7039 41860
10.7063 41909
10.7487 41958
10.7511 42007
10.7535 42056
10.7559 42105
10.7583 42154
10.7607 42203
10.7633 42252
10.7657 42301
10.7881 42350
10.7908 42398
10.7932 42446
10.7956 42494
10.798 42542
10.8004 42590
10.8416 42638
10.844 42686
10.8464 42734
10.8488 42782
10.8512 42830
10.8536 42878
10.8562 42926
10.8586 42974
10.881 43022
10.8837 43070
10.8861 43118
10.8885 43166
10.8909 43214
10.8933 43261
10.9345 43308
10.9369 43355
10.9393 43402
10.9417 43449
10.9441 43496
10.9465 43543
10.9491 43590
10.9515 43637
10.9739 43684
10.9769 43731
10.9793 43778
10.9817 43825
10.9841 43872
10.9865 43919
10.9889 43966
11.0286 44013
11.031 44060
11.0334 44107
11.0358 44154
11.0382 44200
11.0406 44246
11.0432 44292
11.0458 44338
11.068 44384
11.071 44430
11.0734 44476
11.0758 44522
11.0782 44568
11.0806 44614
11.083 44660
11.1227 44706
11.1251 44752
11.1275 44798
11.1299 44844
11.1323 44890
11.1347 44936
11.1375 44982
11.1399 45028
11.1621 45074
11.1651 45120
11.1675 45165
11.1699 45210
11.1723 45255
11.1747 45300
11.177 45345
11.2156 45390
11.218 45435
11.2204 45480
11.2228 45525
11.2252 45570
11.2276 45615
11.2304 45660
11.2328 45705
11.2549 45750
11.258 45795
11.2604 45840
11.2628 45885
11.2652 45930
11.2675 45975
11.2699 46020
11.3085 46065
11.3109 46110
11.3133 46154
11.3158 46198
11.3181 46242
11.3206 46286
11.3233 46330
11.3257 46374
11.3478 46418
11.3509 46462
11.3533 46506
11.3557 46550
11.358 46594
11.3604 46638
11.3628 46682
11.4014 46726
11.4038 46770
11.4061 46814
11.4087 46858
11.411 46902
11.4134 46946
11.4158 46990
11.4182 47034
11.4206 47078
11.4422 47122
11.445 47166
11.4473 47209
11.4497 47252
11.4521 47295
11.4545 47338
11.4569 47381
11.4954 47424
11.4978 47467
11.5004 47510
11.5028 47553
11.5051 47596
11.5075 47639
11.5103 47682
11.5127 47725
11.5151 47768
11.5363 47811
11.539 47854
11.5414 47897
11.5438 47940
11.5462 47983
11.5486 48026
11.551 48069
11.5895 48112
11.5919 48155
11.5945 48198
11.5968 48241
11.5992 48283
11.6016 48325
11.604 48367
11.6067 48409
11.6091 48451
11.6292 48493
11.6319 48535
11.6343 48577
11.6367 48619
11.6391 48661
11.6415 48703
11.6441 48745
11.6825 48787
11.6848 48829
11.6873 48871
11.6897 48913
11.6921 48955
11.6945 48997
11.6969 49039
11.6996 49081
11.702 49123
11.7221 49165
11.7248 49207
11.7272 49249
11.7296 49291
11.732 49333
11.7344 49375
11.737 49416
11.7753 49457
11.7777 49498
11.7802 49539
11.7826 49580
11.785 49621
11.7876 49662
11.79 49703
11.7924 49744
11.7949 49785
11.7973 49826
11.8162 49867
11.8189 49908
11.8213 49949
11.8237 49990
11.8261 50031
11.8285 50072
11.8311 50113
11.8694 50154
11.8718 50195
11.8743 50236
11.8767 50277
11.8791 50318
11.8819 50359
11.8843 50400
11.8867 50441
11.8891 50482
11.8915 50523
11.9103 50564
11.913 50605
11.9154 50645
11.9178 50685
11.9202 50725
11.9226 50765
11.9251 50805
11.9635 50845
11.9659 50885
11.9684 50925
11.9708 50965
11.9734 51005
11.976 51045
11.9784 51085
11.9809 51125
11.9833 51165
11.9857 51205
12.0032 51245
12.006 51285
12.0084 51325
12.0108 51365
12.0132 51405
12.0156 51445
12.018 51485
12.0564 51525
12.0588 51565
12.0613 51605
12.0637 51645
12.0663 51685
12.0689 51725
12.0713 51765
12.0738 51805
12.0762 51845
12.0786 51884
12.0961 51923
12.0989 51962
12.1013 52001
12.1037 52040
12.1061 52079
12.1085 52118
12.1109 52157
12.1493 52196
12.1517 52235
12.1542 52274
12.1566 52313
12.1592 52352
12.1618 52391
12.1642 52430
12.1667 52469
12.1691 52508
12.1715 52547
12.1739 52586
12.1902 52625
12.193 52664
12.1954 52703
12.1978 52742
12.2002 52781
12.2026 52820
12.205 52859
12.2434 52898
12.2458 52937
12.2483 52976
12.2509 53015
12.2533 53054
12.2559 53093
12.2583 53132
12.2608 53171
12.2632 53209
12.2656 53247
12.268 53285
12.2843 53323
12.2871 53361
12.2895 53399
12.2919 53437
12.2942 53475
12.2966 53513
12.2991 53551
12.3375 53589
12.3399 53627
12.3424 53665
12.3449 53703
12.3473 53741
12.3503 53779
12.3527 53817
12.3551 53855
12.3574 53893
12.3598 53931
12.3622 53969
12.3772 54007
12.38 54045
12.3824 54083
12.3847 54121
12.3871 54159
12.3895 54197
12.392 54235
12.4304 54273
12.4327 54311
12.4353 54349
12.4378 54387
12.4402 54425
12.4432 54463
12.4456 54501
12.4479 54539
12.4503 54577
12.4527 54614
12.4551 54651
12.4701 54688
12.4729 54725
12.4752 54762
12.4776 54799
12.48 54836
12.4824 54873
12.4852 54910
12.5232 54947
12.5256 54984
12.5281 55021
12.5307 55058
12.5331 55095
12.5361 55132
12.5384 55169
12.5408 55206
12.5432 55243
12.5456 55280
12.548 55317
12.5629 55354
12.5657 55391
12.5681 55428
12.5705 55465
12.5729 55502
12.5753 55539
12.5777 55576
12.5801 55613
12.6173 55650
12.6198 55687
12.6222 55724
12.6248 55761
12.6272 55798
12.6301 55835
12.6325 55872
12.6349 55909
12.6373 55946
12.6397 55983
12.6421 56020
12.657 56057
12.6598 56093
12.6622 56129
12.6646 56165
12.667 56201
12.6694 56237
12.6718 56273
12.6742 56309
12.7114 56345
12.7139 56381
12.7163 56417
12.7189 56453
12.7213 56489
12.7242 56525
12.7266 56561
12.729 56597
12.7314 56633
12.7338 56669
12.7362 56705
12.7511 56741
12.7539 56777
12.7563 56813
12.7587 56849
12.7611 56885
12.7635 56921
12.7659 56957
12.7684 56993
12.8043 57029
12.8068 57065
12.8092 57101
12.8118 57137
12.8142 57173
12.8183 57209
12.8208 26640
12.953 26717
12.9558 26794
12.9914 26871
12.9938 26948
12.9963 27024
12.9988 27100
13.0012 27176
13.0053 27252
13.0077 27328
13.0471 27403
13.0499 27478
13.0854 27553
13.0879 27628
13.0908 27703
13.0931 27777
13.0955 27851
13.0994 27925
13.1018 27999
13.1412 28073
13.1436 28146
13.1783 28219
13.1808 28292
13.1836 28365
13.186 28438
13.1884 28510
13.1923 28582
13.1947 28654
13.2344 28726
13.2368 28798
13.2712 28870
13.2737 28941
13.2765 29012
13.2789 29083
13.2813 29154
13.2853 29225
13.2877 29295
13.3273 29365
13.3297 29435
13.3641 29505
13.3665 29575
13.3689 29645
13.3713 29714
13.3737 29783
13.3761 29852
13.3794 29921
13.3818 29990
13.4215 30059
13.4239 30127
13.4582 30195
13.4606 30263
13.463 30331
13.4657 30399
13.4681 30467
13.4704 30535
13.4735 30602
13.4759 30669
13.5158 30736
13.5182 30803
13.5523 30870
13.5547 30937
13.5571 31004
13.5594 31070
13.5618 31136
13.5644 31202
13.5668 31268
13.5692 31334
13.6087 31400
13.6111 31466
13.6452 31531
13.6476 31596
13.6499 31661
13.6523 31726
13.6547 31791
13.6573 31856
13.66 31921
13.6623 31985
13.7019 32049
13.7043 32113
13.7381 32177
13.7404 32241
13.7428 32305
13.7452 32369
13.7476 32433
13.75 32496
13.7536 32559
13.756 14400
13.9325 14544
13.9349 14686
13.9373 14827
13.9406 14966
13.943 15104
14.0267 15241
14.0291 15377
14.0315 15511
14.0347 15644
14.0371 15776
14.1208 15907
14.1232 16037
14.1256 16166
14.1288 16294
14.1312 16421
14.2149 16547
14.2173 16672
14.2197 16796
14.2221 16919
14.2245 17041
14.3078 17162
14.3102 17282
14.3126 17401
14.315 17520
14.3174 17638
14.4007 17755
14.4031 17871
14.4055 17987
14.4079 18102
14.4103 18216
14.4127 18329
14.4948 18442
14.4972 18554
14.4996 18665
14.502 18776
14.5044 18886
14.5067 18995
14.5892 19104
14.5916 19212
14.594 19319
14.5963 19426
14.5987 19532
14.6011 19638
14.6824 19743
14.6847 19848
14.6871 19952
14.6895 20055
14.6919 20158
14.6943 20260
14.7752 20362
14.7776 20463
14.7803 20564
14.7827 20664
14.7851 20764
14.7875 20863
14.7899 20962
14.8695 21060
14.8719 21158
14.8747 21256
14.8771 21353
14.8795 21450
14.8819 21546
14.8843 21642
14.9639 21737
14.9662 21832
14.9688 21926
14.9712 22020
14.9736 22114
14.976 22207
14.9783 22300
15.0571 22392
15.0595 22484
15.0619 22576
15.0643 22667
15.0667 22758
15.0691 22849
15.0715 22939
15.15 23029
15.1524 23119
15.1548 23208
15.1572 23297
15.1596 23386
15.162 23474
15.1643 23562
15.2429 23650
15.2453 23737
15.2477 23824
15.2501 23911
15.2525 23997
15.2548 24083
15.2572 24169
15.337 24254
15.3394 24339
15.3418 24424
15.3441 24508
15.3465 24592
15.3489 24676
15.3513 24760
15.4311 24843
15.4335 24926
15.4358 25009
15.4382 25091
15.4406 25173
15.443 25255
15.4454 25337
15.4479 25418
15.524 25499
15.5263 25580
15.5287 25661
15.5311 25741
15.5335 25821
15.5359 25901
15.5383 25981
15.5408 26060
15.6168 26139
15.6192 26218
15.6216 26297
15.624 26375
15.6264 26453
15.6288 26531
15.6312 26609
15.6336 26686
15.636 26763
15.7109 26840
15.7133 26917
15.7157 26994
15.7181 27070
15.7205 27146
15.7231 27222
15.7255 27298
15.7279 27373
15.7303 27448
15.8053 27523
15.8077 27598
15.8101 27673
15.8125 27747
15.8149 27821
15.8173 27895
15.8196 27969
15.822 28043
15.8244 28116
15.8982 28189
15.9006 28262
15.903 28335
15.9054 28408
15.9078 28480
15.9101 28552
15.9125 28624
15.9149 28696
15.9173 28768
15.9914 28840
15.9938 28911
15.9962 28982
15.9986 29053
16.001 29124
16.0034 29195
16.0058 29266
16.0082 29336
16.0106 29406
16.0843 29476
16.0867 29546
16.0891 29616
16.0918 29686
16.0942 29755
16.0966 29824
16.099 29893
16.1014 29962
16.1038 30031
16.1062 30100
16.1784 30168
16.1808 30236
16.1835 30304
16.1859 30372
16.1885 30440
16.1909 30508
16.1933 30575
16.1957 30642
16.1981 30709
16.2005 30776
16.2727 30843
16.2751 30910
16.2776 30977
16.28 31043
16.2824 31109
16.2848 31175
16.2872 31241
16.2896 31307
16.292 31373
16.2944 31439
16.3656 31504
16.368 31569
16.3705 31634
16.3729 31699
16.3753 31764
16.3777 31829
16.3801 31894
16.3825 31959
16.3849 32023
16.3872 32087
16.4585 32151
16.4609 32215
16.4634 32279
16.4658 32343
16.4682 32407
16.4706 32470
16.473 32533
16.4754 32596
16.4778 32659
16.4802 32722
16.4826 32785
16.5526 32848
16.555 32911
16.5578 32974
16.5602 33036
16.5626 33098
16.565 33160
16.5674 33222
16.5698 33284
16.5722 33346
16.5746 33408
16.5769 33470
16.6467 33531
16.6491 33592
16.6519 33653
16.6543 33714
16.6568 33775
16.6592 33836
16.6616 33897
16.664 33958
16.6664 34019
16.6688 34079
16.6713 34139
16.7396 34199
16.742 34259
16.7448 34319
16.7472 34379
16.7497 34439
16.7521 34499
16.7545 34559
16.7569 34619
16.7592 34678
16.7617 34737
16.7642 34796
16.8325 34855
16.8349 34914
16.8378 34973
16.8402 35032
16.8426 35091
16.845 35150
16.8474 35208
16.8498 35266
16.8522 35324
16.8546 35382
16.857 35440
16.8593 35498
16.9265 35556
16.9289 35614
16.9319 35672
16.9343 35730
16.9367 35788
16.9391 35845
16.9415 35902
16.9439 35959
16.9463 36016
16.9487 36073
16.9511 36130
16.9535 36187
17.0206 36244
17.023 36301
17.026 36358
17.0284 36415
17.0308 36471
17.0332 36527
17.0356 36583
17.038 36639
17.0403 36695
17.0427 36751
17.0451 36807
17.0475 36863
17.1135 36919
17.1159 36975
17.1189 37031
17.1213 37086
17.1237 37141
17.1261 37196
17.1285 37251
17.1308 37306
17.1332 37361
17.1356 37416
17.138 37471
17.1406 37526
17.2064 37581
17.2088 37636
17.2118 37691
17.2142 37746
17.2166 37800
17.219 37854
17.2213 37908
17.2237 37962
17.2261 38016
17.2287 38070
17.2311 38124
17.2334 38178
17.2358 38232
17.3005 38286
17.3029 38340
17.3059 38394
17.3083 38448
17.3107 38501
17.313 38554
17.3154 38607
17.3178 38660
17.3202 38713
17.3228 38766
17.3251 38819
17.3275 38872
17.3299 38925
17.3946 38978
17.397 39031
17.4 39084
17.4023 39137
17.4047 39189
17.4071 39241
17.4095 39293
17.4119 39345
17.4143 39397
17.4168 39449
17.4192 39501
17.4216 39553
17.424 39605
17.4875 39657
17.4899 39709
17.4928 39761
17.4952 39813
17.4976 39865
17.5 39917
17.5024 39968
17.5048 40019
17.5072 40070
17.5097 40121
17.5121 40172
17.5145 40223
17.5169 40274
17.5804 40325
17.5828 40376
17.5857 40427
17.5881 40478
17.5905 40529
17.5929 40580
17.5953 40631
17.5977 40682
17.6001 40732
17.6026 40782
17.605 40832
17.6074 40882
17.6098 40932
17.6733 40982
17.6756 41032
17.678 41082
17.6805 41132
17.6829 41182
17.6853 41232
17.6876 41282
17.6902 41332
17.6926 41382
17.6949 41432
17.6973 41482
17.6997 41531
17.7021 41580
17.7045 41629
17.7674 41678
17.7698 41727
17.7721 41776
17.7746 41825
17.7773 41874
17.7797 41923
17.7821 41972
17.7845 42021
17.7869 42070
17.7893 42119
17.7917 42168
17.7941 42217
17.7965 42266
17.7988 42315
17.8615 42364
17.8638 42412
17.8662 42460
17.8686 42508
17.871 42556
17.8734 42604
17.8758 42652
17.8782 42700
17.8806 42748
17.883 42796
17.8854 42844
17.8877 42892
17.8901 42940
17.8925 42988
17.9543 43036
17.9567 43084
17.9591 43132
17.9615 43180
17.9639 43228
17.9663 43275
17.9687 43322
17.9711 43369
17.9735 43416
17.9759 43463
17.9782 43510
17.9806 43557
17.983 43604
17.9854 43651
18.0475 43698
18.0499 43745
18.0523 43792
18.0547 43839
18.0571 43886
18.0595 43933
18.0619 43980
18.0643 44027
18.0667 44074
18.069 44121
18.0714 44167
18.0738 44213
18.0762 44259
18.0786 44305
18.081 44351
18.1416 44397
18.144 44443
18.1464 44489
18.1488 44535
18.1512 44581
18.1536 44627
18.1561 44673
18.1585 44719
18.1609 44765
18.1633 44811
18.1657 44857
18.1681 44903
18.1704 44949
18.1728 44995
18.1752 45041
18.2357 45087
18.2382 45132
18.2406 45177
18.243 45222
18.2454 45267
18.2478 45312
18.2502 45357
18.2526 45402
18.255 45447
18.2574 45492
18.2597 45537
18.2621 45582
18.2645 45627
18.2669 45672
18.2693 45717
18.3286 45762
18.3311 45807
18.3335 45852
18.3359 45897
18.3383 45942
18.3407 45987
18.3431 46032
18.3455 46077
18.3479 46122
18.3502 46166
18.3526 46210
18.355 46254
18.3574 46298
18.3598 46342
18.3622 46386
18.4215 46430
18.424 46474
18.4264 46518
18.4288 46562
18.4312 46606
18.4336 46650
18.436 46694
18.4384 46738
18.4407 46782
18.4431 46826
18.4455 46870
18.4479 46914
18.4503 46958
18.4528 47002
18.4552 47046
18.4576 47090
18.5156 47134
18.5181 47177
18.5205 47220
18.5229 47263
18.5253 47306
18.5277 47349
18.5301 47392
18.5324 47435
18.5348 47478
18.5372 47521
18.5396 47564
18.542 47607
18.5444 47650
18.5469 47693
18.5493 47736
18.5517 47779
18.6097 47822
18.6122 47865
18.6146 47908
18.617 47951
18.6194 47994
18.6217 48037
18.6241 48080
18.6265 48123
18.6289 48166
18.6313 48209
18.6337 48252
18.6361 48294
18.6385 48336
18.6409 48378
18.6433 48420
18.6457 48462
18.7026 48504
18.7051 48546
18.7075 48588
18.7099 48630
18.7122 48672
18.7146 48714
18.717 48756
18.7194 48798
18.722 48840
18.7243 48882
18.7267 48924
18.7291 48966
18.7315 49008
18.7339 49050
18.7363 49092
18.7387 49134
18.7955 49176
18.798 49218
18.8004 49260
18.8027 49302
18.8051 49344
18.8075 49386
18.8099 49427
18.8123 49468
18.8148 49509
18.8172 49550
18.8196 49591
18.822 49632
18.8244 49673
18.8268 49714
18.8292 49755
18.8316 49796
18.834 49837
18.8896 49878
18.892 49919
18.8944 49960
18.8968 50001
18.8992 50042
18.9016 50083
18.904 50124
18.9064 50165
18.9092 50206
18.9116 50247
18.914 50288
18.9164 50329
18.9188 50370
18.9212 50411
18.9236 50452
18.926 50493
18.9283 50534
18.9836 50575
18.9861 50616
18.9885 50656
18.9909 50696
18.9935 50736
18.9959 50776
18.9983 50816
19.0007 50856
19.0033 50896
19.0057 50936
19.0081 50976
19.0105 51016
19.0129 51056
19.0153 51096
19.0177 51136
19.02 51176
19.0224 51216
19.0765 51256
19.079 51296
19.0814 51336
19.0838 51376
19.0864 51416
19.0888 51456
19.0912 51496
19.0936 51536
19.0962 51576
19.0986 51616
19.101 51656
19.1034 51696
19.1058 51736
19.1082 51776
19.1105 51816
19.1129 51856
19.1153 51895
19.1694 51934
19.1719 51973
19.1743 52012
19.1767 52051
19.1795 52090
19.1819 52129
19.1843 52168
19.1867 52207
19.1891 52246
19.1915 52285
19.1942 52324
19.1966 52363
19.1989 52402
19.2013 52441
19.2037 52480
19.2061 52519
19.2085 52558
19.2109 52597
19.2635 52636
19.266 52675
19.2684 52714
19.2708 52753
19.2736 52792
19.276 52831
19.2784 52870
19.2808 52909
19.2832 52948
19.2856 52987
19.2883 53026
19.2906 53065
19.293 53104
19.2954 53143
19.2978 53182
19.3002 53220
19.3026 53258
19.3052 53296
19.3576 53334
19.3601 53372
19.3625 53410
19.3649 53448
19.3677 53486
19.3701 53524
19.3725 53562
19.3749 53600
19.3773 53638
19.3796 53676
19.3823 53714
19.3847 53752
19.3871 53790
19.3895 53828
19.3919 53866
19.3943 53904
19.3968 53942
19.3996 53980
19.4505 54018
19.453 54056
19.4554 54094
19.4578 54132
19.4606 54170
19.463 54208
19.4657 54246
19.4682 54284
19.4705 54322
19.4729 54360
19.4753 54398
19.4777 54436
19.4801 54474
19.4825 54512
19.4849 54550
19.4873 54588
19.4897 54625
19.4925 54662
19.5434 54699
19.5459 54736
19.5483 54773
19.5506 54810
19.5535 54847
19.5559 54884
19.5586 54921
19.561 54958
19.5634 54995
19.5658 55032
19.5682 55069
19.5706 55106
19.573 55143
19.5754 55180
19.5778 55217
19.5802 55254
19.5826 55291
19.5854 55328
19.6363 55365
19.6388 55402
19.6411 55439
19.6435 55476
19.6459 55513
19.6483 55550
19.6507 55587
19.6531 55624
19.6555 55661
19.6581 55698
19.6605 55735
19.6629 55772
19.6653 55809
19.6677 55846
19.6701 55883
19.6725 55920
19.6748 55957
19.6772 55994
19.6796 56031
19.7303 56068
19.7328 56104
19.7352 56140
19.7376 56176
19.74 56212
19.7424 56248
19.7448 56284
19.7472 56320
19.7496 56356
19.7522 56392
19.7546 56428
19.757 56464
19.7594 56500
19.7618 56536
19.7641 56572
19.7665 56608
19.7689 56644
19.7713 56680
19.7737 56716
19.8244 56752
19.8269 56788
19.8293 56824
19.8341 56860
19.8365 56896
19.8389 56932
19.8415 56968
19.8439 57004
19.8463 57040
19.8487 57076
19.8511 57112
19.8535 57148
19.8558 57184
19.8582 57220
19.8606 57256
19.863 57292
19.8654 57328
19.8678 57364
19.9173 57400
19.9198 57436
19.9222 57472
19.927 57508
19.9295 57544
19.9319 57580
19.9343 57616
19.9367 57651
19.9391 57686
19.9415 57721
19.9439 57756
19.9463 57791
19.9486 57826
19.951 57861
19.9534 57896
19.9558 57931
19.9582 57966
19.9606 58001
19.963 58036
20.0104 58071
20.0127 58106
20.0151 58141
20.0199 58176
20.0224 58211
20.0248 58246
20.0272 58281
20.0296 58316
20.032 58351
20.0344 58386
20.0368 58421
20.0391 58456
20.0415 58491
20.0439 58526
20.0463 58561
20.0487 58596
20.0511 58631
20.0535 58666
20.0559 58701
20.0583 58736
20.1044 58771
20.1068 58806
20.1092 58841
20.114 58876
20.1165 58911
20.1189 58946
20.1213 58981
20.1237 59016
20.1261 59051
20.1284 59086
20.1308 59121
20.1332 59156
20.1356 59191
20.138 59226
20.1404 59261
20.1429 59295
20.1453 59329
20.1477 59363
20.1501 59397
20.1525 59431
20.1985 59465
20.2009 59499
20.2033 59533
20.2081 59567
20.2106 59601
20.213 59635
20.2154 59669
20.2178 59703
20.2202 59737
20.2226 59771
20.225 59805
20.2274 59839
20.2297 59873
20.2321 59907
20.2345 59941
20.2369 59975
20.2393 60009
20.2417 60043
20.2441 60077
20.2465 60111
20.2914 60145
20.2938 60179
20.2962 60213
20.301 60247
20.3035 60281
20.3059 60315
20.3083 60349
20.3107 60383
20.3131 60417
20.3155 60451
20.3179 60485
20.3202 60519
20.3226 60553
20.325 60587
20.3274 60621
20.3298 60655
20.3322 60689
20.3347 60723
20.3371 60757
20.3395 60791
20.3843 60825
20.3867 60859
20.3891 60893
20.3939 60927
20.3964 60961
20.3988 60995
20.4012 61028
20.4036 61061
20.406 61094
20.4084 61127
20.4107 61160
20.4131 61193
20.4155 61226
20.4179 61259
20.4203 61292
20.4227 61325
20.4251 61358
20.4275 61391
20.4299 61424
20.4323 61457
20.4347 61490
20.4784 61523
20.4808 61556
20.4832 61589
20.488 61622
20.4908 61655
20.4932 61688
20.4956 61721
20.498 61754
20.5003 61787
20.5027 61820
20.5051 61853
20.5075 61886
20.5099 61919
20.5123 61952
20.5147 61985
20.5171 62018
20.5195 62051
20.5219 62084
20.5242 62117
20.5266 62150
20.529 62183
20.5725 62216
20.5749 62249
20.5773 62282
20.5821 62315
20.585 62348
20.5874 62381
20.5898 62414
20.5922 62447
20.5946 62480
20.597 62513
20.5994 62546
20.6019 62579
20.6042 62612
20.6066 62645
20.609 62678
20.6114 62711
20.6138 62744
20.6162 62777
20.6186 62810
20.621 62843
20.6234 62875
20.6654 62907
20.6678 62939
20.6702 62971
20.675 63003
20.6779 63035
20.6803 63067
20.6827 63099
20.6851 63131
20.6876 63163
20.69 63195
20.6924 63227
20.6948 63259
20.6972 63291
20.6996 63323
20.702 63355
20.7043 63387
20.7067 63419
20.7091 63451
20.7115 63483
20.7139 63515
20.7163 63547
20.7583 63579
20.7607 63611
20.7631 63643
20.7679 63675
20.7708 63707
20.7732 63739
20.7756 63771
20.778 63803
20.7805 63835
20.7829 63867
20.7853 63899
20.7877 63931
20.7901 63963
20.7925 63995
20.7948 64027
20.7972 64059
20.7996 64091
20.802 64123
20.8044 64155
20.8068 64187
20.8092 64219
20.8116 64251
20.8524 64283
20.8548 64315
20.8572 64347
20.8619 64379
20.8649 64411
20.8673 64443
20.8697 64475
20.8721 64507
20.8746 64539
20.877 64571
20.8794 64603
20.8818 64635
20.8841 64667
20.8865 64699
20.8891 64731
20.8915 64763
20.8939 64795
20.8963 64827
20.8986 64858
20.901 64889
20.9034 64920
20.9058 64951
20.9465 64982
20.9489 65013
20.9512 65044
20.956 65075
20.9592 65106
20.9615 65137
20.9639 65168
20.9663 65199
20.9687 65230
20.9711 65261
20.9735 65292
20.9759 65323
20.9783 65354
20.9807 65385
20.9832 65416
20.9856 65447
20.9879 65478
20.9905 65509
20.9929 65540
20.9953 65571
20.9977 65602
21.0001 65633
21.0394 65664
21.0417 65695
21.0441 65726
21.0489 65757
21.052 65788
21.0544 65819
21.0568 65850
21.0592 65881
21.0616 65912
21.064 65943
21.0664 65974
21.0688 66005
21.0712 66036
21.0736 66067
21.0761 66098
21.0784 66129
21.0808 66160
21.0837 66191
21.0861 66222
21.0885 66253
21.091 66284
21.0934 66315
21.1322 66346
21.1346 66377
21.137 66408
21.1418 66439
21.1449 66470
21.1473 66501
21.1497 66532
21.1521 66563
21.1545 66594
21.1569 66625
21.1593 66656
21.1617 66687
21.1641 66718
21.1664 66749
21.1689 66780
21.1713 66811
21.1737 66842
21.1766 66873
21.179 66904
21.1814 66934
21.1838 66964
21.1862 66994
21.1886 67024
21.2263 67054
21.2287 67084
21.2311 67114
21.2359 67144
21.239 67174
21.2414 67204
21.2438 67234
21.2462 67264
21.2486 67294
21.251 67324
21.2534 67354
21.2558 67384
21.2581 67414
21.2607 67444
21.2631 67474
21.2655 67504
21.268 67534
21.2707 67564
21.2731 67594
21.2755 67624
21.2779 67654
21.2803 67684
21.2827 67714
21.3204 67744
21.3228 67774
21.3252 67804
21.33 67834
21.3331 67864
21.3355 67894
21.3379 67924
21.3403 67954
21.3427 67984
21.3451 68014
21.3474 68044
21.3498 68074
21.3522 68104
21.3548 68134
21.3572 68164
21.3595 68194
21.3625 68224
21.3649 68254
21.3673 68284
21.3697 68314
21.3721 68344
21.3745 68374
21.3768 68404
21.4133 68434
21.4157 68464
21.4181 68494
21.4229 68524
21.426 68554
21.4284 68584
21.4308 68614
21.4332 68644
21.4356 68674
21.438 68704
21.4404 68734
21.4428 68764
21.4452 68794
21.4477 68824
21.45 68854
21.4524 68884
21.4554 68914
21.4578 68944
21.4602 68974
21.4626 69004
21.465 69034
21.4677 69064
21.4701 69094
21.5062 69124
21.5086 69153
21.511 69182
21.5158 69211
21.5189 69240
21.5213 69269
21.5237 69298
21.5261 69327
21.5285 69356
21.5309 69385
21.5333 69414
21.5358 69443
21.5382 69472
21.5405 69501
21.5429 69530
21.5453 69559
21.5483 69588
21.5507 69617
21.5531 69646
21.5555 69675
21.5578 69704
21.5606 69733
21.563 69762
21.5991 69791
21.6015 69820
21.6039 69849
21.6063 69878
21.6098 69907
21.613 69936
21.6154 69965
21.6178 69994
21.6202 70023
21.6226 70052
21.625 70081
21.6274 70110
21.6299 70139
21.6323 70168
21.6347 70197
21.6371 70226
21.6395 70255
21.6426 70284
21.645 70313
21.6474 70342
21.6498 70371
21.6522 70400
21.6547 70429
21.6571 70458
21.6932 70487
21.6956 70516
21.698 70545
21.7004 70574
21.704 70603
21.7071 70632
21.7095 70661
21.7119 70690
21.7143 70719
21.7167 70748
21.7191 70777
21.7215 70806
21.7239 70835
21.7264 70864
21.7288 70893
21.7312 70922
21.7337 70951
21.7367 70980
21.7391 71009
21.7415 71038
21.7439 71067
21.7462 71096
21.7488 71125
21.7512 71154
21.7873 71183
21.7896 71212
21.7921 71241
21.7945 71270
21.7968 71299
21.8 71328
21.8024 71357
21.8048 71386
21.8072 71415
21.8096 71444
21.812 71473
21.8145 71502
21.8169 71531
21.8193 71559
21.8217 71587
21.824 71615
21.8266 71643
21.8296 71671
21.832 71699
21.8344 71727
21.8367 71755
21.8391 71783
21.8417 71811
21.8441 71839
21.8801 71867
21.8826 71895
21.885 71923
21.8873 71951
21.8897 71979
21.8929 72007
21.8953 72035
21.8977 72063
21.9001 72091
21.9025 72119
21.9049 72147
21.9074 72175
21.9098 72203
21.9122 72231
21.9146 72259
21.917 72287
21.9195 72315
21.9225 72343
21.9249 72371
21.9272 72399
21.9296 72427
21.932 72455
21.9346 72483
21.937 72511
21.973 72539
21.9755 72567
21.9779 72595
21.9803 72623
21.9827 72651
21.9858 72679
21.9882 72707
21.9906 72735
21.993 72763
21.9954 72791
21.9978 72819
22.0002 72847
22.0027 72875
22.0051 72903
22.0076 72931
22.01 72959
22.0124 72987
22.0147 73015
22.0171 73043
22.0195 73071
22.0219 73099
22.0243 73127
22.0267 73155
22.0291 73183
22.0315 73211
22.0671 73239
22.0695 73267
22.072 73295
22.0744 73323
22.0768 73351
22.0799 73379
22.0823 73407
22.0847 73435
22.0871 73463
22.0895 73491
22.0918 73519
22.0944 73547
22.0968 73575
22.0992 73603
22.1017 73631
22.1041 73659
22.1064 73687
22.1089 73715
22.1113 73743
22.1137 73771
22.1161 73799
22.1185 73827
22.1209 73855
22.1233 73883
22.1257 73911
22.1612 73939
22.1637 73967
22.1661 73995
22.1685 74023
22.1709 74051
22.174 74079
22.1764 74106
22.179 74133
22.1814 74160
22.1838 74187
22.1862 74214
22.1886 74241
22.191 74268
22.1933 74295
22.1957 74322
22.1981 74349
22.2005 74376
22.2029 74403
22.2053 74430
22.2077 74457
22.2101 74484
22.2125 74511
22.2149 74538
22.2172 74565
22.2196 74592
22.2543 74619
22.2566 74646
22.259 74673
22.2614 74700
22.2638 74727
22.2669 74754
22.2693 74781
22.2719 74808
22.2743 74835
22.2767 74862
22.2791 74889
22.2815 74916
22.2838 74943
22.2862 74970
22.2886 74997
22.291 75024
22.2936 75051
22.296 75078
22.2984 75105
22.3008 75132
22.3032 75159
22.3056 75186
22.308 75213
22.3104 75240
22.3128 75267
22.3471 75294
22.3495 75321
22.3519 75348
22.3543 75375
22.3567 75402
22.3598 75429
22.3622 75456
22.3648 75483
22.3672 75510
22.3696 75537
22.372 75564
22.3743 75591
22.3767 75618
22.3791 75645
22.3816 75672
22.384 75699
22.3864 75726
22.3888 75753
22.3912 75780
22.3936 75807
22.396 75834
22.3984 75861
22.4008 75888
22.4032 75915
22.4055 75942
22.4079 75969
22.4412 75996
22.4436 76023
22.446 76050
22.4485 76077
22.4509 76104
22.4538 76131
22.4562 76158
22.4589 76185
22.4613 76212
22.4636 76239
22.466 76266
22.4684 76293
22.4708 76320
22.4732 76347
22.4757 76374
22.4781 76401
22.4805 76428
22.4829 76455
22.4853 76482
22.4877 76509
22.4901 76536
22.4925 76563
22.4949 76590
22.4972 76617
22.4996 76644
22.502 76671
22.5353 76698
22.5377 76725
22.5401 76752
22.5426 76779
22.545 76806
22.5479 76832
22.5503 76858
22.5529 76884
22.5553 76910
22.5577 76936
22.5601 76962
22.5625 76988
22.5649 77014
22.5673 77040
22.5698 77066
22.5722 77092
22.5746 77118
22.577 77144
22.5794 77170
22.5818 77196
22.5842 77222
22.5866 77248
22.589 77274
22.5913 77300
22.5937 77326
22.5961 77352
22.6282 77378
22.6306 77404
22.633 77430
22.6355 77456
22.6379 77482
22.6408 77508
22.6432 77534
22.6458 77560
22.6482 77586
22.6506 77612
22.6531 77638
22.6554 77664
22.6578 77690
22.6602 77716
22.6627 77742
22.6651 77768
22.6675 77794
22.6699 77820
22.6723 77846
22.6747 77872
22.6771 77898
22.6795 77924
22.6818 77950
22.6842 77976
22.6866 78002
22.689 78028
22.7211 78054
22.7235 78080
22.7259 78106
22.7284 78132
22.7308 78158
22.7337 78184
22.7361 78210
22.7387 78236
22.7411 78262
22.7435 78288
22.7459 78314
22.7483 78340
22.7507 78366
22.7531 78392
22.7556 78418
22.758 78444
22.7604 78470
22.7628 78496
22.7652 78522
22.7676 78548
22.77 78574
22.7723 78600
22.7747 78626
22.7771 78652
22.7795 78678
22.7819 78704
22.7843 78730
22.8152 78756
22.8176 78782
22.82 78808
22.8225 78834
22.8249 78860
22.8278 78886
22.8302 78912
22.8329 78938
22.8352 78964
22.8376 78990
22.84 79016
22.8424 79042
22.8448 79068
22.8472 79094
22.8497 79120
22.8521 79146
22.8545 79172
22.8569 79198
22.8593 79224
22.8616 79250
22.864 79276
22.8664 79302
22.8688 79328
22.8712 79354
22.8736 79380
22.876 79406
22.8784 79432
22.9093 79458
22.9117 79484
22.9141 79510
22.9166 79536
22.919 79562
22.9222 79588
22.9246 79614
22.9269 79640
22.9293 79666
22.9317 79692
22.9341 79718
22.9365 79744
22.9389 79770
22.9413 79795
22.9438 79820
22.9462 79845
22.9486 79870
22.951 79895
22.9533 79920
22.9557 79945
22.9581 79970
22.9605 79995
22.9629 80020
22.9653 80045
22.9678 80070
22.9702 80095
23.0022 80120
23.0046 80145
23.007 80170
23.0095 80195
23.0119 80220
23.0151 80245
23.0174 80270
23.0198 80295
23.0222 80320
23.0246 80345
23.027 80370
23.0294 80395
23.0318 80420
23.0342 80445
23.0367 80470
23.0391 80495
23.0415 80520
23.0438 80545
23.0462 80570
23.0486 80595
23.051 80620
23.0534 80645
23.0559 80670
23.0583 80695
23.0607 80720
23.0631 80745
23.0951 80770
23.0975 80795
23.0999 80820
23.1023 80845
23.1047 80870
23.107 80895
23.1094 80920
23.1118 80945
23.1142 80970
23.1166 80995
23.119 81020
23.1214 81045
23.124 81070
23.1264 81095
23.1288 81120
23.1312 81145
23.1336 81170
23.136 81195
23.1384 81220
23.1408 81245
23.1431 81270
23.1455 81295
23.1479 81320
23.1503 81345
23.1527 81370
23.1551 81395
23.1575 81420
23.1599 81445
23.1892 81470
23.1917 81495
23.1941 81520
23.1965 81545
23.1989 81570
23.2013 81595
23.2037 81620
23.2061 81645
23.2084 81670
23.2108 81695
23.2132 81720
23.2156 81745
23.2181 81770
23.2205 81795
23.2229 81820
23.2253 81845
23.2277 81870
23.2301 81895
23.2325 81920
23.2348 81945
23.2372 81970
23.2396 81995
23.242 82020
23.2444 82045
23.2468 82070
23.2492 82095
23.2516 82120
23.254 82145
23.2833 82170
23.2858 82195
23.2882 82220
23.2906 82245
23.293 82270
23.2954 82295
23.2977 82320
23.3001 82345
23.3025 82370
23.3049 82395
23.3074 82420
23.3098 82445
23.3122 82470
23.3146 82495
23.317 82520
23.3194 82545
23.3218 82570
23.3241 82595
23.3267 82620
23.3291 82645
23.3315 82670
23.3339 82695
23.3362 82720
23.3386 82745
23.341 82770
23.3434 82795
23.3458 82820
23.3482 82845
23.3761 82870
23.3787 82895
23.3811 82920
23.3835 82945
23.3859 82969
23.3882 82993
23.3906 83017
23.393 83041
23.3956 83065
23.398 83089
23.4007 83113
23.4031 83137
23.4055 83161
23.4079 83185
23.4103 83209
23.4127 83233
23.4151 83257
23.4175 83281
23.4199 83305
23.4223 83329
23.4247 83353
23.427 83377
23.4294 83401
23.4318 83425
23.4342 83449
23.4366 83473
23.439 83497
23.4414 83521
23.4692 83545
23.4716 83569
23.474 83593
23.4764 83617
23.4788 83641
23.4812 83665
23.4836 83689
23.486 83713
23.4885 83737
23.4908 83761
23.4936 83785
23.496 83809
23.4984 83833
23.5008 83857
23.5032 83881
23.5056 83905
23.508 83929
23.5107 83953
23.5131 83977
23.5155 84001
23.5179 84025
23.5203 84049
23.5227 84073
23.5251 84097
23.5275 84121
23.5298 84145
23.5322 84169
23.5346 84193
23.537 84217
23.5633 84241
23.5657 84265
23.5681 84289
23.5705 84313
23.5729 84337
23.5753 84361
23.5777 84385
23.5804 84409
23.5828 84433
23.5852 84457
23.5877 84481
23.5901 84505
23.5925 84529
23.5949 84553
23.5976 84577
23.6 84601
23.6024 84625
23.605 84649
23.6074 84673
23.6098 84697
23.6122 84721
23.6146 84745
23.617 84769
23.6194 84793
23.6217 84817
23.6241 84841
23.6265 84865
23.6289 84889
23.6313 84913
23.6574 84937
23.6598 84961
23.6622 84985
23.6646 85009
23.667 85033
23.6694 85057
23.6719 85081
23.6748 85105
23.6772 85129
23.6796 85153
23.682 85177
23.6844 85201
23.6868 85225
23.6892 85249
23.6917 85273
23.6941 85297
23.6964 85321
23.6991 85345
23.7015 85369
23.7039 85393
23.7063 85417
23.7087 85441
23.7111 85465
23.7138 85489
23.7162 85513
23.7186 85537
23.721 85561
23.7233 85585
23.7257 85609
23.7515 85633
23.7539 85657
23.7563 85681
23.7587 85705
23.7611 85729
23.7635 85753
23.7658 85777
23.7682 85801
23.7706 85825
23.773 85849
23.7754 85873
23.7779 85897
23.7803 85921
23.7827 85945
23.7851 85969
23.7875 85993
23.7899 86017
23.7923 86041
23.7947 86065
23.7971 86089
23.7996 86113
23.802 86137
23.8044 86161
23.8068 86185
23.8092 86209
23.8115 86233
23.8139 86257
23.8163 86281
23.8187 86305
23.8444 86329
23.8468 86353
23.8492 86377
23.8516 86401
23.854 86424
23.8564 86447
23.8589 86470
23.8613 86493
23.8637 86516
23.8661 86539
23.8685 86562
23.8708 86585
23.8733 86608
23.8756 86631
23.878 86654
23.8804 86677
23.8828 86700
23.8852 86723
23.8876 86746
23.89 86769
23.8925 86792
23.8949 86815
23.8973 86838
23.8997 86861
23.902 86884
23.9044 86907
23.9068 86930
23.9092 86953
23.9116 86976
23.9373 86999
23.9397 87022
23.9421 87045
23.9445 87068
23.9469 87091
23.9493 87114
23.9517 87137
23.9541 87160
23.9568 87183
23.9592 87206
23.9616 87229
23.964 87252
23.9663 87275
23.9687 87298
23.9711 87321
23.9735 87344
23.9759 87367
23.9783 87390
23.9807 87413
23.9831 87436
23.9855 87459
23.9879 87482
23.9903 87505
23.9926 87528
23.9951 87551
23.9974 87574
23.9998 87597
24.0022 87620
24.0046 87643
24.007 87666
24.0314 87689
24.0338 87712
24.0362 87735
24.0386 87758
24.041 87781
24.0434 87804
24.0458 87827
24.0482 87850
24.0509 87873
24.0535 87896
24.0559 87919
24.0583 87942
24.0607 87965
24.0631 87988
24.0655 88011
24.0679 88034
24.0703 88057
24.0727 88080
24.0751 88103
24.0775 88126
24.0799 88149
24.0823 88172
24.0847 88195
24.0871 88218
24.0894 88241
24.0918 88264
24.0942 88287
24.0966 88310
24.099 88333
24.1014 88356
24.1255 88379
24.1279 88402
24.1303 88425
24.1327 88448
24.1351 88471
24.1375 88494
24.1413 88517
24.1437 42480
24.2762 42528
24.2786 42576
24.281 42624
24.2834 42672
24.2858 42720
24.2882 42768
24.3113 42816
24.3137 42864
24.3161 42912
24.3185 42960
24.3211 43008
24.3234 43056
24.3271 43104
24.3295 43152
24.3691 43200
24.3715 43248
24.3739 43295
24.3763 43342
24.3787 43389
24.3811 43436
24.4042 43483
24.4066 43530
24.409 43577
24.4114 43624
24.4139 43671
24.4163 43718
24.4201 43765
24.4225 43812
24.462 43859
24.4644 43906
24.4669 43953
24.4693 44000
24.4716 44047
24.4743 44094
24.4767 44141
24.4983 44187
24.5007 44233
24.5031 44279
24.5055 44325
24.508 44371
24.5104 44417
24.5142 44463
24.5166 44509
24.5563 44555
24.5587 44601
24.5611 44647
24.5635 44693
24.566 44739
24.5684 44785
24.5708 44831
24.5924 44877
24.5948 44923
24.5972 44969
24.5995 45015
24.6024 45061
24.6048 45107
24.6084 45152
24.6107 45197
24.6504 45242
24.6528 45287
24.6552 45332
24.6576 45377
24.66 45422
24.6625 45467
24.6648 45512
24.6853 45557
24.6877 45602
24.69 45647
24.6924 45692
24.6953 45737
24.6977 45782
24.7012 45827
24.7036 45872
24.7433 45917
24.7457 45962
24.7481 46007
24.7505 46052
24.7533 46097
24.7557 46141
24.7581 46185
24.7781 46229
24.7805 46273
24.7829 46317
24.7853 46361
24.7882 46405
24.7906 46449
24.7941 46493
24.7965 46537
24.8362 46581
24.8386 46625
24.841 46669
24.8433 46713
24.8462 46757
24.8485 46801
24.8509 46845
24.8533 46889
24.8722 46933
24.8746 46977
24.877 47021
24.8794 47065
24.8822 47109
24.8846 47153
24.8882 47196
24.8906 47239
24.9303 47282
24.9327 47325
24.935 47368
24.9374 47411
24.9402 47454
24.9426 47497
24.945 47540
24.9475 47583
24.9663 47626
24.969 47669
24.9714 47712
24.9738 47755
24.9763 47798
24.9787 47841
24.9823 47884
24.9847 47927
25.0243 47970
25.0267 48013
25.0291 48056
25.0315 48099
25.0344 48142
25.0371 48185
25.0395 48228
25.0419 48270
25.0592 48312
25.0619 48354
25.0643 48396
25.0667 48438
25.0692 48480
25.0716 48522
25.0752 48564
25.0776 48606
25.1172 48648
25.1196 48690
25.122 48732
25.1244 48774
25.1272 48816
25.13 48858
25.1324 48900
25.1348 48942
25.1521 48984
25.1548 49026
25.1572 49068
25.1596 49110
25.1621 49152
25.1645 49194
25.1681 49236
25.1705 49278
25.2101 49320
25.2125 49362
25.2149 49404
25.2175 49445
25.2202 49486
25.2229 49527
25.2253 49568
25.2277 49609
25.245 49650
25.2474 49691
25.2498 49732
25.2522 49773
25.2545 49814
25.2569 49855
25.2593 49896
25.2622 49937
25.2646 49978
25.3042 50019
25.3066 50060
25.309 50101
25.3116 50142
25.3143 50183
25.317 50224
25.3194 50265
25.3218 50306
25.3391 50347
25.3415 50388
25.3438 50429
25.3462 50470
25.3486 50511
25.351 50552
25.3537 50593
25.3563 50633
25.3587 50673
25.3983 50713
25.4007 50753
25.4032 50793
25.4057 50833
25.4083 50873
25.4111 50913
25.4135 50953
25.4159 50993
25.4331 51033
25.4355 51073
25.4379 51113
25.4403 51153
25.4427 51193
25.4451 51233
25.4475 51273
25.4499 51313
25.4523 51353
25.4913 51393
25.4937 51433
25.4961 51473
25.4986 51513
25.5012 51553
25.504 51593
25.5064 51633
25.5088 51673
25.526 51713
25.5284 51753
25.5308 51793
25.5332 51833
25.5356 51873
25.5381 51912
25.5405 51951
25.5429 51990
25.5453 52029
25.5842 52068
25.5866 52107
25.589 52146
25.5915 52185
25.5941 52224
25.5969 52263
25.5993 52302
25.6016 52341
25.6216 52380
25.624 52419
25.6264 52458
25.6288 52497
25.6312 52536
25.6336 52575
25.636 52614
25.6383 52653
25.6407 52692
25.6783 52731
25.6809 52770
25.6833 52809
25.6857 52848
25.6882 52887
25.691 52926
25.6933 52965
25.6957 53004
25.7157 53043
25.7181 53082
25.7205 53121
25.7229 53160
25.7253 53199
25.7276 53237
25.73 53275
25.7324 53313
25.7348 53351
25.7372 53389
25.7724 53427
25.775 53465
25.7774 53503
25.7798 53541
25.7823 53579
25.785 53617
25.7874 53655
25.7898 53693
25.8098 53731
25.8122 53769
25.8146 53807
25.8171 53845
25.8195 53883
25.8219 53921
25.8243 53959
25.8267 53997
25.8291 54035
25.8314 54073
25.8653 54111
25.8679 54149
25.8703 54187
25.8727 54225
25.8752 54263
25.8779 54301
25.8803 54339
25.8827 54377
25.9027 54415
25.9051 54453
25.9075 54491
25.91 54529
25.9124 54567
25.9148 54605
25.9172 54642
25.9196 54679
25.922 54716
25.9244 54753
25.9582 54790
25.9608 54827
25.9632 54864
25.9656 54901
25.9684 54938
25.9712 54975
25.9736 55012
25.976 55049
25.9956 55086
25.998 55123
26.0004 55160
26.0029 55197
26.0053 55234
26.0077 55271
26.0101 55308
26.0125 55345
26.0149 55382
26.0173 55419
26.0197 55456
26.0522 55493
26.0549 55530
26.0573 55567
26.0597 55604
26.0625 55641
26.0653 55678
26.0677 55715
26.0701 55752
26.0898 55789
26.0921 55826
26.0945 55863
26.097 55900
26.0994 55937
26.1017 55974
26.1041 56011
26.1066 56048
26.109 56084
26.1114 56120
26.1138 56156
26.1463 56192
26.149 56228
26.1514 56264
26.1537 56300
26.1566 56336
26.1594 56372
26.1618 56408
26.1642 56444
26.1838 56480
26.1862 56516
26.1886 56552
26.1911 56588
26.1934 56624
26.1958 56660
26.1982 56696
26.2007 56732
26.2031 56768
26.2055 56804
26.2078 56840
26.2406 56876
26.243 56912
26.2454 56948
26.2478 56984
26.2502 57020
26.2526 57056
26.2549 57092
26.2573 57128
26.2779 57164
26.2803 26640
26.43 26717
26.4325 26794
26.4349 26871
26.4373 26948
26.4398 27024
26.4422 27100
26.4446 27176
26.4653 27252
26.4677 27328
26.5241 27403
26.5266 27478
26.529 27553
26.5314 27628
26.5339 27703
26.5363 27777
26.5387 27851
26.5596 27925
26.562 27999
26.6182 28073
26.6205 28146
26.6229 28219
26.6253 28292
26.6277 28365
26.6301 28438
26.6325 28510
26.6525 28582
26.6549 28654
26.7113 28726
26.7137 28798
26.7161 28870
26.7185 28941
26.7209 29012
26.7233 29083
26.7257 29154
26.7454 29225
26.7478 29295
26.8042 29365
26.8066 29435
26.809 29505
26.8114 29575
26.8138 29645
26.8162 29714
26.8186 29783
26.8211 29852
26.8398 29921
26.8422 29990
26.8983 30059
26.9007 30127
26.9031 30195
26.9055 30263
26.9079 30331
26.9103 30399
26.9128 30467
26.9152 30535
26.9339 30602
26.9363 30669
26.9924 30736
26.9948 30803
26.9972 30870
26.9996 30937
27.002 31004
27.0044 31070
27.0068 31136
27.0092 31202
27.0268 31268
27.0292 31334
27.0853 31400
27.0877 31466
27.0901 31531
27.0925 31596
27.0949 31661
27.0973 31726
27.0998 31791
27.1022 31856
27.1197 31921
27.1221 31985
27.1782 32049
27.1806 32113
27.183 32177
27.1854 32241
27.1878 32305
27.1902 32369
27.1925 32433
27.1951 32496
27.1974 32559
27.2138 32622
27.2162 32685
27.2723 32748
27.2747 32811
27.277 32874
27.2795 32937
27.2819 32999
27.2842 33061
27.2866 33123
27.2891 33185
27.2915 33247
27.3079 33309
27.3104 33371
27.3663 33433
27.3687 33495
27.3711 33556
27.3735 33617
27.3759 33678
27.3783 33739
27.3807 33800
27.3831 33861
27.3855 33922
27.4007 33983
27.4033 34044
27.4592 34104
27.4616 34164
27.464 34224
27.4664 34284
27.4688 34344
27.4712 34404
27.4737 34464
27.4761 34524
27.4785 34584
27.4936 34643
27.4962 34702
27.5521 34761
27.5545 34820
27.5569 34879
27.5593 34938
27.5617 34997
27.5667 15840
27.7415 15970
27.7439 16099
27.7463 16227
27.7487 16354
27.7511 16480
27.8344 16605
27.8368 16729
27.8392 16852
27.8416 16975
27.844 17097
27.9273 17218
27.9297 17338
27.9321 17457
27.9345 17575
27.9369 17692
28.0202 17809
28.0226 17925
28.025 18040
28.0273 18154
28.0297 18268
28.0321 18381
28.1143 18493
28.1166 18605
28.119 18716
28.1214 18826
28.1238 18936
28.1262 19045
28.2083 19153
28.2107 19261
28.2131 19368
28.2155 19475
28.2179 19581
28.2203 19686
28.3012 19791
28.3036 19895
28.306 19999
28.3084 20102
28.3108 20205
28.3132 20307
28.3941 20409
28.3965 20510
28.3989 20611
28.4013 20711
28.4037 20811
28.4061 20910
28.4086 21009
28.4882 21107
28.4906 21205
28.493 21302
28.4954 21399
28.4978 21495
28.5002 21591
28.5027 21687
28.5823 21782
28.5847 21877
28.5871 21971
28.5895 22065
28.5919 22158
28.5942 22251
28.5968 22344
28.6752 22436
28.6776 22528
28.68 22620
28.6824 22711
28.6847 22802
28.6871 22892
28.6897 22982
28.7682 23072
28.7706 23161
28.773 23250
28.7754 23339
28.7778 23427
28.7802 23515
28.7826 23603
28.8611 23690
28.8635 23777
28.8659 23864
28.8683 23950
28.8707 24036
28.8731 24122
28.8754 24207
28.8778 24292
28.9552 24377
28.9576 24462
28.96 24546
28.9624 24630
28.9647 24714
28.9671 24797
28.9695 24880
28.9719 24963
29.0493 25046
29.0517 25128
29.054 25210
29.0564 25292
29.0588 25373
29.0612 25454
29.0636 25535
29.0662 25616
29.1422 25696
29.1445 25776
29.1469 25856
29.1493 25936
29.1517 26015
29.1541 26094
29.1565 26173
29.159 26252
29.235 26330
29.2374 26408
29.2398 26486
29.2422 26564
29.2446 26642
29.247 26719
29.2495 26796
29.2519 26873
29.2543 26950
29.3291 27026
29.3315 27102
29.3339 27178
29.3363 27254
29.3387 27330
29.3411 27405
29.3436 27480
29.346 27555
29.3484 27630
29.4232 27705
29.4256 27779
29.428 27853
29.4304 27927
29.4328 28001
29.4352 28075
29.4376 28148
29.4401 28221
29.4425 28294
29.5161 28367
29.5185 28440
29.5209 28512
29.5233 28584
29.5257 28656
29.5281 28728
29.5306 28800
29.533 28872
29.5355 28943
29.609 29014
29.6114 29085
29.6138 29156
29.6162 29227
29.6186 29297
29.6209 29367
29.6235 29437
29.6259 29507
29.6283 29577
29.6307 29647
29.7031 29716
29.7055 29785
29.7079 29854
29.7103 29923
29.7126 29992
29.715 30061
29.7176 30129
29.72 30197
29.7225 30265
29.7249 30333
29.7972 30401
29.7996 30469
29.8019 30537
29.8043 30604
29.8067 30671
29.8091 30738
29.8117 30805
29.814 30872
29.8166 30939
29.819 31006
29.8901 31072
29.8924 31138
29.8948 31204
29.8972 31270
29.8996 31336
29.902 31402
29.9045 31468
29.9069 31533
29.9095 31598
29.9119 31663
29.9829 31728
29.9853 31793
29.9877 31858
29.9901 31923
29.9925 31987
29.9949 32051
29.9974 32115
29.9998 32179
30.0023 32243
30.0048 32307
30.0761 32371
30.0785 32435
30.0809 32498
30.0832 32561
30.0856 32624
30.088 32687
30.0904 32750
30.0928 32813
30.0953 32876
30.0977 32939
