0.0382165 1
0.0791493 1441
0.121234 4321
0.163319 7201
0.204209 10081
0.206633 12961
0.246293 15841
0.248684 18721
0.251074 21601
0.288378 24481
0.290769 27361
0.293159 30241
0.295549 33121
0.329268 36001
0.331658 38881
0.334048 41761
0.336439 44641
0.338829 47521
0.34122 50401
0.370157 53281
0.372548 56161
0.374938 59041
0.377328 61921
0.379719 64801
0.382109 67681
0.384666 70561
0.387057 73441
0.389447 76321
0.411047 79201
0.413437 82081
0.415828 84961
0.418218 87841
0.420751 90721
0.423141 93601
0.425532 96481
0.427922 99361
0.430312 102241
0.432703 105121
0.435093 108001
0.437484 110881
0.439874 113761
0.442264 116641
0.453132 119521
0.45564 122401
0.458031 125281
0.460421 128161
0.462812 131041
0.465202 133921
0.467592 136801
0.469983 139681
0.472373 142561
0.474764 145441
0.477154 148321
0.479544 151201
0.481935 154081
0.484325 156961
0.486716 159841
0.489106 162721
0.491725 165601
0.494116 168481
0.496506 171361
0.498896 174241
0.501287 177121
0.503677 180001
0.506068 182881
0.508458 185761
0.510848 188641
0.513239 191521
0.515629 194401
0.51802 197281
0.52041 200161
0.5228 203041
0.525191 205921
0.527581 208801
0.530065 211681
0.532455 214561
0.534845 217441
0.537236 220321
0.539626 223201
0.542016 226081
0.544407 228961
0.546797 231841
0.549188 234721
0.551578 237601
0.553968 240481
0.556359 243361
0.558749 246241
0.56114 249121
0.56353 252001
0.56592 254881
0.568311 257761
0.570954 260641
0.573344 263521
0.575735 266401
0.578125 269281
0.580516 272161
0.582906 275041
0.585296 277921
0.587687 280801
0.590077 283681
0.592468 286561
0.594858 289441
0.597248 292321
0.599639 295201
0.602029 298081
0.60442 300961
0.60681 303841
0.6092 306721
0.611591 309601
0.613981 312481
0.616372 315361
0.618762 318241
0.621152 321121
0.623543 324001
0.625933 326881
0.628324 329761
0.630714 332641
0.633104 335521
0.635495 338401
0.637885 341281
0.640276 344161
0.642666 347041
0.645056 349921
0.647447 352801
0.649837 355681
0.652228 358561
0.654618 361441
0.657008 364321
0.659399 367201
0.661789 370081
0.66418 372961
0.66657 375841
0.66896 378721
0.671351 381601
0.673741 384481
0.676132 387361
0.678522 390241
0.680912 393121
0.683303 396001
0.685693 398881
0.688084 401761
0.690474 404641
0.692864 407521
0.695255 410401
0.697645 413281
0.700036 416161
0.702426 419041
0.704816 421921
0.707207 424801
0.709597 427681
0.711988 430561
0.714378 433441
0.716768 436321
0.719159 439201
0.721549 442081
0.72394 444961
0.72633 447841
0.72872 450721
0.731111 453601
0.733501 456481
0.735892 459361
0.927998 504001
0.929193 581761
0.931569 588961
0.93753 643681
0.982932 754561
0.985323 757441
0.987713 760321
0.990104 763201
0.992494 766081
0.994884 768961
0.997275 771841
0.999665 774721
1.00206 777601
1.00445 780481
1.00684 783361
1.00923 786241
1.01162 789121
1.01401 792001
1.0164 794881
1.01879 797761
1.02118 800641
1.02476 802081
1.02728 804961
1.03087 807841
1.03326 810721
1.03565 812161
1.03804 815041
1.04043 817921
1.04282 820801
1.04521 823681
1.0476 826561
1.04999 829441
1.05238 832321
1.05477 835201
1.05716 838081
1.05956 840961
1.06195 843841
1.06434 846721
1.06673 849601
1.06912 852481
1.07151 855361
1.0739 858241
1.07629 861121
1.07868 864001
1.08107 866881
1.08346 869761
1.18119 898561
1.18237 987841
1.23388 1046881
1.25447 1049761
1.25686 1052641
1.25925 1055521
1.26164 1058401
1.26403 1061281
1.26642 1064161
1.27001 1067041
1.27259 1069921
1.27498 1072801
1.29656 1075681
1.29895 1078561
1.30134 1081441
1.30373 1084321
1.30628 1087201
1.30867 1090081
1.31467 1095841
1.31708 1098721
1.33864 1101601
1.34103 1104481
1.34356 1107361
1.34595 1110241
1.34834 1113121
1.35073 1116001
1.35556 1118881
1.35795 1121761
1.36036 1124641
1.37965 1127521
1.38204 1130401
1.38445 1133281
1.38684 1136161
1.38923 1139041
1.39162 1141921
1.39884 1147681
1.40125 1150561
1.42054 1153441
1.42293 1156321
1.42534 1159201
1.42773 1162081
1.43012 1164961
1.43251 1167841
1.4349 1170721
1.44093 1173601
1.44332 1176481
1.44571 1179361
1.46262 1182241
1.46501 1185121
1.46743 1188001
1.46982 1190881
1.47221 1193761
1.4746 1196641
1.47699 1199521
1.48301 1202401
1.48553 1205281
1.48792 1208161
1.50471 1211041
1.5071 1213921
1.50951 1216801
1.5119 1219681
1.51429 1222561
1.51668 1225441
1.51907 1228321
1.52402 1231201
1.52642 1234081
1.52881 1236961
1.5456 1239841
1.54799 1242721
1.5504 1245601
1.55279 1248481
1.55532 1251361
1.60101 1284481
1.63351 1287361
1.6359 1290241
1.63831 1293121
1.64072 1296001
1.6744 1298881
1.67679 1301761
1.6792 1304641
1.68161 1307521
1.71528 1310401
1.71768 1313281
1.72007 1316161
1.72246 1319041
1.72485 1321921
1.75737 1324801
1.75976 1327681
1.76215 1330561
1.76454 1333441
1.76705 1336321
1.79945 1339201
1.80194 1342081
1.80433 1344961
1.80672 1347841
1.80911 1350721
1.84041 1353601
1.84283 1356481
1.84522 1359361
1.84761 1362241
1.85 1365121
1.8813 1368001
1.88372 1370881
1.88611 1373761
1.8885 1376641
1.89089 1379521
1.89328 1382401
1.92339 1385281
1.9258 1388161
1.92819 1391041
1.93058 1393921
1.93297 1396801
1.93536 1399681
1.96547 1402561
1.96789 1405441
1.97028 1408321
1.97267 1411201
1.97506 1414081
1.97745 1416961
2.00636 1419841
2.00878 1422721
2.01117 1425601
2.01356 1428481
2.01606 1431361
2.01845 1434241
2.04725 1437121
2.04967 1440001
2.05214 1442881
2.05453 1445761
2.05695 1448641
2.05934 1451521
2.08823 1454401
2.09062 1457281
2.09303 1460161
2.09542 1463041
2.09781 1465921
2.1002 1468801
2.10264 1471681
2.13031 1474561
2.1327 1477441
2.13512 1480321
2.13755 1483201
2.13994 1486081
2.14233 1488961
2.14473 1491841
2.17244 1494721
2.17483 1497601
2.17722 1500481
2.17961 1503361
2.182 1506241
2.18439 1509121
2.18678 1512001
2.21332 1514881
2.21572 1517761
2.21811 1520641
2.2205 1523521
2.22289 1526401
2.22528 1529281
2.2278 1532161
2.25421 1535041
2.2566 1537921
2.259 1540801
2.26139 1543681
2.26388 1546561
2.26629 1549441
2.26868 1552321
2.27107 1555201
2.2963 1558081
2.29877 1560961
2.30118 1563841
2.30357 1566721
2.30597 1569601
2.30837 1572481
2.31077 1575361
2.31316 1578241
2.33846 1581121
2.34086 1584001
2.34326 1586881
2.34565 1589761
2.34805 1592641
2.35046 1595521
2.35285 1598401
2.35524 1601281
2.37973 1604161
2.38212 1607041
2.38451 1609921
2.3869 1612801
2.38929 1615681
2.39168 1618561
2.39408 1621441
2.39647 1624321
2.42062 1627201
2.42301 1630081
2.4254 1632961
2.42779 1635841
2.43018 1638721
2.43257 1641601
2.43496 1644481
2.43736 1647361
2.43975 1650241
2.46271 1653121
2.4651 1656001
2.46749 1658881
2.46988 1661761
2.47227 1664641
2.47466 1667521
2.47705 1670401
2.47944 1673281
2.48183 1676161
2.50479 1679041
2.50718 1681921
2.50957 1684801
2.51196 1687681
2.51435 1690561
2.51674 1693441
2.51913 1696321
2.52152 1699201
2.52391 1702081
2.54568 1704961
2.54821 1707841
2.55062 1710721
2.55301 1713601
2.5554 1716481
2.55779 1719361
2.56018 1722241
2.56257 1725121
2.56496 1728001
2.5867 1730881
2.5891 1733761
2.59151 1736641
2.5939 1739521
2.59629 1742401
2.59868 1745281
2.60107 1748161
2.60346 1751041
2.60585 1753921
2.62759 1756801
2.62999 1759681
2.63238 1762561
2.6348 1765441
2.63719 1768321
2.63958 1771201
2.64197 1774081
2.64436 1776961
2.64675 1779841
2.64914 1782721
2.66967 1785601
2.67209 1788481
2.67451 1791361
2.6769 1794241
2.67929 1797121
2.68168 1800001
2.68407 1802881
2.68646 1805761
2.68885 1808641
2.71176 1814401
2.71417 1817281
2.71659 1820161
2.71898 1823041
2.72138 1825921
2.72377 1828801
2.72616 1831681
2.72855 1834561
2.73094 1837441
2.75265 1840321
2.75504 1843201
2.7575 1846081
2.75989 1848961
2.76233 1851841
2.76472 1854721
2.76711 1857601
2.7695 1860481
2.77189 1863361
2.77428 1866241
2.79354 1869121
2.79593 1872001
2.79839 1874881
2.80078 1877761
2.80323 1880641
2.80562 1883521
2.80801 1886401
2.8104 1889281
2.81279 1892161
2.81519 1895041
2.81758 1897921
2.83562 1900801
2.83801 1903681
2.84047 1906561
2.84286 1909441
2.84532 1912321
2.84771 1915201
2.8501 1918081
2.85249 1920961
2.85488 1923841
2.85727 1926721
2.85966 1929601
2.87771 1932481
2.8801 1935361
2.88256 1938241
2.88495 1941121
2.8874 1944001
2.88979 1946881
2.89218 1949761
2.89457 1952641
2.89696 1955521
2.89935 1958401
2.90175 1961281
2.9186 1964161
2.92099 1967041
2.92345 1969921
2.92584 1972801
2.92829 1975681
2.93068 1978561
2.93307 1981441
2.93546 1984321
2.93785 1987201
2.94024 1990081
2.94263 1992961
2.95949 1995841
2.96188 1998721
2.96434 2001601
2.96673 2004481
2.96918 2007361
2.97157 2010241
2.97396 2013121
2.97635 2016001
2.97874 2018881
2.98113 2021761
2.98352 2024641
2.98591 2027521
3.00157 2030401
3.00396 2033281
3.00642 2036161
3.00881 2039041
3.01127 2041921
3.01366 2044801
3.01605 2047681
3.01844 2050561
3.02083 2053441
3.02322 2056321
3.02561 2059201
3.028 2062081
3.04366 2064961
3.04605 2067841
3.04851 2070721
3.0509 2073601
3.05335 2076481
3.05574 2079361
3.05813 2082241
3.06052 2085121
3.06291 2088001
3.0653 2090881
3.06769 2093761
3.07008 2096641
3.08455 2099521
3.08694 2102401
3.0894 2105281
3.09179 2108161
3.09424 2111041
3.09663 2113921
3.09902 2116801
3.10141 2119681
3.1038 2122561
3.10619 2125441
3.10858 2128321
3.11097 2131201
3.12544 2134081
3.12783 2136961
3.13029 2139841
3.13268 2142721
3.13513 2145601
3.13752 2148481
3.13991 2151361
3.1423 2154241
3.14469 2157121
3.14708 2160001
3.14947 2162881
3.15186 2165761
3.16633 2168641
3.16872 2171521
3.17111 2174401
3.1735 2177281
3.17589 2180161
3.17828 2183041
3.18067 2185921
3.18306 2188801
3.18545 2191681
3.18784 2194561
3.19023 2197441
3.19262 2200321
3.19501 2203201
3.20841 2206081
3.2108 2208961
3.21319 2211841
3.21558 2214721
3.21797 2217601
3.22036 2220481
3.22275 2223361
3.22514 2226241
3.22753 2229121
3.22992 2232001
3.23231 2234881
3.23471 2237761
3.2371 2240641
3.2505 2243521
3.25289 2246401
3.25528 2249281
3.26006 2255041
3.26245 2257921
3.26484 2260801
3.26723 2263681
3.26962 2266561
3.27201 2269441
3.2744 2272321
3.27679 2275201
3.27918 2278081
3.29139 2280961
3.29378 2283841
3.29617 2286721
3.30095 2289601
3.30334 2292481
3.30573 2295361
3.30812 2298241
3.31051 2301121
3.3129 2304001
3.31529 2306881
3.31768 2309761
3.32007 2312641
3.32246 2315521
3.33227 2318401
3.33467 2321281
3.33706 2324161
3.34184 2327041
3.34423 2329921
3.34662 2332801
3.34901 2335681
3.3514 2338561
3.35379 2341441
3.35618 2344321
3.35857 2347201
3.36096 2350081
3.36342 2352961
3.36621 2355841
3.37436 2358721
3.37675 2361601
3.37914 2364481
3.38392 2367361
3.38631 2370241
3.3887 2373121
3.39109 2376001
3.39348 2378881
3.39587 2381761
3.39831 2384641
3.4007 2387521
3.40309 2390401
3.4055 2393281
3.40829 2396161
3.41644 2399041
3.41883 2401921
3.42123 2404801
3.42601 2407681
3.4284 2410561
3.43079 2413441
3.43318 2416321
3.43559 2419201
3.43798 2422081
3.44037 2424961
3.44276 2427841
3.44515 2430721
3.44754 2433601
3.44993 2436481
3.45733 2439361
3.45972 2442241
3.46211 2445121
3.4669 2448001
3.46929 2450881
3.47168 2453761
3.47407 2456641
3.47648 2459521
3.47887 2462401
3.48126 2465281
3.48365 2468161
3.48843 2473921
3.49082 2476801
3.49822 2479681
3.50061 2482561
3.503 2485441
3.50779 2488321
3.51018 2491201
3.51257 2494081
3.51496 2496961
3.51737 2499841
3.51976 2502721
3.52215 2505601
3.52454 2508481
3.52693 2511361
3.53052 2514241
3.53291 2517121
3.5353 2520001
3.54031 2522881
3.5427 2525761
3.54509 2528641
3.54987 2531521
3.55226 2534401
3.55465 2537281
3.55704 2540161
3.55945 2543041
3.56184 2545921
3.56423 2548801
3.56662 2551681
3.56902 2554561
3.61604 2600641
3.64125 2603521
3.64364 2606401
3.64603 2609281
3.64854 2612161
3.65093 2615041
3.65456 2617921
3.65695 2620801
3.68343 2623681
3.68582 2626561
3.68823 2629441
3.69063 2632321
3.69302 2635201
3.69664 2638081
3.69903 2640961
3.72552 2643841
3.72791 2646721
3.73031 2649601
3.73271 2652481
3.7351 2655361
3.73873 2658241
3.74112 2661121
3.7676 2664001
3.76999 2666881
3.77238 2669761
3.77477 2672641
3.77716 2675521
3.82291 2700001
3.85896 2702881
3.86147 2705761
3.86386 2708641
3.90104 2711521
3.90355 2714401
3.90594 2717281
3.94322 2720161
3.94561 2723041
3.94803 2725921
3.98411 2728801
3.9865 2731681
3.98892 2734561
4.025 2737441
4.02739 2740321
4.02978 2743201
4.03217 2746081
4.06708 2748961
4.06948 2751841
4.07187 2754721
4.07439 2757601
4.10928 2760481
4.11167 2763361
4.11406 2766241
4.11647 2769121
4.15017 2772001
4.15256 2774881
4.15495 2777761
4.15736 2780641
4.19106 2783521
4.19345 2786401
4.19584 2789281
4.19825 2792161
4.23195 2795041
4.23434 2797921
4.23673 2800801
4.23912 2803681
4.24151 2806561
4.27403 2809441
4.27642 2812321
4.27881 2815201
4.2812 2818081
4.28359 2820961
4.31612 2823841
4.31851 2826721
4.3209 2829601
4.3234 2832481
4.32579 2835361
4.35709 2838241
4.35948 2841121
4.36187 2844001
4.36429 2846881
4.36668 2849761
4.39798 2852641
4.40037 2855521
4.40276 2858401
4.40518 2861281
4.40757 2864161
4.40996 2867041
4.44007 2869921
4.44246 2872801
4.44486 2875681
4.44727 2878561
4.44966 2881441
4.45205 2884321
4.48215 2887201
4.48454 2890081
4.48695 2892961
4.48935 2895841
4.49174 2898721
4.49413 2901601
4.52304 2904481
4.52543 2907361
4.52784 2910241
4.53024 2913121
4.53276 2916001
4.53515 2918881
4.56393 2921761
4.56632 2924641
4.56885 2927521
4.57124 2930401
4.57365 2933281
4.57604 2936161
4.60493 2939041
4.60732 2941921
4.60971 2944801
4.61211 2947681
4.6145 2950561
4.61689 2953441
4.61928 2956321
4.64702 2959201
4.64941 2962081
4.6518 2964961
4.65419 2967841
4.6566 2970721
4.65902 2973601
4.66141 2976481
4.6891 2979361
4.69149 2982241
4.69388 2985121
4.69627 2988001
4.69867 2990881
4.70106 2993761
4.70345 2996641
4.72999 2999521
4.73238 3002401
4.73477 3005281
4.73716 3008161
4.73955 3011041
4.74195 3013921
4.74449 3016801
4.77088 3019681
4.77327 3022561
4.77566 3025441
4.77805 3028321
4.78058 3031201
4.78297 3034081
4.78536 3036961
4.78775 3039841
4.81297 3042721
4.81536 3045601
4.81775 3048481
4.82014 3051361
4.82266 3054241
4.82505 3057121
4.82744 3060001
4.82983 3062881
4.85505 3065761
4.85744 3068641
4.85983 3071521
4.86222 3074401
4.86475 3077281
4.86717 3080161
4.86956 3083041
4.87195 3085921
4.89594 3088801
4.89833 3091681
4.90072 3094561
4.90325 3097441
4.90564 3100321
4.90806 3103201
4.91045 3106081
4.91284 3108961
4.93683 3111841
4.93934 3114721
4.94173 3117601
4.94414 3120481
4.94653 3123361
4.94895 3126241
4.95134 3129121
4.95373 3132001
4.95612 3134881
4.97901 3137761
4.98142 3140641
4.98381 3143521
4.98623 3146401
4.98862 3149281
4.99103 3152161
4.99342 3155041
4.99581 3157921
4.9982 3160801
5.02109 3163681
5.02351 3166561
5.0259 3169441
5.02831 3172321
5.0307 3175201
5.03312 3178081
5.03551 3180961
5.0379 3183841
5.04029 3186721
5.06198 3189601
5.0644 3192481
5.06679 3195361
5.0692 3198241
5.07159 3201121
5.07401 3204001
5.0764 3206881
5.07879 3209761
5.08129 3212641
5.10287 3215521
5.10529 3218401
5.10768 3221281
5.11009 3224161
5.11369 3225601
5.15826 3257281
5.19074 3260161
5.19313 3263041
5.19555 3265921
5.19795 3268801
5.23162 3271681
5.23402 3274561
5.23644 3277441
5.23883 3280321
5.27251 3283201
5.2749 3286081
5.27733 3288961
5.27972 3291841
5.3134 3294721
5.31579 3297601
5.31818 3300481
5.32057 3303361
5.32297 3306241
5.35549 3309121
5.35788 3312001
5.36027 3314881
5.36266 3317761
5.36518 3320641
5.39757 3323521
5.40007 3326401
5.40246 3329281
5.40485 3332161
5.40727 3335041
5.43855 3337921
5.44096 3340801
5.44335 3343681
5.44574 3346561
5.44816 3349441
5.47944 3352321
5.48185 3355201
5.48424 3358081
5.48663 3360961
5.48905 3363841
5.49144 3366721
5.52152 3369601
5.52394 3372481
5.52633 3375361
5.52872 3378241
5.53113 3381121
5.53352 3384001
5.56361 3386881
5.56602 3389761
5.56841 3392641
5.5708 3395521
5.57322 3398401
5.57561 3401281
5.6045 3404161
5.60691 3407041
5.6093 3409921
5.61169 3412801
5.61419 3415681
5.61658 3418561
5.64539 3421441
5.6478 3424321
5.65028 3427201
5.65267 3430081
5.65508 3432961
5.65747 3435841
5.72966 3458881
5.74046 3461761
5.81146 3473281
5.85237 3476161
5.89445 3479041
5.93659 3481921
5.97868 3484801
6.01957 3487681
6.06046 3490561
6.10135 3493441
6.10374 3496321
6.14343 3499201
6.14595 3502081
6.18563 3504961
6.18803 3507841
6.22772 3510721
6.23011 3513601
6.26861 3516481
6.271 3519361
6.3095 3522241
6.31189 3525121
6.31428 3528001
6.35158 3530881
6.35397 3533761
6.35636 3536641
6.39367 3539521
6.39616 3542401
6.39855 3545281
6.43464 3548161
6.43705 3551041
6.43944 3553921
6.47553 3556801
6.47794 3559681
6.48033 3562561
6.51642 3565441
6.51883 3568321
6.52122 3571201
6.52361 3574081
6.5585 3576961
6.56092 3579841
6.56331 3582721
6.5657 3585601
6.60059 3588481
6.603 3591361
6.60539 3594241
6.60778 3597121
6.64148 3600001
6.64389 3602881
6.64637 3605761
6.64876 3608641
6.68245 3611521
6.68484 3614401
6.68726 3617281
6.68965 3620161
6.72334 3623041
6.72573 3625921
6.72812 3628801
6.73051 3631681
6.7329 3634561
6.76543 3637441
6.76782 3640321
6.77021 3643201
6.7726 3646081
6.77499 3648961
6.80751 3651841
6.8099 3654721
6.81229 3657601
6.81468 3660481
6.81707 3663361
6.8484 3666241
6.85079 3669121
6.85318 3672001
6.85557 3674881
6.8581 3677761
6.88929 3680641
6.89179 3683521
6.89418 3686401
6.89657 3689281
6.90021 3690721
6.97117 3710881
6.982 3713761
6.98439 3716641
7.02289 3719521
7.02528 3722401
7.06378 3725281
7.06617 3728161
7.10471 3731041
7.1071 3733921
7.10949 3736801
7.1468 3739681
7.14919 3742561
7.15158 3745441
7.18888 3748321
7.19366 3754081
7.22977 3756961
7.23455 3759841
7.23694 3762721
7.27066 3765601
7.27544 3768481
7.27783 3771361
7.31155 3774241
7.31633 3777121
7.31883 3780001
7.32122 3782881
7.35372 3785761
7.3585 3788641
7.36092 3791521
7.36331 3794401
7.39581 3797281
7.40059 3800161
7.403 3803041
7.40539 3805921
7.4367 3808801
7.44148 3811681
7.44389 3814561
7.44628 3817441
7.47758 3820321
7.48237 3823201
7.48478 3826081
7.48717 3828961
7.51847 3831841
7.52326 3834721
7.52565 3837601
7.52804 3840481
7.53057 3843361
7.56056 3846241
7.56546 3849121
7.56785 3852001
7.57026 3854881
7.57266 3857761
7.60274 3860641
7.60755 3863521
7.60994 3866401
7.61233 3869281
7.61472 3872161
7.64363 3875041
7.64844 3877921
7.65083 3880801
7.65322 3883681
7.65561 3886561
7.68452 3889441
7.68933 3892321
7.69172 3895201
7.69411 3898081
7.6965 3900961
7.69889 3903841
7.72661 3906721
7.73141 3909601
7.7338 3912481
7.73619 3915361
7.73858 3918241
7.74097 3921121
7.76869 3924001
7.7735 3926881
7.77589 3929761
7.7784 3932641
7.78079 3935521
7.7832 3938401
7.80958 3941281
7.8145 3944161
7.81689 3947041
7.81929 3949921
7.82168 3952801
7.82409 3955681
7.85047 3958561
7.85539 3961441
7.85778 3964321
7.86018 3967201
7.86257 3970081
7.86498 3972961
7.89136 3975841
7.89628 3978721
7.89867 3981601
7.90106 3984481
7.90345 3987361
7.90584 3990241
7.90823 3993121
7.93345 3996001
7.93837 3998881
7.94076 4001761
7.94315 4004641
7.94554 4007521
7.94793 4010401
7.95032 4013281
7.97553 4016161
7.98045 4019041
7.98284 4021921
7.98523 4024801
7.98762 4027681
7.99014 4030561
7.99254 4033441
8.01642 4036321
8.02134 4039201
8.02373 4042081
8.02623 4044961
8.02862 4047841
8.03103 4050721
8.03342 4053601
8.05731 4056481
8.06231 4059361
8.0647 4062241
8.06712 4065121
8.06951 4068001
8.0719 4070881
8.07429 4073761
8.07668 4076641
8.09959 4079521
8.1044 4082401
8.10679 4085281
8.1092 4088161
8.11159 4091041
8.11398 4093921
8.11638 4096801
8.11877 4099681
8.14168 4102561
8.14648 4105441
8.14887 4108321
8.15129 4111201
8.15368 4114081
8.15607 4116961
8.15846 4119841
8.16085 4122721
8.18257 4125601
8.18737 4128481
8.18976 4131361
8.19218 4134241
8.19457 4137121
8.19696 4140001
8.19935 4142881
8.20174 4145761
8.22346 4148641
8.22826 4151521
8.23065 4154401
8.23307 4157281
8.23546 4160161
8.23785 4163041
8.24024 4165921
8.24274 4168801
8.24513 4171681
8.26554 4174561
8.27035 4177441
8.27274 4180321
8.27515 4183201
8.27754 4186081
8.28002 4188961
8.28241 4191841
8.28482 4194721
8.28721 4197601
8.30763 4200481
8.31243 4203361
8.31491 4206241
8.3173 4209121
8.31969 4212001
8.3221 4214881
8.32449 4217761
8.32691 4220641
8.3293 4223521
8.3498 4226401
8.35338 4229281
8.3558 4232161
8.35819 4235041
8.36058 4237921
8.36299 4240801
8.36538 4243681
8.3678 4246561
8.3714 4248001
8.43279 4276801
8.43518 4279681
8.44959 4282561
8.45319 4285441
8.47368 4288321
8.47726 4291201
8.49175 4294081
8.49533 4296961
8.51576 4299841
8.51935 4302721
8.53383 4305601
8.53622 4308481
8.55665 4311361
8.56024 4314241
8.57472 4317121
8.57711 4320001
8.59754 4322881
8.6012 4325761
8.61561 4328641
8.618 4331521
8.62039 4334401
8.63967 4337281
8.64328 4340161
8.6577 4343041
8.66009 4345921
8.66248 4348801
8.68176 4351681
8.68537 4354561
8.69978 4357441
8.70217 4360321
8.70467 4363201
8.72384 4366081
8.72626 4368961
8.74075 4371841
8.74314 4374721
8.74556 4377601
8.76473 4380481
8.76714 4383361
8.78164 4386241
8.78403 4389121
8.78645 4392001
8.80562 4394881
8.80803 4397761
8.81053 4400641
8.82373 4403521
8.82612 4406401
8.82853 4409281
8.84781 4412161
8.8502 4415041
8.85262 4417921
8.86581 4420801
8.8682 4423681
8.87062 4426561
8.8899 4429441
8.89229 4432321
8.8947 4435201
8.9079 4438081
8.91029 4440961
8.91268 4443841
8.93079 4446721
8.93318 4449601
8.93559 4452481
8.94879 4455361
8.95118 4458241
8.95368 4461121
8.97168 4464001
8.97407 4466881
8.97648 4469761
8.98976 4472641
8.99215 4475521
8.99454 4478401
8.99693 4481281
9.01376 4484161
9.01615 4487041
9.01857 4489921
9.03185 4492801
9.03424 4495681
9.03663 4498561
9.03904 4501441
9.05585 4504321
9.05824 4507201
9.06074 4510081
9.07393 4512961
9.07632 4515841
9.07871 4518721
9.08113 4521601
9.09682 4524481
9.09921 4527361
9.10163 4530241
9.11482 4533121
9.11721 4536001
9.1196 4538881
9.12202 4541761
9.13771 4544641
9.1401 4547521
9.14252 4550401
9.15571 4553281
9.1581 4556161
9.16049 4559041
9.16291 4561921
9.1786 4564801
9.18099 4567681
9.18338 4570561
9.18577 4573441
9.1978 4576321
9.20019 4579201
9.20269 4582081
9.20508 4584961
9.22069 4587841
9.22308 4590721
9.22547 4593601
9.22786 4596481
9.23997 4599361
9.24236 4602241
9.24477 4605121
9.24716 4608001
9.26277 4610881
9.26516 4613761
9.26755 4616641
9.26994 4619521
9.28086 4622401
9.28325 4625281
9.28566 4628161
9.28805 4631041
9.30366 4633921
9.30605 4636801
9.30855 4639681
9.31094 4642561
9.32174 4645441
9.32414 4648321
9.32655 4651201
9.32894 4654081
9.34463 4656961
9.34702 4659841
9.34944 4662721
9.35183 4665601
9.36263 4668481
9.36502 4671361
9.36742 4674241
9.36981 4677121
9.3722 4680001
9.38672 4682881
9.38911 4685761
9.39152 4688641
9.39391 4691521
9.40472 4694401
9.40711 4697281
9.4095 4700161
9.41189 4703041
9.41441 4705921
9.4288 4708801
9.43119 4711681
9.43361 4714561
9.436 4717441
9.4468 4720321
9.4493 4723201
9.45169 4726081
9.45408 4728961
9.45647 4731841
9.46969 4734721
9.47208 4737601
9.4745 4740481
9.47689 4743361
9.48779 4746241
9.49019 4749121
9.49258 4752001
9.49498 4754881
9.49737 4757761
9.51058 4760641
9.51297 4763521
9.51539 4766401
9.51778 4769281
9.52868 4772161
9.53108 4775041
9.53347 4777921
9.53587 4780801
9.53826 4783681
9.54065 4786561
9.55267 4789441
9.55506 4792321
9.55757 4795201
9.55996 4798081
9.57077 4800961
9.57317 4803841
9.57556 4806721
9.57795 4809601
9.58034 4812481
9.58273 4815361
9.59485 4818241
9.59724 4821121
9.59966 4824001
9.60205 4826881
9.61285 4829761
9.61525 4832641
9.61764 4835521
9.62004 4838401
9.62243 4841281
9.62482 4844161
9.63574 4847041
9.63813 4849921
9.64055 4852801
9.64294 4855681
9.65374 4858561
9.65614 4861441
9.65853 4864321
9.66093 4867201
9.66344 4870081
9.66583 4872961
9.67663 4875841
9.67902 4878721
9.68144 4881601
9.68383 4884481
9.69463 4887361
9.69703 4890241
9.69952 4893121
9.70191 4896001
9.70433 4898881
9.70672 4901761
9.71752 4904641
9.71991 4907521
9.7223 4910401
9.72469 4913281
9.72708 4916161
9.73682 4919041
9.73922 4921921
9.74162 4924801
9.74401 4927681
9.74641 4930561
9.7488 4933441
9.75961 4936321
9.762 4939201
9.76439 4942081
9.76678 4944961
9.76917 4947841
9.7789 4950721
9.78131 4953601
9.78371 4956481
9.7861 4959361
9.7885 4962241
9.79089 4965121
9.80169 4968001
9.80408 4970881
9.80647 4973761
9.809 4976641
9.81139 4979521
9.81979 4982401
9.8222 4985281
9.8246 4988161
9.82699 4991041
9.82939 4993921
9.83178 4996801
9.84258 4999681
9.84509 5002561
9.84748 5005441
9.84989 5008321
9.85228 5011201
9.86068 5014081
9.86309 5016961
9.86548 5019841
9.86788 5022721
9.87027 5025601
9.87267 5028481
9.88356 5031361
9.88598 5034241
9.88837 5037121
9.89078 5040001
9.89317 5042881
9.89556 5045761
9.90276 5048641
9.90517 5051521
9.90757 5054401
9.90996 5057281
9.91236 5060161
9.91475 5063041
9.92565 5065921
9.92806 5068801
9.93045 5071681
9.93286 5074561
9.93526 5077441
9.93765 5080321
9.94485 5083201
9.94726 5086081
9.94965 5088961
9.95214 5091841
9.95454 5094721
9.95693 5097601
9.96773 5100481
9.97014 5103361
9.97254 5106241
9.97495 5109121
9.97734 5112001
9.97973 5114881
9.98584 5117761
9.98823 5120641
9.99062 5123521
9.99303 5126401
9.99542 5129281
9.99782 5132161
10.0086 5135041
10.011 5137921
10.0134 5140801
10.0158 5143681
10.0182 5146561
10.0207 5149441
10.0267 5152321
10.0291 5155201
10.0315 5158081
10.0339 5160961
10.0363 5163841
10.0387 5166721
10.0929 5207041
10.1145 5209921
10.1169 5212801
10.1193 5215681
10.1217 5218561
10.1314 5221441
10.1338 5224321
10.1566 5227201
10.159 5230081
10.1614 5232961
10.1638 5235841
10.2168 5256001
10.2469 5258881
10.2565 5261761
10.2878 5264641
10.2986 5266081
10.3708 5276161
10.4117 5279041
10.4538 5281921
10.4959 5284801
10.538 5287681
10.5788 5290561
10.6197 5293441
10.6606 5296321
10.663 5299201
10.7028 5302081
10.7858 5310721
10.8267 5313601
10.8688 5316481
10.9109 5319361
10.953 5322241
10.9939 5325121
11.0348 5328001
11.0757 5330881
11.0781 5333761
11.1177 5336641
11.1201 5339521
11.1598 5342401
11.1623 5345281
11.202 5348161
11.2044 5351041
11.2429 5353921
11.2453 5356801
11.2838 5359681
11.2862 5362561
11.2886 5365441
11.3259 5368321
11.3283 5371201
11.3306 5374081
11.368 5376961
11.3703 5379841
11.3729 5382721
11.409 5385601
11.4113 5388481
11.415 5389921
11.4919 5402881
11.5328 5405761
11.5749 5408641
11.617 5411521
11.658 5414401
11.6988 5417281
11.7397 5420161
11.7421 5423041
11.7818 5425921
11.7842 5428801
11.8239 5431681
11.8263 5434561
11.866 5437441
11.8684 5440321
11.907 5443201
11.9094 5446081
11.9479 5448961
11.9502 5451841
11.9526 5454721
11.9899 5457601
11.9923 5460481
11.9947 5463361
12.032 5466241
12.0344 5469121
12.0368 5472001
12.0729 5474881
12.0753 5477761
12.0777 5480641
12.1138 5483521
12.1162 5486401
12.1186 5489281
12.1548 5492161
12.1572 5495041
12.1596 5497921
12.162 5500801
12.1969 5503681
12.1993 5506561
12.2017 5509441
12.2041 5512321
12.239 5515201
12.2414 5518081
12.2438 5520961
12.2462 5523841
12.2799 5526721
12.2835 5528161
12.3279 5544001
12.3677 5546881
12.4085 5549761
12.4494 5552641
12.4518 5555521
12.4915 5558401
12.4939 5561281
12.5336 5564161
12.536 5567041
12.5757 5569921
12.5781 5572801
12.6166 5575681
12.619 5578561
12.6575 5581441
12.6599 5584321
12.6622 5587201
12.6996 5590081
12.7019 5592961
12.7043 5595841
12.7416 5598721
12.744 5601601
12.7466 5604481
12.7838 5607361
12.7862 5610241
12.7886 5613121
12.8247 5616001
12.8271 5618881
12.8295 5621761
12.8656 5624641
12.868 5627521
12.8704 5630401
12.8728 5633281
12.9077 5636161
12.9101 5639041
12.9125 5641921
12.9149 5644801
12.9498 5647681
12.9522 5650561
12.9546 5653441
12.957 5656321
12.9907 5659201
12.9931 5662081
12.9955 5664961
12.998 5667841
13.0316 5670721
13.034 5673601
13.0364 5676481
13.0388 5679361
13.0725 5682241
13.0749 5685121
13.0773 5688001
13.0797 5690881
13.0821 5693761
13.1146 5696641
13.117 5699521
13.1194 5702401
13.1218 5705281
13.1242 5708161
13.1567 5711041
13.1591 5713921
13.1615 5716801
13.1639 5719681
13.1662 5722561
13.1976 5725441
13.2 5728321
13.2024 5731201
13.2047 5734081
13.2071 5736961
13.2385 5739841
13.2409 5742721
13.2432 5745601
13.2458 5748481
13.2482 5751361
13.2505 5754241
13.2807 5757121
13.283 5760001
13.2854 5762881
13.2878 5765761
13.2902 5768641
13.2926 5771521
13.3227 5774401
13.3251 5777281
13.3275 5780161
13.3299 5783041
13.3323 5785921
13.3347 5788801
13.3636 5791681
13.366 5794561
13.3684 5797441
13.3708 5800321
13.3732 5803201
13.3756 5806081
13.4045 5808961
13.4069 5811841
13.4093 5814721
13.4117 5817601
13.4141 5820481
13.4165 5823361
13.4454 5826241
13.4478 5829121
13.4502 5832001
13.4526 5834881
13.455 5837761
13.4575 5840641
13.4599 5843521
13.4875 5846401
13.4899 5849281
13.4923 5852161
13.4948 5855041
13.4972 5857921
13.4996 5860801
13.502 5863681
13.5297 5866561
13.5321 5869441
13.5344 5872321
13.5369 5875201
13.5392 5878081
13.5417 5880961
13.5441 5883841
13.5706 5886721
13.5729 5889601
13.5753 5892481
13.5777 5895361
13.5801 5898241
13.5826 5901121
13.5849 5904001
13.6114 5906881
13.6138 5909761
13.6162 5912641
13.6186 5915521
13.621 5918401
13.6234 5921281
13.6258 5924161
13.6282 5927041
13.6535 5929921
13.6559 5932801
13.6583 5935681
13.6607 5938561
13.6631 5941441
13.6655 5944321
13.6679 5947201
13.6704 5950081
13.6956 5952961
13.698 5955841
13.7004 5958721
13.7028 5961601
13.7053 5964481
13.7077 5967361
13.7101 5970241
13.7125 5973121
13.7365 5976001
13.7389 5978881
13.7414 5981761
13.7438 5984641
13.7462 5987521
13.7486 5990401
13.751 5993281
13.7534 5996161
13.7775 5999041
13.7799 6001921
13.7823 6004801
13.7847 6007681
13.7871 6010561
13.7895 6013441
13.7919 6016321
13.7943 6019201
13.7967 6022081
13.8196 6024961
13.822 6027841
13.8244 6030721
13.8268 6033601
13.8292 6036481
13.8316 6039361
13.834 6042241
13.8364 6045121
13.8388 6048001
13.8617 6050881
13.8641 6053761
13.8665 6056641
13.8689 6059521
13.8713 6062401
13.8737 6065281
13.8761 6068161
13.8785 6071041
13.8808 6073921
13.9025 6076801
13.9049 6079681
13.9074 6082561
13.9098 6085441
13.9122 6088321
13.9146 6091201
13.917 6094081
13.9194 6096961
13.9218 6099841
13.9434 6102721
13.9458 6105601
13.9482 6108481
13.9506 6111361
13.953 6114241
13.9555 6117121
13.9579 6120001
13.9603 6122881
13.9627 6125761
13.9843 6128641
13.9867 6131521
13.9892 6134401
13.9916 6137281
13.994 6140161
13.9964 6143041
13.9988 6145921
14.0012 6148801
14.0036 6151681
14.006 6154561
14.0265 6157441
14.0289 6160321
14.0313 6163201
14.0337 6166081
14.0361 6168961
14.0385 6171841
14.0409 6174721
14.0433 6177601
14.0457 6180481
14.0481 6183361
14.0686 6186241
14.071 6189121
14.0734 6192001
14.0758 6194881
14.0782 6197761
14.0806 6200641
14.0829 6203521
14.0853 6206401
14.0877 6209281
14.0901 6212161
14.1095 6215041
14.1119 6217921
14.1143 6220801
14.1167 6223681
14.1191 6226561
14.1214 6229441
14.1238 6232321
14.1262 6235201
14.1286 6238081
14.1312 6240961
14.1504 6243841
14.1528 6246721
14.1552 6249601
14.1576 6252481
14.1599 6255361
14.1623 6258241
14.1647 6261121
14.1673 6264001
14.1696 6266881
14.172 6269761
14.1744 6272641
14.1924 6275521
14.1948 6278401
14.1973 6281281
14.1996 6284161
14.2021 6287041
14.2045 6289921
14.2069 6292801
14.2093 6295681
14.2117 6298561
14.2141 6301441
14.2165 6304321
14.2345 6307201
14.237 6310081
14.2394 6312961
14.2418 6315841
14.2442 6318721
14.2466 6321601
14.249 6324481
14.2514 6327361
14.2538 6330241
14.2562 6333121
14.2586 6336001
14.2755 6338881
14.2779 6341761
14.2803 6344641
14.2827 6347521
14.2851 6350401
14.2875 6353281
14.2899 6356161
14.2923 6359041
14.2947 6361921
14.2971 6364801
14.2995 6367681
14.3164 6370561
14.3188 6373441
14.3212 6376321
14.3236 6379201
14.326 6382081
14.3284 6384961
14.3308 6387841
14.3332 6390721
14.3356 6393601
14.338 6396481
14.3403 6399361
14.3429 6402241
14.3585 6405121
14.3609 6408001
14.3633 6410881
14.3657 6413761
14.3681 6416641
14.3705 6419521
14.3729 6422401
14.3753 6425281
14.3778 6428161
14.3802 6431041
14.3826 6433921
14.385 6436801
14.4006 6439681
14.403 6442561
14.4054 6445441
14.4078 6448321
14.4102 6451201
14.4126 6454081
14.4151 6456961
14.4175 6459841
14.4199 6462721
14.4223 6465601
14.4247 6468481
14.4271 6471361
14.4415 6474241
14.4439 6477121
14.4463 6480001
14.4487 6482881
14.4511 6485761
14.4535 6488641
14.456 6491521
14.4583 6494401
14.4608 6497281
14.4631 6500161
14.4655 6503041
14.468 6505921
14.4823 6508801
14.4848 6511681
14.4872 6514561
14.4896 6517441
14.492 6520321
14.4944 6523201
14.4968 6526081
14.4992 6528961
14.5016 6531841
14.504 6534721
14.5064 6537601
14.5088 6540481
14.5112 6543361
14.5245 6546241
14.5269 6549121
14.5293 6552001
14.5317 6554881
14.5341 6557761
14.5365 6560641
14.5389 6563521
14.5413 6566401
14.5437 6569281
14.5461 6572161
14.5485 6575041
14.5509 6577921
14.5533 6580801
14.5666 6583681
14.569 6586561
14.5714 6589441
14.5738 6592321
14.5762 6595201
14.5786 6598081
14.581 6600961
14.5834 6603841
14.5858 6606721
14.5882 6609601
14.5906 6612481
14.5931 6615361
14.5955 6618241
14.6075 6621121
14.6099 6624001
14.6123 6626881
14.6159 6628321
14.6604 6670081
14.6785 6672961
14.6905 6675841
14.6929 6678721
14.6953 6681601
14.699 6684481
14.7014 6687361
14.7206 6690241
14.7326 6693121
14.735 6696001
14.7374 6698881
14.741 6701761
14.7434 6704641
14.7626 6707521
14.7735 6710401
14.7759 6713281
14.7783 6716161
14.7819 6719041
14.7843 6721921
14.8035 6724801
14.8144 6727681
14.8168 6730561
14.8192 6733441
14.8228 6736321
14.8252 6739201
14.8445 6742081
14.8553 6744961
14.8577 6747841
14.8601 6750721
14.8625 6753601
14.8649 6756481
14.8673 6759361
14.8866 6762241
14.8974 6765121
14.8998 6768001
14.9022 6770881
14.9046 6773761
14.907 6776641
14.9094 6779521
14.9287 6782401
14.9395 6785281
14.9419 6788161
14.9443 6791041
14.9468 6793921
14.9492 6796801
14.9516 6799681
14.9696 6802561
14.9804 6805441
14.9829 6808321
14.9853 6811201
14.9877 6814081
14.9901 6816961
14.9924 6819841
15.0105 6822721
15.0213 6825601
15.0237 6828481
15.0261 6831361
15.0286 6834241
15.0309 6837121
15.0333 6840001
15.0357 6842881
15.0526 6845761
15.0634 6848641
15.0658 6851521
15.0682 6854401
15.0706 6857281
15.073 6860161
15.0754 6863041
15.0778 6865921
15.0947 6868801
15.1055 6871681
15.1079 6874561
15.1103 6877441
15.1127 6880321
15.1151 6883201
15.1175 6886081
15.1199 6888961
15.1356 6891841
15.1464 6894721
15.1488 6897601
15.1512 6900481
15.1536 6903361
15.156 6906241
15.1585 6909121
15.1609 6912001
15.1765 6914881
15.1873 6917761
15.1897 6920641
15.1921 6923521
15.1946 6926401
15.197 6929281
15.1994 6932161
15.2018 6935041
15.2174 6937921
15.2198 6940801
15.2294 6943681
15.2319 6946561
15.2343 6949441
15.2367 6952321
15.2391 6955201
15.2415 6958081
15.2439 6960961
15.2595 6963841
15.2619 6966721
15.2715 6969601
15.274 6972481
15.2763 6975361
15.2788 6978241
15.2811 6981121
15.2836 6984001
15.286 6986881
15.3016 6989761
15.304 6992641
15.3124 6995521
15.3148 6998401
15.3172 7001281
15.3196 7004161
15.322 7007041
15.3245 7009921
15.3268 7012801
15.3425 7015681
15.3449 7018561
15.3533 7021441
15.3557 7024321
15.3581 7027201
15.3605 7030081
15.3629 7032961
15.3653 7035841
15.3677 7038721
15.3834 7041601
15.3858 7044481
15.3942 7047361
15.3966 7050241
15.399 7053121
15.4014 7056001
15.4038 7058881
15.4062 7061761
15.4087 7064641
15.4111 7067521
15.4255 7070401
15.4279 7073281
15.4363 7076161
15.4387 7079041
15.4411 7081921
15.4436 7084801
15.446 7087681
15.4484 7090561
15.4508 7093441
15.4532 7096321
15.4676 7099201
15.47 7102081
15.5218 7135201
15.5373 7138081
15.5506 7140961
15.553 7143841
15.5615 7146721
15.5782 7149601
15.5915 7152481
15.5939 7155361
15.6023 7158241
15.6191 7161121
15.6215 7164001
15.6336 7166881
15.636 7169761
15.6444 7172641
15.6612 7175521
15.6636 7178401
15.6757 7181281
15.6781 7184161
15.6865 7187041
15.7033 7189921
15.7057 7192801
15.7178 7195681
15.7202 7198561
15.7274 7201441
15.7443 7204321
15.7467 7207201
15.7587 7210081
15.7611 7212961
15.7683 7215841
15.7852 7218721
15.7876 7221601
15.7996 7224481
15.802 7227361
15.8043 7230241
15.8104 7233121
15.8273 7236001
15.8297 7238881
15.8417 7241761
15.844 7244641
15.8464 7247521
15.8525 7250401
15.8693 7253281
15.8717 7256161
15.8837 7259041
15.8862 7261921
15.8886 7264801
15.8946 7267681
15.9102 7270561
15.9126 7273441
15.9247 7276321
15.9271 7279201
15.9295 7282081
15.9355 7284961
15.9511 7287841
15.9535 7290721
15.9656 7293601
15.968 7296481
15.9704 7299361
15.9764 7302241
15.9921 7305121
15.9945 7308001
15.9969 7310881
16.0077 7313761
16.0101 7316641
16.0125 7319521
16.0185 7322401
16.0342 7325281
16.0366 7328161
16.039 7331041
16.0498 7333921
16.0522 7336801
16.0546 7339681
16.0607 7342561
16.0763 7345441
16.0787 7348321
16.0811 7351201
16.0907 7354081
16.0931 7356961
16.0956 7359841
16.1016 7362721
16.1172 7365601
16.1196 7368481
16.122 7371361
16.1317 7374241
16.1341 7377121
16.1365 7380001
16.1425 7382881
16.1581 7385761
16.1605 7388641
16.1629 7391521
16.1726 7394401
16.175 7397281
16.1773 7400161
16.1797 7403041
16.1846 7405921
16.2001 7408801
16.2026 7411681
16.205 7414561
16.2146 7417441
16.217 7420321
16.2195 7423201
16.2218 7426081
16.2266 7428961
16.2422 7431841
16.2471 7437601
16.2567 7440481
16.2591 7443361
16.2615 7446241
16.2639 7449121
16.2675 7452001
16.2831 7454881
16.288 7457761
16.2904 7460641
16.2976 7463521
16.3 7466401
16.3024 7469281
16.3048 7472161
16.3085 7475041
16.324 7477921
16.3289 7480801
16.3313 7483681
16.3385 7486561
16.3409 7489441
16.3434 7492321
16.3458 7495201
16.3494 7498081
16.365 7500961
16.3674 7503841
16.371 7506721
16.3734 7509601
16.3807 7512481
16.3831 7515361
16.3855 7518241
16.3879 7521121
16.3915 7524001
16.4071 7526881
16.4095 7529761
16.4132 7532641
16.4156 7535521
16.4228 7538401
16.4252 7541281
16.4276 7544161
16.43 7547041
16.4336 7549921
16.4493 7552801
16.4517 7555681
16.4541 7558561
16.4565 7561441
16.466 7567201
16.4685 7570081
16.4709 7572961
16.4745 7575841
16.4902 7578721
16.4925 7581601
16.495 7584481
16.4974 7587361
16.5069 7590241
16.5094 7593121
16.5117 7596001
16.5141 7598881
16.5165 7601761
16.531 7604641
16.5334 7607521
16.5359 7610401
16.5382 7613281
16.5478 7616161
16.5936 7647841
16.6188 7650721
16.6212 7653601
16.6309 7656481
16.6333 7659361
16.6597 7662241
16.6622 7665121
16.6718 7668001
16.6742 7670881
16.7007 7673761
16.7031 7676641
16.7127 7679521
16.7151 7682401
16.7416 7685281
16.744 7688161
16.7464 7691041
16.7548 7693921
16.7572 7696801
16.7836 7699681
16.7861 7702561
16.7885 7705441
16.7969 7708321
16.7993 7711201
16.8257 7714081
16.8281 7716961
16.8306 7719841
16.8378 7722721
16.8402 7725601
16.8666 7728481
16.869 7731361
16.8715 7734241
16.8787 7737121
16.8811 7740001
16.9075 7742881
16.9099 7745761
16.9124 7748641
16.9196 7751521
16.922 7754401
16.9244 7757281
16.9497 7760161
16.9521 7763041
16.9545 7765921
16.9617 7768801
16.9641 7771681
16.9665 7774561
16.9918 7777441
16.9941 7780321
16.9966 7783201
17.0038 7786081
17.0062 7788961
17.0086 7791841
17.0326 7794721
17.0351 7797601
17.0375 7800481
17.0447 7803361
17.0471 7806241
17.0495 7809121
17.0736 7812001
17.076 7814881
17.0784 7817761
17.0856 7820641
17.088 7823521
17.0904 7826401
17.1144 7829281
17.1169 7832161
17.1192 7835041
17.1216 7837921
17.1276 7840801
17.13 7843681
17.1324 7846561
17.1565 7849441
17.1589 7852321
17.1613 7855201
17.1637 7858081
17.1697 7860961
17.1721 7863841
17.1745 7866721
17.1986 7869601
17.201 7872481
17.2034 7875361
17.2058 7878241
17.2106 7881121
17.2131 7884001
17.2155 7886881
17.2395 7889761
17.2419 7892641
17.2443 7895521
17.2467 7898401
17.2516 7901281
17.254 7904161
17.2564 7907041
17.2804 7909921
17.2828 7912801
17.2853 7915681
17.2877 7918561
17.2925 7921441
17.2949 7924321
17.2973 7927201
17.2996 7930081
17.3226 7932961
17.325 7935841
17.3274 7938721
17.3298 7941601
17.3346 7944481
17.337 7947361
17.3393 7950241
17.3417 7953121
17.3646 7956001
17.367 7958881
17.3695 7961761
17.3718 7964641
17.3766 7967521
17.379 7970401
17.3814 7973281
17.3838 7976161
17.4055 7979041
17.4079 7981921
17.4103 7984801
17.4127 7987681
17.4175 7990561
17.4199 7993441
17.4223 7996321
17.4247 7999201
17.4464 8002081
17.4488 8004961
17.4512 8007841
17.4536 8010721
17.4584 8013601
17.4609 8016481
17.4633 8019361
17.4657 8022241
17.4681 8025121
17.4885 8028001
17.4909 8030881
17.4933 8033761
17.4958 8036641
17.5006 8039521
17.503 8042401
17.5054 8045281
17.5078 8048161
17.5102 8051041
17.5306 8053921
17.5331 8056801
17.5355 8059681
17.5379 8062561
17.5427 8065441
17.5451 8068321
17.5475 8071201
17.5499 8074081
17.5523 8076961
17.5728 8079841
17.5752 8082721
17.5775 8085601
17.5799 8088481
17.5836 8091361
17.586 8094241
17.5908 8100001
17.5932 8102881
17.6137 8105761
17.616 8108641
17.6184 8111521
17.6208 8114401
17.6245 8117281
17.6269 8120161
17.6317 8123041
17.634 8125921
17.6364 8128801
17.6545 8131681
17.6569 8134561
17.6593 8137441
17.6617 8140321
17.6641 8143201
17.6665 8146081
17.669 8148961
17.6738 8151841
17.6762 8154721
17.6786 8157601
17.6966 8160481
17.699 8163361
17.7014 8166241
17.7038 8169121
17.7062 8172001
17.7086 8174881
17.7111 8177761
17.7159 8180641
17.7183 8183521
17.7207 8186401
17.7387 8189281
17.7411 8192161
17.7435 8195041
17.746 8197921
17.7484 8200801
17.7508 8203681
17.7532 8206561
17.7568 8209441
17.7592 8212321
17.7616 8215201
17.7797 8218081
17.7821 8220961
17.7845 8223841
17.7869 8226721
17.7893 8229601
17.7917 8232481
17.7941 8235361
17.7977 8238241
17.8001 8241121
17.8025 8244001
17.8206 8246881
17.823 8249761
17.8254 8252641
17.8278 8255521
17.8302 8258401
17.8326 8261281
17.835 8264161
17.8374 8267041
17.8398 8269921
17.8422 8272801
17.8446 8275681
17.8627 8278561
17.8651 8281441
17.8675 8284321
17.8699 8287201
17.8723 8290081
17.8747 8292961
17.8771 8295841
17.8819 8301601
17.8843 8304481
17.8867 8307361
17.9048 8310241
17.9072 8313121
17.9096 8316001
17.912 8318881
17.9144 8321761
17.9167 8324641
17.9191 8327521
17.924 8330401
17.9264 8333281
17.9287 8336161
17.9311 8339041
17.9457 8341921
17.948 8344801
17.9504 8347681
17.9529 8350561
17.9552 8353441
17.9576 8356321
17.96 8359201
17.9649 8362081
17.9685 8363521
18.013 8399521
18.0406 8402401
18.043 8405281
18.0479 8408161
18.0514 8411041
18.0539 8413921
18.0827 8416801
18.0851 8419681
18.0899 8422561
18.0935 8425441
18.096 8428321
18.1248 8431201
18.1272 8434081
18.1308 8436961
18.1344 8439841
18.1368 8442721
18.1657 8445601
18.1681 8448481
18.1717 8451361
18.1753 8454241
18.1777 8457121
18.2066 8460001
18.209 8462881
18.2114 8465761
18.2138 8468641
18.2174 8471521
18.2198 8474401
18.2487 8477281
18.2511 8480161
18.2535 8483041
18.2559 8485921
18.2595 8488801
18.262 8491681
18.2908 8494561
18.2932 8497441
18.2957 8500321
18.2993 8501761
18.3437 8523361
18.3811 8526241
18.3835 8529121
18.422 8532001
18.4243 8534881
18.4629 8537761
18.4652 8540641
18.4676 8543521
18.5049 8546401
18.5073 8549281
18.5098 8552161
18.5471 8555041
18.5495 8557921
18.5519 8560801
18.588 8563681
18.5903 8566561
18.5928 8569441
18.6288 8572321
18.6312 8575201
18.6337 8578081
18.6697 8580961
18.6721 8583841
18.6745 8586721
18.6769 8589601
18.7118 8592481
18.7142 8595361
18.7166 8598241
18.719 8601121
18.7539 8604001
18.7563 8606881
18.7587 8609761
18.7611 8612641
18.7948 8615521
18.7972 8618401
18.7997 8621281
18.8021 8624161
18.8358 8627041
18.8382 8629921
18.8406 8632801
18.843 8635681
18.8454 8638561
18.8779 8641441
18.8803 8644321
18.8827 8647201
18.8851 8650081
18.8875 8652961
18.92 8655841
18.9223 8658721
18.9248 8661601
18.9272 8664481
18.9295 8667361
18.962 8670241
18.9644 8673121
18.9668 8676001
18.9692 8678881
18.9716 8681761
19.0029 8684641
19.0053 8687521
19.0077 8690401
19.0101 8693281
19.0126 8696161
19.0438 8699041
19.0462 8701921
19.0487 8704801
19.0511 8707681
19.0535 8710561
19.0559 8713441
19.086 8716321
19.0884 8719201
19.0908 8722081
19.0932 8724961
19.0956 8727841
19.098 8730721
19.1281 8733601
19.1305 8736481
19.1329 8739361
19.1353 8742241
19.1377 8745121
19.14 8748001
19.169 8750881
19.1714 8753761
19.1738 8756641
19.1762 8759521
19.1785 8762401
19.1809 8765281
19.2099 8768161
19.2122 8771041
19.2147 8773921
19.217 8776801
19.2194 8779681
19.2218 8782561
19.2244 8785441
19.2519 8788321
19.2543 8791201
19.2567 8794081
19.2591 8796961
19.2616 8799841
19.264 8802721
19.2664 8805601
19.294 8808481
19.2965 8811361
19.2989 8814241
19.3037 8820001
19.3061 8822881
19.3085 8825761
19.3349 8828641
19.3374 8831521
19.3398 8834401
19.3446 8837281
19.347 8840161
19.3494 8843041
19.3518 8845921
19.3759 8848801
19.3783 8851681
19.3807 8854561
19.3855 8857441
19.3879 8860321
19.3903 8863201
19.3927 8866081
19.4168 8868961
19.4192 8871841
19.4216 8874721
19.424 8877601
19.4276 8880481
19.43 8883361
19.4324 8886241
19.4348 8889121
19.4589 8892001
19.4613 8894881
19.4637 8897761
19.4661 8900641
19.4697 8903521
19.4722 8906401
19.4746 8909281
19.4769 8912161
19.5009 8915041
19.5034 8917921
19.5058 8920801
19.5082 8923681
19.5106 8926561
19.5131 8929441
19.5154 8932321
19.5178 8935201
19.5418 8938081
19.5443 8940961
19.5467 8943841
19.5491 8946721
19.5515 8949601
19.5539 8952481
19.5563 8955361
19.5587 8958241
19.5828 8961121
19.5852 8964001
19.5876 8966881
19.59 8969761
19.5924 8972641
19.5948 8975521
19.5972 8978401
19.6429 9007201
19.6766 9010081
19.679 9012961
19.6814 9015841
19.6838 9018721
19.7187 9021601
19.7212 9024481
19.7236 9027361
19.726 9030241
19.7608 9033121
19.7633 9036001
19.7656 9038881
19.768 9041761
19.8029 9044641
19.8053 9047521
19.8077 9050401
19.8101 9053281
19.8438 9056161
19.8462 9059041
19.8486 9061921
19.851 9064801
19.8847 9067681
19.8871 9070561
19.8895 9073441
19.8919 9076321
19.8943 9079201
19.9268 9082081
19.9292 9084961
19.9316 9087841
19.9341 9090721
19.9365 9093601
19.969 9096481
19.9714 9099361
19.9738 9102241
19.9762 9105121
19.9786 9108001
20.0099 9110881
20.0123 9113761
20.0147 9116641
20.0171 9119521
20.0195 9122401
20.0508 9125281
20.0532 9128161
20.0556 9131041
20.058 9133921
20.0604 9136801
20.0628 9139681
20.0929 9142561
20.0953 9145441
20.0977 9148321
20.1025 9154081
20.1049 9156961
20.135 9159841
20.1374 9162721
20.1397 9165601
20.1445 9168481
20.147 9171361
20.1494 9174241
20.177 9177121
20.1794 9180001
20.1819 9182881
20.1854 9185761
20.1879 9188641
20.1903 9191521
20.218 9194401
20.2204 9197281
20.2228 9200161
20.2263 9203041
20.2288 9205921
20.2312 9208801
20.2589 9211681
20.2613 9214561
20.2637 9217441
20.2661 9220321
20.2685 9223201
20.2709 9226081
20.2733 9228961
20.301 9231841
20.3034 9234721
20.3058 9237601
20.3082 9240481
20.3106 9243361
20.313 9246241
20.3154 9249121
20.3431 9252001
20.3455 9254881
20.3479 9257761
20.3503 9260641
20.3527 9263521
20.3551 9266401
20.3575 9269281
20.384 9272161
20.3864 9275041
20.3888 9277921
20.3912 9280801
20.3936 9283681
20.3961 9286561
20.3985 9289441
20.4249 9292321
20.4273 9295201
20.4298 9298081
20.4322 9300961
20.4346 9303841
20.437 9306721
20.4394 9309601
20.4417 9312481
20.4671 9315361
20.4695 9318241
20.4719 9321121
20.4743 9324001
20.4766 9326881
20.479 9329761
20.4814 9332641
20.4838 9335521
20.5091 9338401
20.5115 9341281
20.514 9344161
20.5163 9347041
20.5187 9349921
20.5211 9352801
20.5235 9355681
20.5259 9358561
20.55 9361441
20.5524 9364321
20.5548 9367201
20.5572 9370081
20.5596 9372961
20.562 9375841
20.5644 9378721
20.5668 9381601
20.5909 9384481
20.5933 9387361
20.5957 9390241
20.5981 9393121
20.6005 9396001
20.6029 9398881
20.6053 9401761
20.6077 9404641
20.6318 9407521
20.6342 9410401
20.6366 9413281
20.639 9416161
20.6414 9419041
20.6438 9421921
20.6462 9424801
20.6486 9427681
20.651 9430561
20.6739 9433441
20.6763 9436321
20.6787 9439201
20.6811 9442081
20.6835 9444961
20.6859 9447841
20.6883 9450721
20.6907 9453601
20.6931 9456481
20.716 9459361
20.7184 9462241
20.7208 9465121
20.7232 9468001
20.7256 9470881
20.728 9473761
20.7304 9476641
20.7327 9479521
20.7351 9482401
20.7569 9485281
20.7593 9488161
20.7617 9491041
20.7641 9493921
20.7665 9496801
20.7688 9499681
20.7712 9502561
20.7736 9505441
20.776 9508321
20.7978 9511201
20.8002 9514081
20.8026 9516961
20.805 9519841
20.8073 9522721
20.8097 9525601
20.8121 9528481
20.8146 9531361
20.817 9534241
20.8194 9537121
20.8398 9540001
20.8422 9542881
20.8447 9545761
20.847 9548641
20.8495 9551521
20.8519 9554401
20.8543 9557281
20.8567 9560161
20.8591 9563041
20.8615 9565921
20.8819 9568801
20.8844 9571681
20.8868 9574561
20.8892 9577441
20.8916 9580321
20.894 9583201
20.8964 9586081
20.8988 9588961
20.9012 9591841
20.9036 9594721
20.9229 9597601
20.9253 9600481
20.9277 9603361
20.9734 9636481
21.0059 9639361
21.0083 9642241
21.0107 9645121
21.0131 9648001
21.0468 9650881
21.0492 9653761
21.0516 9656641
21.054 9659521
21.0877 9662401
21.0901 9665281
21.0924 9668161
21.0948 9671041
21.0973 9673921
21.1297 9676801
21.1322 9679681
21.1346 9682561
21.137 9685441
21.1394 9688321
21.1718 9691201
21.1743 9694081
21.1767 9696961
21.1791 9699841
21.1815 9702721
21.2127 9705601
21.2152 9708481
21.2176 9711361
21.22 9714241
21.2224 9717121
21.2537 9720001
21.2561 9722881
21.2609 9728641
21.2633 9731521
21.2657 9734401
21.2958 9737281
21.2982 9740161
21.303 9743041
21.3054 9745921
21.3079 9748801
21.3103 9751681
21.3379 9754561
21.3403 9757441
21.3452 9760321
21.3476 9763201
21.35 9766081
21.3524 9768961
21.3801 9771841
21.3825 9774721
21.3861 9777601
21.3885 9780481
21.3909 9783361
21.3933 9786241
21.421 9789121
21.4234 9792001
21.427 9794881
21.4294 9797761
21.4318 9800641
21.4342 9803521
21.4619 9806401
21.4643 9809281
21.4666 9812161
21.4691 9815041
21.4715 9817921
21.4739 9820801
21.4763 9823681
21.504 9826561
21.5063 9829441
21.5087 9832321
21.5111 9835201
21.5135 9838081
21.516 9840961
21.5184 9843841
21.546 9846721
21.5484 9849601
21.5508 9852481
21.5532 9855361
21.5557 9858241
21.5581 9861121
21.5605 9864001
21.5869 9866881
21.5893 9869761
21.5918 9872641
21.5942 9875521
21.5966 9878401
21.599 9881281
21.6014 9884161
21.6278 9887041
21.6302 9889921
21.6327 9892801
21.6351 9895681
21.6375 9898561
21.6399 9901441
21.6423 9904321
21.6447 9907201
21.6699 9910081
21.6723 9912961
21.6748 9915841
21.6772 9918721
21.6796 9921601
21.682 9924481
21.6844 9927361
21.6868 9930241
21.7121 9933121
21.7145 9936001
21.7169 9938881
21.7193 9941761
21.7217 9944641
21.7241 9947521
21.7265 9950401
21.7289 9953281
21.753 9956161
21.7553 9959041
21.7578 9961921
21.7602 9964801
21.7626 9967681
21.765 9970561
21.7674 9973441
21.7698 9976321
21.7938 9979201
21.7962 9982081
21.7987 9984961
21.801 9987841
21.8035 9990721
21.8059 9993601
21.8083 9996481
21.8107 9999361
21.8347 10002241
21.8371 10005121
21.8396 10008001
21.8431 10009441
21.8877 10038241
21.9202 10041121
21.9226 10044001
21.9262 10046881
21.9286 10049761
21.9623 10052641
21.9647 10055521
21.9683 10058401
21.9707 10061281
22.0044 10064161
22.0068 10067041
22.0104 10069921
22.0128 10072801
22.0464 10075681
22.0922 10091521
22.1319 10094401
22.1728 10097281
22.2137 10100161
22.2161 10103041
22.2558 10105921
22.2582 10108801
22.298 10111681
22.3004 10114561
22.3401 10117441
22.3424 10120321
22.3809 10123201
22.3833 10126081
22.4218 10128961
22.4242 10131841
22.4266 10134721
22.4639 10137601
22.4663 10140481
22.4687 10143361
22.506 10146241
22.5084 10149121
22.5109 10152001
22.5482 10154881
22.5506 10157761
22.553 10160641
22.5891 10163521
22.5915 10166401
22.5938 10169281
22.63 10172161
22.6324 10175041
22.6348 10177921
22.6372 10180801
22.672 10183681
22.6745 10186561
22.6769 10189441
22.6792 10192321
22.7141 10195201
22.7165 10198081
22.7189 10200961
22.7214 10203841
22.755 10206721
22.7575 10209601
22.7599 10212481
22.7623 10215361
22.796 10218241
22.7984 10221121
22.8008 10224001
22.8032 10226881
22.8369 10229761
22.8393 10232641
22.8417 10235521
22.8441 10238401
22.8465 10241281
22.879 10244161
22.8814 10247041
22.8838 10249921
22.8862 10252801
22.8886 10255681
22.9211 10258561
22.9235 10261441
22.9259 10264321
22.9283 10267201
22.9306 10270081
22.9619 10272961
22.9644 10275841
22.9668 10278721
22.9692 10281601
22.9717 10284481
23.0028 10287361
23.0054 10290241
23.0077 10293121
23.0101 10296001
23.0125 10298881
23.0149 10301761
23.045 10304641
23.0474 10307521
23.0498 10310401
23.0522 10313281
23.0546 10316161
23.057 10319041
23.0871 10321921
23.0895 10324801
23.0919 10327681
23.0943 10330561
23.0967 10333441
23.0991 10336321
23.128 10339201
23.1304 10342081
23.1328 10344961
23.1352 10347841
23.1376 10350721
23.14 10353601
23.1689 10356481
23.1713 10359361
23.1737 10362241
23.1761 10365121
23.1785 10368001
23.1809 10370881
23.2098 10373761
23.2122 10376641
23.2158 10378081
23.2603 10401121
23.2953 10404001
23.2989 10406881
23.3012 10409761
23.3374 10412641
23.3409 10415521
23.3433 10418401
23.3794 10421281
23.383 10424161
23.3854 10427041
23.4215 10429921
23.4239 10432801
23.4263 10435681
23.4624 10438561
23.4648 10441441
23.4672 10444321
23.5033 10447201
23.5057 10450081
23.5081 10452961
23.5105 10455841
23.5454 10458721
23.5478 10461601
23.5502 10464481
23.5526 10467361
23.5875 10470241
23.5899 10473121
23.5923 10476001
23.5946 10478881
23.6284 10481761
23.6308 10484641
23.6331 10487521
23.6355 10490401
23.6693 10493281
23.6716 10496161
23.674 10499041
23.6764 10501921
23.7101 10504801
23.7125 10507681
23.7149 10510561
23.7175 10513441
23.7198 10516321
23.7523 10519201
23.7547 10522081
23.7571 10524961
23.7595 10527841
23.7619 10530721
23.7944 10533601
23.7968 10536481
23.7992 10539361
23.8016 10542241
23.804 10545121
23.8353 10548001
23.8377 10550881
23.8401 10553761
23.8425 10556641
23.8449 10559521
23.8762 10562401
23.8786 10565281
23.881 10568161
23.8834 10571041
23.8858 10573921
23.8882 10576801
23.9183 10579681
23.9207 10582561
23.9231 10585441
23.9255 10588321
23.9279 10591201
23.9304 10594081
23.9604 10596961
23.9628 10599841
23.9653 10602721
23.9677 10605601
23.97 10608481
23.9725 10611361
24.0013 10614241
24.0037 10617121
24.0062 10620001
24.0085 10622881
24.0109 10625761
24.0133 10628641
24.0422 10631521
24.0446 10634401
24.047 10637281
24.0494 10640161
24.0518 10643041
24.0542 10645921
24.0831 10648801
24.0855 10651681
24.0879 10654561
24.0903 10657441
24.0927 10660321
24.0951 10663201
24.0975 10666081
24.1252 10668961
24.1276 10671841
24.13 10674721
24.1324 10677601
24.1348 10680481
24.1372 10683361
24.1396 10686241
24.1673 10689121
24.1697 10692001
24.1721 10694881
24.1745 10697761
24.1769 10700641
24.1794 10703521
24.1818 10706401
24.2082 10709281
24.2106 10712161
24.213 10715041
24.2155 10717921
24.2179 10720801
24.2203 10723681
24.2227 10726561
24.2492 10729441
24.2516 10732321
24.2973 10758241
24.3322 10761121
24.3345 10764001
24.3369 10766881
24.373 10769761
24.3754 10772641
24.3778 10775521
24.4139 10778401
24.4163 10781281
24.4187 10784161
24.4548 10787041
24.4572 10789921
24.4596 10792801
24.4621 10795681
24.497 10798561
24.4994 10801441
24.5018 10804321
24.5042 10807201
24.5391 10810081
24.5414 10812961
24.5438 10815841
24.5462 10818721
24.5799 10821601
24.5823 10824481
24.5847 10827361
24.5871 10830241
24.6208 10833121
24.6232 10836001
24.6256 10838881
24.628 10841761
24.6617 10844641
24.6641 10847521
24.6665 10850401
24.6689 10853281
24.6713 10856161
24.7038 10859041
24.7062 10861921
24.7086 10864801
24.7111 10867681
24.7135 10870561
24.746 10873441
24.7484 10876321
24.7508 10879201
24.7532 10882081
24.7556 10884961
24.7869 10887841
24.7893 10890721
24.7917 10893601
24.7941 10896481
24.7965 10899361
24.8278 10902241
24.8302 10905121
24.835 10910881
24.8373 10913761
24.8397 10916641
24.8698 10919521
24.8722 10922401
24.877 10925281
24.8794 10928161
24.8818 10931041
24.8842 10933921
24.9119 10936801
24.9143 10939681
24.9191 10942561
24.9216 10945441
24.924 10948321
24.9264 10951201
24.9528 10954081
24.9552 10956961
24.9601 10959841
24.9625 10962721
24.9649 10965601
24.9673 10968481
24.9937 10971361
24.9961 10974241
25.001 10977121
25.0034 10980001
25.0058 10982881
25.0082 10985761
25.0346 10988641
25.037 10991521
25.0394 10994401
25.0431 10997281
25.0455 11000161
25.0479 11003041
25.0503 11005921
25.0768 11008801
25.0792 11011681
25.0816 11014561
25.0852 11017441
25.0876 11020321
25.09 11023201
25.0924 11026081
25.1189 11028961
25.1212 11031841
25.1236 11034721
25.126 11037601
25.1285 11040481
25.1309 11043361
25.1332 11046241
25.1597 11049121
25.1621 11052001
25.1645 11054881
25.1669 11057761
25.1694 11060641
25.1717 11063521
25.1741 11066401
25.2006 11069281
25.203 11072161
25.2054 11075041
25.2078 11077921
25.2102 11080801
25.2126 11083681
25.215 11086561
25.2175 11089441
25.2451 11095201
25.2475 11098081
25.2499 11100961
25.2524 11103841
25.2548 11106721
25.2572 11109601
25.2596 11112481
25.2872 11115361
25.2897 11118241
25.2921 11121121
25.2945 11124001
25.2969 11126881
25.2993 11129761
25.3017 11132641
25.3041 11135521
25.3282 11138401
25.3306 11141281
25.333 11144161
25.3354 11147041
25.3378 11149921
25.3402 11152801
25.3859 11180161
25.4208 11183041
25.4232 11185921
25.4256 11188801
25.4617 11191681
25.464 11194561
25.4665 11197441
25.5026 11200321
25.505 11203201
25.5074 11206081
25.5098 11208961
25.5447 11211841
25.5471 11214721
25.5495 11217601
25.5519 11220481
25.5868 11223361
25.5892 11226241
25.5916 11229121
25.594 11232001
25.6277 11234881
25.6301 11237761
25.6325 11240641
25.6348 11243521
25.6686 11246401
25.671 11249281
25.6733 11252161
25.6757 11255041
25.6781 11257921
25.7106 11260801
25.713 11263681
25.7154 11266561
25.718 11269441
25.7204 11272321
25.7527 11275201
25.7553 11278081
25.7577 11280961
25.7601 11283841
25.7625 11286721
25.7948 11289601
25.7972 11292481
25.7996 11295361
25.802 11298241
25.8044 11301121
25.8357 11304001
25.8381 11306881
25.8405 11309761
25.8429 11312641
25.8453 11315521
25.8766 11318401
25.879 11321281
25.8814 11324161
25.8838 11327041
25.8862 11329921
25.8886 11332801
25.9211 11338561
25.9235 11341441
25.9259 11344321
25.9282 11347201
25.9306 11350081
25.9632 11352961
25.9655 11355841
25.9682 11358721
25.9706 11361601
25.973 11364481
25.9754 11367361
26.0043 11370241
26.0067 11373121
26.0091 11376001
26.0115 11378881
26.0139 11381761
26.0163 11384641
26.0452 11387521
26.0476 11390401
26.05 11393281
26.0524 11396161
26.0548 11399041
26.0571 11401921
26.0595 11404801
26.0873 11407681
26.0896 11410561
26.0921 11413441
26.0944 11416321
26.0968 11419201
26.0992 11422081
26.1016 11424961
26.1293 11427841
26.1317 11430721
26.1341 11433601
26.1365 11436481
26.1389 11439361
26.1413 11442241
26.1437 11445121
26.1714 11448001
26.1738 11450881
26.1762 11453761
26.1786 11456641
26.1811 11459521
26.1835 11462401
26.2533 11486881
26.2653 11489761
26.2677 11492641
26.2942 11495521
26.3074 11498401
26.3098 11501281
26.3363 11504161
26.3495 11507041
26.3519 11509921
26.3771 11512801
26.3904 11515681
26.3927 11518561
26.418 11521441
26.4313 11524321
26.4337 11527201
26.4361 11530081
26.4601 11532961
26.4734 11535841
26.4758 11538721
26.4782 11541601
26.5023 11544481
26.5155 11547361
26.5179 11550241
26.5203 11553121
26.5444 11556001
26.5564 11558881
26.5588 11561761
26.5612 11564641
26.5853 11567521
26.5973 11570401
26.5997 11573281
26.6021 11576161
26.6262 11579041
26.6382 11581921
26.6407 11584801
26.643 11587681
26.6454 11590561
26.6682 11593441
26.6803 11596321
26.6827 11599201
26.6851 11602081
26.6875 11604961
26.7103 11607841
26.7224 11610721
26.7248 11613601
26.7272 11616481
26.7296 11619361
26.7513 11622241
26.7633 11625121
26.7657 11628001
26.7681 11630881
26.7705 11633761
26.7922 11636641
26.8042 11639521
26.8066 11642401
26.809 11645281
26.8114 11648161
26.8138 11651041
26.8343 11653921
26.8463 11656801
26.8487 11659681
26.8511 11662561
26.8536 11665441
26.856 11668321
26.8764 11671201
26.8884 11674081
26.8909 11676961
26.8933 11679841
26.8957 11682721
26.8981 11685601
26.9184 11688481
26.9293 11691361
26.9317 11694241
26.9341 11697121
26.9366 11700001
26.9389 11702881
26.9594 11705761
26.9702 11708641
26.9726 11711521
26.975 11714401
26.9774 11717281
26.9798 11720161
27.0003 11723041
27.0111 11725921
27.0135 11728801
27.0159 11731681
27.0183 11734561
27.0207 11737441
27.0231 11740321
27.0424 11743201
27.0532 11746081
27.0556 11748961
27.058 11751841
27.0604 11754721
27.0628 11757601
27.0652 11760481
27.0845 11763361
27.0953 11766241
27.0977 11769121
27.1001 11772001
27.1026 11774881
27.105 11777761
27.1074 11780641
27.1254 11783521
27.1362 11786401
27.1387 11789281
27.1411 11792161
27.1435 11795041
27.1459 11797921
27.1483 11800801
27.1663 11803681
27.1771 11806561
27.1796 11809441
27.182 11812321
27.1844 11815201
27.1868 11818081
27.1891 11820961
27.1915 11823841
27.2085 11826721
27.2192 11829601
27.2216 11832481
27.224 11835361
27.2265 11838241
27.2288 11841121
27.2312 11844001
27.2336 11846881
27.2505 11849761
27.2613 11852641
27.2637 11855521
27.2661 11858401
27.2685 11861281
27.2709 11864161
27.2733 11867041
27.2757 11869921
27.2914 11872801
27.3022 11875681
27.3046 11878561
27.307 11881441
27.3094 11884321
27.3118 11887201
27.3143 11890081
27.3167 11892961
27.3323 11895841
27.3431 11898721
27.3455 11901601
27.3479 11904481
27.3504 11907361
27.3528 11910241
27.3552 11913121
27.3576 11916001
27.36 11918881
27.3744 11921761
27.3853 11924641
27.3877 11927521
27.3901 11930401
27.3925 11933281
27.3949 11936161
27.3973 11939041
27.3997 11941921
27.4021 11944801
27.4165 11947681
27.4274 11950561
27.4298 11953441
27.4322 11956321
27.4346 11959201
27.437 11962081
27.4394 11964961
27.4418 11967841
27.4442 11970721
27.4587 11973601
27.4683 11976481
27.4707 11979361
27.473 11982241
27.4755 11985121
27.4779 11988001
27.4803 11990881
27.4827 11993761
27.485 11996641
27.4995 11999521
27.5104 12000961
27.5548 12031201
27.5681 12034081
27.5825 12036961
27.5934 12039841
27.5957 12042721
27.6102 12045601
27.6246 12048481
27.6355 12051361
27.6379 12054241
27.6523 12057121
27.6655 12060001
27.6764 12062881
27.6788 12065761
27.6932 12068641
27.7065 12071521
27.7173 12074401
27.7197 12077281
27.7341 12080161
27.7474 12083041
27.7497 12085921
27.7594 12088801
27.7617 12091681
27.7762 12094561
27.7894 12097441
27.7918 12100321
27.8014 12103201
27.8038 12106081
27.8183 12108961
27.8315 12111841
27.8339 12114721
27.8435 12117601
27.846 12120481
27.8592 12123361
27.8724 12126241
27.8748 12129121
27.8845 12132001
27.8869 12134881
27.9001 12137761
27.9133 12140641
27.9157 12143521
27.9254 12146401
27.9278 12149281
27.9302 12152161
27.9422 12155041
27.9555 12157921
27.9579 12160801
27.9675 12163681
27.9699 12166561
27.9723 12169441
27.9843 12172321
27.9976 12175201
28 12178081
28.0096 12180961
28.012 12183841
28.0144 12186721
28.0265 12189601
28.0385 12192481
28.0409 12195361
28.0505 12198241
28.0529 12201121
28.0553 12204001
28.0673 12206881
28.0794 12209761
28.0818 12212641
28.0913 12215521
28.0938 12218401
28.0961 12221281
28.1082 12224161
28.1203 12227041
28.1226 12229921
28.125 12232801
28.1334 12235681
28.1358 12238561
28.1382 12241441
28.1503 12244321
28.1623 12247201
28.1647 12250081
28.1671 12252961
28.1755 12255841
28.178 12258721
28.1804 12261601
28.1924 12264481
28.2044 12267361
28.2068 12270241
28.2092 12273121
28.2165 12276001
28.2189 12278881
28.2213 12281761
28.2333 12284641
28.2453 12287521
28.2478 12290401
28.2502 12293281
28.2574 12296161
28.2598 12299041
28.2622 12301921
28.2742 12304801
28.3296 12330721
28.3464 12333601
28.3573 12336481
28.3693 12339361
28.3873 12342241
28.3982 12345121
28.4102 12348001
28.4282 12350881
28.439 12353761
28.4511 12356641
28.4691 12359521
28.4799 12362401
28.4823 12365281
28.4931 12368161
28.5112 12371041
28.522 12373921
28.5244 12376801
28.5353 12379681
28.5533 12382561
28.5641 12385441
28.5665 12388321
28.5762 12391201
28.5942 12394081
28.6051 12396961
28.6075 12399841
28.6171 12402721
28.6351 12405601
28.646 12408481
28.6484 12411361
28.658 12414241
28.6761 12417121
28.6784 12420001
28.6881 12422881
28.6904 12425761
28.7001 12428641
28.7181 12431521
28.7205 12434401
28.7301 12437281
28.7325 12440161
28.8011 12458881
28.824 12461761
28.842 12464641
28.8661 12467521
28.8841 12470401
28.9082 12473281
28.9251 12476161
28.9491 12479041
28.966 12481921
28.99 12484801
29.0068 12487681
29.0092 12490561
29.0321 12493441
29.0489 12496321
29.0513 12499201
29.0742 12502081
29.091 12504961
29.0934 12507841
29.1163 12510721
29.1319 12513601
29.1344 12516481
29.1572 12519361
29.1729 12522241
29.1753 12525121
29.1981 12528001
29.2138 12530881
29.2162 12533761
29.2186 12536641
29.2402 12539521
29.2558 12542401
29.2582 12545281
29.2607 12548161
29.2823 12551041
29.2979 12553921
29.3003 12556801
29.3027 12559681
29.3232 12562561
29.3388 12565441
29.3412 12568321
29.3436 12571201
29.3641 12574081
29.3797 12576961
29.3821 12579841
29.3846 12582721
29.405 12585601
29.4074 12588481
29.4219 12591361
29.4243 12594241
29.4267 12597121
29.4471 12600001
29.4495 12602881
29.464 12605761
29.4664 12608641
29.4688 12611521
29.4893 12614401
29.4917 12617281
29.5061 12620161
29.5085 12623041
29.5109 12625921
29.5302 12628801
29.5326 12631681
29.547 12634561
29.5494 12637441
29.5518 12640321
29.5711 12643201
29.5735 12646081
29.5879 12648961
29.5903 12651841
29.5927 12654721
29.5952 12657601
29.6132 12660481
29.6156 12663361
29.63 12666241
29.6324 12669121
29.6347 12672001
29.6373 12674881
29.6553 12677761
29.6576 12680641
29.672 12683521
29.6744 12686401
29.6768 12689281
29.6794 12692161
29.6961 12695041
29.6985 12697921
29.7129 12700801
29.7153 12703681
29.7177 12706561
29.7203 12709441
29.737 12712321
29.7394 12715201
29.7538 12718081
29.7562 12720961
29.7586 12723841
29.7611 12726721
29.7779 12729601
29.7803 12732481
29.7827 12735361
29.796 12738241
29.7984 12741121
29.8008 12744001
29.8032 12746881
29.82 12749761
29.8224 12752641
29.8248 12755521
29.8381 12758401
29.8405 12761281
29.8429 12764161
29.8453 12767041
29.8621 12769921
29.8645 12772801
29.867 12775681
29.879 12778561
29.8814 12781441
29.8838 12784321
29.8862 12787201
29.9031 12790081
29.9055 12792961
29.9079 12795841
29.9199 12798721
29.9223 12801601
29.9247 12804481
29.9271 12807361
29.944 12810241
29.9463 12813121
29.9488 12816001
29.9608 12818881
29.9632 12821761
29.9655 12824641
29.9679 12827521
29.9703 12830401
29.986 12833281
29.9884 12836161
29.9908 12839041
30.0028 12841921
30.0052 12844801
30.0076 12847681
30.0101 12850561
30.0125 12853441
30.0281 12856321
30.0305 12859201
30.0329 12862081
30.045 12864961
30.0474 12867841
30.0498 12870721
30.0522 12873601
30.0546 12876481
30.069 12879361
30.0714 12882241
30.0738 12885121
30.0859 12888001
30.0883 12890881
30.0907 12893761
30.0931 12896641
30.0955 12899521
