0.238217 1
0.238217 1441
0.279312 2881
0.279312 4321
0.321519 5761
0.321519 7201
0.321519 8641
0.363749 10081
0.363749 11521
0.363749 12961
0.404639 14401
0.404639 15841
0.404639 17281
0.407029 18721
0.407029 20161
0.407029 21601
0.447015 23041
0.447015 24481
0.447015 25921
0.449405 27361
0.449405 28801
0.449405 30241
0.451796 31681
0.451796 33121
0.451796 34561
0.489245 36001
0.489245 37441
0.489245 38881
0.491636 40321
0.491636 41761
0.491636 43201
0.494026 44641
0.494026 46081
0.494026 47521
0.496416 48961
0.496416 50401
0.496416 51841
0.530135 53281
0.530135 54721
0.530135 56161
0.532525 57601
0.532525 59041
0.532525 60481
0.534916 61921
0.534916 63361
0.534916 64801
0.537306 66241
0.537306 67681
0.537306 69121
0.542087 70561
0.542087 72001
0.542087 73441
0.542087 74881
0.542087 76321
0.571315 77761
0.571315 79201
0.571315 80641
0.573706 82081
0.573706 83521
0.573706 84961
0.576096 86401
0.576096 87841
0.576096 89281
0.578487 90721
0.578487 92161
0.578487 93601
0.580877 95041
0.580877 96481
0.580877 97921
0.583267 99361
0.583267 100801
0.583267 102241
0.585658 103681
0.585658 105121
0.585658 106561
0.588048 108001
0.588048 109441
0.588048 110881
0.590439 112321
0.590439 113761
0.590439 115201
0.613676 116641
0.614871 118081
0.616066 76321
0.633994 118081
0.633994 119521
0.63519 120961
0.636385 122401
0.63758 123841
0.638775 125281
0.63997 126721
0.641166 128161
0.642361 129601
0.643556 131041
0.654581 132481
0.655776 133921
0.656956 135361
0.676079 136801
0.676079 138241
0.67847 139681
0.67847 141121
0.68086 142561
0.68086 144001
0.68325 145441
0.68325 146881
0.698022 148321
0.698022 149761
0.698022 151201
0.717145 131041
0.717145 132481
0.717145 151201
0.717145 152641
0.740367 154081
0.740367 155521
0.741562 156961
0.760671 158401
0.760671 159841
0.760671 161281
0.782452 162721
0.782452 164161
0.80156 165601
0.80156 167041
0.823342 168481
0.823342 169921
0.823342 171361
0.84245 172801
0.84245 174241
0.864231 175681
0.864231 177121
0.866622 178561
0.866622 180001
0.884535 181441
0.884535 182881
0.906496 184321
0.906496 185761
0.908887 187201
0.908887 188641
0.927019 190081
0.927019 191521
0.927019 192961
0.948715 194401
0.948715 195841
0.951106 197281
0.951106 198721
0.969104 200161
0.969104 201601
0.989605 203041
0.989605 204481
0.991995 205921
0.991995 207361
1.01008 208801
1.01008 210241
1.03079 211681
1.03079 213121
1.03079 214561
1.03318 216001
1.03318 217441
1.05137 218881
1.05137 220321
1.07168 221761
1.07168 223201
1.07421 224641
1.07421 226081
1.0766 227521
1.0766 228961
1.09345 230401
1.09345 231841
1.11387 233281
1.11387 234721
1.1163 236161
1.1163 237601
1.11869 239041
1.11869 240481
1.11869 241921
1.13554 243361
1.13554 244801
1.15653 246241
1.15653 247681
1.15892 249121
1.15892 250561
1.16131 252001
1.16131 253441
1.17804 254881
1.17804 256321
1.19743 257761
1.19863 241921
1.22014 257761
1.22014 259201
1.23834 260641
1.23952 262081
1.27939 263521
1.27939 264961
1.32028 266401
1.32028 267841
1.32028 269281
1.36147 270721
1.36147 272161
1.36386 273601
1.36386 275041
1.40369 276481
1.40369 277921
1.40608 279361
1.40608 280801
1.44577 282241
1.44577 283681
1.44577 285121
1.44851 286561
1.44851 288001
1.48786 289441
1.48786 290881
1.49025 292321
1.49025 293761
1.52908 295201
1.52908 296641
1.53147 298081
1.53147 299521
1.53147 300961
1.57032 302401
1.57032 303841
1.57271 305281
1.57271 306721
1.5751 308161
1.5751 309601
1.6124 311041
1.6124 312481
1.61479 313921
1.61479 315361
1.61718 316801
1.61718 318241
1.6549 319681
1.6549 321121
1.6549 322561
1.65729 324001
1.65729 325441
1.65968 326881
1.65968 328321
1.69698 329761
1.69698 331201
1.69937 332641
1.69937 334081
1.70176 335521
1.70176 336961
1.7379 338401
1.7379 339841
1.74029 341281
1.74029 342721
1.74029 344161
1.74268 345601
1.74268 347041
1.77879 348481
1.77879 349921
1.78118 351361
1.78118 352801
1.78395 354241
1.78395 355681
1.78634 357121
1.78634 358561
1.82088 360001
1.82088 361441
1.82327 362881
1.82327 364321
1.82607 365761
1.82607 367201
1.82607 368641
1.82846 370081
1.82846 371521
1.8633 372961
1.8633 374401
1.86569 375841
1.86569 377281
1.86848 378721
1.86848 380161
1.87092 381601
1.87092 383041
1.90419 384481
1.90419 385921
1.90658 387361
1.90658 388801
1.90936 390241
1.90936 391681
1.91181 393121
1.91181 394561
1.94508 396001
1.94508 397441
1.94508 398881
1.94747 400321
1.94747 401761
1.95025 403201
1.95025 404641
1.9527 406081
1.9527 407521
1.98633 408961
1.98633 410401
1.98872 411841
1.98872 413281
1.99111 414721
1.99111 416161
1.9935 417601
1.9935 419041
1.99589 420481
1.99589 421921
2.02842 423361
2.02842 424801
2.03081 426241
2.03081 427681
2.03081 429121
2.0332 430561
2.0332 432001
2.03559 433441
2.03559 434881
2.03798 436321
2.03798 437761
2.07061 439201
2.07061 440641
2.073 442081
2.073 443521
2.07539 444961
2.07539 446401
2.07778 447841
2.07778 449281
2.08017 450721
2.08017 452161
2.1115 453601
2.1115 455041
2.11389 456481
2.11389 457921
2.11628 459361
2.11628 460801
2.11867 462241
2.11867 463681
2.11867 465121
2.12106 466561
2.12106 468001
2.15239 469441
2.15239 470881
2.15478 472321
2.15478 473761
2.15717 475201
2.15717 476641
2.15956 478081
2.15956 479521
2.16195 480961
2.16195 482401
2.16434 483841
2.16434 485281
2.19447 486721
2.19447 488161
2.19686 489601
2.19686 491041
2.19925 492481
2.19925 493921
2.20164 495361
2.20164 496801
2.20404 498241
2.20404 499681
2.20404 501121
2.20643 502561
2.20643 504001
2.23656 505441
2.23656 506881
2.23895 508321
2.23895 509761
2.24134 511201
2.24134 512641
2.24373 514081
2.24373 515521
2.24612 516961
2.24612 518401
2.24851 519841
2.24851 521281
2.27745 522721
2.27745 524161
2.27984 525601
2.27984 527041
2.28223 528481
2.28223 529921
2.28462 531361
2.28462 532801
2.28701 534241
2.28701 535681
2.31834 537121
2.31834 538561
2.31834 540001
2.31834 541441
2.32073 542881
2.32073 544321
2.32073 545761
2.32312 547201
2.32312 548641
2.32551 550081
2.32551 551521
2.3279 552961
2.3279 554401
2.35923 555841
2.35923 557281
2.36162 558721
2.36162 560161
2.36401 561601
2.36401 563041
2.36642 564481
2.36642 565921
2.36881 567361
2.36881 568801
2.3712 570241
2.3712 571681
2.37359 573121
2.37359 574561
2.40131 576001
2.40131 577441
2.4037 578881
2.4037 580321
2.40609 581761
2.40609 583201
2.4085 584641
2.4085 586081
2.41089 587521
2.41089 588961
2.41089 590401
2.41328 591841
2.41328 593281
2.41568 594721
2.41568 596161
2.4434 597601
2.4434 599041
2.44579 600481
2.44579 601921
2.44818 603361
2.44818 604801
2.45059 606241
2.45059 607681
2.45298 609121
2.45298 610561
2.45537 612001
2.45537 613441
2.45788 614881
2.45788 616321
2.48429 617761
2.48429 619201
2.48668 620641
2.48668 622081
2.48918 623521
2.48918 624961
2.49157 626401
2.49157 627841
2.49396 629281
2.49396 630721
2.49635 632161
2.49635 633601
2.49635 635041
2.49877 636481
2.49877 637921
2.52548 639361
2.52548 640801
2.52787 642241
2.52787 643681
2.53026 645121
2.53026 646561
2.53265 648001
2.53265 649441
2.53504 650881
2.53504 652321
2.53743 653761
2.53743 655201
2.53982 656641
2.53982 658081
2.54221 659521
2.54221 660961
2.56756 662401
2.56756 663841
2.56995 665281
2.56995 666721
2.57234 668161
2.57234 669601
2.57473 671041
2.57473 672481
2.57712 673921
2.57712 675361
2.57967 676801
2.57967 678241
2.58206 679681
2.58206 681121
2.58445 682561
2.58445 684001
2.58445 685441
2.61006 686881
2.61006 688321
2.61245 689761
2.61245 691201
2.61484 692641
2.61484 694081
2.61723 695521
2.61723 696961
2.61962 698401
2.61962 699841
2.62201 701281
2.62201 702721
2.6244 704161
2.6244 705601
2.6268 707041
2.6268 708481
2.65095 709921
2.65095 711361
2.65334 712801
2.65334 714241
2.65573 715681
2.65573 717121
2.65812 718561
2.65812 720001
2.66051 721441
2.66051 722881
2.6629 724321
2.6629 725761
2.66529 727201
2.66529 728641
2.66784 730081
2.66784 731521
2.69186 732961
2.69186 734401
2.69186 735841
2.69425 737281
2.69425 738721
2.69664 740161
2.69664 741601
2.69912 743041
2.69912 744481
2.70151 745921
2.70151 747361
2.7039 748801
2.7039 750241
2.70629 751681
2.70629 753121
2.70873 754561
2.70873 756001
2.73279 757441
2.73279 758881
2.73518 760321
2.73518 761761
2.73754 763201
2.73874 764641
2.73993 735841
2.75189 764641
2.75189 766081
2.7737 767521
2.77489 768961
2.77609 770401
2.77728 771841
2.77848 773281
2.77967 774721
2.78085 776161
2.81468 777601
2.81468 779041
2.81707 780481
2.81707 781921
2.81946 783361
2.81946 784801
2.82225 786241
2.82225 787681
2.85676 789121
2.85676 790561
2.85916 792001
2.85916 793441
2.86155 794881
2.86155 796321
2.86433 797761
2.86433 799201
2.89885 800641
2.89885 802081
2.89885 803521
2.90124 804961
2.90124 806401
2.90399 807841
2.90399 809281
2.90642 810721
2.90642 812161
2.94124 813601
2.94124 815041
2.94364 816481
2.94364 817921
2.94603 819361
2.94603 820801
2.94842 822241
2.94842 823681
2.98213 825121
2.98213 826561
2.98452 828001
2.98452 829441
2.98452 830881
2.98692 832321
2.98692 833761
2.98931 835201
2.98931 836641
3.02302 838081
3.02302 839521
3.02541 840961
3.02541 842401
3.0278 843841
3.0278 845281
3.0302 846721
3.0302 848161
3.03259 849601
3.03259 851041
3.06511 852481
3.06511 853921
3.0675 855361
3.0675 856801
3.06989 858241
3.06989 859681
3.07228 861121
3.07228 862561
3.07228 864001
3.07467 865441
3.07467 866881
3.10719 868321
3.10719 869761
3.10958 871201
3.10958 872641
3.11197 874081
3.11197 875521
3.11436 876961
3.11436 878401
3.11676 879841
3.11676 881281
3.14808 882721
3.14808 884161
3.15047 885601
3.15047 887041
3.15286 888481
3.15286 889921
3.15525 891361
3.15525 892801
3.15764 894241
3.15764 895681
3.15764 897121
3.18897 898561
3.18897 900001
3.19136 901441
3.19136 902881
3.19375 904321
3.19375 905761
3.19614 907201
3.19614 908641
3.19853 910081
3.19853 911521
3.20099 912961
3.20099 914401
3.23133 915841
3.23133 917281
3.23372 918721
3.23372 920161
3.23611 921601
3.23611 923041
3.2385 924481
3.2385 925921
3.24089 927361
3.24089 928801
3.24328 930241
3.24328 931681
3.27341 933121
3.27341 934561
3.27341 936001
3.2758 937441
3.2758 938881
3.27819 940321
3.27819 941761
3.28058 943201
3.28058 944641
3.28297 946081
3.28297 947521
3.28536 948961
3.28536 950401
3.3155 951841
3.3155 953281
3.31789 954721
3.31789 956161
3.32047 957601
3.32047 959041
3.32286 960481
3.32286 961921
3.32525 963361
3.32525 964801
3.32764 966241
3.32764 967681
3.3576 969121
3.3576 970561
3.35879 972001
3.35999 950401
3.36974 972001
3.36974 973441
3.3985 974881
3.3997 976321
3.40089 977761
3.40207 979201
3.44178 980641
3.44178 982081
3.44178 983521
3.44178 984961
3.48388 986401
3.48388 987841
3.48508 989281
3.48627 979201
3.5272 989281
3.5272 990721
3.52838 992161
3.56968 993601
3.56968 995041
3.61176 996481
3.61176 997921
3.65385 999361
3.65385 1000801
3.65385 1002241
3.69596 1003681
3.69596 1005121
3.73689 1006561
3.73689 1008001
3.77778 1009441
3.77778 1010881
3.77778 1012321
3.81867 1013761
3.81867 1015201
3.82117 1016641
3.82117 1018081
3.86076 1019521
3.86076 1020961
3.86325 1022401
3.86325 1023841
3.90284 1025281
3.90284 1026721
3.90284 1028161
3.90534 1029601
3.90534 1031041
3.94509 1032481
3.94509 1033921
3.94749 1035361
3.94749 1036801
3.98598 1038241
3.98598 1039681
3.98837 1041121
3.98837 1042561
3.98837 1044001
4.02698 1045441
4.02698 1046881
4.02937 1048321
4.02937 1049761
4.03176 1051201
4.03176 1052641
4.06907 1054081
4.06907 1055521
4.07146 1056961
4.07146 1058401
4.07385 1059841
4.07385 1061281
4.07385 1062721
4.11236 1064161
4.11236 1065601
4.11367 1067041
4.11486 1054081
4.15592 1067041
4.15592 1068481
4.1571 1069921
4.198 1071361
4.198 1072801
4.24009 1074241
4.24009 1075681
4.24009 1077121
4.28217 1078561
4.28217 1080001
4.32306 1081441
4.32306 1082881
4.36395 1084321
4.36395 1085761
4.36395 1087201
4.40484 1088641
4.40484 1090081
4.40723 1091521
4.40723 1092961
4.44713 1094401
4.44713 1095841
4.44952 1097281
4.44952 1098721
4.48922 1100161
4.48922 1101601
4.48922 1103041
4.49161 1104481
4.49161 1105921
4.5313 1107361
4.5313 1108801
4.53369 1110241
4.53369 1111681
4.57256 1113121
4.57256 1114561
4.57495 1116001
4.57495 1117441
4.57495 1118881
4.61345 1120321
4.61345 1121761
4.61849 1123201
4.61849 1124641
4.61849 1126081
4.61849 1127521
4.6556 1128961
4.6556 1130401
4.66058 1131841
4.66058 1133281
4.66297 1134721
4.66297 1136161
4.69771 1137601
4.69771 1139041
4.69771 1140481
4.70266 1141921
4.70266 1143361
4.70518 1144801
4.73862 1146241
4.73981 1133281
4.77952 1146241
4.77952 1147681
4.7807 1149121
4.82161 1150561
4.82161 1152001
4.86369 1153441
4.86369 1154881
4.86369 1156321
4.90592 1157761
4.90592 1159201
4.94681 1160641
4.94681 1162081
4.9877 1163521
4.9877 1164961
4.9877 1166401
5.02859 1167841
5.02859 1169281
5.03098 1170721
5.03098 1172161
5.07067 1173601
5.07067 1175041
5.07306 1176481
5.07306 1177921
5.11314 1179361
5.11314 1180801
5.11314 1182241
5.11553 1183681
5.11553 1185121
5.15522 1186561
5.15522 1188001
5.15761 1189441
5.15761 1190881
5.19622 1192321
5.19622 1193761
5.19861 1195201
5.19861 1196641
5.19861 1198081
5.23711 1199521
5.23711 1200961
5.2395 1202401
5.2395 1203841
5.24189 1205281
5.24189 1206721
5.2792 1208161
5.2792 1209601
5.28159 1211041
5.28159 1212481
5.2841 1213921
5.2841 1215361
5.2841 1216801
5.32385 1218241
5.32385 1219681
5.32385 1221121
5.32385 1222561
5.32624 1224001
5.32624 1225441
5.36474 1226881
5.36474 1228321
5.36713 1229761
5.36713 1231201
5.36952 1232641
5.36952 1234081
5.40563 1235521
5.40563 1236961
5.40802 1238401
5.40802 1239841
5.41042 1241281
5.41042 1242721
5.41042 1244161
5.44652 1245601
5.44652 1247041
5.44923 1248481
5.44923 1249921
5.45162 1251361
5.45162 1252801
5.45401 1254241
5.45401 1255681
5.48861 1257121
5.48861 1258561
5.49131 1260001
5.49131 1261441
5.4939 1262881
5.4939 1264321
5.49629 1265761
5.49629 1267201
5.49629 1268641
5.5334 1270081
5.5334 1271521
5.5334 1272961
5.5334 1274401
5.5362 1275841
5.5362 1277281
5.53859 1278721
5.53859 1280161
5.57429 1281601
5.57429 1283041
5.57668 1284481
5.57668 1285921
5.57909 1287361
5.57909 1288801
5.58188 1290241
5.58188 1291681
5.61562 1293121
5.61562 1294561
5.61801 1296001
5.61801 1297441
5.6204 1298881
5.6204 1300321
5.6204 1301761
5.62279 1303201
5.62279 1304641
5.65651 1306081
5.65651 1307521
5.6589 1308961
5.6589 1310401
5.66129 1311841
5.66129 1313281
5.66368 1314721
5.66368 1316161
5.66607 1317601
5.66607 1319041
5.69901 1320481
5.69901 1321921
5.7014 1323361
5.7014 1324801
5.70379 1326241
5.70379 1327681
5.70618 1329121
5.70618 1330561
5.70618 1332001
5.70857 1333441
5.70857 1334881
5.74109 1336321
5.74109 1337761
5.74348 1339201
5.74348 1340641
5.74621 1342081
5.74621 1343521
5.7486 1344961
5.7486 1346401
5.75099 1347841
5.75099 1349281
5.782 1350721
5.782 1352161
5.78439 1353601
5.78439 1355041
5.78966 1356481
5.78966 1357921
5.78966 1359361
5.78966 1360801
5.79309 1362241
5.8229 1363681
5.8241 1344961
5.83441 1346401
5.83441 1347841
5.83561 1363681
5.83561 1365121
5.86381 1366561
5.865 1346401
5.865 1366561
5.865 1368001
5.8753 1369441
5.9047 1370881
5.9047 1372321
5.91619 1373761
5.91619 1375201
5.94678 1376641
5.94678 1378081
5.95828 1379521
5.95828 1380961
5.98887 1382401
5.98887 1383841
5.98887 1385281
6.03095 1386721
6.03095 1388161
6.03095 1389601
6.03095 1391041
6.07184 1392481
6.07184 1393921
6.11273 1395361
6.11273 1396801
6.11273 1398241
6.11273 1399681
6.15375 1401121
6.15375 1402561
6.15614 1404001
6.15614 1405441
6.15614 1406881
6.19464 1408321
6.19464 1409761
6.19703 1411201
6.19703 1412641
6.19942 1414081
6.19942 1415521
6.23672 1416961
6.23672 1418401
6.23911 1419841
6.23911 1421281
6.2415 1422721
6.2415 1424161
6.27886 1425601
6.27886 1427041
6.27886 1428481
6.28125 1429921
6.28125 1431361
6.28364 1432801
6.28364 1434241
6.32095 1435681
6.32095 1437121
6.32334 1438561
6.32334 1440001
6.32573 1441441
6.32573 1442881
6.36184 1444321
6.36184 1445761
6.36423 1447201
6.36423 1448641
6.36423 1450081
6.36662 1451521
6.36662 1452961
6.40273 1454401
6.40273 1455841
6.40512 1457281
6.40512 1458721
6.40751 1460161
6.40751 1461601
6.4099 1463041
6.4099 1464481
6.44482 1465921
6.44482 1467361
6.44721 1468801
6.44721 1470241
6.45199 1471681
6.45199 1473121
6.45199 1474561
6.45199 1476001
6.4869 1477441
6.4869 1478881
6.4869 1480321
6.48929 1481761
6.48929 1483201
6.49407 1484641
6.49407 1486081
6.49646 1487521
6.49646 1488961
6.52899 1490401
6.52899 1491841
6.53138 1493281
6.53138 1494721
6.53496 1496161
6.53496 1497601
6.53735 1499041
6.53735 1500481
6.56988 1501921
6.56988 1503361
6.57227 1504801
6.57227 1506241
6.57227 1507681
6.57585 1509121
6.57585 1510561
6.5783 1512001
6.5783 1513441
6.61082 1514881
6.61082 1516321
6.61321 1517761
6.61321 1519201
6.6156 1520641
6.6156 1522081
6.61799 1523521
6.61799 1524961
6.62038 1526401
6.62038 1527841
6.6529 1529281
6.6529 1530721
6.65529 1532161
6.65529 1533601
6.65769 1535041
6.65769 1536481
6.66008 1537921
6.66008 1539361
6.66008 1540801
6.66247 1542241
6.66247 1543681
6.69499 1545121
6.69499 1546561
6.69738 1548001
6.69738 1549441
6.69977 1550881
6.69977 1552321
6.70216 1553761
6.70216 1555201
6.70455 1556641
6.70455 1558081
6.73588 1559521
6.73588 1560961
6.73827 1562401
6.73827 1563841
6.74066 1565281
6.74066 1566721
6.74305 1568161
6.74305 1569601
6.74544 1571041
6.74544 1572481
6.74544 1573921
6.77677 1575361
6.77677 1576801
6.77916 1578241
6.77916 1579681
6.78155 1581121
6.78155 1582561
6.78394 1584001
6.78394 1585441
6.78633 1586881
6.78633 1588321
6.78872 1589761
6.78872 1591201
6.81885 1592641
6.81885 1594081
6.82124 1595521
6.82124 1596961
6.82363 1598401
6.82363 1599841
6.82602 1601281
6.82602 1602721
6.82841 1604161
6.82841 1605601
6.83081 1607041
6.83081 1608481
6.86094 1609921
6.86094 1611361
6.86094 1612801
6.86333 1614241
6.86333 1615681
6.86572 1617121
6.86572 1618561
6.86811 1620001
6.86811 1621441
6.8705 1622881
6.8705 1624321
6.87289 1625761
6.87289 1627201
6.90302 1628641
6.90302 1630081
6.90541 1631521
6.90541 1632961
6.9078 1634401
6.9078 1635841
6.91019 1637281
6.91019 1638721
6.91258 1640161
6.91258 1641601
6.91497 1643041
6.91497 1644481
6.94391 1645921
6.94391 1647361
6.9463 1648801
6.9463 1650241
6.9463 1651681
6.94869 1653121
6.94869 1654561
6.95108 1656001
6.95108 1657441
6.95468 1658881
6.95468 1660321
6.95588 1661761
6.95707 1638721
6.99438 1661761
6.99438 1663201
6.99438 1664641
6.99559 1666081
6.99678 1667521
6.99798 1668961
6.99916 1670401
7.03646 1671841
7.03646 1673281
7.03885 1674721
7.03885 1676161
7.04124 1677601
7.04124 1679041
7.07855 1680481
7.07855 1681921
7.08094 1683361
7.08094 1684801
7.08333 1686241
7.08333 1687681
7.12063 1689121
7.12063 1690561
7.12063 1692001
7.12302 1693441
7.12302 1694881
7.12541 1696321
7.12541 1697761
7.16272 1699201
7.16272 1700641
7.16548 1702081
7.16548 1703521
7.16787 1704961
7.16787 1706401
7.20361 1707841
7.20361 1709281
7.20637 1710721
7.20637 1712161
7.20637 1713601
7.20876 1715041
7.20876 1716481
7.2445 1717921
7.2445 1719361
7.24726 1720801
7.24726 1722241
7.24965 1723681
7.24965 1725121
7.25204 1726561
7.25204 1728001
7.28658 1729441
7.28658 1730881
7.28935 1732321
7.28935 1733761
7.29174 1735201
7.29174 1736641
7.29413 1738081
7.29413 1739521
7.29413 1740961
7.32892 1742401
7.32892 1743841
7.33143 1745281
7.33143 1746721
7.33382 1748161
7.33382 1749601
7.33621 1751041
7.33621 1752481
7.36981 1753921
7.36981 1755361
7.37232 1756801
7.37232 1758241
7.37471 1759681
7.37471 1761121
7.3771 1762561
7.3771 1764001
7.4107 1765441
7.4107 1766881
7.4107 1768321
7.41354 1769761
7.41354 1771201
7.41593 1772641
7.41593 1774081
7.41832 1775521
7.41832 1776961
7.45159 1778401
7.45159 1779841
7.45398 1781281
7.45398 1782721
7.45637 1784161
7.45637 1785601
7.45882 1787041
7.45882 1788481
7.46121 1789921
7.46121 1791361
7.49368 1792801
7.49368 1794241
7.49607 1795681
7.49607 1797121
7.49846 1798561
7.49846 1800001
7.49846 1801441
7.5009 1802881
7.5009 1804321
7.50329 1805761
7.50329 1807201
7.53576 1808641
7.53576 1810081
7.53815 1811521
7.53815 1812961
7.54054 1814401
7.54054 1815841
7.54293 1817281
7.54293 1818721
7.54532 1820161
7.54532 1821601
7.57665 1823041
7.57665 1824481
7.57904 1825921
7.57904 1827361
7.58143 1828801
7.58143 1830241
7.58382 1831681
7.58382 1833121
7.58382 1834561
7.58621 1836001
7.58621 1837441
7.61754 1838881
7.61754 1840321
7.61993 1841761
7.61993 1843201
7.62232 1844641
7.62232 1846081
7.62471 1847521
7.62471 1848961
7.6271 1850401
7.6271 1851841
7.62949 1853281
7.62949 1854721
7.65963 1856161
7.65963 1857601
7.66202 1859041
7.66202 1860481
7.66441 1861921
7.66441 1863361
7.66919 1864801
7.66919 1866241
7.66919 1867681
7.66919 1869121
7.67159 1870561
7.70053 1872001
7.70173 1851841
7.7125 1857601
7.7125 1859041
7.71369 1872001
7.71369 1873441
7.71489 1874881
7.74145 1876321
7.74263 1857601
7.74263 1876321
7.74263 1877761
7.75339 1879201
7.75585 1880641
7.75585 1882081
7.78354 1883521
7.79431 1884961
7.79431 1886401
7.79794 1887841
7.79794 1889281
7.8352 1890721
7.8352 1892161
7.83883 1893601
7.83883 1895041
7.83883 1896481
7.87619 1897921
7.87619 1899361
7.87978 1900801
7.87978 1902241
7.88217 1903681
7.88217 1905121
7.91828 1906561
7.91828 1908001
7.92186 1909441
7.92186 1910881
7.92425 1912321
7.92425 1913761
7.92425 1915201
7.96036 1916641
7.96036 1918081
7.96406 1919521
7.96406 1920961
7.96645 1922401
7.96645 1923841
8.00134 1925281
8.00134 1926721
8.00495 1928161
8.00495 1929601
8.00734 1931041
8.00734 1932481
8.04223 1933921
8.04223 1935361
8.04584 1936801
8.04584 1938241
8.04584 1939681
8.04823 1941121
8.04823 1942561
8.08312 1944001
8.08312 1945441
8.08682 1946881
8.08682 1948321
8.08921 1949761
8.08921 1951201
8.0916 1952641
8.0916 1954081
8.12521 1955521
8.12521 1956961
8.1289 1958401
8.1289 1959841
8.13129 1961281
8.13129 1962721
8.13129 1964161
8.13368 1965601
8.13368 1967041
8.16729 1968481
8.16729 1969921
8.17099 1971361
8.17099 1972801
8.17338 1974241
8.17338 1975681
8.17588 1977121
8.17588 1978561
8.20835 1980001
8.20835 1981441
8.21189 1982881
8.21309 1984321
8.21428 1968481
8.2528 1984321
8.2528 1985761
8.25399 1987201
8.25517 1988641
8.29502 1990081
8.29502 1991521
8.33591 1992961
8.33591 1994401
8.33591 1995841
8.3768 1997281
8.3768 1998721
8.37919 2000161
8.37919 2001601
8.41894 2003041
8.41894 2004481
8.42134 2005921
8.42134 2007361
8.46103 2008801
8.46103 2010241
8.46103 2011681
8.46342 2013121
8.46342 2014561
8.50322 2016001
8.50322 2017441
8.50561 2018881
8.50561 2020321
8.54411 2021761
8.54411 2023201
8.5465 2024641
8.5465 2026081
8.5465 2027521
8.585 2028961
8.585 2030401
8.5875 2031841
8.5875 2033281
8.58989 2034721
8.58989 2036161
8.62709 2037601
8.62709 2039041
8.62959 2040481
8.62959 2041921
8.63198 2043361
8.63198 2044801
8.66917 2046241
8.66917 2047681
8.66917 2049121
8.67167 2050561
8.67167 2052001
8.67406 2053441
8.67406 2054881
8.71194 2056321
8.71194 2057761
8.71434 2059201
8.71434 2060641
8.71673 2062081
8.71673 2063521
8.75283 2064961
8.75283 2066401
8.75522 2067841
8.75522 2069281
8.75522 2070721
8.75762 2072161
8.75762 2073601
8.79372 2075041
8.79372 2076481
8.79611 2077921
8.79611 2079361
8.7985 2080801
8.7985 2082241
8.8009 2083681
8.8009 2085121
8.83581 2086561
8.83581 2088001
8.8382 2089441
8.8382 2090881
8.84059 2092321
8.84059 2093761
8.84059 2095201
8.84298 2096641
8.84298 2098081
8.87789 2099521
8.87789 2100961
8.88028 2102401
8.88028 2103841
8.88267 2105281
8.88267 2106721
8.88506 2108161
8.88506 2109601
8.91878 2111041
8.91878 2112481
8.92117 2113921
8.92117 2115361
8.92356 2116801
8.92356 2118241
8.95967 2119681
8.95967 2121121
8.95967 2122561
8.95967 2124001
8.96206 2125441
8.96206 2126881
8.96206 2128321
8.96445 2129761
8.96445 2131201
9.00056 2132641
9.00056 2134081
9.00295 2135521
9.00295 2136961
9.00545 2138401
9.00545 2139841
9.00784 2141281
9.00784 2142721
9.01023 2144161
9.01023 2145601
9.04265 2147041
9.04265 2148481
9.04504 2149921
9.04504 2151361
9.04753 2152801
9.04753 2154241
9.04992 2155681
9.04992 2157121
9.04992 2158561
9.05231 2160001
9.05231 2161441
9.08473 2162881
9.08473 2164321
9.08712 2165761
9.08712 2167201
9.08962 2168641
9.08962 2170081
9.09201 2171521
9.09201 2172961
9.09454 2174401
9.09454 2175841
9.12562 2177281
9.12562 2178721
9.12801 2180161
9.12801 2181601
9.13051 2183041
9.13051 2184481
9.13291 2185921
9.13411 2187361
9.13544 2168641
9.17261 2187361
9.17261 2188801
9.17382 2190241
9.17501 2191681
9.17633 2193121
9.21505 2194561
9.21505 2196001
9.21744 2197441
9.21744 2198881
9.25713 2200321
9.25713 2201761
9.25713 2203201
9.25952 2204641
9.25952 2206081
9.29921 2207521
9.29921 2208961
9.30161 2210401
9.30161 2211841
9.3401 2213281
9.3401 2214721
9.34249 2216161
9.34249 2217601
9.34249 2219041
9.38099 2220481
9.38099 2221921
9.38338 2223361
9.38338 2224801
9.38577 2226241
9.38577 2227681
9.42308 2229121
9.42308 2230561
9.42547 2232001
9.42547 2233441
9.42786 2234881
9.42786 2236321
9.46516 2237761
9.46516 2239201
9.46516 2240641
9.46755 2242081
9.46755 2243521
9.46994 2244961
9.46994 2246401
9.50725 2247841
9.50725 2249281
9.50964 2250721
9.50964 2252161
9.51203 2253601
9.51203 2255041
9.54814 2256481
9.54814 2257921
9.55053 2259361
9.55053 2260801
9.55053 2262241
9.55292 2263681
9.55292 2265121
9.58903 2266561
9.58903 2268001
9.59143 2269441
9.59263 2270881
9.59382 2256481
9.6324 2270881
9.6324 2272321
9.6733 2273761
9.6733 2275201
9.67568 2276641
9.71459 2269441
9.71459 2270881
9.71459 2276641
9.71459 2278081
9.71658 2279521
9.75548 2280961
9.75787 2282401
9.75787 2283841
9.79907 2285281
9.79907 2286721
9.84 2288161
9.84 2289601
9.88089 2291041
9.88089 2292481
9.88089 2293921
9.92189 2295361
9.92189 2296801
9.96397 2298241
9.96397 2299681
9.96397 2301121
9.96397 2302561
10.0061 2304001
10.0061 2305441
10.0086 2306881
10.0086 2308321
10.0086 2309761
10.0482 2311201
10.0482 2312641
10.0506 2314081
10.0506 2315521
10.0891 2316961
10.0891 2318401
10.0915 2319841
10.0915 2321281
10.1303 2322721
10.1303 2324161
10.1327 2325601
10.1327 2327041
10.1327 2328481
10.1712 2329921
10.1712 2331361
10.1736 2332801
10.1736 2334241
10.176 2335681
10.176 2337121
10.2133 2338561
10.2133 2340001
10.2158 2341441
10.2158 2342881
10.2182 2344321
10.2182 2345761
10.2182 2347201
10.2554 2348641
10.2554 2350081
10.2579 2351521
10.2579 2352961
10.2603 2354401
10.2603 2355841
10.2963 2357281
10.2963 2358721
10.2988 2360161
10.2988 2361601
10.3012 2363041
10.3012 2364481
10.3372 2365921
10.3372 2367361
10.3397 2368801
10.3397 2370241
10.3397 2371681
10.3421 2373121
10.3421 2374561
10.3782 2376001
10.3782 2377441
10.3806 2378881
10.3806 2380321
10.383 2381761
10.383 2383201
10.3854 2384641
10.3854 2386081
10.4203 2387521
10.4203 2388961
10.4229 2390401
10.4229 2391841
10.4252 2393281
10.4252 2394721
10.4252 2396161
10.4276 2397601
10.4276 2399041
10.4624 2400481
10.4624 2401921
10.4649 2403361
10.4649 2404801
10.4673 2406241
10.4673 2407681
10.4697 2409121
10.4697 2410561
10.5033 2412001
10.5033 2413441
10.5058 2414881
10.5058 2416321
10.5082 2417761
10.5082 2419201
10.511 2420641
10.511 2422081
10.511 2423521
10.5445 2424961
10.5445 2426401
10.5493 2427841
10.5493 2429281
10.5493 2430721
10.5493 2432161
10.5518 2433601
10.5518 2435041
10.5542 2436481
10.5542 2437921
10.5866 2439361
10.5866 2440801
10.5914 2442241
10.5914 2443681
10.5938 2445121
10.5938 2446561
10.5962 2448001
10.5962 2449441
10.5986 2450881
10.5986 2452321
10.6287 2453761
10.6287 2455201
10.6339 2456641
10.6339 2458081
10.6339 2459521
10.6363 2460961
10.6363 2462401
10.6387 2463841
10.6387 2465281
10.6411 2466721
10.6411 2468161
10.6708 2469601
10.6708 2471041
10.6761 2472481
10.6761 2473921
10.6785 2475361
10.6785 2476801
10.6809 2478241
10.6809 2479681
10.6833 2481121
10.6833 2482561
10.7117 2484001
10.7117 2485441
10.717 2486881
10.717 2488321
10.7194 2489761
10.7194 2491201
10.7194 2492641
10.7218 2494081
10.7218 2495521
10.7241 2496961
10.7241 2498401
10.7527 2499841
10.7527 2501281
10.7579 2502721
10.7579 2504161
10.7602 2505601
10.7602 2507041
10.7626 2508481
10.7626 2509921
10.765 2511361
10.765 2512801
10.7674 2514241
10.7674 2515681
10.7947 2517121
10.7947 2518561
10.7999 2520001
10.7999 2521441
10.8023 2522881
10.8023 2524321
10.8047 2525761
10.8047 2527201
10.8071 2528641
10.8071 2530081
10.8071 2531521
10.8095 2532961
10.8095 2534401
10.8372 2535841
10.8372 2537281
10.8424 2538721
10.8424 2540161
10.8448 2541601
10.8448 2543041
10.8472 2544481
10.8472 2545921
10.852 2547361
10.852 2548801
10.852 2550241
10.852 2551681
10.8781 2553121
10.8781 2554561
10.8833 2556001
10.8833 2557441
10.8857 2558881
10.8857 2560321
10.8881 2561761
10.8881 2563201
10.8929 2564641
10.8929 2566081
10.8953 2567521
10.8953 2568961
10.919 2570401
10.919 2571841
10.919 2573281
10.9242 2574721
10.9242 2576161
10.9266 2577601
10.9266 2579041
10.9294 2580481
10.9294 2581921
10.9338 2583361
10.9338 2584801
10.9362 2586241
10.9362 2587681
10.9599 2589121
10.9599 2590561
10.9623 2592001
10.9623 2593441
10.9663 2594881
10.9663 2596321
10.9687 2597761
10.9687 2599201
10.9715 2600641
10.9715 2602081
10.9759 2603521
10.9759 2604961
10.9783 2606401
10.9783 2607841
11.002 2609281
11.002 2610721
11.0043 2612161
11.0043 2613601
11.0083 2615041
11.0083 2616481
11.0083 2617921
11.0107 2619361
11.0107 2620801
11.0135 2622241
11.0135 2623681
11.0179 2625121
11.0179 2626561
11.0203 2628001
11.0203 2629441
11.0444 2630881
11.0444 2632321
11.0468 2633761
11.0468 2635201
11.0516 2636641
11.0516 2638081
11.0528 2639521
11.054 2615041
11.0877 2639521
11.0877 2640961
11.0889 2642401
11.0925 2643841
11.0937 2645281
11.0949 2646721
11.0961 2648161
11.1298 2649601
11.1298 2651041
11.135 2652481
11.135 2653921
11.1373 2655361
11.1373 2656801
11.1719 2658241
11.1719 2659681
11.1719 2661121
11.177 2662561
11.177 2664001
11.1794 2665441
11.1794 2666881
11.214 2668321
11.214 2669761
11.2179 2671201
11.2179 2672641
11.2203 2674081
11.2203 2675521
11.2549 2676961
11.2549 2678401
11.2588 2679841
11.2588 2681281
11.2588 2682721
11.2612 2684161
11.2612 2685601
11.2957 2687041
11.2957 2688481
11.2997 2689921
11.2997 2691361
11.3021 2692801
11.3021 2694241
11.3045 2695681
11.3045 2697121
11.3378 2698561
11.3378 2700001
11.3418 2701441
11.3418 2702881
11.3442 2704321
11.3442 2705761
11.3466 2707201
11.3466 2708641
11.3466 2710081
11.3799 2711521
11.3799 2712961
11.3839 2714401
11.3839 2715841
11.3863 2717281
11.3863 2718721
11.3887 2720161
11.3887 2721601
11.4208 2723041
11.4208 2724481
11.4248 2725921
11.4248 2727361
11.4272 2728801
11.4272 2730241
11.4296 2731681
11.4308 2733121
11.462 2717281
11.4705 2733121
11.4705 2734561
11.4717 2736001
11.5029 2737441
11.5126 2738881
11.5126 2740321
11.5535 2741761
11.5535 2743201
11.5535 2744641
11.5944 2746081
11.5944 2747521
11.5968 2748961
11.5968 2750401
11.6365 2751841
11.6365 2753281
11.6388 2754721
11.6388 2756161
11.6789 2757601
11.6789 2759041
11.6789 2760481
11.6813 2761921
11.6813 2763361
11.721 2764801
11.721 2766241
11.7234 2767681
11.7234 2769121
11.7619 2770561
11.7631 2772001
11.7643 2761921
11.804 2772001
11.804 2773441
11.8052 2774881
11.8461 2776321
11.8461 2777761
11.8881 2779201
11.8881 2780641
11.9304 2782081
11.9304 2783521
11.9304 2784961
11.9725 2786401
11.9725 2787841
12.0133 2789281
12.0133 2790721
12.0542 2792161
12.0542 2793601
12.0542 2795041
12.0951 2796481
12.0951 2797921
12.0975 2799361
12.0975 2800801
12.1372 2802241
12.1372 2803681
12.1396 2805121
12.1396 2806561
12.1796 2808001
12.1796 2809441
12.1796 2810881
12.182 2812321
12.182 2813761
12.2217 2815201
12.2217 2816641
12.224 2818081
12.224 2819521
12.2625 2820961
12.2625 2822401
12.2649 2823841
12.2649 2825281
12.2649 2826721
12.3034 2828161
12.3034 2829601
12.3058 2831041
12.3058 2832481
12.3082 2833921
12.3082 2835361
12.3455 2836801
12.3455 2838241
12.3479 2839681
12.3479 2841121
12.3503 2842561
12.3503 2844001
12.3503 2845441
12.3876 2846881
12.3876 2848321
12.39 2849761
12.39 2851201
12.3924 2852641
12.3924 2854081
12.4285 2855521
12.4285 2856961
12.4309 2858401
12.4309 2859841
12.4333 2861281
12.4333 2862721
12.4694 2864161
12.4694 2865601
12.4718 2867041
12.4718 2868481
12.4718 2869921
12.4742 2871361
12.4742 2872801
12.5103 2874241
12.5103 2875681
12.5127 2877121
12.5127 2878561
12.5151 2880001
12.5151 2881441
12.5174 2882881
12.5174 2884321
12.5524 2885761
12.5524 2887201
12.5547 2888641
12.5547 2890081
12.5571 2891521
12.5571 2892961
12.5571 2894401
12.5595 2895841
12.5595 2897281
12.5944 2898721
12.5944 2900161
12.5968 2901601
12.5968 2903041
12.5992 2904481
12.5992 2905921
12.6016 2907361
12.6016 2908801
12.6353 2910241
12.6353 2911681
12.6377 2913121
12.6377 2914561
12.6401 2916001
12.6401 2917441
12.6425 2918881
12.6425 2920321
12.6762 2921761
12.6762 2923201
12.6762 2924641
12.6786 2926081
12.6786 2927521
12.681 2928961
12.681 2930401
12.6834 2931841
12.6834 2933281
12.7171 2934721
12.7171 2936161
12.7195 2937601
12.7195 2939041
12.7219 2940481
12.7219 2941921
12.7244 2943361
12.7244 2944801
12.7268 2946241
12.7268 2947681
12.7592 2949121
12.7592 2950561
12.7616 2952001
12.7616 2953441
12.7616 2954881
12.764 2956321
12.764 2957761
12.7665 2959201
12.7665 2960641
12.7688 2962081
12.7688 2963521
12.8013 2964961
12.8013 2966401
12.8037 2967841
12.8037 2969281
12.8085 2970721
12.8085 2972161
12.8085 2973601
12.8085 2975041
12.8109 2976481
12.8109 2977921
12.8423 2979361
12.8423 2980801
12.8447 2982241
12.8447 2983681
12.8495 2985121
12.8495 2986561
12.8519 2988001
12.8519 2989441
12.8543 2990881
12.8543 2992321
12.8543 2993761
12.8832 2995201
12.8832 2996641
12.8856 2998081
12.8856 2999521
12.8904 3000961
12.8904 3002401
12.8928 3003841
12.8928 3005281
12.8952 3006721
12.8952 3008161
12.8975 3009601
12.8975 3011041
12.9253 3012481
12.9253 3013921
12.9277 3015361
12.9277 3016801
12.9325 3018241
12.9325 3019681
12.9349 3021121
12.9349 3022561
12.9372 3024001
12.9372 3025441
12.9398 3026881
12.9398 3028321
12.9398 3029761
12.9674 3031201
12.9674 3032641
12.9699 3034081
12.9699 3035521
12.9746 3036961
12.9746 3038401
12.977 3039841
12.977 3041281
12.9794 3042721
12.9794 3044161
12.9819 3045601
12.9819 3047041
13.0083 3048481
13.0083 3049921
13.0107 3051361
13.0107 3052801
13.0155 3054241
13.0155 3055681
13.0179 3057121
13.0179 3058561
13.0203 3060001
13.0203 3061441
13.0227 3062881
13.0227 3064321
13.0492 3065761
13.0492 3067201
13.0516 3068641
13.0516 3070081
13.0516 3071521
13.0564 3072961
13.0564 3074401
13.0591 3075841
13.0591 3077281
13.0615 3078721
13.0615 3080161
13.0639 3081601
13.0639 3083041
13.0904 3084481
13.0904 3085921
13.0928 3087361
13.0928 3088801
13.0952 3090241
13.0952 3091681
13.0985 3093121
13.0985 3094561
13.1012 3096001
13.1012 3097441
13.1036 3098881
13.1036 3100321
13.106 3101761
13.106 3103201
13.1325 3104641
13.1325 3106081
13.1349 3107521
13.1349 3108961
13.1372 3110401
13.1372 3111841
13.1372 3113281
13.1406 3114721
13.1406 3116161
13.1433 3117601
13.1433 3119041
13.1457 3120481
13.1457 3121921
13.1482 3123361
13.1482 3124801
13.1745 3126241
13.1745 3127681
13.177 3129121
13.177 3130561
13.1794 3132001
13.1794 3133441
13.1818 3134881
13.1818 3136321
13.1842 3137761
13.1842 3139201
13.1866 3140641
13.1866 3142081
13.189 3143521
13.189 3144961
13.2154 3146401
13.2154 3147841
13.2179 3149281
13.2179 3150721
13.2203 3152161
13.2203 3153601
13.2227 3155041
13.2227 3156481
13.2251 3157921
13.2251 3159361
13.2251 3160801
13.2275 3162241
13.2275 3163681
13.2299 3165121
13.2299 3166561
13.2563 3168001
13.2563 3169441
13.26 3170881
13.26 3172321
13.2612 3173761
13.2624 3147841
13.2732 3173761
13.2732 3175201
13.2976 3176641
13.2988 3178081
13.3009 3179521
13.3021 3180961
13.3033 3182401
13.3045 3183841
13.3385 3185281
13.3385 3186721
13.3418 3188161
13.3418 3189601
13.3442 3191041
13.3442 3192481
13.3794 3193921
13.3794 3195361
13.3827 3196801
13.3827 3198241
13.3851 3199681
13.3851 3201121
13.4203 3202561
13.4203 3204001
13.4236 3205441
13.4236 3206881
13.4236 3208321
13.426 3209761
13.426 3211201
13.4612 3212641
13.4612 3214081
13.4645 3215521
13.4645 3216961
13.4669 3218401
13.4669 3219841
13.4693 3221281
13.4693 3222721
13.5066 3224161
13.5066 3225601
13.5066 3227041
13.5066 3228481
13.509 3229921
13.509 3231361
13.5114 3232801
13.5114 3234241
13.5114 3235681
13.5487 3237121
13.5487 3238561
13.5511 3240001
13.5511 3241441
13.5535 3242881
13.5535 3244321
13.5558 3245761
13.5558 3247201
13.5896 3248641
13.5896 3250081
13.5923 3251521
13.5923 3252961
13.5947 3254401
13.5947 3255841
13.5971 3257281
13.5971 3258721
13.6304 3260161
13.6304 3261601
13.6332 3263041
13.6332 3264481
13.6332 3265921
13.6356 3267361
13.6356 3268801
13.638 3270241
13.638 3271681
13.6713 3273121
13.6713 3274561
13.6741 3276001
13.6741 3277441
13.6765 3278881
13.6765 3280321
13.6789 3281761
13.6789 3283201
13.6813 3284641
13.6813 3286081
13.7134 3287521
13.7134 3288961
13.7162 3290401
13.7162 3291841
13.7186 3293281
13.7186 3294721
13.7186 3296161
13.721 3297601
13.721 3299041
13.7234 3300481
13.7234 3301921
13.7555 3303361
13.7555 3304801
13.7583 3306241
13.7583 3307681
13.7607 3309121
13.7607 3310561
13.763 3312001
13.763 3313441
13.7654 3314881
13.7654 3316321
13.7964 3317761
13.7964 3319201
13.7992 3320641
13.7992 3322081
13.8015 3323521
13.8015 3324961
13.8039 3326401
13.8039 3327841
13.8063 3329281
13.8063 3330721
13.8063 3332161
13.8373 3333601
13.8373 3335041
13.84 3336481
13.84 3337921
13.8424 3339361
13.8424 3340801
13.8448 3342241
13.8448 3343681
13.8472 3345121
13.8472 3346561
13.8496 3348001
13.8496 3349441
13.8794 3350881
13.8794 3352321
13.8821 3353761
13.8821 3355201
13.8845 3356641
13.8845 3358081
13.8869 3359521
13.8869 3360961
13.8893 3362401
13.8893 3363841
13.8917 3365281
13.8917 3366721
13.8917 3368161
13.9215 3369601
13.9215 3371041
13.9242 3372481
13.9242 3373921
13.9266 3375361
13.9266 3376801
13.929 3378241
13.929 3379681
13.9314 3381121
13.9314 3382561
13.9338 3384001
13.9338 3385441
13.9623 3386881
13.9623 3388321
13.9651 3389761
13.9651 3391201
13.9675 3392641
13.9675 3394081
13.9699 3395521
13.9699 3396961
13.9723 3398401
13.9723 3399841
13.9747 3401281
13.9747 3402721
14.0032 3404161
14.0032 3405601
14.006 3407041
14.006 3408481
14.006 3409921
14.0084 3411361
14.0084 3412801
14.0108 3414241
14.0108 3415681
14.0132 3417121
14.0132 3418561
14.0156 3420001
14.0156 3421441
14.0444 3422881
14.0444 3424321
14.0469 3425761
14.0469 3427201
14.0493 3428641
14.0493 3430081
14.0517 3431521
14.0517 3432961
14.0541 3434401
14.0541 3435841
14.0564 3437281
14.0564 3438721
14.0588 3440161
14.0588 3441601
14.0865 3443041
14.0865 3444481
14.089 3445921
14.089 3447361
14.0914 3448801
14.0914 3450241
14.0914 3451681
14.0937 3453121
14.0937 3454561
14.0961 3456001
14.0961 3457441
14.1009 3458881
14.1009 3460321
14.1009 3461761
14.1009 3463201
14.1285 3464641
14.1285 3466081
14.1314 3467521
14.1314 3468961
14.1338 3470401
14.1338 3471841
14.1362 3473281
14.1362 3474721
14.1386 3476161
14.1386 3477601
14.1418 3479041
14.1418 3480481
14.1442 3481921
14.1442 3483361
14.1695 3484801
14.1695 3486241
14.1723 3487681
14.1723 3489121
14.1747 3490561
14.1747 3492001
14.1771 3493441
14.1771 3494881
14.1795 3496321
14.1795 3497761
14.1827 3499201
14.1827 3500641
14.1827 3502081
14.1851 3503521
14.1851 3504961
14.2104 3506401
14.2104 3507841
14.2132 3509281
14.2132 3510721
14.2156 3512161
14.2156 3513601
14.218 3515041
14.218 3516481
14.2204 3517921
14.2204 3519361
14.2236 3520801
14.2236 3522241
14.226 3523681
14.226 3525121
14.2284 3526561
14.2284 3528001
14.2525 3529441
14.2525 3530881
14.2553 3532321
14.2553 3533761
14.2577 3535201
14.2577 3536641
14.2601 3538081
14.2601 3539521
14.2625 3540961
14.2625 3542401
14.2661 3543841
14.2661 3545281
14.2685 3546721
14.2685 3548161
14.2708 3549601
14.2708 3551041
14.2708 3552481
14.2946 3553921
14.2946 3555361
14.2974 3556801
14.2974 3558241
14.2998 3559681
14.2998 3561121
14.3023 3562561
14.3023 3564001
14.305 3565441
14.305 3566881
14.3085 3568321
14.3085 3569761
14.3109 3571201
14.3109 3572641
14.3133 3574081
14.3133 3575521
14.3355 3576961
14.3355 3578401
14.3386 3579841
14.3386 3581281
14.341 3582721
14.341 3584161
14.3434 3585601
14.3434 3587041
14.3458 3588481
14.3458 3589921
14.3494 3591361
14.3494 3592801
14.3518 3594241
14.3518 3595681
14.3542 3597121
14.3542 3598561
14.3764 3600001
14.3764 3601441
14.3764 3602881
14.3795 3604321
14.3795 3605761
14.3819 3607201
14.3819 3608641
14.3844 3610081
14.3844 3611521
14.3868 3612961
14.3868 3614401
14.3903 3615841
14.3903 3617281
14.3927 3618721
14.3927 3620161
14.3951 3621601
14.3951 3623041
14.4173 3624481
14.4173 3625921
14.4196 3627361
14.4196 3628801
14.422 3630241
14.422 3631681
14.4244 3633121
14.4244 3634561
14.4268 3636001
14.4268 3637441
14.4292 3638881
14.4292 3640321
14.4324 3641761
14.4324 3643201
14.4348 3644641
14.4348 3646081
14.4372 3647521
14.4372 3648961
14.4593 3650401
14.4593 3651841
14.4617 3653281
14.4617 3654721
14.4641 3656161
14.4641 3657601
14.4641 3659041
14.4665 3660481
14.4665 3661921
14.4689 3663361
14.4689 3664801
14.4713 3666241
14.4713 3667681
14.4745 3669121
14.4745 3670561
14.477 3672001
14.477 3673441
14.4798 3674881
14.4798 3676321
14.5014 3677761
14.5014 3679201
14.5038 3680641
14.5038 3682081
14.5062 3683521
14.5062 3684961
14.5086 3686401
14.5086 3687841
14.511 3689281
14.511 3690721
14.5134 3692161
14.5134 3693601
14.5158 3695041
14.5158 3696481
14.5182 3697921
14.5182 3699361
14.521 3700801
14.521 3702241
14.5423 3703681
14.5423 3705121
14.5447 3706561
14.5447 3708001
14.5471 3709441
14.5471 3710881
14.5495 3712321
14.5495 3713761
14.5495 3715201
14.5519 3716641
14.5519 3718081
14.5543 3719521
14.5543 3720961
14.5567 3722401
14.5567 3723841
14.559 3725281
14.559 3726721
14.5619 3728161
14.5619 3729601
14.5832 3731041
14.5832 3732481
14.5856 3733921
14.5856 3735361
14.588 3736801
14.588 3738241
14.5904 3739681
14.5904 3741121
14.5928 3742561
14.5928 3744001
14.5952 3745441
14.5952 3746881
14.5975 3748321
14.5975 3749761
14.5999 3751201
14.5999 3752641
14.6023 3754081
14.6023 3755521
14.6048 3756961
14.6048 3758401
14.6253 3759841
14.6253 3761281
14.6277 3762721
14.6277 3764161
14.6301 3765601
14.6301 3767041
14.6325 3768481
14.6325 3769921
14.6349 3771361
14.6349 3772801
14.6372 3774241
14.6372 3775681
14.6372 3777121
14.6396 3778561
14.6396 3780001
14.642 3781441
14.642 3782881
14.6444 3784321
14.6444 3785761
14.6472 3787201
14.6472 3788641
14.6674 3790081
14.6674 3791521
14.6698 3792961
14.6698 3794401
14.6722 3795841
14.6722 3797281
14.6745 3798721
14.6745 3800161
14.6769 3801601
14.6769 3803041
14.6793 3804481
14.6793 3805921
14.6817 3807361
14.6817 3808801
14.6841 3810241
14.6841 3811681
14.6865 3813121
14.6865 3814561
14.6892 3816001
14.6892 3817441
14.7083 3818881
14.7083 3820321
14.7107 3821761
14.7107 3823201
14.713 3824641
14.713 3826081
14.7154 3827521
14.7154 3828961
14.7178 3830401
14.7178 3831841
14.7202 3833281
14.7202 3834721
14.7226 3836161
14.7226 3837601
14.725 3839041
14.725 3840481
14.725 3841921
14.7274 3843361
14.7274 3844801
14.7301 3846241
14.7301 3847681
14.7492 3849121
14.7492 3850561
14.7515 3852001
14.7515 3853441
14.7539 3854881
14.7539 3856321
14.7563 3857761
14.7563 3859201
14.7587 3860641
14.7587 3862081
14.7611 3863521
14.7611 3864961
14.7635 3866401
14.7635 3867841
14.7659 3869281
14.7659 3870721
14.7683 3872161
14.7683 3873601
14.7707 3875041
14.7707 3876481
14.7731 3877921
14.7731 3879361
14.7912 3880801
14.7912 3882241
14.7936 3883681
14.7936 3885121
14.796 3886561
14.796 3888001
14.7984 3889441
14.7984 3890881
14.8008 3892321
14.8008 3893761
14.8032 3895201
14.8032 3896641
14.8056 3898081
14.8056 3899521
14.808 3900961
14.808 3902401
14.8104 3903841
14.8104 3905281
14.8104 3906721
14.8129 3908161
14.8129 3909601
14.8153 3911041
14.8153 3912481
14.8333 3913921
14.8333 3915361
14.8357 3916801
14.8357 3918241
14.8381 3919681
14.8381 3921121
14.8405 3922561
14.8405 3924001
14.843 3925441
14.843 3926881
14.8454 3928321
14.8454 3929761
14.8478 3931201
14.8478 3932641
14.8502 3934081
14.8502 3935521
14.8526 3936961
14.8526 3938401
14.8549 3939841
14.8549 3941281
14.8574 3942721
14.8574 3944161
14.8743 3945601
14.8743 3947041
14.8767 3948481
14.8767 3949921
14.8791 3951361
14.8791 3952801
14.8814 3954241
14.8814 3955681
14.8842 3957121
14.8842 3958561
14.8866 3960001
14.8866 3961441
14.889 3962881
14.889 3964321
14.8914 3965761
14.8914 3967201
14.8937 3968641
14.8937 3970081
14.8961 3971521
14.8961 3972961
14.8985 3974401
14.8985 3975841
14.8985 3977281
14.9152 3978721
14.9152 3980161
14.9176 3981601
14.9176 3983041
14.9199 3984481
14.9199 3985921
14.9223 3987361
14.9223 3988801
14.9251 3990241
14.9251 3991681
14.9275 3993121
14.9275 3994561
14.9299 3996001
14.9299 3997441
14.9322 3998881
14.9322 4000321
14.9346 4001761
14.9346 4003201
14.937 4004641
14.937 4006081
14.9394 4007521
14.9394 4008961
14.9418 4010401
14.9418 4011841
14.9573 4013281
14.9573 4014721
14.9597 4016161
14.9597 4017601
14.9621 4019041
14.9621 4020481
14.9645 4021921
14.9645 4023361
14.9672 4024801
14.9672 4026241
14.9695 4027681
14.9695 4029121
14.9719 4030561
14.9719 4032001
14.9743 4033441
14.9743 4034881
14.9767 4036321
14.9767 4037761
14.9791 4039201
14.9791 4040641
14.9815 4042081
14.9815 4043521
14.9839 4044961
14.9839 4046401
14.9994 4047841
14.9994 4049281
14.9994 4050721
15.0018 4052161
15.0018 4053601
15.0042 4055041
15.0042 4056481
15.0066 4057921
15.0066 4059361
15.0092 4060801
15.0092 4062241
15.0116 4063681
15.0116 4065121
15.014 4066561
15.014 4068001
15.0164 4069441
15.0164 4070881
15.0188 4072321
15.0188 4073761
15.0212 4075201
15.0212 4076641
15.0238 4078081
15.0238 4079521
15.0262 4080961
15.0262 4082401
15.0415 4083841
15.0415 4085281
15.0439 4086721
15.0439 4088161
15.0463 4089601
15.0463 4091041
15.0488 4092481
15.0488 4093921
15.0512 4095361
15.0512 4096801
15.0536 4098241
15.0536 4099681
15.056 4101121
15.056 4102561
15.0584 4104001
15.0584 4105441
15.0608 4106881
15.0608 4108321
15.0631 4109761
15.0631 4111201
15.0656 4112641
15.0656 4114081
15.0678 4115521
15.0824 4116961
15.0836 4078081
15.0996 4080961
15.0996 4082401
15.1007 4116961
15.1007 4118401
15.1019 4119841
15.1031 4121281
15.1043 4122721
15.1055 4124161
15.1067 4125601
15.1079 4127041
15.1091 4128481
15.1234 4129921
15.1246 4080961
15.1246 4129921
15.1246 4131361
15.1404 4132801
15.1428 4134241
15.1428 4135681
15.1452 4137121
15.1452 4138561
15.1476 4140001
15.1476 4141441
15.15 4142881
15.15 4144321
15.1656 4145761
15.1813 4147201
15.1813 4148641
15.1813 4150081
15.1849 4151521
15.1849 4152961
15.1873 4154401
15.1873 4155841
15.1897 4157281
15.1897 4158721
15.1921 4160161
15.1921 4161601
15.2226 4163041
15.2226 4164481
15.225 4165921
15.225 4167361
15.2274 4168801
15.2274 4170241
15.2298 4171681
15.2298 4173121
15.2322 4174561
15.2322 4176001
15.2345 4177441
15.2345 4178881
15.2647 4180321
15.2647 4181761
15.2671 4183201
15.2671 4184641
15.2695 4186081
15.2695 4187521
15.2695 4188961
15.2718 4190401
15.2718 4191841
15.2742 4193281
15.2742 4194721
15.2766 4196161
15.2766 4197601
15.3068 4199041
15.3068 4200481
15.3092 4201921
15.3092 4203361
15.3115 4204801
15.3115 4206241
15.3139 4207681
15.3139 4209121
15.3163 4210561
15.3163 4212001
15.3187 4213441
15.3187 4214881
15.3476 4216321
15.3476 4217761
15.35 4219201
15.35 4220641
15.3524 4222081
15.3524 4223521
15.3548 4224961
15.3548 4226401
15.3548 4227841
15.3572 4229281
15.3572 4230721
15.3596 4232161
15.3596 4233601
15.3885 4235041
15.3885 4236481
15.3909 4237921
15.3909 4239361
15.3933 4240801
15.3933 4242241
15.3957 4243681
15.3957 4245121
15.3981 4246561
15.3981 4248001
15.4005 4249441
15.4005 4250881
15.4029 4252321
15.4029 4253761
15.4306 4255201
15.4306 4256641
15.433 4258081
15.433 4259521
15.4354 4260961
15.4354 4262401
15.4378 4263841
15.4378 4265281
15.4403 4266721
15.4403 4268161
15.4427 4269601
15.4427 4271041
15.4427 4272481
15.4451 4273921
15.4451 4275361
15.4727 4276801
15.4727 4278241
15.4751 4279681
15.4751 4281121
15.4775 4282561
15.4775 4284001
15.4799 4285441
15.4799 4286881
15.4827 4288321
15.4827 4289761
15.4851 4291201
15.4851 4292641
15.4875 4294081
15.4875 4295521
15.5136 4296961
15.5136 4298401
15.516 4299841
15.516 4301281
15.5184 4302721
15.5184 4304161
15.5208 4305601
15.5208 4307041
15.5236 4308481
15.5236 4309921
15.5261 4311361
15.5261 4312801
15.5284 4314241
15.5284 4315681
15.5545 4317121
15.5545 4318561
15.5545 4320001
15.5569 4321441
15.5569 4322881
15.5593 4324321
15.5593 4325761
15.5617 4327201
15.5617 4328641
15.5645 4330081
15.5645 4331521
15.5669 4332961
15.5669 4334401
15.5693 4335841
15.5693 4337281
15.5954 4338721
15.5954 4340161
15.5978 4341601
15.5978 4343041
15.6002 4344481
15.6002 4345921
15.6026 4347361
15.6026 4348801
15.605 4350241
15.605 4351681
15.6074 4353121
15.6074 4354561
15.6098 4356001
15.6098 4357441
15.6123 4358881
15.6123 4360321
15.6375 4361761
15.6375 4363201
15.6399 4364641
15.6399 4366081
15.6399 4367521
15.6424 4368961
15.6424 4370401
15.6448 4371841
15.6448 4373281
15.6472 4374721
15.6472 4376161
15.6496 4377601
15.6496 4379041
15.652 4380481
15.652 4381921
15.6544 4383361
15.6544 4384801
15.6796 4386241
15.6796 4387681
15.682 4389121
15.682 4390561
15.6844 4392001
15.6844 4393441
15.6868 4394881
15.6868 4396321
15.6892 4397761
15.6892 4399201
15.6916 4400641
15.6916 4402081
15.694 4403521
15.694 4404961
15.6976 4406401
15.6976 4407841
15.7205 4409281
15.7217 4381921
15.7339 4392001
15.7339 4393441
15.7351 4409281
15.7351 4410721
15.7363 4412161
15.7385 4413601
15.7397 4415041
15.7616 4416481
15.7628 4392001
15.7628 4416481
15.7628 4417921
15.7748 4419361
15.7772 4420801
15.7772 4422241
15.7806 4423681
15.7806 4425121
15.8157 4426561
15.8157 4428001
15.8157 4429441
15.8193 4430881
15.8193 4432321
15.8193 4433761
15.823 4435201
15.823 4436641
15.8578 4438081
15.8578 4439521
15.8602 4440961
15.8602 4442401
15.8626 4443841
15.8626 4445281
15.8651 4446721
15.8651 4448161
15.8999 4449601
15.8999 4451041
15.9023 4452481
15.9023 4453921
15.9047 4455361
15.9047 4456801
15.9072 4458241
15.9072 4459681
15.9072 4461121
15.9421 4462561
15.9421 4464001
15.9445 4465441
15.9445 4466881
15.9469 4468321
15.9469 4469761
15.9493 4471201
15.9493 4472641
15.983 4474081
15.983 4475521
15.9854 4476961
15.9854 4478401
15.9878 4479841
15.9878 4481281
15.9902 4482721
15.9902 4484161
16.0239 4485601
16.0239 4487041
16.0239 4488481
16.0263 4489921
16.0263 4491361
16.0288 4492801
16.0288 4494241
16.0312 4495681
16.0312 4497121
16.0648 4498561
16.0648 4500001
16.0672 4501441
16.0672 4502881
16.0696 4504321
16.0696 4505761
16.072 4507201
16.072 4508641
16.0744 4510081
16.0744 4511521
16.1069 4512961
16.1069 4514401
16.1093 4515841
16.1093 4517281
16.1117 4518721
16.1117 4520161
16.1117 4521601
16.1141 4523041
16.1141 4524481
16.1164 4525921
16.1164 4527361
16.1492 4528801
16.1492 4530241
16.1516 4531681
16.1516 4533121
16.1539 4534561
16.1539 4536001
16.1563 4537441
16.1563 4538881
16.1587 4540321
16.1587 4541761
16.1901 4543201
16.1901 4544641
16.1924 4546081
16.1924 4547521
16.1948 4548961
16.1948 4550401
16.1972 4551841
16.1972 4553281
16.1972 4554721
16.1996 4556161
16.1996 4557601
16.2309 4559041
16.2309 4560481
16.2333 4561921
16.2333 4563361
16.2361 4564801
16.2361 4566241
16.2385 4567681
16.2385 4569121
16.2408 4570561
16.2408 4572001
16.2432 4573441
16.2432 4574881
16.273 4576321
16.273 4577761
16.2754 4579201
16.2754 4580641
16.2782 4582081
16.2782 4583521
16.2805 4584961
16.2805 4586401
16.2829 4587841
16.2829 4589281
16.2853 4590721
16.2853 4592161
16.2853 4593601
16.3151 4595041
16.3151 4596481
16.3175 4597921
16.3175 4599361
16.3202 4600801
16.3202 4602241
16.3226 4603681
16.3226 4605121
16.325 4606561
16.325 4608001
16.3274 4609441
16.3274 4610881
16.356 4612321
16.356 4613761
16.3584 4615201
16.3584 4616641
16.3611 4618081
16.3611 4619521
16.3635 4620961
16.3635 4622401
16.3659 4623841
16.3659 4625281
16.3683 4626721
16.3683 4628161
16.3971 4629601
16.3971 4631041
16.3971 4632481
16.3995 4633921
16.3995 4635361
16.4021 4636801
16.4021 4638241
16.4045 4639681
16.4045 4641121
16.4069 4642561
16.4069 4644001
16.4092 4645441
16.4104 4646881
16.438 4623841
16.4478 4631041
16.4478 4632481
16.449 4646881
16.449 4648321
16.4502 4649761
16.4514 4651201
16.4789 4631041
16.4789 4651201
16.4789 4652641
16.4789 4654081
16.4887 4655521
16.4911 4656961
16.4911 4658401
16.5198 4659841
16.5222 4661281
16.5222 4662721
16.5322 4664161
16.5322 4665601
16.5607 4667041
16.5607 4668481
16.5646 4669921
16.5646 4671361
16.5742 4672801
16.5742 4674241
16.5742 4675681
16.6028 4677121
16.6028 4678561
16.6067 4680001
16.6067 4681441
16.6163 4682881
16.6163 4684321
16.6437 4685761
16.6437 4687201
16.6476 4688641
16.6476 4690081
16.6572 4691521
16.6572 4692961
16.6846 4694401
16.6846 4695841
16.6846 4697281
16.6885 4698721
16.6885 4700161
16.6981 4701601
16.6981 4703041
16.7255 4704481
16.7255 4705921
16.7279 4707361
16.7279 4708801
16.7306 4710241
16.7306 4711681
16.7404 4713121
16.7404 4714561
16.7675 4716001
16.7675 4717441
16.7699 4718881
16.7699 4720321
16.7728 4721761
16.7728 4723201
16.7728 4724641
16.7825 4726081
16.7825 4727521
16.8096 4728961
16.8096 4730401
16.812 4731841
16.812 4733281
16.8149 4734721
16.8149 4736161
16.8233 4737601
16.8233 4739041
16.8505 4740481
16.8505 4741921
16.8529 4743361
16.8529 4744801
16.8558 4746241
16.8558 4747681
16.8642 4749121
16.8642 4750561
16.8642 4752001
16.8914 4753441
16.8914 4754881
16.8938 4756321
16.8938 4757761
16.8967 4759201
16.8967 4760641
16.9051 4762081
16.9051 4763521
16.9075 4764961
16.9075 4766401
16.9335 4767841
16.9335 4769281
16.9359 4770721
16.9359 4772161
16.9388 4773601
16.9388 4775041
16.9472 4776481
16.9472 4777921
16.9496 4779361
16.9496 4780801
16.9758 4782241
16.9758 4783681
16.9758 4785121
16.9782 4786561
16.9782 4788001
16.9809 4789441
16.9809 4790881
16.9893 4792321
16.9893 4793761
16.9917 4795201
16.9917 4796641
17.0179 4798081
17.0179 4799521
17.0202 4800961
17.0202 4802401
17.0226 4803841
17.0226 4805281
17.0302 4806721
17.0302 4808161
17.0326 4809601
17.0326 4811041
17.059 4812481
17.059 4813921
17.0614 4815361
17.0614 4816801
17.0614 4818241
17.0638 4819681
17.0638 4821121
17.0711 4822561
17.0711 4824001
17.0735 4825441
17.0735 4826881
17.0999 4828321
17.0999 4829761
17.1023 4831201
17.1023 4832641
17.1047 4834081
17.1047 4835521
17.1071 4836961
17.1071 4838401
17.1144 4839841
17.1144 4841281
17.1156 4842721
17.1408 4822561
17.1492 4842721
17.1492 4844161
17.1553 4845601
17.1565 4847041
17.1577 4848481
17.1817 4849921
17.1962 4851361
17.1962 4852801
17.1986 4854241
17.1986 4855681
17.2371 4857121
17.2371 4858561
17.2395 4860001
17.2395 4861441
17.2782 4862881
17.2782 4864321
17.2806 4865761
17.2806 4867201
17.2806 4868641
17.3191 4870081
17.3191 4871521
17.3239 4872961
17.3239 4874401
17.3239 4875841
17.3239 4877281
17.3612 4878721
17.3612 4880161
17.366 4881601
17.366 4883041
17.3684 4884481
17.3684 4885921
17.4034 4887361
17.4034 4888801
17.4034 4890241
17.4081 4891681
17.4081 4893121
17.4105 4894561
17.4105 4896001
17.4455 4897441
17.4455 4898881
17.449 4900321
17.449 4901761
17.4515 4903201
17.4515 4904641
17.4863 4906081
17.4863 4907521
17.4899 4908961
17.4899 4910401
17.4924 4911841
17.4924 4913281
17.4924 4914721
17.5272 4916161
17.5272 4917601
17.5308 4919041
17.5308 4920481
17.5333 4921921
17.5333 4923361
17.5357 4924801
17.5357 4926241
17.5694 4927681
17.5694 4929121
17.5728 4930561
17.5728 4932001
17.5756 4933441
17.5756 4934881
17.578 4936321
17.578 4937761
17.578 4939201
17.6115 4940641
17.6115 4942081
17.6149 4943521
17.6149 4944961
17.6177 4946401
17.6177 4947841
17.6201 4949281
17.6201 4950721
17.6524 4952161
17.6524 4953601
17.6561 4955041
17.6561 4956481
17.6586 4957921
17.6586 4959361
17.661 4960801
17.661 4962241
17.6933 4963681
17.6933 4965121
17.697 4966561
17.697 4968001
17.697 4969441
17.6995 4970881
17.6995 4972321
17.7019 4973761
17.7019 4975201
17.7342 4976641
17.7342 4978081
17.7379 4979521
17.7379 4980961
17.7403 4982401
17.7403 4983841
17.7428 4985281
17.7428 4986721
17.7452 4988161
17.7452 4989601
17.7765 4991041
17.7765 4992481
17.78 4993921
17.78 4995361
17.7824 4996801
17.7824 4998241
17.7824 4999681
17.7849 5001121
17.7849 5002561
17.7873 5004001
17.7873 5005441
17.8185 5006881
17.8185 5008321
17.8245 5009761
17.8245 5011201
17.8245 5012641
17.8245 5014081
17.8269 5015521
17.8269 5016961
17.8293 5018401
17.8293 5019841
17.8594 5021281
17.8594 5022721
17.8655 5024161
17.8655 5025601
17.8679 5027041
17.8679 5028481
17.8703 5029921
17.8703 5031361
17.8727 5032801
17.8727 5034241
17.9015 5035681
17.9015 5037121
17.9015 5038561
17.9064 5040001
17.9076 5019841
17.9424 5040001
17.9424 5041441
17.9436 5042881
17.9448 5044321
17.9473 5045761
17.9485 5047201
17.9859 5048641
17.9859 5050081
17.9883 5051521
17.9895 5041441
18.0292 5051521
18.0292 5052961
18.0303 5054401
18.0713 5055841
18.0713 5057281
18.1134 5058721
18.1134 5060161
18.1555 5061601
18.1555 5063041
18.1555 5064481
18.1976 5065921
18.1976 5067361
18.2387 5068801
18.2387 5070241
18.2795 5071681
18.2795 5073121
18.2795 5074561
18.3204 5076001
18.3204 5077441
18.3228 5078881
18.3228 5080321
18.3625 5081761
18.3625 5083201
18.3649 5084641
18.3649 5086081
18.4046 5087521
18.4058 5088961
18.407 5080321
18.4467 5088961
18.4467 5090401
18.4479 5091841
18.489 5093281
18.489 5094721
18.531 5096161
18.531 5097601
18.5733 5099041
18.5733 5100481
18.5733 5101921
18.6153 5103361
18.6153 5104801
18.6562 5106241
18.6562 5107681
18.6971 5109121
18.6971 5110561
18.6971 5112001
18.738 5113441
18.738 5114881
18.7404 5116321
18.7404 5117761
18.7801 5119201
18.7801 5120641
18.7825 5122081
18.7825 5123521
18.8222 5124961
18.8222 5126401
18.8222 5127841
18.8246 5129281
18.8246 5130721
18.8643 5132161
18.8643 5133601
18.8667 5135041
18.8679 5136481
18.9052 5126401
19.8643 5127841
19.9051 5135041
19.9051 5136481
19.9051 5137921
19.9472 5139361
19.9472 5140801
19.9896 5142241
19.9896 5143681
19.9896 5145121
20.0316 5146561
20.0316 5148001
20.0726 5149441
20.0726 5150881
20.1134 5152321
20.1134 5153761
20.1134 5155201
20.1543 5156641
20.1543 5158081
20.1567 5159521
20.1567 5160961
20.1969 5162401
20.1981 5163841
20.1992 5155201
20.2393 5163841
20.2393 5165281
20.2405 5166721
20.2814 5168161
20.2814 5169601
20.3235 5171041
20.3235 5172481
20.3656 5173921
20.3656 5175361
20.3656 5176801
20.408 5178241
20.408 5179681
20.4489 5181121
20.4489 5182561
20.4898 5184001
20.4898 5185441
20.4898 5186881
20.5307 5188321
20.5307 5189761
20.533 5191201
20.533 5192641
20.5727 5194081
20.5727 5195521
20.5751 5196961
20.5751 5198401
20.6148 5199841
20.6148 5201281
20.6148 5202721
20.6172 5204161
20.6172 5205601
20.6569 5207041
20.6569 5208481
20.6593 5209921
20.6605 5211361
20.6978 5201281
20.7014 5211361
20.7014 5212801
20.7388 5214241
20.7797 5215681
20.7797 5217121
20.8218 5218561
20.8218 5220001
20.8638 5221441
20.8638 5222881
20.8638 5224321
20.9059 5225761
20.9059 5227201
20.947 5228641
20.947 5230081
20.9879 5231521
20.9879 5232961
20.9879 5234401
21.0288 5235841
21.0288 5237281
21.0313 5238721
21.0313 5240161
21.0709 5241601
21.0709 5243041
21.0734 5244481
21.0734 5245921
21.1131 5247361
21.1131 5248801
21.1131 5250241
21.1158 5251681
21.1158 5253121
21.1555 5254561
21.1555 5256001
21.1579 5257441
21.1579 5258881
21.1965 5260321
21.1965 5261761
21.1989 5263201
21.1989 5264641
21.1989 5266081
21.2374 5267521
21.2374 5268961
21.2398 5270401
21.2398 5271841
21.2426 5273281
21.2426 5274721
21.2795 5276161
21.2795 5277601
21.2819 5279041
21.2819 5280481
21.2847 5281921
21.2847 5283361
21.2847 5284801
21.3216 5286241
21.3216 5287681
21.324 5289121
21.324 5290561
21.3267 5292001
21.3267 5293441
21.3624 5294881
21.3624 5296321
21.3649 5297761
21.3661 5299201
21.3677 5286241
21.407 5299201
21.407 5300641
21.4085 5302081
21.4494 5303521
21.4494 5304961
21.4915 5306401
21.4915 5307841
21.4915 5309281
21.5336 5310721
21.5336 5312161
21.5745 5313601
21.5745 5315041
21.6154 5316481
21.6154 5317921
21.6154 5319361
21.6563 5320801
21.6563 5322241
21.6587 5323681
21.6587 5325121
21.6984 5326561
21.6984 5328001
21.7007 5329441
21.7007 5330881
21.7404 5332321
21.7404 5333761
21.7404 5335201
21.7428 5336641
21.7428 5338081
21.7825 5339521
21.7825 5340961
21.7849 5342401
21.7849 5343841
21.8234 5345281
21.8234 5346721
21.8258 5348161
21.8258 5349601
21.8258 5351041
21.8643 5352481
21.8643 5353921
21.8667 5355361
21.8667 5356801
21.8691 5358241
21.8691 5359681
21.9064 5361121
21.9064 5362561
21.9088 5364001
21.9088 5365441
21.9112 5366881
21.9112 5368321
21.9112 5369761
21.949 5371201
21.949 5372641
21.9514 5374081
21.9514 5375521
21.9538 5376961
21.9538 5378401
21.9899 5379841
21.9899 5381281
21.9923 5382721
21.9923 5384161
21.9947 5385601
21.9947 5387041
22.0308 5388481
22.0308 5389921
22.0333 5391361
22.0333 5392801
22.0333 5394241
22.0357 5395681
22.0357 5397121
22.0717 5398561
22.0717 5400001
22.0742 5401441
22.0742 5402881
22.0766 5404321
22.0766 5405761
22.079 5407201
22.079 5408641
22.1138 5410081
22.1138 5411521
22.1166 5412961
22.1166 5414401
22.119 5415841
22.119 5417281
22.119 5418721
22.1213 5420161
22.1213 5421601
22.156 5423041
22.156 5424481
22.1587 5425921
22.1587 5427361
22.161 5428801
22.161 5430241
22.1634 5431681
22.1634 5433121
22.1969 5434561
22.1969 5436001
22.1995 5437441
22.1995 5438881
22.2019 5440321
22.2019 5441761
22.2043 5443201
22.2043 5444641
22.2378 5446081
22.2378 5447521
22.2378 5448961
22.2404 5450401
22.2404 5451841
22.2428 5453281
22.2428 5454721
22.2452 5456161
22.2452 5457601
22.2787 5459041
22.2787 5460481
22.2811 5461921
22.2811 5463361
22.2835 5464801
22.2835 5466241
22.2859 5467681
22.2859 5469121
22.2882 5470561
22.2882 5472001
22.3208 5473441
22.3208 5474881
22.3232 5476321
22.3232 5477761
22.3232 5479201
22.3256 5480641
22.3256 5482081
22.3279 5483521
22.3279 5484961
22.3303 5486401
22.3303 5487841
22.3629 5489281
22.3629 5490721
22.3652 5492161
22.3652 5493601
22.3676 5495041
22.3676 5496481
22.37 5497921
22.37 5499361
22.3724 5500801
22.3724 5502241
22.4037 5503681
22.4037 5505121
22.4061 5506561
22.4061 5508001
22.4085 5509441
22.4085 5510881
22.4109 5512321
22.4109 5513761
22.4109 5515201
22.4133 5516641
22.4133 5518081
22.4446 5519521
22.4446 5520961
22.447 5522401
22.447 5523841
22.4495 5525281
22.4495 5526721
22.4519 5528161
22.4519 5529601
22.4543 5531041
22.4543 5532481
22.4566 5533921
22.4566 5535361
22.4867 5536801
22.4867 5538241
22.4891 5539681
22.4891 5541121
22.4916 5542561
22.4916 5544001
22.494 5545441
22.494 5546881
22.4963 5548321
22.4963 5549761
22.4963 5551201
22.4987 5552641
22.4987 5554081
22.5288 5555521
22.5288 5556961
22.5312 5558401
22.5312 5559841
22.5336 5561281
22.5336 5562721
22.536 5564161
22.536 5565601
22.5386 5567041
22.5386 5568481
22.541 5569921
22.541 5571361
22.5699 5572801
22.5699 5574241
22.5722 5575681
22.5722 5577121
22.5746 5578561
22.5746 5580001
22.577 5581441
22.577 5582881
22.5795 5584321
22.5795 5585761
22.5819 5587201
22.5819 5588641
22.612 5590081
22.612 5591521
22.612 5592961
22.6132 5594401
22.6143 5571361
22.624 5594401
22.624 5595841
22.6529 5597281
22.6541 5598721
22.6553 5600161
22.6565 5601601
22.6577 5603041
22.6938 5604481
22.6938 5605921
22.6962 5607361
22.6962 5608801
22.6986 5610241
22.6986 5611681
22.7358 5613121
22.7358 5614561
22.7383 5616001
22.7383 5617441
22.7407 5618881
22.7407 5620321
22.7781 5621761
22.7781 5623201
22.7781 5624641
22.7808 5626081
22.7808 5627521
22.8201 5628961
22.8201 5630401
22.8201 5631841
22.8201 5633281
22.8225 5634721
22.8225 5636161
22.8611 5637601
22.8611 5639041
22.8635 5640481
22.8635 5641921
22.8659 5643361
22.8659 5644801
22.902 5646241
22.902 5647681
22.902 5649121
22.9044 5650561
22.9044 5652001
22.9068 5653441
22.9068 5654881
22.9429 5656321
22.9429 5657761
22.9453 5659201
22.9453 5660641
22.9477 5662081
22.9477 5663521
22.9501 5664961
22.9501 5666401
22.9851 5667841
22.9851 5669281
22.9875 5670721
22.9875 5672161
22.9899 5673601
22.9899 5675041
22.9899 5676481
22.9923 5677921
22.9923 5679361
23.0272 5680801
23.0272 5682241
23.0296 5683681
23.0296 5685121
23.032 5686561
23.032 5688001
23.0344 5689441
23.0344 5690881
23.0681 5692321
23.0681 5693761
23.0705 5695201
23.0705 5696641
23.073 5698081
23.073 5699521
23.0754 5700961
23.0754 5702401
23.0754 5703841
23.109 5705281
23.109 5706721
23.1114 5708161
23.1114 5709601
23.1139 5711041
23.1139 5712481
23.1162 5713921
23.1162 5715361
23.1186 5716801
23.1186 5718241
23.151 5719681
23.151 5721121
23.1534 5722561
23.1534 5724001
23.1559 5725441
23.1559 5726881
23.1583 5728321
23.1583 5729761
23.1608 5731201
23.1608 5732641
23.1933 5734081
23.1933 5735521
23.1933 5736961
23.1957 5738401
23.1957 5739841
23.1981 5741281
23.1981 5742721
23.2005 5744161
23.2005 5745601
23.2029 5747041
23.2029 5748481
23.2354 5749921
23.2354 5751361
23.2378 5752801
23.2378 5754241
23.2402 5755681
23.2402 5757121
23.2426 5758561
23.2426 5760001
23.2449 5761441
23.2449 5762881
23.2763 5764321
23.2763 5765761
23.2788 5767201
23.2788 5768641
23.2788 5770081
23.2812 5771521
23.2812 5772961
23.2836 5774401
23.2836 5775841
23.2859 5777281
23.2859 5778721
23.3172 5780161
23.3172 5781601
23.3197 5783041
23.3197 5784481
23.3221 5785921
23.3221 5787361
23.3244 5788801
23.3244 5790241
23.3268 5791681
23.3268 5793121
23.3292 5794561
23.3292 5796001
23.3593 5797441
23.3593 5798881
23.3617 5800321
23.3617 5801761
23.3641 5803201
23.3641 5804641
23.3665 5806081
23.3665 5807521
23.3665 5808961
23.369 5810401
23.369 5811841
23.3714 5813281
23.4004 5814721
23.4015 5793121
23.4111 5814721
23.4111 5816161
23.4123 5817601
23.4135 5819041
23.4413 5820481
23.4424 5821921
23.4532 5823361
23.4532 5824801
23.4821 5826241
23.4821 5827681
23.4941 5829121
23.4941 5830561
23.4941 5832001
23.523 5833441
23.523 5834881
23.535 5836321
23.535 5837761
23.5374 5839201
23.5374 5840641
23.5651 5842081
23.5651 5843521
23.5773 5844961
23.5773 5846401
23.5797 5847841
23.5797 5849281
23.6074 5850721
23.6074 5852161
23.6074 5853601
23.6194 5855041
23.6194 5856481
23.6218 5857921
23.6218 5859361
23.6495 5860801
23.6495 5862241
23.6603 5863681
23.6603 5865121
23.6627 5866561
23.6627 5868001
23.6904 5869441
23.6904 5870881
23.7012 5872321
23.7012 5873761
23.7012 5875201
23.7035 5876641
23.7035 5878081
23.7312 5879521
23.7312 5880961
23.742 5882401
23.742 5883841
23.7444 5885281
23.7444 5886721
23.7468 5888161
23.7468 5889601
23.7733 5891041
23.7733 5892481
23.7843 5893921
23.7843 5895361
23.7867 5896801
23.7867 5898241
23.7891 5899681
23.7891 5901121
23.7891 5902561
23.8156 5904001
23.8156 5905441
23.8264 5906881
23.8264 5908321
23.8288 5909761
23.8288 5911201
23.8312 5912641
23.8312 5914081
23.8565 5915521
23.8565 5916961
23.8673 5918401
23.8673 5919841
23.8697 5921281
23.8697 5922721
23.8722 5924161
23.8722 5925601
23.8974 5927041
23.8974 5928481
23.8974 5929921
23.9082 5931361
23.9082 5932801
23.9106 5934241
23.9106 5935681
23.9131 5937121
23.9131 5938561
23.9382 5940001
23.9382 5941441
23.9406 5942881
23.9406 5944321
23.9502 5945761
23.9502 5947201
23.9526 5948641
23.9526 5950081
23.9551 5951521
23.9551 5952961
23.9803 5954401
23.9803 5955841
23.9827 5957281
23.9827 5958721
23.9925 5960161
23.9925 5961601
23.9925 5963041
23.9949 5964481
23.9949 5965921
23.9973 5967361
23.9973 5968801
24.0226 5970241
24.0226 5971681
24.025 5973121
24.025 5974561
24.0346 5976001
24.0346 5977441
24.037 5978881
24.037 5980321
24.0394 5981761
24.0394 5983201
24.0635 5984641
24.0647 5986081
24.0659 5967361
24.0816 5986081
24.0816 5987521
24.1044 5988961
24.1056 5990401
24.1069 5991841
24.1453 5993281
24.1453 5994721
24.1478 5996161
24.1478 5997601
24.1874 5999041
24.1874 6000481
24.1874 6001921
24.1898 6003361
24.1898 6004801
24.2296 6006241
24.2296 6007681
24.232 6009121
24.232 6010561
24.2705 6012001
24.2705 6013441
24.2729 6014881
24.2729 6016321
24.2729 6017761
24.3114 6019201
24.3114 6020641
24.3139 6022081
24.3139 6023521
24.3163 6024961
24.3163 6026401
24.3535 6027841
24.3535 6029281
24.356 6030721
24.356 6032161
24.3584 6033601
24.3584 6035041
24.3956 6036481
24.3956 6037921
24.3956 6039361
24.398 6040801
24.398 6042241
24.4004 6043681
24.4004 6045121
24.438 6046561
24.438 6048001
24.4404 6049441
24.4404 6050881
24.4428 6052321
24.4428 6053761
24.4789 6055201
24.4789 6056641
24.4813 6058081
24.4813 6059521
24.4813 6060961
24.4837 6062401
24.4837 6063841
24.5198 6065281
24.5198 6066721
24.5222 6068161
24.5222 6069601
24.5246 6071041
24.5246 6072481
24.527 6073921
24.527 6075361
24.5619 6076801
24.5619 6078241
24.5643 6079681
24.5643 6081121
24.5667 6082561
24.5667 6084001
24.5691 6085441
24.5691 6086881
24.5691 6088321
24.604 6089761
24.604 6091201
24.6064 6092641
24.6064 6094081
24.6088 6095521
24.6088 6096961
24.6112 6098401
24.6112 6099841
24.6449 6101281
24.6449 6102721
24.6473 6104161
24.6473 6105601
24.6497 6107041
24.6497 6108481
24.652 6109921
24.652 6111361
24.686 6112801
24.686 6114241
24.686 6115681
24.6884 6117121
24.6884 6118561
24.6908 6120001
24.6908 6121441
24.6932 6122881
24.6932 6124321
24.7269 6125761
24.7269 6127201
24.7293 6128641
24.7293 6130081
24.7317 6131521
24.7317 6132961
24.7341 6134401
24.7341 6135841
24.7365 6137281
24.7365 6138721
24.769 6140161
24.769 6141601
24.7714 6143041
24.7714 6144481
24.7738 6145921
24.7738 6147361
24.7738 6148801
24.7762 6150241
24.7762 6151681
24.7786 6153121
24.7786 6154561
24.8111 6156001
24.8111 6157441
24.8136 6158881
24.8136 6160321
24.816 6161761
24.816 6163201
24.8184 6164641
24.8184 6166081
24.8208 6167521
24.8208 6168961
24.8521 6170401
24.8521 6171841
24.8545 6173281
24.8545 6174721
24.8572 6176161
24.8572 6177601
24.8596 6179041
24.8596 6180481
24.8596 6181921
24.862 6183361
24.862 6184801
24.8929 6186241
24.8929 6187681
24.8954 6189121
24.8954 6190561
24.8981 6192001
24.8981 6193441
24.9005 6194881
24.9005 6196321
24.9043 6197761
24.9043 6199201
24.9055 6200641
24.934 6180481
24.9426 6200641
24.9426 6202081
24.9452 6203521
24.9464 6204961
24.9476 6206401
24.9835 6207841
24.9862 6209281
24.9874 6210721
24.9889 6212161
25.0244 6213601
25.0272 6215041
25.0283 6216481
25.0298 6217921
25.0653 6219361
25.0681 6220801
25.0693 6222241
25.0707 6223681
25.1062 6225121
25.109 6226561
25.1102 6228001
25.1116 6229441
25.1472 6230881
25.1499 6232321
25.1511 6233761
25.1525 6235201
25.1881 6236641
25.1908 6238081
25.192 6239521
25.1934 6240961
25.2294 6242401
25.2318 6243841
25.2329 6245281
25.2343 6246721
25.2703 6248161
25.2727 6249601
25.2752 6251041
25.2752 6252481
25.3112 6253921
25.3136 6255361
25.3161 6256801
25.3173 6258241
25.3527 6259681
25.3551 6261121
25.3572 6262561
25.3584 6264001
25.394 6265441
25.3964 6266881
25.3981 6268321
25.3993 6269761
25.4349 6271201
25.4373 6272641
25.4394 6274081
25.4406 6275521
25.4758 6276961
25.4782 6278401
25.4803 6279841
25.4815 6281281
25.5167 6282721
25.5191 6284161
25.5212 6285601
25.5224 6287041
25.56 6288481
25.56 6289921
25.5621 6291361
25.5633 6292801
25.6013 6294241
25.6025 6295681
25.6037 6297121
25.6049 6298561
25.6422 6300001
25.6434 6301441
25.6446 6302881
25.6458 6304321
25.6835 6305761
25.6847 6307201
25.6859 6308641
25.6871 6310081
25.7244 6311521
25.7256 6312961
25.7268 6314401
25.728 6315841
25.7653 6317281
25.7665 6318721
25.7677 6320161
25.7693 6321601
25.8062 6323041
25.8074 6324481
25.8086 6325921
25.8102 6327361
25.8471 6328801
25.8483 6330241
25.8495 6331681
25.8511 6333121
25.888 6334561
25.8892 6336001
25.8904 6337441
25.892 6338881
25.9043 6180481
25.9043 6181921
25.9454 6338881
25.9454 6340321
26.1863 6341761
26.1863 6343201
26.2284 6344641
26.2284 6346081
26.2284 6347521
26.2707 6348961
26.2707 6350401
26.3116 6351841
26.3116 6353281
26.3525 6354721
26.3525 6356161
26.3525 6357601
26.3936 6359041
26.3936 6360481
26.396 6361921
26.396 6363361
26.4357 6364801
26.4357 6366241
26.4381 6367681
26.4381 6369121
26.4381 6370561
26.478 6372001
26.478 6373441
26.4804 6374881
26.4804 6376321
26.5189 6377761
26.5189 6379201
26.5213 6380641
26.5213 6382081
26.5598 6383521
26.5598 6384961
26.5623 6386401
26.5623 6387841
26.5623 6389281
26.6007 6390721
26.6007 6392161
26.6032 6393601
26.6032 6395041
26.6056 6396481
26.6056 6397921
26.6428 6399361
26.6428 6400801
26.6453 6402241
26.6453 6403681
26.6477 6405121
26.6477 6406561
26.6477 6408001
26.685 6409441
26.685 6410881
26.6874 6412321
26.6874 6413761
26.6898 6415201
26.6898 6416641
26.7262 6418081
26.7262 6419521
26.7286 6420961
26.7286 6422401
26.731 6423841
26.731 6425281
26.7671 6426721
26.7671 6428161
26.7695 6429601
26.7695 6431041
26.7695 6432481
26.7719 6433921
26.7719 6435361
26.808 6436801
26.808 6438241
26.8104 6439681
26.8104 6441121
26.8128 6442561
26.8128 6444001
26.8152 6445441
26.8152 6446881
26.8501 6448321
26.8501 6449761
26.8525 6451201
26.8525 6452641
26.8549 6454081
26.8549 6455521
26.8549 6456961
26.891 6458401
26.891 6459841
26.8922 6461281
26.8934 6445441
26.9331 6461281
26.9331 6462721
26.9343 6464161
26.9355 6465601
26.9752 6467041
26.9752 6468481
27.0161 6469921
27.0161 6471361
27.0161 6472801
27.057 6474241
27.057 6475681
27.0593 6477121
27.0593 6478561
27.099 6480001
27.099 6481441
27.1014 6482881
27.1014 6484321
27.1411 6485761
27.1411 6487201
27.1411 6488641
27.1435 6490081
27.1435 6491521
27.1832 6492961
27.1832 6494401
27.1856 6495841
27.1856 6497281
27.2242 6498721
27.2242 6500161
27.2266 6501601
27.2266 6503041
27.2266 6504481
27.2651 6505921
27.2651 6507361
27.2675 6508801
27.2675 6510241
27.2698 6511681
27.2698 6513121
27.3073 6514561
27.3073 6516001
27.3098 6517441
27.3098 6518881
27.3122 6520321
27.3122 6521761
27.3493 6523201
27.3493 6524641
27.3493 6526081
27.3519 6527521
27.3519 6528961
27.3543 6530401
27.3543 6531841
27.3914 6533281
27.3914 6534721
27.3938 6536161
27.3938 6537601
27.3963 6539041
27.3975 6540481
27.4324 6527521
27.4384 6540481
27.4384 6541921
27.4733 6543361
27.5142 6544801
27.5142 6546241
27.5563 6547681
27.5563 6549121
27.5563 6550561
27.5987 6552001
27.5987 6553441
27.6396 6554881
27.6396 6556321
27.8816 6557761
27.8816 6559201
27.8816 6560641
27.8816 6562081
27.9237 6563521
27.9237 6564961
27.9261 6566401
27.9261 6567841
27.9658 6569281
27.9658 6570721
27.9682 6572161
27.9682 6573601
28.0079 6575041
28.0079 6576481
28.0079 6577921
28.0103 6579361
28.0103 6580801
28.05 6582241
28.05 6583681
28.0524 6585121
28.0524 6586561
28.0909 6588001
28.0909 6589441
28.0933 6590881
28.0933 6592321
28.0933 6593761
28.1318 6595201
28.1318 6596641
28.1341 6598081
28.1341 6599521
28.1365 6600961
28.1365 6602401
28.1738 6603841
28.1738 6605281
28.1762 6606721
28.1762 6608161
28.1786 6609601
28.1786 6611041
28.1786 6612481
28.2162 6613921
28.2162 6615361
28.2186 6616801
28.2186 6618241
28.221 6619681
28.221 6621121
28.2571 6622561
28.2571 6624001
28.2596 6625441
28.2596 6626881
28.262 6628321
28.262 6629761
28.298 6631201
28.298 6632641
28.3005 6634081
28.3005 6635521
28.3005 6636961
28.3028 6638401
28.3028 6639841
28.339 6641281
28.339 6642721
28.3441 6644161
28.3441 6645601
28.3441 6647041
28.3441 6648481
28.3465 6649921
28.3465 6651361
28.3811 6652801
28.3811 6654241
28.3862 6655681
28.3862 6657121
28.3886 6658561
28.3886 6660001
28.391 6661441
28.391 6662881
28.391 6664321
28.4231 6665761
28.4231 6667201
28.4283 6668641
28.4283 6670081
28.4307 6671521
28.4307 6672961
28.4331 6674401
28.4331 6675841
28.464 6677281
28.464 6678721
28.4693 6680161
28.4693 6681601
28.4717 6683041
28.4717 6684481
28.4744 6685921
28.4744 6687361
28.5052 6688801
28.5052 6690241
28.5102 6691681
28.5102 6693121
28.5102 6694561
28.5126 6696001
28.5126 6697441
28.5152 6698881
28.5152 6700321
28.5461 6701761
28.5473 6703201
28.5511 6685921
28.5582 6703201
28.5582 6704641
28.587 6706081
28.5882 6707521
28.592 6708961
28.6279 6710401
28.6279 6711841
28.6329 6713281
28.6688 6714721
28.67 6706081
28.7097 6714721
28.7097 6716161
28.7109 6717601
28.9506 6719041
28.9915 6720481
29.0324 6721921
29.0734 6716161
29.0734 6721921
29.0734 6723361
29.1142 6724801
29.1551 6726241
29.1551 6727681
29.1972 6729121
29.1972 6730561
29.2393 6732001
29.2393 6733441
29.2393 6734881
29.2814 6736321
29.2814 6737761
29.3223 6739201
29.3223 6740641
29.3633 6742081
29.3633 6743521
29.3633 6744961
29.4042 6746401
29.4042 6747841
29.4066 6749281
29.4066 6750721
29.4467 6752161
29.4467 6753601
29.4491 6755041
29.4491 6756481
29.4888 6757921
29.4888 6759361
29.4888 6760801
29.4911 6762241
29.4911 6763681
29.5312 6765121
29.5312 6766561
29.5336 6768001
29.5336 6769441
29.5721 6770881
29.5721 6772321
29.5745 6773761
29.5745 6775201
29.5745 6776641
29.613 6778081
29.613 6779521
29.6154 6780961
29.6154 6782401
29.6178 6783841
29.6178 6785281
29.6551 6786721
29.6551 6788161
29.6575 6789601
29.6575 6791041
29.6599 6792481
29.6599 6793921
29.6599 6795361
29.6972 6796801
29.6972 6798241
29.6996 6799681
29.6996 6801121
29.702 6802561
29.702 6804001
29.7381 6805441
29.7381 6806881
29.7405 6808321
29.7405 6809761
29.7429 6811201
29.7429 6812641
29.779 6814081
29.779 6815521
29.7814 6816961
29.7814 6818401
29.7814 6819841
29.7838 6821281
29.7838 6822721
29.8223 6824161
29.8223 6825601
29.8223 6827041
29.8223 6828481
29.8247 6829921
29.8247 6831361
29.8271 6832801
29.8271 6834241
29.8645 6835681
29.8645 6837121
29.8669 6838561
29.8669 6840001
29.8693 6841441
29.8693 6842881
29.8717 6844321
29.8717 6845761
29.8717 6847201
29.9066 6848641
29.9066 6850081
29.909 6851521
29.909 6852961
29.9114 6854401
29.9114 6855841
29.9138 6857281
29.9138 6858721
29.9475 6860161
29.9475 6861601
29.95 6863041
29.95 6864481
29.9524 6865921
29.9524 6867361
29.9548 6868801
29.9548 6870241
29.9884 6871681
29.9884 6873121
29.9909 6874561
29.9909 6876001
29.9909 6877441
29.9933 6878881
29.9933 6880321
29.9957 6881761
29.9957 6883201
30.0293 6884641
30.0293 6886081
30.0318 6887521
30.0318 6888961
30.0342 6890401
30.0342 6891841
30.0366 6893281
30.0366 6894721
30.0391 6896161
30.0391 6897601
30.0714 6899041
30.0714 6900481
30.0739 6901921
30.0739 6903361
30.0763 6904801
30.0763 6906241
30.0763 6907681
30.0787 6909121
30.0787 6910561
30.0812 6912001
30.0812 6913441
