0.0 0
0.0262165 0.026
0.0551493 0.026375
0.0852341 0.0268281
0.115319 0.0272246
0.144209 0.0311965
0.146599 0.031172
0.174293 0.0310255
0.176684 0.0311473
0.179074 0.0313789
0.204378 0.0312065
0.206769 0.0313057
0.209159 0.0315175
0.211549 0.0315778
0.233268 0.0343806
0.235658 0.033958
0.238048 0.0337133
0.240439 0.0337491
0.242829 0.0336555
0.24522 0.0336985
0.262157 0.0358612
0.264717 0.0352536
0.269498 0.0350969
0.271889 0.0348348
0.274279 0.0347304
0.276669 0.0348891
0.27906 0.035153
0.28145 0.0352588
0.291047 0.0366015
0.293437 0.0359013
0.295828 0.0352886
0.298388 0.0351276
0.300778 0.0346116
0.303169 0.0345352
0.305559 0.0344683
0.307949 0.0346597
0.31034 0.0348273
0.31273 0.0349739
0.31512 0.0354771
0.317511 0.0357925
0.319901 0.0360684
0.322292 0.0366849
0.324682 0.0362243
0.327072 0.0359462
0.329463 0.0359529
0.331853 0.0359588
0.334244 0.035964
0.339024 0.0363435
0.341415 0.0365505
0.343805 0.0369817
0.346196 0.037484
0.348586 0.0379235
0.350976 0.0385581
0.353367 0.0391133
0.355757 0.0395991
0.358148 0.0403993
0.360538 0.0409743
0.362928 0.0414776
0.365319 0.0422929
0.367709 0.0430062
0.3701 0.0436305
0.37249 0.0444267
0.37488 0.0451233
0.377271 0.0457329
0.379661 0.0465163
0.382052 0.0473268
0.384442 0.0480359
0.386832 0.0489064
0.389223 0.0496681
0.391613 0.0499596
0.394004 0.0505897
0.397604 0.0515159
0.523085 0.0503265
0.526924 0.0494106
0.529314 0.0486093
0.531704 0.0479081
0.534095 0.0474196
0.536485 0.0468672
0.538876 0.0463838
0.541266 0.0459608
0.543656 0.0455907
0.546047 0.0453919
0.548437 0.0450929
0.550828 0.0448313
0.553218 0.0447274
0.555608 0.0445114
0.557999 0.0443225
0.560389 0.0441572
0.56278 0.0440125
0.56517 0.043761
0.56756 0.0434159
0.569951 0.0429889
0.572341 0.0427403
0.574732 0.0423977
0.577122 0.042223
0.579512 0.0420701
0.581903 0.0418114
0.584293 0.0417099
0.586683 0.0414962
0.589074 0.0414342
0.591464 0.0413799
0.593855 0.0412074
0.596245 0.0411815
0.598635 0.0411588
0.601026 0.041139
0.603416 0.0411216
0.605807 0.0409814
0.608197 0.0412337
0.610587 0.0414545
0.612978 0.0416477
0.615368 0.0418167
0.617759 0.0419646
0.620149 0.0420941
0.622539 0.0422073
0.62493 0.0423064
0.62732 0.0423931
0.629711 0.0424689
0.632101 0.0425353
0.634491 0.0425934
0.636882 0.0426442
0.639272 0.0426887
0.641663 0.0427276
0.644053 0.0427617
0.646443 0.0427915
0.648964 0.0428175
0.651354 0.0428403
0.653745 0.0428603
0.656135 0.0430028
0.658526 0.0430024
0.660916 0.0430021
0.663306 0.0430018
0.665697 0.0430016
0.668087 0.0431264
0.670478 0.0431106
0.672868 0.0430968
0.675258 0.0430847
0.677649 0.0430741
0.680039 0.0431898
0.68243 0.0431661
0.68482 0.0431453
0.68721 0.0431272
0.689601 0.0431113
0.691991 0.0430974
0.694382 0.0430852
0.696772 0.0430745
0.699162 0.0430652
0.701553 0.0430571
0.703943 0.0430499
0.706334 0.0430437
0.708724 0.0430382
0.711114 0.0430335
0.713505 0.0430293
0.715895 0.0430256
0.718286 0.0430224
0.720676 0.0430196
0.723066 0.0430172
0.725457 0.043015
0.727847 0.0430131
0.730238 0.0430115
0.732628 0.0430101
0.735018 0.0431338
0.737409 0.0431171
0.739799 0.0431024
0.74219 0.0430896
0.74458 0.0430784
0.74697 0.0430686
0.749361 0.04306
0.751751 0.0430525
0.754142 0.043046
0.756532 0.0430402
0.758922 0.0430352
0.761313 0.0430308
0.763703 0.0430269
0.822797 0.0413986
0.825187 0.0400988
0.827578 0.0388364
0.829968 0.0377319
0.832359 0.0368904
0.834749 0.0360291
0.837247 0.0354004
0.839637 0.0347254
0.851687 0.0353847
0.854077 0.0349616
0.856467 0.0344664
0.859028 0.0341581
0.861418 0.0338884
0.863809 0.0335273
0.866199 0.0333364
0.86859 0.0330443
0.880576 0.0340388
0.882967 0.0336589
0.885357 0.0333266
0.890138 0.0330358
0.892528 0.0327813
0.894919 0.0325586
0.897309 0.0323638
0.899699 0.0321933
0.910661 0.0319192
0.913051 0.0318043
0.915442 0.0315787
0.920223 0.0313814
0.922613 0.0314587
0.925003 0.0316514
0.927394 0.03182
0.929784 0.0318425
0.932175 0.0319871
0.941122 0.0318638
0.943512 0.0316308
0.945902 0.0314269
0.950683 0.0312486
0.953074 0.0314675
0.955464 0.0316591
0.957854 0.0317017
0.960245 0.031864
0.962706 0.032006
0.970011 0.0327552
0.972402 0.0325358
0.974792 0.0323438
0.979573 0.0325509
0.981963 0.032357
0.984402 0.0321874
0.986792 0.032039
0.989182 0.0320341
0.991595 0.0319048
0.998901 0.0324167
1.00129 0.0322396
1.00368 0.0320847
1.00846 0.0323241
1.01085 0.0321586
1.01329 0.0321388
1.01568 0.0319964
1.01807 0.0319969
1.02046 0.0318723
1.02285 0.0317632
1.02899 0.0315428
1.03138 0.03135
1.03377 0.0311812
1.03855 0.0310336
1.04094 0.0309044
1.04338 0.0307913
1.04577 0.0306924
1.04816 0.0306059
1.05055 0.0305301
1.05294 0.0304639
1.10867 0.0304059
1.11109 0.0304801
1.11348 0.0304201
1.11845 0.0303676
1.13756 0.0324467
1.13998 0.0322658
1.14237 0.0321076
1.14734 0.0323441
1.16645 0.0343011
1.16884 0.0338885
1.17123 0.0336524
1.17659 0.0336959
1.23799 0.0333589
1.26448 0.034189
1.26807 0.0337904
1.2949 0.0333166
1.29849 0.032902
1.32499 0.0325393
1.32857 0.0322219
1.35387 0.0350691
1.35746 0.0348105
1.38276 0.0372092
1.38635 0.036683
1.41203 0.0389726
1.41442 0.0381011
1.41681 0.0370884
1.44211 0.0362024
1.44451 0.0354271
1.4469 0.0347487
1.4722 0.0341551
1.47459 0.0336357
1.47698 0.0331813
1.50109 0.0359086
1.50348 0.035295
1.50587 0.0347581
1.53025 0.0371634
1.53264 0.036393
1.53503 0.0358438
1.55914 0.0381134
1.56153 0.0372242
1.56392 0.0364462
1.56631 0.0357654
1.58922 0.0350447
1.59161 0.0344141
1.594 0.0339874
1.59639 0.0334889
1.61931 0.0330528
1.6217 0.0326712
1.62409 0.0323373
1.62648 0.0322952
1.6485 0.0347583
1.70989 0.0341635
1.73878 0.036893
1.76767 0.0395314
1.77006 0.03859
1.79776 0.0375162
1.80015 0.0365767
1.82801 0.0358796
1.8304 0.0351447
1.85809 0.0345016
1.86048 0.0341889
1.88698 0.0369153
1.88937 0.0361759
1.91618 0.0386539
1.91857 0.0378221
1.92096 0.0369694
1.94626 0.0360982
1.94865 0.0353359
1.95104 0.0347939
1.97635 0.0341947
1.97874 0.0336704
1.98113 0.0332116
2.00643 0.0328101
2.00882 0.0327089
2.01121 0.0327452
2.03532 0.0354021
2.03771 0.0348518
2.0401 0.0344953
2.06421 0.0368084
2.0666 0.0360824
2.06899 0.0354471
2.07138 0.0348912
2.0943 0.0342798
2.09669 0.0337448
2.09908 0.0334017
2.10147 0.0329765
2.12467 0.0326044
2.12706 0.0324039
2.12945 0.0321034
2.13184 0.0320905
2.15396 0.0345792
2.15635 0.0342568
2.15874 0.0338497
2.16113 0.0336185
2.18285 0.0357912
2.18524 0.0353173
2.18768 0.0347776
2.19007 0.0344304
2.21174 0.0363766
2.21413 0.0358295
2.21652 0.0352258
2.21891 0.0346976
2.2213 0.0342354
2.24182 0.033706
2.24421 0.0332427
2.2466 0.0328374
2.24899 0.0324827
2.25138 0.0321724
2.27191 0.0319008
2.2743 0.0316632
2.27669 0.0317053
2.27908 0.0318672
2.28147 0.0320088
2.30105 0.0342577
2.30344 0.0339755
2.30583 0.0336035
2.30822 0.0334031
2.31061 0.0331027
2.32994 0.0349649
2.33233 0.0344693
2.33472 0.0340356
2.33711 0.0337811
2.3395 0.0334335
2.34189 0.0331293
2.36002 0.0328631
2.36241 0.0325053
2.3648 0.0321921
2.36719 0.0319181
2.36958 0.0316783
2.37197 0.0314685
2.39011 0.031285
2.3925 0.0311243
2.42977 0.0312338
2.45389 0.0312046
2.45628 0.031054
2.45985 0.0309223
2.48398 0.030807
2.48637 0.0307061
2.48994 0.0306178
2.5143 0.0306656
2.51669 0.0305824
2.52028 0.0306346
2.54438 0.0305553
2.54677 0.0307359
2.54916 0.0310189
2.57327 0.0337665
2.57566 0.0334207
2.57805 0.0332431
2.60247 0.0357127
2.60486 0.0351236
2.60725 0.0347332
2.60964 0.0342665
2.63255 0.0337332
2.63494 0.0332666
2.63733 0.0328582
2.63972 0.032501
2.66264 0.0321883
2.66503 0.0320398
2.66742 0.0317848
2.66981 0.0315617
2.69153 0.0341165
2.69392 0.0337269
2.69631 0.0333861
2.6987 0.0330878
2.72042 0.0353268
2.72281 0.034786
2.7252 0.0344377
2.72759 0.034008
2.74931 0.036132
2.7517 0.0354905
2.75409 0.0350542
2.75648 0.0345474
2.75887 0.034104
2.77939 0.033591
2.78178 0.0331421
2.78417 0.0327494
2.78656 0.0324057
2.78895 0.032105
2.80948 0.0318419
2.81187 0.0316116
2.81426 0.0314102
2.81665 0.0314839
2.81904 0.0316734
2.83837 0.0339642
2.84076 0.0335937
2.84315 0.0333945
2.84554 0.0330952
2.84793 0.0328333
2.86751 0.0347291
2.8699 0.034263
2.87229 0.0339801
2.87468 0.0336076
2.87707 0.0334066
2.87946 0.0332308
2.89759 0.032827
2.89998 0.0324736
2.90237 0.0321644
2.90476 0.0318938
2.90715 0.0316571
2.90954 0.03145
2.92768 0.0312687
2.93007 0.0312351
2.93246 0.0310807
2.93485 0.0309456
2.93724 0.0308274
2.93963 0.030724
2.95687 0.0327585
2.95926 0.0326637
2.96165 0.0324557
2.96404 0.0323988
2.96643 0.0323489
2.96882 0.0321803
2.98576 0.0339078
2.98815 0.0336693
2.99054 0.0333356
2.99293 0.0330437
2.99532 0.0327882
2.99771 0.0325647
3.01465 0.0342441
3.01742 0.0339636
3.01981 0.0335931
3.0222 0.033394
3.02459 0.0332197
3.02698 0.0329423
3.02937 0.0328245
3.04504 0.0325964
3.04751 0.0322719
3.0499 0.0319879
3.05229 0.0317394
3.05468 0.031522
3.05707 0.0314567
3.05951 0.0312746
3.07759 0.0311153
3.07998 0.0309759
3.08237 0.0312289
3.08476 0.0313253
3.08715 0.0315346
3.08954 0.0315928
3.10648 0.0335187
3.10887 0.0332039
3.11126 0.0333034
3.11365 0.0333905
3.11604 0.0334667
3.11843 0.0335333
3.12082 0.0334667
3.13562 0.0350333
3.13801 0.0346542
3.1404 0.0343224
3.14518 0.0340321
3.14757 0.0336531
3.14996 0.0333214
3.15235 0.0331563
3.16571 0.0327617
3.1681 0.0324165
3.17049 0.0321144
3.17527 0.0318501
3.17766 0.0318689
3.18005 0.0320103
3.18244 0.032134
3.18483 0.0321172
3.19579 0.0318526
3.19818 0.031621
3.20057 0.0314184
3.20535 0.0312411
3.20774 0.0310859
3.21013 0.0309502
3.21252 0.0308314
3.21491 0.0307275
3.22468 0.0318866
3.22707 0.0319007
3.22946 0.0317881
3.23424 0.0320646
3.23663 0.0319315
3.23902 0.0319401
3.24141 0.0318226
3.2438 0.0317198
3.25509 0.0328798
3.3016 0.0325198
3.31288 0.0333298
3.31527 0.0329136
3.33049 0.0341744
3.40106 0.0337776
3.43023 0.0366804
3.45912 0.0393454
3.48801 0.0416772
3.5172 0.0437175
3.51959 0.0421278
3.54729 0.0406119
3.54968 0.0392854
3.57737 0.0381247
3.57976 0.0371091
3.60657 0.0395955
3.60896 0.038521
3.63546 0.0407059
3.63785 0.0394927
3.66435 0.0415561
3.66674 0.0402366
3.66913 0.039207
3.69443 0.0380561
3.69682 0.0370491
3.69921 0.036168
3.72691 0.035397
3.7293 0.0347224
3.7558 0.0373821
3.75819 0.0367093
3.76058 0.0363706
3.78469 0.0386993
3.78708 0.0378619
3.78947 0.0370042
3.81358 0.0390036
3.81597 0.0380032
3.81836 0.0371278
3.82107 0.0364868
3.84366 0.035676
3.84605 0.0350915
3.84844 0.034455
3.85115 0.0338982
3.87375 0.0334109
3.87614 0.0329845
3.87853 0.0326115
3.88124 0.032285
3.90264 0.0346244
3.90503 0.0342963
3.90742 0.0338843
3.91043 0.0336488
3.93153 0.0356927
3.93392 0.0351061
3.93631 0.0345928
3.93932 0.0342687
3.96041 0.0362351
3.96281 0.0355807
3.9652 0.0351331
3.96759 0.0346165
3.96998 0.0340394
3.9905 0.0335345
3.99289 0.0330927
3.99528 0.0327061
3.99767 0.0323678
4.00006 0.0321969
4.02058 0.0319223
4.02297 0.031682
4.02537 0.0314717
4.02776 0.0315378
4.03015 0.0317205
4.04947 0.0338805
4.05186 0.0335204
4.05425 0.0333304
4.05665 0.0330391
4.05904 0.0329092
4.07836 0.0347955
4.08075 0.0343211
4.08336 0.034031
4.08575 0.0336521
4.08814 0.0334456
4.09053 0.0331399
4.10845 0.0327474
4.11084 0.032404
4.11344 0.0321035
4.11583 0.0318405
4.11822 0.0316105
4.12061 0.0314092
4.13853 0.031233
4.14092 0.0310789
4.14353 0.030944
4.14592 0.030826
4.14831 0.0307228
4.1507 0.0306324
4.16742 0.0326784
4.16981 0.0324686
4.17272 0.03241
4.17511 0.0323587
4.1775 0.0323139
4.17989 0.0321497
4.19631 0.033881
4.1987 0.0335208
4.20161 0.0333307
4.204 0.0331644
4.20639 0.0328938
4.20878 0.0326571
4.2252 0.034325
4.22759 0.0339093
4.22998 0.0335457
4.23237 0.0332275
4.23476 0.032824
4.23715 0.032596
4.23954 0.0323965
4.25529 0.032097
4.25768 0.0318348
4.26007 0.0317305
4.26246 0.0315142
4.26485 0.0313249
4.26724 0.0311593
4.26963 0.0310144
4.28537 0.0308876
4.28776 0.0307766
4.29015 0.0306796
4.29254 0.0308446
4.29493 0.030989
4.29732 0.0312404
4.29971 0.0313354
4.31426 0.0330434
4.31665 0.032788
4.31904 0.0326895
4.32143 0.0324783
4.32382 0.0322935
4.32621 0.0322568
4.3286 0.0320997
4.34315 0.0335873
4.34579 0.0332639
4.34818 0.0331059
4.35057 0.0328426
4.35296 0.0326123
4.35535 0.0325358
4.35774 0.0323438
4.36013 0.0323008
4.37324 0.0320132
4.37588 0.0317616
4.37827 0.0315414
4.38066 0.0313487
4.38305 0.0313051
4.38544 0.031142
4.38783 0.0309992
4.39022 0.0308743
4.44801 0.03089
4.4504 0.0307788
4.46286 0.0306814
4.47711 0.0320962
4.4795 0.0319592
4.49175 0.0330893
4.506 0.0343282
4.50839 0.0339121
4.51078 0.0335481
4.52184 0.0331046
4.53608 0.0328415
4.54086 0.0324863
4.55192 0.0321755
4.56617 0.0319036
4.57095 0.0316656
4.57334 0.0318324
4.58201 0.0317284
4.59506 0.0332623
4.59984 0.0332295
4.60223 0.0330759
4.6109 0.0335664
4.62394 0.0344956
4.62873 0.0343086
4.63112 0.03402
4.63979 0.0343925
4.65283 0.0353435
4.65537 0.0349255
4.65881 0.0343098
4.6612 0.0337711
4.66987 0.0332997
4.68292 0.0328873
4.68771 0.0327764
4.7467 0.0324293
4.74929 0.0321256
4.77679 0.0318599
4.77938 0.0316274
4.80687 0.031424
4.80946 0.031246
4.83696 0.0310903
4.83935 0.031329
4.86585 0.0344129
4.86824 0.0341112
4.89474 0.0367223
4.89713 0.036132
4.89952 0.0354905
4.92482 0.0348042
4.92721 0.0342037
4.9296 0.0336782
4.95512 0.0333435
4.95751 0.0329255
4.9599 0.0325598
4.98521 0.0322399
4.9876 0.0322099
4.98999 0.0321836
5.01409 0.0350357
5.01649 0.0345312
5.01888 0.0340898
5.04298 0.0364536
5.04537 0.0357719
5.04777 0.0351754
5.05016 0.0347785
5.07307 0.0343062
5.07546 0.0337679
5.07785 0.0332969
5.08024 0.0328848
5.10315 0.0325242
5.10554 0.0322087
5.10793 0.0319326
5.11033 0.031691
5.13204 0.0342296
5.13443 0.0338259
5.13682 0.0334727
5.13921 0.0332886
5.16093 0.0353775
5.16571 0.0348303
5.16958 0.0346015
5.22231 0.0341513
5.24881 0.0368824
5.2524 0.0360221
5.2789 0.0352694
5.28248 0.0346107
5.30898 0.0340344
5.31137 0.0339051
5.33787 0.0365419
5.34026 0.0359742
5.36676 0.0383524
5.36915 0.0375584
5.37154 0.0367386
5.39685 0.0358962
5.39924 0.0351592
5.40163 0.0345143
5.42693 0.03395
5.42932 0.0334563
5.43171 0.0330242
5.45702 0.0327712
5.45941 0.0327998
5.4618 0.0326998
5.48612 0.0354873
5.48851 0.0349264
5.4909 0.0344356
5.51508 0.0368812
5.51747 0.036146
5.51986 0.0355028
5.52225 0.0350649
5.54516 0.0344318
5.54755 0.0338778
5.54994 0.0333931
5.55233 0.032969
5.57548 0.0325978
5.57787 0.0322731
5.58026 0.032114
5.58265 0.0318497
5.60444 0.0343685
5.60683 0.0339474
5.60922 0.033704
5.61161 0.033366
5.63333 0.0355703
5.63572 0.034999
5.63811 0.0346241
5.6405 0.0341711
5.66246 0.0362747
5.66485 0.0356154
5.66724 0.0351634
5.66963 0.034643
5.67202 0.0343126
5.69261 0.0337736
5.695 0.0334269
5.69739 0.0329985
5.69978 0.0326237
5.70217 0.0322957
5.72269 0.0320088
5.72508 0.0317577
5.72748 0.031538
5.72987 0.0315957
5.73226 0.0317712
5.75158 0.0339248
5.75397 0.0335592
5.75636 0.0332393
5.75876 0.0329594
5.76236 0.0329645
5.82037 0.0325939
5.83828 0.0342697
5.84926 0.034861
5.86717 0.0363784
5.87846 0.0368311
5.89606 0.0381022
5.90735 0.0383394
5.92495 0.039297
5.92734 0.0382599
5.93743 0.0372274
5.95504 0.036449
5.95743 0.0356428
5.96782 0.0349375
5.98512 0.0343203
5.98751 0.0337803
5.99671 0.0344327
6.0143 0.0360036
6.01669 0.0353782
6.0256 0.0357059
6.04319 0.0371177
6.04558 0.036353
6.0548 0.0365588
6.07208 0.037864
6.07447 0.037006
6.07686 0.0362552
6.08488 0.0354733
6.10247 0.0347892
6.10486 0.0341905
6.10725 0.0337917
6.11497 0.0333177
6.13255 0.032903
6.13494 0.0325401
6.13733 0.0325976
6.14416 0.0331479
6.16144 0.0348794
6.16383 0.0343945
6.16622 0.0340952
6.17305 0.0343333
6.19033 0.0357916
6.19272 0.0351927
6.19511 0.0347936
6.20194 0.0348194
6.20433 0.034342
6.22042 0.0337992
6.22281 0.0333243
6.2252 0.0329088
6.23231 0.0326702
6.23471 0.0323364
6.2505 0.0320444
6.25289 0.0317888
6.25528 0.0315652
6.2624 0.0313696
6.26479 0.0311984
6.27939 0.0329236
6.28178 0.0326831
6.28417 0.0325977
6.29129 0.033023
6.29368 0.0327701
6.30828 0.0341739
6.36969 0.0336521
6.39617 0.0363206
6.39977 0.0355305
6.42626 0.0348392
6.42986 0.0342343
6.45515 0.036955
6.45875 0.0363356
6.48404 0.0386687
6.48764 0.0378351
6.51293 0.0398557
6.51532 0.0387488
6.51772 0.0376552
6.54301 0.0368233
6.83451 0.0359704
6.8649 0.0352241
6.89498 0.0345711
6.92507 0.0341247
6.95396 0.0372341
6.98285 0.0397048
7.01315 0.0422417
7.10011 0.0439615
7.1302 0.0422163
7.16028 0.0406893
7.19067 0.0393531
7.21956 0.041809
7.24845 0.0438329
7.27764 0.0456037
7.28004 0.0439033
7.30773 0.0421654
7.31012 0.0406447
7.33781 0.0393141
7.3402 0.0381498
7.36792 0.0371311
7.37031 0.0366147
7.3968 0.0390379
7.3992 0.0381581
7.42569 0.0402634
7.42808 0.0392305
7.43048 0.0382016
7.45578 0.0371764
7.45817 0.0362794
7.46056 0.0354945
7.48586 0.0348077
7.48825 0.0342067
7.49064 0.0336809
7.51475 0.0362208
7.51714 0.0356932
7.51953 0.0351065
7.54364 0.0373432
7.54603 0.0366753
7.54842 0.0359659
7.57253 0.0380951
7.57492 0.0372083
7.57731 0.0364322
7.5797 0.0357532
7.60262 0.035034
7.60501 0.0345298
7.6074 0.0339636
7.60979 0.0334681
7.6327 0.0330346
7.63509 0.0326553
7.63748 0.0323234
7.63987 0.0322829
7.66159 0.0347476
7.66398 0.0342791
7.66637 0.0338692
7.66879 0.0335106
7.69048 0.0356968
7.69287 0.0351097
7.69526 0.034721
7.69768 0.0342558
7.71937 0.0363489
7.72176 0.0356802
7.72415 0.0352202
7.72654 0.0346927
7.72893 0.0342311
7.74946 0.0337022
7.75185 0.0332394
7.75424 0.0328345
7.75696 0.0324802
7.75935 0.0322952
7.77954 0.0320083
7.78193 0.0317572
7.78432 0.0319126
7.78671 0.0319235
7.7891 0.0320581
7.80843 0.0341758
7.81082 0.0337788
7.81321 0.0335565
7.8156 0.0332369
7.81799 0.0329573
7.83732 0.0348376
7.83971 0.0343579
7.8421 0.0340632
7.84449 0.0336803
7.84688 0.0333453
7.84927 0.0331771
7.8674 0.03278
7.8698 0.0324325
7.87219 0.0321284
7.87458 0.0318624
7.87697 0.0316296
7.89749 0.0314259
7.89988 0.0312476
7.90227 0.0310917
7.90466 0.0309552
7.90705 0.0309608
7.92638 0.0333407
7.92877 0.0330481
7.93116 0.0331671
7.93476 0.0333962
7.99255 0.0330967
7.99494 0.0327096
8.02144 0.0353709
8.02383 0.0348245
8.05033 0.0374715
8.05272 0.0366625
8.05511 0.0360797
8.08042 0.0353198
8.08281 0.0346548
8.0852 0.0340729
8.1105 0.0335638
8.11289 0.0331183
8.11528 0.0327285
8.13939 0.0353875
8.14178 0.034839
8.14417 0.0344842
8.16828 0.0367986
8.17067 0.0360738
8.17306 0.0355646
8.19717 0.037744
8.19956 0.036901
8.20195 0.0361634
8.20434 0.035518
8.22726 0.0348282
8.22965 0.0342247
8.23204 0.0338216
8.23443 0.0333439
8.25734 0.0329259
8.25973 0.0325602
8.26212 0.0322402
8.26451 0.0322101
8.28623 0.0346839
8.28862 0.0342234
8.29101 0.0339455
8.2934 0.0335773
8.31512 0.0357551
8.31751 0.0351607
8.3199 0.0346406
8.32229 0.0341856
8.32468 0.0337874
8.34521 0.0333139
8.3476 0.0328997
8.34999 0.0325372
8.35238 0.0322201
8.35477 0.0319426
8.37529 0.0316997
8.37768 0.0314873
8.38007 0.0314264
8.38246 0.0312481
8.38485 0.0310921
8.40538 0.0309556
8.40777 0.0310861
8.41016 0.0313253
8.41255 0.0314097
8.41494 0.0314835
8.43426 0.033798
8.43666 0.0334483
8.43905 0.0332672
8.44144 0.0329838
8.44383 0.0327359
8.46315 0.0347689
8.46554 0.0342978
8.46794 0.0338855
8.47033 0.0335249
8.47272 0.0332092
8.47511 0.0330581
8.49324 0.0326758
8.49563 0.0323413
8.49802 0.0321737
8.50041 0.031902
8.5028 0.0316642
8.50519 0.0314562
8.52332 0.0312742
8.52571 0.0311149
8.5281 0.0309755
8.5305 0.0308536
8.53289 0.0309969
8.53528 0.0312473
8.55221 0.0332164
8.5546 0.0329393
8.55699 0.0326969
8.55938 0.0324848
8.56178 0.0322992
8.56417 0.0322618
8.5811 0.0339791
8.5847 0.0337317
8.64009 0.0332652
8.64369 0.0328571
8.64627 0.0326249
8.67018 0.0322968
8.67378 0.0320097
8.67635 0.0317585
8.70026 0.0315387
8.70386 0.0313464
8.70674 0.0311781
8.73035 0.0310308
8.73275 0.031152
8.73563 0.031258
8.75924 0.0339757
8.76164 0.0336037
8.76452 0.0334033
8.78813 0.0358529
8.79091 0.0352463
8.7933 0.0348405
8.81821 0.0342354
8.821 0.033706
8.82339 0.0332427
8.8483 0.0328374
8.85069 0.0327327
8.85308 0.0327661
8.85547 0.0326704
8.87867 0.0323366
8.88106 0.0321695
8.88345 0.0322733
8.88584 0.0322391
8.90877 0.0348343
8.97016 0.03448
9.05805 0.034045
9.08814 0.0335394
9.11822 0.0330969
9.14848 0.0327098
9.17737 0.0359961
9.20626 0.0387466
9.23545 0.0411533
9.23784 0.0398841
9.26554 0.0386486
9.26793 0.0375675
9.296 0.0367466
9.29839 0.0360282
9.32609 0.0352747
9.32848 0.0348654
9.35498 0.0375072
9.35737 0.0366938
9.38387 0.0389821
9.38626 0.0381093
9.38865 0.0372207
9.41395 0.0363181
9.41634 0.0355283
9.41873 0.0348373
9.44404 0.0343576
9.44643 0.0338129
9.44882 0.0333363
9.47293 0.0359193
9.47532 0.0353044
9.47771 0.0347663
9.50182 0.0370455
9.50421 0.0364148
9.5066 0.035738
9.53095 0.0378957
9.53334 0.0371588
9.53573 0.0363889
9.53812 0.0358403
9.56103 0.0352353
9.56342 0.0345809
9.56581 0.0340082
9.5682 0.0335072
9.59112 0.0330688
9.59351 0.0326852
9.5959 0.0323496
9.59829 0.0324309
9.62031 0.034877
9.6227 0.0343924
9.62509 0.0340933
9.62748 0.0338317
9.6492 0.0359777
9.65159 0.0353555
9.65398 0.0348111
9.65637 0.0343347
9.67809 0.0364178
9.68048 0.0357406
9.68287 0.035148
9.68526 0.0347545
9.68765 0.0342852
9.70848 0.0337496
9.71097 0.0332809
9.71336 0.0329958
9.71575 0.0326213
9.73857 0.0322936
9.74105 0.0321319
9.74344 0.0322404
9.74583 0.0322104
9.76746 0.0346841
9.76985 0.0342236
9.77224 0.0341956
9.77463 0.0340462
9.77702 0.0340404
9.79635 0.0361603
9.79874 0.0355153
9.80113 0.0350759
9.80352 0.0345664
9.80591 0.0341206
9.82524 0.0358555
9.82763 0.0352486
9.83002 0.0348425
9.83241 0.0343622
9.8348 0.0339419
9.83719 0.0336992
9.85532 0.0332368
9.85771 0.0328322
9.8601 0.0324782
9.86249 0.0321684
9.86488 0.0318973
9.86727 0.0316602
9.88541 0.0314527
9.8878 0.0312711
9.89019 0.0314872
9.89258 0.0315513
9.89497 0.0316074
9.89736 0.0317815
9.9143 0.0336838
9.91669 0.0333483
9.91908 0.0331798
9.92147 0.0329073
9.92416 0.0327939
9.92655 0.0326946
9.94319 0.0343578
9.94558 0.0339381
9.94797 0.0335708
9.95036 0.0332495
9.95275 0.0329683
9.95514 0.0327223
9.95753 0.032507
9.97327 0.0321936
9.97566 0.0319194
9.97805 0.0318045
9.98044 0.0315789
9.98283 0.0313815
9.98522 0.0312089
9.98761 0.0310577
10.0034 0.0309255
10.0057 0.0308098
10.0081 0.0307086
10.0105 0.03062
10.0129 0.0305425
10.0153 0.0308497
10.0177 0.0309935
10.0322 0.0327443
10.0346 0.0325263
10.037 0.0324605
10.0394 0.0322779
10.0418 0.0321182
10.0442 0.0321034
10.0466 0.0319655
10.0614 0.0334698
10.0638 0.0331611
10.0662 0.0330159
10.0686 0.0327639
10.0709 0.0325435
10.0733 0.0324755
10.0757 0.0322911
10.0781 0.0322547
10.0915 0.0319729
10.0939 0.0317262
10.0962 0.0315105
10.0986 0.0313217
10.101 0.0312815
10.1034 0.0311213
10.1058 0.0309811
10.1082 0.0308585
10.1216 0.0307512
10.1239 0.0306573
10.1263 0.0305751
10.1287 0.0305032
10.1311 0.0304403
10.1335 0.0303853
10.1359 0.0303371
10.1383 0.030295
10.1504 0.0317581
10.1528 0.0316633
10.1552 0.0317054
10.1576 0.0316172
10.16 0.0316651
10.1624 0.031582
10.1648 0.0315092
10.1672 0.0315706
10.1805 0.0328742
10.225 0.032515
10.2383 0.0335756
10.2407 0.0331286
10.2539 0.0339876
10.2672 0.0351141
10.2696 0.0345998
10.2827 0.0355249
10.2851 0.0350843
10.2973 0.0344487
10.2997 0.0338926
10.3128 0.0334061
10.3152 0.0329803
10.3274 0.0326078
10.3298 0.0322818
10.3429 0.0319966
10.3453 0.031747
10.3575 0.0315286
10.3599 0.0315875
10.3718 0.0328891
10.3742 0.032778
10.3864 0.0338057
10.3888 0.033455
10.4007 0.0343981
10.4031 0.0340984
10.4153 0.0349611
10.4177 0.0344659
10.42 0.0341577
10.4308 0.033638
10.4332 0.0331832
10.4456 0.0327853
10.448 0.0324372
10.4504 0.0321325
10.4609 0.0318659
10.4633 0.0316327
10.4757 0.0314286
10.4781 0.031375
10.4804 0.0312032
10.491 0.0310528
10.4933 0.0312962
10.5046 0.0325091
10.5069 0.0323205
10.5093 0.0321554
10.5198 0.033011
10.5222 0.0328846
10.5337 0.0337741
10.5361 0.0335523
10.5389 0.0333583
10.5487 0.0340635
10.5511 0.0338055
10.5535 0.0334548
10.5638 0.033023
10.5662 0.0326451
10.569 0.0324395
10.579 0.0322595
10.5814 0.0319771
10.5838 0.03173
10.5942 0.0316387
10.5966 0.0314339
10.5991 0.0312546
10.6091 0.0310978
10.6115 0.0309606
10.6139 0.0308405
10.6247 0.0307354
10.6271 0.0310185
10.6295 0.0312662
10.638 0.0322329
10.6404 0.0320788
10.6428 0.031944
10.6536 0.032951
10.656 0.0327071
10.6584 0.0324937
10.6669 0.033057
10.6693 0.0327999
10.6717 0.0325749
10.6825 0.033503
10.6849 0.0331901
10.6873 0.0330414
10.6897 0.0327862
10.697 0.0324379
10.6994 0.0321332
10.7018 0.0318665
10.7126 0.0316332
10.7716 0.0314291
10.774 0.0312504
10.7899 0.0327191
10.8019 0.0323792
10.8043 0.0322068
10.82 0.032056
10.832 0.031799
10.8344 0.0315741
10.8501 0.0313773
10.8621 0.0313302
10.8645 0.0315389
10.8805 0.0333465
10.9777 0.0361782
11.0079 0.0354059
11.038 0.0348552
11.0672 0.0379983
11.0961 0.0404985
11.125 0.0425612
11.1274 0.041116
11.1554 0.0398515
11.1578 0.0386201
11.1854 0.0375426
11.1878 0.0365998
11.2159 0.0357748
11.2183 0.0354279
11.2448 0.0381244
11.2472 0.0373589
11.2737 0.039564
11.2761 0.0386185
11.2785 0.0376662
11.3038 0.0367079
11.3062 0.0358694
11.3086 0.0351358
11.3339 0.0344938
11.3363 0.0339321
11.3386 0.0334406
11.3628 0.0360105
11.3651 0.0355092
11.3675 0.0349455
11.3916 0.0372023
11.394 0.036552
11.3964 0.035858
11.4205 0.0380008
11.4229 0.0371257
11.4253 0.03636
11.4277 0.03569
11.4506 0.0349787
11.453 0.0344814
11.4556 0.0339212
11.458 0.0335561
11.4807 0.0331116
11.4831 0.0327226
11.4857 0.0323823
11.4881 0.0324595
11.5096 0.0347771
11.512 0.0343049
11.5146 0.0338918
11.517 0.0336553
11.5385 0.0356984
11.5409 0.0351111
11.5435 0.0347222
11.5459 0.0342569
11.5674 0.0362248
11.5698 0.0355717
11.5722 0.0351253
11.5745 0.0346096
11.5769 0.0341584
11.5975 0.0336386
11.6022 0.0331838
11.6046 0.0327858
11.607 0.0325626
11.6276 0.0322423
11.6323 0.031962
11.6347 0.0319667
11.6371 0.0323459
11.6395 0.0326776
11.6565 0.0347179
11.6612 0.0346282
11.6636 0.0341747
11.666 0.0337778
11.6684 0.0334306
11.6854 0.0350018
11.6901 0.0348766
11.6925 0.034392
11.6949 0.033968
11.6973 0.033722
11.6997 0.0333817
11.7158 0.032959
11.7202 0.0325891
11.7226 0.0322655
11.725 0.0319823
11.7274 0.0317345
11.7297 0.0315177
11.7459 0.031328
11.7503 0.031162
11.7527 0.0310167
11.7551 0.0310147
11.7574 0.0308878
11.7602 0.0309018
11.7747 0.0326641
11.7792 0.0328311
11.7816 0.0326022
11.7839 0.0324019
11.7863 0.0322267
11.7891 0.0321984
11.8036 0.0335486
11.808 0.033605
11.8104 0.0332794
11.8128 0.0329944
11.8152 0.0328701
11.818 0.0327614
11.8325 0.0340412
11.8369 0.033911
11.8393 0.0335472
11.8417 0.0332288
11.8441 0.0330752
11.8465 0.0328158
11.8489 0.0324638
11.8626 0.0321558
11.867 0.0320113
11.8694 0.0317599
11.8718 0.0315399
11.8742 0.0313474
11.8766 0.031179
11.879 0.0310316
11.8927 0.0309027
11.8971 0.0307898
11.8995 0.0306911
11.9019 0.0308547
11.9043 0.0311229
11.9067 0.0312325
11.9645 0.0310785
11.9669 0.0309436
11.9796 0.0320757
11.9945 0.0318162
11.997 0.0315892
12.0096 0.0313906
12.0248 0.0312167
12.0272 0.0314396
12.0385 0.0327597
12.0537 0.0341647
12.0561 0.0338941
12.0677 0.0346574
12.0826 0.0358252
12.085 0.035347
12.0874 0.0348037
12.0978 0.0342032
12.113 0.0338028
12.1154 0.0333275
12.1178 0.0329115
12.1279 0.0325476
12.1431 0.0322291
12.1455 0.0319505
12.1479 0.0317067
12.1583 0.0316183
12.172 0.0331661
12.1744 0.0328953
12.1768 0.0326584
12.2462 0.0323261
12.2751 0.0339103
12.304 0.0367965
12.3063 0.036072
12.334 0.035438
12.3364 0.0347582
12.3641 0.0341634
12.3665 0.033643
12.3942 0.0331876
12.3966 0.0330392
12.4231 0.0360343
12.4255 0.035405
12.452 0.0378544
12.4544 0.0369976
12.4568 0.0362479
12.4821 0.0355919
12.4845 0.0348929
12.4869 0.0342813
12.5122 0.0337461
12.5145 0.0332779
12.5169 0.0328681
12.5422 0.0325096
12.5446 0.0324459
12.547 0.0325152
12.5711 0.0353258
12.5735 0.0347851
12.5759 0.0343119
12.6 0.0366479
12.6024 0.0359419
12.6048 0.0353242
12.6072 0.0349087
12.6301 0.0342951
12.6325 0.0337582
12.6349 0.0332884
12.6373 0.0328774
12.6602 0.0325177
12.6626 0.032203
12.665 0.0319276
12.6674 0.0320617
12.6891 0.034554
12.6915 0.0341097
12.6939 0.033721
12.6963 0.0335059
12.718 0.0355676
12.7204 0.0349967
12.7231 0.0346221
12.7255 0.0342943
12.7469 0.0362575
12.7493 0.0357253
12.7516 0.0351347
12.754 0.0346178
12.7564 0.0341656
12.7769 0.0336449
12.7793 0.0331893
12.7841 0.0327906
12.7865 0.0324418
12.807 0.0322616
12.8094 0.0319789
12.813 0.0322315
12.8154 0.0320776
12.8178 0.0321929
12.8359 0.0342938
12.8383 0.033882
12.8419 0.0336468
12.8455 0.0334409
12.9045 0.0330108
12.9069 0.0326345
12.9346 0.0323052
12.937 0.032017
12.9647 0.0317649
12.967 0.0319193
12.9937 0.0350544
12.9961 0.0346726
13.0226 0.0372135
13.025 0.0365618
13.0274 0.0358666
13.0527 0.0351333
13.0551 0.0344916
13.0575 0.0339302
13.0828 0.0334389
13.0852 0.033009
13.0876 0.0326329
13.1129 0.0323038
13.1153 0.0323908
13.1177 0.032342
13.1418 0.0350492
13.1442 0.0346681
13.1465 0.0342096
13.1707 0.0365584
13.173 0.0359886
13.1754 0.035365
13.1778 0.0348194
13.201 0.0343419
13.2628 0.0337992
13.292 0.0366993
13.3209 0.0393619
13.3498 0.0416917
13.3787 0.0437302
13.3811 0.0422639
13.4088 0.0407309
13.4967 0.0393896
13.5268 0.0382159
13.557 0.0373139
13.5871 0.0363996
13.616 0.0392247
13.7323 0.0414466
13.7623 0.0400158
13.7924 0.0387638
13.8227 0.0376683
13.8516 0.0403348
13.8805 0.0425429
13.9097 0.0444751
13.9121 0.0429157
13.9398 0.0413012
13.9422 0.0398886
13.9703 0.0387775
13.9726 0.0376803
14.0004 0.0367203
14.0028 0.0361302
14.0293 0.038739
14.0317 0.0377716
14.0582 0.0400501
14.0606 0.0389189
14.063 0.037929
14.0883 0.0369379
14.0906 0.0360706
14.093 0.0354368
14.1183 0.0347572
14.1207 0.0341626
14.1233 0.0336422
14.1472 0.036187
14.1496 0.0355386
14.1522 0.0350963
14.1761 0.0373342
14.1785 0.0365425
14.1811 0.0359746
14.2052 0.0381028
14.208 0.037215
14.2104 0.0365631
14.2128 0.0358677
14.2353 0.0351342
14.2381 0.0346175
14.2405 0.0340403
14.2429 0.0335352
14.2654 0.0330933
14.2682 0.0327067
14.2706 0.0323683
14.2729 0.0323223
14.2943 0.034782
14.2974 0.0344343
14.2998 0.034005
14.3021 0.0337544
14.3232 0.0359101
14.3262 0.0354213
14.3286 0.0348686
14.3311 0.0345101
14.3521 0.0364463
14.3545 0.0357655
14.3568 0.0350448
14.3592 0.0345392
14.3616 0.0339718
14.3824 0.0334753
14.3851 0.0331659
14.3875 0.0328952
14.3899 0.0325333
14.3923 0.0323416
14.4128 0.0320489
14.4152 0.0317928
14.4176 0.0318187
14.42 0.0319664
14.4228 0.0320956
14.4417 0.0342086
14.4441 0.0339325
14.4465 0.033566
14.4489 0.0332452
14.4517 0.0329646
14.4706 0.034844
14.473 0.0344885
14.4754 0.0340524
14.4778 0.0336709
14.4802 0.033462
14.4826 0.0331543
14.5007 0.03276
14.5031 0.032415
14.5055 0.0321131
14.5079 0.031849
14.5106 0.0316179
14.513 0.0314156
14.5308 0.0312387
14.5332 0.0310838
14.5356 0.0309484
14.538 0.0308298
14.5406 0.0307261
14.543 0.0310103
14.5597 0.033009
14.5621 0.0328829
14.5645 0.0326475
14.5669 0.0324416
14.5695 0.0323864
14.5886 0.0339631
14.591 0.0335927
14.5934 0.0332686
14.5957 0.032985
14.5984 0.0328619
14.6175 0.0347542
14.6199 0.0342849
14.6222 0.0342493
14.6246 0.0342181
14.627 0.0341909
14.6294 0.034167
14.6318 0.0340211
14.6476 0.0335185
14.6499 0.0330787
14.6523 0.0326938
14.6547 0.0323571
14.6571 0.0320625
14.6607 0.0319297
14.7173 0.0316885
14.7197 0.0314774
14.7342 0.0327927
14.7475 0.0324436
14.7499 0.0321382
14.7643 0.0318709
14.7776 0.031637
14.78 0.0318074
14.7932 0.0333315
14.8065 0.034415
14.8089 0.0339882
14.8221 0.0349896
14.8354 0.0358659
14.8378 0.0352577
14.8402 0.0348505
14.8522 0.0342442
14.8655 0.0337137
14.8679 0.0332494
14.8703 0.0328433
14.8823 0.0324879
14.8956 0.0321769
14.898 0.0319048
14.9004 0.0316667
14.9124 0.0314583
14.9245 0.032776
14.9268 0.032554
14.9292 0.0324848
14.9412 0.0335492
14.9533 0.0344805
14.9557 0.0340455
14.9581 0.0337898
14.9701 0.0346911
14.9822 0.0354797
14.9846 0.0349197
14.9873 0.0345548
14.9897 0.0341104
15.0002 0.0335966
15.0123 0.033147
15.0147 0.0327537
15.0174 0.0324094
15.0198 0.0321083
15.0303 0.0318447
15.0424 0.0316141
15.0448 0.0314124
15.0478 0.0312358
15.0502 0.0314563
15.0592 0.0325243
15.0713 0.0335838
15.0737 0.0332608
15.0768 0.0331032
15.0792 0.0329653
15.0881 0.0335946
15.1002 0.0345203
15.1057 0.0342053
15.108 0.0339296
15.1104 0.0335634
15.1182 0.033118
15.1881 0.0339782
15.195 0.033731
15.2182 0.0332646
15.2251 0.0328565
15.2483 0.0324994
15.254 0.032812
15.2772 0.0352105
15.2829 0.0350592
15.306 0.0373018
15.3119 0.0368891
15.3143 0.0362779
15.3361 0.0354932
15.342 0.0349315
15.3448 0.0343151
15.3662 0.0337757
15.3721 0.0333037
15.3749 0.0328908
15.3963 0.0325294
15.401 0.0328383
15.4038 0.0326085
15.4252 0.0349074
15.4302 0.034794
15.4327 0.0343197
15.4541 0.0364048
15.4591 0.0361042
15.4615 0.0354662
15.4639 0.0349079
15.4842 0.0342944
15.4892 0.0337576
15.4916 0.0332879
15.494 0.0328769
15.5143 0.0325173
15.5193 0.0322026
15.5217 0.0319273
15.524 0.0318114
15.5431 0.034085
15.5482 0.0340743
15.5505 0.0336901
15.5529 0.0333538
15.572 0.0351846
15.577 0.0350365
15.5794 0.0345319
15.5818 0.0340904
15.6009 0.0358291
15.6033 0.0352255
15.6071 0.0345723
15.6673 0.0340008
15.7552 0.0335007
15.7853 0.0330631
15.8154 0.0326802
15.8455 0.0323452
15.8744 0.035677
15.9033 0.0384674
15.9321 0.040909
15.9345 0.0396704
16.0224 0.0384616
16.0525 0.0374039
16.0826 0.0364784
16.1127 0.0356686
16.1416 0.038585
16.1707 0.0410119
16.1996 0.0431354
16.202 0.0416185
16.2297 0.0401662
16.2321 0.0390204
16.2601 0.0380178
16.2625 0.0370156
16.2901 0.0361387
16.2925 0.0356213
16.3194 0.0382937
16.3218 0.037382
16.3483 0.0397092
16.3508 0.0386206
16.3532 0.037793
16.3784 0.0368189
16.3809 0.0359665
16.4665 0.0352207
16.4966 0.0345681
16.527 0.0339971
16.557 0.0336225
16.5859 0.0367946
16.6148 0.0393203
16.6437 0.0416553
16.6461 0.0404484
16.6738 0.0391423
16.6762 0.0379995
16.7039 0.0369996
16.7063 0.0361246
16.734 0.0353591
16.7364 0.0350642
16.7631 0.0378062
16.7655 0.0370804
16.792 0.0394453
16.7944 0.0383897
16.8803 0.037341
16.9104 0.0364233
16.9405 0.0356204
16.9706 0.0349179
16.9995 0.0379281
17.0283 0.0404371
17.0572 0.0426325
17.0596 0.0411784
17.0875 0.0397811
17.0899 0.0385585
17.1176 0.0374887
17.12 0.0366776
17.1477 0.0358429
17.1501 0.0354875
17.1769 0.0380516
17.1793 0.0372951
17.2058 0.0395082
17.2082 0.0385697
17.2106 0.0376235
17.2363 0.0367956
17.2387 0.0359461
17.2411 0.0353278
17.2664 0.0346619
17.2687 0.0340791
17.2711 0.0335692
17.2952 0.0361231
17.2976 0.0354827
17.3 0.0350474
17.3241 0.0372914
17.3265 0.036505
17.3289 0.0358169
17.3533 0.0379648
17.356 0.0372192
17.3584 0.0365668
17.3608 0.0359959
17.3834 0.0352464
17.4451 0.0345906
17.474 0.0372668
17.5029 0.0397335
17.5318 0.0420168
17.5607 0.0440147
17.563 0.0425128
17.5907 0.0409487
17.5931 0.0395801
17.6208 0.0383826
17.6232 0.0373348
17.6497 0.0396679
17.6521 0.0387095
17.6786 0.0407458
17.681 0.0395275
17.7075 0.0414616
17.7099 0.0401539
17.7123 0.0391347
17.7376 0.0379928
17.74 0.0369937
17.7424 0.0361195
17.7677 0.0353546
17.7701 0.0348103
17.7724 0.034209
17.7966 0.0366828
17.7989 0.0359725
17.8013 0.0353509
17.8254 0.0375571
17.8278 0.0367374
17.8302 0.0361452
17.8543 0.0382521
17.8567 0.0373456
17.8591 0.0366774
17.8615 0.0359677
17.8844 0.0352217
17.8868 0.034569
17.8916 0.0339979
17.9145 0.0334982
17.9169 0.0330609
17.9217 0.0326783
17.9241 0.0327185
17.9434 0.0351287
17.9458 0.0346126
17.9506 0.034536
17.953 0.034094
17.9723 0.0358323
17.9747 0.0352282
17.9795 0.0350747
17.9818 0.0345654
18.0012 0.0363697
18.0036 0.0356985
18.006 0.0351112
18.0098 0.0344723
18.0122 0.0340382
18.0313 0.0335335
18.0336 0.0330918
18.0938 0.0327053
18.098 0.0324921
18.1239 0.0321806
18.1281 0.031908
18.154 0.0317945
18.1582 0.0315702
18.1841 0.0313739
18.1874 0.0315772
18.213 0.03438
18.2163 0.0340825
18.2419 0.0365722
18.2452 0.0361257
18.2475 0.035485
18.272 0.0347994
18.2755 0.0341994
18.2779 0.0336745
18.3021 0.0333402
18.3056 0.0329227
18.308 0.0326823
18.3321 0.032347
18.3345 0.0323037
18.3369 0.0321407
18.361 0.0347481
18.3634 0.0342796
18.3658 0.0338697
18.3899 0.0362609
18.3923 0.0356033
18.3947 0.0350279
18.3971 0.0346494
18.42 0.0341932
18.4224 0.0336691
18.4248 0.0332105
18.4272 0.0328091
18.4501 0.032458
18.4525 0.0321507
18.4549 0.0318819
18.4573 0.0316467
18.479 0.0340658
18.4814 0.0336826
18.4838 0.0333473
18.4861 0.0331789
18.5079 0.0352815
18.5103 0.0348713
18.5126 0.0343874
18.515 0.034089
18.5946 0.0358279
18.597 0.0350994
18.6248 0.034462
18.6272 0.0340292
18.6549 0.0335256
18.6573 0.0330849
18.685 0.0328243
18.6874 0.0328462
18.714 0.0357404
18.7164 0.0351479
18.7429 0.0376294
18.7453 0.0369257
18.7476 0.036185
18.7733 0.0355369
18.7757 0.0348448
18.7781 0.0343642
18.8034 0.0338187
18.8058 0.0333413
18.8082 0.0329237
18.8335 0.0325582
18.8359 0.0324884
18.8382 0.0325524
18.8624 0.0352333
18.8647 0.0347042
18.8683 0.0344911
18.9491 0.0365547
18.9779 0.0389854
19.0068 0.0412372
19.0357 0.0433326
19.0658 0.045291
19.1525 0.0465046
19.1826 0.0444415
19.2127 0.0426364
19.2428 0.0410568
19.2716 0.0432997
19.3005 0.0451372
19.3294 0.0467451
19.3318 0.044777
19.3595 0.0429298
19.3622 0.0414386
19.3896 0.0400088
19.3923 0.0387577
19.4197 0.037663
19.4221 0.0370801
19.4486 0.0394451
19.451 0.0383894
19.4775 0.0404658
19.4799 0.0392825
19.4822 0.0383722
19.5075 0.0373257
19.5099 0.03641
19.5123 0.0356087
19.5376 0.0349076
19.54 0.0344192
19.5424 0.0338668
19.5665 0.0363834
19.5689 0.0357105
19.5713 0.0351217
19.5954 0.0373565
19.5978 0.0365619
19.6002 0.0359917
19.6245 0.0381177
19.6269 0.037228
19.6293 0.0365745
19.6317 0.0358777
19.6546 0.035143
19.657 0.0345001
19.6594 0.0339376
19.6618 0.0334454
19.6847 0.0330147
19.6871 0.0327629
19.6895 0.0324175
19.6919 0.0323653
19.7729 0.0320697
19.802 0.035186
19.8309 0.0380377
19.8333 0.037158
19.861 0.0363882
19.8634 0.0355897
19.8914 0.034891
19.8938 0.0342796
19.9215 0.0337447
19.9239 0.0335266
19.9504 0.0364608
19.9528 0.0357782
19.9796 0.0383059
19.982 0.0373927
19.9844 0.0367186
20.0097 0.0358788
20.0121 0.0352689
20.0144 0.0346103
20.0398 0.034034
20.0421 0.0335298
20.0445 0.0330885
20.0698 0.0327025
20.0722 0.0327397
20.0746 0.0326472
20.0987 0.0353163
20.1011 0.0349018
20.1035 0.034414
20.1276 0.0367373
20.13 0.0361451
20.1324 0.035502
20.1348 0.0349392
20.1579 0.0343218
20.1603 0.0337816
20.1627 0.0333089
20.1651 0.0330203
20.188 0.0326428
20.1904 0.0323124
20.1928 0.0320234
20.1952 0.0321454
20.2169 0.0345023
20.2217 0.0340645
20.2241 0.0338064
20.2458 0.0358306
20.2506 0.0356018
20.253 0.0351516
20.2554 0.0350076
20.275 0.0370067
20.2797 0.0366308
20.2821 0.036052
20.2845 0.0354205
20.2869 0.0348679
20.3051 0.0342594
20.3098 0.033727
20.3122 0.0332611
20.3146 0.0328535
20.317 0.0324968
20.3352 0.0321847
20.3411 0.0321616
20.4004 0.0318914
20.4028 0.031655
20.4305 0.0314481
20.4329 0.0312671
20.4609 0.0311087
20.4632 0.0313451
20.4897 0.034552
20.4923 0.034233
20.5186 0.0368289
20.5212 0.0362253
20.5235 0.0355721
20.549 0.0350006
20.5514 0.0343755
20.5538 0.0338286
20.5791 0.03335
20.5816 0.0329312
20.584 0.0326898
20.6092 0.0323536
20.6116 0.0323094
20.614 0.0323957
20.6384 0.0350963
20.6408 0.0345842
20.6432 0.0342612
20.6674 0.0366036
20.6698 0.0359031
20.6734 0.0355402
20.7336 0.0348477
20.7625 0.0351167
20.7914 0.0379771
20.8203 0.04048
20.8491 0.04267
20.8517 0.0412112
20.8792 0.0398098
20.8818 0.0385836
20.9093 0.0375107
20.9382 0.0399468
20.9671 0.0422035
20.9695 0.040803
20.996 0.0428277
20.9984 0.0413492
21.0249 0.0430555
21.0273 0.0416736
21.0296 0.0403394
21.055 0.039047
21.0573 0.0379161
21.0597 0.0369266
21.085 0.0361858
21.0874 0.0354125
21.0898 0.034736
21.1142 0.037269
21.1166 0.0364854
21.119 0.0359247
21.1431 0.0381841
21.1455 0.0372861
21.1479 0.0365003
21.172 0.0385628
21.1744 0.0376174
21.1768 0.0367903
21.1792 0.0361915
21.2021 0.0354175
21.2045 0.0347403
21.2069 0.0341478
21.2093 0.0336293
21.2322 0.0331757
21.2346 0.0327787
21.237 0.0324314
21.2394 0.0325024
21.3779 0.0353146
21.4068 0.0377753
21.4357 0.0403034
21.4381 0.0392655
21.4658 0.0381073
21.4959 0.0370939
21.5259 0.0362071
21.5283 0.0358062
21.556 0.0352055
21.5584 0.0349298
21.5851 0.0376886
21.5875 0.0368525
21.614 0.0392459
21.6164 0.0382152
21.6188 0.0373133
21.6441 0.0363991
21.6465 0.0355992
21.6489 0.0348993
21.6745 0.0342869
21.6769 0.033751
21.6793 0.0334072
21.7046 0.0329813
21.707 0.0328586
21.7094 0.0328763
21.7336 0.0355167
21.736 0.0350772
21.7384 0.0346925
21.7627 0.0369809
21.7651 0.0363583
21.7675 0.0356885
21.7698 0.0351025
21.7928 0.0344647
21.7951 0.0339066
21.7975 0.0334183
21.7999 0.032991
21.8228 0.0326171
21.8252 0.03229
21.8276 0.0320037
21.83 0.0321283
21.852 0.0347372
21.8544 0.0343951
21.8568 0.0339707
21.8592 0.0337243
21.8809 0.0357588
21.8833 0.035164
21.8857 0.0346435
21.8881 0.034313
21.9679 0.0360239
21.9703 0.0352709
21.998 0.034612
22.0004 0.0340355
22.0281 0.0336561
22.0305 0.0331991
22.0582 0.0327992
22.0606 0.0326993
22.0871 0.0357369
22.0894 0.0351448
22.1159 0.0376267
22.1183 0.0367983
22.1207 0.0360735
22.146 0.0354394
22.1484 0.0347594
22.1508 0.0341645
22.1761 0.0336439
22.1785 0.0331884
22.1809 0.0327899
22.2063 0.0324412
22.2087 0.032386
22.2122 0.0325878
22.2945 0.0322643
22.3251 0.0321063
22.3552 0.031843
22.3841 0.0352376
22.413 0.0379579
22.4419 0.0403382
22.4443 0.0392959
22.472 0.0382589
22.4744 0.0372265
22.5021 0.0363232
22.5045 0.0355328
22.5322 0.0348412
22.5346 0.0344861
22.5611 0.0373003
22.5635 0.0365128
22.59 0.0388237
22.5923 0.0378457
22.5947 0.03699
22.62 0.0362412
22.6224 0.0354611
22.6248 0.0347785
22.6501 0.0341811
22.6525 0.0336585
22.6549 0.0332012
22.679 0.035926
22.6814 0.0353103
22.6838 0.0347715
22.7079 0.0370501
22.7103 0.0362938
22.7127 0.0356321
22.7368 0.0378031
22.7392 0.0370777
22.7416 0.036318
22.744 0.0356532
22.7669 0.0349466
22.7693 0.0343282
22.7717 0.0337872
22.7741 0.0334388
22.797 0.033009
22.7994 0.0326328
22.8017 0.0323037
22.8259 0.0346408
22.8282 0.0343107
22.8306 0.0338968
22.8571 0.0336597
22.8595 0.0337023
22.8619 0.0336145
22.886 0.0364127
22.8884 0.0357361
22.8908 0.0353941
22.8932 0.0352198
22.8956 0.0350673
22.9161 0.0344339
22.9763 0.0338797
22.9787 0.0333947
23.0064 0.0329704
23.0088 0.0325991
23.0365 0.0322742
23.0389 0.0319899
23.0666 0.0317412
23.069 0.0317735
23.0955 0.0349268
23.0978 0.034436
23.1243 0.0371315
23.1267 0.0363651
23.1291 0.0358194
23.1544 0.035092
23.1568 0.0344555
23.1592 0.0338986
23.1845 0.0334112
23.1869 0.0329848
23.1893 0.0326117
23.2146 0.0322853
23.217 0.0322496
23.2194 0.0323434
23.2435 0.0350505
23.2459 0.0345442
23.2485 0.0342261
23.2724 0.0365729
23.2748 0.0358763
23.2772 0.0353917
23.2795 0.0348428
23.3025 0.0342374
23.3049 0.0337077
23.3072 0.0332443
23.3096 0.0328387
23.3325 0.0324839
23.3939 0.0321734
23.4228 0.0351517
23.4517 0.0380078
23.4541 0.0372568
23.483 0.0365997
23.5697 0.0388997
23.5998 0.0377873
23.6299 0.0368139
23.66 0.0359621
23.6888 0.0388419
23.7177 0.0412366
23.7466 0.043332
23.749 0.0419155
23.7767 0.0404261
23.7791 0.0391228
23.8068 0.0379825
23.8092 0.0369847
23.8369 0.0361116
23.8393 0.0357226
23.8658 0.0382573
23.8682 0.0374751
23.8947 0.0396657
23.897 0.0387075
23.9247 0.0376191
23.9271 0.0366667
23.9548 0.0358334
23.9572 0.0354792
23.9596 0.0350443
23.9849 0.0344138
23.9873 0.033862
23.9897 0.0336293
24.0138 0.0361756
24.0162 0.0356537
24.0186 0.035072
24.0427 0.037313
24.0451 0.0366488
24.0475 0.0359427
24.0716 0.0380749
24.074 0.0371905
24.0764 0.0364167
24.0788 0.0357396
24.1017 0.0350222
24.1041 0.0345194
24.1068 0.0339545
24.1091 0.0335852
24.1317 0.033137
24.1341 0.0327449
24.1365 0.0326518
24.1389 0.0325703
24.1606 0.034874
24.163 0.0345148
24.1654 0.0340754
24.1678 0.033691
24.1895 0.0358546
24.1919 0.0352478
24.1943 0.0347168
24.1967 0.0342522
24.1991 0.0339707
24.2196 0.0334743
24.222 0.0331651
24.2244 0.0327694
24.2268 0.0324232
24.2292 0.0321203
24.2497 0.0318553
24.2545 0.0316234
24.2569 0.0314205
24.2593 0.0312429
24.2786 0.0334625
24.2834 0.0335297
24.2858 0.0332135
24.2881 0.0333118
24.2905 0.0333978
24.3075 0.0352231
24.3123 0.0350702
24.3146 0.0345614
24.317 0.0342413
24.3194 0.0338361
24.3364 0.0353566
24.3411 0.035187
24.3435 0.0346636
24.3459 0.0342057
24.3483 0.033805
24.3507 0.0334544
24.3665 0.0330226
24.3714 0.0326447
24.3738 0.0323141
24.3762 0.0321499
24.3786 0.0318811
24.381 0.031771
24.3965 0.0315496
24.4555 0.0313559
24.4608 0.0311864
24.4844 0.0337881
24.4897 0.0338146
24.5133 0.0362128
24.5157 0.0355612
24.5202 0.034991
24.5434 0.0343672
24.5458 0.0338213
24.5503 0.0333436
24.5735 0.0329257
24.5759 0.0325599
24.5804 0.03224
24.6024 0.03471
24.6048 0.0342462
24.6092 0.0342154
24.6313 0.0363135
24.6336 0.0356493
24.6383 0.0354432
24.6601 0.0373878
24.6625 0.0365893
24.6649 0.0358906
24.6684 0.0351543
24.6902 0.03451
24.6926 0.0339463
24.695 0.033578
24.6985 0.0331307
24.7205 0.0327394
24.7229 0.032397
24.7253 0.0320973
24.7277 0.0320852
24.7494 0.0344495
24.7518 0.0340183
24.7542 0.033766
24.7566 0.0334203
24.7783 0.0356178
24.7807 0.0350405
24.7831 0.0346605
24.7855 0.0342029
24.7879 0.0338025
24.8084 0.0333272
24.8108 0.0329113
24.8132 0.0325474
24.8156 0.032229
24.818 0.0319504
24.8385 0.0317066
24.8409 0.0314932
24.8433 0.0313066
24.8457 0.0311433
24.848 0.0311254
24.8686 0.0309847
24.871 0.0311116
24.8734 0.0313476
24.8757 0.0314292
24.8781 0.0316255
24.8975 0.0337973
24.8999 0.0334477
24.96 0.0331417
24.9624 0.032749
24.9889 0.0354054
24.9913 0.0348547
25.0178 0.0373729
25.0202 0.0367013
25.0467 0.0389886
25.0491 0.038115
25.0515 0.0372256
25.077 0.0364474
25.0794 0.0356415
25.0818 0.0349363
25.1072 0.0343193
25.1095 0.0337794
25.1119 0.0333069
25.136 0.0360186
25.1384 0.0353913
25.1408 0.0348423
25.1652 0.0372371
25.1676 0.0364574
25.17 0.0357752
25.1941 0.0380533
25.1965 0.0371717
25.1988 0.0364002
25.2012 0.0358502
25.2241 0.0351189
25.2265 0.034479
25.2289 0.0339192
25.2313 0.0334293
25.2545 0.0330006
25.2569 0.0326255
25.2593 0.0324223
25.2617 0.0324945
25.2834 0.0349327
25.2858 0.0344411
25.2882 0.034136
25.2906 0.033744
25.3123 0.035901
25.3147 0.0352884
25.3171 0.0348773
25.3195 0.0343927
25.3415 0.0364686
25.3439 0.035785
25.3463 0.0353119
25.3487 0.0347729
25.3511 0.0344263
25.3716 0.033873
25.374 0.0333889
25.3764 0.0329653
25.3788 0.0325946
25.3812 0.0322703
25.4017 0.0319865
25.4041 0.0318632
25.4065 0.0320053
25.4089 0.0320046
25.4112 0.032129
25.4306 0.0342379
25.433 0.0338332
25.4353 0.033479
25.4377 0.0331691
25.4401 0.033023
25.4595 0.0348951
25.4618 0.0344082
25.4642 0.0341072
25.4666 0.0337188
25.469 0.033504
25.4714 0.033191
25.4895 0.0327921
25.4919 0.0324431
25.5512 0.0322627
25.5536 0.0319799
25.5813 0.0349824
25.6429 0.0343596
25.673 0.0339396
25.7031 0.0334472
25.7332 0.0330163
25.7621 0.0362642
25.791 0.0388562
25.8199 0.0411242
25.8223 0.0399837
25.85 0.0387357
25.8526 0.0376437
25.88 0.0368133
25.8827 0.0359616
25.9101 0.0352164
25.9125 0.0348144
25.939 0.0375876
25.9414 0.0367641
25.9679 0.0390436
25.9703 0.0380382
25.9727 0.0371584
25.998 0.0362636
26.0004 0.0354806
26.0028 0.0347956
26.0284 0.0343211
26.0308 0.033781
26.0332 0.0334334
26.0573 0.0361292
26.0597 0.035488
26.062 0.035052
26.0862 0.0372955
26.0885 0.0365086
26.0909 0.03582
26.115 0.0379675
26.1174 0.0370966
26.1198 0.0363345
26.1222 0.0357927
26.1451 0.0350686
26.1475 0.034435
26.1499 0.0338806
26.1523 0.0333956
26.1752 0.0329711
26.1776 0.0325997
26.18 0.0322748
26.1824 0.0323654
26.2041 0.0348197
26.2065 0.0343423
26.2089 0.0339245
26.2113 0.0336839
26.233 0.0357234
26.2354 0.035133
26.2378 0.0346164
26.2402 0.0342893
26.2619 0.0362532
26.2643 0.0357215
26.2667 0.0351313
26.2691 0.0347399
26.2714 0.0342724
26.2923 0.0338634
26.2947 0.0333804
26.2971 0.0330829
26.2994 0.0326975
26.3018 0.0323603
26.3224 0.0320653
26.3247 0.0318071
26.3271 0.0319562
26.3295 0.0319617
26.3331 0.0322165
26.3921 0.0319394
26.4103 0.031697
26.4222 0.0314849
26.4403 0.0312993
26.4523 0.0311369
26.4692 0.0331198
26.4812 0.0341048
26.4981 0.0355917
26.5101 0.0362677
26.527 0.0374843
26.5294 0.0366737
26.5402 0.0358395
26.5571 0.0351096
26.5595 0.0344709
26.5702 0.033912
26.5872 0.033423
26.5896 0.0329951
26.6003 0.0326207
26.6161 0.0342931
26.6185 0.0338815
26.6292 0.0346463
26.645 0.0358155
26.6473 0.0352136
26.6581 0.0358119
26.6738 0.0368354
26.6762 0.036231
26.6786 0.0355771
26.6882 0.03488
26.7039 0.03427
26.7087 0.0337362
26.7183 0.0332692
26.734 0.0329855
26.7388 0.0326124
26.7412 0.0326608
26.7484 0.0323282
26.7631 0.0339122
26.7677 0.0337982
26.7701 0.0335734
26.7772 0.0338767
26.792 0.0351421
26.7966 0.0348744
26.799 0.0343901
26.8061 0.0345913
26.8209 0.0356424
26.8233 0.0350621
26.8267 0.0344293
26.829 0.0340007
26.8362 0.0335006
26.851 0.033063
26.8534 0.0326801
26.8567 0.0323451
26.8591 0.032052
26.8663 0.0317955
26.8811 0.031696
26.8835 0.031484
26.8868 0.0312985
26.8892 0.0315112
26.8952 0.0320723
26.91 0.0334383
26.9123 0.0331335
26.9157 0.0329918
26.9181 0.0328678
26.9241 0.0331343
26.9391 0.0344926
26.9446 0.034181
26.947 0.0337834
26.9494 0.0334354
26.9542 0.033006
26.9696 0.0326303
26.9747 0.0323015
26.9771 0.0323888
26.9795 0.0324652
26.982 0.032532
26.9844 0.0322155
26.9997 0.0319386
27.0048 0.0316963
27.0072 0.0314842
27.0096 0.0312987
27.0121 0.0311364
27.0145 0.0309943
27.0297 0.03087
27.0337 0.0312613
27.0361 0.0313536
27.0384 0.0313094
27.041 0.0313957
27.0434 0.0313463
27.0586 0.032928
27.0626 0.032937
27.0662 0.0329449
27.1227 0.0325768
27.1251 0.0322547
27.1275 0.0319728
27.1528 0.0317262
27.1552 0.0315104
27.1576 0.0313216
27.1829 0.0311564
27.1853 0.0310119
27.1877 0.0308854
27.213 0.0307747
27.2154 0.0310529
27.2178 0.0311713
27.2419 0.0340249
27.2445 0.0337718
27.2469 0.0334253
27.2708 0.0358721
27.2734 0.0353881
27.2758 0.0348396
27.2781 0.0344846
27.3009 0.0339241
27.3034 0.0334336
27.3058 0.0330044
27.3309 0.0326288
27.3338 0.0323002
27.3362 0.0321377
27.361 0.0319955
27.3634 0.032121
27.3658 0.0324809
27.3682 0.0327958
27.3899 0.0353213
27.3923 0.0347812
27.3947 0.0343085
27.4561 0.0338949
27.4766 0.0356581
27.4862 0.0349508
27.5069 0.034332
27.5162 0.0337905
27.537 0.0333167
27.5463 0.0329021
27.5659 0.0349143
27.5752 0.035425
27.5951 0.0371219
27.6041 0.0373567
27.624 0.0388121
27.6264 0.0378356
27.6342 0.0368561
27.6541 0.0359991
27.6565 0.0352492
27.6643 0.0345931
27.6844 0.0340189
27.6868 0.0335166
27.6944 0.033077
27.7133 0.0350674
27.7811 0.0351839
27.8111 0.034536
27.8412 0.033969
27.8701 0.0370978
27.8992 0.0397106
27.9281 0.0419968
27.9305 0.0406222
27.9582 0.0392944
27.9606 0.0381326
27.9886 0.037116
27.991 0.0362265
28.0186 0.0354482
28.021 0.0351422
28.0475 0.0378744
28.0499 0.0370151
28.0767 0.0392632
28.0791 0.0383553
28.0815 0.0375609
28.1068 0.0366158
28.1092 0.0357888
28.1116 0.0350652
28.1369 0.0344321
28.1393 0.0338781
28.1417 0.0333933
28.1661 0.0360941
28.1686 0.0355824
28.171 0.0351346
28.195 0.0373677
28.1975 0.0365718
28.1999 0.0358753
28.2239 0.0378909
28.2264 0.0371545
28.2288 0.0363852
28.2312 0.0358371
28.254 0.0351074
28.2568 0.034469
28.2592 0.0340354
28.2615 0.033531
28.284 0.0332146
28.2868 0.0328128
28.2892 0.0324612
28.2916 0.0324035
28.3129 0.0347281
28.3157 0.0342621
28.3181 0.0339793
28.3205 0.0336069
28.3418 0.035656
28.3446 0.035199
28.347 0.0347992
28.3494 0.0343243
28.3707 0.0362837
28.3731 0.0357483
28.3759 0.0351547
28.3782 0.0346354
28.3806 0.034181
28.4008 0.0336583
28.4032 0.033201
28.4059 0.0328009
28.4083 0.0324508
28.4107 0.0321444
28.4311 0.0320014
28.4336 0.0317512
28.436 0.0317823
28.4384 0.0319345
28.4408 0.0319427
28.46 0.0340749
28.4625 0.0336905
28.4649 0.0333542
28.4676 0.0331849
28.47 0.0329118
28.4889 0.0347978
28.4914 0.0344481
28.4938 0.0340171
28.4965 0.033765
28.4988 0.0334193
28.5012 0.0332419
28.519 0.0328367
28.5215 0.0324821
28.5238 0.0321718
28.5265 0.0319004
28.5289 0.0316628
28.5313 0.031455
28.6069 0.0330231
28.6094 0.0326452
28.6192 0.0334395
28.637 0.0330096
28.6483 0.0337584
28.6507 0.0334136
28.667 0.0331119
28.6784 0.0327229
28.6808 0.0323825
28.6971 0.0320847
28.7085 0.0318241
28.7109 0.0315961
28.7272 0.0313966
28.7373 0.032472
28.7397 0.032288
28.7561 0.034002
28.8842 0.0370018
28.9146 0.0361265
28.9447 0.0353607
28.9736 0.0383156
29.0025 0.0407762
29.0314 0.0429292
29.0337 0.041438
29.0614 0.0400083
29.0638 0.0387572
29.0915 0.0376626
29.0939 0.0367048
29.1216 0.0358667
29.124 0.0355083
29.1505 0.0381948
29.1529 0.0372954
29.1797 0.0395085
29.1821 0.0385699
29.1845 0.0377487
29.2098 0.0367801
29.2122 0.0359326
29.2146 0.035191
29.2399 0.0345421
29.2423 0.0339744
29.2446 0.0334776
29.2691 0.0361679
29.2715 0.0356469
29.2738 0.035066
29.298 0.0373078
29.3003 0.0365193
29.3027 0.0358294
29.3268 0.0379757
29.3292 0.0372288
29.3316 0.0364502
29.334 0.0358939
29.3569 0.0351572
29.3593 0.0345125
29.3617 0.0339484
29.3641 0.0334549
29.387 0.033148
29.3894 0.0327545
29.3918 0.0324102
29.3942 0.0324839
29.4159 0.0347984
29.4183 0.0343236
29.4207 0.0339082
29.4231 0.0336697
29.4448 0.0357109
29.4472 0.0352471
29.4496 0.0347162
29.452 0.0342517
29.4737 0.0362202
29.4761 0.0356927
29.4788 0.0351061
29.4812 0.0347178
29.4836 0.0343781
29.5038 0.0338308
29.5062 0.033352
29.5088 0.032933
29.5112 0.0325664
29.5136 0.0322456
29.5339 0.0319649
29.5362 0.0317193
29.5386 0.0317544
29.541 0.0319101
29.5434 0.0319213
29.5627 0.0340561
29.5651 0.0337991
29.5677 0.0334492
29.5701 0.0332681
29.5725 0.0329846
29.5916 0.0348615
29.594 0.0345038
29.5966 0.0340658
29.599 0.0336826
29.6014 0.0333473
29.6038 0.0330539
29.6217 0.0326721
29.6241 0.0323381
29.6267 0.0320459
29.6291 0.0319151
29.6315 0.0316757
29.6339 0.0314663
29.6523 0.031408
29.6547 0.031232
29.6571 0.031203
29.6595 0.0310526
29.6642 0.031296
29.6812 0.033384
29.6836 0.033086
29.686 0.0328253
29.6883 0.0325971
29.6931 0.0327725
29.6955 0.0325509
29.7101 0.034232
29.7125 0.033828
29.7148 0.0334745
29.7172 0.0332902
29.722 0.0333789
29.7244 0.0330816
29.739 0.0343214
29.7413 0.0339062
29.7437 0.0335429
29.7461 0.0333501
29.7485 0.0330563
29.7521 0.0326743
29.7679 0.033965
29.8111 0.0334694
29.8268 0.0330357
29.8292 0.0326562
29.9425 0.0354492
29.9725 0.034768
30.0026 0.034172
30.0327 0.0336505
30.0628 0.0369442
