0.0 0
0.0382165 1440
0.0791493 2880
0.121234 4320
0.163319 5760
0.204209 7200
0.206599 8640
0.246293 10080
0.248684 11520
0.251074 12960
0.288378 14400
0.290769 15840
0.293159 17280
0.295549 18720
0.329447 20160
0.331837 21600
0.334228 23040
0.336618 24480
0.341607 25920
0.370679 27360
0.373069 28800
0.37546 30240
0.38024 31680
0.382631 33120
0.385021 34560
0.387412 36000
0.389802 37440
0.413106 38880
0.415496 40320
0.417887 41760
0.420277 43200
0.422668 44640
0.425255 46080
0.427645 47520
0.430036 48960
0.432426 50400
0.434816 51840
0.437207 53280
0.439597 54720
0.441988 56160
0.455336 57600
0.457727 59040
0.460117 60480
0.462508 61920
0.464898 63360
0.467288 64800
0.469679 66240
0.472069 67680
0.47446 69120
0.47685 70560
0.47924 72000
0.481631 73440
0.484021 74880
0.486412 76320
0.488802 77760
0.491192 79200
0.493583 80640
0.495973 82080
0.498364 83520
0.500754 84960
0.503144 86400
0.505535 87840
0.507925 89280
0.510316 90720
0.512706 92160
0.515096 93600
0.517487 95040
0.519877 96480
0.522268 97920
0.524658 99360
0.527048 100800
0.529439 102240
0.531829 103680
0.53422 105120
0.53661 106560
0.539 108000
0.541391 109440
0.543781 110880
0.546172 112320
0.548562 113760
0.550952 115200
0.553343 116640
0.555733 118080
0.558124 119520
0.560514 120960
0.562904 122400
0.565295 123840
0.567685 125280
0.570076 126720
0.572466 128160
0.577116 62640
0.684669 62673
0.687059 62706
0.68945 62739
0.69184 62772
0.694231 62805
0.697831 62838
0.700222 29520
0.769796 29590
0.772186 29660
0.774577 29729
0.776967 29798
0.779358 29867
0.781748 29936
0.784138 30005
0.786529 30074
0.788919 30142
0.79131 30210
0.812101 30278
0.814491 30346
0.816882 30414
0.819272 30482
0.821663 30550
0.824053 30617
0.826443 30684
0.828834 30751
0.831224 30818
0.833615 30885
0.854331 30952
0.856722 31018
0.859112 31084
0.861503 31150
0.863893 31216
0.866283 31282
0.868674 31348
0.871064 31414
0.873455 31480
0.875845 31545
0.895221 31610
0.897611 31675
0.900002 31740
0.902392 31805
0.904783 31870
0.907173 31935
0.909563 31999
0.911954 32063
0.914344 32127
0.916734 32191
0.936402 32255
0.938792 32319
0.941182 32383
0.943573 32447
0.945963 32510
0.948354 32573
0.950744 32636
0.953134 32699
0.957915 32762
0.960306 32825
0.978632 32888
0.981022 32951
0.983413 33013
0.985803 33075
0.988194 33137
0.990584 33199
0.992974 33261
0.995365 33323
1.00015 33385
1.00254 33447
1.00493 33508
1.02072 33569
1.02311 33630
1.0255 33691
1.02789 33752
1.03028 33813
1.03267 33874
1.03506 33935
1.03866 33996
1.04225 15120
1.11369 15257
1.11608 15392
1.11847 15526
1.12206 15659
1.12445 15791
1.15577 15922
1.15816 16052
1.16056 16181
1.16414 16309
1.16653 16436
1.19815 16562
1.20054 16687
1.20293 16811
1.20532 16934
1.20771 17056
1.23919 17177
1.24158 17297
1.24397 17416
1.24636 17535
1.24875 17653
1.28007 17770
1.28282 17886
1.28521 18001
1.2876 18116
1.28999 18230
1.29238 18343
1.32216 18456
1.32525 18568
1.32764 18679
1.33003 18790
1.33242 18900
1.33481 19009
1.36424 19118
1.36733 19226
1.36992 19333
1.37231 19440
1.37472 19546
1.37711 19652
1.40513 19757
1.40822 19861
1.41105 19965
1.41344 20068
1.41583 20171
1.41823 20273
1.44602 20375
1.4493 20476
1.45208 20577
1.45447 20677
1.45687 20777
1.45926 20876
1.46165 20975
1.48815 21073
1.49172 21171
1.49417 21268
1.49656 21365
1.49895 21462
1.50134 21558
1.50373 21654
1.53024 21749
1.53381 21844
1.53625 21938
1.53864 22032
1.54103 22126
1.54343 22219
1.54582 22312
1.57151 22404
1.5751 22496
1.57749 22588
1.57988 22679
1.58227 22770
1.58466 22861
1.58705 22951
1.6124 23041
1.61599 23130
1.61838 23219
1.62077 23308
1.62316 23396
1.62555 23484
1.62794 23572
1.65363 23659
1.65602 23746
1.65841 23833
1.6608 23920
1.66319 24006
1.66558 24092
1.66797 24178
1.67036 24263
1.69572 24348
1.69811 24433
1.7005 24517
1.70289 24601
1.70528 24685
1.70767 24769
1.71006 24852
1.71245 24935
1.73814 25018
1.74053 25100
1.74292 25182
1.74531 25264
1.74771 25346
1.7501 25427
1.75249 25508
1.75488 25589
1.77903 25670
1.78142 25750
1.78381 25830
1.7862 25910
1.78859 25990
1.79099 26069
1.79338 26148
1.79577 26227
1.81992 26306
1.82266 26384
1.82505 26462
1.82744 26540
1.82983 26618
1.83222 26695
1.83461 26772
1.837 26849
1.83939 26926
1.86201 27003
1.86474 27079
1.86713 27155
1.86952 27231
1.87191 27307
1.8743 27382
1.87669 27457
1.87908 27532
1.88147 27607
1.90438 27682
1.90717 27756
1.90956 27830
1.91195 27904
1.91434 27978
1.91673 28052
1.91912 28125
1.92151 28198
1.9239 28271
1.94527 28344
1.94806 28417
1.95045 28489
1.95284 28561
1.95523 28633
1.95762 28705
1.96015 28777
1.96254 28849
1.96495 28920
1.9865 28991
1.98895 29062
1.99134 29133
1.99373 29204
1.99612 29275
1.99851 29345
2.0014 29415
2.00379 29485
2.00618 29555
2.00857 29625
2.02859 29694
2.03103 29763
2.03376 29832
2.03615 29901
2.03855 29970
2.04108 30039
2.04593 12960
2.11981 13120
2.1224 13278
2.12479 13434
2.12718 13588
2.16105 13740
2.16344 13890
2.16583 14039
2.16843 14186
2.20209 14332
2.20448 14476
2.20687 14619
2.20932 14760
2.24298 14900
2.24537 15039
2.24776 15176
2.25029 15312
2.25268 15447
2.28507 15581
2.28759 15714
2.28998 15845
2.29238 15975
2.29477 16104
2.32721 16232
2.32967 16359
2.33217 16485
2.33456 16610
2.33695 16734
2.3681 16857
2.37056 16980
2.37306 17102
2.37545 17223
2.37784 17343
2.40899 17462
2.41145 17580
2.41395 17697
2.41634 17814
2.41873 17930
2.42152 18045
2.45107 18159
2.45353 18273
2.45604 18386
2.45843 18498
2.46082 18610
2.46361 18721
2.49316 18831
2.49562 18941
2.49812 19050
2.50051 19158
2.5029 19266
2.50578 19373
2.53405 19480
2.53651 19586
2.53901 19691
2.5414 19796
2.54395 19900
2.54666 20004
2.57494 20107
2.5774 20210
2.5799 20312
2.58229 20414
2.58484 20515
2.58764 20616
2.61583 20716
2.61829 20816
2.62068 20915
2.62307 21014
2.62546 21112
2.6282 21210
2.63059 21307
2.65791 21404
2.66037 21500
2.66276 21596
2.66515 21692
2.66754 21787
2.67029 21882
2.67268 21976
2.70037 22070
2.70276 22163
2.70515 22256
2.70754 22349
2.70993 22441
2.71232 22533
2.71471 22625
2.74125 22716
2.74365 22807
2.74604 22897
2.74843 22987
2.75082 23077
2.75321 23166
2.7556 23255
2.78214 23344
2.78465 23432
2.78704 23520
2.78943 23608
2.79182 23695
2.79421 23782
2.7966 23869
2.79899 23955
2.82423 24041
2.82673 24127
2.82912 24212
2.83152 24297
2.8363 24382
2.83869 24467
2.84108 24551
2.86651 24635
2.8689 24719
2.87129 24802
2.87368 24885
2.87838 24968
2.88077 25051
2.88316 25133
2.88555 25215
2.9074 25297
2.90979 25378
2.91218 25459
2.91457 25540
2.91927 25621
2.92166 25701
2.92405 25781
2.92644 25861
2.94841 25941
2.9508 26020
2.95319 26099
2.95558 26178
2.96016 26257
2.96255 26335
2.96494 26413
2.96733 26491
2.9893 26569
2.99169 26647
2.99408 26724
2.99647 26801
2.99886 26878
3.00224 26955
3.00464 27031
3.00703 27107
3.00942 27183
3.03138 27259
3.03386 27335
3.03625 27410
3.03864 27485
3.04103 27560
3.04433 27635
3.04672 27710
3.04911 27784
3.0515 27858
3.07355 27932
3.07594 28006
3.07833 28080
3.08072 28153
3.08312 28226
3.08551 28299
3.0879 28372
3.09029 28445
3.09268 28517
3.11453 28589
3.11692 28661
3.11931 28733
3.1217 28805
3.12409 28876
3.12648 28947
3.12887 29018
3.13126 29089
3.13365 29160
3.15542 29231
3.15781 29301
3.1602 29371
3.16259 29441
3.16498 29511
3.16737 29581
3.16976 29651
3.17215 29720
3.17454 29789
3.17693 29858
3.19759 29927
3.19998 29996
3.20262 30065
3.20501 30133
3.2074 30201
3.20979 30269
3.21219 30337
3.21458 30405
3.21697 30473
3.21936 30541
3.23987 30608
3.24226 30675
3.24471 30742
3.2471 30809
3.24949 30876
3.25188 30943
3.25427 31010
3.25666 31076
3.25905 31142
3.26144 31208
3.28076 31274
3.28315 31340
3.28594 31406
3.28833 31472
3.29072 31537
3.29311 31602
3.2955 31667
3.29789 31732
3.30028 31797
3.30267 31862
3.32199 31927
3.32438 31991
3.32683 32055
3.32922 32119
3.33161 32183
3.334 32247
3.33639 32311
3.33878 32375
3.34117 32439
3.34356 32502
3.34595 32565
3.36408 32628
3.36647 32691
3.36926 32754
3.37165 32817
3.37404 32880
3.37643 32943
3.37882 33005
3.38121 33067
3.3836 33129
3.38599 33191
3.38838 33253
3.4065 33315
3.4089 33377
3.41134 33439
3.41373 33501
3.41612 33562
3.41851 33623
3.4209 33684
3.42329 33745
3.42568 33806
3.42807 33867
3.43168 33928
3.44862 15120
3.50663 15257
3.50902 15392
3.51141 15526
3.51472 15659
3.53041 15791
3.54878 15922
3.55117 16052
3.55356 16181
3.5568 16309
3.5725 16436
3.59086 16562
3.59326 16687
3.59565 16811
3.59804 16934
3.61339 17056
3.63175 17177
3.63414 17297
3.63654 17416
3.63893 17535
3.65428 17653
3.67276 17770
3.67515 17886
3.67754 18001
3.67993 18116
3.68232 18230
3.69636 18343
3.71519 18456
3.71758 18568
3.71997 18679
3.72236 18790
3.72475 18900
3.73845 19009
3.75727 19118
3.75966 19226
3.76205 19333
3.76444 19440
3.76683 19546
3.77938 19652
3.79816 19757
3.80055 19861
3.80294 19965
3.80533 20068
3.80772 20171
3.82027 20273
3.83939 20375
3.84178 20476
3.84417 20577
3.84656 20677
3.84896 20777
3.85135 20876
3.8627 20975
3.88148 21073
3.88387 21171
3.88626 21268
3.88865 21365
3.89104 21462
3.89343 21558
3.90478 21654
3.92356 21749
3.92595 21844
3.92834 21938
3.93073 22032
3.93312 22126
3.93552 22219
3.94721 22312
3.96445 22404
3.96684 22496
3.96923 22588
3.97171 22679
3.9741 22770
3.97649 22861
3.9881 22951
4.00534 23041
4.00773 23130
4.01012 23219
4.0126 23308
4.01499 23396
4.01738 23484
4.02907 23572
4.04623 23659
4.04862 23746
4.05101 23833
4.05357 23920
4.05596 24006
4.05835 24092
4.06074 24178
4.07116 24263
4.08832 24348
4.09071 24433
4.0931 24517
4.09566 24601
4.09805 24685
4.10044 24769
4.10283 24852
4.11333 24935
4.13054 25018
4.13294 25100
4.13544 25182
4.13783 25264
4.14023 25346
4.14262 25427
4.14501 25508
4.15422 25589
4.17143 25670
4.17382 25750
4.17633 25830
4.17872 25910
4.18112 25990
4.18351 26069
4.1859 26148
4.19511 26227
4.21232 26306
4.21471 26384
4.21722 26462
4.21974 26540
4.22213 26618
4.22452 26695
4.22691 26772
4.2293 26849
4.23719 26926
4.25441 27003
4.2568 27079
4.2593 27155
4.26182 27231
4.26421 27307
4.2666 27382
4.26899 27457
4.27138 27532
4.27928 27607
4.29649 27682
4.29888 27756
4.30139 27830
4.30401 27904
4.3064 27978
4.30879 28052
4.31118 28125
4.31357 28198
4.32017 28271
4.33738 28344
4.33977 28417
4.34227 28489
4.34489 28561
4.34729 28633
4.34968 28705
4.35207 28777
4.35446 28849
4.36106 28920
4.37827 28991
4.38066 29062
4.38316 29133
4.38587 29204
4.38826 29275
4.39065 29345
4.39304 29415
4.39543 29485
4.39782 29555
4.40314 29625
4.42036 29694
4.42275 29763
4.42544 29832
4.42795 29901
4.43034 29970
4.43273 30039
4.43513 30108
4.43752 30176
4.43991 30244
4.44523 30312
4.46244 30380
4.46483 30448
4.46773 30516
4.47012 30583
4.47251 30650
4.4749 30717
4.47729 30784
4.47969 30851
4.48208 30918
4.48611 30985
4.50333 31051
4.50572 31117
4.50862 31183
4.51101 31249
4.5134 31315
4.51579 31381
4.51818 31447
4.52057 31512
4.52297 31577
4.527 31642
4.54422 31707
4.54661 31772
4.54951 31837
4.55199 31902
4.55438 31966
4.55677 32030
4.55916 32094
4.56155 32158
4.56394 32222
4.56789 32286
4.58511 32350
4.5875 32414
4.58989 32477
4.59228 32540
4.59467 32603
4.59706 32666
4.59945 32729
4.60184 32792
4.60423 32855
4.60696 32918
4.60998 32980
4.6272 33042
4.62959 33104
4.63198 33166
4.63437 33228
4.63676 33290
4.63915 33352
4.64154 33414
4.64393 33476
4.64632 33537
4.64905 33598
4.65206 33659
4.66928 33720
4.67167 33781
4.67406 33842
4.67645 33903
4.67884 33964
4.68123 34025
4.68362 34085
4.68601 34145
4.6884 34205
4.69079 34265
4.69318 34325
4.71017 34385
4.71256 34445
4.71495 34505
4.71734 34565
4.71973 34624
4.72248 34683
4.72487 34742
4.72726 34801
4.72965 34860
4.73204 34919
4.73443 34978
4.75106 35037
4.75345 35096
4.75584 35155
4.75823 35213
4.76062 35271
4.76301 35329
4.7654 35387
4.76779 35445
4.77018 35503
4.77257 35561
4.77496 35619
4.77745 35677
4.79314 35735
4.79554 35793
4.79795 35850
4.80034 35907
4.80274 35964
4.80513 36021
4.80752 36078
4.80991 36135
4.8123 36192
4.81469 36249
4.81708 36306
4.81954 36363
4.8356 36420
4.83799 36476
4.84038 36532
4.84277 36588
4.84516 36644
4.84755 36700
4.84994 36756
4.85233 36812
4.85472 36868
4.85711 36924
4.8595 36980
4.8619 37036
4.87649 37091
4.87888 37146
4.88127 37201
4.88366 37256
4.88605 37311
4.88844 37366
4.89083 37421
4.89322 37476
4.89561 37531
4.898 37586
4.90039 37641
4.90278 37696
4.91738 37751
4.91977 37805
4.92216 37859
4.92455 37913
4.92694 37967
4.92933 38021
4.93172 38075
4.93411 38129
4.9365 38183
4.93889 38237
4.94128 38291
4.94367 38345
4.94606 38399
4.95946 38453
4.96186 38506
4.96425 38559
4.96699 38612
4.96938 38665
4.97177 38718
4.97416 38771
4.97655 38824
4.97895 38877
4.98134 38930
4.98373 38983
4.98612 39036
4.98851 39089
5.00155 39142
5.00394 39194
5.00633 39246
5.00908 39298
5.01147 39350
5.01386 39402
5.01625 39454
5.01864 39506
5.02103 39558
5.02342 39610
5.02581 39662
5.0282 39714
5.03059 39766
5.04244 39818
5.04513 39870
5.04752 39922
5.05031 39973
5.0527 40024
5.05509 40075
5.05748 40126
5.05987 40177
5.06226 40228
5.06465 40279
5.06704 40330
5.06943 40381
5.07182 40432
5.08333 40483
5.08602 40534
5.08841 40585
5.0912 40636
5.09359 40687
5.09598 40737
5.09837 40787
5.10076 40837
5.10315 40887
5.10554 40937
5.10793 40987
5.11032 41037
5.11271 41087
5.1151 41137
5.12541 41187
5.12845 41237
5.13084 41287
5.13328 41337
5.13567 41387
5.13807 41437
5.14046 41487
5.14285 41536
5.14524 41585
5.14763 41634
5.15002 41683
5.15241 41732
5.1548 41781
5.15719 41830
5.1675 41879
5.17053 41928
5.17292 41977
5.17537 42026
5.17776 42075
5.18015 42124
5.18254 42173
5.18493 42222
5.18732 42271
5.18971 42320
5.1921 42368
5.19449 42416
5.19688 42464
5.19927 42512
5.20839 42560
5.21176 42608
5.21415 42656
5.21655 42704
5.21894 42752
5.22133 42800
5.22372 42848
5.22611 42896
5.2285 42944
5.23089 42992
5.23328 43040
5.23806 43088
5.24045 43136
5.24928 43184
5.25265 43232
5.25504 43279
5.25864 43326
5.26104 20160
5.32463 20262
5.33107 20364
5.33453 20465
5.33692 20566
5.33931 20666
5.3417 20766
5.34409 20865
5.36672 20964
5.37316 21062
5.37669 21160
5.37908 21257
5.3816 21354
5.38399 21451
5.38638 21547
5.4088 21643
5.41526 21738
5.41877 21833
5.42116 21927
5.42368 22021
5.42608 22115
5.42847 22208
5.45089 22301
5.45615 22393
5.45975 22485
5.46227 22577
5.46466 22668
5.46705 22759
5.46944 22850
5.49178 22940
5.49713 23030
5.50071 23120
5.50316 23209
5.50555 23298
5.50794 23387
5.51033 23475
5.53267 23563
5.53802 23651
5.54161 23738
5.544 23825
5.54652 23912
5.54891 23998
5.5513 24084
5.55369 24170
5.57475 24255
5.58084 24340
5.58403 24425
5.58642 24509
5.58881 24593
5.5912 24677
5.59359 24761
5.59598 24844
5.61684 24927
5.62293 25010
5.62611 25092
5.6285 25174
5.63089 25256
5.63328 25338
5.63583 25419
5.63822 25500
5.65778 25581
5.66382 25662
5.667 25742
5.66939 25822
5.67178 25902
5.67417 25982
5.67671 26061
5.67911 26140
5.69867 26219
5.70471 26298
5.70799 26376
5.71038 26454
5.71277 26532
5.71516 26610
5.71755 26687
5.71994 26764
5.72233 26841
5.74085 26918
5.74683 26995
5.75041 27071
5.7528 27147
5.75519 27223
5.75759 27299
5.75998 27374
5.76237 27449
5.76476 27524
5.78294 27599
5.78891 27674
5.7925 27748
5.79489 27822
5.79728 27896
5.79967 27970
5.80206 28044
5.80445 28117
5.80684 28190
5.82391 28263
5.82989 28336
5.83373 28409
5.83612 28481
5.83851 28553
5.8409 28625
5.84329 28697
5.84568 28769
5.84807 28841
5.8648 28912
5.87078 28983
5.87462 29054
5.87701 29125
5.8794 29196
5.88179 29267
5.88418 29337
5.88657 29407
5.88896 29477
5.89135 29547
5.9071 29617
5.91306 29687
5.91671 29756
5.9191 29825
5.92149 29894
5.92388 29963
5.92627 30032
5.92866 30101
5.93105 30169
5.93344 30237
5.94919 30305
5.95515 30373
5.95879 30441
5.96118 30509
5.96357 30576
5.96596 30643
5.96835 30710
5.97083 30777
5.97322 30844
5.97561 30911
5.99136 30978
5.99612 31044
5.99968 31110
6.00207 31176
6.00685 31242
6.00924 31308
6.01172 31374
6.01411 31440
6.0165 31505
6.03225 31570
6.03701 31635
6.0406 31700
6.04299 31765
6.04774 31830
6.05013 31895
6.05252 31960
6.05491 32024
6.0573 32088
6.05969 32152
6.07346 32216
6.07799 32280
6.08149 32344
6.08388 32408
6.08627 32471
6.08983 32534
6.09222 32597
6.09461 32660
6.097 32723
6.09939 32786
6.10178 32849
6.11555 32912
6.12007 32975
6.12366 33037
6.12605 33099
6.12844 33161
6.13191 33223
6.1343 33285
6.13669 33347
6.13908 33409
6.14147 33471
6.14386 33532
6.15772 33593
6.16216 33654
6.16574 33715
6.16813 33776
6.17052 33837
6.17291 33898
6.1753 33959
6.17769 34020
6.18008 34080
6.18247 34140
6.18487 34200
6.19861 34260
6.20672 34320
6.20911 34380
6.2115 34440
6.21389 34500
6.21628 34560
6.21867 34620
6.22106 34679
6.22345 34738
6.22584 34797
6.23958 34856
6.24761 34915
6.25 34974
6.25239 35033
6.25478 35092
6.25717 35151
6.25956 35209
6.26195 35267
6.26434 35325
6.26673 35383
6.26912 35441
6.28167 35499
6.28978 35557
6.29217 35615
6.29456 35673
6.29695 35731
6.29934 35789
6.30173 35846
6.30412 35903
6.30651 35960
6.3089 36017
6.31129 36074
6.32384 36131
6.32623 36188
6.33206 36245
6.33445 36302
6.33684 36359
6.33923 36416
6.34162 36472
6.34401 36528
6.3464 36584
6.34879 36640
6.35119 36696
6.35358 36752
6.36493 36808
6.36732 36864
6.37295 36920
6.37534 36976
6.37773 37032
6.38012 37087
6.38265 37142
6.38504 37197
6.38743 37252
6.38983 37307
6.39222 37362
6.39461 37417
6.40582 37472
6.40821 37527
6.41393 37582
6.41632 37637
6.41871 37692
6.42374 37747
6.42614 37801
6.42853 37855
6.43092 37909
6.43331 37963
6.4357 38017
6.44679 38071
6.44944 38125
6.45183 38179
6.45621 38233
6.4586 38287
6.46099 38341
6.46597 38395
6.46836 38449
6.47075 38502
6.47314 38555
6.47553 38608
6.47792 38661
6.48031 38714
6.48908 38767
6.49166 38820
6.49407 38873
6.49844 38926
6.50083 38979
6.50322 39032
6.50826 39085
6.51065 39138
6.51304 39190
6.51543 39242
6.51782 39294
6.52021 39346
6.5226 39398
6.53132 39450
6.53375 39502
6.53616 39554
6.54052 39606
6.54313 39658
6.54552 39710
6.54929 39762
6.55168 39814
6.55407 39866
6.55646 39918
6.55885 39969
6.56124 40020
6.56363 40071
6.57241 40122
6.57498 40173
6.57737 40224
6.58175 40275
6.58414 40326
6.58654 40377
6.59018 40428
6.59257 40479
6.59496 40530
6.59735 40581
6.59974 40632
6.60213 40683
6.60573 40733
6.61464 18720
6.67709 18830
6.67948 18940
6.68188 19049
6.68427 19157
6.68758 19265
6.69555 19372
6.71833 19479
6.72072 19585
6.72311 19690
6.7255 19795
6.72847 19899
6.73645 20003
6.75922 20106
6.76161 20209
6.764 20311
6.76639 20413
6.76972 20514
6.77734 20615
6.80045 20715
6.80284 20815
6.80523 20914
6.80762 21013
6.81001 21111
6.8124 21209
6.81977 21306
6.84253 21403
6.84492 21499
6.84731 21595
6.8497 21691
6.85209 21786
6.85448 21881
6.86185 21975
6.88462 22069
6.88701 22162
6.8894 22255
6.89179 22348
6.89418 22440
6.89657 22532
6.90308 22624
6.92551 22715
6.9279 22806
6.93029 22896
6.93268 22986
6.93507 23076
6.93746 23165
6.94432 23254
6.9664 23343
6.96882 23431
6.97121 23519
6.9736 23607
6.97599 23694
6.97838 23781
6.98077 23868
6.9864 23954
7.00851 24040
7.0109 24126
7.01329 24211
7.01568 24296
7.01807 24381
7.02046 24466
7.02285 24550
7.02857 24634
7.05068 24718
7.05307 24801
7.05546 24884
7.05785 24967
7.06024 25050
7.06263 25132
7.06502 25214
7.06946 25296
7.09157 25377
7.09396 25458
7.09635 25539
7.09874 25620
7.10113 25700
7.10352 25780
7.10591 25860
7.11055 25940
7.13266 26019
7.13505 26098
7.13744 26177
7.13983 26256
7.14222 26334
7.14461 26412
7.147 26490
7.15144 26568
7.15383 26646
7.17475 26723
7.17714 26800
7.17953 26877
7.18192 26954
7.18431 27030
7.1867 27106
7.18909 27182
7.19361 27258
7.196 27334
7.21691 27409
7.21931 27484
7.2217 27559
7.22409 27634
7.22648 27709
7.22887 27783
7.23126 27857
7.2357 27931
7.23809 28005
7.259 28079
7.26165 28152
7.26404 28225
7.26643 28298
7.26882 28371
7.27121 28444
7.27455 28516
7.278 12240
7.35181 12409
7.3542 12576
7.35754 12740
7.35993 12902
7.39398 13062
7.39637 13220
7.39963 13376
7.40202 13531
7.43606 13684
7.43845 13835
7.44084 13984
7.44323 14132
7.47695 14278
7.47934 14423
7.48173 14566
7.48412 14708
7.51784 14848
7.52023 14987
7.52262 15125
7.52501 15262
7.55994 5760
7.60921 6120
7.64174 6458
7.6513 6779
7.68382 7084
7.69338 7376
7.72591 7657
7.73547 7927
7.76679 8188
7.77636 8441
7.80768 8686
7.81725 8924
7.84857 9156
7.85096 9382
7.85947 9603
7.89074 9818
7.89313 10029
7.90156 10235
7.93282 10437
7.93521 10635
7.94373 10829
7.9738 11020
7.9774 11208
7.98583 3600
8.0677 4176
8.10987 4672
8.15196 5115
8.19293 5520
8.23382 5895
8.27478 6246
8.27719 6577
8.31687 6892
8.31927 7192
8.35907 7480
8.36146 7757
8.40115 8024
8.40354 8282
8.44213 8532
8.44452 8775
8.48302 9011
8.48541 9241
8.4878 9465
8.5252 9684
8.52759 9898
8.52998 10107
8.56728 10312
8.56967 10513
8.57207 10710
8.60826 10903
8.61065 11093
8.61304 11279
8.64915 11462
8.65154 11642
8.65393 11820
8.69012 11995
8.69251 12167
8.6949 12337
8.69729 12505
8.73221 12670
8.7346 12833
8.73699 12994
8.73938 13153
8.77438 13310
8.77677 13465
8.77916 13618
8.78155 13770
8.81527 13920
8.81766 14068
8.82005 14215
8.82244 14360
8.85624 14504
8.85863 14646
8.86102 14787
8.86341 14927
8.89713 15065
8.89952 15202
8.90191 15338
8.9043 15473
8.90669 15607
8.93922 15739
8.94161 15870
8.944 16000
8.94639 16129
8.94878 16257
8.9813 16384
8.98369 16510
8.98608 16635
8.98847 16759
8.99086 16882
9.02219 17004
9.02458 17125
9.02697 17246
9.02936 17366
9.03175 17485
9.0632 17603
9.06559 17720
9.06799 17837
9.07038 17953
9.07277 18068
9.07516 18182
9.10529 18296
9.10768 18409
9.11007 18521
9.11246 18632
9.11485 18743
9.11724 18853
9.14746 18962
9.14985 19071
9.15224 19179
9.15463 19287
9.15702 19394
9.15941 19500
9.18835 19606
9.19074 19711
9.19313 19816
9.19552 19920
9.19791 20024
9.2003 20127
9.22932 20230
9.23171 20332
9.2341 20433
9.23649 20534
9.23888 20634
9.24127 20734
9.27021 20834
9.2726 20933
9.27499 21032
9.27738 21130
9.27977 21228
9.28216 21325
9.28455 21422
9.31238 21518
9.31477 21614
9.31716 21709
9.31955 21804
9.32194 21899
9.32433 21993
9.32672 22087
9.35447 22180
9.35686 22273
9.35925 22366
9.36164 22458
9.36403 22550
9.36642 22641
9.36881 22732
9.39544 22823
9.39783 22913
9.40022 23003
9.40261 23093
9.405 23182
9.40739 23271
9.40978 23360
9.43633 23448
9.43872 23536
9.44111 23624
9.4435 23711
9.44589 23798
9.44828 23885
9.45067 23971
9.45306 24057
9.4785 24143
9.48089 24228
9.48328 24313
9.48592 24398
9.48831 24482
9.4907 24566
9.49309 24650
9.49548 24734
9.52059 24817
9.52298 24900
9.52537 24983
9.528 25066
9.53039 25148
9.53278 25230
9.53758 10800
9.61347 10992
9.61586 11180
9.61825 11365
9.65436 11547
9.65675 11726
9.69525 11902
9.69764 12076
9.7375 4320
9.81815 4800
9.85904 5232
9.90002 5628
9.94091 5996
9.98188 6341
9.98427 6668
10.024 6978
10.0264 7275
10.0661 7560
10.0685 7834
10.107 8098
10.1094 8354
10.1479 8602
10.1503 8843
10.1888 9077
10.1912 9305
10.1936 9527
10.2309 9744
10.2333 9956
10.236 10164
10.273 10368
10.2754 10568
10.2781 10764
10.3139 10956
10.3166 11145
10.3194 11331
10.3551 11514
10.3575 11694
10.3603 11871
10.396 12045
10.3984 12217
10.4009 12386
10.4033 12553
10.4381 12718
10.4405 12881
10.443 13041
10.4454 13200
10.4802 13357
10.4832 13512
10.4856 13665
10.488 13816
10.5212 13966
10.5241 14114
10.5265 14260
10.5288 14405
10.5621 14548
10.565 14690
10.5673 14831
10.5697 14970
10.5721 15108
10.6042 15245
10.6073 15381
10.6097 15515
10.6121 15648
10.6145 15780
10.6463 15911
10.6494 16041
10.6519 16170
10.6543 16298
10.6567 16425
10.6888 16551
10.6911 16676
10.6935 16800
10.6959 16923
10.6983 17045
10.7296 17166
10.732 17286
10.7344 17405
10.7368 17524
10.7392 17642
10.7705 17759
10.7729 17875
10.7753 17991
10.7777 18106
10.7801 18220
10.7825 18333
10.8129 18446
10.8152 18558
10.8176 18669
10.82 18780
10.8226 18890
10.825 18999
10.8549 19108
10.8573 19216
10.8597 19323
10.8621 19430
10.8646 19536
10.867 19642
10.8958 19747
10.8982 19852
10.9006 19956
10.903 20059
10.9055 20162
10.9079 20264
10.9379 20366
10.9403 8640
10.9925 8880
11.0209 9113
11.0233 9340
11.0348 9562
11.063 9778
11.0654 9990
11.0772 10197
11.1051 10400
11.1075 10599
11.1193 10794
11.1461 10986
11.1485 11174
11.1602 11359
11.187 11541
11.1894 11720
11.2011 11896
11.2279 12070
11.2303 12241
11.2327 12410
11.2688 12577
11.2712 4320
11.3531 4800
11.3941 5232
11.4349 5628
11.4759 5996
11.5168 6341
11.5192 6668
11.5601 6978
11.601 2880
11.6828 3600
11.7251 4176
11.7672 4672
11.8094 5115
11.8503 5520
11.8912 5895
11.9321 6246
11.9344 6577
11.9745 6892
11.9769 7192
12.0166 7480
12.019 7757
12.0588 8024
12.0612 8282
12.0997 8532
12.1021 8775
12.1406 9011
12.143 9241
12.1454 9465
12.1827 9684
12.1851 9898
12.1875 10107
12.2249 10312
12.2273 10513
12.2297 10710
12.2658 10903
12.2682 11093
12.2706 11279
12.3067 11462
12.3092 11642
12.3116 11820
12.3501 11995
12.3524 12167
12.3548 12337
12.3923 12505
12.3947 12670
12.3971 12833
12.3994 12994
12.4344 13153
12.4367 13310
12.4391 13465
12.4415 13618
12.4753 13770
12.4777 13920
12.4801 14068
12.4825 14215
12.5162 14360
12.5186 14504
12.521 14646
12.5234 14787
12.5571 14927
12.5596 15065
12.562 15202
12.5644 15338
12.5668 15473
12.5992 15607
12.6017 15739
12.6041 15870
12.6065 16000
12.6089 16129
12.6413 16257
12.6441 16384
12.6465 16510
12.6489 16635
12.6513 16759
12.6822 16882
12.685 17004
12.6874 17125
12.6898 17246
12.6922 17366
12.7234 17485
12.7259 17603
12.7283 17720
12.7307 17837
12.7331 17953
12.7355 18068
12.7655 18182
12.768 18296
12.7704 18409
12.7728 18521
12.7751 18632
12.7775 18743
12.8077 18853
12.8101 18962
12.8125 19071
12.8149 19179
12.8173 19287
12.8197 19394
12.8486 19500
12.851 19606
12.8534 19711
12.8558 19816
12.8582 19920
12.8605 20024
12.8895 20127
12.8919 20230
12.8943 20332
12.8966 20433
12.899 20534
12.9014 20634
12.9304 20734
12.9328 20834
12.9351 20933
12.9375 21032
12.9399 21130
12.9423 21228
12.9447 21325
12.9725 21422
12.9749 21518
12.9773 21614
12.9797 21709
12.982 21804
12.9844 21899
12.9868 21993
13.0146 22087
13.017 22180
13.0193 22273
13.0217 22366
13.0241 22458
13.0265 22550
13.0289 22641
13.0555 22732
13.0579 22823
13.0603 22913
13.0627 23003
13.0651 23093
13.0675 23182
13.0699 23271
13.0964 23360
13.0988 23448
13.1012 23536
13.1036 23624
13.106 23711
13.1085 23798
13.1109 23885
13.1133 23971
13.1386 24057
13.141 24143
13.1458 10080
13.2217 10285
13.224 10486
13.2264 10683
13.2625 10877
13.265 11067
13.2674 11254
13.3035 11438
13.3059 11619
13.3083 11797
13.3456 11972
13.3481 4320
13.4302 4800
13.4711 5232
13.5121 5628
13.553 5996
13.5939 6341
13.5963 6668
13.636 6978
13.6384 7275
13.6782 7560
13.6807 7834
13.7191 8098
13.7216 8354
13.7602 8602
13.7626 8843
13.8011 9077
13.8035 9305
13.8059 9527
13.8432 9744
13.8456 9956
13.848 10164
13.8853 10368
13.8877 10568
13.8901 10764
13.9287 3600
14.0106 4176
14.0527 4672
14.0948 5115
14.1357 5520
14.1767 5895
14.2176 6246
14.22 6577
14.2597 6892
14.2621 7192
14.3022 7480
14.3046 7757
14.3443 8024
14.3466 8282
14.3851 8532
14.3875 8775
14.4285 9011
14.4309 9241
14.4706 9465
14.4733 9684
14.4756 9898
14.5129 10107
14.5157 10312
14.5181 10513
14.555 10710
14.5575 10903
14.5599 11093
14.5959 11279
14.5987 11462
14.6011 11642
14.6368 11820
14.6396 11995
14.642 12167
14.6444 12337
14.6788 12505
14.6817 12670
14.6841 12833
14.6865 12994
14.7209 13153
14.7238 13310
14.7262 13465
14.7286 13618
14.7618 13770
14.7647 13920
14.7671 14068
14.7695 14215
14.8027 14360
14.8056 14504
14.808 14646
14.8104 14787
14.8436 14927
14.8465 15065
14.8489 15202
14.8513 15338
14.8536 15473
14.8857 15607
14.8886 15739
14.8909 15870
14.8933 16000
14.896 16129
14.9278 16257
14.9306 16384
14.933 16510
14.9354 16635
14.9378 16759
14.9687 16882
14.9715 17004
14.9739 17125
14.9763 17246
14.9791 17366
15.0095 17485
15.0124 17603
15.0148 17720
15.0172 17837
15.0199 17953
15.0223 18068
15.0516 18182
15.0545 18296
15.0569 18409
15.0593 18521
15.0621 18632
15.0645 18743
15.0937 18853
15.0966 18962
15.099 19071
15.1014 19179
15.1042 19287
15.1066 19394
15.1346 19500
15.1375 19606
15.14 19711
15.1424 19816
15.1451 19920
15.1475 20024
15.1755 20127
15.1788 20230
15.1812 20332
15.1835 20433
15.186 20534
15.1884 20634
15.2164 20734
15.2197 20834
15.222 20933
15.2244 21032
15.2268 21130
15.2292 21228
15.2316 21325
15.2618 8640
15.3136 8880
15.3405 9113
15.344 9340
15.3557 9562
15.3826 9778
15.3861 9990
15.3979 10197
15.4247 10400
15.4282 10599
15.44 10794
15.4656 10986
15.4692 11174
15.4808 11359
15.5065 11541
15.5101 11720
15.5217 11896
15.5474 12070
15.5522 12241
15.5638 12410
15.5897 12577
15.5945 12741
15.5969 12903
15.6063 13063
15.6318 13221
15.6368 13377
15.6392 13532
15.6484 13685
15.6731 13836
15.6779 13985
15.6803 14133
15.6896 14279
15.714 14424
15.7189 14567
15.7213 14709
15.7305 14849
15.7549 14988
15.7573 15126
15.761 15263
15.7634 15398
15.7727 15532
15.797 15665
15.7996 15797
15.8036 15928
15.806 16058
15.8148 16187
15.8393 16315
15.8417 16442
15.8457 16568
15.8481 16693
15.8562 16817
15.8801 16940
15.8827 17062
15.8866 17183
15.889 17303
15.8971 17422
15.921 17541
15.9236 17659
15.9277 17776
15.9301 17892
15.9325 18007
15.9392 18122
15.9631 18236
15.9663 18349
15.9699 18462
15.9723 18574
15.9747 18685
15.9815 18795
16.0054 18905
16.0084 19014
16.012 19123
16.0144 19231
16.0168 19338
16.0237 19445
16.0463 19551
16.0498 19657
16.0534 19762
16.0558 19866
16.0582 19970
16.0646 20073
16.0872 20176
16.0907 20278
16.0943 20380
16.0967 20481
16.0991 20582
16.106 20682
16.1281 20782
16.1304 20881
16.1328 20980
16.1364 21078
16.1388 21176
16.1411 21273
16.1481 21370
16.1703 21467
16.1727 21563
16.1751 21659
16.1787 21754
16.1811 21849
16.1835 21943
16.1901 22037
16.2124 22131
16.215 22224
16.2174 22317
16.2197 22409
16.2221 22501
16.2245 22593
16.231 22684
16.2534 22775
16.2559 22866
16.2582 22956
16.2606 23046
16.263 23135
16.2654 23224
16.272 23313
16.2943 23401
16.2967 23489
16.2993 23577
16.3016 23664
16.304 23751
16.3064 23838
16.3088 23924
16.314 24010
16.3365 24096
16.3389 24182
16.3413 24267
16.3437 24352
16.3461 24437
16.3485 24521
16.3509 24605
16.3562 24689
16.3786 24772
16.3814 24855
16.3838 24938
16.3862 25021
16.3886 25103
16.391 25185
16.3933 25267
16.3971 25349
16.4195 25430
16.4223 25511
16.4247 25592
16.4271 25673
16.4295 25753
16.4318 25833
16.4342 25913
16.438 25993
16.4608 26072
16.4633 26151
16.4656 26230
16.468 26309
16.4704 26387
16.4728 26465
16.4752 26543
16.4789 26621
16.4817 26698
16.5028 26775
16.5053 26852
16.5077 26929
16.5101 27006
16.5125 27082
16.5149 27158
16.5173 27234
16.521 27310
16.5238 27385
16.5451 27460
16.5475 27535
16.5499 27610
16.5523 27685
16.5547 27759
16.5571 27833
16.5595 27907
16.5631 27981
16.5659 28055
16.586 28128
16.5884 28201
16.5908 28274
16.5932 28347
16.5956 28420
16.598 28492
16.6004 28564
16.6039 28636
16.6068 28708
16.6269 28780
16.6293 28852
16.6318 28923
16.6342 28994
16.6366 29065
16.639 29136
16.6414 29207
16.6448 29277
16.6478 29347
16.6678 29417
16.6702 29487
16.6726 29557
16.675 29627
16.6774 29696
16.6797 29765
16.6821 29834
16.6845 29903
16.6869 29972
16.6899 30041
16.7102 30110
16.7126 30178
16.7149 30246
16.7173 30314
16.7197 30382
16.7221 30450
16.7245 30518
16.7269 30585
16.7293 30652
16.7323 30719
16.7523 30786
16.7546 30853
16.757 30920
16.7594 30987
16.7618 31053
16.7642 31119
16.7666 31185
16.769 31251
16.7716 31317
16.774 31383
16.7932 31449
16.7956 31514
16.798 31579
16.8004 31644
16.8029 31709
16.8053 31774
16.8077 31839
16.8101 31904
16.8125 31968
16.8149 32032
16.8341 32096
16.8365 32160
16.8389 32224
16.8414 32288
16.8438 32352
16.8462 32416
16.8486 32479
16.851 32542
16.8537 32605
16.8561 32668
16.8585 32731
16.8762 32794
16.8786 32857
16.881 32920
16.8838 32982
16.8862 33044
16.8886 33106
16.8909 33168
16.8933 33230
16.8958 33292
16.8982 33354
16.9006 33416
16.9183 33478
16.9207 33539
16.9235 33600
16.9259 33661
16.9282 33722
16.9308 33783
16.9332 33844
16.936 33905
16.9383 33966
16.9407 34027
16.9431 34087
16.9592 34147
16.9616 34207
16.9644 34267
16.9671 34327
16.9695 34387
16.9719 34447
16.9743 34507
16.9768 34567
16.9804 34626
16.9828 15840
17.0553 15970
17.0577 16099
17.0601 16227
17.0626 16354
17.0963 16480
17.0987 16605
17.1011 16729
17.1035 16852
17.1372 16975
17.1396 17097
17.142 17218
17.1444 17338
17.1468 17457
17.1781 17575
17.1805 17692
17.1831 17809
17.1855 17925
17.1879 18040
17.1903 18154
17.2203 18268
17.2227 18381
17.2252 18493
17.2276 18605
17.23 18716
17.2324 18826
17.2623 18936
17.2647 19045
17.2673 19153
17.2697 19261
17.2721 19368
17.2745 19475
17.3034 19581
17.3058 19686
17.3082 19791
17.3106 19895
17.313 19999
17.3154 20102
17.3443 20205
17.3466 20307
17.3491 20409
17.3516 20510
17.354 20611
17.3563 20711
17.3852 20811
17.3876 20910
17.39 21009
17.3924 21107
17.3948 21205
17.3972 21302
17.3996 21399
17.4273 21495
17.4297 21591
17.4321 21687
17.4346 21782
17.437 21877
17.4394 21971
17.4418 22065
17.4695 22158
17.4719 22251
17.4743 22344
17.4767 22436
17.479 22528
17.4838 9360
17.5658 9581
17.6019 9797
17.6043 10008
17.6079 10215
17.6444 10417
17.6468 10616
17.65 10811
17.6853 11002
17.6876 11190
17.691 11375
17.7265 11557
17.7289 11736
17.7319 11912
17.7677 12086
17.77 12257
17.7724 12426
17.7748 12592
17.8098 12756
17.8122 12918
17.8146 13078
17.8171 13236
17.8519 13392
17.8543 13546
17.8567 13699
17.8591 13850
17.8931 13999
17.8955 14147
17.8979 14293
17.9003 14438
17.934 14581
17.9364 14723
17.9388 14863
17.9412 15002
17.9436 15140
17.9765 15276
17.9789 15411
17.9812 15545
17.9836 15678
17.986 15810
18.0188 15941
18.0212 16071
18.0236 16200
18.026 16328
18.0284 16454
18.0609 16580
18.0633 16705
18.066 16829
18.0683 16952
18.0707 17074
18.102 17195
18.1044 17315
18.1068 17434
18.1092 17552
18.1116 17670
18.1429 17787
18.1453 17903
18.1477 18018
18.1502 18133
18.1526 18247
18.155 18360
18.1851 18472
18.1875 18584
18.1899 18695
18.1923 18805
18.1947 18915
18.1971 19024
18.2271 19132
18.2296 19240
18.232 19347
18.2344 19454
18.2369 19560
18.2393 19666
18.2681 19771
18.2705 19875
18.273 19979
18.2754 20082
18.2778 20185
18.2802 20287
18.309 20389
18.3114 20490
18.3139 20591
18.3163 20691
18.3187 20791
18.3211 20890
18.3235 20989
18.3512 21087
18.3537 21185
18.356 21282
18.3584 21379
18.3608 21475
18.3632 21571
18.3656 21667
18.3933 21762
18.3957 21857
18.3981 21951
18.4006 22045
18.403 22139
18.4054 22232
18.4078 22325
18.4343 22417
18.4367 22509
18.4391 22601
18.4415 22692
18.4439 22783
18.4463 22874
18.4487 22964
18.4752 23054
18.4776 23143
18.48 23232
18.4825 23321
18.4849 23409
18.4873 23497
18.4897 23585
18.5162 23672
18.5186 23759
18.5209 23846
18.5233 23932
18.5257 24018
18.5281 24104
18.5305 24190
18.5329 24275
18.5582 24360
18.5606 24445
18.563 24529
18.5655 24613
18.5679 24697
18.5703 24780
18.5727 24863
18.5751 24946
18.6004 25029
18.6028 25111
18.6052 25193
18.6076 25275
18.61 25357
18.6124 25438
18.6148 25519
18.6172 25600
18.6413 25681
18.6437 25761
18.6462 25841
18.6486 25921
18.651 26000
18.6534 26079
18.6558 26158
18.6582 26237
18.6823 26316
18.6847 26394
18.6871 26472
18.6895 26550
18.6919 26628
18.6943 26705
18.6991 11520
18.7738 11700
18.7762 11877
18.7786 12051
18.781 12223
18.8159 12392
18.8183 12559
18.8207 12724
18.8231 12886
18.858 13046
18.8604 13204
18.8628 13361
18.8652 13516
18.9002 13669
18.9026 13820
18.905 13970
18.9074 14118
18.9411 14264
18.9435 14409
18.9459 14552
18.9482 14694
18.9821 14835
18.9844 14974
18.9868 15112
18.9892 15249
18.9916 15384
19.0241 15518
19.0265 15651
19.0289 15783
19.0313 15914
19.0337 16044
19.0662 16173
19.0686 16301
19.071 16428
19.0734 16554
19.0758 16679
19.1071 16803
19.1095 16926
19.1119 17048
19.1167 17169
19.1482 17289
19.1506 17408
19.153 17527
19.1576 17645
19.16 17762
19.1891 17878
19.1915 17993
19.1939 18108
19.1964 18222
19.1997 18335
19.2021 18448
19.2313 18560
19.2337 18671
19.2361 18782
19.2385 18892
19.2418 19001
19.2442 19110
19.2734 19218
19.2783 19325
19.2807 19432
19.283 19538
19.2854 19644
19.3147 19749
19.3192 19853
19.3215 19957
19.3239 20060
19.3263 20163
19.3287 20265
19.3556 20367
19.3603 20468
19.3627 20569
19.3651 20669
19.3674 20769
19.37 20868
19.3724 20967
19.3977 21065
19.4025 21163
19.4049 21260
19.4073 21357
19.4097 21454
19.4121 21550
19.4145 21646
19.4398 21741
19.4446 21836
19.447 21930
19.4494 22024
19.4518 22118
19.4542 22211
19.4566 22304
19.4808 22396
19.4855 22488
19.4879 22580
19.4903 22671
19.4927 22762
19.4951 22853
19.4975 22943
19.5217 23033
19.5268 23123
19.5292 23212
19.5315 23301
19.5339 23389
19.5363 23477
19.5387 23565
19.5626 23652
19.5677 23739
19.57 23826
19.5724 23913
19.5748 23999
19.5772 24085
19.5796 24171
19.582 24256
19.6049 24341
19.6101 24426
19.6125 24510
19.6149 24594
19.6173 24678
19.6196 24762
19.622 24845
19.6244 24928
19.6473 25011
19.6522 25093
19.6546 25175
19.6569 25257
19.6593 25339
19.6617 25420
19.6641 25501
19.6665 25582
19.6882 25663
19.6938 25743
19.6962 25823
19.6986 25903
19.701 25983
19.7034 26062
19.7057 26141
19.7081 26220
19.7295 26299
19.7347 26377
19.7371 26455
19.7396 26533
19.742 26611
19.7444 26688
19.7468 26765
19.7492 26842
19.7516 26919
19.7715 26996
19.7771 27072
19.7795 27148
19.782 27224
19.7844 27300
19.7868 27375
19.7892 27450
19.7925 27525
19.8124 12240
19.8735 12409
19.8759 12576
19.8948 12740
19.9157 12902
19.9181 13062
19.9205 13220
19.959 5760
20.0396 6120
20.0432 6458
20.0817 6779
20.0853 7084
20.1239 7376
20.1275 7657
20.166 7927
20.1684 8188
20.2069 8441
20.2093 8686
20.248 8924
20.2504 9156
20.2528 9382
20.2902 9603
20.2926 9818
20.295 10029
20.3323 10235
20.3347 10437
20.3371 10635
20.3749 10829
20.3773 11020
20.3797 11208
20.4158 11393
20.4182 11575
20.4205 11754
20.4567 11930
20.459 12103
20.4614 12274
20.4638 12442
20.4991 12608
20.5015 12772
20.5039 12934
20.5063 13094
20.5412 13252
20.5436 13408
20.5459 13562
20.5483 13714
20.5821 13865
20.5844 14014
20.5868 14161
20.5892 14307
20.6229 14451
20.6254 14594
20.6278 14736
20.6302 14876
20.6639 15015
20.6663 15153
20.6687 15289
20.6711 15424
20.6737 15558
20.706 15691
20.7085 15823
20.7109 15954
20.7133 16083
20.7158 16211
20.7482 16338
20.7506 16464
20.753 16589
20.7554 16713
20.7579 16837
20.7891 16960
20.7916 17082
20.7939 17203
20.7963 17323
20.7992 17442
20.8301 17560
20.8325 17678
20.8349 17795
20.8373 17911
20.8398 18026
20.8422 18141
20.8722 18255
20.8746 18368
20.877 18480
20.8794 18592
20.8822 18703
20.8846 18813
20.9143 18923
20.9167 19032
20.9191 19140
20.9217 19248
20.9243 19355
20.9268 19462
20.9552 19568
20.9576 19673
20.96 19778
20.9625 19882
20.9652 19986
20.9676 20089
20.9961 20192
20.9985 20294
21.0011 20396
21.0035 20497
21.0061 20598
21.0086 20698
21.037 20798
21.0394 20897
21.0418 20996
21.0441 21094
21.0465 21192
21.0489 21289
21.0513 21386
21.0791 21482
21.0815 21578
21.0838 21674
21.0866 21769
21.089 21864
21.0914 21958
21.0938 22052
21.1211 22146
21.1235 22239
21.1259 22332
21.1283 22424
21.1331 22516
21.1355 22608
21.162 22699
21.1644 22790
21.1668 22880
21.1692 22970
21.174 23060
21.1764 23149
21.1788 23238
21.203 23327
21.2053 23415
21.2077 23503
21.2101 23591
21.2149 23678
21.2173 23765
21.2197 23852
21.2221 23938
21.245 24024
21.2474 24110
21.2498 24196
21.2522 24281
21.257 24366
21.2594 24451
21.2617 24535
21.2641 24619
21.2872 24703
21.2896 24786
21.292 24869
21.2944 24952
21.299 25035
21.3014 25117
21.3038 25199
21.3062 25281
21.3281 25363
21.3305 25444
21.3329 25525
21.3353 25606
21.3402 25686
21.3426 25766
21.345 25846
21.3474 25926
21.3691 26005
21.3715 26084
21.3739 26163
21.3762 26242
21.3811 26321
21.3835 26399
21.3859 26477
21.3883 26555
21.3906 26633
21.4112 26710
21.4135 26787
21.4159 26864
21.4183 26941
21.4233 27017
21.4256 27093
21.428 27169
21.4304 27245
21.4328 27321
21.4537 27396
21.4561 27471
21.4585 27546
21.4609 27621
21.4653 27696
21.4677 27770
21.4701 27844
21.4725 27918
21.4749 27992
21.4958 28066
21.4982 28139
21.5006 28212
21.503 28285
21.5063 28358
21.5087 28431
21.5111 28503
21.5135 28575
21.5159 28647
21.5368 28719
21.5392 28791
21.5416 28863
21.544 28934
21.5472 29005
21.5496 29076
21.552 29147
21.5544 29218
21.5568 29288
21.5777 29358
21.5801 29428
21.5825 29498
21.5848 29568
21.5872 29638
21.5896 29707
21.592 29776
21.5944 29845
21.5968 29914
21.5992 29983
21.6201 30052
21.6225 30121
21.6249 30189
21.6273 30257
21.6297 30325
21.6321 30393
21.6344 30461
21.6368 30529
21.6392 30596
21.6416 30663
21.6622 30730
21.6646 30797
21.667 30864
21.6718 13680
21.7455 13831
21.7479 13980
21.7503 14128
21.7527 14274
21.7868 14419
21.7891 14562
21.7915 14704
21.7939 14845
21.8276 14984
21.83 15122
21.8324 15259
21.8348 15394
21.8372 15528
21.8697 15661
21.8721 15793
21.8745 15924
21.8769 16054
21.8793 16183
21.9119 16311
21.9143 16438
21.9167 16564
21.9191 16689
21.9215 16813
21.9528 16936
21.9552 17058
21.9576 17179
21.96 17299
21.9623 17418
21.9938 17537
21.9962 17655
21.9985 17772
22.0009 17888
22.0033 18003
22.0057 18118
22.0362 18232
22.0386 18345
22.041 18458
22.0434 18570
22.0457 18681
22.0481 18792
22.0783 18902
22.0807 19011
22.0831 19120
22.0854 19228
22.0878 19335
22.0902 19442
22.1192 19548
22.1216 19654
22.1239 19759
22.1263 19863
22.1287 19967
22.1314 20070
22.1603 20173
22.1627 20275
22.1651 20377
22.1674 20478
22.1698 20579
22.1723 20679
22.2012 20779
22.2036 20878
22.2059 20977
22.2083 21075
22.2107 21173
22.2133 21270
22.2156 21367
22.2436 21464
22.246 21560
22.2484 21656
22.2508 21751
22.2532 21846
22.2555 21940
22.2579 22034
22.2857 22128
22.2881 22221
22.2905 22314
22.2928 22406
22.2952 22498
22.2976 22590
22.3 22681
22.3269 22772
22.3293 22863
22.3317 22953
22.3341 23043
22.3365 23132
22.3389 23221
22.3413 23310
22.3678 23398
22.3702 23486
22.3726 23574
22.375 23661
22.3774 23748
22.3798 23835
22.3823 23921
22.3851 24007
22.4102 24093
22.4126 24179
22.415 24264
22.4174 24349
22.4198 24434
22.4222 24518
22.4246 24602
22.4272 24686
22.4523 24769
22.4547 24852
22.4571 24935
22.4595 25018
22.4619 25100
22.4643 25182
22.4667 25264
22.469 25346
22.4935 25427
22.4959 25508
22.4983 25589
22.5007 25670
22.5031 25750
22.5055 25830
22.5079 25910
22.5103 25990
22.5348 26069
22.5372 26148
22.5396 26227
22.542 26306
22.5444 26384
22.5468 26462
22.5491 26540
22.5515 26618
22.5539 26695
22.5769 26772
22.5793 26849
22.5817 26926
22.5841 27003
22.5865 27079
22.5888 27155
22.5912 27231
22.5936 27307
22.596 27382
22.6193 27457
22.6217 27532
22.6241 27607
22.6265 27682
22.6289 27756
22.6313 27830
22.6337 27904
22.6361 27978
22.6384 28052
22.6602 28125
22.6626 28198
22.665 28271
22.6674 28344
22.6698 28417
22.6722 28489
22.6745 28561
22.6769 28633
22.6793 28705
22.7014 28777
22.7038 28849
22.7062 28920
22.7086 28991
22.711 29062
22.7134 29133
22.7158 29204
22.7182 29275
22.7206 29345
22.7423 29415
22.7447 29485
22.7471 29555
22.7495 29625
22.7519 29694
22.7543 29763
22.7567 29832
22.7591 29901
22.7615 29970
22.764 30039
22.7844 30108
22.7868 30176
22.7892 30244
22.7916 30312
22.794 30380
22.7964 30448
22.7988 30516
22.8011 30583
22.8035 30650
22.8065 30717
22.8265 30784
22.8292 30851
22.8316 30918
22.834 30985
22.8364 31051
22.8388 31117
22.8412 31183
22.8436 31249
22.846 31315
22.8484 31381
22.8674 31447
22.8725 31512
22.8749 31577
22.8773 31642
22.8797 31707
22.8821 31772
22.8845 31837
22.8869 31902
22.8892 31966
22.9086 32030
22.9137 32094
22.9161 32158
22.9185 32222
22.9209 32286
22.9233 32350
22.9257 32414
22.9281 32477
22.9305 32540
22.9329 32603
22.9353 32666
22.9506 32729
22.9558 32792
22.9582 32855
22.9606 32918
22.963 32980
22.9655 33042
22.9679 33104
22.9703 33166
22.9727 33228
22.9751 33290
22.9775 33352
22.9931 33414
22.998 33476
23.0004 33537
23.0028 33598
23.0052 33659
23.008 33720
23.0104 33781
23.0128 33842
23.0152 33903
23.0175 33964
23.0199 34025
23.034 34085
23.0389 34145
23.0413 34205
23.0437 34265
23.0461 34325
23.0489 34385
23.0513 34445
23.0537 34505
23.056 34565
23.0584 34624
23.0609 34683
23.0749 34742
23.0801 34801
23.0825 34860
23.0849 34919
23.0873 34978
23.0901 35037
23.0925 35096
23.0949 35155
23.0973 35213
23.0997 35271
23.1021 35329
23.1045 35387
23.117 35445
23.1222 35503
23.1246 35561
23.127 35619
23.1294 35677
23.1323 35735
23.1347 35793
23.1371 35850
23.1395 35907
23.1419 35964
23.1443 36021
23.1466 36078
23.1595 36135
23.1643 36192
23.1667 36249
23.1691 36306
23.1719 36363
23.1747 36420
23.1771 36476
23.1794 36532
23.1818 36588
23.1842 36644
23.1866 36700
23.189 36756
23.2004 36812
23.2052 36868
23.2076 36924
23.21 36980
23.2128 37036
23.2156 37091
23.2179 37146
23.2203 37201
23.2227 37256
23.2251 37311
23.2275 37366
23.2299 37421
23.2416 37476
23.2461 37531
23.2485 37586
23.2509 37641
23.254 37696
23.2568 37751
23.2592 37805
23.2616 37859
23.264 37913
23.2663 37967
23.2687 38021
23.2711 38075
23.2829 38129
23.2853 38183
23.2882 38237
23.2906 38291
23.293 38345
23.2961 38399
23.2989 38453
23.3013 38506
23.3036 38559
23.306 38612
23.3084 38665
23.311 38718
23.3134 38771
23.325 38824
23.3274 38877
23.3303 38930
23.3327 38983
23.3353 39036
23.3382 39089
23.3411 39142
23.3434 39194
23.3458 39246
23.3482 39298
23.3507 39350
23.353 39402
23.3555 39454
23.367 39506
23.3695 39558
23.3724 39610
23.3748 39662
23.3771 39714
23.3795 39766
23.3819 39818
23.3843 39870
23.3867 39922
23.3891 39973
23.3915 40024
23.3939 40075
23.3963 40126
23.4079 40177
23.4103 40228
23.4136 40279
23.416 40330
23.4184 40381
23.4208 40432
23.4232 40483
23.4256 40534
23.428 40585
23.4304 40636
23.4328 40687
23.4352 40737
23.4376 40787
23.4492 40837
23.4516 40887
23.4545 40937
23.4569 40987
23.4593 41037
23.4617 41087
23.4641 41137
23.4665 41187
23.4689 41237
23.4713 41287
23.4737 41337
23.4761 41387
23.4784 41437
23.4808 41487
23.4913 41536
23.4936 41585
23.4966 41634
23.499 41683
23.5014 41732
23.5037 41781
23.5065 41830
23.5089 41879
23.5113 41928
23.5137 41977
23.5161 42026
23.5185 42075
23.5209 42124
23.5233 42173
23.5333 42222
23.5357 42271
23.5387 42320
23.541 42368
23.5434 42416
23.5462 42464
23.5486 42512
23.551 42560
23.5534 42608
23.5558 42656
23.5582 42704
23.5626 19440
23.6319 19546
23.6343 19652
23.6367 19757
23.6391 19861
23.6415 19965
23.6439 20068
23.6728 20171
23.6752 20273
23.6776 20375
23.68 20476
23.6824 20577
23.6848 20677
23.7141 20777
23.7165 20876
23.7189 20975
23.7212 21073
23.7236 21171
23.726 21268
23.7284 21365
23.7562 21462
23.7585 21558
23.7609 21654
23.7633 21749
23.7657 21844
23.7681 21938
23.7705 22032
23.7986 22126
23.801 22219
23.8034 22312
23.8058 22404
23.8082 22496
23.8105 22588
23.8129 22679
23.8395 22770
23.8419 22861
23.8443 22951
23.8467 23041
23.849 23130
23.8514 23219
23.8538 23308
23.8807 23396
23.8831 23484
23.8855 23572
23.8879 23659
23.8903 23746
23.8927 23833
23.8951 23920
23.8975 24006
23.9228 24092
23.9252 24178
23.9276 24263
23.93 24348
23.9324 24433
23.9348 24517
23.9371 24601
23.9395 24685
23.965 24769
23.9674 24852
23.9698 24935
23.9721 25018
23.9745 25100
23.9769 25182
23.9793 25264
23.9817 25346
24.0059 25427
24.0083 25508
24.0106 25589
24.013 25670
24.0154 25750
24.0178 25830
24.0202 25910
24.0226 25990
24.0471 26069
24.0495 26148
24.0519 26227
24.0543 26306
24.0567 26384
24.059 26462
24.0614 26540
24.0638 26618
24.0662 26695
24.0895 26772
24.0919 26849
24.0943 26926
24.0967 27003
24.0991 27079
24.1015 27155
24.1039 27231
24.1063 27307
24.1086 27382
24.1316 27457
24.134 27532
24.1364 27607
24.1388 27682
24.1412 27756
24.1436 27830
24.1459 27904
24.1483 27978
24.1507 28052
24.1728 28125
24.1752 28198
24.1776 28271
24.18 28344
24.1824 28417
24.1848 28489
24.1872 28561
24.1896 28633
24.192 28705
24.2137 28777
24.2161 28849
24.2185 28920
24.2209 28991
24.2233 29062
24.2257 29133
24.2281 29204
24.2305 29275
24.2329 29345
24.255 29415
24.2574 29485
24.2597 29555
24.2621 29625
24.2645 29694
24.2669 29763
24.2693 29832
24.2717 29901
24.2741 29970
24.2765 30039
24.297 30108
24.2994 30176
24.3018 30244
24.3042 30312
24.3066 30380
24.309 30448
24.3114 30516
24.3138 30583
24.3162 30650
24.3188 30717
24.3395 30784
24.3419 30851
24.3443 30918
24.3466 30985
24.349 31051
24.3514 31117
24.3538 31183
24.3562 31249
24.3586 31315
24.361 31381
24.3804 31447
24.3828 31512
24.3851 31577
24.3875 31642
24.3899 31707
24.3923 31772
24.3947 31837
24.3971 31902
24.3999 31966
24.4023 32030
24.4216 32094
24.424 32158
24.4264 32222
24.4288 32286
24.4312 32350
24.4335 32414
24.4359 32477
24.4383 32540
24.4407 32603
24.4431 32666
24.4455 32729
24.4637 32792
24.4661 32855
24.4685 32918
24.4708 32980
24.4732 33042
24.4756 33104
24.478 33166
24.4804 33228
24.4828 33290
24.4852 33352
24.4876 33414
24.506 33476
24.5084 33537
24.5109 33598
24.5133 33659
24.5157 33720
24.5181 33781
24.5204 33842
24.5228 33903
24.5252 33964
24.5276 34025
24.53 34085
24.5469 34145
24.5493 34205
24.5518 34265
24.5542 34325
24.5566 34385
24.5589 34445
24.5637 34505
24.5661 34565
24.5685 34624
24.5709 34683
24.5882 34742
24.5906 34801
24.593 34860
24.5954 34919
24.5978 34978
24.6002 35037
24.6046 35096
24.607 35155
24.6094 35213
24.6118 35271
24.6142 35329
24.6166 35387
24.6303 35445
24.6326 35503
24.6351 35561
24.6375 35619
24.6399 35677
24.6423 35735
24.6468 35793
24.6492 35850
24.6516 35907
24.654 35964
24.6564 36021
24.6588 36078
24.6725 36135
24.6748 36192
24.6772 36249
24.6796 36306
24.682 36363
24.6844 36420
24.6889 36476
24.6913 36532
24.6937 36588
24.6961 36644
24.6984 36700
24.7008 36756
24.7133 36812
24.7157 36868
24.7181 36924
24.7205 36980
24.7229 37036
24.7253 37091
24.7298 37146
24.7322 37201
24.7346 37256
24.7369 37311
24.7393 37366
24.7417 37421
24.7543 37476
24.7567 37531
24.7591 37586
24.7615 37641
24.7639 37696
24.7663 37751
24.7707 37805
24.7731 37859
24.7754 37913
24.7778 37967
24.7802 38021
24.7826 38075
24.7952 38129
24.7976 38183
24.8 38237
24.8024 38291
24.8048 38345
24.8071 38399
24.8095 38453
24.8131 38506
24.8154 38559
24.8178 38612
24.8202 38665
24.8226 38718
24.825 38771
24.8373 38824
24.8399 38877
24.8423 38930
24.8447 38983
24.8471 39036
24.8495 39089
24.8519 39142
24.8551 39194
24.8575 39246
24.8599 39298
24.8623 39350
24.8647 39402
24.8671 39454
24.8794 39506
24.882 39558
24.8844 39610
24.8868 39662
24.8892 39714
24.8916 39766
24.894 39818
24.8964 39870
24.8988 39922
24.9011 39973
24.9035 40024
24.9059 40075
24.9083 40126
24.9203 40177
24.923 40228
24.9256 40279
24.928 40330
24.9304 40381
24.9328 40432
24.9352 40483
24.9376 40534
24.94 40585
24.9424 40636
24.9468 18720
25.017 18830
25.0194 18940
25.0218 19049
25.0242 19157
25.0266 19265
25.029 19372
25.0579 19479
25.0603 19585
25.0627 19690
25.0651 19795
25.0675 19899
25.0699 20003
25.0988 20106
25.1012 20209
25.1036 20311
25.106 20413
25.1084 20514
25.1108 20615
25.1397 20715
25.1421 20815
25.1445 20914
25.147 21013
25.1494 21111
25.1518 21209
25.1542 21306
25.1819 21403
25.1843 21499
25.1867 21595
25.1891 21691
25.1915 21786
25.1939 21881
25.1963 21975
25.224 22069
25.2264 22162
25.2288 22255
25.2312 22348
25.2336 22440
25.2359 22532
25.2383 22624
25.2649 22715
25.2673 22806
25.2697 22896
25.2721 22986
25.2745 23076
25.2769 23165
25.2793 23254
25.3058 23343
25.3082 23431
25.3106 23519
25.313 23607
25.3154 23694
25.3178 23781
25.3202 23868
25.3226 23954
25.348 24040
25.3504 24126
25.3528 24211
25.3552 24296
25.3576 24381
25.36 24466
25.3623 24550
25.3647 24634
25.3901 24718
25.3925 24801
25.3949 24884
25.3973 24967
25.3997 25050
25.402 25132
25.4045 25214
25.4068 25296
25.4311 25377
25.4337 25458
25.4361 25539
25.4385 25620
25.4409 25700
25.4433 25780
25.4457 25860
25.4481 25940
25.472 26019
25.4746 26098
25.477 26177
25.4794 26256
25.4818 26334
25.4842 26412
25.4866 26490
25.489 26568
25.4914 26646
25.5147 26723
25.5171 26800
25.5194 26877
25.5218 26954
25.5242 27030
25.5266 27106
25.529 27182
25.5314 27258
25.5338 27334
25.5567 27409
25.5591 27484
25.5615 27559
25.5639 27634
25.5663 27709
25.5687 27783
25.5711 27857
25.5735 27931
25.5759 28005
25.5989 28079
25.6013 28152
25.6037 28225
25.6061 28298
25.6085 28371
25.6109 28444
25.6133 28516
25.6157 28588
25.618 28660
25.6398 28732
25.6422 28804
25.6446 28875
25.647 28946
25.6494 29017
25.6518 29088
25.6542 29159
25.6566 29230
25.6589 29300
25.6809 29370
25.6833 29440
25.6857 29510
25.6881 29580
25.6905 29650
25.6929 29719
25.6952 29788
25.6976 29857
25.7 29926
25.7024 29995
25.723 30064
25.7254 30132
25.7278 30200
25.7302 30268
25.7325 30336
25.7361 30404
25.7385 13680
25.8135 13831
25.8159 13980
25.8183 14128
25.8207 14274
25.8547 14419
25.8571 14562
25.8595 14704
25.8619 14845
25.8956 14984
25.898 15122
25.9004 15259
25.9028 15394
25.9052 15528
25.938 15661
25.9404 15793
25.9428 15924
25.9464 16054
25.9793 6480
26.0301 6800
26.0614 7104
26.0721 7395
26.1035 7675
26.1142 7945
26.1444 8205
26.1551 8457
26.1854 8702
26.1962 8940
26.2263 9171
26.2287 9397
26.2383 9617
26.2688 9832
26.2711 10042
26.2807 10248
26.3112 10450
26.3136 10648
26.3227 10842
26.3521 11033
26.3545 11220
26.3638 11404
26.393 11585
26.3954 11763
26.4047 11939
26.434 12112
26.4363 12283
26.4387 12451
26.4467 12617
26.476 12781
26.4784 12943
26.481 13103
26.4888 13261
26.5182 13417
26.5206 13571
26.5231 13723
26.5297 13874
26.5591 14023
26.5615 14170
26.5641 14316
26.5706 14460
26.6001 14603
26.6025 14744
26.605 14884
26.6115 15023
26.6139 15161
26.6422 15297
26.6447 15432
26.6471 15566
26.6536 15699
26.6562 15831
26.6843 15961
26.6872 16090
26.6896 16218
26.6957 16345
26.6983 16471
26.7264 16596
26.729 16720
26.7314 16844
26.7369 16967
26.7393 17089
26.7674 17210
26.7699 17330
26.7723 17449
26.7778 17567
26.7802 17685
26.8083 17802
26.8108 17918
26.8133 18033
26.8156 18147
26.82 18261
26.8224 18374
26.8504 18486
26.8529 18598
26.8554 18709
26.8578 18819
26.8621 18929
26.8644 19038
26.8924 19146
26.8951 19254
26.8975 19361
26.8999 19468
26.9031 19574
26.9055 19679
26.9333 19784
26.936 19888
26.9384 19992
26.9408 20095
26.944 20198
26.9464 20300
26.9742 20402
26.9769 20503
26.9793 20604
26.9817 20704
26.9848 20804
26.9872 20903
26.9898 21002
27.0163 21100
27.0191 21198
27.0215 21295
27.0239 21392
27.0269 21488
27.0293 21584
27.0319 21680
27.0584 21775
27.0612 21870
27.0636 21964
27.066 22058
27.069 22152
27.0714 22245
27.0741 22338
27.0993 22430
27.1022 22522
27.1046 22614
27.1069 22705
27.1099 22796
27.1123 22886
27.115 22976
27.1402 23066
27.1431 23155
27.1455 23244
27.1478 23333
27.1508 23421
27.1532 23509
27.1562 23597
27.1812 23684
27.1837 23771
27.1861 23858
27.1884 23944
27.1908 24030
27.1932 24116
27.1956 24201
27.1983 24286
27.2233 24371
27.2257 24456
27.2309 24540
27.2333 24624
27.2357 24708
27.2381 24791
27.2404 24874
27.2654 24957
27.2682 25040
27.2733 25122
27.2757 25204
27.2781 25286
27.2805 25368
27.2828 25449
27.2852 25530
27.3063 25611
27.3091 25691
27.3142 25771
27.3168 25851
27.3192 25931
27.3216 26010
27.324 26089
27.3264 26168
27.3476 26247
27.3502 26326
27.3551 26404
27.3579 26482
27.3603 26560
27.3627 26638
27.3651 26715
27.3675 26792
27.3699 26869
27.3897 26946
27.3923 27022
27.3974 27098
27.4001 27174
27.4025 27250
27.4049 27326
27.4073 27401
27.4097 27476
27.4121 27551
27.4318 27626
27.4346 27701
27.4394 27775
27.4422 27849
27.4446 27923
27.447 27997
27.4494 28071
27.4518 28144
27.4543 28217
27.4727 28290
27.4759 28363
27.4803 28436
27.4831 28508
27.4855 28580
27.4879 28652
27.4903 28724
27.4927 28796
27.4956 28868
27.5136 28939
27.5168 29010
27.5216 29081
27.524 29152
27.5264 29223
27.5288 29293
27.5312 29363
27.5336 29433
27.5364 29503
27.5389 29573
27.5626 13680
27.6182 13831
27.6207 13980
27.6375 14128
27.6432 14274
27.6591 14419
27.6616 14562
27.6784 14704
27.6841 14845
27.7 14984
27.7024 15122
27.705 15259
27.7205 15394
27.7263 15528
27.7421 15661
27.7445 15793
27.7471 15924
27.7626 16054
27.7684 16183
27.7842 16311
27.7869 16438
27.7893 16564
27.8034 16689
27.8093 16813
27.8251 16936
27.8278 17058
27.8302 17179
27.8443 17299
27.8502 17418
27.866 17537
27.8687 17655
27.8711 17772
27.8852 17888
27.8876 18003
27.8924 18118
27.9081 18232
27.9108 18345
27.9133 18458
27.9273 18570
27.9297 18681
27.9345 18792
27.9501 18902
27.953 19011
27.9558 19120
27.9695 19228
27.9719 19335
27.9766 19442
27.991 19548
27.9939 19654
27.9967 19759
28.0131 19863
28.0179 19967
28.0319 20070
28.0348 20173
28.0376 20275
28.054 20377
28.0564 20478
28.0588 20579
28.0728 20679
28.0757 20779
28.0782 20878
28.0806 20977
28.0961 21075
28.0985 21173
28.1009 21270
28.1151 21367
28.1177 21464
28.1206 21560
28.123 21656
28.1382 21751
28.1406 21846
28.143 21940
28.1571 22034
28.1601 22128
28.1631 22221
28.1655 22314
28.1792 22406
28.1816 22498
28.1983 9360
28.2635 9581
28.2658 9797
28.2801 10008
28.3055 10215
28.3083 10417
28.3222 10616
28.3476 10811
28.35 11002
28.3633 11190
28.3886 11375
28.391 11557
28.4042 11736
28.4295 11912
28.4319 12086
28.4343 12257
28.4463 12426
28.4716 12592
28.4744 12756
28.4767 12918
28.4884 13078
28.5137 13236
28.5164 13392
28.5188 13546
28.5305 13699
28.5547 13850
28.5574 13999
28.5598 14147
28.5714 14293
28.5956 14438
28.5983 14581
28.6007 14723
28.6124 14863
28.6365 15002
28.6389 15140
28.6413 15276
28.6437 15411
28.6545 15545
28.6786 15678
28.681 15810
28.6835 15941
28.6859 16071
28.6966 16200
28.7208 16328
28.7235 16454
28.7259 16580
28.7283 16705
28.7375 16829
28.7617 16952
28.7644 17074
28.7668 17195
28.7692 17315
28.7785 17434
28.8029 17552
28.8054 17670
28.8078 17787
28.8102 17903
28.8126 18018
28.8206 18133
28.8449 18247
28.8475 18360
28.8499 18472
28.8523 18584
28.8546 18695
28.8628 18805
28.8873 18915
28.8896 19024
28.892 19132
28.8944 19240
28.8968 19347
28.9048 19454
28.9281 19560
28.9305 19666
28.9329 19771
28.9353 19875
28.9377 19979
28.9458 20082
28.9691 20185
28.9715 20287
28.9739 20389
28.9763 20490
28.9787 20591
28.9867 20691
29.01 20791
29.0124 20890
29.0148 20989
29.0172 21087
29.0196 21185
29.022 21282
29.0288 21379
29.0524 21475
29.0548 21571
29.0585 21667
29.0609 9360
29.1403 9581
29.1427 9797
29.1451 10008
29.1824 10215
29.1848 10417
29.1872 10616
29.2248 10811
29.2272 11002
29.2296 11190
29.266 11375
29.2684 11557
29.2708 11736
29.3093 11912
29.3117 12086
29.3141 12257
29.3514 12426
29.3538 12592
29.3562 12756
29.3589 12918
29.3935 13078
29.3959 13236
29.3983 13392
29.4011 13546
29.4356 13699
29.438 13850
29.4404 13999
29.4427 14147
29.4765 14293
29.4789 14438
29.4812 14581
29.4836 14723
29.5173 14863
29.5197 15002
29.5221 15140
29.5246 15276
29.527 15411
29.5595 15545
29.5619 15678
29.5642 15810
29.5667 15941
29.5691 16071
29.6015 16200
29.6039 16328
29.6065 16454
29.6089 16580
29.6113 16705
29.6425 16829
29.6449 16952
29.6474 17074
29.6497 17195
29.6521 17315
29.6834 17434
29.6858 17552
29.6883 17670
29.6907 17787
29.6931 17903
29.6955 18018
29.7256 18133
29.728 18247
29.7304 18360
29.7328 18472
29.7352 18584
29.7376 18695
29.7677 18805
29.7702 18915
29.7726 19024
29.775 19132
29.7774 19240
29.7798 19347
29.8098 19454
29.8122 19560
29.8146 19666
29.817 19771
29.8194 19875
29.8218 19979
29.851 20082
29.8534 20185
29.8558 20287
29.8582 20389
29.8606 20490
29.863 20591
29.8922 20691
29.8946 20791
29.897 20890
29.8994 20989
29.9018 21087
29.9042 21185
29.9066 21282
29.9343 21379
29.9367 21475
29.9391 21571
29.9415 21667
29.9439 21762
29.9463 21857
29.9487 21951
29.9767 22045
29.9791 22139
29.9815 22232
29.9839 22325
29.9863 22417
29.9887 22509
29.9911 22601
30.0176 22692
30.02 22783
30.0224 22874
30.0248 22964
30.0272 23054
30.0296 23143
30.032 23232
30.0589 23321
30.0613 23409
30.0636 23497
30.066 23585
30.0684 23672
30.0708 23759
30.0732 23846
30.0756 23932
