0.230388 1
0.363321 1441
0.497406 4321
0.631852 7201
0.764741 10081
0.767132 12961
0.898826 15841
0.901216 18721
0.903607 21601
1.03291 24481
1.0353 27361
1.03769 30241
1.04008 33121
1.16611 36001
1.1685 38881
1.17089 41761
1.17328 44641
1.17567 47521
1.17806 50401
1.299 53281
1.30139 56161
1.30378 59041
1.30617 61921
1.30856 64801
1.31095 67681
1.31334 70561
1.31573 73441
1.31812 76321
1.43188 79201
1.43428 82081
1.43667 84961
1.43906 87841
1.44145 90721
1.44384 93601
1.44623 96481
1.44862 99361
1.45101 102241
1.4534 105121
1.45579 108001
1.45818 110881
1.46057 113761
1.46296 116641
1.56597 119521
1.56836 122401
1.57075 125281
1.57314 128161
1.57553 131041
1.57792 133921
1.58031 136801
1.5827 139681
1.58509 142561
1.58748 145441
1.58987 148321
1.59226 151201
1.59465 154081
1.59704 156961
1.59944 159841
1.60183 162721
1.60422 165601
1.60661 168481
1.609 171361
1.61139 174241
1.61378 177121
1.70036 180001
1.70275 182881
1.70514 185761
1.70753 188641
1.70992 191521
1.71231 194401
1.7147 197281
1.71709 200161
1.71948 203041
1.72187 205921
1.72426 208801
1.72665 211681
1.72904 214561
1.73143 217441
1.73383 220321
1.73622 223201
1.73861 226081
1.741 228961
1.74339 231841
1.74578 234721
1.74817 237601
1.75056 240481
1.75295 243361
1.75534 246241
1.75773 249121
1.76012 252001
1.76251 254881
1.7649 257761
1.76729 260641
1.76968 263521
1.77207 266401
1.83325 269281
1.83564 272161
1.83803 275041
1.84042 277921
1.84281 280801
1.8452 283681
1.84759 286561
1.84998 289441
1.85237 292321
1.85476 295201
1.85715 298081
1.85954 300961
1.86193 303841
1.86432 306721
1.86671 309601
1.86911 312481
1.8715 315361
1.87389 318241
1.87628 321121
1.87867 324001
1.88106 326881
1.88345 329761
1.88584 332641
1.88823 335521
1.89062 338401
1.89301 341281
1.8954 344161
1.89779 347041
1.90018 349921
1.90257 352801
1.90496 355681
1.90735 358561
1.90974 361441
1.91213 364321
1.91452 367201
1.91691 370081
1.9193 372961
1.92169 375841
1.92408 378721
1.92647 381601
1.92887 384481
1.93126 387361
1.93365 390241
1.93604 393121
1.93843 396001
1.94082 398881
1.94321 401761
1.96769 404641
1.97008 407521
1.97247 410401
1.97486 413281
1.97725 416161
1.97964 419041
1.98203 421921
1.98442 424801
1.98681 427681
1.9892 430561
1.99159 433441
1.99398 436321
1.99637 439201
1.99876 442081
2.00115 444961
2.00354 447841
2.00593 450721
2.00832 453601
2.01071 456481
2.0131 459361
2.01549 462241
2.01788 465121
2.02027 468001
2.02267 470881
2.02506 473761
2.02745 476641
2.02984 479521
2.03223 482401
2.03462 485281
2.03701 488161
2.0394 491041
2.04179 493921
2.04418 496801
2.04657 499681
2.04896 502561
2.05135 505441
2.05374 508321
2.05613 511201
2.05852 514081
2.06091 516961
2.0633 519841
2.06569 522721
2.06808 525601
2.07047 528481
2.07286 531361
2.07525 534241
2.07764 537121
2.08003 540001
2.08242 542881
2.08482 545761
2.08721 548641
2.0896 551521
2.09199 554401
2.09438 557281
2.09677 560161
2.09916 563041
2.10155 565921
2.10394 568801
2.10633 571681
2.10872 574561
2.11111 577441
2.1135 580321
2.11589 583201
2.11828 586081
2.12067 588961
2.12306 591841
2.12545 594721
2.12784 597601
2.13023 600481
2.13262 603361
2.13501 606241
2.1374 609121
2.13979 612001
2.14219 614881
2.14458 617761
2.14697 620641
2.14936 623521
2.15175 626401
2.15414 629281
2.15653 632161
2.15892 635041
2.16131 637921
2.1637 640801
2.16609 643681
2.16848 646561
2.17087 649441
2.17326 652321
2.17565 655201
2.17804 658081
2.18043 660961
2.18282 663841
2.18521 666721
2.1876 669601
2.18999 672481
2.19238 675361
2.19477 678241
2.19716 681121
2.19955 684001
2.20195 686881
2.20434 689761
2.20673 692641
2.20912 695521
2.21151 698401
2.2139 701281
2.21629 704161
2.21868 707041
2.22107 709921
2.22346 712801
2.22585 715681
2.22824 718561
2.23063 721441
2.23302 724321
2.23541 727201
2.2378 730081
2.24019 732961
2.24258 735841
2.24497 738721
2.24736 741601
2.24975 744481
2.25214 747361
2.25453 750241
2.25692 753121
2.25931 756001
2.2617 758881
2.2641 761761
2.26649 764641
2.26888 767521
2.27127 770401
2.27366 773281
2.27605 776161
2.27844 779041
2.28083 781921
2.28322 784801
2.28561 787681
2.288 790561
2.2904 792001
2.61702 914401
2.61821 976321
2.61941 1045441
2.66003 1105921
2.71021 1160641
2.75534 1344961
2.92046 1543681
2.92285 1546561
2.92524 1549441
2.92763 1552321
2.98026 1555201
2.98265 1558081
2.98504 1560961
2.98743 1563841
2.98982 1566721
2.99221 1569601
2.9948 1572481
2.99719 1575361
2.99958 1578241
3.00197 1581121
3.00436 1584001
3.00675 1586881
3.00914 1589761
3.01273 1592641
3.01512 1595521
3.01751 1598401
3.0199 1601281
3.02229 1604161
3.02468 1607041
3.02707 1609921
3.02946 1612801
3.03185 1615681
3.03424 1618561
3.03663 1621441
3.03902 1624321
3.04141 1627201
3.04397 1630081
3.04636 1632961
3.04875 1635841
3.05114 1638721
3.05353 1641601
3.05711 1644481
3.0595 1647361
3.06189 1650241
3.11434 1653121
3.11673 1656001
3.11912 1658881
3.12151 1661761
3.1239 1664641
3.12629 1667521
3.12889 1670401
3.13128 1673281
3.13367 1676161
3.13606 1679041
3.13845 1681921
3.14084 1684801
3.14323 1687681
3.14681 1690561
3.1492 1693441
3.15159 1696321
3.15398 1699201
3.15638 1702081
3.15877 1704961
3.16116 1707841
3.16355 1710721
3.16594 1713601
3.16833 1716481
3.17072 1719361
3.17311 1722241
3.1755 1725121
3.17805 1728001
3.18044 1730881
3.18283 1733761
3.18522 1736641
3.18761 1739521
3.1912 1742401
3.19359 1745281
3.19598 1748161
3.24862 1751041
3.25101 1753921
3.2534 1756801
3.25581 1759681
3.2582 1762561
3.26059 1765441
3.26298 1768321
3.26537 1771201
3.26776 1774081
3.27015 1776961
3.27254 1779841
3.27493 1782721
3.27732 1785601
3.28117 1788481
3.28356 1791361
3.28595 1794241
3.28834 1797121
3.29073 1800001
3.29312 1802881
3.29551 1805761
3.2979 1808641
3.30029 1811521
3.3027 1814401
3.30509 1817281
3.30748 1820161
3.30987 1823041
3.31226 1825921
3.31465 1828801
3.31704 1831681
3.31943 1834561
3.32182 1837441
3.32528 1840321
3.32767 1843201
3.33045 1846081
3.38271 1848961
3.3851 1851841
3.38749 1854721
3.38988 1857601
3.39227 1860481
3.39496 1863361
3.39735 1866241
3.39974 1869121
3.40213 1872001
3.40452 1874881
3.40691 1877761
3.4093 1880641
3.41169 1883521
3.41408 1886401
3.41647 1889281
3.41886 1892161
3.42125 1895041
3.42364 1897921
3.42603 1900801
3.42842 1903681
3.43081 1906561
3.4332 1909441
3.43559 1912321
3.43798 1915201
3.44037 1918081
3.44276 1920961
3.44543 1923841
3.44782 1926721
3.45021 1929601
3.4526 1932481
3.45499 1935361
3.45858 1938241
3.46097 1941121
3.46336 1944001
3.5156 1946881
3.51822 1949761
3.52061 1952641
3.523 1955521
3.52539 1958401
3.52785 1961281
3.53024 1964161
3.53263 1967041
3.53502 1969921
3.53741 1972801
3.5398 1975681
3.54219 1978561
3.54458 1981441
3.54697 1984321
3.54936 1987201
3.55175 1990081
3.55535 1991521
3.69214 2095201
3.78708 2098081
3.78947 2100961
3.79186 2103841
3.79425 2106721
3.79664 2109601
3.79903 2112481
3.80142 2115361
3.80381 2118241
3.80621 2121121
3.8086 2124001
3.81099 2126881
3.81338 2129761
3.81577 2132641
3.81816 2135521
3.82055 2138401
3.82294 2141281
3.82533 2144161
3.92122 2147041
3.92361 2149921
3.926 2152801
3.92845 2155681
3.93084 2158561
3.93323 2161441
3.93569 2164321
3.93809 2167201
3.94048 2170081
3.94287 2172961
3.94526 2175841
3.94779 2178721
3.95018 2181601
3.95257 2184481
3.95496 2187361
3.95735 2190241
3.95974 2193121
4.0553 2196001
4.05769 2198881
4.06008 2201761
4.06253 2204641
4.06492 2207521
4.06731 2210401
4.06977 2213281
4.07218 2216161
4.07457 2219041
4.07696 2221921
4.07935 2224801
4.08187 2227681
4.08426 2230561
4.08665 2233441
4.08904 2236321
4.09143 2239201
4.09382 2242081
4.18959 2244961
4.19198 2247841
4.19438 2250721
4.19677 2253601
4.19916 2256481
4.20155 2259361
4.20394 2262241
4.20633 2265121
4.20872 2268001
4.21111 2270881
4.2135 2273761
4.21589 2276641
4.21828 2279521
4.22067 2282401
4.22306 2285281
4.22545 2288161
4.22784 2291041
4.32248 2293921
4.32487 2296801
4.32726 2299681
4.32966 2302561
4.33205 2305441
4.33444 2308321
4.33683 2311201
4.33922 2314081
4.34161 2316961
4.344 2319841
4.34639 2322721
4.34878 2325601
4.35117 2328481
4.35356 2331361
4.35595 2334241
4.35834 2337121
4.36073 2340001
4.45537 2342881
4.45794 2345761
4.59562 2400481
4.61953 2403361
4.62192 2406241
4.62431 2409121
4.6267 2412001
4.62909 2414881
4.72236 2417761
4.72528 2420641
4.72767 2423521
4.75276 2426401
4.75515 2429281
4.75754 2432161
4.75993 2435041
4.76232 2437921
4.85554 2440801
4.85817 2443681
4.86056 2446561
4.88565 2449441
4.88804 2452321
4.89043 2455201
4.89282 2458081
4.89521 2460961
4.98862 2463841
4.99106 2466721
4.99345 2469601
5.01853 2472481
5.02093 2475361
5.02332 2478241
5.02571 2481121
5.0281 2484001
5.03049 2486881
5.1227 2489761
5.12514 2492641
5.12753 2495521
5.15262 2498401
5.15501 2501281
5.1574 2504161
5.15979 2507041
5.16218 2509921
5.16457 2512801
5.2571 2515681
5.25949 2518561
5.26188 2521441
5.2867 2524321
5.28909 2527201
5.29149 2530081
5.29388 2532961
5.29627 2535841
5.29866 2538721
5.38999 2541601
5.39238 2544481
5.39477 2547361
5.41959 2550241
5.42198 2553121
5.42437 2556001
5.42677 2558881
5.42916 2561761
5.43155 2564641
5.52288 2567521
5.52527 2570401
5.52793 2573281
5.55248 2576161
5.55487 2579041
5.55726 2581921
5.55965 2584801
5.56205 2587681
5.56444 2590561
5.56683 2593441
5.65697 2596321
5.65936 2599201
5.66201 2602081
5.68679 2604961
5.68918 2607841
5.69157 2610721
5.69396 2613601
5.69635 2616481
5.69874 2619361
5.70113 2622241
5.79133 2625121
5.79372 2628001
5.79611 2630881
5.82088 2633761
5.82327 2636641
5.82566 2639521
5.82805 2642401
5.83044 2645281
5.83283 2648161
5.83522 2651041
5.92422 2653921
5.92661 2656801
5.929 2659681
5.95377 2662561
5.95628 2665441
5.95867 2668321
5.96106 2671201
5.96354 2674081
5.96593 2676961
5.96832 2679841
6.05723 2682721
6.05971 2685601
6.0621 2688481
6.08665 2691361
6.08917 2694241
6.22686 2728801
6.32909 2731681
6.35259 2734561
6.35498 2737441
6.35737 2740321
6.35976 2743201
6.46317 2746081
6.48668 2748961
6.48907 2751841
6.49146 2754721
6.49385 2757601
6.59726 2760481
6.62077 2763361
6.62316 2766241
6.62555 2769121
6.62794 2772001
6.73134 2774881
6.75366 2777761
6.75605 2780641
6.75844 2783521
6.76083 2786401
6.86423 2789281
6.88655 2792161
6.88894 2795041
6.89133 2797921
6.89372 2800801
6.99712 2803681
7.01944 2806561
7.02183 2809441
7.02422 2812321
7.02661 2815201
7.029 2818081
7.1312 2820961
7.15352 2823841
7.15591 2826721
7.1583 2829601
7.16069 2832481
7.16308 2835361
7.26558 2838241
7.28761 2841121
7.29 2844001
7.29239 2846881
7.29478 2849761
7.29717 2852641
7.39847 2855521
7.42049 2858401
7.42289 2861281
7.42528 2864161
7.42767 2867041
7.43006 2869921
7.53136 2872801
7.55362 2875681
7.55601 2878561
7.5584 2881441
7.56079 2884321
7.56318 2887201
7.56557 2890081
7.66544 2892961
7.68771 2895841
7.6901 2898721
7.69249 2901601
7.69488 2904481
7.69727 2907361
7.69966 2910241
7.79953 2913121
7.82179 2916001
7.82428 2918881
7.82667 2921761
7.82906 2924641
7.83145 2927521
7.83384 2930401
7.93242 2933281
7.95468 2936161
7.95717 2939041
7.95956 2941921
7.96195 2944801
7.96434 2947681
7.96673 2950561
8.06531 2953441
8.0876 2956321
8.09006 2959201
8.09245 2962081
8.09484 2964961
8.09723 2967841
8.09962 2970721
8.1982 2973601
8.22049 2976481
8.22288 2979361
8.22527 2982241
8.22766 2985121
8.23005 2988001
8.23244 2990881
8.23483 2993761
8.33228 2996641
8.35461 2999521
8.357 3002401
8.35939 3005281
8.36178 3008161
8.36435 3011041
8.36674 3013921
8.36913 3016801
8.46637 3019681
8.4887 3022561
8.49109 3025441
8.49348 3028321
8.49587 3031201
8.49826 3034081
8.50065 3036961
8.50304 3039841
8.59926 3042721
8.62159 3045601
8.62398 3048481
8.62637 3051361
8.62876 3054241
8.63115 3057121
8.63375 3060001
8.63614 3062881
8.73231 3065761
8.75448 3068641
8.75687 3071521
8.75926 3074401
8.76165 3077281
8.76404 3080161
8.76643 3083041
8.76882 3085921
8.77121 3088801
8.86639 3091681
8.88856 3094561
8.89095 3097441
8.89334 3100321
8.89573 3103201
8.89812 3106081
8.90051 3108961
8.9029 3111841
8.90529 3114721
9.00048 3117601
9.02265 3120481
9.02504 3123361
9.02743 3126241
9.02982 3129121
9.03221 3132001
9.0346 3134881
9.03699 3137761
9.03938 3140641
9.13337 3143521
9.15562 3146401
9.15802 3149281
9.16041 3152161
9.1628 3155041
9.16531 3157921
9.1677 3160801
9.17009 3163681
9.17248 3166561
9.26626 3169441
9.28851 3172321
9.2909 3175201
9.2933 3178081
9.29569 3180961
9.2982 3183841
9.30059 3186721
9.30298 3189601
9.30537 3192481
9.30776 3195361
9.40034 3198241
9.4226 3201121
9.42499 3204001
9.42738 3206881
9.42977 3209761
9.43228 3212641
9.43467 3215521
9.43706 3218401
9.43945 3221281
9.44184 3224161
9.53443 3227041
9.55686 3229921
9.55925 3232801
9.56164 3235681
9.56403 3238561
9.56648 3241441
9.56888 3244321
9.57127 3247201
9.57366 3250081
9.57605 3252961
9.66732 3255841
9.68975 3258721
9.69214 3261601
9.69453 3264481
9.69692 3267361
9.69937 3270241
9.70176 3273121
9.70416 3276001
9.70655 3278881
9.70894 3281761
9.80021 3284641
9.82264 3287521
9.82503 3290401
9.82742 3293281
9.82981 3296161
9.83226 3299041
9.8348 3301921
9.83719 3304801
9.83958 3307681
9.84197 3310561
9.93336 3313441
9.93575 3316321
9.95673 3319201
9.95912 3322081
9.96151 3324961
9.9639 3327841
9.96635 3330721
9.96889 3333601
9.97128 3336481
9.97367 3339361
9.97606 3342241
10.0674 3345121
10.0698 3348001
10.0911 3350881
10.0935 3353761
10.0959 3356641
10.0983 3359521
10.1007 3362401
10.1031 3365281
10.1054 3368161
10.1078 3371041
10.1102 3373921
10.2016 3376801
10.204 3379681
10.2252 3382561
10.2276 3385441
10.23 3388321
10.2324 3391201
10.2347 3394081
10.2371 3396961
10.2395 3399841
10.2419 3402721
10.2443 3405601
10.3345 3408481
10.3369 3411361
10.3582 3414241
10.3606 3417121
10.363 3420001
10.3654 3422881
10.3678 3425761
10.3702 3428641
10.3726 3431521
10.375 3434401
10.3774 3437281
10.4675 3440161
10.4699 3443041
10.4911 3445921
10.4935 3448801
10.4959 3451681
10.4982 3454561
10.5006 3457441
10.503 3460321
10.5054 3463201
10.5078 3466081
10.5102 3468961
10.5126 3471841
10.6016 3474721
10.604 3477601
10.6252 3480481
10.6275 3483361
10.6299 3486241
10.6323 3489121
10.6347 3492001
10.6371 3494881
10.6397 3497761
10.6421 3500641
10.6445 3503521
10.6469 3506401
10.7362 3509281
10.7386 3512161
10.7592 3515041
10.7616 3517921
10.764 3520801
10.7664 3523681
10.7688 3526561
10.7712 3529441
10.7736 3532321
10.776 3535201
10.7784 3538081
10.7808 3540961
10.8691 3543841
10.8715 3546721
10.8924 3549601
10.8948 3552481
10.8972 3555361
10.8996 3558241
10.902 3561121
10.9044 3564001
10.9068 3566881
10.9092 3569761
10.9119 3572641
10.9143 3575521
11.002 3578401
11.0044 3581281
11.0253 3584161
11.0277 3587041
11.0301 3589921
11.0325 3592801
11.0349 3595681
11.0373 3598561
11.0397 3601441
11.0421 3604321
11.0445 3607201
11.0468 3610081
11.0492 3612961
11.1361 3615841
11.1385 3618721
11.1594 3621601
11.1619 3624481
11.1643 3627361
11.1667 3630241
11.1692 3633121
11.1716 3636001
11.174 3638881
11.1764 3641761
11.1788 3644641
11.1812 3647521
11.1836 3650401
11.2705 3653281
11.2729 3656161
11.2935 3659041
11.296 3661921
11.2984 3664801
11.3008 3667681
11.3033 3670561
11.3057 3673441
11.3081 3676321
11.3105 3679201
11.3129 3682081
11.3153 3684961
11.3176 3687841
11.4034 3690721
11.4058 3693601
11.4264 3696481
11.4289 3699361
11.4313 3702241
11.4337 3705121
11.4362 3708001
11.4386 3710881
11.441 3713761
11.4434 3716641
11.4459 3719521
11.4483 3722401
11.4507 3725281
11.5363 3728161
11.5387 3731041
11.5593 3733921
11.5618 3736801
11.5642 3739681
11.5666 3742561
11.5691 3745441
11.5715 3748321
11.5739 3751201
11.5762 3754081
11.5788 3756961
11.5812 3759841
11.5836 3762721
11.586 3765601
11.6704 3768481
11.6727 3771361
11.6934 3774241
11.6959 3777121
11.6983 3780001
11.7007 3782881
11.7031 3785761
11.7055 3788641
11.7079 3791521
11.7103 3794401
11.7129 3797281
11.7153 3800161
11.7177 3803041
11.7201 3805921
11.8044 3808801
11.8068 3811681
11.8274 3814561
11.83 3817441
11.8324 3820321
11.8347 3823201
11.8372 3826081
11.8396 3828961
11.842 3831841
11.8444 3834721
11.847 3837601
11.8494 3840481
11.8518 3843361
11.8542 3846241
11.9377 3849121
11.9401 3852001
11.9603 3854881
11.9628 3857761
11.9652 3860641
11.9678 3863521
11.9702 3866401
11.9726 3869281
11.975 3872161
11.9774 3875041
11.9799 3877921
11.9823 3880801
11.985 3883681
11.9874 3886561
12.0706 3889441
12.073 3892321
12.0932 3895201
12.0957 3898081
12.0981 3900961
12.1007 3903841
12.1031 3906721
12.1055 3909601
12.1079 3912481
12.1103 3915361
12.1128 3918241
12.1152 3921121
12.1181 3924001
12.1205 3926881
12.2035 3929761
12.2061 3932641
12.2086 3935521
12.2273 3938401
12.2298 3941281
12.2322 3944161
12.2348 3947041
12.2372 3949921
12.2396 3952801
12.242 3955681
12.2444 3958561
12.2469 3961441
12.2493 3964321
12.2522 3967201
12.2545 3970081
12.3375 3972961
12.3401 3975841
12.3426 3978721
12.3618 3981601
12.3642 3984481
12.3666 3987361
12.3689 3990241
12.3713 3993121
12.3737 3996001
12.3761 3998881
12.3785 4001761
12.381 4004641
12.3833 4007521
12.3862 4010401
12.3886 4013281
12.4716 4016161
12.4742 4019041
12.4767 4021921
12.4947 4024801
12.4971 4027681
12.4995 4030561
12.5018 4033441
12.5042 4036321
12.5066 4039201
12.509 4042081
12.5114 4044961
12.5138 4047841
12.5162 4050721
12.5197 4053601
12.5221 4056481
12.6048 4059361
12.6072 4062241
12.6096 4065121
12.6276 4068001
12.63 4070881
12.6323 4073761
12.6347 4076641
12.6371 4079521
12.6395 4082401
12.6419 4085281
12.6443 4088161
12.6467 4091041
12.6491 4093921
12.6526 4096801
12.655 4099681
12.7377 4102561
12.7401 4105441
12.7425 4108321
12.7605 4111201
12.7628 4114081
12.7652 4116961
12.7676 4119841
12.77 4122721
12.7724 4125601
12.775 4128481
12.7774 4131361
12.7798 4134241
12.7822 4137121
12.7846 4140001
12.787 4142881
12.7893 4145761
12.8718 4148641
12.8742 4151521
12.8766 4154401
12.8945 4157281
12.8969 4160161
12.8993 4163041
12.9017 4165921
12.9041 4168801
12.9065 4171681
12.9091 4174561
12.9115 4177441
12.9139 4180321
12.9163 4183201
12.9186 4186081
12.921 4188961
12.9234 4191841
13.0058 4194721
13.0082 4197601
13.0107 4200481
13.0288 4203361
13.0312 4206241
13.0336 4209121
13.036 4212001
13.0384 4214881
13.0408 4217761
13.0432 4220641
13.0455 4223521
13.0479 4226401
13.0503 4229281
13.0527 4232161
13.0551 4235041
13.0575 4237921
13.1387 4240801
13.1411 4243681
13.1436 4246561
13.1617 4249441
13.1641 4252321
13.1665 4255201
13.1689 4258081
13.1713 4260961
13.1737 4263841
13.176 4266721
13.1784 4269601
13.1808 4272481
13.1832 4275361
13.1856 4278241
13.188 4281121
13.1904 4284001
13.2716 4286881
13.274 4289761
13.2765 4292641
13.2946 4295521
13.297 4298401
13.2997 4301281
13.3021 4304161
13.3045 4307041
13.3069 4309921
13.3093 4312801
13.3117 4315681
13.3141 4318561
13.3165 4321441
13.3189 4324321
13.3213 4327201
13.3236 4330081
13.326 4332961
13.4061 4335841
13.4085 4338721
13.4109 4341601
13.4287 4344481
13.4311 4347361
13.434 4350241
13.4364 4353121
13.4388 4356001
13.4412 4358881
13.4436 4361761
13.446 4364641
13.4484 4367521
13.4507 4370401
13.4531 4373281
13.4555 4376161
13.4579 4379041
13.4603 4381921
13.5403 4384801
13.5427 4387681
13.5451 4390561
13.5628 4393441
13.5651 4396321
13.5681 4399201
13.7058 4452481
13.8061 4455361
13.8085 4458241
13.8109 4461121
13.8286 4464001
13.8309 4466881
13.8339 4469761
13.8363 4472641
13.8387 4475521
13.9402 4478401
13.9426 4481281
13.945 4484161
13.9626 4487041
13.965 4489921
13.968 4492801
13.9704 4495681
13.9728 4498561
14.0745 4501441
14.0769 4504321
14.0793 4507201
14.0955 4510081
14.0979 4512961
14.1009 4515841
14.1033 4518721
14.1057 4521601
14.2074 4524481
14.2098 4527361
14.2122 4530241
14.2284 4533121
14.2308 4536001
14.2338 4538881
14.2362 4541761
14.2386 4544641
14.3403 4547521
14.3427 4550401
14.3451 4553281
14.3475 4556161
14.3625 4559041
14.3649 4561921
14.3678 4564801
14.3702 4567681
14.3726 4570561
14.4744 4573441
14.4768 4576321
14.4792 4579201
14.4816 4582081
14.4969 4584961
14.4993 4587841
14.5019 4590721
14.5043 4593601
14.5067 4596481
14.6085 4599361
14.6109 4602241
14.6133 4605121
14.6156 4608001
14.6298 4610881
14.6322 4613761
14.635 4616641
14.6376 4619521
14.64 4622401
14.7414 4625281
14.7438 4628161
14.7461 4631041
14.7485 4633921
14.7627 4636801
14.7651 4639681
14.7679 4642561
14.7705 4645441
14.7729 4648321
14.8744 4651201
14.8768 4654081
14.8792 4656961
14.8816 4659841
14.8956 4662721
14.898 4665601
14.9004 4668481
14.9027 4671361
14.9051 4674241
14.9075 4677121
15.1438 4708801
15.1697 4711681
15.1721 4714561
15.1745 4717441
15.2755 4720321
15.3028 4723201
15.3052 4726081
15.3076 4728961
15.4084 4731841
15.4357 4734721
15.4381 4737601
15.4405 4740481
15.5413 4743361
15.569 4746241
15.5713 4749121
15.5737 4752001
15.5761 4754881
15.6754 4757761
15.703 4760641
15.7054 4763521
15.7078 4766401
15.7102 4769281
15.8096 4772161
15.8371 4775041
15.8395 4777921
15.8419 4780801
15.8443 4783681
15.9425 4786561
15.97 4789441
15.9724 4792321
15.9748 4795201
15.9772 4798081
16.0753 4800961
16.1029 4803841
16.1053 4806721
16.1077 4809601
16.1101 4812481
16.2082 4815361
16.2106 4818241
16.237 4821121
16.2394 4824001
16.2418 4826881
16.2442 4829761
16.3423 4832641
16.3447 4835521
16.3711 4838401
16.3736 4841281
16.376 4844161
16.3784 4847041
16.4764 4849921
16.4788 4852801
16.504 4855681
16.5065 4858561
16.5089 4861441
16.5113 4864321
16.6093 4867201
16.6117 4870081
16.6368 4872961
16.6394 4875841
16.6418 4878721
16.6442 4881601
16.7422 4884481
16.7446 4887361
16.7697 4890241
16.7723 4893121
16.7747 4896001
16.7775 4898881
16.7799 4901761
16.8763 4904641
16.8787 4907521
16.9038 4910401
16.9064 4913281
16.9088 4916161
16.9116 4919041
16.9139 4921921
17.0104 4924801
17.0127 4927681
17.0379 4930561
17.0408 4933441
17.0432 4936321
17.0456 4939201
17.048 4942081
17.1432 4944961
17.1456 4947841
17.1708 4950721
17.1737 4953601
17.1761 4956481
17.1785 4959361
17.1809 4962241
17.2761 4965121
17.2785 4968001
17.3037 4970881
17.3069 4973761
17.3093 4976641
17.3117 4979521
17.3141 4982401
17.3165 4985281
17.4102 4988161
17.4126 4991041
17.4381 4993921
17.441 4996801
17.4434 4999681
17.4458 5002561
17.4481 5005441
17.4505 5008321
17.5443 5011201
17.5467 5014081
17.5722 5016961
17.5752 5019841
17.5776 5022721
17.5799 5025601
17.5823 5028481
17.5848 5031361
17.679 5034241
17.6814 5037121
17.7051 5040001
17.7083 5042881
17.7107 5045761
17.7131 5048641
17.7155 5051521
17.7179 5054401
17.8122 5057281
17.8146 5060161
17.8379 5063041
17.8412 5065921
17.8436 5068801
17.846 5071681
17.8484 5074561
17.8508 5077441
17.9453 5080321
17.9477 5083201
17.9501 5086081
17.972 5088961
17.9756 5091841
17.978 5094721
17.9804 5097601
17.9827 5100481
17.9851 5103361
18.0794 5106241
18.0818 5109121
18.0842 5112001
18.1061 5114881
18.1097 5117761
18.112 5120641
18.1144 5123521
18.1168 5126401
18.1192 5129281
18.2138 5132161
18.2162 5135041
18.2186 5137921
18.2404 5140801
18.2428 5143681
18.2451 5146561
18.2476 5149441
18.25 5152321
18.2524 5155201
18.3471 5158081
18.3495 5160961
18.3518 5163841
18.3734 5166721
18.376 5169601
18.3784 5172481
18.3808 5175361
18.3832 5178241
18.3856 5181121
18.48 5184001
18.4823 5186881
18.4847 5189761
18.5062 5192641
18.5089 5195521
18.5113 5198401
18.5137 5201281
18.5161 5204161
18.5185 5207041
18.5209 5209921
18.614 5212801
18.6164 5215681
18.6188 5218561
18.6403 5221441
18.7785 5253121
18.8837 5256001
18.8861 5258881
18.9076 5261761
18.9103 5264641
19.0166 5267521
19.019 5270401
19.0405 5273281
19.0432 5276161
19.1496 5279041
19.152 5281921
19.1735 5284801
19.1761 5287681
19.2825 5290561
19.2849 5293441
19.2873 5296321
19.3076 5299201
19.3102 5302081
19.4167 5304961
19.4191 5307841
19.4215 5310721
19.4421 5313601
19.4445 5316481
19.5508 5319361
19.5532 5322241
19.5556 5325121
19.575 5328001
19.5776 5330881
19.6837 5333761
19.6861 5336641
19.6886 5339521
19.7079 5342401
19.7105 5345281
19.8168 5348161
19.8192 5351041
19.8216 5353921
19.8408 5356801
19.8434 5359681
19.8458 5362561
19.9509 5365441
19.9533 5368321
19.9557 5371201
19.9748 5374081
19.978 5376961
19.9804 5379841
20.085 5382721
20.0874 5385601
20.0898 5388481
20.1089 5391361
20.1125 5394241
20.1149 5397121
20.2182 5400001
20.2206 5402881
20.223 5405761
20.2418 5408641
20.2454 5411521
20.2478 5414401
20.3511 5417281
20.3535 5420161
20.3559 5423041
20.3747 5425921
20.3783 5428801
20.3807 5431681
20.4842 5434561
20.4866 5437441
20.489 5440321
20.4914 5443201
20.5088 5446081
20.5124 5448961
20.5148 5451841
20.6183 5454721
20.6207 5457601
20.6231 5460481
20.6255 5463361
20.6429 5466241
20.6465 5469121
20.6488 5472001
20.7524 5474881
20.7548 5477761
20.7572 5480641
20.7596 5483521
20.7758 5486401
20.7793 5489281
20.7817 5492161
20.8853 5495041
20.8877 5497921
20.8901 5500801
20.8925 5503681
20.9088 5506561
20.9124 5509441
20.9148 5512321
21.0182 5515201
21.0206 5518081
21.023 5520961
21.0254 5523841
21.0421 5526721
21.0445 5529601
21.0469 5532481
21.0493 5535361
21.1523 5538241
21.1547 5541121
21.1571 5544001
21.1594 5546881
21.1762 5549761
21.1786 5552641
21.181 5555521
21.1834 5558401
21.2864 5561281
21.2887 5564161
21.2911 5567041
21.2935 5569921
21.3103 5572801
21.3127 5575681
21.3151 5578561
21.3175 5581441
21.4192 5584321
21.4216 5587201
21.424 5590081
21.4264 5592961
21.4432 5595841
21.4456 5598721
21.448 5601601
21.4506 5604481
21.5521 5607361
21.5545 5610241
21.5569 5613121
21.5593 5616001
21.5764 5618881
21.5788 5621761
21.5812 5624641
21.5836 5627521
21.586 5630401
21.6862 5633281
21.6887 5636161
21.691 5639041
21.6934 5641921
21.7105 5644801
21.7129 5647681
21.7153 5650561
21.7177 5653441
21.72 5656321
21.8203 5659201
21.8227 5662081
21.8251 5664961
21.8275 5667841
21.8446 5670721
21.847 5673601
21.8494 5676481
21.8517 5679361
21.8541 5682241
21.9544 5685121
21.9568 5688001
21.9592 5690881
21.9616 5693761
21.9775 5696641
21.9799 5699521
21.9822 5702401
21.9846 5705281
21.987 5708161
22.0873 5711041
22.0897 5713921
22.0921 5716801
22.0945 5719681
22.1107 5722561
22.113 5725441
22.1158 5728321
22.1182 5731201
22.1206 5734081
22.2202 5736961
22.2226 5739841
22.2253 5742721
22.2277 5745601
22.23 5748481
22.2447 5751361
22.2471 5754241
22.2499 5757121
22.2523 5760001
22.2547 5762881
22.3543 5765761
22.3566 5768641
22.3594 5771521
22.3617 5774401
22.3641 5777281
22.3791 5780161
22.3815 5783041
22.3841 5785921
22.3865 5788801
22.3889 5791681
22.4883 5794561
22.4907 5797441
22.4934 5800321
22.4958 5803201
22.4982 5806081
22.512 5808961
22.5144 5811841
22.517 5814721
22.5194 5817601
22.5218 5820481
22.6212 5823361
22.6236 5826241
22.6263 5829121
22.6287 5832001
22.6311 5834881
22.6449 5837761
22.6473 5840641
22.6499 5843521
22.6525 5846401
22.6549 5849281
22.7541 5852161
22.7565 5855041
22.7594 5857921
22.7618 5860801
22.7642 5863681
22.7778 5866561
22.7802 5869441
22.7826 5872321
22.785 5875201
22.7874 5878081
22.7898 5880961
22.8882 5883841
22.8906 5886721
22.8935 5889601
22.8959 5892481
22.8983 5895361
22.9119 5898241
22.9143 5901121
22.9167 5904001
22.9191 5906881
22.9214 5909761
22.924 5912641
23.0223 5915521
23.0247 5918401
23.0276 5921281
23.03 5924161
23.0324 5927041
23.046 5929921
23.0484 5932801
23.0508 5935681
23.0531 5938561
23.0555 5941441
23.0579 5944321
23.1552 5947201
23.1576 5950081
23.1605 5952961
23.1629 5955841
23.1653 5958721
23.1792 5961601
23.1816 5964481
23.184 5967361
23.1864 5970241
23.1888 5973121
23.1912 5976001
23.2883 5978881
23.2908 5981761
23.2934 5984641
23.2957 5987521
23.2982 5990401
23.3121 5993281
23.3145 5996161
23.3169 5999041
23.3193 6001921
23.3217 6004801
23.3241 6007681
23.3264 6010561
23.4224 6013441
23.4249 6016321
23.4274 6019201
23.4298 6022081
23.4322 6024961
23.4462 6027841
23.4486 6030721
23.451 6033601
23.4534 6036481
23.4557 6039361
23.4581 6042241
23.4607 6045121
23.5565 6048001
23.5589 6050881
23.5615 6053761
23.5639 6056641
23.5663 6059521
23.5803 6062401
23.5827 6065281
23.5851 6068161
23.5874 6071041
23.5898 6073921
23.5922 6076801
23.5946 6079681
23.6894 6082561
23.6918 6085441
23.6944 6088321
23.6968 6091201
23.6992 6094081
23.7133 6096961
23.7156 6099841
23.718 6102721
23.7204 6105601
23.7228 6108481
23.7252 6111361
23.7277 6114241
23.8227 6117121
23.8251 6120001
23.8275 6122881
23.8299 6125761
23.8322 6128641
23.8461 6131521
23.8485 6134401
23.8509 6137281
23.8533 6140161
23.8557 6143041
23.8581 6145921
23.8606 6148801
23.863 6151681
23.9568 6154561
23.9592 6157441
23.9616 6160321
23.9639 6163201
23.9663 6166081
23.9802 6168961
23.9826 6171841
23.985 6174721
23.9874 6177601
23.9898 6180481
23.9922 6183361
23.9947 6186241
23.9972 6189121
24.091 6192001
24.0933 6194881
24.0957 6197761
24.0982 6200641
24.1006 6203521
24.1143 6206401
24.1167 6209281
24.1191 6212161
24.1215 6215041
24.1239 6217921
24.1263 6220801
24.1288 6223681
24.1313 6226561
24.225 6229441
24.2274 6232321
24.2298 6235201
24.2322 6238081
24.2346 6240961
24.2475 6243841
24.2499 6246721
24.2523 6249601
24.2547 6252481
24.2571 6255361
24.2595 6258241
24.2619 6261121
24.2642 6264001
24.3579 6266881
24.3603 6269761
24.3627 6272641
24.3651 6275521
24.3675 6278401
24.3804 6281281
24.3828 6284161
24.3852 6287041
24.3876 6289921
24.39 6292801
24.3924 6295681
24.3947 6298561
24.3971 6301441
24.4908 6304321
24.4932 6307201
24.4956 6310081
24.498 6312961
24.5004 6315841
24.5028 6318721
24.5145 6321601
24.5169 6324481
24.5193 6327361
24.522 6330241
24.5244 6333121
24.5268 6336001
24.5292 6338881
24.5316 6341761
24.6249 6344641
24.6273 6347521
24.6297 6350401
24.6321 6353281
24.6345 6356161
24.6369 6359041
24.6486 6361921
24.651 6364801
24.6534 6367681
24.6561 6370561
24.6585 6373441
24.6609 6376321
24.6634 6379201
24.6658 6382081
24.759 6384961
24.7614 6387841
24.7638 6390721
24.7662 6393601
24.7688 6396481
24.7712 6399361
24.7815 6402241
24.7839 6405121
24.7862 6408001
24.7891 6410881
24.7915 6413761
24.7939 6416641
24.7963 6419521
24.7987 6422401
24.8919 6425281
24.8943 6428161
24.8967 6431041
24.8991 6433921
24.9016 6436801
24.9045 6439681
24.9144 6442561
24.9167 6445441
24.9191 6448321
24.922 6451201
24.9244 6454081
24.9268 6456961
24.9292 6459841
24.9315 6462721
25.0248 6465601
25.0272 6468481
25.0296 6471361
25.032 6474241
25.0345 6477121
25.0374 6480001
25.0398 6482881
25.0484 6485761
25.0508 6488641
25.0532 6491521
25.0561 6494401
25.0584 6497281
25.0608 6500161
25.0632 6503041
25.0656 6505921
25.1589 6508801
25.1613 6511681
25.1637 6514561
25.1661 6517441
25.1686 6520321
25.1715 6523201
25.1739 6526081
25.1825 6528961
25.1849 6531841
25.1874 6534721
25.1901 6537601
25.1925 6540481
25.1949 6543361
25.1973 6546241
25.1999 6549121
25.2931 6552001
25.2955 6554881
25.2979 6557761
25.3003 6560641
25.3027 6563521
25.3056 6566401
25.3079 6569281
25.3167 6572161
25.319 6575041
25.3215 6577921
25.3239 6580801
25.3264 6583681
25.3288 6586561
25.3312 6589441
25.3336 6592321
25.426 6595201
25.4284 6598081
25.4308 6600961
25.4332 6603841
25.4356 6606721
25.4384 6609601
25.4408 6612481
25.4495 6615361
25.4519 6618241
25.4544 6621121
25.4568 6624001
25.4593 6626881
25.4617 6629761
25.4641 6632641
25.4665 6635521
25.5589 6638401
25.5613 6641281
25.5637 6644161
25.566 6647041
25.5686 6649921
25.5713 6652801
25.5738 6655681
25.5824 6658561
25.5848 6661441
25.5873 6664321
25.5897 6667201
25.5921 6670081
25.5944 6672961
25.5968 6675841
25.5992 6678721
25.6016 6681601
25.693 6684481
25.6954 6687361
25.699 6688801
25.8358 6737761
25.863 6740641
25.8654 6743521
25.8678 6746401
25.959 6749281
25.9614 6752161
25.965 6755041
25.9675 6757921
25.9959 6760801
25.9983 6763681
26.0007 6766561
26.0919 6769441
26.0943 6772321
26.0979 6775201
26.1004 6778081
26.1288 6780961
26.1312 6783841
26.1335 6786721
26.2248 6789601
26.2272 6792481
26.2307 6795361
26.2335 6798241
26.2616 6801121
26.264 6804001
26.2664 6806881
26.2688 6809761
26.3589 6812641
26.3612 6815521
26.3648 6818401
26.3676 6821281
26.3957 6824161
26.3981 6827041
26.4005 6829921
26.4029 6832801
26.4931 6835681
26.4954 6838561
26.499 6841441
26.5017 6844321
26.5298 6847201
26.5322 6850081
26.5346 6852961
26.537 6855841
26.6259 6858721
26.6283 6861601
26.6319 6864481
26.6346 6867361
26.6627 6870241
26.6651 6873121
26.6675 6876001
26.6699 6878881
26.7589 6881761
26.7612 6884641
26.7648 6887521
26.7675 6890401
26.7956 6893281
26.798 6896161
26.8004 6899041
26.8028 6901921
26.8917 6904801
26.8941 6907681
26.8965 6910561
26.8989 6913441
26.9019 6916321
26.9297 6919201
26.9321 6922081
26.9345 6924961
26.9369 6927841
27.0258 6930721
27.0282 6933601
27.0306 6936481
27.033 6939361
27.036 6942241
27.0638 6945121
27.0662 6948001
27.0685 6950881
27.0709 6953761
27.1599 6956641
27.1623 6959521
27.1647 6962401
27.1671 6965281
27.1695 6968161
27.1967 6971041
27.199 6973921
27.2014 6976801
27.2038 6979681
27.2928 6982561
27.2952 6985441
27.2976 6988321
27.3 6991201
27.3024 6994081
27.3295 6996961
27.3319 6999841
27.3343 7002721
27.3367 7005601
27.4257 7008481
27.4281 7011361
27.4305 7014241
27.4329 7017121
27.4353 7020001
27.4377 7022881
27.4636 7025761
27.466 7028641
27.4684 7031521
27.4708 7034401
27.5598 7037281
27.5622 7040161
27.5646 7043041
27.5672 7045921
27.5696 7048801
27.572 7051681
27.5977 7054561
27.6001 7057441
27.6025 7060321
27.6049 7063201
27.6939 7066081
27.6963 7068961
27.6986 7071841
27.7015 7074721
27.704 7077601
27.7064 7080481
27.7306 7083361
27.733 7086241
27.7354 7089121
27.7378 7092001
27.8268 7094881
27.8291 7097761
27.8315 7100641
27.8344 7103521
27.8373 7106401
27.8396 7109281
27.8635 7112161
27.8659 7115041
27.8683 7117921
27.8707 7120801
27.9599 7123681
27.9623 7126561
27.9651 7129441
27.9675 7132321
27.9701 7135201
27.9725 7138081
27.9964 7140961
27.9988 7143841
28.0012 7146721
28.0036 7149601
28.0059 7152481
28.094 7155361
28.0964 7158241
28.0992 7161121
28.1016 7164001
28.1046 7166881
28.107 7169761
28.1309 7172641
28.1332 7175521
28.1356 7178401
28.138 7181281
28.1404 7184161
28.2281 7187041
28.2305 7189921
28.2336 7192801
28.236 7195681
28.2386 7198561
28.241 7201441
28.2649 7204321
28.2673 7207201
28.2697 7210081
28.2721 7212961
28.2745 7215841
28.361 7218721
28.3634 7221601
28.3665 7224481
28.3689 7227361
28.3715 7230241
28.3739 7233121
28.3978 7236001
28.4002 7238881
28.4026 7241761
28.405 7244641
28.4074 7247521
28.4942 7250401
28.4966 7253281
28.4994 7256161
28.5018 7259041
28.5044 7261921
28.5068 7264801
28.5307 7267681
28.5331 7270561
28.5355 7273441
28.5379 7276321
28.5403 7279201
28.5427 7282081
28.6283 7284961
28.6307 7287841
28.6335 7290721
28.6359 7293601
28.6388 7296481
28.6412 7299361
28.6651 7302241
28.6675 7305121
28.6699 7308001
28.6723 7310881
28.6747 7313761
28.6771 7316641
28.7624 7319521
28.7648 7322401
28.7679 7325281
28.7703 7328161
28.7729 7331041
28.7753 7333921
28.7992 7336801
28.8016 7339681
28.804 7342561
28.8064 7345441
28.8088 7348321
28.8111 7351201
28.8965 7354081
28.8988 7356961
28.9012 7359841
28.9036 7362721
28.906 7365601
28.9084 7368481
28.9321 7371361
28.9345 7374241
28.9369 7377121
28.9393 7380001
28.9416 7382881
28.944 7385761
29.0296 7388641
29.032 7391521
29.0344 7394401
29.0368 7397281
29.0392 7400161
29.0416 7403041
29.065 7405921
29.0674 7408801
29.0698 7411681
29.0721 7414561
29.0745 7417441
29.0769 7420321
29.1629 7423201
29.1653 7426081
29.1677 7428961
29.17 7431841
29.1724 7434721
29.1748 7437601
29.1772 7440481
29.1991 7443361
29.2015 7446241
29.2038 7449121
29.2062 7452001
29.2086 7454881
29.211 7457761
29.297 7460641
29.2994 7463521
29.3017 7466401
29.3041 7469281
29.3065 7472161
29.3089 7475041
29.3113 7477921
29.3331 7480801
29.3355 7483681
29.3379 7486561
29.3403 7489441
29.3427 7492321
29.3451 7495201
29.4313 7498081
29.4337 7500961
29.4361 7503841
29.4385 7506721
29.4409 7509601
29.4433 7512481
29.4457 7515361
29.466 7518241
29.4684 7521121
29.4708 7524001
29.4732 7526881
29.4756 7529761
29.4782 7532641
29.5642 7535521
29.5666 7538401
29.569 7541281
29.5714 7544161
29.5738 7547041
29.5761 7549921
29.5785 7552801
29.5989 7555681
29.6013 7558561
29.6037 7561441
29.6061 7564321
29.6085 7567201
29.6111 7570081
29.6974 7572961
29.6998 7575841
29.7022 7578721
29.8399 7621921
29.8757 7624801
29.8784 7627681
29.9645 7630561
29.9669 7633441
29.9695 7636321
29.9718 7639201
30.0086 7642081
30.0114 7644961
30.0975 7647841
30.0999 7650721
