0.374217 1
0.374217 1441
0.551149 2881
0.551149 4321
0.729234 5761
0.729234 7201
0.729234 8641
0.907319 10081
0.907319 11521
0.907319 12961
1.08421 14401
1.08421 15841
1.08421 17281
1.0866 18721
1.0866 20161
1.0866 21601
1.26229 23041
1.26229 24481
1.26229 25921
1.26468 27361
1.26468 28801
1.26468 30241
1.26707 31681
1.26707 33121
1.26707 34561
1.44038 36001
1.44038 37441
1.44038 38881
1.44277 40321
1.44277 41761
1.44277 43201
1.44516 44641
1.44516 46081
1.44516 47521
1.44755 48961
1.44755 50401
1.44755 51841
1.61745 53281
1.61745 54721
1.61745 56161
1.61984 57601
1.61984 59041
1.61984 60481
1.62223 61921
1.62223 63361
1.62223 64801
1.62462 66241
1.62462 67681
1.62462 69121
1.62701 70561
1.62701 72001
1.62701 73441
1.6294 74881
1.6294 76321
1.6294 77761
1.79447 79201
1.79447 80641
1.79447 82081
1.79686 83521
1.79686 84961
1.79686 86401
1.79925 87841
1.79925 89281
1.79925 90721
1.80164 92161
1.80164 93601
1.80164 95041
1.80403 96481
1.80403 97921
1.80403 99361
1.80642 100801
1.80642 102241
1.80642 103681
1.80881 105121
1.80881 106561
1.80881 108001
1.8112 109441
1.8112 110881
1.8112 112321
1.81359 113761
1.81359 115201
1.81359 116641
1.97136 118081
1.97136 119521
1.97136 120961
1.97375 122401
1.97375 123841
1.97375 125281
1.97614 126721
1.97614 128161
1.97614 129601
1.97853 131041
1.97853 132481
1.97853 133921
1.98092 135361
1.98092 136801
1.98092 138241
1.98331 139681
1.98331 141121
1.98331 142561
1.9857 144001
1.9857 145441
1.9857 146881
1.98809 148321
1.98809 149761
1.98809 151201
1.99048 152641
1.99048 154081
1.99048 155521
1.99287 156961
1.99287 158401
1.99287 159841
1.99526 161281
1.99526 162721
1.99526 164161
1.99765 165601
1.99765 167041
1.99765 168481
2.00004 169921
2.00004 171361
2.00004 172801
2.00243 174241
2.00243 175681
2.00243 177121
2.14944 178561
2.14944 180001
2.14944 181441
2.15183 182881
2.15183 184321
2.15183 185761
2.15423 187201
2.15423 188641
2.15423 190081
2.15662 191521
2.15662 192961
2.15662 194401
2.15901 195841
2.15901 197281
2.15901 198721
2.1614 200161
2.1614 201601
2.1614 203041
2.16379 204481
2.16379 205921
2.16379 207361
2.16618 208801
2.16618 210241
2.16618 211681
2.16857 213121
2.16857 214561
2.16857 216001
2.17096 217441
2.17096 218881
2.17096 220321
2.17335 221761
2.17335 223201
2.17335 224641
2.17574 226081
2.17574 227521
2.17574 228961
2.17813 230401
2.17813 231841
2.17813 233281
2.18052 234721
2.18052 236161
2.18052 237601
2.18291 239041
2.18291 240481
2.18291 241921
2.1853 243361
2.1853 244801
2.1853 246241
2.18769 247681
2.18769 249121
2.18769 250561
2.19008 252001
2.19008 253441
2.19008 254881
2.19247 256321
2.19247 257761
2.19247 259201
2.19486 260641
2.19486 262081
2.19486 263521
2.19725 264961
2.19725 266401
2.19725 267841
2.32753 269281
2.32753 270721
2.32753 272161
2.32992 273601
2.32992 275041
2.32992 276481
2.33231 277921
2.33231 279361
2.33231 280801
2.3347 282241
2.3347 283681
2.3347 285121
2.33709 286561
2.33709 288001
2.33709 289441
2.33948 290881
2.33948 292321
2.33948 293761
2.34187 295201
2.34187 296641
2.34187 298081
2.34426 299521
2.34426 300961
2.34426 302401
2.34665 303841
2.34665 305281
2.34665 306721
2.34904 308161
2.34904 309601
2.34904 311041
2.35143 312481
2.35143 313921
2.35143 315361
2.35382 316801
2.35382 318241
2.35382 319681
2.35621 321121
2.35621 322561
2.35621 324001
2.3586 325441
2.3586 326881
2.3586 328321
2.36099 329761
2.36099 331201
2.36099 332641
2.36339 334081
2.36339 335521
2.36339 336961
2.36578 338401
2.36578 339841
2.36578 341281
2.36817 342721
2.36817 344161
2.36817 345601
2.37056 347041
2.37056 348481
2.37056 349921
2.37295 351361
2.37295 352801
2.37295 354241
2.37534 355681
2.37534 357121
2.37534 358561
2.37773 360001
2.37773 361441
2.37773 362881
2.38012 364321
2.38012 365761
2.38012 367201
2.38251 368641
2.38251 370081
2.38251 371521
2.3849 372961
2.3849 374401
2.3849 375841
2.38729 377281
2.38729 378721
2.38729 380161
2.38968 381601
2.38968 383041
2.38968 384481
2.39207 385921
2.39207 387361
2.39207 388801
2.39446 390241
2.39446 391681
2.39446 393121
2.39685 394561
2.39685 396001
2.39685 397441
2.39924 398881
2.39924 400321
2.39924 401761
2.50442 403201
2.50442 404641
2.50442 406081
2.50681 407521
2.50681 408961
2.50681 410401
2.5092 411841
2.5092 413281
2.5092 414721
2.51159 416161
2.51159 417601
2.51159 419041
2.51398 420481
2.51398 421921
2.51398 423361
2.51637 424801
2.51637 426241
2.51637 427681
2.51876 429121
2.51876 430561
2.51876 432001
2.52115 433441
2.52115 434881
2.52115 436321
2.52354 437761
2.52354 439201
2.52354 440641
2.52593 442081
2.52593 443521
2.52593 444961
2.52832 446401
2.52832 447841
2.52832 449281
2.53071 450721
2.53071 452161
2.53071 453601
2.5331 455041
2.5331 456481
2.5331 457921
2.53549 459361
2.53549 460801
2.53549 462241
2.53788 463681
2.53788 465121
2.53788 466561
2.54027 468001
2.54027 469441
2.54027 470881
2.54267 472321
2.54267 473761
2.54267 475201
2.54506 476641
2.54506 478081
2.54506 479521
2.54745 480961
2.54745 482401
2.54745 483841
2.54984 485281
2.54984 486721
2.54984 488161
2.55252 489601
2.55252 491041
2.55252 492481
2.55491 493921
2.55491 495361
2.55491 496801
2.5573 498241
2.5573 499681
2.5573 501121
2.55969 502561
2.55969 504001
2.55969 505441
2.56208 506881
2.56208 508321
2.56208 509761
2.56449 511201
2.56568 512641
2.56688 338401
2.70523 512641
2.70523 514081
2.70642 515521
2.70762 516961
2.70881 518401
2.71001 519841
2.7112 521281
2.7124 522721
2.71359 524161
2.71479 525601
2.71598 527041
2.71718 528481
2.71837 529921
2.71957 531361
2.72076 532801
2.72196 534241
2.72316 535681
2.72435 537121
2.72555 538561
2.72674 540001
2.72794 541441
2.72913 542881
2.73033 544321
2.7318 545761
2.73299 547201
2.73419 548641
2.73538 550081
2.73658 551521
2.73777 552961
2.73897 554401
2.74016 555841
2.74136 557281
2.74256 558721
2.74375 560161
2.74495 561601
2.74614 563041
2.74734 564481
2.74853 565921
2.74973 567361
2.75092 568801
2.75212 570241
2.75331 571681
2.75451 573121
2.7557 574561
2.7569 576001
2.75809 577441
2.75929 578881
2.76048 580321
2.76168 581761
2.76287 583201
2.76407 584641
2.76526 586081
2.76646 587521
2.76765 588961
2.76885 590401
2.77004 591841
2.77124 593281
2.77244 594721
2.77362 596161
2.8835 597601
2.8835 599041
2.88589 600481
2.88589 601921
2.88828 603361
2.88828 604801
2.89067 606241
2.89067 607681
2.89306 609121
2.89306 610561
2.89545 612001
2.89545 613441
2.89784 614881
2.89784 616321
2.90023 617761
2.90023 619201
2.90262 620641
2.90262 622081
2.90501 623521
2.90501 624961
2.9074 626401
2.9074 627841
2.91004 629281
2.91004 630721
2.91243 632161
2.91243 633601
2.91482 635041
2.91482 636481
2.91721 637921
2.91721 639361
2.9196 640801
2.9196 642241
2.92239 643681
2.92239 645121
2.92478 646561
2.92478 648001
2.92717 649441
2.92717 650881
2.92956 652321
2.92956 653761
2.93195 655201
2.93195 656641
2.93434 658081
2.93434 659521
2.93673 660961
2.93673 662401
2.93912 663841
2.93912 665281
2.94151 666721
2.94151 668161
2.9439 669601
2.9439 671041
2.94629 672481
2.94629 673921
2.94868 675361
2.94868 676801
2.95107 678241
2.95107 679681
3.06158 681121
3.06158 682561
3.06158 684001
3.06397 685441
3.06397 686881
3.06636 688321
3.06636 689761
3.06875 691201
3.06875 692641
3.07114 694081
3.07114 695521
3.07353 696961
3.07353 698401
3.07593 699841
3.07593 701281
3.07832 702721
3.07832 704161
3.08071 705601
3.08071 707041
3.0831 708481
3.0831 709921
3.08549 711361
3.08549 712801
3.08839 714241
3.08839 715681
3.09078 717121
3.09078 718561
3.09317 720001
3.09317 721441
3.09556 722881
3.09556 724321
3.09795 725761
3.09795 727201
3.10047 728641
3.10047 730081
3.10286 731521
3.10286 732961
3.10525 734401
3.10525 735841
3.10764 737281
3.10764 738721
3.11003 740161
3.11003 741601
3.11242 743041
3.11242 744481
3.11481 745921
3.11481 747361
3.1172 748801
3.1172 750241
3.11959 751681
3.11959 753121
3.12198 754561
3.12198 756001
3.12437 757441
3.12437 758881
3.12677 760321
3.12677 761761
3.12916 763201
3.12916 764641
3.23967 766081
3.23967 767521
3.24206 768961
3.24206 770401
3.24445 771841
3.24445 773281
3.24684 774721
3.24684 776161
3.24923 777601
3.24923 779041
3.25162 780481
3.25162 781921
3.2564 783361
3.2564 784801
3.2564 786241
3.2564 787681
3.25879 789121
3.25879 790561
3.26118 792001
3.26118 793441
3.26357 794881
3.26357 796321
3.26596 797761
3.26596 799201
3.26835 800641
3.26835 802081
3.27102 803521
3.27102 804961
3.27341 806401
3.27341 807841
3.2758 809281
3.2758 810721
3.27821 812161
3.27821 813601
3.2806 815041
3.2806 816481
3.28299 817921
3.28299 819361
3.28538 820801
3.28538 822241
3.28777 823681
3.28777 825121
3.29016 826561
3.29016 828001
3.29255 829441
3.29255 830881
3.29494 832321
3.29494 833761
3.29733 835201
3.29733 836641
3.29972 838081
3.29972 839521
3.30211 840961
3.30211 842401
3.30476 843841
3.30476 845281
3.30715 846721
3.30715 848161
3.41656 849601
3.41656 851041
3.41895 852481
3.41895 853921
3.42134 855361
3.42134 856801
3.42373 858241
3.42373 859681
3.42373 861121
3.42612 862561
3.42612 864001
3.42851 865441
3.42851 866881
3.43329 868321
3.43329 869761
3.43568 871201
3.43568 872641
3.43807 874081
3.43807 875521
3.44046 876961
3.44046 878401
3.44285 879841
3.44285 881281
3.44524 882721
3.44524 884161
3.44763 885601
3.44763 887041
3.45002 888481
3.45002 889921
3.45241 891361
3.45241 892801
3.4548 894241
3.4548 895681
3.45719 897121
3.45719 898561
3.45958 900001
3.45958 901441
3.46197 902881
3.46197 904321
3.46437 905761
3.46437 907201
3.46703 908641
3.46703 910081
3.46942 911521
3.46942 912961
3.47181 914401
3.47181 915841
3.4742 917281
3.4742 918721
3.47659 920161
3.47659 921601
3.47898 923041
3.47898 924481
3.48137 925921
3.48137 927361
3.48377 928801
3.48377 930241
3.48616 931681
3.48616 933121
3.59348 934561
3.59348 936001
3.59587 937441
3.59587 938881
3.59826 940321
3.59826 941761
3.60072 943201
3.60072 944641
3.60311 946081
3.60311 947521
3.6055 948961
3.6055 950401
3.60789 951841
3.60789 953281
3.61148 954721
3.61148 956161
3.61387 957601
3.61387 959041
3.61626 960481
3.61626 961921
3.61865 963361
3.61865 964801
3.62104 966241
3.62104 967681
3.62343 969121
3.62343 970561
3.62582 972001
3.62582 973441
3.62821 974881
3.62821 976321
3.6306 977761
3.6306 979201
3.63299 980641
3.63299 982081
3.63538 983521
3.63538 984961
3.63777 986401
3.63777 987841
3.64016 989281
3.64016 990721
3.64255 992161
3.64255 993601
3.64512 995041
3.64512 996481
3.64751 997921
3.64751 999361
3.6499 1000801
3.6499 1002241
3.65229 1003681
3.65229 1005121
3.65468 1006561
3.65468 1008001
3.65707 1009441
3.65707 1010881
3.65946 1012321
3.65946 1013761
3.66185 1015201
3.66185 1016641
3.66424 1018081
3.66424 1019521
3.77157 1020961
3.77157 1022401
3.77396 1023841
3.77396 1025281
3.77635 1026721
3.77635 1028161
3.7788 1029601
3.7788 1031041
3.7824 1032481
3.7824 1033921
3.7836 1035361
3.78479 946081
3.82356 1035361
3.82356 1036801
3.82475 1038241
3.82595 1039681
3.82714 1041121
3.82834 1042561
3.82953 1044001
3.83073 1045441
3.83192 1046881
3.83312 1048321
3.83431 1049761
3.83551 1051201
3.8367 1052641
3.8379 1054081
3.83909 1055521
3.84029 1056961
3.84148 1058401
3.84268 1059841
3.94847 1061281
3.94966 1062721
3.95086 1064161
3.95206 1065601
3.95325 1067041
3.95445 1068481
3.95571 1069921
3.9569 1071361
3.95931 1072801
3.9605 1074241
3.9617 1075681
3.96288 1077121
4.00164 1078561
4.00164 1080001
4.00403 1081441
4.00403 1082881
4.00642 1084321
4.00642 1085761
4.00881 1087201
4.00881 1088641
4.0112 1090081
4.0112 1091521
4.01359 1092961
4.01359 1094401
4.01598 1095841
4.01598 1097281
4.01837 1098721
4.01837 1100161
4.12536 1101601
4.12536 1103041
4.12775 1104481
4.12775 1105921
4.13014 1107361
4.13014 1108801
4.1326 1110241
4.1326 1111681
4.1362 1113121
4.1362 1114561
4.13859 1116001
4.13859 1117441
4.17853 1118881
4.17853 1120321
4.18092 1121761
4.18092 1123201
4.18331 1124641
4.18331 1126081
4.1857 1127521
4.1857 1128961
4.18809 1130401
4.18809 1131841
4.19048 1133281
4.19048 1134721
4.19287 1136161
4.19287 1137601
4.19526 1139041
4.19526 1140481
4.30225 1141921
4.30225 1143361
4.30464 1144801
4.30464 1146241
4.30703 1147681
4.30703 1149121
4.30949 1150561
4.30949 1152001
4.31309 1153441
4.31309 1154881
4.31548 1156321
4.31548 1157761
4.35564 1159201
4.35564 1160641
4.35803 1162081
4.35803 1163521
4.35803 1164961
4.36042 1166401
4.36042 1167841
4.36281 1169281
4.36281 1170721
4.3652 1172161
4.3652 1173601
4.36759 1175041
4.36759 1176481
4.36998 1177921
4.36998 1179361
4.37237 1180801
4.37237 1182241
4.47914 1183681
4.47914 1185121
4.48153 1186561
4.48153 1188001
4.48392 1189441
4.48392 1190881
4.48672 1192321
4.48672 1193761
4.4903 1195201
4.4903 1196641
4.49269 1198081
4.49269 1199521
4.53253 1200961
4.53253 1202401
4.53492 1203841
4.53492 1205281
4.53731 1206721
4.53731 1208161
4.5397 1209601
4.5397 1211041
4.54209 1212481
4.54209 1213921
4.54448 1215361
4.54448 1216801
4.54687 1218241
4.54687 1219681
4.55047 1221121
4.55047 1222561
4.55167 1224001
4.65604 1177921
4.71421 1224001
4.71421 1225441
4.71541 1226881
4.7166 1228321
4.7178 1229761
4.71899 1231201
4.72019 1232641
4.72139 1234081
4.72258 1235521
4.72378 1236961
4.72497 1238401
4.72738 1239841
4.72857 1241281
4.72977 1242721
4.83333 1244161
4.8923 1245601
4.8923 1247041
4.89469 1248481
4.89469 1249921
4.89708 1251361
4.89708 1252801
4.89947 1254241
4.89947 1255681
4.90186 1257121
4.90186 1258561
4.90546 1260001
4.90546 1261441
5.01022 1262881
5.01022 1264321
5.07038 1265761
5.07038 1267201
5.07277 1268641
5.07277 1270081
5.07516 1271521
5.07516 1272961
5.07755 1274401
5.07755 1275841
5.07995 1277281
5.07995 1278721
5.08355 1280161
5.08355 1281601
5.1883 1283041
5.1883 1284481
5.24847 1285921
5.24847 1287361
5.24847 1288801
5.25086 1290241
5.25086 1291681
5.25325 1293121
5.25325 1294561
5.25564 1296001
5.25564 1297441
5.25803 1298881
5.25803 1300321
5.26163 1301761
5.26163 1303201
5.36639 1304641
5.36639 1306081
5.42655 1307521
5.42655 1308961
5.42894 1310401
5.42894 1311841
5.43133 1313281
5.43133 1314721
5.43374 1316161
5.43493 1317601
5.43613 1293121
5.60704 1317601
5.60704 1319041
5.60824 1320481
5.60943 1321921
5.61064 1323361
5.61184 1324801
5.61302 1326241
5.78513 1327681
5.78513 1329121
5.78753 1330561
5.78753 1332001
5.78992 1333441
5.78992 1334881
5.96321 1336321
5.96321 1337761
5.96321 1339201
5.96562 1340641
5.96562 1342081
5.96801 1343521
5.96801 1344961
6.14166 1346401
6.14166 1347841
6.14405 1349281
6.14405 1350721
6.14644 1352161
6.14644 1353601
6.31873 1355041
6.31873 1356481
6.32112 1357921
6.32112 1359361
6.32112 1360801
6.32351 1362241
6.32351 1363681
6.49562 1365121
6.49562 1366561
6.49801 1368001
6.49801 1369441
6.5004 1370881
6.5004 1372321
6.50279 1373761
6.50279 1375201
6.67371 1376641
6.67371 1378081
6.6761 1379521
6.6761 1380961
6.67849 1382401
6.67849 1383841
6.68088 1385281
6.68088 1386721
6.68088 1388161
6.85179 1389601
6.85179 1391041
6.85418 1392481
6.85418 1393921
6.85657 1395361
6.85657 1396801
6.85896 1398241
6.85896 1399681
7.02868 1401121
7.02868 1402561
7.03107 1404001
7.03107 1405441
7.03346 1406881
7.03346 1408321
7.03585 1409761
7.03585 1411201
7.20557 1412641
7.20557 1414081
7.20557 1415521
7.20796 1416961
7.20796 1418401
7.21035 1419841
7.21035 1421281
7.21274 1422721
7.21274 1424161
7.38246 1425601
7.38246 1427041
7.38485 1428481
7.38485 1429921
7.38724 1431361
7.38724 1432801
7.38963 1434241
7.38963 1435681
7.39202 1437121
7.39202 1438561
7.56055 1440001
7.56055 1441441
7.56294 1442881
7.56294 1444321
7.56533 1445761
7.56533 1447201
7.56533 1448641
7.56772 1450081
7.56772 1451521
7.57011 1452961
7.57011 1454401
7.73863 1455841
7.73863 1457281
7.74102 1458721
7.74102 1460161
7.74341 1461601
7.74341 1463041
7.7458 1464481
7.7458 1465921
7.74819 1467361
7.74819 1468801
7.91588 1470241
7.91588 1471681
7.91827 1473121
7.91827 1474561
7.92066 1476001
7.92066 1477441
7.92305 1478881
7.92305 1480321
7.92305 1481761
7.92544 1483201
7.92544 1484641
8.09287 1486081
8.09287 1487521
8.09526 1488961
8.09526 1490401
8.09765 1491841
8.09765 1493281
8.10004 1494721
8.10004 1496161
8.10243 1497601
8.10243 1499041
8.10482 1500481
8.10482 1501921
8.27095 1503361
8.27095 1504801
8.27334 1506241
8.27334 1507681
8.27574 1509121
8.27574 1510561
8.27813 1512001
8.27813 1513441
8.28052 1514881
8.28052 1516321
8.28291 1517761
8.28291 1519201
8.28291 1520641
8.44904 1522081
8.44904 1523521
8.45143 1524961
8.45143 1526401
8.45382 1527841
8.45382 1529281
8.45621 1530721
8.45621 1532161
8.4586 1533601
8.4586 1535041
8.46099 1536481
8.46099 1537921
8.62593 1539361
8.62593 1540801
8.62832 1542241
8.62832 1543681
8.63071 1545121
8.63071 1546561
8.6331 1548001
8.6331 1549441
8.63549 1550881
8.63549 1552321
8.63788 1553761
8.63788 1555201
8.80282 1556641
8.80282 1558081
8.80282 1559521
8.80521 1560961
8.80521 1562401
8.8076 1563841
8.8076 1565281
8.80999 1566721
8.80999 1568161
8.81238 1569601
8.81238 1571041
8.81477 1572481
8.81477 1573921
8.97971 1575361
8.97971 1576801
8.9821 1578241
8.9821 1579681
8.98449 1581121
8.98449 1582561
8.98688 1584001
8.98688 1585441
8.98927 1586881
8.98927 1588321
8.99166 1589761
8.99166 1591201
8.99405 1592641
8.99405 1594081
9.15816 1595521
9.15816 1596961
9.16055 1598401
9.16055 1599841
9.16294 1601281
9.16294 1602721
9.16294 1604161
9.16533 1605601
9.16533 1607041
9.16772 1608481
9.16772 1609921
9.17011 1611361
9.17011 1612801
9.1725 1614241
9.1725 1615681
9.33634 1617121
9.33634 1618561
9.33873 1620001
9.33873 1621441
9.34112 1622881
9.34112 1624321
9.34351 1625761
9.34351 1627201
9.3459 1628641
9.3459 1630081
9.34829 1631521
9.34829 1632961
9.35068 1634401
9.35068 1635841
9.51323 1637281
9.51323 1638721
9.51562 1640161
9.51562 1641601
9.51801 1643041
9.51801 1644481
9.5204 1645921
9.5204 1647361
9.5204 1648801
9.52279 1650241
9.52279 1651681
9.52518 1653121
9.52518 1654561
9.52757 1656001
9.52757 1657441
9.69012 1658881
9.69012 1660321
9.69251 1661761
9.69251 1663201
9.6949 1664641
9.6949 1666081
9.69729 1667521
9.69729 1668961
9.69968 1670401
9.69968 1671841
9.70207 1673281
9.70207 1674721
9.70446 1676161
9.70446 1677601
9.70685 1679041
9.70685 1680481
9.86821 1681921
9.86821 1683361
9.8706 1684801
9.8706 1686241
9.87299 1687681
9.87299 1689121
9.87538 1690561
9.87538 1692001
9.87777 1693441
9.87777 1694881
9.88016 1696321
9.88016 1697761
9.88016 1699201
9.88255 1700641
9.88255 1702081
9.88494 1703521
9.88494 1704961
10.0463 1706401
10.0463 1707841
10.0487 1709281
10.0487 1710721
10.0511 1712161
10.0511 1713601
10.0535 1715041
10.0535 1716481
10.0559 1717921
10.0559 1719361
10.0582 1720801
10.0582 1722241
10.0606 1723681
10.0606 1725121
10.063 1726561
10.063 1728001
10.2232 1729441
10.2232 1730881
10.2256 1732321
10.2256 1733761
10.228 1735201
10.228 1736641
10.2304 1738081
10.2304 1739521
10.2327 1740961
10.2327 1742401
10.2351 1743841
10.2351 1745281
10.2375 1746721
10.2375 1748161
10.2375 1749601
10.2399 1751041
10.2399 1752481
10.4001 1753921
10.4001 1755361
10.4025 1756801
10.4025 1758241
10.4049 1759681
10.4049 1761121
10.4072 1762561
10.4072 1764001
10.4096 1765441
10.4096 1766881
10.412 1768321
10.412 1769761
10.4144 1771201
10.4144 1772641
10.4168 1774081
10.4168 1775521
10.4192 1776961
10.4192 1778401
10.5782 1779841
10.5782 1781281
10.5805 1782721
10.5805 1784161
10.5829 1785601
10.5829 1787041
10.5853 1788481
10.5853 1789921
10.5877 1791361
10.5877 1792801
10.5901 1794241
10.5901 1795681
10.5925 1797121
10.5925 1798561
10.5949 1800001
10.5949 1801441
10.5973 1802881
10.5973 1804321
10.5973 1805761
10.7562 1807201
10.7562 1808641
10.7586 1810081
10.7586 1811521
10.761 1812961
10.761 1814401
10.7634 1815841
10.7634 1817281
10.7658 1818721
10.7658 1820161
10.7682 1821601
10.7682 1823041
10.7706 1824481
10.7706 1825921
10.773 1827361
10.773 1828801
10.7754 1830241
10.7754 1831681
10.9331 1833121
10.9331 1834561
10.9355 1836001
10.9355 1837441
10.9379 1838881
10.9379 1840321
10.9403 1841761
10.9403 1843201
10.9427 1844641
10.9427 1846081
10.9451 1847521
10.9451 1848961
10.9475 1850401
10.9475 1851841
10.9499 1853281
10.9499 1854721
10.9523 1856161
10.9523 1857601
11.11 1859041
11.11 1860481
11.1124 1861921
11.1124 1863361
11.1124 1864801
11.1148 1866241
11.1148 1867681
11.1172 1869121
11.1172 1870561
11.1196 1872001
11.1196 1873441
11.122 1874881
11.122 1876321
11.1244 1877761
11.1256 1879201
11.1268 1847521
11.2956 1879201
11.2956 1880641
11.2968 1882081
11.298 1883521
11.2992 1884961
11.3004 1886401
11.3016 1887841
11.3028 1889281
11.304 1890721
11.3052 1892161
11.4743 1893601
11.4743 1895041
11.4767 1896481
11.4767 1897921
11.4791 1899361
11.4791 1900801
11.4815 1902241
11.4815 1903681
11.6512 1905121
11.6512 1906561
11.6536 1908001
11.6536 1909441
11.656 1910881
11.656 1912321
11.6584 1913761
11.6584 1915201
11.8281 1916641
11.8281 1918081
11.8305 1919521
11.8305 1920961
11.8305 1922401
11.8329 1923841
11.8329 1925281
11.8353 1926721
11.8353 1928161
12.0054 1929601
12.0054 1931041
12.0078 1932481
12.0078 1933921
12.0102 1935361
12.0102 1936801
12.0125 1938241
12.0125 1939681
12.0149 1941121
12.0149 1942561
12.1837 1944001
12.1837 1945441
12.1861 1946881
12.1861 1948321
12.1884 1949761
12.1884 1951201
12.1884 1952641
12.1908 1954081
12.1908 1955521
12.1932 1956961
12.1932 1958401
12.3617 1959841
12.3617 1961281
12.3641 1962721
12.3641 1964161
12.3665 1965601
12.3665 1967041
12.3689 1968481
12.3689 1969921
12.3713 1971361
12.3713 1972801
12.539 1974241
12.539 1975681
12.5414 1977121
12.5414 1978561
12.5438 1980001
12.5438 1981441
12.5462 1982881
12.5462 1984321
12.5486 1985761
12.5486 1987201
12.5486 1988641
12.7159 1990081
12.7159 1991521
12.7183 1992961
12.7183 1994401
12.7207 1995841
12.7207 1997281
12.7231 1998721
12.7231 2000161
12.7255 2001601
12.7255 2003041
12.7279 2004481
12.7279 2005921
12.8946 2007361
12.8946 2008801
12.8969 2010241
12.8969 2011681
12.8994 2013121
12.8994 2014561
12.9018 2016001
12.9018 2017441
12.9042 2018881
12.9042 2020321
12.9066 2021761
12.9066 2023201
12.9066 2024641
13.0727 2026081
13.0727 2027521
13.0751 2028961
13.0751 2030401
13.0775 2031841
13.0775 2033281
13.0799 2034721
13.0799 2036161
13.0825 2037601
13.0825 2039041
13.0849 2040481
13.0849 2041921
13.2496 2043361
13.2496 2044801
13.252 2046241
13.252 2047681
13.2544 2049121
13.2544 2050561
13.2568 2052001
13.2568 2053441
13.2594 2054881
13.2594 2056321
13.2618 2057761
13.2618 2059201
13.4265 2060641
13.4265 2062081
13.4289 2063521
13.4289 2064961
13.4289 2066401
13.4313 2067841
13.4313 2069281
13.4337 2070721
13.4337 2072161
13.4363 2073601
13.4363 2075041
13.4387 2076481
13.4387 2077921
13.6036 2079361
13.6036 2080801
13.6061 2082241
13.6061 2083681
13.6084 2085121
13.6084 2086561
13.6108 2088001
13.6108 2089441
13.6132 2090881
13.6132 2092321
13.6156 2093761
13.6156 2095201
13.618 2096641
13.618 2098081
13.782 2099521
13.782 2100961
13.7845 2102401
13.7845 2103841
13.7869 2105281
13.7869 2106721
13.7893 2108161
13.7893 2109601
13.7893 2111041
13.7916 2112481
13.7916 2113921
13.794 2115361
13.794 2116801
13.7964 2118241
13.7964 2119681
13.9601 2121121
13.9601 2122561
13.9626 2124001
13.9626 2125441
13.965 2126881
13.965 2128321
13.9674 2129761
13.9674 2131201
13.9698 2132641
13.9698 2134081
13.9722 2135521
13.9722 2136961
13.9746 2138401
13.9746 2139841
14.137 2141281
14.1382 2142721
14.1398 2118241
14.1506 2142721
14.1506 2144161
14.1518 2145601
14.153 2147041
14.3139 2148481
14.3151 2149921
14.3167 2151361
14.329 2152801
14.329 2154241
14.4908 2155681
14.4908 2157121
14.4938 2158561
14.4938 2160001
14.507 2161441
14.507 2162881
14.507 2164321
14.6691 2165761
14.6691 2167201
14.6719 2168641
14.6719 2170081
14.6853 2171521
14.6853 2172961
14.846 2174401
14.846 2175841
14.8488 2177281
14.8488 2178721
14.8622 2180161
14.8622 2181601
15.0229 2183041
15.0229 2184481
15.0229 2185921
15.0256 2187361
15.0256 2188801
15.0391 2190241
15.0391 2191681
15.1998 2193121
15.1998 2194561
15.2022 2196001
15.2022 2197441
15.2046 2198881
15.2046 2200321
15.2172 2201761
15.2172 2203201
15.3779 2204641
15.3779 2206081
15.3803 2207521
15.3803 2208961
15.3827 2210401
15.3827 2211841
15.3827 2213281
15.3953 2214721
15.3953 2216161
15.556 2217601
15.556 2219041
15.5584 2220481
15.5584 2221921
15.5608 2223361
15.5608 2224801
15.5722 2226241
15.5722 2227681
15.733 2229121
15.733 2230561
15.7354 2232001
15.7354 2233441
15.7378 2234881
15.7378 2236321
15.7491 2237761
15.7491 2239201
15.7491 2240641
15.9099 2242081
15.9099 2243521
15.9123 2244961
15.9123 2246401
15.9147 2247841
15.9147 2249281
15.926 2250721
15.926 2252161
15.9284 2253601
15.9284 2255041
16.0881 2256481
16.0881 2257921
16.0905 2259361
16.0905 2260801
16.0929 2262241
16.0929 2263681
16.1041 2265121
16.1041 2266561
16.1065 2268001
16.1065 2269441
16.2666 2270881
16.2666 2272321
16.2666 2273761
16.2689 2275201
16.2689 2276641
16.2713 2278081
16.2713 2279521
16.2822 2280961
16.2822 2282401
16.2846 2283841
16.2846 2285281
16.4449 2286721
16.4449 2288161
16.4473 2289601
16.4473 2291041
16.4497 2292481
16.4497 2293921
16.4591 2295361
16.4591 2296801
16.4614 2298241
16.4614 2299681
16.6218 2301121
16.6218 2302561
16.6242 2304001
16.6242 2305441
16.6242 2306881
16.6266 2308321
16.6266 2309761
16.636 2311201
16.636 2312641
16.6385 2314081
16.6385 2315521
16.7991 2316961
16.7991 2318401
16.8015 2319841
16.8015 2321281
16.8039 2322721
16.8039 2324161
16.8063 2325601
16.8063 2327041
16.8141 2328481
16.8141 2329921
16.8166 2331361
16.8166 2332801
16.9774 2334241
16.9774 2335681
16.9798 2337121
16.9798 2338561
16.9822 2340001
16.9822 2341441
16.9846 2342881
16.9846 2344321
16.9846 2345761
16.9926 2347201
16.9926 2348641
16.995 2350081
16.995 2351521
17.1557 2352961
17.1557 2354401
17.1581 2355841
17.1581 2357281
17.1605 2358721
17.1605 2360161
17.1628 2361601
17.1628 2363041
17.1695 2364481
17.1695 2365921
17.1719 2367361
17.1719 2368801
17.3329 2370241
17.3329 2371681
17.3353 2373121
17.3353 2374561
17.3377 2376001
17.3377 2377441
17.34 2378881
17.34 2380321
17.3464 2381761
17.3464 2383201
17.3464 2384641
17.3488 2386081
17.3488 2387521
17.5098 2388961
17.5098 2390401
17.5122 2391841
17.5122 2393281
17.5145 2394721
17.5145 2396161
17.5169 2397601
17.5169 2399041
17.5233 2400481
17.5233 2401921
17.5257 2403361
17.5257 2404801
17.5281 2406241
17.5281 2407681
17.6878 2409121
17.6878 2410561
17.6902 2412001
17.6902 2413441
17.6926 2414881
17.6926 2416321
17.695 2417761
17.695 2419201
17.7014 2420641
17.7014 2422081
17.7038 2423521
17.7038 2424961
17.7061 2426401
17.7061 2427841
17.7061 2429281
17.8664 2430721
17.8664 2432161
17.8688 2433601
17.8688 2435041
17.8712 2436481
17.8712 2437921
17.8736 2439361
17.8736 2440801
17.8794 2442241
17.8794 2443681
17.8818 2445121
17.8818 2446561
17.8842 2448001
17.8842 2449441
18.0435 2450881
18.0435 2452321
18.0458 2453761
18.0458 2455201
18.0482 2456641
18.0482 2458081
18.0506 2459521
18.0506 2460961
18.0563 2462401
18.0563 2463841
18.0587 2465281
18.0587 2466721
18.0611 2468161
18.0611 2469601
18.2203 2471041
18.2203 2472481
18.2203 2473921
18.2227 2475361
18.2227 2476801
18.2251 2478241
18.2251 2479681
18.2275 2481121
18.2275 2482561
18.2335 2484001
18.2335 2485441
18.2362 2486881
18.2362 2488321
18.2386 2489761
18.2386 2491201
18.3972 2492641
18.3972 2494081
18.3996 2495521
18.3996 2496961
18.402 2498401
18.402 2499841
18.4044 2501281
18.4044 2502721
18.4068 2504161
18.4068 2505601
18.4115 2507041
18.4115 2508481
18.4145 2509921
18.4145 2511361
18.4169 2512801
18.4169 2514241
18.5753 2515681
18.5753 2517121
18.5777 2518561
18.5777 2520001
18.5801 2521441
18.5801 2522881
18.5801 2524321
18.5825 2525761
18.5825 2527201
18.5849 2528641
18.5849 2530081
18.5896 2531521
18.5896 2532961
18.5926 2534401
18.5926 2535841
18.595 2537281
18.595 2538721
18.7534 2540161
18.7534 2541601
18.7558 2543041
18.7558 2544481
18.7582 2545921
18.7582 2547361
18.7606 2548801
18.7606 2550241
18.763 2551681
18.763 2553121
18.7665 2554561
18.7665 2556001
18.7697 2557441
18.7697 2558881
18.7721 2560321
18.7721 2561761
18.9303 2563201
18.9303 2564641
18.9327 2566081
18.9327 2567521
18.9351 2568961
18.9351 2570401
18.9375 2571841
18.9375 2573281
18.9375 2574721
18.9399 2576161
18.9399 2577601
18.9434 2579041
18.9434 2580481
18.9466 2581921
18.9466 2583361
18.949 2584801
18.949 2586241
19.1072 2587681
19.1072 2589121
19.1096 2590561
19.1096 2592001
19.112 2593441
19.112 2594881
19.1144 2596321
19.1144 2597761
19.1167 2599201
19.1167 2600641
19.1191 2602081
19.1191 2603521
19.1215 2604961
19.1215 2606401
19.1247 2607841
19.1247 2609281
19.1271 2610721
19.1271 2612161
19.2853 2613601
19.2853 2615041
19.2877 2616481
19.2877 2617921
19.29 2619361
19.29 2620801
19.2924 2622241
19.2924 2623681
19.2948 2625121
19.2948 2626561
19.2972 2628001
19.2972 2629441
19.2972 2630881
19.2996 2632321
19.2996 2633761
19.3028 2635201
19.3028 2636641
19.3052 2638081
19.3052 2639521
19.4637 2640961
19.4637 2642401
19.4661 2643841
19.4661 2645281
19.4685 2646721
19.4685 2648161
19.4709 2649601
19.4709 2651041
19.4733 2652481
19.4733 2653921
19.4756 2655361
19.4756 2656801
19.478 2658241
19.478 2659681
19.4804 2661121
19.4804 2662561
19.4828 2664001
19.4828 2665441
19.6406 2666881
19.6406 2668321
19.643 2669761
19.643 2671201
19.6454 2672641
19.6454 2674081
19.6478 2675521
19.6478 2676961
19.6501 2678401
19.6501 2679841
19.6525 2681281
19.6525 2682721
19.6549 2684161
19.6549 2685601
19.6573 2687041
19.6573 2688481
19.6573 2689921
19.6597 2691361
19.6597 2692801
19.8176 2694241
19.8176 2695681
19.82 2697121
19.82 2698561
19.8224 2700001
19.8224 2701441
19.8247 2702881
19.8247 2704321
19.8271 2705761
19.8271 2707201
19.8295 2708641
19.8295 2710081
19.8319 2711521
19.8319 2712961
19.8343 2714401
19.8343 2715841
19.8367 2717281
19.8367 2718721
19.8392 2720161
19.8392 2721601
19.9961 2723041
19.9961 2724481
19.9984 2725921
19.9984 2727361
20.0008 2728801
20.0008 2730241
20.0032 2731681
20.0032 2733121
20.0056 2734561
20.0056 2736001
20.008 2737441
20.008 2738881
20.0104 2740321
20.0104 2741761
20.0128 2743201
20.0128 2744641
20.0152 2746081
20.0152 2747521
20.0152 2748961
20.0176 2750401
20.0176 2751841
20.1742 2753281
20.1742 2754721
20.1766 2756161
20.1766 2757601
20.179 2759041
20.179 2760481
20.1814 2761921
20.1814 2763361
20.1838 2764801
20.1838 2766241
20.1862 2767681
20.1862 2769121
20.1886 2770561
20.1886 2772001
20.1909 2773441
20.1909 2774881
20.1933 2776321
20.1933 2777761
20.1957 2779201
20.1957 2780641
20.3511 2782081
20.3511 2783521
20.3535 2784961
20.3535 2786401
20.3559 2787841
20.3559 2789281
20.3583 2790721
20.3583 2792161
20.3608 2793601
20.3608 2795041
20.3632 2796481
20.3632 2797921
20.3656 2799361
20.3656 2800801
20.368 2802241
20.368 2803681
20.3704 2805121
20.3704 2806561
20.3727 2808001
20.3727 2809441
20.528 2810881
20.528 2812321
20.528 2813761
20.5304 2815201
20.5304 2816641
20.5328 2818081
20.5328 2819521
20.5352 2820961
20.5352 2822401
20.5377 2823841
20.5389 2825281
20.5401 2790721
20.7073 2825281
20.7073 2826721
20.7085 2828161
20.7097 2829601
20.7109 2831041
20.7121 2832481
20.7133 2833921
20.7145 2835361
20.7157 2836801
20.7168 2838241
20.718 2839681
20.8854 2841121
20.8854 2842561
20.8878 2844001
20.8878 2845441
20.8902 2846881
20.8902 2848321
20.8925 2849761
20.8925 2851201
20.8949 2852641
20.8949 2854081
21.0637 2855521
21.0637 2856961
21.0661 2858401
21.0661 2859841
21.0685 2861281
21.0685 2862721
21.0709 2864161
21.0709 2865601
21.0733 2867041
21.0733 2868481
21.2418 2869921
21.2418 2871361
21.2418 2872801
21.2442 2874241
21.2442 2875681
21.2466 2877121
21.2466 2878561
21.249 2880001
21.249 2881441
21.2514 2882881
21.2514 2884321
21.4199 2885761
21.4199 2887201
21.4223 2888641
21.4223 2890081
21.4247 2891521
21.4247 2892961
21.4271 2894401
21.4271 2895841
21.4295 2897281
21.4295 2898721
21.5968 2900161
21.5968 2901601
21.5992 2903041
21.5992 2904481
21.5992 2905921
21.6016 2907361
21.6016 2908801
21.604 2910241
21.604 2911681
21.6064 2913121
21.6064 2914561
21.7737 2916001
21.7737 2917441
21.7761 2918881
21.7761 2920321
21.7785 2921761
21.7785 2923201
21.7809 2924641
21.7809 2926081
21.7833 2927521
21.7833 2928961
21.7856 2930401
21.7856 2931841
21.9518 2933281
21.9518 2934721
21.9542 2936161
21.9542 2937601
21.9566 2939041
21.9566 2940481
21.959 2941921
21.959 2943361
21.959 2944801
21.9613 2946241
21.9613 2947681
21.9637 2949121
21.9637 2950561
22.1299 2952001
22.1299 2953441
22.1323 2954881
22.1323 2956321
22.1346 2957761
22.1346 2959201
22.137 2960641
22.137 2962081
22.1394 2963521
22.1394 2964961
22.1418 2966401
22.1418 2967841
22.3068 2969281
22.3068 2970721
22.3091 2972161
22.3091 2973601
22.3115 2975041
22.3115 2976481
22.3139 2977921
22.3139 2979361
22.3163 2980801
22.3163 2982241
22.3187 2983681
22.3187 2985121
22.3187 2986561
22.4836 2988001
22.4836 2989441
22.486 2990881
22.486 2992321
22.4884 2993761
22.4884 2995201
22.4908 2996641
22.4908 2998081
22.4932 2999521
22.4932 3000961
22.4956 3002401
22.4956 3003841
22.498 3005281
22.498 3006721
22.662 3008161
22.662 3009601
22.6644 3011041
22.6644 3012481
22.6668 3013921
22.6668 3015361
22.6692 3016801
22.6692 3018241
22.6715 3019681
22.6715 3021121
22.6739 3022561
22.6739 3024001
22.6763 3025441
22.6763 3026881
22.6763 3028321
22.8401 3029761
22.8401 3031201
22.8425 3032641
22.8425 3034081
22.8449 3035521
22.8449 3036961
22.8472 3038401
22.8472 3039841
22.8499 3041281
22.8499 3042721
22.8523 3044161
22.8523 3045601
22.8547 3047041
22.8547 3048481
23.0173 3049921
23.0173 3051361
23.0197 3052801
23.0197 3054241
23.0221 3055681
23.0221 3057121
23.0245 3058561
23.0245 3060001
23.0269 3061441
23.0269 3062881
23.0293 3064321
23.0293 3065761
23.0317 3067201
23.0317 3068641
23.1942 3070081
23.1942 3071521
23.1966 3072961
23.1966 3074401
23.1966 3075841
23.199 3077281
23.199 3078721
23.2016 3080161
23.2016 3081601
23.204 3083041
23.204 3084481
23.2064 3085921
23.2064 3087361
23.2088 3088801
23.2088 3090241
23.3711 3091681
23.3711 3093121
23.3735 3094561
23.3735 3096001
23.3759 3097441
23.3759 3098881
23.3783 3100321
23.3783 3101761
23.3807 3103201
23.3807 3104641
23.3831 3106081
23.3831 3107521
23.3855 3108961
23.3855 3110401
23.3879 3111841
23.3879 3113281
23.5492 3114721
23.5492 3116161
23.5516 3117601
23.5516 3119041
23.554 3120481
23.554 3121921
23.554 3123361
23.5564 3124801
23.5564 3126241
23.5588 3127681
23.5588 3129121
23.5612 3130561
23.5612 3132001
23.5635 3133441
23.5635 3134881
23.5659 3136321
23.5659 3137761
23.7273 3139201
23.7273 3140641
23.7297 3142081
23.7297 3143521
23.7321 3144961
23.7321 3146401
23.7345 3147841
23.7345 3149281
23.7369 3150721
23.7369 3152161
23.7392 3153601
23.7392 3155041
23.7416 3156481
23.7416 3157921
23.744 3159361
23.744 3160801
23.9042 3162241
23.9042 3163681
23.9066 3165121
23.9066 3166561
23.909 3168001
23.909 3169441
23.9114 3170881
23.9114 3172321
23.9137 3173761
23.9137 3175201
23.9137 3176641
23.9161 3178081
23.9161 3179521
23.9185 3180961
23.9185 3182401
23.9209 3183841
23.9209 3185281
24.0811 3186721
24.0811 3188161
24.0835 3189601
24.0835 3191041
24.0858 3192481
24.0858 3193921
24.0882 3195361
24.0882 3196801
24.0906 3198241
24.0906 3199681
24.093 3201121
24.093 3202561
24.0954 3204001
24.0954 3205441
24.0978 3206881
24.0978 3208321
24.1002 3209761
24.1002 3211201
24.2594 3212641
24.2594 3214081
24.2618 3215521
24.2618 3216961
24.2642 3218401
24.2642 3219841
24.2666 3221281
24.2666 3222721
24.269 3224161
24.269 3225601
24.2713 3227041
24.2713 3228481
24.2713 3229921
24.2737 3231361
24.2737 3232801
24.2761 3234241
24.2761 3235681
24.2785 3237121
24.2785 3238561
24.4375 3240001
24.4375 3241441
24.4399 3242881
24.4399 3244321
24.4423 3245761
24.4423 3247201
24.4446 3248641
24.4446 3250081
24.4473 3251521
24.4473 3252961
24.4497 3254401
24.4497 3255841
24.4521 3257281
24.4521 3258721
24.4545 3260161
24.4545 3261601
24.4569 3263041
24.4569 3264481
24.6144 3265921
24.6144 3267361
24.6168 3268801
24.6168 3270241
24.6191 3271681
24.6191 3273121
24.6215 3274561
24.6215 3276001
24.6242 3277441
24.6242 3278881
24.6266 3280321
24.6266 3281761
24.629 3283201
24.629 3284641
24.6314 3286081
24.6314 3287521
24.6314 3288961
24.6338 3290401
24.6338 3291841
24.7913 3293281
24.7913 3294721
24.7936 3296161
24.7936 3297601
24.796 3299041
24.796 3300481
24.7984 3301921
24.7984 3303361
24.8011 3304801
24.8011 3306241
24.8039 3307681
24.8039 3309121
24.8062 3310561
24.8062 3312001
24.8086 3313441
24.8086 3314881
24.811 3316321
24.811 3317761
24.8134 3319201
24.8134 3320641
24.9693 3322081
24.9693 3323521
24.9717 3324961
24.9717 3326401
24.9741 3327841
24.9741 3329281
24.9765 3330721
24.9765 3332161
24.9792 3333601
24.9792 3335041
24.9821 3336481
24.9821 3337921
24.9845 3339361
24.9845 3340801
24.9869 3342241
24.9869 3343681
24.9893 3345121
24.9893 3346561
24.9917 3348001
24.9917 3349441
24.9917 3350881
25.1474 3352321
25.1474 3353761
25.1498 3355201
25.1498 3356641
25.1522 3358081
25.1522 3359521
25.1546 3360961
25.1546 3362401
25.1573 3363841
25.1573 3365281
25.1602 3366721
25.1602 3368161
25.1626 3369601
25.1626 3371041
25.165 3372481
25.165 3373921
25.1674 3375361
25.1674 3376801
25.17 3378241
25.17 3379681
25.3243 3381121
25.3243 3382561
25.3268 3384001
25.3268 3385441
25.3291 3386881
25.3291 3388321
25.3315 3389761
25.3315 3391201
25.3342 3392641
25.3342 3394081
25.3371 3395521
25.3371 3396961
25.3395 3398401
25.3395 3399841
25.3419 3401281
25.3419 3402721
25.3443 3404161
25.3443 3405601
25.3468 3407041
25.3468 3408481
25.5012 3409921
25.5012 3411361
25.5012 3412801
25.504 3414241
25.504 3415681
25.5064 3417121
25.5064 3418561
25.5088 3420001
25.5088 3421441
25.5112 3422881
25.5112 3424321
25.514 3425761
25.514 3427201
25.5163 3428641
25.5163 3430081
25.5188 3431521
25.5188 3432961
25.5212 3434401
25.5212 3435841
25.5237 3437281
25.5237 3438721
25.6781 3440161
25.6781 3441601
25.6805 3443041
25.6805 3444481
25.6829 3445921
25.6829 3447361
25.6856 3448801
25.6856 3450241
25.688 3451681
25.688 3453121
25.6904 3454561
25.6904 3456001
25.6928 3457441
25.6928 3458881
25.6952 3460321
25.6952 3461761
25.6976 3463201
25.6976 3464641
25.7 3466081
25.7 3467521
25.7024 3468961
25.7024 3470401
25.8562 3471841
25.8562 3473281
25.8586 3474721
25.8586 3476161
25.861 3477601
25.861 3479041
25.861 3480481
25.8637 3481921
25.8637 3483361
25.8661 3484801
25.8661 3486241
25.8685 3487681
25.8685 3489121
25.8709 3490561
25.8709 3492001
25.8733 3493441
25.8733 3494881
25.8757 3496321
25.8757 3497761
25.8781 3499201
25.8781 3500641
25.8804 3502081
25.8804 3503521
26.0343 3504961
26.0343 3506401
26.0367 3507841
26.0367 3509281
26.039 3510721
26.039 3512161
26.0414 3513601
26.0414 3515041
26.0438 3516481
26.0438 3517921
26.0462 3519361
26.0462 3520801
26.0486 3522241
26.0486 3523681
26.051 3525121
26.051 3526561
26.0534 3528001
26.0534 3529441
26.0558 3530881
26.0558 3532321
26.0582 3533761
26.0582 3535201
26.2112 3536641
26.2112 3538081
26.2135 3539521
26.2135 3540961
26.2159 3542401
26.2159 3543841
26.2183 3545281
26.2183 3546721
26.2207 3548161
26.2207 3549601
26.2207 3551041
26.2231 3552481
26.2231 3553921
26.2255 3555361
26.2255 3556801
26.2279 3558241
26.2279 3559681
26.2303 3561121
26.2303 3562561
26.2327 3564001
26.2327 3565441
26.2351 3566881
26.2351 3568321
26.388 3569761
26.388 3571201
26.3904 3572641
26.3904 3574081
26.3928 3575521
26.3928 3576961
26.3952 3578401
26.3952 3579841
26.3976 3581281
26.3976 3582721
26.4 3584161
26.4 3585601
26.4024 3587041
26.4024 3588481
26.4048 3589921
26.4048 3591361
26.4072 3592801
26.4072 3594241
26.4096 3595681
26.4096 3597121
26.4119 3598561
26.4119 3600001
26.4143 3601441
26.4143 3602881
26.5661 3604321
26.5661 3605761
26.5685 3607201
26.5685 3608641
26.5709 3610081
26.5709 3611521
26.5733 3612961
26.5733 3614401
26.5757 3615841
26.5757 3617281
26.5781 3618721
26.5781 3620161
26.5781 3621601
26.5805 3623041
26.5805 3624481
26.5829 3625921
26.5829 3627361
26.5852 3628801
26.5852 3630241
26.5876 3631681
26.5876 3633121
26.59 3634561
26.59 3636001
26.5924 3637441
26.5924 3638881
26.7442 3640321
26.7442 3641761
26.7466 3643201
26.7466 3644641
26.749 3646081
26.749 3647521
26.7514 3648961
26.7514 3650401
26.7538 3651841
26.7538 3653281
26.7562 3654721
26.7562 3656161
26.7586 3657601
26.7586 3659041
26.7609 3660481
26.7609 3661921
26.7633 3663361
26.7633 3664801
26.7657 3666241
26.7657 3667681
26.7681 3669121
26.7681 3670561
26.7705 3672001
26.7705 3673441
26.9213 3674881
26.9213 3676321
26.9237 3677761
26.9237 3679201
26.9261 3680641
26.9261 3682081
26.9285 3683521
26.9285 3684961
26.9309 3686401
26.9309 3687841
26.9333 3689281
26.9333 3690721
26.9357 3692161
26.9357 3693601
26.938 3695041
26.938 3696481
26.938 3697921
26.9404 3699361
26.9404 3700801
26.9428 3702241
26.9428 3703681
26.9452 3705121
26.9452 3706561
26.9476 3708001
26.9476 3709441
27.0982 3710881
27.0982 3712321
27.1006 3713761
27.1006 3715201
27.103 3716641
27.103 3718081
27.1054 3719521
27.1054 3720961
27.1078 3722401
27.1078 3723841
27.1105 3725281
27.1105 3726721
27.1129 3728161
27.1129 3729601
27.1153 3731041
27.1153 3732481
27.1177 3733921
27.1177 3735361
27.1201 3736801
27.1201 3738241
27.1224 3739681
27.1224 3741121
27.1248 3742561
27.1248 3744001
27.1272 3745441
27.1272 3746881
27.2763 3748321
27.2763 3749761
27.2787 3751201
27.2787 3752641
27.2811 3754081
27.2811 3755521
27.2835 3756961
27.2835 3758401
27.2858 3759841
27.2858 3761281
27.2886 3762721
27.2886 3764161
27.291 3765601
27.291 3767041
27.2934 3768481
27.2934 3769921
27.2957 3771361
27.2957 3772801
27.2981 3774241
27.2981 3775681
27.2981 3777121
27.3005 3778561
27.3005 3780001
27.3029 3781441
27.3029 3782881
27.3053 3784321
27.3053 3785761
27.4545 3787201
27.4545 3788641
27.4569 3790081
27.4569 3791521
27.4593 3792961
27.4593 3794401
27.4617 3795841
27.4617 3797281
27.4641 3798721
27.4641 3800161
27.4667 3801601
27.4667 3803041
27.469 3804481
27.469 3805921
27.4714 3807361
27.4714 3808801
27.4738 3810241
27.4738 3811681
27.4762 3813121
27.4762 3814561
27.4786 3816001
27.4786 3817441
27.481 3818881
27.481 3820321
27.4834 3821761
27.4834 3823201
27.6314 3824641
27.6314 3826081
27.6338 3827521
27.6338 3828961
27.6362 3830401
27.6362 3831841
27.6386 3833281
27.6386 3834721
27.6409 3836161
27.6409 3837601
27.6435 3839041
27.6435 3840481
27.6459 3841921
27.6459 3843361
27.6483 3844801
27.6483 3846241
27.6507 3847681
27.6507 3849121
27.6531 3850561
27.6531 3852001
27.6555 3853441
27.6555 3854881
27.6555 3856321
27.6579 3857761
27.6579 3859201
27.6603 3860641
27.6603 3862081
27.8083 3863521
27.8083 3864961
27.8107 3866401
27.8107 3867841
27.813 3869281
27.813 3870721
27.8154 3872161
27.8154 3873601
27.8178 3875041
27.8178 3876481
27.8204 3877921
27.8204 3879361
27.8228 3880801
27.8228 3882241
27.8252 3883681
27.8252 3885121
27.8276 3886561
27.8276 3888001
27.83 3889441
27.83 3890881
27.8324 3892321
27.8324 3893761
27.8348 3895201
27.8348 3896641
27.8372 3898081
27.8372 3899521
27.8396 3900961
27.8396 3902401
27.9867 3903841
27.9867 3905281
27.9891 3906721
27.9891 3908161
27.9915 3909601
27.9915 3911041
27.9941 3912481
27.9941 3913921
27.9965 3915361
27.9965 3916801
27.9989 3918241
27.9989 3919681
28.0013 3921121
28.0013 3922561
28.0037 3924001
28.0037 3925441
28.0061 3926881
28.0061 3928321
28.0085 3929761
28.0085 3931201
28.0109 3932641
28.0109 3934081
28.0133 3935521
28.0133 3936961
28.0156 3938401
28.0156 3939841
28.0156 3941281
28.018 3942721
28.018 3944161
28.1648 3945601
28.1648 3947041
28.1672 3948481
28.1672 3949921
28.1696 3951361
28.1696 3952801
28.1722 3954241
28.1722 3955681
28.1746 3957121
28.1746 3958561
28.177 3960001
28.177 3961441
28.1794 3962881
28.1794 3964321
28.1818 3965761
28.1818 3967201
28.1842 3968641
28.1842 3970081
28.1866 3971521
28.1866 3972961
28.189 3974401
28.189 3975841
28.1913 3977281
28.1913 3978721
28.1937 3980161
28.1937 3981601
28.1961 3983041
28.1961 3984481
28.3417 3985921
28.3417 3987361
28.3441 3988801
28.3441 3990241
28.3465 3991681
28.3465 3993121
28.3491 3994561
28.3491 3996001
28.3515 3997441
28.3515 3998881
28.3539 4000321
28.3539 4001761
28.3563 4003201
28.3563 4004641
28.3587 4006081
28.3587 4007521
28.3611 4008961
28.3611 4010401
28.3634 4011841
28.3634 4013281
28.3658 4014721
28.3658 4016161
28.3682 4017601
28.3682 4019041
28.3706 4020481
28.3706 4021921
28.373 4023361
28.373 4024801
28.519 4026241
28.519 4027681
28.519 4029121
28.5214 4030561
28.5214 4032001
28.5238 4033441
28.5238 4034881
28.5262 4036321
28.5262 4037761
28.5285 4039201
28.5285 4040641
28.5309 4042081
28.5309 4043521
28.5333 4044961
28.5333 4046401
28.5357 4047841
28.5357 4049281
28.5381 4050721
28.5381 4052161
28.5405 4053601
28.5405 4055041
28.5429 4056481
28.5429 4057921
28.5453 4059361
28.5453 4060801
28.5477 4062241
28.5477 4063681
28.5501 4065121
28.5501 4066561
28.6959 4068001
28.6959 4069441
28.6983 4070881
28.6983 4072321
28.7007 4073761
28.7007 4075201
28.703 4076641
28.703 4078081
28.7054 4079521
28.7054 4080961
28.7078 4082401
28.7078 4083841
28.7102 4085281
28.7102 4086721
28.7126 4088161
28.7126 4089601
28.715 4091041
28.715 4092481
28.7174 4093921
28.7174 4095361
28.7198 4096801
28.7198 4098241
28.7222 4099681
28.7222 4101121
28.7246 4102561
28.7246 4104001
28.727 4105441
28.727 4106881
28.7293 4108321
28.7293 4109761
28.874 4111201
28.874 4112641
28.8764 4114081
28.8764 4115521
28.8787 4116961
28.8787 4118401
28.8787 4119841
28.8811 4121281
28.8811 4122721
28.8835 4124161
28.8835 4125601
28.8859 4127041
28.8859 4128481
28.8883 4129921
28.8883 4131361
28.8907 4132801
28.8907 4134241
28.8931 4135681
28.8931 4137121
28.8955 4138561
28.8955 4140001
28.8979 4141441
28.8979 4142881
28.9003 4144321
28.9003 4145761
28.9039 4147201
28.9039 4148641
28.9051 4150081
28.9062 4102561
29.0688 4150081
29.0688 4151521
29.07 4152961
29.0712 4154401
29.0724 4155841
29.0736 4157281
29.0748 4158721
29.076 4160161
29.0772 4161601
29.0784 4163041
29.0796 4164481
29.0808 4165921
29.082 4167361
29.0832 4168801
29.0843 4170241
29.2469 4171681
29.2469 4173121
29.2493 4174561
29.2493 4176001
29.2517 4177441
29.2517 4178881
29.2541 4180321
29.2541 4181761
29.2564 4183201
29.2564 4184641
29.2588 4186081
29.2588 4187521
29.2612 4188961
29.2612 4190401
29.425 4191841
29.425 4193281
29.425 4194721
29.4274 4196161
29.4274 4197601
29.4297 4199041
29.4297 4200481
29.4321 4201921
29.4321 4203361
29.4345 4204801
29.4345 4206241
29.4369 4207681
29.4369 4209121
29.4393 4210561
29.4393 4212001
29.6033 4213441
29.6033 4214881
29.6057 4216321
29.6057 4217761
29.6081 4219201
29.6081 4220641
29.6105 4222081
29.6105 4223521
29.6129 4224961
29.6129 4226401
29.6153 4227841
29.6153 4229281
29.6177 4230721
29.6177 4232161
29.7802 4233601
29.7802 4235041
29.7826 4236481
29.7826 4237921
29.7826 4239361
29.7853 4240801
29.7853 4242241
29.7877 4243681
29.7877 4245121
29.7901 4246561
29.7901 4248001
29.7925 4249441
29.7925 4250881
29.7949 4252321
29.7949 4253761
29.9571 4255201
29.9571 4256641
29.9595 4258081
29.9595 4259521
29.9619 4260961
29.9619 4262401
29.9643 4263841
29.9643 4265281
29.9667 4266721
29.9667 4268161
29.9691 4269601
29.9691 4271041
29.9715 4272481
29.9715 4273921
29.9741 4275361
29.9741 4276801
