0.374217 0.174
0.551149 0.174375
0.729234 0.174828
0.907319 0.175225
1.08421 0.197697
1.0866 0.195359
1.26229 0.19319
1.26468 0.191541
1.26707 0.190223
1.44038 0.188695
1.44277 0.187608
1.44516 0.186782
1.44755 0.185935
1.61745 0.206443
1.61984 0.203012
1.62223 0.200136
1.62462 0.197869
1.62701 0.195885
1.6294 0.19415
1.79447 0.213256
1.79686 0.208974
1.79925 0.205352
1.80164 0.202433
1.80403 0.199879
1.80642 0.197644
1.80881 0.195939
1.8112 0.194446
1.81359 0.193141
1.97136 0.211748
1.97375 0.207654
1.97614 0.204198
1.97853 0.201423
1.98092 0.19887
1.98331 0.196761
1.9857 0.195166
1.98809 0.19377
1.99048 0.192549
1.99287 0.19173
1.99526 0.191139
1.99765 0.190497
2.00004 0.19031
2.00243 0.190146
2.14944 0.188628
2.15183 0.187549
2.15423 0.186731
2.15662 0.185889
2.15901 0.185528
2.1614 0.185212
2.16379 0.184936
2.16618 0.185069
2.16857 0.18506
2.17096 0.185053
2.17335 0.185421
2.17574 0.185618
2.17813 0.185916
2.18052 0.186427
2.18291 0.186873
2.1853 0.187264
2.18769 0.187856
2.19008 0.188499
2.19247 0.188937
2.19486 0.18957
2.19725 0.190248
2.32753 0.188717
2.32992 0.187628
2.33231 0.186799
2.3347 0.185949
2.33709 0.185581
2.33948 0.185258
2.34187 0.184851
2.34426 0.184869
2.34665 0.184886
2.34904 0.185025
2.35143 0.185397
2.35382 0.185597
2.35621 0.185898
2.3586 0.18641
2.36099 0.186859
2.36339 0.187252
2.36578 0.187845
2.36817 0.18849
2.37056 0.188928
2.37295 0.189562
2.37534 0.190242
2.37773 0.190837
2.38012 0.191732
2.38251 0.192391
2.3849 0.192967
2.38729 0.193846
2.38968 0.19449
2.39207 0.195179
2.39446 0.196032
2.39685 0.196778
2.39924 0.19743
2.50442 0.211127
2.50681 0.207111
2.5092 0.203722
2.51159 0.201007
2.51398 0.198506
2.51637 0.196443
2.51876 0.194887
2.52115 0.193526
2.52354 0.192336
2.52593 0.191544
2.52832 0.190976
2.53071 0.190354
2.5331 0.190185
2.53549 0.190036
2.53788 0.189782
2.54027 0.189934
2.54267 0.190067
2.54506 0.190309
2.54745 0.19077
2.54984 0.191049
2.55252 0.191418
2.55491 0.191991
2.5573 0.192617
2.55969 0.19304
2.56208 0.193785
2.8835 0.191812
2.88589 0.190085
2.88828 0.188575
2.89067 0.187253
2.89306 0.186221
2.89545 0.185194
2.89784 0.184294
2.90023 0.183633
2.90262 0.182928
2.90501 0.182437
2.9074 0.181883
2.91004 0.181522
2.91243 0.181082
2.91482 0.180697
2.91721 0.180485
2.9196 0.180174
2.92239 0.180027
2.92478 0.179774
2.92717 0.179677
2.92956 0.179593
2.93195 0.179393
2.93434 0.179344
2.93673 0.179176
2.93912 0.179154
2.94151 0.179135
2.9439 0.178993
2.94629 0.178994
2.94868 0.17887
2.95107 0.178886
3.06158 0.178775
3.06397 0.178678
3.06636 0.178594
3.06875 0.178519
3.07114 0.178454
3.07353 0.178398
3.07593 0.178348
3.07832 0.178304
3.08071 0.178266
3.0831 0.178233
3.08549 0.178204
3.08839 0.178178
3.09078 0.178156
3.09317 0.178262
3.09556 0.178229
3.09795 0.1782
3.10047 0.178175
3.10286 0.178153
3.10525 0.178134
3.10764 0.178117
3.11003 0.178228
3.11242 0.178199
3.11481 0.178174
3.1172 0.178153
3.11959 0.178133
3.12198 0.178117
3.12437 0.178102
3.12677 0.178089
3.12916 0.178078
3.23967 0.178068
3.24206 0.178435
3.24445 0.178756
3.24684 0.178911
3.24923 0.179172
3.25162 0.179276
3.2564 0.179491
3.25879 0.179555
3.26118 0.179735
3.26357 0.179769
3.26596 0.179797
3.26835 0.179823
3.27102 0.17997
3.27341 0.179974
3.2758 0.179977
3.27821 0.180105
3.2806 0.180092
3.28299 0.18008
3.28538 0.18007
3.28777 0.180061
3.29016 0.180054
3.29255 0.180047
3.29494 0.180041
3.29733 0.180036
3.29972 0.180032
3.30211 0.180153
3.30476 0.180134
3.30715 0.180242
3.41656 0.193587
3.41895 0.191763
3.42134 0.190168
3.42373 0.188772
3.42612 0.187675
3.42851 0.186591
3.43329 0.186017
3.43568 0.18514
3.43807 0.184747
3.44046 0.184404
3.44285 0.183979
3.44524 0.183731
3.44763 0.183515
3.45002 0.183325
3.45241 0.183035
3.4548 0.18278
3.45719 0.182683
3.45958 0.182473
3.46197 0.182288
3.46437 0.182252
3.46703 0.182221
3.46942 0.182193
3.47181 0.182044
3.4742 0.182039
3.47659 0.182034
3.47898 0.181905
3.48137 0.181916
3.48377 0.181802
3.48616 0.181827
3.59348 0.194848
3.59587 0.192867
3.59826 0.191259
3.60072 0.189727
3.60311 0.188511
3.6055 0.187322
3.60789 0.186282
3.61148 0.185246
3.61387 0.184341
3.61626 0.183548
3.61865 0.182855
3.62104 0.182373
3.62343 0.181826
3.62582 0.181348
3.62821 0.180929
3.6306 0.180563
3.63299 0.180243
3.63538 0.179962
3.63777 0.179717
3.64016 0.179628
3.64255 0.179424
3.64512 0.179246
3.64751 0.17909
3.6499 0.178954
3.65229 0.178835
3.65468 0.17873
3.65707 0.178764
3.65946 0.178669
3.66185 0.178585
3.66424 0.178512
3.77157 0.178448
3.77396 0.178392
3.77635 0.178343
3.7788 0.1783
3.7824 0.178388
4.00164 0.178339
4.00403 0.178422
4.00642 0.178369
4.00881 0.178323
4.0112 0.178283
4.01359 0.178247
4.01598 0.178216
4.01837 0.178189
4.12536 0.191291
4.12775 0.189629
4.13014 0.188176
4.1326 0.186904
4.1362 0.186041
4.13859 0.185036
4.17853 0.188906
4.18092 0.187668
4.18331 0.186584
4.1857 0.185636
4.18809 0.184932
4.19048 0.18419
4.19287 0.183542
4.19526 0.183099
4.30225 0.195711
4.30464 0.193623
4.30703 0.19192
4.30949 0.190305
4.31309 0.189142
4.31548 0.187874
4.35564 0.191515
4.35803 0.190075
4.36042 0.188816
4.36281 0.187589
4.3652 0.18664
4.36759 0.185685
4.36998 0.18485
4.37237 0.184243
4.47914 0.196713
4.48153 0.194499
4.48392 0.192562
4.48672 0.190866
4.4903 0.189633
4.49269 0.188304
4.53253 0.191891
4.53492 0.19028
4.53731 0.18887
4.5397 0.187636
4.54209 0.186681
4.54448 0.185721
4.54687 0.184881
4.55047 0.184396
4.8923 0.183596
4.89469 0.182897
4.89708 0.18241
4.89947 0.181859
4.90186 0.181376
4.90546 0.180954
5.01022 0.19346
5.07038 0.191527
5.07277 0.189837
5.07516 0.188357
5.07755 0.187062
5.07995 0.18593
5.08355 0.184938
5.1883 0.184071
5.24847 0.183312
5.25086 0.182648
5.25325 0.182067
5.25564 0.181559
5.25803 0.181239
5.26163 0.180834
5.36639 0.18048
5.42655 0.18017
5.42894 0.180149
5.43133 0.180255
5.78513 0.179973
5.78753 0.179726
5.78992 0.179511
5.96321 0.179322
5.96562 0.179157
5.96801 0.179137
6.14166 0.178995
6.14405 0.179246
6.14644 0.179465
6.31873 0.200782
6.32112 0.198184
6.32351 0.195786
6.49562 0.214938
6.49801 0.210571
6.5004 0.206624
6.50279 0.203171
6.67371 0.200025
6.6761 0.197272
6.67849 0.194863
6.68088 0.192755
6.85179 0.190911
6.85418 0.189297
6.85657 0.187885
6.85896 0.186649
7.02868 0.206818
7.03107 0.203466
7.03346 0.200407
7.03585 0.197732
7.20557 0.21639
7.20796 0.211716
7.21035 0.207627
7.21274 0.204048
7.38246 0.221917
7.38485 0.216553
7.38724 0.211984
7.38963 0.207861
7.39202 0.204378
7.56055 0.201081
7.56294 0.198196
7.56533 0.195671
7.56772 0.193462
7.57011 0.19153
7.73863 0.189838
7.74102 0.188484
7.74341 0.187173
7.7458 0.186276
7.74819 0.185617
7.91588 0.20554
7.91827 0.202347
7.92066 0.199429
7.92305 0.197
7.92544 0.194875
8.09287 0.213516
8.09526 0.209326
8.09765 0.205536
8.10004 0.202344
8.10243 0.199426
8.10482 0.196872
8.27095 0.194513
8.27334 0.192449
8.27574 0.190643
8.27813 0.189063
8.28052 0.18768
8.28291 0.18647
8.44904 0.185536
8.45143 0.184594
8.45382 0.18377
8.45621 0.183049
8.4586 0.182418
8.46099 0.181865
8.62593 0.202007
8.62832 0.199131
8.63071 0.196615
8.6331 0.194538
8.63549 0.192596
8.63788 0.190896
8.80282 0.209784
8.80521 0.206061
8.8076 0.202679
8.80999 0.199719
8.81238 0.197129
8.81477 0.194863
8.97971 0.213255
8.9821 0.209098
8.98449 0.205336
8.98688 0.202044
8.98927 0.199288
8.99166 0.196752
8.99405 0.194658
9.15816 0.192701
9.16055 0.190863
9.16294 0.189255
9.16533 0.187974
9.16772 0.186727
9.17011 0.185761
9.1725 0.184791
9.33634 0.183942
9.33873 0.183199
9.34112 0.182674
9.34351 0.182465
9.3459 0.182157
9.34829 0.182012
9.35068 0.181761
9.51323 0.201666
9.51562 0.198832
9.51801 0.196478
9.5204 0.194294
9.52279 0.192382
9.52518 0.190834
9.52757 0.189355
9.69012 0.208186
9.69251 0.204537
9.6949 0.201345
9.69729 0.198552
9.69968 0.196108
9.70207 0.194095
9.70446 0.192208
9.70685 0.190557
9.86821 0.188987
9.8706 0.187614
9.87299 0.186412
9.87538 0.185361
9.87777 0.18444
9.88016 0.183635
9.88255 0.182931
9.88494 0.182315
10.0463 0.181775
10.0487 0.181303
10.0511 0.181015
10.0535 0.180639
10.0559 0.180309
10.0582 0.18002
10.0606 0.180018
10.063 0.18014
10.2232 0.199998
10.2256 0.197373
10.228 0.195076
10.2304 0.193067
10.2327 0.191309
10.2351 0.189895
10.2375 0.188533
10.2399 0.187341
10.4001 0.206049
10.4025 0.202668
10.4049 0.199709
10.4072 0.197246
10.4096 0.194965
10.412 0.193094
10.4144 0.191332
10.4168 0.189791
10.4192 0.188567
10.5782 0.187246
10.5805 0.18609
10.5829 0.185079
10.5853 0.184194
10.5877 0.18342
10.5901 0.182742
10.5925 0.18215
10.5949 0.181631
10.5973 0.181177
10.7562 0.18078
10.7586 0.180432
10.761 0.180253
10.7634 0.179972
10.7658 0.179725
10.7682 0.17951
10.7706 0.179321
10.773 0.179156
10.7754 0.179011
10.9331 0.198635
10.9355 0.196181
10.9379 0.194033
10.9403 0.192154
10.9427 0.19051
10.9451 0.189196
10.9475 0.187921
10.9499 0.186806
10.9523 0.185955
11.11 0.204586
11.1124 0.201388
11.1148 0.198589
11.1172 0.196266
11.1196 0.194107
11.122 0.192219
11.4743 0.190567
11.4767 0.188996
11.4791 0.187746
11.4815 0.186653
11.6512 0.206571
11.6536 0.203125
11.656 0.200234
11.6584 0.19758
11.8281 0.216258
11.8305 0.2116
11.8329 0.207525
11.8353 0.20396
12.0054 0.22184
12.0078 0.216485
12.0102 0.211924
12.0125 0.207934
12.0149 0.204317
12.1837 0.201027
12.1861 0.198274
12.1884 0.19574
12.1908 0.193522
12.1932 0.191707
12.3617 0.189994
12.3641 0.188494
12.3665 0.187183
12.3689 0.186285
12.3713 0.185624
12.539 0.205671
12.5414 0.202462
12.5438 0.199529
12.5462 0.197088
12.5486 0.194952
12.7159 0.213583
12.7183 0.20926
12.7207 0.205478
12.7231 0.202293
12.7255 0.199381
12.7279 0.196834
12.8946 0.194605
12.8969 0.192529
12.8994 0.190838
12.9018 0.189233
12.9042 0.187954
12.9066 0.186835
13.0727 0.18573
13.0751 0.184889
13.0775 0.184028
13.0799 0.183274
13.0825 0.182615
13.0849 0.182038
13.2496 0.202158
13.252 0.199389
13.2544 0.19684
13.2568 0.19461
13.2594 0.192784
13.2618 0.191061
13.4265 0.209928
13.4289 0.206062
13.4313 0.202679
13.4337 0.199719
13.4363 0.197255
13.4387 0.194973
13.6036 0.213351
13.6061 0.209182
13.6084 0.205534
13.6108 0.202218
13.6132 0.19944
13.6156 0.196885
13.618 0.194775
13.782 0.192803
13.7845 0.190953
13.7869 0.189333
13.7893 0.188042
13.7916 0.186787
13.794 0.185813
13.7964 0.184837
13.9601 0.183982
13.9626 0.183234
13.965 0.182705
13.9674 0.182117
13.9698 0.181852
13.9722 0.181746
13.9746 0.181527
14.329 0.181087
14.4908 0.200701
14.4938 0.197863
14.507 0.195505
14.6691 0.193442
14.6719 0.191512
14.6853 0.189823
14.846 0.20847
14.8488 0.204786
14.8622 0.203063
15.0229 0.219805
15.0256 0.214704
15.0391 0.211741
15.1998 0.227399
15.2022 0.221474
15.2046 0.216165
15.2172 0.211394
15.3779 0.20722
15.3803 0.203567
15.3827 0.200371
15.3953 0.197575
15.556 0.195128
15.5584 0.192987
15.5608 0.191114
15.5722 0.190974
15.733 0.209353
15.7354 0.205684
15.7378 0.202348
15.7491 0.20068
15.9099 0.21772
15.9123 0.21288
15.9147 0.208645
15.926 0.206189
15.9284 0.202791
16.0881 0.199817
16.0905 0.19709
16.0929 0.194703
16.1041 0.192615
16.1065 0.190789
16.2666 0.18919
16.2689 0.187791
16.2713 0.186692
16.2822 0.185606
16.2846 0.184655
16.4449 0.183823
16.4473 0.18347
16.4497 0.183161
16.4591 0.183766
16.4614 0.183171
16.6218 0.202399
16.6242 0.199599
16.6266 0.197024
16.636 0.195771
16.6385 0.193675
16.7991 0.211716
16.8015 0.207751
16.8039 0.204157
16.8063 0.201138
16.8141 0.198245
16.8166 0.195715
16.9774 0.1935
16.9798 0.191563
16.9822 0.189992
16.9846 0.188493
16.9926 0.187182
16.995 0.186034
17.1557 0.18503
17.1581 0.184276
17.1605 0.183492
17.1628 0.182805
17.1695 0.183079
17.1719 0.18257
17.3329 0.201998
17.3353 0.199249
17.3377 0.196717
17.34 0.194628
17.3464 0.193299
17.3488 0.191512
17.5098 0.209823
17.5122 0.206095
17.5145 0.202708
17.5169 0.199745
17.5233 0.197652
17.5257 0.19532
17.5281 0.193405
17.6878 0.191479
17.6902 0.189795
17.6926 0.18832
17.695 0.187155
17.7014 0.186011
17.7038 0.185009
17.7061 0.184133
17.8664 0.183492
17.8688 0.182805
17.8712 0.18233
17.8736 0.181788
17.8794 0.181315
17.8818 0.1809
17.8842 0.180538
18.0435 0.200096
18.0458 0.197459
18.0482 0.195276
18.0506 0.193242
18.0563 0.191962
18.0587 0.190341
18.0611 0.189049
18.2203 0.207418
18.2227 0.203865
18.2251 0.200882
18.2275 0.198147
18.2335 0.196254
18.2362 0.194222
18.2386 0.192444
18.3972 0.210389
18.3996 0.206465
18.402 0.203157
18.4044 0.200137
18.4068 0.197495
18.4115 0.195058
18.4145 0.192926
18.4169 0.19106
18.5753 0.189428
18.5777 0.187999
18.5801 0.186749
18.5825 0.185656
18.5849 0.184699
18.5896 0.183861
18.5926 0.183129
18.595 0.182488
18.7534 0.181927
18.7558 0.181436
18.7582 0.181006
18.7606 0.180881
18.763 0.18077
18.7665 0.180924
18.7697 0.180809
18.7721 0.180708
18.9303 0.200119
18.9327 0.197479
18.9351 0.195294
18.9375 0.193258
18.9399 0.191475
18.9434 0.190166
18.9466 0.188895
18.949 0.187783
19.1072 0.206185
19.1096 0.202787
19.112 0.199814
19.1144 0.197212
19.1167 0.194936
19.1191 0.193069
19.1215 0.191185
19.1247 0.189537
19.1271 0.188095
19.2853 0.186833
19.2877 0.185729
19.29 0.184888
19.2924 0.184027
19.2948 0.183273
19.2972 0.182614
19.2996 0.182037
19.3028 0.181533
19.3052 0.181091
19.4637 0.180705
19.4661 0.180492
19.4685 0.18018
19.4709 0.179908
19.4733 0.179794
19.4756 0.17957
19.478 0.179749
19.4804 0.179905
19.4828 0.179917
19.6406 0.199302
19.643 0.196765
19.6454 0.194544
19.6478 0.192601
19.6501 0.191026
19.6525 0.189523
19.6549 0.188207
19.6573 0.187056
19.6597 0.186049
19.8176 0.204668
19.82 0.20146
19.8224 0.198777
19.8247 0.196305
19.8271 0.194267
19.8295 0.192359
19.8319 0.190689
19.8343 0.189353
19.8367 0.188059
19.8392 0.187051
19.9961 0.186045
19.9984 0.185164
20.0008 0.184269
20.0032 0.18361
20.0056 0.182909
20.008 0.18242
20.0104 0.181993
20.0128 0.181494
20.0152 0.181182
20.0176 0.180784
20.1742 0.180436
20.1766 0.180132
20.179 0.179865
20.1814 0.179632
20.1838 0.179428
20.1862 0.17925
20.1886 0.179093
20.1909 0.178957
20.1933 0.178837
20.1957 0.178982
20.3511 0.19836
20.3535 0.19594
20.3559 0.193822
20.3583 0.192094
20.3608 0.190458
20.3632 0.18915
20.3656 0.187882
20.368 0.186771
20.3704 0.185925
20.3727 0.185059
20.528 0.203427
20.5304 0.200374
20.5328 0.197702
20.5352 0.195489
20.8854 0.193303
20.8878 0.19139
20.8902 0.189716
20.8925 0.188252
20.8949 0.18697
21.0637 0.185849
21.0661 0.184993
21.0685 0.184119
21.0709 0.183354
21.0733 0.18281
21.2418 0.182208
21.2442 0.181682
21.2466 0.181222
21.249 0.180944
21.2514 0.180576
21.4199 0.180254
21.4223 0.180347
21.4247 0.180304
21.4271 0.180391
21.4295 0.180342
21.5968 0.200924
21.5992 0.198309
21.6016 0.195895
21.604 0.193783
21.6064 0.191935
21.7737 0.210943
21.7761 0.207076
21.7785 0.203566
21.7809 0.200495
21.7833 0.197933
21.7856 0.195567
21.9518 0.193371
21.9542 0.19145
21.9566 0.189768
21.959 0.188297
21.9613 0.18701
21.9637 0.185884
22.1299 0.184898
22.1323 0.184036
22.1346 0.183282
22.137 0.182746
22.1394 0.182528
22.1418 0.182212
22.3068 0.202311
22.3091 0.199522
22.3115 0.196957
22.3139 0.194712
22.3163 0.192748
22.3187 0.191029
22.4836 0.209901
22.486 0.206163
22.4884 0.202768
22.4908 0.199797
22.4932 0.197322
22.4956 0.195032
22.498 0.193028
22.662 0.191149
22.6644 0.189506
22.6668 0.188068
22.6692 0.186934
22.6715 0.185817
22.6739 0.18484
22.6763 0.18411
22.8401 0.183471
22.8425 0.182787
22.8449 0.182189
22.8472 0.181665
22.8499 0.181207
22.8523 0.180931
22.8547 0.180565
23.0173 0.200619
23.0197 0.197917
23.0221 0.195677
23.0245 0.193718
23.0269 0.191878
23.0293 0.190393
23.0317 0.188969
23.1942 0.207848
23.1966 0.204242
23.199 0.201212
23.2016 0.198435
23.204 0.196006
23.2064 0.194005
23.2088 0.192129
23.3711 0.210613
23.3735 0.206662
23.3759 0.203204
23.3783 0.200178
23.3807 0.197531
23.3831 0.19534
23.3855 0.193297
23.3879 0.19151
23.5492 0.189821
23.5516 0.188344
23.554 0.187051
23.5564 0.185919
23.5588 0.184929
23.5612 0.184063
23.5635 0.183305
23.5659 0.182642
23.7273 0.182062
23.7297 0.181554
23.7321 0.181235
23.7345 0.181206
23.7369 0.181055
23.7392 0.181048
23.7416 0.180917
23.744 0.180927
23.9042 0.200686
23.9066 0.197976
23.909 0.195604
23.9114 0.193528
23.9137 0.191712
23.9161 0.190248
23.9185 0.188842
23.9209 0.187612
24.0811 0.206285
24.0835 0.202875
24.0858 0.19989
24.0882 0.197404
24.0906 0.195104
24.093 0.193216
24.0954 0.191439
24.0978 0.189884
24.1002 0.188648
24.2594 0.187317
24.2618 0.186153
24.2642 0.185259
24.2666 0.184351
24.269 0.183557
24.2713 0.182863
24.2737 0.182255
24.2761 0.181848
24.2785 0.181367
24.4375 0.180946
24.4399 0.180578
24.4423 0.180256
24.4446 0.179974
24.4473 0.179852
24.4497 0.17962
24.4521 0.179793
24.4545 0.179944
24.4569 0.179951
24.6144 0.199457
24.6168 0.1969
24.6191 0.194787
24.6215 0.192814
24.6242 0.191212
24.6266 0.189686
24.629 0.188475
24.6314 0.187291
24.6338 0.186254
24.7913 0.204847
24.7936 0.201617
24.796 0.198914
24.7984 0.196425
24.8011 0.194372
24.8039 0.192451
24.8062 0.190894
24.8086 0.189407
24.811 0.188231
24.8134 0.187203
24.9693 0.186052
24.9717 0.185046
24.9741 0.184165
24.9765 0.183394
24.9792 0.18272
24.9821 0.182255
24.9845 0.181723
24.9869 0.181258
24.9893 0.180851
24.9917 0.180494
25.1474 0.180182
25.1498 0.17991
25.1522 0.179671
25.1546 0.179462
25.1573 0.179279
25.1602 0.179119
25.1626 0.178979
25.165 0.178982
25.1674 0.178859
25.17 0.178752
25.3243 0.198033
25.3268 0.195654
25.3291 0.193697
25.3315 0.19186
25.3342 0.190377
25.3371 0.18908
25.3395 0.18782
25.3419 0.186718
25.3443 0.185753
25.3468 0.184909
25.5012 0.203295
25.504 0.200383
25.5064 0.197835
25.5088 0.195481
25.5112 0.193546
25.514 0.191728
25.5163 0.190137
25.5188 0.188745
25.5212 0.187652
25.5237 0.18657
25.6781 0.204749
25.6805 0.20153
25.6829 0.198589
25.6856 0.19614
25.688 0.194123
25.6904 0.192232
25.6928 0.190578
25.6952 0.189131
25.6976 0.187865
25.7 0.186632
25.7024 0.185678
25.8562 0.184718
25.8586 0.183878
25.861 0.183143
25.8637 0.182501
25.8661 0.181938
25.8685 0.181446
25.8709 0.181015
25.8733 0.180638
25.8757 0.180308
25.8781 0.180145
25.8804 0.179877
26.0343 0.179642
26.0367 0.179437
26.039 0.179382
26.0414 0.179584
26.0438 0.179636
26.0462 0.179682
26.0486 0.179722
26.051 0.179756
26.0534 0.179787
26.0558 0.179814
26.0582 0.179837
26.2112 0.198732
26.2135 0.196266
26.2159 0.194107
26.2183 0.192219
26.2207 0.190567
26.2231 0.189246
26.2255 0.187965
26.2279 0.186844
26.2303 0.185989
26.2327 0.185115
26.2351 0.184476
26.388 0.202666
26.3904 0.199708
26.3928 0.19712
26.3952 0.19498
26.3976 0.192982
26.4 0.191234
26.4024 0.189705
26.4048 0.188367
26.4072 0.187321
26.4096 0.186281
26.4119 0.185371
26.4143 0.184574
26.5661 0.183753
26.5685 0.183034
26.5709 0.182404
26.5733 0.181854
26.5757 0.181372
26.5781 0.181076
26.5805 0.180691
26.5829 0.180355
26.5852 0.18006
26.5876 0.179803
26.59 0.179702
26.5924 0.17949
26.7442 0.179303
26.7466 0.179141
26.749 0.178998
26.7514 0.178873
26.7538 0.178764
26.7562 0.178669
26.7586 0.178835
26.7609 0.178981
26.7633 0.179233
26.7657 0.179329
26.7681 0.179538
26.7705 0.179596
26.9213 0.198271
26.9237 0.195862
26.9261 0.193879
26.9285 0.192145
26.9309 0.190501
26.9333 0.189189
26.9357 0.187915
26.938 0.186926
26.9404 0.18606
26.9428 0.185178
26.9452 0.18453
26.9476 0.183839
27.0982 0.201859
27.1006 0.199002
27.103 0.196502
27.1054 0.194314
27.1078 0.1924
27.1105 0.19085
27.1129 0.189368
27.1153 0.188197
27.1177 0.187048
27.1201 0.186167
27.1224 0.185396
27.1248 0.184596
27.1272 0.184022
27.2763 0.183269
27.2787 0.18261
27.2811 0.182159
27.2835 0.181639
27.2858 0.181184
27.2886 0.180786
27.291 0.180438
27.2934 0.180133
27.2957 0.179867
27.2981 0.179633
27.3005 0.179429
27.3029 0.17925
27.3053 0.179094
27.4545 0.178957
27.4569 0.178838
27.4593 0.178733
27.4617 0.178641
27.4641 0.178686
27.4667 0.1786
27.469 0.17865
27.4714 0.178569
27.4738 0.178498
27.4762 0.178436
27.4786 0.178631
27.481 0.178927
27.4834 0.179186
27.6314 0.197538
27.6338 0.195221
27.6362 0.193318
27.6386 0.191528
27.6409 0.189962
27.6435 0.188592
27.6459 0.187393
27.6483 0.186344
27.6507 0.185426
27.6531 0.184748
27.6555 0.184029
27.6579 0.183401
27.6603 0.182851
27.8083 0.200619
27.8107 0.197917
27.813 0.195677
27.8154 0.193593
27.8178 0.191768
27.8204 0.190297
27.8228 0.188885
27.8252 0.187775
27.8276 0.186678
27.83 0.185843
27.8324 0.184988
27.8348 0.184239
27.8372 0.183709
27.8396 0.183121
27.9867 0.182481
27.9891 0.182045
27.9915 0.18154
27.9941 0.181222
27.9965 0.180945
27.9989 0.180576
28.0013 0.180379
28.0037 0.180082
28.0061 0.179947
28.0085 0.179703
28.0109 0.17949
28.0133 0.179429
28.0156 0.179251
28.018 0.179219
28.1648 0.179067
28.1672 0.178933
28.1696 0.178817
28.1722 0.178715
28.1746 0.178625
28.177 0.178547
28.1794 0.178479
28.1818 0.178419
28.1842 0.178367
28.1866 0.178321
28.189 0.178281
28.1913 0.178246
28.1937 0.178215
28.1961 0.178563
28.3417 0.196618
28.3441 0.19454
28.3465 0.192598
28.3491 0.191023
28.3515 0.18952
28.3539 0.188205
28.3563 0.18718
28.3587 0.186157
28.3611 0.185387
28.3634 0.184589
28.3658 0.18389
28.3682 0.183404
28.3706 0.182854
28.373 0.182497
28.519 0.199935
28.5214 0.197443
28.5238 0.195138
28.5262 0.193245
28.5285 0.191465
28.5309 0.189907
28.5333 0.188668
28.5357 0.18746
28.5381 0.186527
28.5405 0.185586
28.5429 0.184763
28.5453 0.184168
28.5477 0.183522
28.5501 0.183082
28.6959 0.200446
28.6983 0.197891
28.7007 0.195529
28.703 0.193588
28.7054 0.191765
28.7078 0.190169
28.7102 0.188898
28.7126 0.187661
28.715 0.186703
28.7174 0.18574
28.7198 0.184898
28.7222 0.184285
28.7246 0.183625
28.727 0.183047
28.7293 0.182541
28.874 0.181973
28.8764 0.181477
28.8787 0.181042
28.8811 0.180662
28.8835 0.180329
28.8859 0.180038
28.8883 0.179783
28.8907 0.17956
28.8931 0.179365
28.8955 0.179195
28.8979 0.179045
28.9003 0.178915
28.9039 0.178925
29.2469 0.17881
29.2493 0.178708
29.2517 0.17862
29.2541 0.178667
29.2564 0.178584
29.2588 0.178511
29.2612 0.178447
29.425 0.178391
29.4274 0.178342
29.4297 0.1783
29.4321 0.178262
29.4345 0.178229
29.4369 0.178201
29.4393 0.178176
29.6033 0.178279
29.6057 0.178619
29.6081 0.178916
29.6105 0.179177
29.6129 0.17928
29.6153 0.179495
29.6177 0.179683
29.7802 0.199848
29.7826 0.197242
29.7853 0.195086
29.7877 0.193076
29.7901 0.191441
29.7925 0.190011
29.7949 0.188635
29.9571 0.207555
29.9595 0.203986
29.9619 0.200863
29.9643 0.19813
29.9667 0.195739
29.9691 0.193646
29.9715 0.191815
29.9741 0.190339
