0.230388 1440
0.363321 2880
0.497406 4320
0.631852 5760
0.764741 7200
0.767132 8640
0.898826 10080
0.901216 11520
0.903607 12960
1.03291 14400
1.0353 15840
1.03769 17280
1.04008 18720
1.16611 20160
1.1685 21600
1.17089 23040
1.17328 24480
1.17567 25920
1.17806 27360
1.299 28800
1.30139 30240
1.30378 31680
1.30617 33120
1.30856 34560
1.31095 36000
1.31334 37440
1.31573 38880
1.31812 40320
1.43188 41760
1.43428 43200
1.43667 44640
1.43906 46080
1.44145 47520
1.44384 48960
1.44623 50400
1.44862 51840
1.45101 53280
1.4534 54720
1.45579 56160
1.45818 57600
1.46057 59040
1.46296 60480
1.56597 61920
1.56836 63360
1.57075 64800
1.57314 66240
1.57553 67680
1.57792 69120
1.58031 70560
1.5827 72000
1.58509 73440
1.58748 74880
1.58987 76320
1.59226 77760
1.59465 79200
1.59704 80640
1.59944 82080
1.60183 83520
1.60422 84960
1.60661 86400
1.609 87840
1.61139 89280
1.61378 90720
1.70036 92160
1.70275 93600
1.70514 95040
1.70753 96480
1.70992 97920
1.71231 99360
1.7147 100800
1.71709 102240
1.71948 103680
1.72187 105120
1.72426 106560
1.72665 108000
1.72904 109440
1.73143 110880
1.73383 112320
1.73622 113760
1.73861 115200
1.741 116640
1.74339 118080
1.74578 119520
1.74817 120960
1.75056 122400
1.75295 123840
1.75534 125280
1.75773 126720
1.76012 128160
1.76251 129600
1.7649 131040
1.76729 132480
1.76968 133920
1.77207 135360
1.83325 136800
1.83564 138240
1.83803 139680
1.84042 141120
1.84281 142560
1.8452 144000
1.84759 145440
1.84998 146880
1.85237 148320
1.85476 149760
1.85715 151200
1.85954 152640
1.86193 154080
1.86432 155520
1.86671 156960
1.86911 158400
1.8715 159840
1.87389 161280
1.87628 162720
1.87867 164160
1.88106 165600
1.88345 167040
1.88584 168480
1.88823 169920
1.89062 171360
1.89301 172800
1.8954 174240
1.89779 175680
1.90018 177120
1.90257 178560
1.90496 180000
1.90735 181440
1.90974 182880
1.91213 184320
1.91452 185760
1.91691 187200
1.9193 188640
1.92169 190080
1.92408 191520
1.92647 192960
1.92887 194400
1.93126 195840
1.93365 197280
1.93604 198720
1.93843 200160
1.94082 201600
1.94321 203040
1.96769 204480
1.97008 205920
1.97247 207360
1.97486 208800
1.97725 210240
1.97964 211680
1.98203 213120
1.98442 214560
1.98681 216000
1.9892 217440
1.99159 218880
1.99398 220320
1.99637 221760
1.99876 223200
2.00115 224640
2.00354 226080
2.00593 227520
2.00832 228960
2.01071 230400
2.0131 231840
2.01549 233280
2.01788 234720
2.02027 236160
2.02267 237600
2.02506 239040
2.02745 240480
2.02984 241920
2.03223 243360
2.03462 244800
2.03701 246240
2.0394 247680
2.04179 249120
2.04418 250560
2.04657 252000
2.04896 253440
2.05135 254880
2.05374 256320
2.05613 257760
2.05852 259200
2.06091 260640
2.0633 262080
2.06569 263520
2.06808 264960
2.07047 266400
2.07286 267840
2.07525 269280
2.07764 270720
2.08003 272160
2.08242 273600
2.08482 275040
2.08721 276480
2.0896 277920
2.09199 279360
2.09438 280800
2.09677 282240
2.09916 283680
2.10155 285120
2.10394 286560
2.10633 288000
2.10872 289440
2.11111 290880
2.1135 292320
2.11589 293760
2.11828 295200
2.12067 296640
2.12306 298080
2.12545 299520
2.12784 300960
2.13023 302400
2.13262 303840
2.13501 305280
2.1374 306720
2.13979 308160
2.14219 309600
2.14458 311040
2.14697 312480
2.14936 313920
2.15175 315360
2.15414 316800
2.15653 318240
2.15892 319680
2.16131 321120
2.1637 322560
2.16609 324000
2.16848 325440
2.17087 326880
2.17326 328320
2.17565 329760
2.17804 331200
2.18043 332640
2.18282 334080
2.18521 335520
2.1876 336960
2.18999 338400
2.19238 339840
2.19477 341280
2.19716 342720
2.19955 344160
2.20195 345600
2.20434 347040
2.20673 348480
2.20912 349920
2.21151 351360
2.2139 352800
2.21629 354240
2.21868 355680
2.22107 357120
2.22346 358560
2.22585 360000
2.22824 361440
2.23063 362880
2.23302 364320
2.23541 365760
2.2378 367200
2.24019 368640
2.24258 370080
2.24497 371520
2.24736 372960
2.24975 374400
2.25214 375840
2.25453 377280
2.25692 378720
2.25931 380160
2.2617 381600
2.2641 383040
2.26649 384480
2.26888 385920
2.27127 387360
2.27366 388800
2.27605 390240
2.27844 391680
2.28083 393120
2.28322 394560
2.28561 396000
2.288 397440
2.2904 398880
2.2928 198000
2.75892 97920
2.98026 97941
2.98265 97962
2.98504 97983
2.98743 98004
2.98982 98025
2.99221 98046
2.9948 98067
2.99719 98088
2.99958 98109
3.00197 98130
3.00436 98151
3.00675 98172
3.00914 98193
3.01273 98214
3.01512 98235
3.01751 98256
3.0199 98277
3.02229 98298
3.02468 98319
3.02707 98340
3.02946 98361
3.03185 98382
3.03424 98403
3.03663 98424
3.03902 98445
3.04141 98466
3.04397 98487
3.04636 98508
3.04875 98529
3.05114 98550
3.05353 98571
3.05711 98592
3.0595 98613
3.06189 98634
3.11434 98655
3.11673 98676
3.11912 98697
3.12151 98718
3.1239 98739
3.12629 98760
3.12889 98780
3.13128 98800
3.13367 98820
3.13606 98840
3.13845 98860
3.14084 98880
3.14323 98900
3.14681 98920
3.1492 98940
3.15159 98960
3.15398 98980
3.15638 99000
3.15877 99020
3.16116 99040
3.16355 99060
3.16594 99080
3.16833 99100
3.17072 99120
3.17311 99140
3.1755 99160
3.17805 99180
3.18044 99200
3.18283 99220
3.18522 99240
3.18761 99260
3.1912 99280
3.19359 99300
3.19598 99320
3.24862 99340
3.25101 99360
3.2534 99380
3.25581 99400
3.2582 99420
3.26059 99440
3.26298 99460
3.26537 99480
3.26776 99500
3.27015 99520
3.27254 99540
3.27493 99560
3.27732 99580
3.28117 99600
3.28356 99620
3.28595 99640
3.28834 99660
3.29073 99680
3.29312 99700
3.29551 99720
3.2979 99740
3.30029 99760
3.3027 99780
3.30509 99800
3.30748 99820
3.30987 99840
3.31226 99860
3.31465 99880
3.31704 99900
3.31943 99920
3.32182 99940
3.32528 99960
3.32767 99980
3.33045 100000
3.38271 100020
3.3851 100040
3.38749 100060
3.38988 100080
3.39227 100100
3.39496 100120
3.39735 100140
3.39974 100160
3.40213 100180
3.40452 100200
3.40691 100220
3.4093 100240
3.41169 100260
3.41408 100280
3.41647 100300
3.41886 100320
3.42125 100340
3.42364 100360
3.42603 100380
3.42842 100400
3.43081 100420
3.4332 100440
3.43559 100460
3.43798 100480
3.44037 100500
3.44276 100520
3.44543 100540
3.44782 100560
3.45021 100580
3.4526 100600
3.45499 100620
3.45858 100640
3.46097 100660
3.46336 100680
3.5156 100700
3.51822 100720
3.52061 100740
3.523 100760
3.52539 100780
3.52785 100800
3.53024 100820
3.53263 100840
3.53502 100860
3.53741 100880
3.5398 100900
3.54219 100920
3.54458 100940
3.54697 100960
3.54936 100980
3.55175 101000
3.55535 101020
3.55774 48960
3.78708 49002
3.78947 49044
3.79186 49086
3.79425 49128
3.79664 49170
3.79903 49212
3.80142 49254
3.80381 49296
3.80621 49338
3.8086 49380
3.81099 49421
3.81338 49462
3.81577 49503
3.81816 49544
3.82055 49585
3.82294 49626
3.82533 49667
3.92122 49708
3.92361 49749
3.926 49790
3.92845 49831
3.93084 49872
3.93323 49913
3.93569 49954
3.93809 49995
3.94048 50036
3.94287 50077
3.94526 50118
3.94779 50159
3.95018 50200
3.95257 50241
3.95496 50282
3.95735 50323
3.95974 50364
4.0553 50405
4.05769 50446
4.06008 50487
4.06253 50528
4.06492 50569
4.06731 50610
4.06977 50650
4.07218 50690
4.07457 50730
4.07696 50770
4.07935 50810
4.08187 50850
4.08426 50890
4.08665 50930
4.08904 50970
4.09143 51010
4.09382 51050
4.18959 51090
4.19198 51130
4.19438 51170
4.19677 51210
4.19916 51250
4.20155 51290
4.20394 51330
4.20633 51370
4.20872 51410
4.21111 51450
4.2135 51490
4.21589 51530
4.21828 51570
4.22067 51610
4.22306 51650
4.22545 51690
4.22784 51730
4.32248 51770
4.32487 51810
4.32726 51850
4.32966 51889
4.33205 51928
4.33444 51967
4.33683 52006
4.33922 52045
4.34161 52084
4.344 52123
4.34639 52162
4.34878 52201
4.35117 52240
4.35356 52279
4.35595 52318
4.35834 52357
4.36073 52396
4.45537 52435
4.45794 52474
4.46273 24480
4.61953 24564
4.62192 24648
4.62431 24732
4.6267 24815
4.62909 24898
4.72236 24981
4.72528 25064
4.72767 25146
4.75276 25228
4.75515 25310
4.75754 25391
4.75993 25472
4.76232 25553
4.85554 25634
4.85817 25714
4.86056 25794
4.88565 25874
4.88804 25954
4.89043 26033
4.89282 26112
4.89521 26191
4.98862 26270
4.99106 26348
4.99345 26426
5.01853 26504
5.02093 26582
5.02332 26660
5.02571 26737
5.0281 26814
5.03049 26891
5.1227 26968
5.12514 27044
5.12753 27120
5.15262 27196
5.15501 27272
5.1574 27348
5.15979 27423
5.16218 27498
5.16457 27573
5.2571 27648
5.25949 27723
5.26188 27797
5.2867 27871
5.28909 27945
5.29149 28019
5.29388 28093
5.29627 28166
5.29866 28239
5.38999 28312
5.39238 28385
5.39477 28458
5.41959 28530
5.42198 28602
5.42437 28674
5.42677 28746
5.42916 28818
5.43155 28889
5.52288 28960
5.52527 29031
5.52793 29102
5.55248 29173
5.55487 29244
5.55726 29314
5.55965 29384
5.56205 29454
5.56444 29524
5.56683 29594
5.65697 29664
5.65936 29733
5.66201 29802
5.68679 29871
5.68918 29940
5.69157 30009
5.69396 30078
5.69635 30146
5.69874 30214
5.70113 30282
5.79133 30350
5.79372 30418
5.79611 30486
5.82088 30554
5.82327 30621
5.82566 30688
5.82805 30755
5.83044 30822
5.83283 30889
5.83522 30956
5.92422 31022
5.92661 31088
5.929 31154
5.95377 31220
5.95628 31286
5.95867 31352
5.96106 31418
5.96354 31484
5.96593 31549
5.96832 31614
6.05723 31679
6.05971 31744
6.0621 31809
6.08665 31874
6.08917 31939
6.09396 14400
6.32909 14544
6.35259 14686
6.35498 14827
6.35737 14966
6.35976 15104
6.46317 15241
6.48668 15377
6.48907 15511
6.49146 15644
6.49385 15776
6.59726 15907
6.62077 16037
6.62316 16166
6.62555 16294
6.62794 16421
6.73134 16547
6.75366 16672
6.75605 16796
6.75844 16919
6.76083 17041
6.86423 17162
6.88655 17282
6.88894 17401
6.89133 17520
6.89372 17638
6.99712 17755
7.01944 17871
7.02183 17987
7.02422 18102
7.02661 18216
7.029 18329
7.1312 18442
7.15352 18554
7.15591 18665
7.1583 18776
7.16069 18886
7.16308 18995
7.26558 19104
7.28761 19212
7.29 19319
7.29239 19426
7.29478 19532
7.29717 19638
7.39847 19743
7.42049 19848
7.42289 19952
7.42528 20055
7.42767 20158
7.43006 20260
7.53136 20362
7.55362 20463
7.55601 20564
7.5584 20664
7.56079 20764
7.56318 20863
7.56557 20962
7.66544 21060
7.68771 21158
7.6901 21256
7.69249 21353
7.69488 21450
7.69727 21546
7.69966 21642
7.79953 21737
7.82179 21832
7.82428 21926
7.82667 22020
7.82906 22114
7.83145 22207
7.83384 22300
7.93242 22392
7.95468 22484
7.95717 22576
7.95956 22667
7.96195 22758
7.96434 22849
7.96673 22939
8.06531 23029
8.0876 23119
8.09006 23208
8.09245 23297
8.09484 23386
8.09723 23474
8.09962 23562
8.1982 23650
8.22049 23737
8.22288 23824
8.22527 23911
8.22766 23997
8.23005 24083
8.23244 24169
8.23483 24254
8.33228 24339
8.35461 24424
8.357 24508
8.35939 24592
8.36178 24676
8.36435 24760
8.36674 24843
8.36913 24926
8.46637 25009
8.4887 25091
8.49109 25173
8.49348 25255
8.49587 25337
8.49826 25418
8.50065 25499
8.50304 25580
8.59926 25661
8.62159 25741
8.62398 25821
8.62637 25901
8.62876 25981
8.63115 26060
8.63375 26139
8.63614 26218
8.73231 26297
8.75448 26375
8.75687 26453
8.75926 26531
8.76165 26609
8.76404 26686
8.76643 26763
8.76882 26840
8.77121 26917
8.86639 26994
8.88856 27070
8.89095 27146
8.89334 27222
8.89573 27298
8.89812 27373
8.90051 27448
8.9029 27523
8.90529 27598
9.00048 27673
9.02265 27747
9.02504 27821
9.02743 27895
9.02982 27969
9.03221 28043
9.0346 28116
9.03699 28189
9.03938 28262
9.13337 28335
9.15562 28408
9.15802 28480
9.16041 28552
9.1628 28624
9.16531 28696
9.1677 28768
9.17009 28840
9.17248 28911
9.26626 28982
9.28851 29053
9.2909 29124
9.2933 29195
9.29569 29266
9.2982 29336
9.30059 29406
9.30298 29476
9.30537 29546
9.30776 29616
9.40034 29686
9.4226 29755
9.42499 29824
9.42738 29893
9.42977 29962
9.43228 30031
9.43467 30100
9.43706 30168
9.43945 30236
9.44184 30304
9.53443 30372
9.55686 30440
9.55925 30508
9.56164 30575
9.56403 30642
9.56648 30709
9.56888 30776
9.57127 30843
9.57366 30910
9.57605 30977
9.66732 31043
9.68975 31109
9.69214 31175
9.69453 31241
9.69692 31307
9.69937 31373
9.70176 31439
9.70416 31504
9.70655 31569
9.70894 31634
9.80021 31699
9.82264 31764
9.82503 31829
9.82742 31894
9.82981 31959
9.83226 32023
9.8348 32087
9.83719 32151
9.83958 32215
9.84197 32279
9.93336 32343
9.93575 32407
9.95673 32470
9.95912 32533
9.96151 32596
9.9639 32659
9.96635 32722
9.96889 32785
9.97128 32848
9.97367 32911
9.97606 32974
10.0674 33036
10.0698 33098
10.0911 33160
10.0935 33222
10.0959 33284
10.0983 33346
10.1007 33408
10.1031 33470
10.1054 33531
10.1078 33592
10.1102 33653
10.2016 33714
10.204 33775
10.2252 33836
10.2276 33897
10.23 33958
10.2324 34019
10.2347 34079
10.2371 34139
10.2395 34199
10.2419 34259
10.2443 34319
10.3345 34379
10.3369 34439
10.3582 34499
10.3606 34559
10.363 34619
10.3654 34678
10.3678 34737
10.3702 34796
10.3726 34855
10.375 34914
10.3774 34973
10.4675 35032
10.4699 35091
10.4911 35150
10.4935 35208
10.4959 35266
10.4982 35324
10.5006 35382
10.503 35440
10.5054 35498
10.5078 35556
10.5102 35614
10.5126 35672
10.6016 35730
10.604 35788
10.6252 35845
10.6275 35902
10.6299 35959
10.6323 36016
10.6347 36073
10.6371 36130
10.6397 36187
10.6421 36244
10.6445 36301
10.6469 36358
10.7362 36415
10.7386 36471
10.7592 36527
10.7616 36583
10.764 36639
10.7664 36695
10.7688 36751
10.7712 36807
10.7736 36863
10.776 36919
10.7784 36975
10.7808 37031
10.8691 37086
10.8715 37141
10.8924 37196
10.8948 37251
10.8972 37306
10.8996 37361
10.902 37416
10.9044 37471
10.9068 37526
10.9092 37581
10.9119 37636
10.9143 37691
11.002 37746
11.0044 37800
11.0253 37854
11.0277 37908
11.0301 37962
11.0325 38016
11.0349 38070
11.0373 38124
11.0397 38178
11.0421 38232
11.0445 38286
11.0468 38340
11.0492 38394
11.1361 38448
11.1385 38501
11.1594 38554
11.1619 38607
11.1643 38660
11.1667 38713
11.1692 38766
11.1716 38819
11.174 38872
11.1764 38925
11.1788 38978
11.1812 39031
11.1836 39084
11.2705 39137
11.2729 39189
11.2935 39241
11.296 39293
11.2984 39345
11.3008 39397
11.3033 39449
11.3057 39501
11.3081 39553
11.3105 39605
11.3129 39657
11.3153 39709
11.3176 39761
11.4034 39813
11.4058 39865
11.4264 39917
11.4289 39968
11.4313 40019
11.4337 40070
11.4362 40121
11.4386 40172
11.441 40223
11.4434 40274
11.4459 40325
11.4483 40376
11.4507 40427
11.5363 40478
11.5387 40529
11.5593 40580
11.5618 40631
11.5642 40682
11.5666 40732
11.5691 40782
11.5715 40832
11.5739 40882
11.5762 40932
11.5788 40982
11.5812 41032
11.5836 41082
11.586 41132
11.6704 41182
11.6727 41232
11.6934 41282
11.6959 41332
11.6983 41382
11.7007 41432
11.7031 41482
11.7055 41531
11.7079 41580
11.7103 41629
11.7129 41678
11.7153 41727
11.7177 41776
11.7201 41825
11.8044 41874
11.8068 41923
11.8274 41972
11.83 42021
11.8324 42070
11.8347 42119
11.8372 42168
11.8396 42217
11.842 42266
11.8444 42315
11.847 42364
11.8494 42412
11.8518 42460
11.8542 42508
11.9377 42556
11.9401 42604
11.9603 42652
11.9628 42700
11.9652 42748
11.9678 42796
11.9702 42844
11.9726 42892
11.975 42940
11.9774 42988
11.9799 43036
11.9823 43084
11.985 43132
11.9874 43180
12.0706 43228
12.073 43275
12.0932 43322
12.0957 43369
12.0981 43416
12.1007 43463
12.1031 43510
12.1055 43557
12.1079 43604
12.1103 43651
12.1128 43698
12.1152 43745
12.1181 43792
12.1205 43839
12.2035 43886
12.2061 43933
12.2086 43980
12.2273 44027
12.2298 44074
12.2322 44121
12.2348 44167
12.2372 44213
12.2396 44259
12.242 44305
12.2444 44351
12.2469 44397
12.2493 44443
12.2522 44489
12.2545 44535
12.3375 44581
12.3401 44627
12.3426 44673
12.3618 44719
12.3642 44765
12.3666 44811
12.3689 44857
12.3713 44903
12.3737 44949
12.3761 44995
12.3785 45041
12.381 45087
12.3833 45132
12.3862 45177
12.3886 45222
12.4716 45267
12.4742 45312
12.4767 45357
12.4947 45402
12.4971 45447
12.4995 45492
12.5018 45537
12.5042 45582
12.5066 45627
12.509 45672
12.5114 45717
12.5138 45762
12.5162 45807
12.5197 45852
12.5221 45897
12.6048 45942
12.6072 45987
12.6096 46032
12.6276 46077
12.63 46122
12.6323 46166
12.6347 46210
12.6371 46254
12.6395 46298
12.6419 46342
12.6443 46386
12.6467 46430
12.6491 46474
12.6526 46518
12.655 46562
12.7377 46606
12.7401 46650
12.7425 46694
12.7605 46738
12.7628 46782
12.7652 46826
12.7676 46870
12.77 46914
12.7724 46958
12.775 47002
12.7774 47046
12.7798 47090
12.7822 47134
12.7846 47177
12.787 47220
12.7893 47263
12.8718 47306
12.8742 47349
12.8766 47392
12.8945 47435
12.8969 47478
12.8993 47521
12.9017 47564
12.9041 47607
12.9065 47650
12.9091 47693
12.9115 47736
12.9139 47779
12.9163 47822
12.9186 47865
12.921 47908
12.9234 47951
13.0058 47994
13.0082 48037
13.0107 48080
13.0288 48123
13.0312 48166
13.0336 48209
13.036 48252
13.0384 48294
13.0408 48336
13.0432 48378
13.0455 48420
13.0479 48462
13.0503 48504
13.0527 48546
13.0551 48588
13.0575 48630
13.1387 48672
13.1411 48714
13.1436 48756
13.1617 48798
13.1641 48840
13.1665 48882
13.1689 48924
13.1713 48966
13.1737 49008
13.176 49050
13.1784 49092
13.1808 49134
13.1832 49176
13.1856 49218
13.188 49260
13.1904 49302
13.2716 49344
13.274 49386
13.2765 49427
13.2946 49468
13.297 49509
13.2997 49550
13.3021 49591
13.3045 49632
13.3069 49673
13.3093 49714
13.3117 49755
13.3141 49796
13.3165 49837
13.3189 49878
13.3213 49919
13.3236 49960
13.326 50001
13.4061 50042
13.4085 50083
13.4109 50124
13.4287 50165
13.4311 50206
13.434 50247
13.4364 50288
13.4388 50329
13.4412 50370
13.4436 50411
13.446 50452
13.4484 50493
13.4507 50534
13.4531 50575
13.4555 50616
13.4579 50656
13.4603 50696
13.5403 50736
13.5427 50776
13.5451 50816
13.5628 50856
13.5651 50896
13.5681 50936
13.5729 23760
13.8061 23847
13.8085 23933
13.8109 24019
13.8286 24105
13.8309 24191
13.8339 24276
13.8363 24361
13.8387 24446
13.9402 24530
13.9426 24614
13.945 24698
13.9626 24781
13.965 24864
13.968 24947
13.9704 25030
13.9728 25112
14.0745 25194
14.0769 25276
14.0793 25358
14.0955 25439
14.0979 25520
14.1009 25601
14.1033 25681
14.1057 25761
14.2074 25841
14.2098 25921
14.2122 26000
14.2284 26079
14.2308 26158
14.2338 26237
14.2362 26316
14.2386 26394
14.3403 26472
14.3427 26550
14.3451 26628
14.3475 26705
14.3625 26782
14.3649 26859
14.3678 26936
14.3702 27012
14.3726 27088
14.4744 27164
14.4768 27240
14.4792 27316
14.4816 27391
14.4969 27466
14.4993 27541
14.5019 27616
14.5043 27691
14.5067 27765
14.6085 27839
14.6109 27913
14.6133 27987
14.6156 28061
14.6298 28134
14.6322 28207
14.635 28280
14.6376 28353
14.64 28426
14.7414 28498
14.7438 28570
14.7461 28642
14.7485 28714
14.7627 28786
14.7651 28858
14.7679 28929
14.7705 29000
14.7729 29071
14.8744 29142
14.8768 29213
14.8792 29283
14.8816 29353
14.8956 29423
14.898 29493
14.9004 29563
14.9027 29633
14.9051 29702
14.9075 29771
15.0109 12960
15.1697 13120
15.1721 13278
15.1745 13434
15.2755 13588
15.3028 13740
15.3052 13890
15.3076 14039
15.4084 14186
15.4357 14332
15.4381 14476
15.4405 14619
15.5413 14760
15.569 14900
15.5713 15039
15.5737 15176
15.5761 15312
15.6754 15447
15.703 15581
15.7054 15714
15.7078 15845
15.7102 15975
15.8096 16104
15.8371 16232
15.8395 16359
15.8419 16485
15.8443 16610
15.9425 16734
15.97 16857
15.9724 16980
15.9748 17102
15.9772 17223
16.0753 17343
16.1029 17462
16.1053 17580
16.1077 17697
16.1101 17814
16.2082 17930
16.2106 18045
16.237 18159
16.2394 18273
16.2418 18386
16.2442 18498
16.3423 18610
16.3447 18721
16.3711 18831
16.3736 18941
16.376 19050
16.3784 19158
16.4764 19266
16.4788 19373
16.504 19480
16.5065 19586
16.5089 19691
16.5113 19796
16.6093 19900
16.6117 20004
16.6368 20107
16.6394 20210
16.6418 20312
16.6442 20414
16.7422 20515
16.7446 20616
16.7697 20716
16.7723 20816
16.7747 20915
16.7775 21014
16.7799 21112
16.8763 21210
16.8787 21307
16.9038 21404
16.9064 21500
16.9088 21596
16.9116 21692
16.9139 21787
17.0104 21882
17.0127 21976
17.0379 22070
17.0408 22163
17.0432 22256
17.0456 22349
17.048 22441
17.1432 22533
17.1456 22625
17.1708 22716
17.1737 22807
17.1761 22897
17.1785 22987
17.1809 23077
17.2761 23166
17.2785 23255
17.3037 23344
17.3069 23432
17.3093 23520
17.3117 23608
17.3141 23695
17.3165 23782
17.4102 23869
17.4126 23955
17.4381 24041
17.441 24127
17.4434 24212
17.4458 24297
17.4481 24382
17.4505 24467
17.5443 24551
17.5467 24635
17.5722 24719
17.5752 24802
17.5776 24885
17.5799 24968
17.5823 25051
17.5848 25133
17.679 25215
17.6814 25297
17.7051 25378
17.7083 25459
17.7107 25540
17.7131 25621
17.7155 25701
17.7179 25781
17.8122 25861
17.8146 25941
17.8379 26020
17.8412 26099
17.8436 26178
17.846 26257
17.8484 26335
17.8508 26413
17.9453 26491
17.9477 26569
17.9501 26647
17.972 26724
17.9756 26801
17.978 26878
17.9804 26955
17.9827 27031
17.9851 27107
18.0794 27183
18.0818 27259
18.0842 27335
18.1061 27410
18.1097 27485
18.112 27560
18.1144 27635
18.1168 27710
18.1192 27784
18.2138 27858
18.2162 27932
18.2186 28006
18.2404 28080
18.2428 28153
18.2451 28226
18.2476 28299
18.25 28372
18.2524 28445
18.3471 28517
18.3495 28589
18.3518 28661
18.3734 28733
18.376 28805
18.3784 28876
18.3808 28947
18.3832 29018
18.3856 29089
18.48 29160
18.4823 29231
18.4847 29301
18.5062 29371
18.5089 29441
18.5113 29511
18.5137 29581
18.5161 29651
18.5185 29720
18.5209 29789
18.614 29858
18.6164 29927
18.6188 29996
18.6403 30065
18.6454 12960
18.8837 13120
18.8861 13278
18.9076 13434
18.9103 13588
19.0166 13740
19.019 13890
19.0405 14039
19.0432 14186
19.1496 14332
19.152 14476
19.1735 14619
19.1761 14760
19.2825 14900
19.2849 15039
19.2873 15176
19.3076 15312
19.3102 15447
19.4167 15581
19.4191 15714
19.4215 15845
19.4421 15975
19.4445 16104
19.5508 16232
19.5532 16359
19.5556 16485
19.575 16610
19.5776 16734
19.6837 16857
19.6861 16980
19.6886 17102
19.7079 17223
19.7105 17343
19.8168 17462
19.8192 17580
19.8216 17697
19.8408 17814
19.8434 17930
19.8458 18045
19.9509 18159
19.9533 18273
19.9557 18386
19.9748 18498
19.978 18610
19.9804 18721
20.085 18831
20.0874 18941
20.0898 19050
20.1089 19158
20.1125 19266
20.1149 19373
20.2182 19480
20.2206 19586
20.223 19691
20.2418 19796
20.2454 19900
20.2478 20004
20.3511 20107
20.3535 20210
20.3559 20312
20.3747 20414
20.3783 20515
20.3807 20616
20.4842 20716
20.4866 20816
20.489 20915
20.4914 21014
20.5088 21112
20.5124 21210
20.5148 21307
20.6183 21404
20.6207 21500
20.6231 21596
20.6255 21692
20.6429 21787
20.6465 21882
20.6488 21976
20.7524 22070
20.7548 22163
20.7572 22256
20.7596 22349
20.7758 22441
20.7793 22533
20.7817 22625
20.8853 22716
20.8877 22807
20.8901 22897
20.8925 22987
20.9088 23077
20.9124 23166
20.9148 23255
21.0182 23344
21.0206 23432
21.023 23520
21.0254 23608
21.0421 23695
21.0445 23782
21.0469 23869
21.0493 23955
21.1523 24041
21.1547 24127
21.1571 24212
21.1594 24297
21.1762 24382
21.1786 24467
21.181 24551
21.1834 24635
21.2864 24719
21.2887 24802
21.2911 24885
21.2935 24968
21.3103 25051
21.3127 25133
21.3151 25215
21.3175 25297
21.4192 25378
21.4216 25459
21.424 25540
21.4264 25621
21.4432 25701
21.4456 25781
21.448 25861
21.4506 25941
21.5521 26020
21.5545 26099
21.5569 26178
21.5593 26257
21.5764 26335
21.5788 26413
21.5812 26491
21.5836 26569
21.586 26647
21.6862 26724
21.6887 26801
21.691 26878
21.6934 26955
21.7105 27031
21.7129 27107
21.7153 27183
21.7177 27259
21.72 27335
21.8203 27410
21.8227 27485
21.8251 27560
21.8275 27635
21.8446 27710
21.847 27784
21.8494 27858
21.8517 27932
21.8541 28006
21.9544 28080
21.9568 28153
21.9592 28226
21.9616 28299
21.9775 28372
21.9799 28445
21.9822 28517
21.9846 28589
21.987 28661
22.0873 28733
22.0897 28805
22.0921 28876
22.0945 28947
22.1107 29018
22.113 29089
22.1158 29160
22.1182 29231
22.1206 29301
22.2202 29371
22.2226 29441
22.2253 29511
22.2277 29581
22.23 29651
22.2447 29720
22.2471 29789
22.2499 29858
22.2523 29927
22.2547 29996
22.3543 30065
22.3566 30133
22.3594 30201
22.3617 30269
22.3641 30337
22.3791 30405
22.3815 30473
22.3841 30541
22.3865 30608
22.3889 30675
22.4883 30742
22.4907 30809
22.4934 30876
22.4958 30943
22.4982 31010
22.512 31076
22.5144 31142
22.517 31208
22.5194 31274
22.5218 31340
22.6212 31406
22.6236 31472
22.6263 31537
22.6287 31602
22.6311 31667
22.6449 31732
22.6473 31797
22.6499 31862
22.6525 31927
22.6549 31991
22.7541 32055
22.7565 32119
22.7594 32183
22.7618 32247
22.7642 32311
22.7778 32375
22.7802 32439
22.7826 32502
22.785 32565
22.7874 32628
22.7898 32691
22.8882 32754
22.8906 32817
22.8935 32880
22.8959 32943
22.8983 33005
22.9119 33067
22.9143 33129
22.9167 33191
22.9191 33253
22.9214 33315
22.924 33377
23.0223 33439
23.0247 33501
23.0276 33562
23.03 33623
23.0324 33684
23.046 33745
23.0484 33806
23.0508 33867
23.0531 33928
23.0555 33989
23.0579 34050
23.1552 34110
23.1576 34170
23.1605 34230
23.1629 34290
23.1653 34350
23.1792 34410
23.1816 34470
23.184 34530
23.1864 34590
23.1888 34649
23.1912 34708
23.2883 34767
23.2908 34826
23.2934 34885
23.2957 34944
23.2982 35003
23.3121 35062
23.3145 35121
23.3169 35180
23.3193 35238
23.3217 35296
23.3241 35354
23.3264 35412
23.4224 35470
23.4249 35528
23.4274 35586
23.4298 35644
23.4322 35702
23.4462 35760
23.4486 35817
23.451 35874
23.4534 35931
23.4557 35988
23.4581 36045
23.4607 36102
23.5565 36159
23.5589 36216
23.5615 36273
23.5639 36330
23.5663 36387
23.5803 36443
23.5827 36499
23.5851 36555
23.5874 36611
23.5898 36667
23.5922 36723
23.5946 36779
23.6894 36835
23.6918 36891
23.6944 36947
23.6968 37003
23.6992 37059
23.7133 37114
23.7156 37169
23.718 37224
23.7204 37279
23.7228 37334
23.7252 37389
23.7277 37444
23.8227 37499
23.8251 37554
23.8275 37609
23.8299 37664
23.8322 37719
23.8461 37773
23.8485 37827
23.8509 37881
23.8533 37935
23.8557 37989
23.8581 38043
23.8606 38097
23.863 38151
23.9568 38205
23.9592 38259
23.9616 38313
23.9639 38367
23.9663 38421
23.9802 38474
23.9826 38527
23.985 38580
23.9874 38633
23.9898 38686
23.9922 38739
23.9947 38792
23.9972 38845
24.091 38898
24.0933 38951
24.0957 39004
24.0982 39057
24.1006 39110
24.1143 39163
24.1167 39215
24.1191 39267
24.1215 39319
24.1239 39371
24.1263 39423
24.1288 39475
24.1313 39527
24.225 39579
24.2274 39631
24.2298 39683
24.2322 39735
24.2346 39787
24.2475 39839
24.2499 39891
24.2523 39942
24.2547 39993
24.2571 40044
24.2595 40095
24.2619 40146
24.2642 40197
24.3579 40248
24.3603 40299
24.3627 40350
24.3651 40401
24.3675 40452
24.3804 40503
24.3828 40554
24.3852 40605
24.3876 40656
24.39 40707
24.3924 40757
24.3947 40807
24.3971 40857
24.4908 40907
24.4932 40957
24.4956 41007
24.498 41057
24.5004 41107
24.5028 41157
24.5145 41207
24.5169 41257
24.5193 41307
24.522 41357
24.5244 41407
24.5268 41457
24.5292 41507
24.5316 41556
24.6249 41605
24.6273 41654
24.6297 41703
24.6321 41752
24.6345 41801
24.6369 41850
24.6486 41899
24.651 41948
24.6534 41997
24.6561 42046
24.6585 42095
24.6609 42144
24.6634 42193
24.6658 42242
24.759 42291
24.7614 42340
24.7638 42388
24.7662 42436
24.7688 42484
24.7712 42532
24.7815 42580
24.7839 42628
24.7862 42676
24.7891 42724
24.7915 42772
24.7939 42820
24.7963 42868
24.7987 42916
24.8919 42964
24.8943 43012
24.8967 43060
24.8991 43108
24.9016 43156
24.9045 43204
24.9144 43251
24.9167 43298
24.9191 43345
24.922 43392
24.9244 43439
24.9268 43486
24.9292 43533
24.9315 43580
25.0248 43627
25.0272 43674
25.0296 43721
25.032 43768
25.0345 43815
25.0374 43862
25.0398 43909
25.0484 43956
25.0508 44003
25.0532 44050
25.0561 44097
25.0584 44144
25.0608 44190
25.0632 44236
25.0656 44282
25.1589 44328
25.1613 44374
25.1637 44420
25.1661 44466
25.1686 44512
25.1715 44558
25.1739 44604
25.1825 44650
25.1849 44696
25.1874 44742
25.1901 44788
25.1925 44834
25.1949 44880
25.1973 44926
25.1999 44972
25.2931 45018
25.2955 45064
25.2979 45110
25.3003 45155
25.3027 45200
25.3056 45245
25.3079 45290
25.3167 45335
25.319 45380
25.3215 45425
25.3239 45470
25.3264 45515
25.3288 45560
25.3312 45605
25.3336 45650
25.426 45695
25.4284 45740
25.4308 45785
25.4332 45830
25.4356 45875
25.4384 45920
25.4408 45965
25.4495 46010
25.4519 46055
25.4544 46100
25.4568 46144
25.4593 46188
25.4617 46232
25.4641 46276
25.4665 46320
25.5589 46364
25.5613 46408
25.5637 46452
25.566 46496
25.5686 46540
25.5713 46584
25.5738 46628
25.5824 46672
25.5848 46716
25.5873 46760
25.5897 46804
25.5921 46848
25.5944 46892
25.5968 46936
25.5992 46980
25.6016 47024
25.693 47068
25.6954 47112
25.699 47156
25.7016 21600
25.863 21696
25.8654 21791
25.8678 21886
25.959 21980
25.9614 22074
25.965 22167
25.9675 22260
25.9959 22353
25.9983 22445
26.0007 22537
26.0919 22629
26.0943 22720
26.0979 22811
26.1004 22901
26.1288 22991
26.1312 23081
26.1335 23170
26.2248 23259
26.2272 23348
26.2307 23436
26.2335 23524
26.2616 23612
26.264 23699
26.2664 23786
26.2688 23873
26.3589 23959
26.3612 24045
26.3648 24131
26.3676 24216
26.3957 24301
26.3981 24386
26.4005 24471
26.4029 24555
26.4931 24639
26.4954 24723
26.499 24806
26.5017 24889
26.5298 24972
26.5322 25055
26.5346 25137
26.537 25219
26.6259 25301
26.6283 25382
26.6319 25463
26.6346 25544
26.6627 25625
26.6651 25705
26.6675 25785
26.6699 25865
26.7589 25945
26.7612 26024
26.7648 26103
26.7675 26182
26.7956 26261
26.798 26339
26.8004 26417
26.8028 26495
26.8917 26573
26.8941 26651
26.8965 26728
26.8989 26805
26.9019 26882
26.9297 26959
26.9321 27035
26.9345 27111
26.9369 27187
27.0258 27263
27.0282 27339
27.0306 27414
27.033 27489
27.036 27564
27.0638 27639
27.0662 27714
27.0685 27788
27.0709 27862
27.1599 27936
27.1623 28010
27.1647 28084
27.1671 28157
27.1695 28230
27.1967 28303
27.199 28376
27.2014 28449
27.2038 28521
27.2928 28593
27.2952 28665
27.2976 28737
27.3 28809
27.3024 28880
27.3295 28951
27.3319 29022
27.3343 29093
27.3367 29164
27.4257 29235
27.4281 29305
27.4305 29375
27.4329 29445
27.4353 29515
27.4377 29585
27.4636 29655
27.466 29724
27.4684 29793
27.4708 29862
27.5598 29931
27.5622 30000
27.5646 30069
27.5672 30137
27.5696 30205
27.572 30273
27.5977 30341
27.6001 30409
27.6025 30477
27.6049 30545
27.6939 30612
27.6963 30679
27.6986 30746
27.7015 30813
27.704 30880
27.7064 30947
27.7306 31014
27.733 31080
27.7354 31146
27.7378 31212
27.8268 31278
27.8291 31344
27.8315 31410
27.8344 31476
27.8373 31541
27.8396 31606
27.8635 31671
27.8659 31736
27.8683 31801
27.8707 31866
27.9599 31931
27.9623 31995
27.9651 32059
27.9675 32123
27.9701 32187
27.9725 32251
27.9964 32315
27.9988 32379
28.0012 32443
28.0036 32506
28.0059 32569
28.094 32632
28.0964 32695
28.0992 32758
28.1016 32821
28.1046 32884
28.107 32947
28.1309 33009
28.1332 33071
28.1356 33133
28.138 33195
28.1404 33257
28.2281 33319
28.2305 33381
28.2336 33443
28.236 33505
28.2386 33566
28.241 33627
28.2649 33688
28.2673 33749
28.2697 33810
28.2721 33871
28.2745 33932
28.361 33993
28.3634 34054
28.3665 34114
28.3689 34174
28.3715 34234
28.3739 34294
28.3978 34354
28.4002 34414
28.4026 34474
28.405 34534
28.4074 34594
28.4942 34653
28.4966 34712
28.4994 34771
28.5018 34830
28.5044 34889
28.5068 34948
28.5307 35007
28.5331 35066
28.5355 35125
28.5379 35184
28.5403 35242
28.5427 35300
28.6283 35358
28.6307 35416
28.6335 35474
28.6359 35532
28.6388 35590
28.6412 35648
28.6651 35706
28.6675 35764
28.6699 35821
28.6723 35878
28.6747 35935
28.6771 35992
28.7624 36049
28.7648 36106
28.7679 36163
28.7703 36220
28.7729 36277
28.7753 36334
28.7992 36391
28.8016 36447
28.804 36503
28.8064 36559
28.8088 36615
28.8111 36671
28.8965 36727
28.8988 36783
28.9012 36839
28.9036 36895
28.906 36951
28.9084 37007
28.9321 37063
28.9345 37118
28.9369 37173
28.9393 37228
28.9416 37283
28.944 37338
29.0296 37393
29.032 37448
29.0344 37503
29.0368 37558
29.0392 37613
29.0416 37668
29.065 37723
29.0674 37777
29.0698 37831
29.0721 37885
29.0745 37939
29.0769 37993
29.1629 38047
29.1653 38101
29.1677 38155
29.17 38209
29.1724 38263
29.1748 38317
29.1772 38371
29.1991 38425
29.2015 38478
29.2038 38531
29.2062 38584
29.2086 38637
29.211 38690
29.297 38743
29.2994 38796
29.3017 38849
29.3041 38902
29.3065 38955
29.3089 39008
29.3113 39061
29.3331 39114
29.3355 39167
29.3379 39219
29.3403 39271
29.3427 39323
29.3451 39375
29.4313 39427
29.4337 39479
29.4361 39531
29.4385 39583
29.4409 39635
29.4433 39687
29.4457 39739
29.466 39791
29.4684 39843
29.4708 39895
29.4732 39946
29.4756 39997
29.4782 40048
29.5642 40099
29.5666 40150
29.569 40201
29.5714 40252
29.5738 40303
29.5761 40354
29.5785 40405
29.5989 40456
29.6013 40507
29.6037 40558
29.6061 40609
29.6085 40660
29.6111 40710
29.6974 40760
29.6998 40810
29.7022 40860
29.7067 18720
29.8757 18830
29.8784 18940
29.9645 19049
29.9669 19157
29.9695 19265
29.9718 19372
30.0086 19479
30.0114 19585
30.0975 19690
30.0999 19795
