0.138217 1440
0.179149 0
0.179149 1440
0.179149 2880
0.221234 0
0.221234 1440
0.221234 2880
0.221234 4320
0.263319 1440
0.263319 2880
0.263319 4320
0.263319 5760
0.304209 2880
0.304209 4320
0.304209 5760
0.304209 7200
0.306599 4320
0.306599 5760
0.306599 7200
0.306599 8640
0.346293 5760
0.346293 7200
0.346293 8640
0.346293 10080
0.348684 7200
0.348684 8640
0.348684 10080
0.348684 11520
0.351074 8640
0.351074 10080
0.351074 11520
0.351074 12960
0.388378 10080
0.388378 11520
0.388378 12960
0.388378 14400
0.390769 11520
0.390769 12960
0.390769 14400
0.390769 15840
0.393159 12960
0.393159 14400
0.393159 15840
0.393159 17280
0.395622 15840
0.395622 17280
0.396817 15840
0.396817 17280
0.429283 14400
0.429283 15840
0.430478 14400
0.431673 12960
0.432868 11520
0.434063 10080
0.435323 8640
0.436518 7200
0.437714 5760
0.437714 7200
0.438909 5760
0.438909 7200
0.440104 5760
0.440104 7200
0.441299 5760
0.441299 7200
0.470172 5760
0.470172 7200
0.479798 4320
0.479798 5760
0.479798 7200
0.482189 4320
0.482189 5760
0.482189 7200
0.521055 4320
0.521055 5760
0.521055 7200
0.523446 4320
0.523446 5760
0.523446 7200
0.562335 4320
0.562335 5760
0.562335 7200
0.564726 4320
0.564726 5760
0.564726 7200
0.564726 8640
0.603615 5760
0.603615 7200
0.603615 8640
0.606006 5760
0.606006 7200
0.606006 8640
0.608396 5760
0.608396 7200
0.608396 8640
0.646091 5760
0.646091 7200
0.646091 8640
0.648481 5760
0.648481 7200
0.648481 8640
0.650871 5760
0.650871 7200
0.650871 8640
0.650871 10080
0.688175 7200
0.688175 8640
0.688175 10080
0.690566 7200
0.690566 8640
0.690566 10080
0.694166 7200
0.694166 8640
0.694166 10080
0.72908 8640
0.72908 10080
0.730275 7200
0.730275 8640
0.73147 7200
0.732666 5760
0.735071 4320
0.736266 2880
0.769984 1440
0.769984 2880
0.771165 1440
0.771165 2880
0.812223 0
0.812223 1440
0.812223 2880
0.854308 0
0.854308 1440
0.854308 2880
0.854308 4320
0.896393 1440
0.896393 2880
0.896393 4320
0.937282 1440
0.937282 2880
0.937282 4320
0.978356 1440
0.978356 2880
0.978356 4320
0.978356 5760
1.01925 2880
1.01925 4320
1.01925 5760
1.02164 2880
1.02164 4320
1.02164 5760
1.06133 2880
1.06133 4320
1.06133 5760
1.06372 2880
1.06372 4320
1.06372 5760
1.10342 2880
1.10342 4320
1.10342 5760
1.10342 7200
1.10581 4320
1.10581 5760
1.10581 7200
1.14568 4320
1.14568 5760
1.14568 7200
1.14807 4320
1.14807 5760
1.14807 7200
1.18657 4320
1.18657 5760
1.18657 7200
1.18896 4320
1.18896 5760
1.18896 7200
1.18896 8640
1.22746 5760
1.22746 7200
1.22746 8640
1.22985 5760
1.22985 7200
1.22985 8640
1.23224 5760
1.23224 7200
1.23224 8640
1.26955 5760
1.26955 7200
1.26955 8640
1.27194 5760
1.27194 7200
1.27194 8640
1.27433 5760
1.27433 7200
1.27433 8640
1.27433 10080
1.31163 7200
1.31163 8640
1.31163 10080
1.31402 7200
1.31402 8640
1.31402 10080
1.31641 7200
1.31641 8640
1.31641 10080
1.35279 7200
1.35279 8640
1.35279 10080
1.35518 7200
1.35518 8640
1.35518 10080
1.35757 7200
1.35757 8640
1.35757 10080
1.39368 7200
1.39368 8640
1.39368 10080
1.39607 7200
1.39607 8640
1.39607 10080
1.39607 11520
1.39846 8640
1.39846 10080
1.39846 11520
1.43696 5760
1.43696 7200
1.43696 8640
1.43696 10080
1.43696 11520
1.43935 8640
1.43935 10080
1.43935 11520
1.44174 8640
1.44174 10080
1.44174 11520
1.47921 8640
1.47921 10080
1.47921 11520
1.4816 8640
1.4816 10080
1.4816 11520
1.48399 8640
1.48399 10080
1.48399 11520
1.48638 8640
1.48638 10080
1.48638 11520
1.48638 12960
1.52129 10080
1.52129 11520
1.52129 12960
1.52368 10080
1.52368 11520
1.52368 12960
1.52607 10080
1.52607 11520
1.52607 12960
1.52846 10080
1.52846 11520
1.52846 12960
1.56218 10080
1.56218 11520
1.56218 12960
1.56457 10080
1.56457 11520
1.56457 12960
1.56696 10080
1.56696 11520
1.56696 12960
1.60307 7200
1.60307 8640
1.60307 10080
1.60307 11520
1.60307 12960
1.60546 10080
1.60546 11520
1.60546 12960
1.60785 10080
1.60785 11520
1.60785 12960
1.60785 14400
1.64396 11520
1.64396 12960
1.64396 14400
1.64635 11520
1.64635 12960
1.64635 14400
1.64874 11520
1.64874 12960
1.64874 14400
1.65113 11520
1.65113 12960
1.65113 14400
1.65353 11520
1.65353 12960
1.65353 14400
1.68604 11520
1.68604 12960
1.68604 14400
1.68843 11520
1.68843 12960
1.68843 14400
1.69082 11520
1.69082 12960
1.69082 14400
1.69321 11520
1.69321 12960
1.69321 14400
1.69601 11520
1.69601 12960
1.69601 14400
1.69601 15840
1.72851 12960
1.72851 14400
1.72851 15840
1.7309 12960
1.7309 14400
1.7309 15840
1.73329 12960
1.73329 14400
1.73329 15840
1.73568 12960
1.73568 14400
1.73568 15840
1.73809 12960
1.73809 14400
1.73809 15840
1.76979 12960
1.76979 14400
1.76979 15840
1.77219 12960
1.77219 14400
1.77219 15840
1.77458 12960
1.77458 14400
1.77458 15840
1.77697 12960
1.77697 14400
1.77697 15840
1.8107 10080
1.8107 11520
1.8107 12960
1.8107 14400
1.8107 15840
1.8131 12960
1.8131 14400
1.8131 15840
1.81549 12960
1.81549 14400
1.81549 15840
1.81549 17280
1.81788 14400
1.81788 15840
1.81788 17280
1.85158 14400
1.85158 15840
1.85158 17280
1.85398 14400
1.85398 15840
1.85398 17280
1.85637 14400
1.85637 15840
1.85637 17280
1.85876 14400
1.85876 15840
1.85876 17280
1.86115 14400
1.86115 15840
1.86115 17280
1.86354 14400
1.86354 15840
1.86354 17280
1.89367 14400
1.89367 15840
1.89367 17280
1.89847 12960
1.89847 14400
1.89847 15840
1.89847 17280
1.89966 14400
1.89966 15840
1.89966 17280
1.90086 15840
1.90086 17280
1.90205 15840
1.90325 14400
1.90444 12960
1.90564 11520
1.93496 10080
1.93615 8640
1.93937 7200
1.94057 5760
1.94057 7200
1.94176 5760
1.94176 7200
1.94294 5760
1.94294 7200
1.94533 4320
1.94533 5760
1.94533 7200
1.98265 4320
1.98265 5760
1.98265 7200
1.98659 4320
1.98659 5760
1.98659 7200
2.02354 4320
2.02354 5760
2.02354 7200
2.02354 8640
2.02748 5760
2.02748 7200
2.02748 8640
2.06443 5760
2.06443 7200
2.06443 8640
2.06682 5760
2.06682 7200
2.06682 8640
2.06956 5760
2.06956 7200
2.06956 8640
2.1069 5760
2.1069 7200
2.1069 8640
2.10929 5760
2.10929 7200
2.10929 8640
2.11168 5760
2.11168 7200
2.11168 8640
2.11168 10080
2.14898 7200
2.14898 8640
2.14898 10080
2.15137 7200
2.15137 8640
2.15137 10080
2.15376 7200
2.15376 8640
2.15376 10080
2.18987 7200
2.18987 8640
2.18987 10080
2.19226 7200
2.19226 8640
2.19226 10080
2.19465 7200
2.19465 8640
2.19465 10080
2.23076 7200
2.23076 8640
2.23076 10080
2.23076 11520
2.23315 8640
2.23315 10080
2.23315 11520
2.23554 8640
2.23554 10080
2.23554 11520
2.27165 8640
2.27165 10080
2.27165 11520
2.27406 10080
2.27406 11520
2.27525 10080
2.27525 11520
2.27645 8640
2.27645 10080
2.27885 8640
2.31257 7200
2.31376 4320
2.31497 2880
2.31497 4320
2.31617 2880
2.31617 4320
2.31735 2880
2.31735 4320
2.35586 2880
2.35586 4320
2.35825 2880
2.35825 4320
2.39675 1440
2.39675 2880
2.39675 4320
2.43764 1440
2.43764 2880
2.43764 4320
2.47853 1440
2.47853 2880
2.47853 4320
2.47853 5760
2.51981 2880
2.51981 4320
2.51981 5760
2.5222 2880
2.5222 4320
2.5222 5760
2.56229 2880
2.56229 4320
2.56229 5760
2.56468 2880
2.56468 4320
2.56468 5760
2.56468 7200
2.60476 4320
2.60476 5760
2.60476 7200
2.60715 4320
2.60715 5760
2.60715 7200
2.64565 4320
2.64565 5760
2.64565 7200
2.68654 1440
2.68654 2880
2.68654 4320
2.68654 5760
2.68654 7200
2.72743 4320
2.72743 5760
2.72743 7200
2.72982 4320
2.72982 5760
2.72982 7200
2.72982 8640
2.76832 5760
2.76832 7200
2.76832 8640
2.77071 5760
2.77071 7200
2.77071 8640
2.7731 5760
2.7731 7200
2.7731 8640
2.81079 5760
2.81079 7200
2.81079 8640
2.81318 5760
2.81318 7200
2.81318 8640
2.81557 5760
2.81557 7200
2.81557 8640
2.81557 10080
2.85326 7200
2.85326 8640
2.85326 10080
2.85565 7200
2.85565 8640
2.85565 10080
2.85805 7200
2.85805 8640
2.85805 10080
2.89415 7200
2.89415 8640
2.89415 10080
2.89775 8640
2.89775 10080
2.89895 8640
2.89895 10080
2.90014 5760
2.90014 7200
2.93506 5760
2.93625 4320
2.93866 2880
2.93985 1440
2.93985 2880
2.94105 1440
2.94105 2880
2.98074 1440
2.98074 2880
3.02163 0
3.02163 1440
3.02163 2880
3.06372 0
3.06372 1440
3.06372 2880
3.1058 0
3.1058 1440
3.1058 2880
3.1058 4320
3.14789 1440
3.14789 2880
3.14789 4320
3.18878 1440
3.18878 2880
3.18878 4320
3.22967 1440
3.22967 2880
3.22967 4320
3.22967 5760
3.27094 2880
3.27094 4320
3.27094 5760
3.27333 2880
3.27333 4320
3.27333 5760
3.31341 2880
3.31341 4320
3.31341 5760
3.3158 2880
3.3158 4320
3.3158 5760
3.35589 2880
3.35589 4320
3.35589 5760
3.35589 7200
3.35828 4320
3.35828 5760
3.35828 7200
3.39836 4320
3.39836 5760
3.39836 7200
3.40075 4320
3.40075 5760
3.40075 7200
3.43925 4320
3.43925 5760
3.43925 7200
3.44164 4320
3.44164 5760
3.44164 7200
3.44164 8640
3.48014 5760
3.48014 7200
3.48014 8640
3.48253 5760
3.48253 7200
3.48253 8640
3.48512 5760
3.48512 7200
3.48512 8640
3.52223 5760
3.52223 7200
3.52223 8640
3.52462 5760
3.52462 7200
3.52462 8640
3.52759 5760
3.52759 7200
3.52759 8640
3.52759 10080
3.56431 7200
3.56431 8640
3.56431 10080
3.5667 7200
3.5667 8640
3.5667 10080
3.56968 7200
3.56968 8640
3.56968 10080
3.60559 7200
3.60559 8640
3.60559 10080
3.60798 7200
3.60798 8640
3.60798 10080
3.61057 7200
3.61057 8640
3.61057 10080
3.64687 7200
3.64687 8640
3.64687 10080
3.64926 7200
3.64926 8640
3.64926 10080
3.64926 11520
3.65165 8640
3.65165 10080
3.65165 11520
3.68815 8640
3.68815 10080
3.68815 11520
3.69054 8640
3.69054 10080
3.69054 11520
3.69293 8640
3.69293 10080
3.69293 11520
3.69532 8640
3.69532 10080
3.69532 11520
3.73062 8640
3.73062 10080
3.73062 11520
3.73301 8640
3.73301 10080
3.73301 11520
3.7354 8640
3.7354 10080
3.7354 11520
3.7354 12960
3.73779 10080
3.73779 11520
3.73779 12960
3.77271 10080
3.77271 11520
3.77271 12960
3.7751 10080
3.7751 11520
3.7751 12960
3.77749 10080
3.77749 11520
3.77749 12960
3.77988 10080
3.77988 11520
3.77988 12960
3.81359 10080
3.81359 11520
3.81359 12960
3.81599 10080
3.81599 11520
3.81599 12960
3.81838 10080
3.81838 11520
3.81838 12960
3.82077 10080
3.82077 11520
3.82077 12960
3.85448 10080
3.85448 11520
3.85448 12960
3.85448 14400
3.85687 11520
3.85687 12960
3.85687 14400
3.85927 11520
3.85927 12960
3.85927 14400
3.86166 11520
3.86166 12960
3.86166 14400
3.89537 11520
3.89537 12960
3.89537 14400
3.89776 11520
3.89776 12960
3.89776 14400
3.90015 11520
3.90015 12960
3.90015 14400
3.90293 11520
3.90293 12960
3.90293 14400
3.90532 11520
3.90532 12960
3.90532 14400
3.93746 11520
3.93746 12960
3.93746 14400
3.93985 11520
3.93985 12960
3.93985 14400
3.93985 15840
3.94224 12960
3.94224 14400
3.94224 15840
3.9454 12960
3.9454 14400
3.9454 15840
3.94779 12960
3.94779 14400
3.94779 15840
3.97954 12960
3.97954 14400
3.97954 15840
3.98194 12960
3.98194 14400
3.98194 15840
3.98433 12960
3.98433 14400
3.98433 15840
3.98672 12960
3.98672 14400
3.98672 15840
3.98911 12960
3.98911 14400
3.98911 15840
4.02043 12960
4.02043 14400
4.02043 15840
4.02283 12960
4.02283 14400
4.02283 15840
4.02522 12960
4.02522 14400
4.02522 15840
4.02761 12960
4.02761 14400
4.02761 15840
4.02761 17280
4.03 14400
4.03 15840
4.03 17280
4.06132 14400
4.06132 15840
4.06132 17280
4.06372 14400
4.06372 15840
4.06372 17280
4.06611 14400
4.06611 15840
4.06611 17280
4.0685 14400
4.0685 15840
4.0685 17280
4.07089 14400
4.07089 15840
4.07089 17280
4.07328 14400
4.07328 15840
4.07328 17280
4.10341 14400
4.10341 15840
4.10341 17280
4.1058 14400
4.1058 15840
4.1058 17280
4.1082 14400
4.1082 15840
4.1082 17280
4.11059 14400
4.11059 15840
4.11059 17280
4.11298 14400
4.11298 15840
4.11298 17280
4.11298 18720
4.11537 15840
4.11537 17280
4.11537 18720
4.14549 15840
4.14549 17280
4.14549 18720
4.14789 15840
4.14789 17280
4.14789 18720
4.15028 15840
4.15028 17280
4.15028 18720
4.15267 15840
4.15267 17280
4.15267 18720
4.15507 15840
4.15507 17280
4.15507 18720
4.15746 15840
4.15746 17280
4.15746 18720
4.18638 15840
4.18638 17280
4.18638 18720
4.18878 15840
4.18878 17280
4.18878 18720
4.19117 15840
4.19117 17280
4.19117 18720
4.19356 15840
4.19356 17280
4.19356 18720
4.19596 15840
4.19596 17280
4.19596 18720
4.19852 15840
4.19852 17280
4.19852 18720
4.22727 15840
4.22727 17280
4.22727 18720
4.22727 20160
4.22967 17280
4.22967 18720
4.22967 20160
4.23244 17280
4.23244 18720
4.23244 20160
4.23483 17280
4.23483 18720
4.23483 20160
4.23722 17280
4.23722 18720
4.23722 20160
4.2398 17280
4.2398 18720
4.2398 20160
4.26816 17280
4.26816 18720
4.26816 20160
4.27055 17280
4.27055 18720
4.27055 20160
4.27294 17280
4.27294 18720
4.27294 20160
4.27533 17280
4.27533 18720
4.27533 20160
4.27773 17280
4.27773 18720
4.27773 20160
4.28012 17280
4.28012 18720
4.28012 20160
4.28251 17280
4.28251 18720
4.28251 20160
4.31025 17280
4.31025 18720
4.31025 20160
4.31264 17280
4.31264 18720
4.31264 20160
4.31264 21600
4.31542 18720
4.31542 20160
4.31542 21600
4.31781 18720
4.31781 20160
4.31781 21600
4.3202 18720
4.3202 20160
4.3202 21600
4.32259 18720
4.32259 20160
4.32259 21600
4.32498 18720
4.32498 20160
4.32498 21600
4.35271 18720
4.35271 20160
4.35271 21600
4.3551 18720
4.3551 20160
4.3551 21600
4.35749 18720
4.35749 20160
4.35749 21600
4.35988 18720
4.35988 20160
4.35988 21600
4.36227 18720
4.36227 20160
4.36227 21600
4.36467 18720
4.36467 20160
4.36467 21600
4.36706 18720
4.36706 20160
4.36706 21600
4.3936 18720
4.3936 20160
4.3936 21600
4.39599 18720
4.39599 20160
4.39599 21600
4.40077 15840
4.40077 17280
4.40077 18720
4.40077 20160
4.40077 21600
4.40316 18720
4.40316 20160
4.40316 21600
4.40316 23040
4.40555 20160
4.40555 21600
4.40555 23040
4.40795 20160
4.40795 21600
4.40795 23040
4.43449 20160
4.43449 21600
4.43449 23040
4.43688 20160
4.43688 21600
4.43688 23040
4.44166 20160
4.44166 21600
4.44166 23040
4.44405 20160
4.44405 21600
4.44405 23040
4.44644 20160
4.44644 21600
4.44644 23040
4.44883 20160
4.44883 21600
4.44883 23040
4.45123 20160
4.45123 21600
4.45123 23040
4.45362 20160
4.45362 21600
4.45362 23040
4.47936 17280
4.47936 18720
4.47936 20160
4.47936 21600
4.47936 23040
4.48375 20160
4.48375 21600
4.48375 23040
4.48614 20160
4.48614 21600
4.48614 23040
4.48853 20160
4.48853 21600
4.48853 23040
4.49092 20160
4.49092 21600
4.49092 23040
4.49331 20160
4.49331 21600
4.49331 23040
4.49331 24480
4.4957 21600
4.4957 23040
4.4957 24480
4.52144 21600
4.52144 23040
4.52144 24480
4.52383 21600
4.52383 23040
4.52383 24480
4.52622 21600
4.52622 23040
4.52622 24480
4.52861 21600
4.52861 23040
4.52861 24480
4.531 21600
4.531 23040
4.531 24480
4.53339 21600
4.53339 23040
4.53339 24480
4.53579 21600
4.53579 23040
4.53579 24480
4.53818 21600
4.53818 23040
4.53818 24480
4.56233 21600
4.56233 23040
4.56233 24480
4.56472 21600
4.56472 23040
4.56472 24480
4.56711 21600
4.56711 23040
4.56711 24480
4.5695 21600
4.5695 23040
4.5695 24480
4.57189 21600
4.57189 23040
4.57189 24480
4.57428 21600
4.57428 23040
4.57428 24480
4.57667 21600
4.57667 23040
4.57667 24480
4.57907 21600
4.57907 23040
4.57907 24480
4.60322 21600
4.60322 23040
4.60322 24480
4.60322 25920
4.60561 23040
4.60561 24480
4.60561 25920
4.608 23040
4.608 24480
4.608 25920
4.61039 23040
4.61039 24480
4.61039 25920
4.61278 23040
4.61278 24480
4.61278 25920
4.61517 23040
4.61517 24480
4.61517 25920
4.61756 23040
4.61756 24480
4.61756 25920
4.61995 23040
4.61995 24480
4.61995 25920
4.64411 23040
4.64411 24480
4.64411 25920
4.6465 23040
4.6465 24480
4.6465 25920
4.6501 23040
4.6501 24480
4.6501 25920
4.6513 24480
4.6513 25920
4.65249 23040
4.65249 24480
4.65369 23040
4.65488 21600
4.65608 20160
4.65727 18720
4.65847 17280
4.65966 15840
4.66086 14400
4.66205 12960
4.66325 11520
4.68502 10080
4.68502 11520
4.68621 10080
4.68621 11520
4.68741 10080
4.68741 11520
4.6886 10080
4.6886 11520
4.69101 10080
4.69101 11520
4.6922 10080
4.6922 11520
4.6934 10080
4.6934 11520
4.69458 10080
4.69458 11520
4.7271 8640
4.7271 10080
4.7271 11520
4.72949 8640
4.72949 10080
4.72949 11520
4.73309 8640
4.73309 10080
4.73309 11520
4.73548 8640
4.73548 10080
4.73548 11520
4.76919 8640
4.76919 10080
4.76919 11520
4.77158 8640
4.77158 10080
4.77158 11520
4.77518 8640
4.77518 10080
4.77518 11520
4.77757 8640
4.77757 10080
4.77757 11520
4.81127 8640
4.81127 10080
4.81127 11520
4.81127 12960
4.81366 10080
4.81366 11520
4.81366 12960
4.81726 10080
4.81726 11520
4.81726 12960
4.81965 10080
4.81965 11520
4.81965 12960
4.85336 10080
4.85336 11520
4.85336 12960
4.85575 10080
4.85575 11520
4.85575 12960
4.85815 10080
4.85815 11520
4.85815 12960
4.86054 10080
4.86054 11520
4.86054 12960
4.89424 10080
4.89424 11520
4.89424 12960
4.89664 10080
4.89664 11520
4.89664 12960
4.89664 14400
4.89904 11520
4.89904 12960
4.89904 14400
4.90143 11520
4.90143 12960
4.90143 14400
4.93513 11520
4.93513 12960
4.93513 14400
4.93752 11520
4.93752 12960
4.93752 14400
4.93992 11520
4.93992 12960
4.93992 14400
4.94231 11520
4.94231 12960
4.94231 14400
4.9447 11520
4.9447 12960
4.9447 14400
4.97722 11520
4.97722 12960
4.97722 14400
4.97961 11520
4.97961 12960
4.97961 14400
4.9824 11520
4.9824 12960
4.9824 14400
4.98479 11520
4.98479 12960
4.98479 14400
4.98479 15840
4.98718 12960
4.98718 14400
4.98718 15840
5.0193 12960
5.0193 14400
5.0193 15840
5.02169 12960
5.02169 14400
5.02169 15840
5.02487 12960
5.02487 14400
5.02487 15840
5.02726 12960
5.02726 14400
5.02726 15840
5.02965 12960
5.02965 14400
5.02965 15840
5.06019 12960
5.06019 14400
5.06019 15840
5.06258 12960
5.06258 14400
5.06258 15840
5.06576 12960
5.06576 14400
5.06576 15840
5.06815 12960
5.06815 14400
5.06815 15840
5.07054 12960
5.07054 14400
5.07054 15840
5.07054 17280
5.10147 14400
5.10147 15840
5.10147 17280
5.10386 14400
5.10386 15840
5.10386 17280
5.10665 14400
5.10665 15840
5.10665 17280
5.10904 14400
5.10904 15840
5.10904 17280
5.11182 14400
5.11182 15840
5.11182 17280
5.11421 14400
5.11421 15840
5.11421 17280
5.14394 14400
5.14394 15840
5.14394 17280
5.14633 14400
5.14633 15840
5.14633 17280
5.14874 14400
5.14874 15840
5.14874 17280
5.15113 14400
5.15113 15840
5.15113 17280
5.15406 14400
5.15406 15840
5.15406 17280
5.15646 14400
5.15646 15840
5.15646 17280
5.18603 14400
5.18603 15840
5.18603 17280
5.18603 18720
5.18842 15840
5.18842 17280
5.18842 18720
5.19121 15840
5.19121 17280
5.19121 18720
5.1936 15840
5.1936 17280
5.1936 18720
5.19654 15840
5.19654 17280
5.19654 18720
5.19893 15840
5.19893 17280
5.19893 18720
5.22851 15840
5.22851 17280
5.22851 18720
5.2309 15840
5.2309 17280
5.2309 18720
5.23344 15840
5.23344 17280
5.23344 18720
5.23583 15840
5.23583 17280
5.23583 18720
5.23822 15840
5.23822 17280
5.23822 18720
5.26979 12960
5.26979 14400
5.26979 15840
5.26979 17280
5.26979 18720
5.27218 15840
5.27218 17280
5.27218 18720
5.27457 15840
5.27457 17280
5.27457 18720
5.27457 20160
5.27696 17280
5.27696 18720
5.27696 20160
5.27935 17280
5.27935 18720
5.27935 20160
5.31068 17280
5.31068 18720
5.31068 20160
5.31307 17280
5.31307 18720
5.31307 20160
5.31546 17280
5.31546 18720
5.31546 20160
5.31785 17280
5.31785 18720
5.31785 20160
5.32024 17280
5.32024 18720
5.32024 20160
5.32263 17280
5.32263 18720
5.32263 20160
5.32502 17280
5.32502 18720
5.32502 20160
5.35315 17280
5.35315 18720
5.35315 20160
5.35554 17280
5.35554 18720
5.35554 20160
5.35793 17280
5.35793 18720
5.35793 20160
5.36032 17280
5.36032 18720
5.36032 20160
5.36271 17280
5.36271 18720
5.36271 20160
5.3651 17280
5.3651 18720
5.3651 20160
5.3651 21600
5.36749 18720
5.36749 20160
5.36749 21600
5.39563 18720
5.39563 20160
5.39563 21600
5.39802 18720
5.39802 20160
5.39802 21600
5.40041 18720
5.40041 20160
5.40041 21600
5.4028 18720
5.4028 20160
5.4028 21600
5.40519 18720
5.40519 20160
5.40519 21600
5.40758 18720
5.40758 20160
5.40758 21600
5.40997 18720
5.40997 20160
5.40997 21600
5.43691 18720
5.43691 20160
5.43691 21600
5.4393 18720
5.4393 20160
5.4393 21600
5.44169 18720
5.44169 20160
5.44169 21600
5.44408 18720
5.44408 20160
5.44408 21600
5.44647 18720
5.44647 20160
5.44647 21600
5.44886 18720
5.44886 20160
5.44886 21600
5.45125 18720
5.45125 20160
5.45125 21600
5.47819 18720
5.47819 20160
5.47819 21600
5.47819 23040
5.48058 20160
5.48058 21600
5.48058 23040
5.48297 20160
5.48297 21600
5.48297 23040
5.48536 20160
5.48536 21600
5.48536 23040
5.48775 20160
5.48775 21600
5.48775 23040
5.49014 20160
5.49014 21600
5.49014 23040
5.49253 20160
5.49253 21600
5.49253 23040
5.51947 20160
5.51947 21600
5.51947 23040
5.52186 20160
5.52186 21600
5.52186 23040
5.52425 20160
5.52425 21600
5.52425 23040
5.52664 20160
5.52664 21600
5.52664 23040
5.52903 20160
5.52903 21600
5.52903 23040
5.53142 20160
5.53142 21600
5.53142 23040
5.56037 17280
5.56037 18720
5.56037 20160
5.56037 21600
5.56037 23040
5.56157 21600
5.56157 23040
5.56276 20160
5.56276 21600
5.56396 20160
5.56515 18720
5.56635 17280
5.56754 15840
5.56874 14400
5.56993 12960
5.57113 11520
5.57232 10080
5.57352 8640
5.57352 10080
5.60128 8640
5.60128 10080
5.60247 8640
5.60247 10080
5.60367 8640
5.60367 10080
5.60486 8640
5.60486 10080
5.60606 8640
5.60606 10080
5.60724 8640
5.60724 10080
5.64217 7200
5.64217 8640
5.64217 10080
5.64456 7200
5.64456 8640
5.64456 10080
5.64695 7200
5.64695 8640
5.64695 10080
5.68306 7200
5.68306 8640
5.68306 10080
5.68545 7200
5.68545 8640
5.68545 10080
5.68784 7200
5.68784 8640
5.68784 10080
5.72395 7200
5.72395 8640
5.72395 10080
5.72634 7200
5.72634 8640
5.72634 10080
5.72634 11520
5.72873 8640
5.72873 10080
5.72873 11520
5.76484 8640
5.76484 10080
5.76484 11520
5.76723 8640
5.76723 10080
5.76723 11520
5.76962 8640
5.76962 10080
5.76962 11520
5.77236 10080
5.77236 11520
5.80574 10080
5.80574 11520
5.80693 8640
5.80693 10080
5.80813 8640
5.80933 7200
5.81052 5760
5.81172 4320
5.81327 2880
5.81327 4320
5.84664 2880
5.84664 4320
5.84782 2880
5.84782 4320
5.88753 1440
5.88753 2880
5.88753 4320
5.92842 1440
5.92842 2880
5.92842 4320
5.96931 1440
5.96931 2880
5.96931 4320
6.0102 1440
6.0102 2880
6.0102 4320
6.0102 5760
6.05109 2880
6.05109 4320
6.05109 5760
6.05348 2880
6.05348 4320
6.05348 5760
6.09318 2880
6.09318 4320
6.09318 5760
6.09557 2880
6.09557 4320
6.09557 5760
6.09557 7200
6.13526 4320
6.13526 5760
6.13526 7200
6.13765 4320
6.13765 5760
6.13765 7200
6.17615 4320
6.17615 5760
6.17615 7200
6.17854 4320
6.17854 5760
6.17854 7200
6.21742 4320
6.21742 5760
6.21742 7200
6.2587 1440
6.2587 2880
6.2587 4320
6.2587 5760
6.2587 7200
6.2587 8640
6.29998 5760
6.29998 7200
6.29998 8640
6.30237 5760
6.30237 7200
6.30237 8640
6.30476 5760
6.30476 7200
6.30476 8640
6.34246 5760
6.34246 7200
6.34246 8640
6.34485 5760
6.34485 7200
6.34485 8640
6.34724 5760
6.34724 7200
6.34724 8640
6.34724 10080
6.38454 7200
6.38454 8640
6.38454 10080
6.38696 8640
6.38696 10080
6.38815 8640
6.38815 10080
6.38935 7200
6.38935 8640
6.39054 7200
6.42545 5760
6.42664 4320
6.42786 2880
6.42906 1440
6.42906 2880
6.43024 1440
6.43024 2880
6.47114 0
6.47114 1440
6.47114 2880
6.51323 0
6.51323 1440
6.51323 2880
6.51323 4320
6.55531 1440
6.55531 2880
6.55531 4320
6.5962 1440
6.5962 2880
6.5962 4320
6.63709 1440
6.63709 2880
6.63709 4320
6.63709 5760
6.67798 2880
6.67798 4320
6.67798 5760
6.68037 2880
6.68037 4320
6.68037 5760
6.72006 2880
6.72006 4320
6.72006 5760
6.72245 2880
6.72245 4320
6.72245 5760
6.76215 2880
6.76215 4320
6.76215 5760
6.76215 7200
6.76454 4320
6.76454 5760
6.76454 7200
6.80423 4320
6.80423 5760
6.80423 7200
6.80662 4320
6.80662 5760
6.80662 7200
6.84512 4320
6.84512 5760
6.84512 7200
6.84751 4320
6.84751 5760
6.84751 7200
6.84751 8640
6.88601 5760
6.88601 7200
6.88601 8640
6.8884 5760
6.8884 7200
6.8884 8640
6.89079 5760
6.89079 7200
6.89079 8640
6.9281 5760
6.9281 7200
6.9281 8640
6.9306 5760
6.9306 7200
6.9306 8640
6.93299 5760
6.93299 7200
6.93299 8640
6.93299 10080
6.97018 7200
6.97018 8640
6.97018 10080
6.97307 7200
6.97307 8640
6.97307 10080
6.97546 7200
6.97546 8640
6.97546 10080
7.01107 7200
7.01107 8640
7.01107 10080
7.01435 7200
7.01435 8640
7.01435 10080
7.01674 7200
7.01674 8640
7.01674 10080
7.05205 7200
7.05205 8640
7.05205 10080
7.05563 7200
7.05563 8640
7.05563 10080
7.05563 11520
7.05802 8640
7.05802 10080
7.05802 11520
7.09333 8640
7.09333 10080
7.09333 11520
7.09691 8640
7.09691 10080
7.09691 11520
7.0993 8640
7.0993 10080
7.0993 11520
7.10169 8640
7.10169 10080
7.10169 11520
7.13782 8640
7.13782 10080
7.13782 11520
7.13901 10080
7.13901 11520
7.14021 8640
7.14021 10080
7.14261 8640
7.14381 7200
7.17874 4320
7.17994 2880
7.17994 4320
7.18113 2880
7.18113 4320
7.18232 2880
7.18232 4320
7.22083 2880
7.22083 4320
7.22322 2880
7.22322 4320
7.26172 1440
7.26172 2880
7.26172 4320
7.30261 1440
7.30261 2880
7.30261 4320
7.3435 1440
7.3435 2880
7.3435 4320
7.3435 5760
7.38439 2880
7.38439 4320
7.38439 5760
7.38678 2880
7.38678 4320
7.38678 5760
7.42647 2880
7.42647 4320
7.42647 5760
7.46856 0
7.46856 1440
7.46856 2880
7.46856 4320
7.46856 5760
7.46856 7200
7.51064 4320
7.51064 5760
7.51064 7200
7.51303 4320
7.51303 5760
7.51303 7200
7.55153 4320
7.55153 5760
7.55153 7200
7.55392 4320
7.55392 5760
7.55392 7200
7.59242 4320
7.59242 5760
7.59242 7200
7.59481 4320
7.59481 5760
7.59481 7200
7.59481 8640
7.63331 5760
7.63331 7200
7.63331 8640
7.6357 5760
7.6357 7200
7.6357 8640
7.63809 5760
7.63809 7200
7.63809 8640
7.6754 5760
7.6754 7200
7.6754 8640
7.67779 5760
7.67779 7200
7.67779 8640
7.68018 5760
7.68018 7200
7.68018 8640
7.68018 10080
7.71748 7200
7.71748 8640
7.71748 10080
7.71987 7200
7.71987 8640
7.71987 10080
7.72226 7200
7.72226 8640
7.72226 10080
7.75837 7200
7.75837 8640
7.75837 10080
7.76076 7200
7.76076 8640
7.76076 10080
7.76315 7200
7.76315 8640
7.76315 10080
7.79926 7200
7.79926 8640
7.79926 10080
7.80165 7200
7.80165 8640
7.80165 10080
7.80165 11520
7.80404 8640
7.80404 10080
7.80404 11520
7.84015 8640
7.84015 10080
7.84015 11520
7.84254 8640
7.84254 10080
7.84254 11520
7.84493 8640
7.84493 10080
7.84493 11520
7.84732 8640
7.84732 10080
7.84732 11520
7.88223 8640
7.88223 10080
7.88223 11520
7.88462 8640
7.88462 10080
7.88462 11520
7.88701 8640
7.88701 10080
7.88701 11520
7.88701 12960
7.88956 10080
7.88956 11520
7.88956 12960
7.92432 10080
7.92432 11520
7.92432 12960
7.92671 10080
7.92671 11520
7.92671 12960
7.9291 10080
7.9291 11520
7.9291 12960
7.93149 10080
7.93149 11520
7.93149 12960
7.96521 10080
7.96521 11520
7.96521 12960
7.9676 10080
7.9676 11520
7.9676 12960
7.96999 10080
7.96999 11520
7.96999 12960
7.97238 10080
7.97238 11520
7.97238 12960
7.97238 14400
8.00648 11520
8.00648 12960
8.00648 14400
8.00887 11520
8.00887 12960
8.00887 14400
8.01126 11520
8.01126 12960
8.01126 14400
8.01365 11520
8.01365 12960
8.01365 14400
8.01604 11520
8.01604 12960
8.01604 14400
8.04896 11520
8.04896 12960
8.04896 14400
8.05135 11520
8.05135 12960
8.05135 14400
8.05613 8640
8.05613 10080
8.05613 11520
8.05613 12960
8.05613 14400
8.05852 11520
8.05852 12960
8.05852 14400
8.09143 11520
8.09143 12960
8.09143 14400
8.09382 11520
8.09382 12960
8.09382 14400
8.09382 15840
8.09849 12960
8.09849 14400
8.09849 15840
8.10088 12960
8.10088 14400
8.10088 15840
8.10327 12960
8.10327 14400
8.10327 15840
8.13352 12960
8.13352 14400
8.13352 15840
8.13591 12960
8.13591 14400
8.13591 15840
8.13977 12960
8.13977 14400
8.13977 15840
8.14216 12960
8.14216 14400
8.14216 15840
8.14455 12960
8.14455 14400
8.14455 15840
8.17441 12960
8.17441 14400
8.17441 15840
8.1768 12960
8.1768 14400
8.1768 15840
8.18066 12960
8.18066 14400
8.18066 15840
8.18066 17280
8.18305 14400
8.18305 15840
8.18305 17280
8.18544 14400
8.18544 15840
8.18544 17280
8.21529 14400
8.21529 15840
8.21529 17280
8.21769 14400
8.21769 15840
8.21769 17280
8.22155 14400
8.22155 15840
8.22155 17280
8.22394 14400
8.22394 15840
8.22394 17280
8.22633 14400
8.22633 15840
8.22633 17280
8.22872 14400
8.22872 15840
8.22872 17280
8.25738 14400
8.25738 15840
8.25738 17280
8.26015 14400
8.26015 15840
8.26015 17280
8.26363 14400
8.26363 15840
8.26363 17280
8.26602 14400
8.26602 15840
8.26602 17280
8.26841 14400
8.26841 15840
8.26841 17280
8.26841 18720
8.2708 15840
8.2708 17280
8.2708 18720
8.29946 15840
8.29946 17280
8.29946 18720
8.30224 15840
8.30224 17280
8.30224 18720
8.30572 15840
8.30572 17280
8.30572 18720
8.30811 15840
8.30811 17280
8.30811 18720
8.3105 15840
8.3105 17280
8.3105 18720
8.31289 15840
8.31289 17280
8.31289 18720
8.34035 15840
8.34035 17280
8.34035 18720
8.34313 15840
8.34313 17280
8.34313 18720
8.34661 15840
8.34661 17280
8.34661 18720
8.349 15840
8.349 17280
8.349 18720
8.35139 15840
8.35139 17280
8.35139 18720
8.35378 15840
8.35378 17280
8.35378 18720
8.35378 20160
8.38124 17280
8.38124 18720
8.38124 20160
8.38402 17280
8.38402 18720
8.38402 20160
8.3875 17280
8.3875 18720
8.3875 20160
8.38989 17280
8.38989 18720
8.38989 20160
8.39228 17280
8.39228 18720
8.39228 20160
8.39467 17280
8.39467 18720
8.39467 20160
8.39706 17280
8.39706 18720
8.39706 20160
8.42333 17280
8.42333 18720
8.42333 20160
8.4261 17280
8.4261 18720
8.4261 20160
8.42958 17280
8.42958 18720
8.42958 20160
8.43197 17280
8.43197 18720
8.43197 20160
8.43436 17280
8.43436 18720
8.43436 20160
8.43675 17280
8.43675 18720
8.43675 20160
8.43914 17280
8.43914 18720
8.43914 20160
8.46541 17280
8.46541 18720
8.46541 20160
8.46541 21600
8.46819 18720
8.46819 20160
8.46819 21600
8.47167 18720
8.47167 20160
8.47167 21600
8.47406 18720
8.47406 20160
8.47406 21600
8.47645 18720
8.47645 20160
8.47645 21600
8.48155 15840
8.48155 17280
8.48155 18720
8.48155 20160
8.48155 21600
8.5075 18720
8.5075 20160
8.5075 21600
8.50989 18720
8.50989 20160
8.50989 21600
8.51256 18720
8.51256 20160
8.51256 21600
8.51495 18720
8.51495 20160
8.51495 21600
8.51734 18720
8.51734 20160
8.51734 21600
8.52283 18720
8.52283 20160
8.52283 21600
8.52522 18720
8.52522 20160
8.52522 21600
8.54839 18720
8.54839 20160
8.54839 21600
8.55078 18720
8.55078 20160
8.55078 21600
8.55345 18720
8.55345 20160
8.55345 21600
8.55584 18720
8.55584 20160
8.55584 21600
8.55584 23040
8.55823 20160
8.55823 21600
8.55823 23040
8.56372 20160
8.56372 21600
8.56372 23040
8.56611 20160
8.56611 21600
8.56611 23040
8.58928 20160
8.58928 21600
8.58928 23040
8.59167 20160
8.59167 21600
8.59167 23040
8.59434 20160
8.59434 21600
8.59434 23040
8.59673 20160
8.59673 21600
8.59673 23040
8.59942 20160
8.59942 21600
8.59942 23040
8.60181 20160
8.60181 21600
8.60181 23040
8.60581 20160
8.60581 21600
8.60581 23040
8.6082 20160
8.6082 21600
8.6082 23040
8.63136 20160
8.63136 21600
8.63136 23040
8.63375 20160
8.63375 21600
8.63375 23040
8.63642 20160
8.63642 21600
8.63642 23040
8.63881 20160
8.63881 21600
8.63881 23040
8.64189 20160
8.64189 21600
8.64189 23040
8.64189 24480
8.64428 21600
8.64428 23040
8.64428 24480
8.64789 21600
8.64789 23040
8.64789 24480
8.65028 21600
8.65028 23040
8.65028 24480
8.67345 21600
8.67345 23040
8.67345 24480
8.67584 21600
8.67584 23040
8.67584 24480
8.67851 21600
8.67851 23040
8.67851 24480
8.6809 21600
8.6809 23040
8.6809 24480
8.68398 21600
8.68398 23040
8.68398 24480
8.68638 23040
8.68638 24480
8.68758 23040
8.68758 24480
8.6888 21600
8.6888 23040
8.69037 21600
8.69157 20160
8.69276 18720
8.71435 17280
8.71555 15840
8.71674 14400
8.71794 12960
8.71979 11520
8.72099 10080
8.72218 8640
8.72218 10080
8.72338 8640
8.72338 10080
8.72488 8640
8.72488 10080
8.72608 8640
8.72608 10080
8.72729 8640
8.72729 10080
8.72848 8640
8.72848 10080
8.72969 8640
8.72969 10080
8.76428 8640
8.76428 10080
8.76578 8640
8.76578 10080
8.76698 7200
8.76698 8640
8.76819 7200
8.76939 5760
8.77059 4320
8.80519 2880
8.80669 1440
8.80669 2880
8.80787 1440
8.80787 2880
8.84877 0
8.84877 1440
8.84877 2880
8.89086 0
8.89086 1440
8.89086 2880
8.89086 4320
8.9333 1440
8.9333 2880
8.9333 4320
8.97419 1440
8.97419 2880
8.97419 4320
9.01508 1440
9.01508 2880
9.01508 4320
9.01508 5760
9.05597 2880
9.05597 4320
9.05597 5760
9.05836 2880
9.05836 4320
9.05836 5760
9.09805 2880
9.09805 4320
9.09805 5760
9.10044 2880
9.10044 4320
9.10044 5760
9.14013 2880
9.14013 4320
9.14013 5760
9.14013 7200
9.14253 4320
9.14253 5760
9.14253 7200
9.18222 4320
9.18222 5760
9.18222 7200
9.18461 4320
9.18461 5760
9.18461 7200
9.22311 4320
9.22311 5760
9.22311 7200
9.2255 4320
9.2255 5760
9.2255 7200
9.2255 8640
9.264 5760
9.264 7200
9.264 8640
9.26639 5760
9.26639 7200
9.26639 8640
9.26878 5760
9.26878 7200
9.26878 8640
9.30608 5760
9.30608 7200
9.30608 8640
9.30847 5760
9.30847 7200
9.30847 8640
9.31086 5760
9.31086 7200
9.31086 8640
9.31086 10080
9.34817 7200
9.34817 8640
9.34817 10080
9.35056 7200
9.35056 8640
9.35056 10080
9.35296 7200
9.35296 8640
9.35296 10080
9.38906 7200
9.38906 8640
9.38906 10080
9.39145 7200
9.39145 8640
9.39145 10080
9.39424 7200
9.39424 8640
9.39424 10080
9.42995 7200
9.42995 8640
9.42995 10080
9.43234 7200
9.43234 8640
9.43234 10080
9.43234 11520
9.43513 8640
9.43513 10080
9.43513 11520
9.47122 8640
9.47122 10080
9.47122 11520
9.47361 8640
9.47361 10080
9.47361 11520
9.476 8640
9.476 10080
9.476 11520
9.47839 8640
9.47839 10080
9.47839 11520
9.51369 8640
9.51369 10080
9.51369 11520
9.51608 8640
9.51608 10080
9.51608 11520
9.51848 8640
9.51848 10080
9.51848 11520
9.51848 12960
9.52087 10080
9.52087 11520
9.52087 12960
9.55578 10080
9.55578 11520
9.55578 12960
9.55817 10080
9.55817 11520
9.55817 12960
9.56056 10080
9.56056 11520
9.56056 12960
9.56295 10080
9.56295 11520
9.56295 12960
9.59667 10080
9.59667 11520
9.59667 12960
9.59906 10080
9.59906 11520
9.59906 12960
9.60145 10080
9.60145 11520
9.60145 12960
9.60401 10080
9.60401 11520
9.60401 12960
9.63756 10080
9.63756 11520
9.63756 12960
9.63756 14400
9.63995 11520
9.63995 12960
9.63995 14400
9.64234 11520
9.64234 12960
9.64234 14400
9.64529 11520
9.64529 12960
9.64529 14400
9.67845 11520
9.67845 12960
9.67845 14400
9.68084 11520
9.68084 12960
9.68084 14400
9.68323 11520
9.68323 12960
9.68323 14400
9.68562 11520
9.68562 12960
9.68562 14400
9.68801 11520
9.68801 12960
9.68801 14400
9.72092 11520
9.72092 12960
9.72092 14400
9.72331 11520
9.72331 12960
9.72331 14400
9.72331 15840
9.7257 12960
9.7257 14400
9.7257 15840
9.72809 12960
9.72809 14400
9.72809 15840
9.73048 12960
9.73048 14400
9.73048 15840
9.76339 12960
9.76339 14400
9.76339 15840
9.76578 12960
9.76578 14400
9.76578 15840
9.76817 12960
9.76817 14400
9.76817 15840
9.77056 12960
9.77056 14400
9.77056 15840
9.77295 12960
9.77295 14400
9.77295 15840
9.80467 12960
9.80467 14400
9.80467 15840
9.80706 12960
9.80706 14400
9.80706 15840
9.80945 12960
9.80945 14400
9.80945 15840
9.81184 12960
9.81184 14400
9.81184 15840
9.81184 17280
9.81423 14400
9.81423 15840
9.81423 17280
9.84595 14400
9.84595 15840
9.84595 17280
9.84834 14400
9.84834 15840
9.84834 17280
9.85073 14400
9.85073 15840
9.85073 17280
9.85312 14400
9.85312 15840
9.85312 17280
9.85551 14400
9.85551 15840
9.85551 17280
9.8579 14400
9.8579 15840
9.8579 17280
9.88843 14400
9.88843 15840
9.88843 17280
9.89082 14400
9.89082 15840
9.89082 17280
9.89321 14400
9.89321 15840
9.89321 17280
9.8956 14400
9.8956 15840
9.8956 17280
9.89799 14400
9.89799 15840
9.89799 17280
9.89799 18720
9.90038 15840
9.90038 17280
9.90038 18720
9.93051 15840
9.93051 17280
9.93051 18720
9.9329 15840
9.9329 17280
9.9329 18720
9.93529 15840
9.93529 17280
9.93529 18720
9.93768 15840
9.93768 17280
9.93768 18720
9.94007 15840
9.94007 17280
9.94007 18720
9.94246 15840
9.94246 17280
9.94246 18720
9.9714 15840
9.9714 17280
9.9714 18720
9.97379 15840
9.97379 17280
9.97379 18720
9.97618 15840
9.97618 17280
9.97618 18720
9.97857 15840
9.97857 17280
9.97857 18720
9.98096 15840
9.98096 17280
9.98096 18720
9.98335 15840
9.98335 17280
9.98335 18720
10.0123 15840
10.0123 17280
10.0123 18720
10.0123 20160
10.0147 17280
10.0147 18720
10.0147 20160
10.0171 17280
10.0171 18720
10.0171 20160
10.0195 17280
10.0195 18720
10.0195 20160
10.0219 17280
10.0219 18720
10.0219 20160
10.0242 17280
10.0242 18720
10.0242 20160
10.0532 17280
10.0532 18720
10.0532 20160
10.0556 17280
10.0556 18720
10.0556 20160
10.058 17280
10.058 18720
10.058 20160
10.0604 17280
10.0604 18720
10.0604 20160
10.0631 17280
10.0631 18720
10.0631 20160
10.0679 14400
10.0679 15840
10.0679 17280
10.0679 18720
10.0679 20160
10.0953 17280
10.0953 18720
10.0953 20160
10.0977 17280
10.0977 18720
10.0977 20160
10.1 17280
10.1 18720
10.1 20160
10.1 21600
10.1024 18720
10.1024 20160
10.1024 21600
10.1056 18720
10.1056 20160
10.1056 21600
10.1104 18720
10.1104 20160
10.1104 21600
10.1128 18720
10.1128 20160
10.1128 21600
10.1373 18720
10.1373 20160
10.1373 21600
10.1397 18720
10.1397 20160
10.1397 21600
10.1421 18720
10.1421 20160
10.1421 21600
10.1445 18720
10.1445 20160
10.1445 21600
10.1469 18720
10.1469 20160
10.1469 21600
10.1513 18720
10.1513 20160
10.1513 21600
10.1537 18720
10.1537 20160
10.1537 21600
10.1782 18720
10.1782 20160
10.1782 21600
10.1806 18720
10.1806 20160
10.1806 21600
10.183 18720
10.183 20160
10.183 21600
10.1854 18720
10.1854 20160
10.1854 21600
10.1882 18720
10.1882 20160
10.1882 21600
10.1882 23040
10.1922 20160
10.1922 21600
10.1922 23040
10.1946 20160
10.1946 21600
10.1946 23040
10.2191 20160
10.2191 21600
10.2191 23040
10.2215 20160
10.2215 21600
10.2215 23040
10.2239 20160
10.2239 21600
10.2239 23040
10.2263 20160
10.2263 21600
10.2263 23040
10.2295 20160
10.2295 21600
10.2295 23040
10.2319 20160
10.2319 21600
10.2319 23040
10.2343 20160
10.2343 21600
10.2343 23040
10.2366 20160
10.2366 21600
10.2366 23040
10.2612 20160
10.2612 21600
10.2612 23040
10.2636 20160
10.2636 21600
10.2636 23040
10.266 20160
10.266 21600
10.266 23040
10.2684 20160
10.2684 21600
10.2684 23040
10.2716 20160
10.2716 21600
10.2716 23040
10.274 20160
10.274 21600
10.274 23040
10.274 24480
10.2763 21600
10.2763 23040
10.2763 24480
10.2787 21600
10.2787 23040
10.2787 24480
10.3033 21600
10.3033 23040
10.3033 24480
10.3057 21600
10.3057 23040
10.3057 24480
10.3085 21600
10.3085 23040
10.3085 24480
10.3109 21600
10.3109 23040
10.3109 24480
10.3136 21600
10.3136 23040
10.3136 24480
10.316 21600
10.316 23040
10.316 24480
10.3184 21600
10.3184 23040
10.3184 24480
10.3208 21600
10.3208 23040
10.3208 24480
10.3442 21600
10.3442 23040
10.3442 24480
10.3466 21600
10.3466 23040
10.3466 24480
10.3494 21600
10.3494 23040
10.3494 24480
10.3517 21600
10.3517 23040
10.3517 24480
10.3545 21600
10.3545 23040
10.3545 24480
10.3569 21600
10.3569 23040
10.3569 24480
10.3593 21600
10.3593 23040
10.3593 24480
10.3617 21600
10.3617 23040
10.3617 24480
10.3617 25920
10.3851 23040
10.3851 24480
10.3851 25920
10.3875 23040
10.3875 24480
10.3875 25920
10.3902 23040
10.3902 24480
10.3902 25920
10.3926 23040
10.3926 24480
10.3926 25920
10.3954 23040
10.3954 24480
10.3954 25920
10.3978 23040
10.3978 24480
10.3978 25920
10.4002 23040
10.4002 24480
10.4002 25920
10.4026 23040
10.4026 24480
10.4026 25920
10.405 23040
10.405 24480
10.405 25920
10.4275 23040
10.4275 24480
10.4275 25920
10.4299 23040
10.4299 24480
10.4299 25920
10.4327 23040
10.4327 24480
10.4327 25920
10.4351 23040
10.4351 24480
10.4351 25920
10.4375 23040
10.4375 24480
10.4375 25920
10.4399 23040
10.4399 24480
10.4399 25920
10.4423 23040
10.4423 24480
10.4423 25920
10.4447 23040
10.4447 24480
10.4447 25920
10.4473 23040
10.4473 24480
10.4473 25920
10.47 23040
10.47 24480
10.47 25920
10.47 27360
10.4724 24480
10.4724 25920
10.4724 27360
10.4748 24480
10.4748 25920
10.4748 27360
10.4772 24480
10.4772 25920
10.4772 27360
10.4796 24480
10.4796 25920
10.4796 27360
10.482 24480
10.482 25920
10.482 27360
10.4844 24480
10.4844 25920
10.4844 27360
10.4868 24480
10.4868 25920
10.4868 27360
10.4894 24480
10.4894 25920
10.4894 27360
10.5125 24480
10.5125 25920
10.5125 27360
10.5149 24480
10.5149 25920
10.5149 27360
10.5173 24480
10.5173 25920
10.5173 27360
10.5197 24480
10.5197 25920
10.5197 27360
10.5221 24480
10.5221 25920
10.5221 27360
10.5244 24480
10.5244 25920
10.5244 27360
10.5268 24480
10.5268 25920
10.5268 27360
10.5292 24480
10.5292 25920
10.5292 27360
10.5316 24480
10.5316 25920
10.5316 27360
10.5546 24480
10.5546 25920
10.5546 27360
10.5558 25920
10.5558 27360
10.557 24480
10.557 25920
10.5582 24480
10.5594 23040
10.5606 21600
10.5618 20160
10.563 18720
10.5642 17280
10.5654 15840
10.5666 14400
10.5677 12960
10.5689 11520
10.5701 10080
10.5701 11520
10.5713 10080
10.5713 11520
10.5725 10080
10.5725 11520
10.5737 10080
10.5737 11520
10.5955 10080
10.5955 11520
10.5967 10080
10.5967 11520
10.5979 10080
10.5979 11520
10.5991 10080
10.5991 11520
10.6122 8640
10.6122 10080
10.6122 11520
10.6146 8640
10.6146 10080
10.6146 11520
10.6376 8640
10.6376 10080
10.6376 11520
10.64 8640
10.64 10080
10.64 11520
10.6543 8640
10.6543 10080
10.6543 11520
10.6543 12960
10.6567 10080
10.6567 11520
10.6567 12960
10.6797 10080
10.6797 11520
10.6797 12960
10.6821 10080
10.6821 11520
10.6821 12960
10.6964 10080
10.6964 11520
10.6964 12960
10.6988 10080
10.6988 11520
10.6988 12960
10.7206 10080
10.7206 11520
10.7206 12960
10.7233 10080
10.7233 11520
10.7233 12960
10.7373 10080
10.7373 11520
10.7373 12960
10.7397 10080
10.7397 11520
10.7397 12960
10.7397 14400
10.7614 11520
10.7614 12960
10.7614 14400
10.7646 11520
10.7646 12960
10.7646 14400
10.7782 11520
10.7782 12960
10.7782 14400
10.7806 11520
10.7806 12960
10.7806 14400
10.783 11520
10.783 12960
10.783 14400
10.8035 11520
10.8035 12960
10.8035 14400
10.8067 12960
10.8067 14400
10.8191 12960
10.8191 14400
10.8203 11520
10.8203 12960
10.8215 11520
10.8227 10080
10.8239 8640
10.8251 7200
10.8448 5760
10.846 4320
10.846 5760
10.8476 4320
10.8476 5760
10.86 4320
10.86 5760
10.8612 4320
10.8612 5760
10.8885 2880
10.8885 4320
10.8885 5760
10.9021 2880
10.9021 4320
10.9021 5760
10.9306 2880
10.9306 4320
10.9306 5760
10.9442 2880
10.9442 4320
10.9442 5760
10.9727 2880
10.9727 4320
10.9727 5760
10.9727 7200
10.9866 4320
10.9866 5760
10.9866 7200
11.0147 4320
11.0147 5760
11.0147 7200
11.0279 4320
11.0279 5760
11.0279 7200
11.0556 4320
11.0556 5760
11.0556 7200
11.0687 4320
11.0687 5760
11.0687 7200
11.0687 8640
11.0965 5760
11.0965 7200
11.0965 8640
11.1096 5760
11.1096 7200
11.1096 8640
11.112 5760
11.112 7200
11.112 8640
11.1386 5760
11.1386 7200
11.1386 8640
11.1517 5760
11.1517 7200
11.1517 8640
11.1541 5760
11.1541 7200
11.1541 8640
11.1807 7200
11.1807 8640
11.1926 7200
11.1926 8640
11.1938 5760
11.1938 7200
11.195 5760
11.1962 4320
11.2216 2880
11.2335 1440
11.2335 2880
11.2347 1440
11.2347 2880
11.2756 0
11.2756 1440
11.2756 2880
11.3177 0
11.3177 1440
11.3177 2880
11.3598 0
11.3598 1440
11.3598 2880
11.3598 4320
11.4019 1440
11.4019 2880
11.4019 4320
11.4428 1440
11.4428 2880
11.4428 4320
11.4837 1440
11.4837 2880
11.4837 4320
11.4837 5760
11.5245 2880
11.5245 4320
11.5245 5760
11.5269 2880
11.5269 4320
11.5269 5760
11.5666 2880
11.5666 4320
11.5666 5760
11.569 2880
11.569 4320
11.569 5760
11.6087 2880
11.6087 4320
11.6087 5760
11.6087 7200
11.6111 4320
11.6111 5760
11.6111 7200
11.6508 5760
11.6508 7200
11.652 5760
11.652 7200
11.6532 4320
11.6532 5760
11.6544 4320
11.6917 2880
11.6929 1440
11.6929 2880
11.6941 1440
11.6941 2880
11.735 0
11.735 1440
11.735 2880
11.7771 0
11.7771 1440
11.7771 2880
11.8192 0
11.8192 1440
11.8192 2880
11.8192 4320
11.8612 1440
11.8612 2880
11.8612 4320
11.9021 1440
11.9021 2880
11.9021 4320
11.943 1440
11.943 2880
11.943 4320
11.943 5760
11.9839 2880
11.9839 4320
11.9839 5760
11.9863 2880
11.9863 4320
11.9863 5760
12.0261 2880
12.0261 4320
12.0261 5760
12.0285 2880
12.0285 4320
12.0285 5760
12.0685 2880
12.0685 4320
12.0685 5760
12.0685 7200
12.0709 4320
12.0709 5760
12.0709 7200
12.111 4320
12.111 5760
12.111 7200
12.1134 4320
12.1134 5760
12.1134 7200
12.1519 4320
12.1519 5760
12.1519 7200
12.1547 4320
12.1547 5760
12.1547 7200
12.1547 8640
12.1928 5760
12.1928 7200
12.1928 8640
12.196 5760
12.196 7200
12.196 8640
12.1984 5760
12.1984 7200
12.1984 8640
12.2349 5760
12.2349 7200
12.2349 8640
12.2381 5760
12.2381 7200
12.2381 8640
12.2404 5760
12.2404 7200
12.2404 8640
12.2404 10080
12.277 7200
12.277 8640
12.277 10080
12.2801 7200
12.2801 8640
12.2801 10080
12.2825 7200
12.2825 8640
12.2825 10080
12.3179 7200
12.3179 8640
12.3179 10080
12.321 7200
12.321 8640
12.321 10080
12.3234 7200
12.3234 8640
12.3234 10080
12.3588 7200
12.3588 8640
12.3588 10080
12.3619 7200
12.3619 8640
12.3619 10080
12.3619 11520
12.3643 8640
12.3643 10080
12.3643 11520
12.3996 8640
12.3996 10080
12.3996 11520
12.4028 8640
12.4028 10080
12.4028 11520
12.4052 8640
12.4052 10080
12.4052 11520
12.4076 8640
12.4076 10080
12.4076 11520
12.4417 8640
12.4417 10080
12.4417 11520
12.4449 8640
12.4449 10080
12.4449 11520
12.4473 8640
12.4473 10080
12.4473 11520
12.4473 12960
12.4498 10080
12.4498 11520
12.4498 12960
12.4838 10080
12.4838 11520
12.4838 12960
12.487 10080
12.487 11520
12.487 12960
12.4894 10080
12.4894 11520
12.4894 12960
12.4918 10080
12.4918 11520
12.4918 12960
12.5247 10080
12.5247 11520
12.5247 12960
12.5279 10080
12.5279 11520
12.5279 12960
12.5303 10080
12.5303 11520
12.5303 12960
12.5327 10080
12.5327 11520
12.5327 12960
12.5656 10080
12.5656 11520
12.5656 12960
12.5656 14400
12.5688 11520
12.5688 12960
12.5688 14400
12.5715 11520
12.5715 12960
12.5715 14400
12.5739 11520
12.5739 12960
12.5739 14400
12.6069 11520
12.6069 12960
12.6069 14400
12.6093 11520
12.6093 12960
12.6093 14400
12.6116 11520
12.6116 12960
12.6116 14400
12.614 11520
12.614 12960
12.614 14400
12.6164 11520
12.6164 12960
12.6164 14400
12.6489 11520
12.6489 12960
12.6489 14400
12.6517 11520
12.6517 12960
12.6517 14400
12.6517 15840
12.6541 12960
12.6541 14400
12.6541 15840
12.6565 12960
12.6565 14400
12.6565 15840
12.6589 12960
12.6589 14400
12.6589 15840
12.691 12960
12.691 14400
12.691 15840
12.6942 12960
12.6942 14400
12.6942 15840
12.6966 12960
12.6966 14400
12.6966 15840
12.699 12960
12.699 14400
12.699 15840
12.7014 12960
12.7014 14400
12.7014 15840
12.7319 12960
12.7319 14400
12.7319 15840
12.7351 12960
12.7351 14400
12.7351 15840
12.7375 12960
12.7375 14400
12.7375 15840
12.7399 12960
12.7399 14400
12.7399 15840
12.7399 17280
12.7423 14400
12.7423 15840
12.7423 17280
12.7732 14400
12.7732 15840
12.7732 17280
12.776 14400
12.776 15840
12.776 17280
12.7788 14400
12.7788 15840
12.7788 17280
12.7812 14400
12.7812 15840
12.7812 17280
12.7835 14400
12.7835 15840
12.7835 17280
12.7859 14400
12.7859 15840
12.7859 17280
12.8157 14400
12.8157 15840
12.8157 17280
12.8184 14400
12.8184 15840
12.8184 17280
12.8208 14400
12.8208 15840
12.8208 17280
12.8232 14400
12.8232 15840
12.8232 17280
12.8256 14400
12.8256 15840
12.8256 17280
12.8256 18720
12.828 15840
12.828 17280
12.828 18720
12.8581 15840
12.8581 17280
12.8581 18720
12.8605 15840
12.8605 17280
12.8605 18720
12.8629 15840
12.8629 17280
12.8629 18720
12.8653 15840
12.8653 17280
12.8653 18720
12.8677 15840
12.8677 17280
12.8677 18720
12.8701 15840
12.8701 17280
12.8701 18720
12.899 15840
12.899 17280
12.899 18720
12.9014 15840
12.9014 17280
12.9014 18720
12.9038 15840
12.9038 17280
12.9038 18720
12.9062 15840
12.9062 17280
12.9062 18720
12.9086 15840
12.9086 17280
12.9086 18720
12.911 15840
12.911 17280
12.911 18720
12.9399 15840
12.9399 17280
12.9399 18720
12.9399 20160
12.9423 17280
12.9423 18720
12.9423 20160
12.9447 17280
12.9447 18720
12.9447 20160
12.9471 17280
12.9471 18720
12.9471 20160
12.9495 17280
12.9495 18720
12.9495 20160
12.9519 17280
12.9519 18720
12.9519 20160
12.9808 17280
12.9808 18720
12.9808 20160
12.9832 17280
12.9832 18720
12.9832 20160
12.9856 17280
12.9856 18720
12.9856 20160
12.988 17280
12.988 18720
12.988 20160
12.9903 17280
12.9903 18720
12.9903 20160
12.9927 17280
12.9927 18720
12.9927 20160
12.9951 17280
12.9951 18720
12.9951 20160
13.0229 17280
13.0229 18720
13.0229 20160
13.0253 17280
13.0253 18720
13.0253 20160
13.0253 21600
13.0277 18720
13.0277 20160
13.0277 21600
13.03 18720
13.03 20160
13.03 21600
13.0324 18720
13.0324 20160
13.0324 21600
13.0348 18720
13.0348 20160
13.0348 21600
13.0372 18720
13.0372 20160
13.0372 21600
13.065 18720
13.065 20160
13.065 21600
13.0673 18720
13.0673 20160
13.0673 21600
13.0697 18720
13.0697 20160
13.0697 21600
13.0721 18720
13.0721 20160
13.0721 21600
13.0745 18720
13.0745 20160
13.0745 21600
13.0769 20160
13.0769 21600
13.0781 20160
13.0781 21600
13.0793 18720
13.0793 20160
13.0805 18720
13.1059 17280
13.1071 15840
13.1083 14400
13.1094 12960
13.1106 11520
13.1118 10080
13.113 8640
13.1142 7200
13.1142 8640
13.1154 7200
13.1154 8640
13.1166 7200
13.1166 8640
13.1178 7200
13.1178 8640
13.119 7200
13.119 8640
13.1202 7200
13.1202 8640
13.1563 5760
13.1563 7200
13.1563 8640
13.1587 5760
13.1587 7200
13.1587 8640
13.1611 5760
13.1611 7200
13.1611 8640
13.1984 5760
13.1984 7200
13.1984 8640
13.1984 10080
13.2008 7200
13.2008 8640
13.2008 10080
13.2032 7200
13.2032 8640
13.2032 10080
13.2405 7200
13.2405 8640
13.2405 10080
13.2429 7200
13.2429 8640
13.2429 10080
13.2453 7200
13.2453 8640
13.2453 10080
13.2814 7200
13.2814 8640
13.2814 10080
13.2838 7200
13.2838 8640
13.2838 10080
13.2838 11520
13.2862 8640
13.2862 10080
13.2862 11520
13.3223 8640
13.3223 10080
13.3223 11520
13.3247 8640
13.3247 10080
13.3247 11520
13.327 8640
13.327 10080
13.327 11520
13.3294 8640
13.3294 10080
13.3294 11520
13.3643 8640
13.3643 10080
13.3643 11520
13.3667 8640
13.3667 10080
13.3667 11520
13.3691 8640
13.3691 10080
13.3691 11520
13.3715 8640
13.3715 10080
13.3715 11520
13.3715 12960
13.4064 10080
13.4064 11520
13.4064 12960
13.4092 10080
13.4092 11520
13.4092 12960
13.4116 10080
13.4116 11520
13.4116 12960
13.414 10080
13.414 11520
13.414 12960
13.4473 10080
13.4473 11520
13.4473 12960
13.4505 10080
13.4505 11520
13.4505 12960
13.4529 10080
13.4529 11520
13.4529 12960
13.4553 10080
13.4553 11520
13.4553 12960
13.4882 10080
13.4882 11520
13.4882 12960
13.4882 14400
13.4914 11520
13.4914 12960
13.4914 14400
13.4938 11520
13.4938 12960
13.4938 14400
13.4962 11520
13.4962 12960
13.4962 14400
13.5291 11520
13.5291 12960
13.5291 14400
13.5315 11520
13.5315 12960
13.5315 14400
13.5339 11520
13.5339 12960
13.5339 14400
13.5363 11520
13.5363 12960
13.5363 14400
13.5387 11520
13.5387 12960
13.5387 14400
13.5716 11520
13.5716 12960
13.5716 14400
13.5763 8640
13.5763 10080
13.5763 11520
13.5763 12960
13.5763 14400
13.5787 11520
13.5787 12960
13.5787 14400
13.5787 15840
13.6129 12960
13.6129 14400
13.6129 15840
13.6141 14400
13.6141 15840
13.6173 12960
13.6173 14400
13.6184 12960
13.6196 11520
13.6208 10080
13.622 8640
13.6232 7200
13.6244 5760
13.6541 4320
13.6541 5760
13.6553 4320
13.6553 5760
13.6565 4320
13.6565 5760
13.6581 4320
13.6581 5760
13.6962 2880
13.6962 4320
13.6962 5760
13.699 2880
13.699 4320
13.699 5760
13.7383 2880
13.7383 4320
13.7383 5760
13.7383 7200
13.7411 4320
13.7411 5760
13.7411 7200
13.7804 4320
13.7804 5760
13.7804 7200
13.7828 4320
13.7828 5760
13.7828 7200
13.8213 4320
13.8213 5760
13.8213 7200
13.8237 4320
13.8237 5760
13.8237 7200
13.8237 8640
13.8622 5760
13.8622 7200
13.8622 8640
13.8646 5760
13.8646 7200
13.8646 8640
13.867 5760
13.867 7200
13.867 8640
13.9043 5760
13.9043 7200
13.9043 8640
13.9067 5760
13.9067 7200
13.9067 8640
13.909 5760
13.909 7200
13.909 8640
13.9463 5760
13.9463 7200
13.9463 8640
13.9463 10080
13.9487 7200
13.9487 8640
13.9487 10080
13.9511 7200
13.9511 8640
13.9511 10080
13.9884 7200
13.9884 8640
13.9884 10080
13.9908 7200
13.9908 8640
13.9908 10080
13.9932 7200
13.9932 8640
13.9932 10080
14.0293 7200
14.0293 8640
14.0293 10080
14.0317 7200
14.0317 8640
14.0317 10080
14.0317 11520
14.0341 8640
14.0341 10080
14.0341 11520
14.0702 8640
14.0702 10080
14.0702 11520
14.0726 8640
14.0726 10080
14.0726 11520
14.0774 7200
14.0774 8640
14.0774 10080
14.0774 11520
14.1111 10080
14.1111 11520
14.1123 8640
14.1123 10080
14.1135 8640
14.1147 7200
14.1183 5760
14.1195 4320
14.1207 2880
14.1207 4320
14.152 2880
14.152 4320
14.1532 2880
14.1532 4320
14.1929 1440
14.1929 2880
14.1929 4320
14.2338 1440
14.2338 2880
14.2338 4320
14.2747 1440
14.2747 2880
14.2747 4320
14.3156 1440
14.3156 2880
14.3156 4320
14.3156 5760
14.3565 2880
14.3565 4320
14.3565 5760
14.3986 0
14.3986 1440
14.3986 2880
14.3986 4320
14.3986 5760
14.4407 2880
14.4407 4320
14.4407 5760
14.4431 2880
14.4431 4320
14.4431 5760
14.4431 7200
14.4832 4320
14.4832 5760
14.4832 7200
14.4856 4320
14.4856 5760
14.4856 7200
14.5245 4320
14.5245 5760
14.5245 7200
14.5269 4320
14.5269 5760
14.5269 7200
14.5657 4320
14.5657 5760
14.5657 7200
14.5681 4320
14.5681 5760
14.5681 7200
14.5681 8640
14.607 5760
14.607 7200
14.607 8640
14.6094 5760
14.6094 7200
14.6094 8640
14.6118 5760
14.6118 7200
14.6118 8640
14.6491 5760
14.6491 7200
14.6491 8640
14.6515 5760
14.6515 7200
14.6515 8640
14.6539 5760
14.6539 7200
14.6539 8640
14.6539 10080
14.6916 7200
14.6916 8640
14.6916 10080
14.694 7200
14.694 8640
14.694 10080
14.6964 7200
14.6964 8640
14.6964 10080
14.7325 7200
14.7325 8640
14.7325 10080
14.7349 7200
14.7349 8640
14.7349 10080
14.7373 7200
14.7373 8640
14.7373 10080
14.7734 7200
14.7734 8640
14.7734 10080
14.7758 7200
14.7758 8640
14.7758 10080
14.7758 11520
14.7781 8640
14.7781 10080
14.7781 11520
14.8143 8640
14.8143 10080
14.8143 11520
14.8166 8640
14.8166 10080
14.8166 11520
14.819 8640
14.819 10080
14.819 11520
14.8214 8640
14.8214 10080
14.8214 11520
14.8563 8640
14.8563 10080
14.8563 11520
14.8587 8640
14.8587 10080
14.8587 11520
14.8611 8640
14.8611 10080
14.8611 11520
14.8611 12960
14.8635 10080
14.8635 11520
14.8635 12960
14.8984 10080
14.8984 11520
14.8984 12960
14.9008 10080
14.9008 11520
14.9008 12960
14.9032 10080
14.9032 11520
14.9032 12960
14.9056 10080
14.9056 11520
14.9056 12960
14.9393 10080
14.9393 11520
14.9393 12960
14.9417 10080
14.9417 11520
14.9417 12960
14.9441 10080
14.9441 11520
14.9441 12960
14.9465 10080
14.9465 11520
14.9465 12960
14.9465 14400
14.9802 11520
14.9802 12960
14.9802 14400
14.9826 11520
14.9826 12960
14.9826 14400
14.985 11520
14.985 12960
14.985 14400
14.9874 11520
14.9874 12960
14.9874 14400
14.9898 11520
14.9898 12960
14.9898 14400
15.0223 11520
15.0223 12960
15.0223 14400
15.0247 11520
15.0247 12960
15.0247 14400
15.0271 11520
15.0271 12960
15.0271 14400
15.0295 11520
15.0295 12960
15.0295 14400
15.0318 11520
15.0318 12960
15.0318 14400
15.0644 11520
15.0644 12960
15.0644 14400
15.0644 15840
15.0668 12960
15.0668 14400
15.0668 15840
15.0691 12960
15.0691 14400
15.0691 15840
15.0715 12960
15.0715 14400
15.0715 15840
15.0739 14400
15.0739 15840
15.1053 14400
15.1053 15840
15.1065 12960
15.1065 14400
15.1077 12960
15.1089 11520
15.1101 10080
15.1112 8640
15.1124 7200
15.1136 5760
15.1152 4320
15.1152 5760
15.1164 4320
15.1164 5760
15.1462 4320
15.1462 5760
15.1474 4320
15.1474 5760
15.1577 4320
15.1577 5760
15.1871 4320
15.1871 5760
15.1883 2880
15.1883 4320
15.199 2880
15.228 1440
15.228 2880
15.2292 1440
15.2292 2880
15.2701 0
15.2701 1440
15.2701 2880
15.3122 0
15.3122 1440
15.3122 2880
15.3545 0
15.3545 1440
15.3545 2880
15.3545 4320
15.3966 1440
15.3966 2880
15.3966 4320
15.4379 1440
15.4379 2880
15.4379 4320
15.4788 1440
15.4788 2880
15.4788 4320
15.4788 5760
15.5197 2880
15.5197 4320
15.5197 5760
15.5221 2880
15.5221 4320
15.5221 5760
15.5618 2880
15.5618 4320
15.5618 5760
15.5642 2880
15.5642 4320
15.5642 5760
15.6039 2880
15.6039 4320
15.6039 5760
15.6039 7200
15.6062 4320
15.6062 5760
15.6062 7200
15.6459 4320
15.6459 5760
15.6459 7200
15.6483 4320
15.6483 5760
15.6483 7200
15.6868 4320
15.6868 5760
15.6868 7200
15.6892 4320
15.6892 5760
15.6892 7200
15.6892 8640
15.7281 5760
15.7281 7200
15.7281 8640
15.7305 5760
15.7305 7200
15.7305 8640
15.7329 5760
15.7329 7200
15.7329 8640
15.7706 5760
15.7706 7200
15.7706 8640
15.773 5760
15.773 7200
15.773 8640
15.7754 5760
15.7754 7200
15.7754 8640
15.7754 10080
15.8127 7200
15.8127 8640
15.8127 10080
15.8151 7200
15.8151 8640
15.8151 10080
15.8174 7200
15.8174 8640
15.8174 10080
15.8536 7200
15.8536 8640
15.8536 10080
15.8559 7200
15.8559 8640
15.8559 10080
15.8583 7200
15.8583 8640
15.8583 10080
15.8944 7200
15.8944 8640
15.8944 10080
15.8968 7200
15.8968 8640
15.8968 10080
15.8968 11520
15.8992 8640
15.8992 10080
15.8992 11520
15.9353 8640
15.9353 10080
15.9353 11520
15.9377 8640
15.9377 10080
15.9377 11520
15.9401 8640
15.9401 10080
15.9401 11520
15.9425 8640
15.9425 10080
15.9425 11520
15.9774 8640
15.9774 10080
15.9774 11520
15.9798 8640
15.9798 10080
15.9798 11520
15.9822 8640
15.9822 10080
15.9822 11520
15.9822 12960
15.9846 10080
15.9846 11520
15.9846 12960
16.0195 10080
16.0195 11520
16.0195 12960
16.0219 10080
16.0219 11520
16.0219 12960
16.0243 10080
16.0243 11520
16.0243 12960
16.0267 10080
16.0267 11520
16.0267 12960
16.0604 10080
16.0604 11520
16.0604 12960
16.0628 10080
16.0628 11520
16.0628 12960
16.0652 10080
16.0652 11520
16.0652 12960
16.0692 10080
16.0692 11520
16.0692 12960
16.1013 11520
16.1013 12960
16.1025 10080
16.1025 11520
16.1037 10080
16.1049 8640
16.1061 7200
16.1077 5760
16.1104 4320
16.1116 2880
16.1116 4320
16.1422 2880
16.1422 4320
16.1434 2880
16.1434 4320
16.1831 1440
16.1831 2880
16.1831 4320
16.224 1440
16.224 2880
16.224 4320
16.224 5760
16.2649 2880
16.2649 4320
16.2649 5760
16.2676 2880
16.2676 4320
16.2676 5760
16.3073 2880
16.3073 4320
16.3073 5760
16.3101 2880
16.3101 4320
16.3101 5760
16.3494 2880
16.3494 4320
16.3494 5760
16.3494 7200
16.3522 4320
16.3522 5760
16.3522 7200
16.3914 4320
16.3914 5760
16.3914 7200
16.3938 4320
16.3938 5760
16.3938 7200
16.4327 4320
16.4327 5760
16.4327 7200
16.4351 4320
16.4351 5760
16.4351 7200
16.4351 8640
16.4736 5760
16.4736 7200
16.4736 8640
16.476 5760
16.476 7200
16.476 8640
16.4784 5760
16.4784 7200
16.4784 8640
16.5161 5760
16.5161 7200
16.5161 8640
16.5185 5760
16.5185 7200
16.5185 8640
16.5209 5760
16.5209 7200
16.5209 8640
16.5582 5760
16.5582 7200
16.5582 8640
16.5582 10080
16.5606 7200
16.5606 8640
16.5606 10080
16.5629 7200
16.5629 8640
16.5629 10080
16.6006 7200
16.6006 8640
16.6006 10080
16.6054 4320
16.6054 5760
16.6054 7200
16.6054 8640
16.6054 10080
16.6415 7200
16.6415 8640
16.6415 10080
16.6463 7200
16.6463 8640
16.6463 10080
16.6487 7200
16.6487 8640
16.6487 10080
16.6487 11520
16.6824 8640
16.6824 10080
16.6824 11520
16.6872 8640
16.6872 10080
16.6872 11520
16.6896 8640
16.6896 10080
16.6896 11520
16.692 8640
16.692 10080
16.692 11520
16.7245 8640
16.7245 10080
16.7245 11520
16.7293 8640
16.7293 10080
16.7293 11520
16.7317 8640
16.7317 10080
16.7317 11520
16.7341 8640
16.7341 10080
16.7341 11520
16.7341 12960
16.7666 10080
16.7666 11520
16.7666 12960
16.7714 10080
16.7714 11520
16.7714 12960
16.7738 10080
16.7738 11520
16.7738 12960
16.7761 10080
16.7761 11520
16.7761 12960
16.8075 10080
16.8075 11520
16.8075 12960
16.8123 10080
16.8123 11520
16.8123 12960
16.8146 10080
16.8146 11520
16.8146 12960
16.817 10080
16.817 11520
16.817 12960
16.8484 10080
16.8484 11520
16.8484 12960
16.8532 11520
16.8532 12960
16.8544 11520
16.8544 12960
16.8555 10080
16.8555 11520
16.8567 10080
16.8579 8640
16.8591 7200
16.8893 5760
16.8905 4320
16.8941 2880
16.8941 4320
16.8953 2880
16.8953 4320
16.8964 2880
16.8964 4320
17.1373 0
17.1373 1440
17.1373 2880
17.1373 4320
17.1796 1440
17.1796 2880
17.1796 4320
17.1796 5760
17.2205 2880
17.2205 4320
17.2205 5760
17.2229 2880
17.2229 4320
17.2229 5760
17.2626 2880
17.2626 4320
17.2626 5760
17.265 2880
17.265 4320
17.265 5760
17.3047 2880
17.3047 4320
17.3047 5760
17.3047 7200
17.3071 4320
17.3071 5760
17.3071 7200
17.3467 4320
17.3467 5760
17.3467 7200
17.3491 4320
17.3491 5760
17.3491 7200
17.3876 4320
17.3876 5760
17.3876 7200
17.39 4320
17.39 5760
17.39 7200
17.39 8640
17.4285 5760
17.4285 7200
17.4285 8640
17.4309 5760
17.4309 7200
17.4309 8640
17.4333 5760
17.4333 7200
17.4333 8640
17.4718 5760
17.4718 7200
17.4718 8640
17.473 7200
17.473 8640
17.4742 5760
17.4742 7200
17.4754 5760
17.5131 4320
17.5143 2880
17.5155 1440
17.5155 2880
17.5167 1440
17.5167 2880
17.5579 0
17.5579 1440
17.5579 2880
17.6 0
17.6 1440
17.6 2880
17.6421 0
17.6421 1440
17.6421 2880
17.6421 4320
17.6842 1440
17.6842 2880
17.6842 4320
17.7251 1440
17.7251 2880
17.7251 4320
17.766 1440
17.766 2880
17.766 4320
17.766 5760
17.8093 0
17.8093 1440
17.8093 2880
17.8093 4320
17.8093 5760
17.8513 2880
17.8513 4320
17.8513 5760
17.8539 2880
17.8539 4320
17.8539 5760
17.8934 2880
17.8934 4320
17.8934 5760
17.8964 2880
17.8964 4320
17.8964 5760
17.8964 7200
17.9355 4320
17.9355 5760
17.9355 7200
17.9385 5760
17.9385 7200
17.9397 5760
17.9397 7200
17.9764 4320
17.9764 5760
17.9776 4320
17.9794 2880
18.0173 0
18.0173 1440
18.0173 2880
18.0594 0
18.0594 1440
18.0594 2880
18.1015 0
18.1015 1440
18.1015 2880
18.1436 0
18.1436 1440
18.1436 2880
18.1436 4320
18.1857 1440
18.1857 2880
18.1857 4320
18.2265 1440
18.2265 2880
18.2265 4320
18.2678 1440
18.2678 2880
18.2678 4320
18.2678 5760
18.3091 2880
18.3091 4320
18.3091 5760
18.3115 2880
18.3115 4320
18.3115 5760
18.3516 2880
18.3516 4320
18.3516 5760
18.354 2880
18.354 4320
18.354 5760
18.3937 2880
18.3937 4320
18.3937 5760
18.3937 7200
18.396 4320
18.396 5760
18.396 7200
18.4357 4320
18.4357 5760
18.4357 7200
18.4381 4320
18.4381 5760
18.4381 7200
18.4766 4320
18.4766 5760
18.4766 7200
18.479 4320
18.479 5760
18.479 7200
18.479 8640
18.5175 5760
18.5175 7200
18.5175 8640
18.5199 5760
18.5199 7200
18.5199 8640
18.5223 5760
18.5223 7200
18.5223 8640
18.5596 5760
18.5596 7200
18.5596 8640
18.562 5760
18.562 7200
18.562 8640
18.5644 5760
18.5644 7200
18.5644 8640
18.5644 10080
18.6017 7200
18.6017 8640
18.6017 10080
18.6041 7200
18.6041 8640
18.6041 10080
18.6065 7200
18.6065 8640
18.6065 10080
18.643 7200
18.643 8640
18.643 10080
18.6453 7200
18.6453 8640
18.6453 10080
18.6477 7200
18.6477 8640
18.6477 10080
18.6842 7200
18.6842 8640
18.6842 10080
18.689 4320
18.689 5760
18.689 7200
18.689 8640
18.689 10080
18.689 11520
18.7255 8640
18.7255 10080
18.7255 11520
18.7323 5760
18.7323 7200
18.7323 8640
18.7323 10080
18.7323 11520
18.7347 8640
18.7347 10080
18.7347 11520
18.768 8640
18.768 10080
18.768 11520
18.7744 8640
18.7744 10080
18.7744 11520
18.777 8640
18.777 10080
18.777 11520
18.7794 8640
18.7794 10080
18.7794 11520
18.8101 8640
18.8101 10080
18.8101 11520
18.8101 12960
18.8165 10080
18.8165 11520
18.8165 12960
18.8195 10080
18.8195 11520
18.8195 12960
18.8219 10080
18.8219 11520
18.8219 12960
18.8522 10080
18.8522 11520
18.8522 12960
18.8574 10080
18.8574 11520
18.8574 12960
18.8604 10080
18.8604 11520
18.8604 12960
18.8627 10080
18.8627 11520
18.8627 12960
18.8931 10080
18.8931 11520
18.8931 12960
18.8986 10080
18.8986 11520
18.8986 12960
18.9012 10080
18.9012 11520
18.9012 12960
18.9012 14400
18.9036 11520
18.9036 12960
18.9036 14400
18.9339 11520
18.9339 12960
18.9339 14400
18.9395 11520
18.9395 12960
18.9395 14400
18.9421 11520
18.9421 12960
18.9421 14400
18.9445 11520
18.9445 12960
18.9445 14400
18.9469 11520
18.9469 12960
18.9469 14400
18.9764 11520
18.9764 12960
18.9764 14400
18.9816 11520
18.9816 12960
18.9816 14400
18.9842 11520
18.9842 12960
18.9842 14400
18.9866 11520
18.9866 12960
18.9866 14400
18.9866 15840
18.989 12960
18.989 14400
18.989 15840
19.0185 12960
19.0185 14400
19.0185 15840
19.0241 12960
19.0241 14400
19.0241 15840
19.0265 12960
19.0265 14400
19.0265 15840
19.0289 12960
19.0289 14400
19.0289 15840
19.0313 12960
19.0313 14400
19.0313 15840
19.0594 12960
19.0594 14400
19.0594 15840
19.065 12960
19.065 14400
19.065 15840
19.0674 12960
19.0674 14400
19.0674 15840
19.0697 12960
19.0697 14400
19.0697 15840
19.0721 12960
19.0721 14400
19.0721 15840
19.1007 12960
19.1007 14400
19.1007 15840
19.1007 17280
19.1059 14400
19.1059 15840
19.1059 17280
19.1082 14400
19.1082 15840
19.1082 17280
19.1106 14400
19.1106 15840
19.1106 17280
19.113 14400
19.113 15840
19.113 17280
19.1416 14400
19.1416 15840
19.1416 17280
19.1439 14400
19.1439 15840
19.1439 17280
19.148 15840
19.148 17280
19.1492 15840
19.1492 17280
19.1503 14400
19.1503 15840
19.1515 14400
19.1527 12960
19.1539 11520
19.1551 10080
19.1825 8640
19.1837 7200
19.1848 5760
19.1848 7200
19.186 5760
19.186 7200
19.1889 5760
19.1889 7200
19.1901 5760
19.1901 7200
19.2258 5760
19.2258 7200
19.2269 5760
19.2269 7200
19.2298 5760
19.2298 7200
19.231 5760
19.231 7200
19.2667 5760
19.2667 7200
19.2679 5760
19.2679 7200
19.2707 5760
19.2707 7200
19.2719 5760
19.2719 7200
19.3076 5760
19.3076 7200
19.3088 5760
19.3088 7200
19.3116 5760
19.3116 7200
19.3128 5760
19.3128 7200
19.3485 5760
19.3485 7200
19.3497 5760
19.3497 7200
19.3525 5760
19.3525 7200
19.3537 5760
19.3537 7200
19.3894 5760
19.3894 7200
19.3906 5760
19.3906 7200
19.3934 5760
19.3934 7200
19.3946 5760
19.3946 7200
19.4303 5760
19.4303 7200
19.4315 5760
19.4315 7200
19.4343 5760
19.4343 7200
19.4355 5760
19.4355 7200
19.4712 5760
19.4712 7200
19.4724 5760
19.4724 7200
19.4752 5760
19.4752 7200
19.4764 5760
19.4764 7200
19.5133 5760
19.5133 7200
19.5161 5760
19.5161 7200
19.5173 4320
19.5173 5760
19.5173 7200
19.5542 5760
19.5542 7200
19.557 5760
19.557 7200
19.5594 5760
19.5594 7200
19.5951 5760
19.5951 7200
19.598 5760
19.598 7200
19.6003 5760
19.6003 7200
19.6361 5760
19.6361 7200
19.6389 5760
19.6389 7200
19.6413 5760
19.6413 7200
19.677 5760
19.677 7200
19.6798 5760
19.6798 7200
19.6822 5760
19.6822 7200
19.7179 5760
19.7179 7200
19.7207 5760
19.7207 7200
19.7231 5760
19.7231 7200
19.7588 5760
19.7588 7200
19.7616 5760
19.7616 7200
19.7644 5760
19.7644 7200
19.7997 5760
19.7997 7200
19.8026 5760
19.8026 7200
19.8053 5760
19.8053 7200
19.841 5760
19.841 7200
19.8435 5760
19.8435 7200
19.8462 5760
19.8462 7200
19.8822 5760
19.8822 7200
19.8844 5760
19.8844 7200
19.8871 5760
19.8871 7200
19.9235 5760
19.9235 7200
19.9253 5760
19.9253 7200
19.9281 5760
19.9281 7200
19.9648 5760
19.9648 7200
19.9662 5760
19.9662 7200
19.969 5760
19.969 7200
20.0057 5760
20.0057 7200
20.0071 5760
20.0071 7200
20.0103 5760
20.0103 7200
20.0468 5760
20.0468 7200
20.0481 5760
20.0481 7200
20.0512 5760
20.0512 7200
20.0878 5760
20.0878 7200
20.089 5760
20.089 7200
20.0921 5760
20.0921 7200
20.1287 5760
20.1287 7200
20.1299 5760
20.1299 7200
20.1331 5760
20.1331 7200
20.1439 0
20.1439 1440
20.1848 0
20.1848 1440
20.1848 2880
20.2257 1440
20.2257 2880
20.2666 0
20.2666 1440
20.2666 2880
20.2666 4320
20.3087 1440
20.3087 2880
20.3087 4320
20.3496 1440
20.3496 2880
20.3496 4320
20.3905 1440
20.3905 2880
20.3905 4320
20.3905 5760
20.4314 2880
20.4314 4320
20.4314 5760
20.4338 2880
20.4338 4320
20.4338 5760
20.4735 2880
20.4735 4320
20.4735 5760
20.4759 2880
20.4759 4320
20.4759 5760
20.4759 7200
20.5156 4320
20.5156 5760
20.5156 7200
20.5568 1440
20.5568 2880
20.5568 4320
20.5568 5760
20.5568 7200
20.5993 4320
20.5993 5760
20.5993 7200
20.6005 5760
20.6005 7200
20.6017 4320
20.6017 5760
20.6402 4320
20.6414 2880
20.6426 1440
20.6426 2880
20.6438 1440
20.6438 2880
20.6847 0
20.6847 1440
20.6847 2880
20.7268 0
20.7268 1440
20.7268 2880
20.7691 0
20.7691 1440
20.7691 2880
20.7691 4320
20.8116 1440
20.8116 2880
20.8116 4320
20.8525 1440
20.8525 2880
20.8525 4320
20.8934 1440
20.8934 2880
20.8934 4320
20.8934 5760
20.9343 2880
20.9343 4320
20.9343 5760
20.9367 2880
20.9367 4320
20.9367 5760
20.9764 2880
20.9764 4320
20.9764 5760
20.9788 2880
20.9788 4320
20.9788 5760
21.0185 2880
21.0185 4320
21.0185 5760
21.0185 7200
21.0209 4320
21.0209 5760
21.0209 7200
21.0605 4320
21.0605 5760
21.0605 7200
21.0629 4320
21.0629 5760
21.0629 7200
21.1014 4320
21.1014 5760
21.1014 7200
21.1038 4320
21.1038 5760
21.1038 7200
21.1038 8640
21.1423 5760
21.1423 7200
21.1423 8640
21.1447 5760
21.1447 7200
21.1447 8640
21.1471 5760
21.1471 7200
21.1471 8640
21.1844 5760
21.1844 7200
21.1844 8640
21.1868 5760
21.1868 7200
21.1868 8640
21.1892 5760
21.1892 7200
21.1892 8640
21.1892 10080
21.2265 7200
21.2265 8640
21.2265 10080
21.2289 7200
21.2289 8640
21.2289 10080
21.2313 7200
21.2313 8640
21.2313 10080
21.2674 7200
21.2674 8640
21.2674 10080
21.27 7200
21.27 8640
21.27 10080
21.2724 7200
21.2724 8640
21.2724 10080
21.3083 7200
21.3083 8640
21.3083 10080
21.3113 7200
21.3113 8640
21.3113 10080
21.3113 11520
21.3137 8640
21.3137 10080
21.3137 11520
21.3492 8640
21.3492 10080
21.3492 11520
21.3522 8640
21.3522 10080
21.3522 11520
21.3546 8640
21.3546 10080
21.3546 11520
21.357 8640
21.357 10080
21.357 11520
21.3916 8640
21.3916 10080
21.3916 11520
21.3943 8640
21.3943 10080
21.3943 11520
21.3967 8640
21.3967 10080
21.3967 11520
21.3967 12960
21.3991 10080
21.3991 11520
21.3991 12960
21.4341 10080
21.4341 11520
21.4341 12960
21.4365 10080
21.4365 11520
21.4365 12960
21.4389 10080
21.4389 11520
21.4389 12960
21.4413 10080
21.4413 11520
21.4413 12960
21.475 10080
21.475 11520
21.475 12960
21.4774 10080
21.4774 11520
21.4774 12960
21.48 10080
21.48 11520
21.48 12960
21.4824 10080
21.4824 11520
21.4824 12960
21.5159 10080
21.5159 11520
21.5159 12960
21.5159 14400
21.5183 11520
21.5183 12960
21.5183 14400
21.5209 11520
21.5209 12960
21.5209 14400
21.5233 11520
21.5233 12960
21.5233 14400
21.5568 11520
21.5568 12960
21.5568 14400
21.5592 11520
21.5592 12960
21.5592 14400
21.5616 11520
21.5616 12960
21.5616 14400
21.5639 11520
21.5639 12960
21.5639 14400
21.5663 11520
21.5663 12960
21.5663 14400
21.5992 11520
21.5992 12960
21.5992 14400
21.6016 11520
21.6016 12960
21.6016 14400
21.6016 15840
21.604 12960
21.604 14400
21.604 15840
21.6064 12960
21.6064 14400
21.6064 15840
21.6088 12960
21.6088 14400
21.6088 15840
21.6417 12960
21.6417 14400
21.6417 15840
21.6441 12960
21.6441 14400
21.6441 15840
21.6465 12960
21.6465 14400
21.6465 15840
21.6489 12960
21.6489 14400
21.6489 15840
21.6513 12960
21.6513 14400
21.6513 15840
21.6826 12960
21.6826 14400
21.6826 15840
21.685 12960
21.685 14400
21.685 15840
21.6874 12960
21.6874 14400
21.6874 15840
21.6898 12960
21.6898 14400
21.6898 15840
21.6898 17280
21.6922 14400
21.6922 15840
21.6922 17280
21.7235 14400
21.7235 15840
21.7235 17280
21.7259 14400
21.7259 15840
21.7259 17280
21.7283 14400
21.7283 15840
21.7283 17280
21.7307 14400
21.7307 15840
21.7307 17280
21.7331 14400
21.7331 15840
21.7331 17280
21.7354 14400
21.7354 15840
21.7354 17280
21.7656 14400
21.7656 15840
21.7656 17280
21.768 14400
21.768 15840
21.768 17280
21.7704 14400
21.7704 15840
21.7704 17280
21.7728 14400
21.7728 15840
21.7728 17280
21.7751 14400
21.7751 15840
21.7751 17280
21.7751 18720
21.7775 15840
21.7775 17280
21.7775 18720
21.8077 15840
21.8077 17280
21.8077 18720
21.8101 15840
21.8101 17280
21.8101 18720
21.8124 15840
21.8124 17280
21.8124 18720
21.8148 15840
21.8148 17280
21.8148 18720
21.8172 15840
21.8172 17280
21.8172 18720
21.8196 15840
21.8196 17280
21.8196 18720
21.8486 15840
21.8486 17280
21.8486 18720
21.8509 15840
21.8509 17280
21.8509 18720
21.8533 15840
21.8533 17280
21.8533 18720
21.8557 15840
21.8557 17280
21.8557 18720
21.8581 15840
21.8581 17280
21.8581 18720
21.8605 15840
21.8605 17280
21.8605 18720
21.8894 15840
21.8894 17280
21.8894 18720
21.8894 20160
21.8918 17280
21.8918 18720
21.8918 20160
21.8942 17280
21.8942 18720
21.8942 20160
21.8966 17280
21.8966 18720
21.8966 20160
21.899 17280
21.899 18720
21.899 20160
21.9014 17280
21.9014 18720
21.9014 20160
21.9303 17280
21.9303 18720
21.9303 20160
21.9327 17280
21.9327 18720
21.9327 20160
21.9351 17280
21.9351 18720
21.9351 20160
21.9375 17280
21.9375 18720
21.9375 20160
21.9399 17280
21.9399 18720
21.9399 20160
21.9423 17280
21.9423 18720
21.9423 20160
21.9447 17280
21.9447 18720
21.9447 20160
21.9724 17280
21.9724 18720
21.9724 20160
21.9748 17280
21.9748 18720
21.9748 20160
21.9748 21600
21.9772 18720
21.9772 20160
21.9772 21600
21.98 18720
21.98 20160
21.98 21600
21.9824 18720
21.9824 20160
21.9824 21600
21.9848 18720
21.9848 20160
21.9848 21600
21.9872 18720
21.9872 20160
21.9872 21600
22.0145 18720
22.0145 20160
22.0145 21600
22.0169 18720
22.0169 20160
22.0169 21600
22.0193 18720
22.0193 20160
22.0193 21600
22.0217 18720
22.0217 20160
22.0217 21600
22.0241 18720
22.0241 20160
22.0241 21600
22.0265 18720
22.0265 20160
22.0265 21600
22.0288 18720
22.0288 20160
22.0288 21600
22.0554 18720
22.0554 20160
22.0554 21600
22.0578 18720
22.0578 20160
22.0578 21600
22.0602 18720
22.0602 20160
22.0602 21600
22.0626 18720
22.0626 20160
22.0626 21600
22.0626 23040
22.065 20160
22.065 21600
22.065 23040
22.0673 20160
22.0673 21600
22.0673 23040
22.0697 20160
22.0697 21600
22.0697 23040
22.0963 20160
22.0963 21600
22.0963 23040
22.0991 20160
22.0991 21600
22.0991 23040
22.1014 20160
22.1014 21600
22.1014 23040
22.1038 20160
22.1038 21600
22.1038 23040
22.1062 20160
22.1062 21600
22.1062 23040
22.1086 20160
22.1086 21600
22.1086 23040
22.111 20160
22.111 21600
22.111 23040
22.1134 20160
22.1134 21600
22.1134 23040
22.1384 20160
22.1384 21600
22.1384 23040
22.1411 20160
22.1411 21600
22.1411 23040
22.1435 20160
22.1435 21600
22.1435 23040
22.1459 20160
22.1459 21600
22.1459 23040
22.1483 20160
22.1483 21600
22.1483 23040
22.1483 24480
22.1509 21600
22.1509 23040
22.1509 24480
22.1533 21600
22.1533 23040
22.1533 24480
22.1793 21600
22.1793 23040
22.1793 24480
22.1805 23040
22.1805 24480
22.182 21600
22.182 23040
22.1832 21600
22.1844 20160
22.1856 18720
22.1868 17280
22.188 15840
22.1892 14400
22.1904 12960
22.1916 11520
22.1928 10080
22.194 8640
22.194 10080
22.1952 8640
22.1952 10080
22.1964 8640
22.1964 10080
22.2202 8640
22.2202 10080
22.2226 7200
22.2226 8640
22.2226 10080
22.2237 8640
22.2237 10080
22.2361 7200
22.2361 8640
22.2361 10080
22.2611 7200
22.2611 8640
22.2611 10080
22.2647 7200
22.2647 8640
22.2647 10080
22.277 7200
22.277 8640
22.277 10080
22.277 11520
22.302 8640
22.302 10080
22.302 11520
22.3055 8640
22.3055 10080
22.3055 11520
22.3179 8640
22.3179 10080
22.3179 11520
22.3203 8640
22.3203 10080
22.3203 11520
22.344 8640
22.344 10080
22.344 11520
22.3588 8640
22.3588 10080
22.3588 11520
22.36 10080
22.36 11520
22.3612 8640
22.3612 10080
22.3624 8640
22.3849 7200
22.3861 5760
22.3997 4320
22.4009 2880
22.4009 4320
22.4021 2880
22.4021 4320
22.4032 2880
22.4032 4320
22.443 1440
22.443 2880
22.443 4320
22.4838 1440
22.4838 2880
22.4838 4320
22.5247 1440
22.5247 2880
22.5247 4320
22.5656 1440
22.5656 2880
22.5656 4320
22.5656 5760
22.6065 2880
22.6065 4320
22.6065 5760
22.6089 2880
22.6089 4320
22.6089 5760
22.6486 2880
22.6486 4320
22.6486 5760
22.651 2880
22.651 4320
22.651 5760
22.651 7200
22.6911 4320
22.6911 5760
22.6911 7200
22.6935 4320
22.6935 5760
22.6935 7200
22.7323 4320
22.7323 5760
22.7323 7200
22.7347 4320
22.7347 5760
22.7347 7200
22.7732 4320
22.7732 5760
22.7732 7200
22.7756 4320
22.7756 5760
22.7756 7200
22.7756 8640
22.8141 5760
22.8141 7200
22.8141 8640
22.8165 5760
22.8165 7200
22.8165 8640
22.8189 5760
22.8189 7200
22.8189 8640
22.8562 5760
22.8562 7200
22.8562 8640
22.8586 5760
22.8586 7200
22.8586 8640
22.861 5760
22.861 7200
22.861 8640
22.861 10080
22.8983 7200
22.8983 8640
22.8983 10080
22.9007 7200
22.9007 8640
22.9007 10080
22.9031 7200
22.9031 8640
22.9031 10080
22.9392 7200
22.9392 8640
22.9392 10080
22.9416 7200
22.9416 8640
22.9416 10080
22.944 7200
22.944 8640
22.944 10080
22.9801 7200
22.9801 8640
22.9801 10080
22.9825 7200
22.9825 8640
22.9825 10080
22.9825 11520
22.9849 8640
22.9849 10080
22.9849 11520
23.021 8640
23.021 10080
23.021 11520
23.0237 8640
23.0237 10080
23.0237 11520
23.0261 8640
23.0261 10080
23.0261 11520
23.0285 8640
23.0285 10080
23.0285 11520
23.063 8640
23.063 10080
23.063 11520
23.0662 8640
23.0662 10080
23.0662 11520
23.0686 8640
23.0686 10080
23.0686 11520
23.0686 12960
23.071 10080
23.071 11520
23.071 12960
23.1051 10080
23.1051 11520
23.1051 12960
23.1083 10080
23.1083 11520
23.1083 12960
23.1107 10080
23.1107 11520
23.1107 12960
23.1131 10080
23.1131 11520
23.1131 12960
23.1464 10080
23.1464 11520
23.1464 12960
23.1492 10080
23.1492 11520
23.1492 12960
23.1516 10080
23.1516 11520
23.1516 12960
23.154 10080
23.154 11520
23.154 12960
23.154 14400
23.1885 11520
23.1885 12960
23.1885 14400
23.1901 12960
23.1901 14400
23.1913 11520
23.1913 12960
23.1925 11520
23.1937 10080
23.1949 8640
23.1961 7200
23.1973 5760
23.2294 4320
23.2294 5760
23.2306 4320
23.2306 5760
23.2318 4320
23.2318 5760
23.233 4320
23.233 5760
23.2715 2880
23.2715 4320
23.2715 5760
23.2739 2880
23.2739 4320
23.2739 5760
23.316 0
23.316 1440
23.316 2880
23.316 4320
23.316 5760
23.358 2880
23.358 4320
23.358 5760
23.3604 2880
23.3604 4320
23.3604 5760
23.3604 7200
23.4001 4320
23.4001 5760
23.4001 7200
23.4025 4320
23.4025 5760
23.4025 7200
23.441 4320
23.441 5760
23.441 7200
23.4434 4320
23.4434 5760
23.4434 7200
23.4819 4320
23.4819 5760
23.4819 7200
23.4819 8640
23.4844 5760
23.4844 7200
23.4844 8640
23.5228 5760
23.5228 7200
23.5228 8640
23.5252 5760
23.5252 7200
23.5252 8640
23.5276 5760
23.5276 7200
23.5276 8640
23.5649 5760
23.5649 7200
23.5649 8640
23.5673 5760
23.5673 7200
23.5673 8640
23.5697 5760
23.5697 7200
23.5697 8640
23.5697 10080
23.6074 7200
23.6074 8640
23.6074 10080
23.6097 7200
23.6097 8640
23.6097 10080
23.6121 7200
23.6121 8640
23.6121 10080
23.6486 7200
23.6486 8640
23.6486 10080
23.651 7200
23.651 8640
23.651 10080
23.6534 7200
23.6534 8640
23.6534 10080
23.6899 7200
23.6899 8640
23.6899 10080
23.6899 11520
23.6931 8640
23.6931 10080
23.6931 11520
23.6943 10080
23.6943 11520
23.6957 8640
23.6957 10080
23.7312 8640
23.7332 7200
23.7346 5760
23.7358 2880
23.7358 4320
23.737 2880
23.737 4320
23.7382 2880
23.7382 4320
23.7767 2880
23.7767 4320
23.7791 2880
23.7791 4320
23.82 1440
23.82 2880
23.82 4320
23.8609 2880
23.8609 4320
23.8621 1440
23.8621 2880
23.9018 1440
23.9018 2880
23.903 1440
23.903 2880
23.9439 0
23.9439 1440
23.9439 2880
23.986 0
23.986 1440
23.986 2880
24.0281 0
24.0281 1440
24.0281 2880
24.0281 4320
24.0701 1440
24.0701 2880
24.0701 4320
24.111 1440
24.111 2880
24.111 4320
24.1519 1440
24.1519 2880
24.1519 4320
24.1519 5760
24.1928 2880
24.1928 4320
24.1928 5760
24.1952 2880
24.1952 4320
24.1952 5760
24.2349 2880
24.2349 4320
24.2349 5760
24.2373 2880
24.2373 4320
24.2373 5760
24.277 2880
24.277 4320
24.277 5760
24.277 7200
24.2794 4320
24.2794 5760
24.2794 7200
24.3203 4320
24.3203 5760
24.3203 7200
24.3215 5760
24.3215 7200
24.3227 4320
24.3227 5760
24.3612 4320
24.3624 2880
24.3636 1440
24.3636 2880
24.3648 1440
24.3648 2880
24.4057 0
24.4057 1440
24.4057 2880
24.4478 0
24.4478 1440
24.4478 2880
24.4902 0
24.4902 1440
24.4902 2880
24.4902 4320
24.5323 1440
24.5323 2880
24.5323 4320
24.5732 1440
24.5732 2880
24.5732 4320
24.6141 1440
24.6141 2880
24.6141 4320
24.6141 5760
24.655 2880
24.655 4320
24.655 5760
24.6574 2880
24.6574 4320
24.6574 5760
24.6971 2880
24.6971 4320
24.6971 5760
24.6995 2880
24.6995 4320
24.6995 5760
24.7392 4320
24.7392 5760
24.7404 4320
24.7404 5760
24.7416 2880
24.7416 4320
24.7801 2880
24.7813 1440
24.7813 2880
24.7825 1440
24.7825 2880
24.8234 0
24.8234 1440
24.8234 2880
24.8654 0
24.8654 1440
24.8654 2880
24.9076 0
24.9076 1440
24.9076 2880
24.9076 4320
24.95 1440
24.95 2880
24.95 4320
24.9909 1440
24.9909 2880
24.9909 4320
25.0318 1440
25.0318 2880
25.0318 4320
25.0318 5760
25.0727 2880
25.0727 4320
25.0727 5760
25.0751 2880
25.0751 4320
25.0751 5760
25.1152 2880
25.1152 4320
25.1152 5760
25.1176 2880
25.1176 4320
25.1176 5760
25.1573 2880
25.1573 4320
25.1573 5760
25.1573 7200
25.1597 4320
25.1597 5760
25.1597 7200
25.1998 4320
25.1998 5760
25.1998 7200
25.2022 4320
25.2022 5760
25.2022 7200
25.2411 4320
25.2411 5760
25.2411 7200
25.2435 4320
25.2435 5760
25.2435 7200
25.2435 8640
25.2824 5760
25.2824 7200
25.2824 8640
25.2848 5760
25.2848 7200
25.2848 8640
25.2872 5760
25.2872 7200
25.2872 8640
25.3248 5760
25.3248 7200
25.3248 8640
25.3272 5760
25.3272 7200
25.3272 8640
25.3296 5760
25.3296 7200
25.3296 8640
25.3296 10080
25.3673 7200
25.3673 8640
25.3673 10080
25.3697 7200
25.3697 8640
25.3697 10080
25.3721 7200
25.3721 8640
25.3721 10080
25.4086 7200
25.4086 8640
25.4086 10080
25.411 7200
25.411 8640
25.411 10080
25.4134 7200
25.4134 8640
25.4134 10080
25.4495 7200
25.4495 8640
25.4495 10080
25.4519 7200
25.4519 8640
25.4519 10080
25.4519 11520
25.4543 8640
25.4543 10080
25.4543 11520
25.4904 8640
25.4904 10080
25.4904 11520
25.4928 8640
25.4928 10080
25.4928 11520
25.4952 8640
25.4952 10080
25.4952 11520
25.4976 8640
25.4976 10080
25.4976 11520
25.5325 8640
25.5325 10080
25.5325 11520
25.5349 8640
25.5349 10080
25.5349 11520
25.5372 8640
25.5372 10080
25.5372 11520
25.5372 12960
25.5396 10080
25.5396 11520
25.5396 12960
25.5745 10080
25.5745 11520
25.5745 12960
25.5769 10080
25.5769 11520
25.5769 12960
25.5793 10080
25.5793 11520
25.5793 12960
25.5817 10080
25.5817 11520
25.5817 12960
25.6154 10080
25.6154 11520
25.6154 12960
25.6178 10080
25.6178 11520
25.6178 12960
25.6202 10080
25.6202 11520
25.6202 12960
25.6226 10080
25.6226 11520
25.6226 12960
25.6563 10080
25.6563 11520
25.6563 12960
25.6563 14400
25.6587 11520
25.6587 12960
25.6587 14400
25.6611 11520
25.6611 12960
25.6611 14400
25.6635 11520
25.6635 12960
25.6635 14400
25.6972 11520
25.6972 12960
25.6972 14400
25.6996 11520
25.6996 12960
25.6996 14400
25.702 11520
25.702 12960
25.702 14400
25.7048 11520
25.7048 12960
25.7048 14400
25.7072 11520
25.7072 12960
25.7072 14400
25.7393 11520
25.7393 12960
25.7393 14400
25.7417 11520
25.7417 12960
25.7417 14400
25.7417 15840
25.7441 12960
25.7441 14400
25.7441 15840
25.7472 12960
25.7472 14400
25.7472 15840
25.7496 12960
25.7496 14400
25.7496 15840
25.7814 12960
25.7814 14400
25.7814 15840
25.7838 12960
25.7838 14400
25.7838 15840
25.7862 12960
25.7862 14400
25.7862 15840
25.7886 12960
25.7886 14400
25.7886 15840
25.7909 12960
25.7909 14400
25.7909 15840
25.8227 12960
25.8227 14400
25.8227 15840
25.825 12960
25.825 14400
25.825 15840
25.8274 12960
25.8274 14400
25.8274 15840
25.8295 14400
25.8295 15840
25.8307 14400
25.8307 15840
25.8331 12960
25.8331 14400
25.864 12960
25.8652 10080
25.8664 8640
25.8676 7200
25.8688 5760
25.87 4320
25.87 5760
25.8711 4320
25.8711 5760
25.8723 4320
25.8723 5760
25.8743 4320
25.8743 5760
25.9108 4320
25.9108 5760
25.9132 2880
25.9132 4320
25.9132 5760
25.9521 2880
25.9521 4320
25.9521 5760
25.9557 2880
25.9557 4320
25.9557 5760
25.9557 7200
25.9946 4320
25.9946 5760
25.9946 7200
25.9981 4320
25.9981 5760
25.9981 7200
26.0358 4320
26.0358 5760
26.0358 7200
26.0394 4320
26.0394 5760
26.0394 7200
26.0767 4320
26.0767 5760
26.0767 7200
26.0767 8640
26.0803 5760
26.0803 7200
26.0803 8640
26.1176 5760
26.1176 7200
26.1176 8640
26.12 5760
26.12 7200
26.12 8640
26.1224 5760
26.1224 7200
26.1224 8640
26.1601 5760
26.1601 7200
26.1601 8640
26.1625 5760
26.1625 7200
26.1625 8640
26.1649 5760
26.1649 7200
26.1649 8640
26.1649 10080
26.2026 7200
26.2026 8640
26.2026 10080
26.205 7200
26.205 8640
26.205 10080
26.2073 7200
26.2073 8640
26.2073 10080
26.2438 7200
26.2438 8640
26.2438 10080
26.2462 7200
26.2462 8640
26.2462 10080
26.2486 7200
26.2486 8640
26.2486 10080
26.2851 7200
26.2851 8640
26.2851 10080
26.2851 11520
26.2875 8640
26.2875 10080
26.2875 11520
26.2899 8640
26.2899 10080
26.2899 11520
26.3264 8640
26.3264 10080
26.3264 11520
26.3288 8640
26.3288 10080
26.3288 11520
26.3312 8640
26.3312 10080
26.3312 11520
26.3336 8640
26.3336 10080
26.3336 11520
26.3689 8640
26.3689 10080
26.3689 11520
26.3713 8640
26.3713 10080
26.3713 11520
26.3737 8640
26.3737 10080
26.3737 11520
26.3737 12960
26.376 10080
26.376 11520
26.376 12960
26.411 10080
26.411 11520
26.411 12960
26.4134 10080
26.4134 11520
26.4134 12960
26.4157 10080
26.4157 11520
26.4157 12960
26.4181 10080
26.4181 11520
26.4181 12960
26.4522 10080
26.4522 11520
26.4522 12960
26.4546 10080
26.4546 11520
26.4546 12960
26.457 10080
26.457 11520
26.457 12960
26.4594 10080
26.4594 11520
26.4594 12960
26.4594 14400
26.4935 11520
26.4935 12960
26.4935 14400
26.4955 12960
26.4955 14400
26.4967 12960
26.4967 14400
26.4979 11520
26.4979 12960
26.4991 11520
26.5003 10080
26.5015 8640
26.5027 7200
26.5348 5760
26.536 4320
26.536 5760
26.5372 4320
26.5372 5760
26.5384 4320
26.5384 5760
26.5396 4320
26.5396 5760
26.5785 2880
26.5785 4320
26.5785 5760
26.5809 2880
26.5809 4320
26.5809 5760
26.6206 2880
26.6206 4320
26.6206 5760
26.6229 2880
26.6229 4320
26.6229 5760
26.6626 2880
26.6626 4320
26.6626 5760
26.6626 7200
26.665 4320
26.665 5760
26.665 7200
26.7047 4320
26.7047 5760
26.7047 7200
26.7071 4320
26.7071 5760
26.7071 7200
26.7456 4320
26.7456 5760
26.7456 7200
26.748 4320
26.748 5760
26.748 7200
26.748 8640
26.7865 7200
26.7865 8640
26.7877 7200
26.7877 8640
26.7889 5760
26.7889 7200
26.7901 5760
26.7913 4320
26.8274 2880
26.8286 1440
26.8286 2880
26.8298 1440
26.8298 2880
26.8707 0
26.8707 1440
26.8707 2880
26.9128 0
26.9128 1440
26.9128 2880
26.9549 0
26.9549 1440
26.9549 2880
26.9549 4320
26.9971 1440
26.9971 2880
26.9971 4320
27.038 1440
27.038 2880
27.038 4320
27.0789 1440
27.0789 2880
27.0789 4320
27.0789 5760
27.1198 2880
27.1198 4320
27.1198 5760
27.1222 2880
27.1222 4320
27.1222 5760
27.1619 2880
27.1619 4320
27.1619 5760
27.1642 2880
27.1642 4320
27.1642 5760
27.2043 2880
27.2043 4320
27.2043 5760
27.2043 7200
27.2067 4320
27.2067 5760
27.2067 7200
27.2468 4320
27.2468 5760
27.2468 7200
27.2492 4320
27.2492 5760
27.2492 7200
27.2881 4320
27.2881 5760
27.2881 7200
27.2905 4320
27.2905 5760
27.2905 7200
27.2905 8640
27.3294 5760
27.3294 7200
27.3294 8640
27.3317 5760
27.3317 7200
27.3317 8640
27.3341 5760
27.3341 7200
27.3341 8640
27.3718 5760
27.3718 7200
27.3718 8640
27.3742 5760
27.3742 7200
27.3742 8640
27.3766 5760
27.3766 7200
27.3766 8640
27.3766 10080
27.4143 7200
27.4143 8640
27.4143 10080
27.4167 7200
27.4167 8640
27.4167 10080
27.4191 7200
27.4191 8640
27.4191 10080
27.4556 7200
27.4556 8640
27.4556 10080
27.458 7200
27.458 8640
27.458 10080
27.4604 7200
27.4604 8640
27.4604 10080
27.4965 7200
27.4965 8640
27.4965 10080
27.4989 7200
27.4989 8640
27.4989 10080
27.4989 11520
27.5013 8640
27.5013 10080
27.5013 11520
27.5374 8640
27.5374 10080
27.5374 11520
27.5398 8640
27.5398 10080
27.5398 11520
27.5421 8640
27.5421 10080
27.5421 11520
27.5445 8640
27.5445 10080
27.5445 11520
27.5795 8640
27.5795 10080
27.5795 11520
27.5818 8640
27.5818 10080
27.5818 11520
27.5842 8640
27.5842 10080
27.5842 11520
27.5842 12960
27.5866 10080
27.5866 11520
27.5866 12960
27.6215 10080
27.6215 11520
27.6215 12960
27.6239 10080
27.6239 11520
27.6239 12960
27.6265 10080
27.6265 11520
27.6265 12960
27.6289 10080
27.6289 11520
27.6289 12960
27.6624 10080
27.6624 11520
27.6624 12960
27.6648 10080
27.6648 11520
27.6648 12960
27.6678 10080
27.6678 11520
27.6678 12960
27.6702 10080
27.6702 11520
27.6702 12960
27.7033 10080
27.7033 11520
27.7033 12960
27.7033 14400
27.7057 11520
27.7057 12960
27.7057 14400
27.7087 11520
27.7087 12960
27.7087 14400
27.7111 11520
27.7111 12960
27.7111 14400
27.7442 11520
27.7442 12960
27.7442 14400
27.7466 11520
27.7466 12960
27.7466 14400
27.749 11520
27.749 12960
27.749 14400
27.7514 11520
27.7514 12960
27.7514 14400
27.7538 11520
27.7538 12960
27.7538 14400
27.7863 11520
27.7863 12960
27.7863 14400
27.7887 11520
27.7887 12960
27.7887 14400
27.7887 15840
27.7911 12960
27.7911 14400
27.7911 15840
27.7936 12960
27.7936 14400
27.7936 15840
27.796 12960
27.796 14400
27.796 15840
27.8288 12960
27.8288 14400
27.8288 15840
27.8311 12960
27.8311 14400
27.8311 15840
27.8335 12960
27.8335 14400
27.8335 15840
27.8359 12960
27.8359 14400
27.8359 15840
27.8383 12960
27.8383 14400
27.8383 15840
27.8696 12960
27.8696 14400
27.8696 15840
27.872 12960
27.872 14400
27.872 15840
27.8744 12960
27.8744 14400
27.8744 15840
27.8768 12960
27.8768 14400
27.8768 15840
27.8768 17280
27.8794 14400
27.8794 15840
27.8794 17280
27.9105 14400
27.9105 15840
27.9105 17280
27.9129 14400
27.9129 15840
27.9129 17280
27.9153 14400
27.9153 15840
27.9153 17280
27.9179 14400
27.9179 15840
27.9179 17280
27.9203 14400
27.9203 15840
27.9203 17280
27.9227 14400
27.9227 15840
27.9227 17280
27.953 14400
27.953 15840
27.953 17280
27.9554 14400
27.9554 15840
27.9554 17280
27.9578 14400
27.9578 15840
27.9578 17280
27.9604 14400
27.9604 15840
27.9604 17280
27.9628 14400
27.9628 15840
27.9628 17280
27.9628 18720
27.9652 15840
27.9652 17280
27.9652 18720
27.9955 15840
27.9955 17280
27.9955 18720
27.9979 15840
27.9979 17280
27.9979 18720
28.0003 15840
28.0003 17280
28.0003 18720
28.0027 15840
28.0027 17280
28.0027 18720
28.005 15840
28.005 17280
28.005 18720
28.0074 15840
28.0074 17280
28.0074 18720
28.0364 15840
28.0364 17280
28.0364 18720
28.0388 15840
28.0388 17280
28.0388 18720
28.0414 15840
28.0414 17280
28.0414 18720
28.0438 15840
28.0438 17280
28.0438 18720
28.0461 15840
28.0461 17280
28.0461 18720
28.0486 17280
28.0486 18720
28.0497 17280
28.0497 18720
28.0773 15840
28.0773 17280
28.0785 15840
28.0797 14400
28.0809 12960
28.0823 11520
28.0835 10080
28.0847 8640
28.0859 7200
28.0871 5760
28.0871 7200
28.0882 5760
28.0882 7200
28.0895 5760
28.0895 7200
28.0907 5760
28.0907 7200
28.1182 5760
28.1182 7200
28.1291 4320
28.1291 5760
28.1291 7200
28.1315 4320
28.1315 5760
28.1315 7200
28.17 4320
28.17 5760
28.17 7200
28.17 8640
28.1724 5760
28.1724 7200
28.1724 8640
28.2109 5760
28.2109 7200
28.2109 8640
28.2137 5760
28.2137 7200
28.2137 8640
28.2161 5760
28.2161 7200
28.2161 8640
28.253 5760
28.253 7200
28.253 8640
28.2558 7200
28.2558 8640
28.257 7200
28.257 8640
28.2582 5760
28.2582 7200
28.2939 5760
28.2951 4320
28.2967 2880
28.2979 1440
28.2979 2880
28.2991 1440
28.2991 2880
28.3403 0
28.3403 1440
28.3403 2880
28.3828 0
28.3828 1440
28.3828 2880
28.4253 0
28.4253 1440
28.4253 2880
28.4253 4320
28.4674 1440
28.4674 2880
28.4674 4320
28.5086 1440
28.5086 2880
28.5086 4320
28.5499 1440
28.5499 2880
28.5499 4320
28.5499 5760
28.5912 2880
28.5912 4320
28.5912 5760
28.5936 2880
28.5936 4320
28.5936 5760
28.6333 2880
28.6333 4320
28.6333 5760
28.6742 2880
28.6742 4320
28.6742 5760
28.6754 4320
28.6754 5760
28.7151 2880
28.7151 4320
28.7163 2880
28.7175 1440
28.7175 2880
28.756 1440
28.756 2880
28.7969 0
28.7969 1440
28.7969 2880
28.839 0
28.839 1440
28.839 2880
28.881 0
28.881 1440
28.881 2880
28.881 4320
28.9231 1440
28.9231 2880
28.9231 4320
28.964 1440
28.964 2880
28.964 4320
29.0049 1440
29.0049 2880
29.0049 4320
29.0049 5760
29.0458 2880
29.0458 4320
29.0458 5760
29.0482 2880
29.0482 4320
29.0482 5760
29.0879 2880
29.0879 4320
29.0879 5760
29.0903 2880
29.0903 4320
29.0903 5760
29.13 2880
29.13 4320
29.13 5760
29.13 7200
29.1327 4320
29.1327 5760
29.1327 7200
29.1724 4320
29.1724 5760
29.1724 7200
29.1748 4320
29.1748 5760
29.1748 7200
29.2137 4320
29.2137 5760
29.2137 7200
29.2161 4320
29.2161 5760
29.2161 7200
29.2161 8640
29.2546 5760
29.2546 7200
29.2546 8640
29.257 5760
29.257 7200
29.257 8640
29.2594 5760
29.2594 7200
29.2594 8640
29.2967 5760
29.2967 7200
29.2967 8640
29.2991 5760
29.2991 7200
29.2991 8640
29.3015 5760
29.3015 7200
29.3015 8640
29.3015 10080
29.3388 7200
29.3388 8640
29.3388 10080
29.3412 7200
29.3412 8640
29.3412 10080
29.3436 7200
29.3436 8640
29.3436 10080
29.3797 7200
29.3797 8640
29.3797 10080
29.3821 7200
29.3821 8640
29.3821 10080
29.3844 7200
29.3844 8640
29.3844 10080
29.4206 7200
29.4206 8640
29.4206 10080
29.4229 7200
29.4229 8640
29.4229 10080
29.4229 11520
29.4253 8640
29.4253 10080
29.4253 11520
29.4614 8640
29.4614 10080
29.4614 11520
29.4638 8640
29.4638 10080
29.4638 11520
29.4662 8640
29.4662 10080
29.4662 11520
29.4686 8640
29.4686 10080
29.4686 11520
29.5035 8640
29.5035 10080
29.5035 11520
29.5059 8640
29.5059 10080
29.5059 11520
29.5083 8640
29.5083 10080
29.5083 11520
29.5083 12960
29.5107 10080
29.5107 11520
29.5107 12960
29.5456 10080
29.5456 11520
29.5456 12960
29.548 10080
29.548 11520
29.548 12960
29.5504 10080
29.5504 11520
29.5504 12960
29.5528 10080
29.5528 11520
29.5528 12960
29.5865 10080
29.5865 11520
29.5865 12960
29.5889 10080
29.5889 11520
29.5889 12960
29.5913 10080
29.5913 11520
29.5913 12960
29.5937 10080
29.5937 11520
29.5937 12960
29.6274 10080
29.6274 11520
29.6274 12960
29.6274 14400
29.6298 11520
29.6298 12960
29.6298 14400
29.6322 11520
29.6322 12960
29.6322 14400
29.6346 11520
29.6346 12960
29.6346 14400
29.6683 11520
29.6683 12960
29.6683 14400
29.6707 11520
29.6707 12960
29.6707 14400
29.6731 11520
29.6731 12960
29.6731 14400
29.6755 11520
29.6755 12960
29.6755 14400
29.6778 11520
29.6778 12960
29.6778 14400
29.7104 11520
29.7104 12960
29.7104 14400
29.7128 11520
29.7128 12960
29.7128 14400
29.7128 15840
29.7151 12960
29.7151 14400
29.7151 15840
29.7175 12960
29.7175 14400
29.7175 15840
29.7199 12960
29.7199 14400
29.7199 15840
29.7525 12960
29.7525 14400
29.7525 15840
29.7548 12960
29.7548 14400
29.7548 15840
29.7572 12960
29.7572 14400
29.7572 15840
29.7596 12960
29.7596 14400
29.7596 15840
29.762 12960
29.762 14400
29.762 15840
29.7933 12960
29.7933 14400
29.7933 15840
29.7957 12960
29.7957 14400
29.7957 15840
29.7981 12960
29.7981 14400
29.7981 15840
29.8005 12960
29.8005 14400
29.8005 15840
29.8005 17280
29.8029 14400
29.8029 15840
29.8029 17280
29.8342 14400
29.8342 15840
29.8342 17280
29.8366 14400
29.8366 15840
29.8366 17280
29.839 14400
29.839 15840
29.839 17280
29.8414 14400
29.8414 15840
29.8414 17280
29.8439 14400
29.8439 15840
29.8439 17280
29.8463 14400
29.8463 15840
29.8463 17280
29.8763 14400
29.8763 15840
29.8763 17280
29.8787 14400
29.8787 15840
29.8787 17280
29.8811 14400
29.8811 15840
29.8811 17280
29.8835 14400
29.8835 15840
29.8835 17280
29.8864 14400
29.8864 15840
29.8864 17280
29.8864 18720
29.8888 15840
29.8888 17280
29.8888 18720
29.9184 15840
29.9184 17280
29.9184 18720
29.9208 15840
29.9208 17280
29.9208 18720
29.9232 15840
29.9232 17280
29.9232 18720
29.9256 15840
29.9256 17280
29.9256 18720
29.9285 15840
29.9285 17280
29.9285 18720
29.9309 15840
29.9309 17280
29.9309 18720
29.9593 15840
29.9593 17280
29.9593 18720
29.9621 15840
29.9621 17280
29.9621 18720
29.9645 15840
29.9645 17280
29.9645 18720
29.9668 15840
29.9668 17280
29.9668 18720
29.9698 15840
29.9698 17280
29.9698 18720
29.9722 15840
29.9722 17280
29.9722 18720
30.0002 15840
30.0002 17280
30.0002 18720
30.0002 20160
30.0033 17280
30.0033 18720
30.0033 20160
30.0057 17280
30.0057 18720
30.0057 20160
30.0081 17280
30.0081 18720
30.0081 20160
30.0107 17280
30.0107 18720
30.0107 20160
30.0131 17280
30.0131 18720
30.0131 20160
30.0411 17280
30.0411 18720
30.0411 20160
30.0435 17280
30.0435 18720
30.0435 20160
30.0458 17280
30.0458 18720
30.0458 20160
30.0482 17280
30.0482 18720
30.0482 20160
30.0506 17280
30.0506 18720
30.0506 20160
30.053 17280
30.053 18720
30.053 20160
30.0554 17280
30.0554 18720
30.0554 20160
30.0835 17280
30.0835 18720
30.0835 20160
30.0859 17280
30.0859 18720
30.0859 20160
30.0859 21600
30.0883 18720
30.0883 20160
30.0883 21600
30.0907 18720
30.0907 20160
30.0907 21600
30.0931 18720
30.0931 20160
30.0931 21600
30.0951 20160
30.0951 21600
30.0963 20160
30.0963 21600
30.0975 18720
30.0975 20160
