0.138217 1440
0.179149 2880
0.221234 4320
0.263319 5760
0.304209 7200
0.306599 8640
0.346293 10080
0.348684 11520
0.351074 12960
0.388378 14400
0.390769 15840
0.393159 17280
0.429283 7200
0.479798 7488
0.482189 7764
0.521055 8031
0.523446 8289
0.562335 8539
0.564726 8781
0.603615 9017
0.606006 9246
0.608396 9470
0.646091 9688
0.648481 9902
0.650871 10111
0.688175 10316
0.690566 10517
0.694166 10714
0.730275 3600
0.812223 4176
0.854308 4672
0.896393 5115
0.937282 5520
0.978356 5895
1.01925 6246
1.02164 6577
1.06133 6892
1.06372 7192
1.10342 7480
1.10581 7757
1.14568 8024
1.14807 8282
1.18657 8532
1.18896 8775
1.22746 9011
1.22985 9241
1.23224 9465
1.26955 9684
1.27194 9898
1.27433 10107
1.31163 10312
1.31402 10513
1.31641 10710
1.35279 10903
1.35518 11093
1.35757 11279
1.39368 11462
1.39607 11642
1.39846 11820
1.43696 11995
1.43935 12167
1.44174 12337
1.47921 12505
1.4816 12670
1.48399 12833
1.48638 12994
1.52129 13153
1.52368 13310
1.52607 13465
1.52846 13618
1.56218 13770
1.56457 13920
1.56696 14068
1.60307 14215
1.60546 14360
1.60785 14504
1.64396 14646
1.64635 14787
1.64874 14927
1.65113 15065
1.65353 15202
1.68604 15338
1.68843 15473
1.69082 15607
1.69321 15739
1.69601 15870
1.72851 16000
1.7309 16129
1.73329 16257
1.73568 16384
1.73809 16510
1.76979 16635
1.77219 16759
1.77458 16882
1.77697 17004
1.8107 17125
1.8131 17246
1.81549 17366
1.81788 17485
1.85158 17603
1.85398 17720
1.85637 17837
1.85876 17953
1.86115 18068
1.86354 18182
1.89367 18296
1.89847 18409
1.90086 7920
1.98265 8181
1.98659 8434
2.02354 8679
2.02748 8917
2.06443 9149
2.06682 9375
2.06956 9596
2.1069 9812
2.10929 10023
2.11168 10229
2.14898 10431
2.15137 10629
2.15376 10824
2.18987 11015
2.19226 11203
2.19465 11388
2.23076 11570
2.23315 11749
2.23554 11925
2.27165 12098
2.27645 4320
2.35825 4800
2.39675 5232
2.43764 5628
2.47853 5996
2.51981 6341
2.5222 6668
2.56229 6978
2.56468 7275
2.60476 7560
2.60715 7834
2.64565 8098
2.68654 8354
2.72743 8602
2.72982 8843
2.76832 9077
2.77071 9305
2.7731 9527
2.81079 9744
2.81318 9956
2.81557 10164
2.85326 10368
2.85565 10568
2.85805 10764
2.89415 10956
2.90014 2880
3.02163 3600
3.06372 4176
3.1058 4672
3.14789 5115
3.18878 5520
3.22967 5895
3.27094 6246
3.27333 6577
3.31341 6892
3.3158 7192
3.35589 7480
3.35828 7757
3.39836 8024
3.40075 8282
3.43925 8532
3.44164 8775
3.48014 9011
3.48253 9241
3.48512 9465
3.52223 9684
3.52462 9898
3.52759 10107
3.56431 10312
3.5667 10513
3.56968 10710
3.60559 10903
3.60798 11093
3.61057 11279
3.64687 11462
3.64926 11642
3.65165 11820
3.68815 11995
3.69054 12167
3.69293 12337
3.69532 12505
3.73062 12670
3.73301 12833
3.7354 12994
3.73779 13153
3.77271 13310
3.7751 13465
3.77749 13618
3.77988 13770
3.81359 13920
3.81599 14068
3.81838 14215
3.82077 14360
3.85448 14504
3.85687 14646
3.85927 14787
3.86166 14927
3.89537 15065
3.89776 15202
3.90015 15338
3.90293 15473
3.90532 15607
3.93746 15739
3.93985 15870
3.94224 16000
3.9454 16129
3.94779 16257
3.97954 16384
3.98194 16510
3.98433 16635
3.98672 16759
3.98911 16882
4.02043 17004
4.02283 17125
4.02522 17246
4.02761 17366
4.03 17485
4.06132 17603
4.06372 17720
4.06611 17837
4.0685 17953
4.07089 18068
4.07328 18182
4.10341 18296
4.1058 18409
4.1082 18521
4.11059 18632
4.11298 18743
4.11537 18853
4.14549 18962
4.14789 19071
4.15028 19179
4.15267 19287
4.15507 19394
4.15746 19500
4.18638 19606
4.18878 19711
4.19117 19816
4.19356 19920
4.19596 20024
4.19852 20127
4.22727 20230
4.22967 20332
4.23244 20433
4.23483 20534
4.23722 20634
4.2398 20734
4.26816 20834
4.27055 20933
4.27294 21032
4.27533 21130
4.27773 21228
4.28012 21325
4.28251 21422
4.31025 21518
4.31264 21614
4.31542 21709
4.31781 21804
4.3202 21899
4.32259 21993
4.32498 22087
4.35271 22180
4.3551 22273
4.35749 22366
4.35988 22458
4.36227 22550
4.36467 22641
4.36706 22732
4.3936 22823
4.39599 22913
4.40077 23003
4.40316 23093
4.40555 23182
4.40795 23271
4.43449 23360
4.43688 23448
4.44166 23536
4.44405 23624
4.44644 23711
4.44883 23798
4.45123 23885
4.45362 23971
4.47936 24057
4.48375 24143
4.48614 24228
4.48853 24313
4.49092 24398
4.49331 24482
4.4957 24566
4.52144 24650
4.52383 24734
4.52622 24817
4.52861 24900
4.531 24983
4.53339 25066
4.53579 25148
4.53818 25230
4.56233 25312
4.56472 25393
4.56711 25474
4.5695 25555
4.57189 25636
4.57428 25716
4.57667 25796
4.57907 25876
4.60322 25956
4.60561 26035
4.608 26114
4.61039 26193
4.61278 26272
4.61517 26350
4.61756 26428
4.61995 26506
4.64411 26584
4.6465 26662
4.6501 26739
4.65249 11520
4.7271 11700
4.72949 11877
4.73309 12051
4.73548 12223
4.76919 12392
4.77158 12559
4.77518 12724
4.77757 12886
4.81127 13046
4.81366 13204
4.81726 13361
4.81965 13516
4.85336 13669
4.85575 13820
4.85815 13970
4.86054 14118
4.89424 14264
4.89664 14409
4.89904 14552
4.90143 14694
4.93513 14835
4.93752 14974
4.93992 15112
4.94231 15249
4.9447 15384
4.97722 15518
4.97961 15651
4.9824 15783
4.98479 15914
4.98718 16044
5.0193 16173
5.02169 16301
5.02487 16428
5.02726 16554
5.02965 16679
5.06019 16803
5.06258 16926
5.06576 17048
5.06815 17169
5.07054 17289
5.10147 17408
5.10386 17527
5.10665 17645
5.10904 17762
5.11182 17878
5.11421 17993
5.14394 18108
5.14633 18222
5.14874 18335
5.15113 18448
5.15406 18560
5.15646 18671
5.18603 18782
5.18842 18892
5.19121 19001
5.1936 19110
5.19654 19218
5.19893 19325
5.22851 19432
5.2309 19538
5.23344 19644
5.23583 19749
5.23822 19853
5.26979 19957
5.27218 20060
5.27457 20163
5.27696 20265
5.27935 20367
5.31068 20468
5.31307 20569
5.31546 20669
5.31785 20769
5.32024 20868
5.32263 20967
5.32502 21065
5.35315 21163
5.35554 21260
5.35793 21357
5.36032 21454
5.36271 21550
5.3651 21646
5.36749 21741
5.39563 21836
5.39802 21930
5.40041 22024
5.4028 22118
5.40519 22211
5.40758 22304
5.40997 22396
5.43691 22488
5.4393 22580
5.44169 22671
5.44408 22762
5.44647 22853
5.44886 22943
5.45125 23033
5.47819 23123
5.48058 23212
5.48297 23301
5.48536 23389
5.48775 23477
5.49014 23565
5.49253 23652
5.51947 23739
5.52186 23826
5.52425 23913
5.52664 23999
5.52903 24085
5.53142 24171
5.56037 24256
5.56276 10080
5.64217 10285
5.64456 10486
5.64695 10683
5.68306 10877
5.68545 11067
5.68784 11254
5.72395 11438
5.72634 11619
5.72873 11797
5.76484 11972
5.76723 12145
5.76962 12315
5.80693 4320
5.88753 4800
5.92842 5232
5.96931 5628
6.0102 5996
6.05109 6341
6.05348 6668
6.09318 6978
6.09557 7275
6.13526 7560
6.13765 7834
6.17615 8098
6.17854 8354
6.21742 8602
6.2587 8843
6.29998 9077
6.30237 9305
6.30476 9527
6.34246 9744
6.34485 9956
6.34724 10164
6.38454 10368
6.38935 3600
6.47114 4176
6.51323 4672
6.55531 5115
6.5962 5520
6.63709 5895
6.67798 6246
6.68037 6577
6.72006 6892
6.72245 7192
6.76215 7480
6.76454 7757
6.80423 8024
6.80662 8282
6.84512 8532
6.84751 8775
6.88601 9011
6.8884 9241
6.89079 9465
6.9281 9684
6.9306 9898
6.93299 10107
6.97018 10312
6.97307 10513
6.97546 10710
7.01107 10903
7.01435 11093
7.01674 11279
7.05205 11462
7.05563 11642
7.05802 11820
7.09333 11995
7.09691 12167
7.0993 12337
7.10169 12505
7.13782 12670
7.14021 4320
7.22322 4800
7.26172 5232
7.30261 5628
7.3435 5996
7.38439 6341
7.38678 6668
7.42647 6978
7.46856 7275
7.51064 7560
7.51303 7834
7.55153 8098
7.55392 8354
7.59242 8602
7.59481 8843
7.63331 9077
7.6357 9305
7.63809 9527
7.6754 9744
7.67779 9956
7.68018 10164
7.71748 10368
7.71987 10568
7.72226 10764
7.75837 10956
7.76076 11145
7.76315 11331
7.79926 11514
7.80165 11694
7.80404 11871
7.84015 12045
7.84254 12217
7.84493 12386
7.84732 12553
7.88223 12718
7.88462 12881
7.88701 13041
7.88956 13200
7.92432 13357
7.92671 13512
7.9291 13665
7.93149 13816
7.96521 13966
7.9676 14114
7.96999 14260
7.97238 14405
8.00648 14548
8.00887 14690
8.01126 14831
8.01365 14970
8.01604 15108
8.04896 15245
8.05135 15381
8.05613 15515
8.05852 15648
8.09143 15780
8.09382 15911
8.09849 16041
8.10088 16170
8.10327 16298
8.13352 16425
8.13591 16551
8.13977 16676
8.14216 16800
8.14455 16923
8.17441 17045
8.1768 17166
8.18066 17286
8.18305 17405
8.18544 17524
8.21529 17642
8.21769 17759
8.22155 17875
8.22394 17991
8.22633 18106
8.22872 18220
8.25738 18333
8.26015 18446
8.26363 18558
8.26602 18669
8.26841 18780
8.2708 18890
8.29946 18999
8.30224 19108
8.30572 19216
8.30811 19323
8.3105 19430
8.31289 19536
8.34035 19642
8.34313 19747
8.34661 19852
8.349 19956
8.35139 20059
8.35378 20162
8.38124 20264
8.38402 20366
8.3875 20467
8.38989 20568
8.39228 20668
8.39467 20768
8.39706 20867
8.42333 20966
8.4261 21064
8.42958 21162
8.43197 21259
8.43436 21356
8.43675 21453
8.43914 21549
8.46541 21645
8.46819 21740
8.47167 21835
8.47406 21929
8.47645 22023
8.48155 22117
8.5075 22210
8.50989 22303
8.51256 22395
8.51495 22487
8.51734 22579
8.52283 22670
8.52522 22761
8.54839 22852
8.55078 22942
8.55345 23032
8.55584 23122
8.55823 23211
8.56372 23300
8.56611 23388
8.58928 23476
8.59167 23564
8.59434 23651
8.59673 23738
8.59942 23825
8.60181 23912
8.60581 23998
8.6082 24084
8.63136 24170
8.63375 24255
8.63642 24340
8.63881 24425
8.64189 24509
8.64428 24593
8.64789 24677
8.65028 24761
8.67345 24844
8.67584 24927
8.67851 25010
8.6809 25092
8.68398 25174
8.6888 10800
8.76698 3600
8.84877 4176
8.89086 4672
8.9333 5115
8.97419 5520
9.01508 5895
9.05597 6246
9.05836 6577
9.09805 6892
9.10044 7192
9.14013 7480
9.14253 7757
9.18222 8024
9.18461 8282
9.22311 8532
9.2255 8775
9.264 9011
9.26639 9241
9.26878 9465
9.30608 9684
9.30847 9898
9.31086 10107
9.34817 10312
9.35056 10513
9.35296 10710
9.38906 10903
9.39145 11093
9.39424 11279
9.42995 11462
9.43234 11642
9.43513 11820
9.47122 11995
9.47361 12167
9.476 12337
9.47839 12505
9.51369 12670
9.51608 12833
9.51848 12994
9.52087 13153
9.55578 13310
9.55817 13465
9.56056 13618
9.56295 13770
9.59667 13920
9.59906 14068
9.60145 14215
9.60401 14360
9.63756 14504
9.63995 14646
9.64234 14787
9.64529 14927
9.67845 15065
9.68084 15202
9.68323 15338
9.68562 15473
9.68801 15607
9.72092 15739
9.72331 15870
9.7257 16000
9.72809 16129
9.73048 16257
9.76339 16384
9.76578 16510
9.76817 16635
9.77056 16759
9.77295 16882
9.80467 17004
9.80706 17125
9.80945 17246
9.81184 17366
9.81423 17485
9.84595 17603
9.84834 17720
9.85073 17837
9.85312 17953
9.85551 18068
9.8579 18182
9.88843 18296
9.89082 18409
9.89321 18521
9.8956 18632
9.89799 18743
9.90038 18853
9.93051 18962
9.9329 19071
9.93529 19179
9.93768 19287
9.94007 19394
9.94246 19500
9.9714 19606
9.97379 19711
9.97618 19816
9.97857 19920
9.98096 20024
9.98335 20127
10.0123 20230
10.0147 20332
10.0171 20433
10.0195 20534
10.0219 20634
10.0242 20734
10.0532 20834
10.0556 20933
10.058 21032
10.0604 21130
10.0631 21228
10.0679 21325
10.0953 21422
10.0977 21518
10.1 21614
10.1024 21709
10.1056 21804
10.1104 21899
10.1128 21993
10.1373 22087
10.1397 22180
10.1421 22273
10.1445 22366
10.1469 22458
10.1513 22550
10.1537 22641
10.1782 22732
10.1806 22823
10.183 22913
10.1854 23003
10.1882 23093
10.1922 23182
10.1946 23271
10.2191 23360
10.2215 23448
10.2239 23536
10.2263 23624
10.2295 23711
10.2319 23798
10.2343 23885
10.2366 23971
10.2612 24057
10.2636 24143
10.266 24228
10.2684 24313
10.2716 24398
10.274 24482
10.2763 24566
10.2787 24650
10.3033 24734
10.3057 24817
10.3085 24900
10.3109 24983
10.3136 25066
10.316 25148
10.3184 25230
10.3208 25312
10.3442 25393
10.3466 25474
10.3494 25555
10.3517 25636
10.3545 25716
10.3569 25796
10.3593 25876
10.3617 25956
10.3851 26035
10.3875 26114
10.3902 26193
10.3926 26272
10.3954 26350
10.3978 26428
10.4002 26506
10.4026 26584
10.405 26662
10.4275 26739
10.4299 26816
10.4327 26893
10.4351 26970
10.4375 27046
10.4399 27122
10.4423 27198
10.4447 27274
10.4473 27350
10.47 27425
10.4724 27500
10.4748 27575
10.4772 27650
10.4796 27724
10.482 27798
10.4844 27872
10.4868 27946
10.4894 28020
10.5125 28094
10.5149 28167
10.5173 28240
10.5197 28313
10.5221 28386
10.5244 28459
10.5268 28531
10.5292 28603
10.5316 28675
10.5546 28747
10.557 12240
10.6122 12409
10.6146 12576
10.6376 12740
10.64 12902
10.6543 13062
10.6567 13220
10.6797 13376
10.6821 13531
10.6964 13684
10.6988 13835
10.7206 13984
10.7233 14132
10.7373 14278
10.7397 14423
10.7614 14566
10.7646 14708
10.7782 14848
10.7806 14987
10.783 15125
10.8035 15262
10.8203 5760
10.8885 6120
10.9021 6458
10.9306 6779
10.9442 7084
10.9727 7376
10.9866 7657
11.0147 7927
11.0279 8188
11.0556 8441
11.0687 8686
11.0965 8924
11.1096 9156
11.112 9382
11.1386 9603
11.1517 9818
11.1541 10029
11.1938 2880
11.2756 3600
11.3177 4176
11.3598 4672
11.4019 5115
11.4428 5520
11.4837 5895
11.5245 6246
11.5269 6577
11.5666 6892
11.569 7192
11.6087 7480
11.6111 7757
11.6532 2880
11.735 3600
11.7771 4176
11.8192 4672
11.8612 5115
11.9021 5520
11.943 5895
11.9839 6246
11.9863 6577
12.0261 6892
12.0285 7192
12.0685 7480
12.0709 7757
12.111 8024
12.1134 8282
12.1519 8532
12.1547 8775
12.1928 9011
12.196 9241
12.1984 9465
12.2349 9684
12.2381 9898
12.2404 10107
12.277 10312
12.2801 10513
12.2825 10710
12.3179 10903
12.321 11093
12.3234 11279
12.3588 11462
12.3619 11642
12.3643 11820
12.3996 11995
12.4028 12167
12.4052 12337
12.4076 12505
12.4417 12670
12.4449 12833
12.4473 12994
12.4498 13153
12.4838 13310
12.487 13465
12.4894 13618
12.4918 13770
12.5247 13920
12.5279 14068
12.5303 14215
12.5327 14360
12.5656 14504
12.5688 14646
12.5715 14787
12.5739 14927
12.6069 15065
12.6093 15202
12.6116 15338
12.614 15473
12.6164 15607
12.6489 15739
12.6517 15870
12.6541 16000
12.6565 16129
12.6589 16257
12.691 16384
12.6942 16510
12.6966 16635
12.699 16759
12.7014 16882
12.7319 17004
12.7351 17125
12.7375 17246
12.7399 17366
12.7423 17485
12.7732 17603
12.776 17720
12.7788 17837
12.7812 17953
12.7835 18068
12.7859 18182
12.8157 18296
12.8184 18409
12.8208 18521
12.8232 18632
12.8256 18743
12.828 18853
12.8581 18962
12.8605 19071
12.8629 19179
12.8653 19287
12.8677 19394
12.8701 19500
12.899 19606
12.9014 19711
12.9038 19816
12.9062 19920
12.9086 20024
12.911 20127
12.9399 20230
12.9423 20332
12.9447 20433
12.9471 20534
12.9495 20634
12.9519 20734
12.9808 20834
12.9832 20933
12.9856 21032
12.988 21130
12.9903 21228
12.9927 21325
12.9951 21422
13.0229 21518
13.0253 21614
13.0277 21709
13.03 21804
13.0324 21899
13.0348 21993
13.0372 22087
13.065 22180
13.0673 22273
13.0697 22366
13.0721 22458
13.0745 22550
13.0793 9360
13.1563 9581
13.1587 9797
13.1611 10008
13.1984 10215
13.2008 10417
13.2032 10616
13.2405 10811
13.2429 11002
13.2453 11190
13.2814 11375
13.2838 11557
13.2862 11736
13.3223 11912
13.3247 12086
13.327 12257
13.3294 12426
13.3643 12592
13.3667 12756
13.3691 12918
13.3715 13078
13.4064 13236
13.4092 13392
13.4116 13546
13.414 13699
13.4473 13850
13.4505 13999
13.4529 14147
13.4553 14293
13.4882 14438
13.4914 14581
13.4938 14723
13.4962 14863
13.5291 15002
13.5315 15140
13.5339 15276
13.5363 15411
13.5387 15545
13.5716 15678
13.5763 15810
13.5787 15941
13.6129 16071
13.6173 6480
13.6962 6800
13.699 7104
13.7383 7395
13.7411 7675
13.7804 7945
13.7828 8205
13.8213 8457
13.8237 8702
13.8622 8940
13.8646 9171
13.867 9397
13.9043 9617
13.9067 9832
13.909 10042
13.9463 10248
13.9487 10450
13.9511 10648
13.9884 10842
13.9908 11033
13.9932 11220
14.0293 11404
14.0317 11585
14.0341 11763
14.0702 11939
14.0726 12112
14.0774 12283
14.1123 4320
14.1929 4800
14.2338 5232
14.2747 5628
14.3156 5996
14.3565 6341
14.3986 6668
14.4407 6978
14.4431 7275
14.4832 7560
14.4856 7834
14.5245 8098
14.5269 8354
14.5657 8602
14.5681 8843
14.607 9077
14.6094 9305
14.6118 9527
14.6491 9744
14.6515 9956
14.6539 10164
14.6916 10368
14.694 10568
14.6964 10764
14.7325 10956
14.7349 11145
14.7373 11331
14.7734 11514
14.7758 11694
14.7781 11871
14.8143 12045
14.8166 12217
14.819 12386
14.8214 12553
14.8563 12718
14.8587 12881
14.8611 13041
14.8635 13200
14.8984 13357
14.9008 13512
14.9032 13665
14.9056 13816
14.9393 13966
14.9417 14114
14.9441 14260
14.9465 14405
14.9802 14548
14.9826 14690
14.985 14831
14.9874 14970
14.9898 15108
15.0223 15245
15.0247 15381
15.0271 15515
15.0295 15648
15.0318 15780
15.0644 15911
15.0668 16041
15.0691 16170
15.0715 16298
15.1065 6480
15.1883 2880
15.2701 3600
15.3122 4176
15.3545 4672
15.3966 5115
15.4379 5520
15.4788 5895
15.5197 6246
15.5221 6577
15.5618 6892
15.5642 7192
15.6039 7480
15.6062 7757
15.6459 8024
15.6483 8282
15.6868 8532
15.6892 8775
15.7281 9011
15.7305 9241
15.7329 9465
15.7706 9684
15.773 9898
15.7754 10107
15.8127 10312
15.8151 10513
15.8174 10710
15.8536 10903
15.8559 11093
15.8583 11279
15.8944 11462
15.8968 11642
15.8992 11820
15.9353 11995
15.9377 12167
15.9401 12337
15.9425 12505
15.9774 12670
15.9798 12833
15.9822 12994
15.9846 13153
16.0195 13310
16.0219 13465
16.0243 13618
16.0267 13770
16.0604 13920
16.0628 14068
16.0652 14215
16.0692 14360
16.1025 5040
16.1831 5451
16.224 5831
16.2649 6186
16.2676 6521
16.3073 6838
16.3101 7141
16.3494 7431
16.3522 7710
16.3914 7978
16.3938 8237
16.4327 8488
16.4351 8732
16.4736 8969
16.476 9200
16.4784 9425
16.5161 9645
16.5185 9859
16.5209 10069
16.5582 10274
16.5606 10475
16.5629 10672
16.6006 10866
16.6054 11056
16.6415 11243
16.6463 11427
16.6487 11608
16.6824 11786
16.6872 11961
16.6896 12134
16.692 12304
16.7245 12472
16.7293 12638
16.7317 12802
16.7341 12963
16.7666 13122
16.7714 13280
16.7738 13436
16.7761 13590
16.8075 13742
16.8123 13892
16.8146 14041
16.817 14188
16.8484 14334
16.8555 5040
17.1373 5451
17.1796 5831
17.2205 6186
17.2229 6521
17.2626 6838
17.265 7141
17.3047 7431
17.3071 7710
17.3467 7978
17.3491 8237
17.3876 8488
17.39 8732
17.4285 8969
17.4309 9200
17.4333 9425
17.4718 9645
17.4742 2880
17.5579 3600
17.6 4176
17.6421 4672
17.6842 5115
17.7251 5520
17.766 5895
17.8093 6246
17.8513 6577
17.8539 6892
17.8934 7192
17.8964 7480
17.9355 7757
17.9764 2880
18.0594 3600
18.1015 4176
18.1436 4672
18.1857 5115
18.2265 5520
18.2678 5895
18.3091 6246
18.3115 6577
18.3516 6892
18.354 7192
18.3937 7480
18.396 7757
18.4357 8024
18.4381 8282
18.4766 8532
18.479 8775
18.5175 9011
18.5199 9241
18.5223 9465
18.5596 9684
18.562 9898
18.5644 10107
18.6017 10312
18.6041 10513
18.6065 10710
18.643 10903
18.6453 11093
18.6477 11279
18.6842 11462
18.689 11642
18.7255 11820
18.7323 11995
18.7347 12167
18.768 12337
18.7744 12505
18.777 12670
18.7794 12833
18.8101 12994
18.8165 13153
18.8195 13310
18.8219 13465
18.8522 13618
18.8574 13770
18.8604 13920
18.8627 14068
18.8931 14215
18.8986 14360
18.9012 14504
18.9036 14646
18.9339 14787
18.9395 14927
18.9421 15065
18.9445 15202
18.9469 15338
18.9764 15473
18.9816 15607
18.9842 15739
18.9866 15870
18.989 16000
19.0185 16129
19.0241 16257
19.0265 16384
19.0289 16510
19.0313 16635
19.0594 16759
19.065 16882
19.0674 17004
19.0697 17125
19.0721 17246
19.1007 17366
19.1059 17485
19.1082 17603
19.1106 17720
19.113 17837
19.1416 17953
19.1439 18068
19.1503 7200
20.1439 1440
20.1848 2880
20.2666 4320
20.2666 4800
20.3087 5232
20.3496 5628
20.3905 5996
20.4314 6341
20.4338 6668
20.4735 6978
20.4759 7275
20.5156 7560
20.5568 7834
20.5993 8098
20.6017 2880
20.6847 3600
20.7268 4176
20.7691 4672
20.8116 5115
20.8525 5520
20.8934 5895
20.9343 6246
20.9367 6577
20.9764 6892
20.9788 7192
21.0185 7480
21.0209 7757
21.0605 8024
21.0629 8282
21.1014 8532
21.1038 8775
21.1423 9011
21.1447 9241
21.1471 9465
21.1844 9684
21.1868 9898
21.1892 10107
21.2265 10312
21.2289 10513
21.2313 10710
21.2674 10903
21.27 11093
21.2724 11279
21.3083 11462
21.3113 11642
21.3137 11820
21.3492 11995
21.3522 12167
21.3546 12337
21.357 12505
21.3916 12670
21.3943 12833
21.3967 12994
21.3991 13153
21.4341 13310
21.4365 13465
21.4389 13618
21.4413 13770
21.475 13920
21.4774 14068
21.48 14215
21.4824 14360
21.5159 14504
21.5183 14646
21.5209 14787
21.5233 14927
21.5568 15065
21.5592 15202
21.5616 15338
21.5639 15473
21.5663 15607
21.5992 15739
21.6016 15870
21.604 16000
21.6064 16129
21.6088 16257
21.6417 16384
21.6441 16510
21.6465 16635
21.6489 16759
21.6513 16882
21.6826 17004
21.685 17125
21.6874 17246
21.6898 17366
21.6922 17485
21.7235 17603
21.7259 17720
21.7283 17837
21.7307 17953
21.7331 18068
21.7354 18182
21.7656 18296
21.768 18409
21.7704 18521
21.7728 18632
21.7751 18743
21.7775 18853
21.8077 18962
21.8101 19071
21.8124 19179
21.8148 19287
21.8172 19394
21.8196 19500
21.8486 19606
21.8509 19711
21.8533 19816
21.8557 19920
21.8581 20024
21.8605 20127
21.8894 20230
21.8918 20332
21.8942 20433
21.8966 20534
21.899 20634
21.9014 20734
21.9303 20834
21.9327 20933
21.9351 21032
21.9375 21130
21.9399 21228
21.9423 21325
21.9447 21422
21.9724 21518
21.9748 21614
21.9772 21709
21.98 21804
21.9824 21899
21.9848 21993
21.9872 22087
22.0145 22180
22.0169 22273
22.0193 22366
22.0217 22458
22.0241 22550
22.0265 22641
22.0288 22732
22.0554 22823
22.0578 22913
22.0602 23003
22.0626 23093
22.065 23182
22.0673 23271
22.0697 23360
22.0963 23448
22.0991 23536
22.1014 23624
22.1038 23711
22.1062 23798
22.1086 23885
22.111 23971
22.1134 24057
22.1384 24143
22.1411 24228
22.1435 24313
22.1459 24398
22.1483 24482
22.1509 24566
22.1533 24650
22.1793 24734
22.182 10800
22.2361 10992
22.2611 11180
22.2647 11365
22.277 11547
22.302 11726
22.3055 11902
22.3179 12076
22.3203 12247
22.344 12416
22.3588 12583
22.3612 4320
22.443 4800
22.4838 5232
22.5247 5628
22.5656 5996
22.6065 6341
22.6089 6668
22.6486 6978
22.651 7275
22.6911 7560
22.6935 7834
22.7323 8098
22.7347 8354
22.7732 8602
22.7756 8843
22.8141 9077
22.8165 9305
22.8189 9527
22.8562 9744
22.8586 9956
22.861 10164
22.8983 10368
22.9007 10568
22.9031 10764
22.9392 10956
22.9416 11145
22.944 11331
22.9801 11514
22.9825 11694
22.9849 11871
23.021 12045
23.0237 12217
23.0261 12386
23.0285 12553
23.063 12718
23.0662 12881
23.0686 13041
23.071 13200
23.1051 13357
23.1083 13512
23.1107 13665
23.1131 13816
23.1464 13966
23.1492 14114
23.1516 14260
23.154 14405
23.1885 14548
23.1913 5760
23.2715 6120
23.2739 6458
23.316 6779
23.358 7084
23.3604 7376
23.4001 7657
23.4025 7927
23.441 8188
23.4434 8441
23.4819 8686
23.4844 8924
23.5228 9156
23.5252 9382
23.5276 9603
23.5649 9818
23.5673 10029
23.5697 10235
23.6074 10437
23.6097 10635
23.6121 10829
23.6486 11020
23.651 11208
23.6534 11393
23.6899 11575
23.6931 11754
23.6957 4320
23.7791 4800
23.82 5232
23.8621 2880
23.9439 3600
23.986 4176
24.0281 4672
24.0701 5115
24.111 5520
24.1519 5895
24.1928 6246
24.1952 6577
24.2349 6892
24.2373 7192
24.277 7480
24.2794 7757
24.3203 8024
24.3227 2880
24.4057 3600
24.4478 4176
24.4902 4672
24.5323 5115
24.5732 5520
24.6141 5895
24.655 6246
24.6574 6577
24.6971 6892
24.6995 7192
24.7416 2880
24.8234 3600
24.8654 4176
24.9076 4672
24.95 5115
24.9909 5520
25.0318 5895
25.0727 6246
25.0751 6577
25.1152 6892
25.1176 7192
25.1573 7480
25.1597 7757
25.1998 8024
25.2022 8282
25.2411 8532
25.2435 8775
25.2824 9011
25.2848 9241
25.2872 9465
25.3248 9684
25.3272 9898
25.3296 10107
25.3673 10312
25.3697 10513
25.3721 10710
25.4086 10903
25.411 11093
25.4134 11279
25.4495 11462
25.4519 11642
25.4543 11820
25.4904 11995
25.4928 12167
25.4952 12337
25.4976 12505
25.5325 12670
25.5349 12833
25.5372 12994
25.5396 13153
25.5745 13310
25.5769 13465
25.5793 13618
25.5817 13770
25.6154 13920
25.6178 14068
25.6202 14215
25.6226 14360
25.6563 14504
25.6587 14646
25.6611 14787
25.6635 14927
25.6972 15065
25.6996 15202
25.702 15338
25.7048 15473
25.7072 15607
25.7393 15739
25.7417 15870
25.7441 16000
25.7472 16129
25.7496 16257
25.7814 16384
25.7838 16510
25.7862 16635
25.7886 16759
25.7909 16882
25.8227 17004
25.825 17125
25.8274 17246
25.8331 6480
25.9132 6800
25.9521 7104
25.9557 7395
25.9946 7675
25.9981 7945
26.0358 8205
26.0394 8457
26.0767 8702
26.0803 8940
26.1176 9171
26.12 9397
26.1224 9617
26.1601 9832
26.1625 10042
26.1649 10248
26.2026 10450
26.205 10648
26.2073 10842
26.2438 11033
26.2462 11220
26.2486 11404
26.2851 11585
26.2875 11763
26.2899 11939
26.3264 12112
26.3288 12283
26.3312 12451
26.3336 12617
26.3689 12781
26.3713 12943
26.3737 13103
26.376 13261
26.411 13417
26.4134 13571
26.4157 13723
26.4181 13874
26.4522 14023
26.4546 14170
26.457 14316
26.4594 14460
26.4935 14603
26.4979 5760
26.5785 6120
26.5809 6458
26.6206 6779
26.6229 7084
26.6626 7376
26.665 7657
26.7047 7927
26.7071 8188
26.7456 8441
26.748 8686
26.7889 2880
26.8707 3600
26.9128 4176
26.9549 4672
26.9971 5115
27.038 5520
27.0789 5895
27.1198 6246
27.1222 6577
27.1619 6892
27.1642 7192
27.2043 7480
27.2067 7757
27.2468 8024
27.2492 8282
27.2881 8532
27.2905 8775
27.3294 9011
27.3317 9241
27.3341 9465
27.3718 9684
27.3742 9898
27.3766 10107
27.4143 10312
27.4167 10513
27.4191 10710
27.4556 10903
27.458 11093
27.4604 11279
27.4965 11462
27.4989 11642
27.5013 11820
27.5374 11995
27.5398 12167
27.5421 12337
27.5445 12505
27.5795 12670
27.5818 12833
27.5842 12994
27.5866 13153
27.6215 13310
27.6239 13465
27.6265 13618
27.6289 13770
27.6624 13920
27.6648 14068
27.6678 14215
27.6702 14360
27.7033 14504
27.7057 14646
27.7087 14787
27.7111 14927
27.7442 15065
27.7466 15202
27.749 15338
27.7514 15473
27.7538 15607
27.7863 15739
27.7887 15870
27.7911 16000
27.7936 16129
27.796 16257
27.8288 16384
27.8311 16510
27.8335 16635
27.8359 16759
27.8383 16882
27.8696 17004
27.872 17125
27.8744 17246
27.8768 17366
27.8794 17485
27.9105 17603
27.9129 17720
27.9153 17837
27.9179 17953
27.9203 18068
27.9227 18182
27.953 18296
27.9554 18409
27.9578 18521
27.9604 18632
27.9628 18743
27.9652 18853
27.9955 18962
27.9979 19071
28.0003 19179
28.0027 19287
28.005 19394
28.0074 19500
28.0364 19606
28.0388 19711
28.0414 19816
28.0438 19920
28.0461 20024
28.0773 7920
28.1291 8181
28.1315 8434
28.17 8679
28.1724 8917
28.2109 9149
28.2137 9375
28.2161 9596
28.253 9812
28.2582 2880
28.3403 3600
28.3828 4176
28.4253 4672
28.4674 5115
28.5086 5520
28.5499 5895
28.5912 6246
28.5936 6577
28.6333 6892
28.6742 7192
28.7151 2880
28.7969 3600
28.839 4176
28.881 4672
28.9231 5115
28.964 5520
29.0049 5895
29.0458 6246
29.0482 6577
29.0879 6892
29.0903 7192
29.13 7480
29.1327 7757
29.1724 8024
29.1748 8282
29.2137 8532
29.2161 8775
29.2546 9011
29.257 9241
29.2594 9465
29.2967 9684
29.2991 9898
29.3015 10107
29.3388 10312
29.3412 10513
29.3436 10710
29.3797 10903
29.3821 11093
29.3844 11279
29.4206 11462
29.4229 11642
29.4253 11820
29.4614 11995
29.4638 12167
29.4662 12337
29.4686 12505
29.5035 12670
29.5059 12833
29.5083 12994
29.5107 13153
29.5456 13310
29.548 13465
29.5504 13618
29.5528 13770
29.5865 13920
29.5889 14068
29.5913 14215
29.5937 14360
29.6274 14504
29.6298 14646
29.6322 14787
29.6346 14927
29.6683 15065
29.6707 15202
29.6731 15338
29.6755 15473
29.6778 15607
29.7104 15739
29.7128 15870
29.7151 16000
29.7175 16129
29.7199 16257
29.7525 16384
29.7548 16510
29.7572 16635
29.7596 16759
29.762 16882
29.7933 17004
29.7957 17125
29.7981 17246
29.8005 17366
29.8029 17485
29.8342 17603
29.8366 17720
29.839 17837
29.8414 17953
29.8439 18068
29.8463 18182
29.8763 18296
29.8787 18409
29.8811 18521
29.8835 18632
29.8864 18743
29.8888 18853
29.9184 18962
29.9208 19071
29.9232 19179
29.9256 19287
29.9285 19394
29.9309 19500
29.9593 19606
29.9621 19711
29.9645 19816
29.9668 19920
29.9698 20024
29.9722 20127
30.0002 20230
30.0033 20332
30.0057 20433
30.0081 20534
30.0107 20634
30.0131 20734
30.0411 20834
30.0435 20933
30.0458 21032
30.0482 21130
30.0506 21228
30.053 21325
30.0554 21422
30.0835 21518
30.0859 21614
30.0883 21709
30.0907 21804
30.0931 21899
30.0975 9360
