0.224217 0.024
0.251149 0.024375
0.279234 0.0248281
0.307666 0.0252246
0.334556 0.0289465
0.336946 0.0289532
0.36264 0.0288341
0.365031 0.0291048
0.367421 0.0293417
0.390725 0.029174
0.393116 0.0294022
0.395506 0.029477
0.397896 0.0295423
0.417615 0.0320995
0.420005 0.0318371
0.422666 0.0314825
0.425057 0.0315472
0.427447 0.0316038
0.429837 0.0316533
0.444504 0.0335716
0.446895 0.0330002
0.449285 0.0325002
0.451676 0.0323126
0.454066 0.0322736
0.458847 0.0323644
0.461237 0.0325688
0.463628 0.0327477
0.471394 0.0339042
0.473784 0.0332912
0.476175 0.0328798
0.478565 0.0327698
0.480956 0.0325486
0.483346 0.03248
0.485736 0.03267
0.488127 0.0328363
0.490517 0.0327317
0.492908 0.0328903
0.495298 0.033404
0.497688 0.0337285
0.500079 0.0341374
0.502469 0.0347452
0.504916 0.0345271
0.507306 0.0344612
0.509696 0.0346536
0.512087 0.0348219
0.514477 0.0349691
0.516868 0.035348
0.519258 0.0358045
0.521648 0.0360789
0.524039 0.0366941
0.526429 0.0372323
0.52882 0.0375783
0.53121 0.038256
0.5336 0.038849
0.535991 0.0393679
0.538381 0.0401969
0.540772 0.0407973
0.543162 0.0414476
0.545764 0.0422667
0.548154 0.0429833
0.550544 0.0436104
0.552935 0.0444091
0.555325 0.045233
0.557716 0.0458288
0.560106 0.0467252
0.562496 0.0475096
0.564887 0.0480709
0.567277 0.048937
0.569668 0.0496949
0.572058 0.050483
0.574448 0.0514227
0.576839 0.0521198
0.579229 0.0528548
0.58283 0.053873
0.717872 0.0527639
0.720263 0.0519184
0.722653 0.0509286
0.725043 0.0501875
0.727434 0.0494141
0.729824 0.0487373
0.732215 0.0481451
0.734605 0.047627
0.736995 0.0471736
0.739386 0.0467769
0.741776 0.0464298
0.744167 0.0462511
0.746557 0.0459697
0.748947 0.0457235
0.751338 0.045508
0.753728 0.0453195
0.756119 0.0452796
0.759719 0.0452446
0.814683 0.0430891
0.817074 0.0414529
0.819464 0.0400213
0.821855 0.0387687
0.824245 0.0376726
0.826635 0.0367135
0.829026 0.0358743
0.831416 0.03514
0.842173 0.0356225
0.844563 0.0349197
0.846954 0.0341797
0.849344 0.0336573
0.851735 0.0332001
0.854125 0.0328001
0.856515 0.0324501
0.858906 0.0320188
0.869663 0.0327665
0.872053 0.0324207
0.874443 0.0321181
0.876834 0.0318533
0.879224 0.0316217
0.881615 0.0314189
0.884005 0.0312416
0.886395 0.0310864
0.897152 0.0320756
0.901933 0.0316911
0.904323 0.0314797
0.906714 0.0312948
0.909104 0.0311329
0.911494 0.0309913
0.913885 0.0307424
0.916275 0.0306496
0.925837 0.0303184
0.930618 0.0301536
0.933008 0.0303844
0.935398 0.0304613
0.937789 0.0305287
0.940179 0.0305876
0.94257 0.0306391
0.94496 0.0306842
0.94735 0.0307237
0.954522 0.0305083
0.959302 0.0303197
0.961693 0.0300298
0.964083 0.029901
0.966474 0.0297884
0.968864 0.0299399
0.971254 0.0300724
0.973645 0.0301883
0.976035 0.0304148
0.982011 0.0309879
0.986792 0.0311144
0.989182 0.0309751
0.991573 0.0308532
0.993963 0.0306216
0.996354 0.0305439
0.998744 0.0304759
1.00113 0.0304164
1.00352 0.0303644
1.0095 0.0306938
1.01392 0.0307321
1.01632 0.0306406
1.01871 0.0304355
1.0211 0.0303811
1.02349 0.0303334
1.02588 0.0301668
1.02827 0.0301459
1.03066 0.0300027
1.03305 0.0300023
1.03783 0.029752
1.04205 0.029658
1.04444 0.0294508
1.04683 0.0292694
1.04922 0.0291108
1.05161 0.0289719
1.054 0.0288504
1.05639 0.0287441
1.05995 0.0287761
1.10994 0.0286791
1.11233 0.0287192
1.11472 0.0286293
1.11711 0.0286756
1.13728 0.0308412
1.13967 0.030736
1.14206 0.030644
1.14445 0.0305635
1.16452 0.0326181
1.16691 0.0321658
1.1693 0.0318951
1.17169 0.0315332
1.17408 0.0313416
1.1926 0.0309239
1.195 0.0305584
1.19739 0.0302386
1.19978 0.0299588
1.20217 0.0297139
1.22103 0.0296247
1.22342 0.0295466
1.22581 0.0293533
1.22941 0.0296841
1.28465 0.0294736
1.28704 0.0294144
1.31273 0.0292376
1.31536 0.0290829
1.34082 0.0289475
1.34321 0.0292041
1.36796 0.0320536
1.37035 0.0317969
1.39519 0.0343223
1.39758 0.033782
1.39997 0.0331842
1.42328 0.0325362
1.42567 0.0319692
1.42806 0.031598
1.45136 0.0311483
1.45375 0.0307547
1.45614 0.0304104
1.47964 0.0301091
1.48203 0.0302205
1.48442 0.0303179
1.50653 0.0327782
1.50892 0.0323059
1.51131 0.0318927
1.53392 0.0340311
1.53631 0.0335272
1.5387 0.0330863
1.54109 0.0327005
1.56201 0.0322379
1.56461 0.0317082
1.567 0.0313697
1.56939 0.0309485
1.59009 0.0305799
1.5927 0.0302574
1.59514 0.0299752
1.59753 0.0297283
1.61698 0.0318873
1.61969 0.0315264
1.62208 0.0313356
1.62447 0.0310436
1.64387 0.0329132
1.64657 0.032549
1.64897 0.0321054
1.65136 0.0317172
1.67076 0.0335026
1.67315 0.0330647
1.67573 0.0325567
1.67812 0.0322371
1.68051 0.0318324
1.69903 0.0314784
1.70142 0.0310436
1.70382 0.0306631
1.70621 0.0303302
1.7086 0.030039
1.72712 0.0297841
1.72951 0.0295611
1.7319 0.0293659
1.73429 0.0295702
1.73668 0.0296239
1.75401 0.0316709
1.7564 0.0313371
1.75879 0.0310449
1.76118 0.0309143
1.76357 0.030675
1.7809 0.0323406
1.78329 0.0319231
1.78568 0.0315577
1.78807 0.031363
1.79046 0.0310676
1.79285 0.0308091
1.80898 0.030458
1.81137 0.0301508
1.81377 0.0298819
1.81616 0.0296467
1.81855 0.0294408
1.82094 0.0292607
1.83707 0.0292281
1.83946 0.0290746
1.84185 0.0289403
1.84424 0.0288228
1.84663 0.0287199
1.84902 0.0287549
1.86423 0.0306606
1.86662 0.030453
1.86901 0.0303964
1.8714 0.0303468
1.87379 0.0301785
1.87619 0.0301562
1.89112 0.0316366
1.89351 0.0313071
1.8959 0.0310187
1.89833 0.0307663
1.90072 0.0305455
1.90311 0.0304774
1.91801 0.0319177
1.9204 0.031553
1.92307 0.0313589
1.92546 0.031189
1.92785 0.0309154
1.93024 0.0308009
1.93263 0.0305758
1.94635 0.0302538
1.94875 0.0299721
1.95116 0.0297256
1.95355 0.0295099
1.95594 0.0293212
1.95833 0.029156
1.96077 0.0290115
1.97444 0.0288851
1.97683 0.0287744
1.97924 0.0286776
1.98163 0.0288429
1.98402 0.0291126
1.98641 0.0293485
1.9888 0.0294299
2.00133 0.0308762
2.00372 0.0306417
2.00613 0.0305615
2.00852 0.0303663
2.01091 0.0301955
2.0133 0.0300461
2.01569 0.0299153
2.0285 0.0311759
2.03089 0.0309039
2.03328 0.0307909
2.03567 0.030567
2.03806 0.0304962
2.04045 0.0304341
2.04284 0.0302549
2.04523 0.030223
2.0566 0.0299451
2.05901 0.029827
2.0614 0.0295986
2.06379 0.0293988
2.06618 0.0292239
2.06858 0.029071
2.07097 0.0289371
2.07336 0.0288199
2.08469 0.0287175
2.0871 0.0286278
2.08988 0.0285493
2.09227 0.0286056
2.09466 0.0285299
2.09705 0.0285887
2.09944 0.0288901
2.10183 0.0291538
2.11186 0.0302596
2.11425 0.0302272
2.11677 0.0300738
2.11916 0.0300645
2.12155 0.0299315
2.12394 0.029815
2.12633 0.0297132
2.12872 0.029624
2.13875 0.030546
2.14114 0.0304778
2.14396 0.030293
2.14635 0.0302564
2.14874 0.0300994
2.15113 0.0300869
2.15352 0.0300761
2.15591 0.0299416
2.1583 0.0299489
2.16684 0.0297053
2.16923 0.0294921
2.17205 0.0294306
2.17486 0.0292518
2.17727 0.0292203
2.17966 0.0290678
2.18205 0.0290593
2.18445 0.0290519
2.18684 0.0289204
2.19492 0.0288053
2.19731 0.0287047
2.20016 0.0286166
2.20295 0.0285395
2.20536 0.0284721
2.20775 0.0284131
2.21014 0.0283614
2.21255 0.0283163
2.21495 0.0282767
2.22181 0.0291171
2.2242 0.0292275
2.22705 0.0293241
2.22984 0.0292835
2.23225 0.0293731
2.23464 0.0293265
2.23703 0.0294107
2.23945 0.0293593
2.24184 0.0293144
2.2487 0.0299001
2.25109 0.0299126
2.25394 0.0297985
2.25673 0.0296987
2.25943 0.0297364
2.26182 0.0296443
2.26421 0.0296888
2.2666 0.0296027
2.26899 0.0295273
2.27559 0.0300864
2.27828 0.0300756
2.28067 0.0299412
2.28306 0.0299485
2.28545 0.02983
2.28784 0.0296012
2.29023 0.0295261
2.29262 0.0293353
2.29501 0.0292934
2.2974 0.0292567
2.30397 0.0290996
2.30637 0.0289622
2.30876 0.0288419
2.31115 0.0287367
2.31354 0.0286446
2.31593 0.028564
2.31837 0.0284935
2.32076 0.0284318
2.32315 0.0283778
2.32554 0.0283306
2.33241 0.0284143
2.3348 0.0283625
2.33719 0.0284422
2.33959 0.0287619
2.38979 0.0286667
2.39218 0.0285833
2.39457 0.0285104
2.45274 0.0284466
2.47963 0.0293908
2.50652 0.0324669
2.50891 0.0320336
2.53461 0.0315294
2.537 0.0310882
2.56269 0.0307022
2.56508 0.0304894
2.59078 0.0301782
2.59317 0.0302809
2.61767 0.0329958
2.62006 0.0326214
2.64456 0.0349187
2.64695 0.0341788
2.64934 0.0335315
2.67264 0.0328401
2.67503 0.03236
2.67742 0.031815
2.70098 0.0313382
2.70337 0.0309209
2.70576 0.0305558
2.72911 0.0303613
2.7315 0.0304411
2.73429 0.030511
2.756 0.0329471
2.75839 0.0324537
2.76121 0.032147
2.78289 0.0341286
2.78528 0.0336126
2.78767 0.033036
2.79006 0.0325315
2.81097 0.0319651
2.81336 0.0314694
2.81575 0.0310357
2.81814 0.0306563
2.8394 0.0304492
2.84179 0.0301431
2.84418 0.0300002
2.84657 0.0301252
2.86629 0.0323595
2.86868 0.0319396
2.87107 0.0316971
2.87346 0.03136
2.89318 0.033315
2.89557 0.0327756
2.89917 0.0325537
2.95451 0.0319845
2.95723 0.0316114
2.9826 0.03116
2.98532 0.030765
3.01106 0.0305444
3.01345 0.0302263
3.03914 0.029948
3.04153 0.0299545
3.06603 0.0328352
3.06842 0.0323558
3.09292 0.0346863
3.09531 0.0339755
3.0977 0.0333536
3.12101 0.0328094
3.1234 0.0322082
3.12579 0.0316822
3.14909 0.0312219
3.15148 0.0308192
3.15387 0.0304668
3.17718 0.0301584
3.17957 0.0301386
3.25825 0.0323713
3.28637 0.0318249
3.31445 0.0313468
3.34134 0.0343034
3.36823 0.0367655
3.39512 0.0389198
3.39751 0.0376798
3.4232 0.0364699
3.42559 0.0354111
3.45149 0.0344847
3.45388 0.0336741
3.47957 0.0329649
3.48201 0.0327193
3.50646 0.0352544
3.5089 0.0344726
3.53335 0.0365385
3.53579 0.0355962
3.53818 0.0348967
3.56143 0.0340346
3.56387 0.0332802
3.56626 0.0326202
3.58952 0.0320427
3.59196 0.0315374
3.59435 0.0310952
3.61641 0.0334583
3.61885 0.032901
3.62124 0.0325384
3.6436 0.0345961
3.64599 0.0338966
3.64838 0.0334095
3.67049 0.0353583
3.67288 0.0345635
3.67527 0.0339931
3.67766 0.0333689
3.69857 0.0326978
3.70096 0.0321106
3.70335 0.0315968
3.70574 0.0311472
3.72666 0.0307538
3.72905 0.0305346
3.73144 0.0302177
3.73383 0.0301905
3.75476 0.0325417
3.81094 0.031974
3.83783 0.0344772
3.86472 0.0369176
3.86711 0.0360529
3.89305 0.0351713
3.89544 0.0342749
3.92158 0.0334905
3.92397 0.0328042
3.94967 0.0322037
3.95206 0.0320532
3.97656 0.0346716
3.97895 0.0339626
4.00375 0.0360923
4.00653 0.0353307
4.00893 0.0346644
4.03183 0.0338314
4.03462 0.0331024
4.03701 0.0325896
4.05992 0.0320159
4.0627 0.0315139
4.06509 0.0310747
4.088 0.0308154
4.09039 0.0308384
4.09278 0.0307336
4.11489 0.0330169
4.11728 0.0325148
4.11967 0.0320755
4.14178 0.034191
4.14417 0.0336671
4.14656 0.0330838
4.14895 0.0325733
4.17016 0.0321266
4.17255 0.0316108
4.17494 0.0311594
4.17736 0.0308895
4.19825 0.0305283
4.20064 0.0302123
4.20303 0.0300607
4.20547 0.0301782
4.22514 0.0324059
4.22753 0.0319801
4.22992 0.0316076
4.23236 0.0312817
4.25203 0.0332465
4.25442 0.0327157
4.25681 0.0322512
4.25925 0.0319698
4.27892 0.0337236
4.28131 0.0331331
4.2837 0.0326165
4.28609 0.0322894
4.28848 0.0318782
4.307 0.0315185
4.30939 0.0310787
4.31178 0.0306938
4.31417 0.0303571
4.31656 0.0300625
4.33509 0.0298047
4.33748 0.0295791
4.33987 0.0296317
4.34226 0.0298027
4.3988 0.0295774
4.41637 0.0312552
4.42689 0.0308483
4.50878 0.0304923
4.53686 0.0301807
4.56495 0.0299081
4.59325 0.0297946
4.62014 0.0330703
4.64703 0.0356865
4.67392 0.0378507
4.67631 0.0367444
4.702 0.0357763
4.70439 0.0348043
4.73009 0.0339537
4.73248 0.0332095
4.75817 0.0325583
4.76056 0.0322385
4.7854 0.0348337
4.78779 0.0341045
4.81229 0.0363414
4.81468 0.0354238
4.81707 0.0347458
4.84038 0.0339026
4.84277 0.0331647
4.84516 0.0325192
4.86846 0.0319543
4.87085 0.03146
4.87324 0.0310275
4.89537 0.033399
4.89776 0.0328492
4.90015 0.032493
4.92226 0.0345564
4.92465 0.0338618
4.92704 0.0333791
4.94943 0.0353317
4.95182 0.0345403
4.95421 0.0339727
4.9566 0.0333511
4.97751 0.0326822
4.9799 0.032097
4.98229 0.0315848
4.98469 0.0311367
5.0056 0.0307446
5.00799 0.0304016
5.01038 0.0301014
5.01277 0.0300887
5.03249 0.0323276
5.03488 0.0319117
5.03727 0.0316727
5.03966 0.0313386
5.05938 0.0332963
5.06177 0.0327592
5.06416 0.0324143
5.06655 0.0319875
5.08627 0.0338641
5.08866 0.0332561
5.09105 0.0328491
5.09344 0.0323679
5.09583 0.031947
5.11435 0.0314536
5.11674 0.0310219
5.11913 0.0306441
5.12152 0.0303136
5.12391 0.0300244
5.14244 0.0297714
5.14483 0.0295499
5.14722 0.0297312
5.14961 0.0297648
5.152 0.0297942
5.16933 0.0318199
5.17172 0.0314674
5.17411 0.031284
5.1765 0.0309985
5.17889 0.0307487
5.19622 0.0325301
5.19861 0.0320888
5.201 0.0317027
5.20339 0.0313649
5.20578 0.0310693
5.20817 0.0309356
5.2243 0.0305687
5.227 0.0302476
5.22939 0.0300916
5.23178 0.0298302
5.23417 0.0297264
5.23656 0.0295106
5.25239 0.0293218
5.25508 0.0292816
5.25747 0.0291214
5.25986 0.0289812
5.26256 0.0288585
5.26495 0.0290012
5.27928 0.0307511
5.28197 0.0305322
5.28436 0.0303407
5.28675 0.0301731
5.28945 0.0301514
5.29184 0.0300075
5.30617 0.0315066
5.30903 0.0313183
5.31142 0.0311535
5.31381 0.0308843
5.31634 0.0307737
5.31873 0.030552
5.33305 0.031983
5.33545 0.0316101
5.33784 0.0311589
5.34023 0.030889
5.34273 0.0306529
5.34512 0.0304463
5.34784 0.0302655
5.36114 0.0299823
5.36353 0.0297345
5.36592 0.0295177
5.36831 0.029328
5.37081 0.029162
5.3732 0.0290167
5.37593 0.0288896
5.38922 0.0287784
5.39161 0.0286811
5.39401 0.028971
5.3964 0.0292246
5.39879 0.0293215
5.40118 0.0295313
5.40357 0.0295899
5.41611 0.0310162
5.4185 0.0307642
5.42089 0.0305436
5.42329 0.0303507
5.42568 0.0301818
5.42811 0.0301591
5.4305 0.0300142
5.443 0.0312624
5.44539 0.0309796
5.44778 0.0307322
5.45017 0.0306407
5.45257 0.0304356
5.45496 0.0302561
5.45735 0.0300991
5.45974 0.0299617
5.47109 0.0297165
5.47348 0.0295019
5.47587 0.0293142
5.47826 0.0291499
5.48065 0.0290062
5.48304 0.0290054
5.48543 0.0288797
5.48782 0.0287698
5.49948 0.0286735
5.50187 0.0285894
5.50426 0.0286407
5.50665 0.0285606
5.50904 0.0286155
5.51143 0.0289136
5.51382 0.0290494
5.51621 0.0292932
5.52637 0.0305066
5.52876 0.0303182
5.53115 0.0302785
5.53354 0.0301187
5.53593 0.0299788
5.53837 0.0298565
5.54076 0.0297494
5.54315 0.0297807
5.55326 0.0306831
5.55565 0.0304727
5.55804 0.0304137
5.56043 0.0302369
5.56282 0.0300823
5.56526 0.030072
5.56765 0.029938
5.57004 0.0299458
5.57243 0.0298276
5.58135 0.0295991
5.58374 0.0293992
5.58613 0.0292243
5.58852 0.0290713
5.59091 0.0289374
5.59335 0.0288202
5.59574 0.0287177
5.59813 0.028628
5.60052 0.0285495
5.60943 0.0284808
5.61182 0.0284207
5.61421 0.0283681
5.6166 0.0283221
5.61899 0.0282818
5.62143 0.0282466
5.62382 0.0282158
5.62621 0.0281888
5.6286 0.0281652
5.63632 0.0291445
5.63871 0.0291265
5.6411 0.0292357
5.64349 0.0292062
5.64588 0.0291804
5.64832 0.0292829
5.65071 0.0292475
5.6531 0.0293416
5.65549 0.0292989
5.66351 0.0300115
5.6659 0.0298851
5.66829 0.0298994
5.67068 0.029787
5.67307 0.0298136
5.67546 0.0298369
5.67785 0.0297323
5.68024 0.0297658
5.68263 0.0296701
5.6904 0.0303363
5.69279 0.0301693
5.69518 0.0301481
5.69757 0.0300046
5.69996 0.029879
5.7024 0.0297691
5.70479 0.029673
5.70718 0.0297139
5.71073 0.0297496
5.75858 0.0295309
5.76097 0.0293396
5.76456 0.0292971
5.767 0.029135
5.78547 0.0306181
5.78786 0.0304158
5.79145 0.0304889
5.79389 0.0303028
5.81236 0.0322649
5.81475 0.0318568
5.81834 0.0317497
5.82078 0.031406
5.83925 0.0332302
5.84164 0.0327015
5.84403 0.0323638
5.84642 0.0318183
5.84886 0.031341
5.86758 0.0309234
5.86998 0.030558
5.87237 0.0302382
5.87476 0.0299584
5.87715 0.0298386
5.89601 0.0297338
5.89851 0.0296421
5.9009 0.0294368
5.90329 0.0296322
5.90568 0.0298032
5.9229 0.0317028
5.9254 0.0313649
5.92779 0.0310693
5.93018 0.0309357
5.98699 0.0305687
6.00432 0.0322476
6.0152 0.0318417
6.03241 0.0313614
6.04328 0.0309413
6.05962 0.0325736
6.07017 0.0332519
6.08651 0.0344704
6.09706 0.0349116
6.1134 0.0359227
6.11579 0.0350573
6.12515 0.0341752
6.14183 0.0334033
6.14422 0.0328529
6.15323 0.0322462
6.16991 0.0317155
6.1723 0.031251
6.18191 0.0308447
6.1968 0.0323641
6.19919 0.0320686
6.2088 0.03256
6.22439 0.033865
6.22678 0.0333819
6.29101 0.0328341
6.3179 0.0336049
6.34479 0.0360293
6.37168 0.0382756
6.39857 0.0402412
6.40096 0.038836
6.42697 0.0374815
6.42936 0.0364213
6.45505 0.0354937
6.45744 0.0345569
6.48194 0.0367373
6.48433 0.0357702
6.50883 0.0376739
6.51122 0.0367147
6.53572 0.0385003
6.53811 0.0374378
6.5405 0.0363831
6.5662 0.0353352
6.56859 0.0344183
6.59428 0.033616
6.59667 0.033164
6.59906 0.0328935
6.62264 0.0322818
6.62503 0.0321216
6.62742 0.0319814
6.64953 0.0342337
6.65192 0.0335795
6.65431 0.0330071
6.67642 0.0350062
6.67881 0.0342554
6.6812 0.0337235
6.68359 0.033133
6.7045 0.0324914
6.7069 0.03193
6.70929 0.0314387
6.71168 0.0310089
6.73294 0.0306328
6.73533 0.0304287
6.73772 0.0301251
6.74011 0.0299845
6.75983 0.0322364
6.76222 0.0319569
6.76461 0.0315872
6.767 0.0313888
6.78672 0.0332152
6.78911 0.0328133
6.7915 0.0323367
6.79389 0.0319196
6.81361 0.0336796
6.816 0.0332197
6.81871 0.0326922
6.8211 0.0323557
6.82349 0.0320612
6.8417 0.0315536
6.84409 0.0311094
6.84679 0.0307207
6.84958 0.0303806
6.85197 0.030083
6.86978 0.0298227
6.87217 0.0295948
6.87487 0.0293955
6.87727 0.029596
6.87966 0.0296465
6.89667 0.0315657
6.89927 0.03137
6.90176 0.0310738
6.90415 0.0309395
6.90655 0.0306971
6.92356 0.03236
6.92616 0.032065
6.92865 0.0316818
6.93104 0.0314716
6.93375 0.0311627
6.93614 0.0310173
6.95164 0.0306402
6.95425 0.0303101
6.95674 0.0300214
6.95913 0.0297687
6.96183 0.0295476
6.96422 0.0293542
6.97973 0.0291849
6.98233 0.0290368
6.98482 0.0289072
6.98721 0.0287938
6.98992 0.0286946
6.99231 0.0286077
7.00662 0.0302818
7.00922 0.0302465
7.01171 0.0300907
7.01433 0.0300794
7.01681 0.0299445
7.01957 0.0299514
7.03351 0.0313325
7.03611 0.0311659
7.0386 0.0308952
7.04122 0.0307833
7.0437 0.0305604
7.04646 0.0304903
7.0604 0.031804
7.06282 0.0314535
7.06521 0.0311468
7.0676 0.0308785
7.06999 0.0305187
7.07239 0.0303288
7.07478 0.0300377
7.08848 0.029783
7.0909 0.0295601
7.0933 0.0293651
7.09569 0.0291945
7.09813 0.0291702
7.10052 0.0290239
7.10291 0.0288959
7.11657 0.0287839
7.11899 0.0286859
7.12138 0.0286002
7.12377 0.0287752
7.12616 0.0290533
7.12855 0.0291716
7.13095 0.0292752
7.14346 0.0307408
7.14618 0.0306482
7.14858 0.0305671
7.15097 0.0303713
7.15336 0.0303248
7.15575 0.0301592
7.15814 0.0301393
7.17035 0.0313719
7.17307 0.0312004
7.17547 0.0309254
7.17786 0.0306847
7.18025 0.0305991
7.18264 0.0303992
7.18503 0.0303493
7.18742 0.0301807
7.19843 0.0299081
7.20115 0.0296696
7.20355 0.0294609
7.20594 0.0292783
7.20833 0.0291185
7.21072 0.0289787
7.21311 0.0288563
7.21551 0.0287493
7.22652 0.0286556
7.22924 0.0285737
7.23164 0.028502
7.23403 0.0285642
7.23642 0.0284937
7.23881 0.028432
7.2412 0.028753
7.24359 0.0289089
7.25341 0.0300452
7.25643 0.0300396
7.25883 0.0299096
7.26122 0.0299209
7.26361 0.0298058
7.26639 0.0298301
7.26879 0.0298513
7.27118 0.0298699
7.2803 0.0307612
7.28332 0.030666
7.28571 0.0304578
7.28811 0.0304005
7.2905 0.0302255
7.29328 0.0301973
7.29567 0.0300476
7.29807 0.0300417
7.30046 0.0299115
7.30848 0.0296725
7.31141 0.0294635
7.3138 0.0292805
7.31619 0.0291205
7.31858 0.0289804
7.32173 0.0288579
7.32412 0.0288756
7.32651 0.0287662
7.3289 0.0286704
7.33676 0.0285866
7.33949 0.0285133
7.34188 0.0284491
7.34427 0.028393
7.34667 0.0283439
7.34981 0.0283009
7.3522 0.0282633
7.35459 0.0282304
7.35698 0.0282016
7.36385 0.0290514
7.36638 0.0291699
7.36877 0.0291487
7.37116 0.0292551
7.37355 0.0292232
7.37685 0.0293203
7.37924 0.0294053
7.38163 0.0293546
7.38402 0.0294353
7.39074 0.0300059
7.39327 0.0300051
7.39566 0.0298795
7.39805 0.0298946
7.40044 0.0297827
7.40374 0.0298099
7.40613 0.0298337
7.40852 0.0297295
7.41091 0.0296383
7.41763 0.0300585
7.42052 0.0300512
7.42291 0.0299198
7.4253 0.0299298
7.42769 0.0298136
7.43008 0.0298369
7.43247 0.0297323
7.43486 0.0295157
7.43725 0.0294513
7.43964 0.0293949
7.44572 0.0292205
7.4486 0.0290679
7.45099 0.0289344
7.45343 0.0288176
7.45582 0.0287154
7.45851 0.028626
7.4609 0.0285478
7.46329 0.0286043
7.46568 0.0285287
7.46807 0.0285877
7.4738 0.0285142
7.47669 0.0284499
7.47908 0.0285187
7.48152 0.0284538
7.48391 0.0286471
7.4863 0.0289412
7.48869 0.0290736
7.49113 0.0293144
7.49352 0.0294001
7.49621 0.0296001
7.50099 0.0299001
7.50358 0.0299125
7.50597 0.0297985
7.50841 0.0296987
7.5108 0.0296113
7.51319 0.0296599
7.51558 0.0295774
7.51837 0.0296303
7.52076 0.0295515
7.5232 0.0296075
7.52798 0.0297816
7.53047 0.0298089
7.53286 0.0297078
7.5353 0.0297443
7.53769 0.0296513
7.54008 0.0296949
7.54247 0.029608
7.54486 0.029532
7.54725 0.0294655
7.54964 0.0294073
7.55203 0.0293564
7.55638 0.0293118
7.55877 0.0291479
7.56116 0.0291294
7.56355 0.0289882
7.56594 0.0288647
7.56833 0.0287566
7.57072 0.028662
7.57311 0.0287043
7.5755 0.0286162
7.57789 0.0285392
7.58028 0.0284718
7.58454 0.0284128
7.58693 0.0283612
7.58932 0.0283161
7.59171 0.0282766
7.59411 0.028367
7.5965 0.0283211
7.59889 0.028281
7.60143 0.0286209
7.60387 0.0287932
7.60626 0.0290691
7.60865 0.0293105
7.61183 0.0295216
7.61422 0.0295814
7.61661 0.0296338
7.619 0.0296795
7.62139 0.0297196
7.62378 0.0296296
7.67286 0.0294259
7.67525 0.0292477
7.67803 0.0292167
7.68043 0.0290646
7.68282 0.0289316
7.70151 0.0289401
7.70391 0.0288226
7.7063 0.0287198
7.70869 0.0286298
7.71108 0.0286761
7.72972 0.0285916
7.73211 0.0288926
7.7345 0.029156
7.73689 0.0292615
7.73928 0.0294788
7.75661 0.031419
7.759 0.0311166
7.76139 0.030852
7.76378 0.0306205
7.76622 0.030543
7.7835 0.0322251
7.78589 0.031822
7.78828 0.0315942
7.79067 0.0312699
7.79306 0.0311112
7.79545 0.0308473
7.81158 0.0304914
7.8142 0.030305
7.81665 0.0300168
7.81904 0.0298897
7.82143 0.0296535
7.82383 0.0294468
7.83967 0.029266
7.84228 0.0291077
7.84474 0.0289693
7.84713 0.0288481
7.84952 0.0289921
7.85198 0.0291181
7.86777 0.0309783
7.92156 0.032231
7.92395 0.0317021
7.94845 0.0339894
7.95084 0.0333657
7.97534 0.035695
7.97773 0.0348581
7.98012 0.0342509
8.00343 0.0334695
8.00593 0.0327858
8.00832 0.0321876
8.03151 0.0316641
8.03401 0.0313311
8.0364 0.0309147
8.0584 0.0333004
8.0609 0.0327628
8.06329 0.0322925
8.08529 0.0343809
8.08779 0.0337083
8.09018 0.0332448
8.11218 0.0352142
8.11457 0.0344374
8.11696 0.0337577
8.11935 0.033163
8.14026 0.0325176
8.14265 0.0319529
8.14505 0.0315838
8.14744 0.0311358
8.16835 0.0307439
8.17074 0.0304009
8.17313 0.0301008
8.17552 0.0300882
8.19524 0.0323271
8.19763 0.0319113
8.20002 0.0316723
8.20278 0.0313383
8.22213 0.033296
8.22452 0.032759
8.22691 0.0322891
8.22967 0.031878
8.23206 0.0316432
8.25021 0.0311878
8.2526 0.0307894
8.25499 0.0304407
8.25776 0.0301356
8.26015 0.0298687
8.2783 0.0296351
8.28069 0.0294307
8.28308 0.0293768
8.28584 0.0292047
8.28823 0.0290541
8.30638 0.0289224
8.30877 0.0290571
8.31116 0.0292999
8.31355 0.0293875
8.31594 0.029464
8.33327 0.031406
8.33566 0.0311053
8.33805 0.0309671
8.34044 0.0307212
8.34283 0.0305061
8.36016 0.0323178
8.36255 0.0319031
8.36494 0.0315402
8.36752 0.0312227
8.36991 0.0309448
8.3723 0.0308267
8.38825 0.0304734
8.39064 0.0301642
8.39303 0.0300187
8.3956 0.0297664
8.39799 0.0295456
8.40039 0.0293524
8.41633 0.0291833
8.41872 0.0290354
8.42111 0.028906
8.42369 0.0287927
8.42608 0.0290686
8.42847 0.0293101
8.44322 0.0310213
8.44561 0.0307686
8.448 0.0306726
8.45058 0.0304635
8.45327 0.0304055
8.45567 0.0302299
8.47011 0.0317011
8.4725 0.0313635
8.47489 0.031068
8.47747 0.0308095
8.48016 0.0307083
8.48255 0.0304948
8.4853 0.030433
8.4982 0.0301288
8.50059 0.0298627
8.50298 0.0296299
8.50555 0.0294262
8.50825 0.0292479
8.51064 0.0290919
8.51338 0.0289554
8.52658 0.028836
8.52897 0.0287315
8.53136 0.028765
8.53375 0.0286694
8.53664 0.0285857
8.53903 0.0286375
8.54147 0.0285578
8.55347 0.0299881
8.55586 0.0298646
8.55825 0.0298815
8.56064 0.0297713
8.56391 0.0297999
8.5663 0.0298249
8.56869 0.0297218
8.58036 0.0308816
8.58275 0.0306464
8.58514 0.0305656
8.58753 0.0303699
8.5908 0.0303236
8.59319 0.0302832
8.59563 0.0301228
8.60758 0.0312324
8.60997 0.0309534
8.61236 0.0308342
8.61475 0.0306049
8.61714 0.0305293
8.61953 0.0303382
8.62192 0.0300459
8.62431 0.0299151
8.63571 0.0296758
8.63811 0.0295913
8.6405 0.0293924
8.64289 0.0292183
8.64528 0.029066
8.64767 0.0289328
8.65006 0.0289412
8.65245 0.0288235
8.6638 0.0287206
8.66619 0.0286305
8.66858 0.0285517
8.67097 0.0287327
8.67336 0.0290161
8.6758 0.0291391
8.67819 0.0293717
8.6806 0.0294503
8.69069 0.030519
8.69308 0.0304541
8.69547 0.0302723
8.69786 0.0301133
8.70058 0.0300991
8.70297 0.0299617
8.70536 0.0299665
8.70788 0.0298457
8.71758 0.03074
8.71997 0.0305225
8.72236 0.0303322
8.72475 0.0301657
8.72714 0.030145
8.72953 0.0300018
8.73192 0.0298766
8.73431 0.029767
8.7367 0.0296711
8.74566 0.0294623
8.74805 0.0294045
8.75044 0.0292289
8.75283 0.0290753
8.75523 0.0289409
8.75762 0.0288233
8.76001 0.0288454
8.7624 0.0287397
8.76479 0.0286472
8.77375 0.0285663
8.77614 0.0284955
8.77853 0.0284336
8.78092 0.0283794
8.78331 0.028332
8.7857 0.0282905
8.78809 0.0286292
8.79048 0.0288005
8.79287 0.0289505
8.8012 0.0299566
8.80359 0.0299621
8.80598 0.0298418
8.80837 0.0298616
8.81076 0.0298789
8.81315 0.029894
8.81554 0.0299073
8.81793 0.0297939
8.82032 0.0298196
8.82809 0.0305922
8.83048 0.0303932
8.83287 0.030219
8.83526 0.0301916
8.8377 0.0300427
8.84009 0.0300373
8.84248 0.0299077
8.84603 0.0300442
8.89388 0.0297887
8.89628 0.0295651
8.89983 0.0294945
8.9023 0.0293077
8.92077 0.0311442
8.92316 0.0310012
8.92672 0.030876
8.92919 0.0307665
8.94766 0.0325457
8.95005 0.0322275
8.95395 0.0319491
8.95634 0.0317054
8.97455 0.0333672
8.97694 0.0328213
8.97933 0.0323437
8.98203 0.0319257
8.98442 0.031435
9.00264 0.0310056
9.00503 0.0307549
9.00742 0.0304106
9.01037 0.0301092
9.01276 0.0298456
9.03072 0.0296149
9.03311 0.029413
9.0355 0.0292364
9.03789 0.0293318
9.04028 0.0294154
9.05761 0.0313634
9.06 0.031193
9.06239 0.0309189
9.06478 0.030679
9.06717 0.0305941
9.08477 0.0322699
9.08716 0.0319861
9.08955 0.0316129
9.09194 0.0312863
9.09433 0.0311255
9.09671 0.0308598
9.11288 0.0305023
9.11528 0.0301895
9.11767 0.0299158
9.12006 0.0298014
9.17505 0.0297012
9.17808 0.0296135
9.20193 0.0320368
9.20497 0.0316572
9.22882 0.0339501
9.23194 0.0334563
9.25571 0.0356493
9.25905 0.0350681
9.26144 0.0344346
9.28405 0.0337553
9.28714 0.0330359
9.28953 0.0324064
9.31218 0.0318556
9.31522 0.0313736
9.31761 0.0309519
9.33907 0.0333329
9.34211 0.0329163
9.3445 0.0324268
9.36596 0.0343734
9.369 0.0337018
9.37139 0.033114
9.39285 0.0349748
9.39619 0.0344779
9.39858 0.0339182
9.40097 0.0333034
9.42093 0.0326405
9.42427 0.0320604
9.42666 0.0315529
9.42923 0.0312338
9.44902 0.0309545
9.45236 0.0305852
9.45475 0.0302621
9.45714 0.0303543
9.47591 0.03231
9.47925 0.0320213
9.48164 0.0316436
9.48403 0.0314382
9.5028 0.0331334
9.50614 0.0328667
9.50853 0.0323834
9.51099 0.0319605
9.52969 0.0335904
9.58638 0.0328916
9.58877 0.0322801
9.61447 0.0317451
9.61686 0.031277
9.64255 0.0308674
9.64494 0.0305089
9.67064 0.0301953
9.67303 0.0302959
9.69753 0.0331339
9.69992 0.0326172
9.72461 0.034915
9.72701 0.0343007
9.7294 0.0337631
9.7528 0.0330427
9.75519 0.0324123
9.75758 0.0318608
9.78088 0.0313782
9.78327 0.0309559
9.78566 0.0305864
9.80913 0.0303881
9.81152 0.0304646
9.81391 0.0304065
9.83607 0.0329807
9.83846 0.0324831
9.84085 0.0320477
9.86296 0.0341668
9.86555 0.0335209
9.86794 0.0329558
9.87033 0.0325863
9.8913 0.032138
9.89369 0.0316208
9.89608 0.0312932
9.89847 0.0308815
9.91938 0.0305213
9.92177 0.0302062
9.92416 0.0299304
9.92655 0.0296891
9.94632 0.031978
9.94871 0.0316057
9.9511 0.031405
9.9535 0.0311044
9.97321 0.0330913
9.9756 0.0325799
9.97799 0.0321324
9.98039 0.0317409
10.0004 0.0336483
10.0028 0.0330672
10.0051 0.0326838
10.0075 0.0323483
10.0099 0.0319298
10.0284 0.0314386
10.0308 0.0310088
10.0332 0.0306327
10.0356 0.0303036
10.038 0.0301406
10.0565 0.029873
10.0589 0.0296389
10.0613 0.0294341
10.0637 0.0295048
10.0661 0.0296917
10.0834 0.0316052
10.0858 0.0312796
10.0894 0.0312446
10.1447 0.0308391
10.1471 0.0306092
10.1728 0.030283
10.1752 0.0299976
10.2009 0.0297479
10.2032 0.0299044
10.2277 0.0326664
10.2301 0.0323331
10.2546 0.0346665
10.3134 0.0338331
10.3415 0.033104
10.3696 0.032466
10.3979 0.0319078
10.4252 0.0349193
10.4521 0.0374294
10.4793 0.0395007
10.4817 0.0381881
10.5074 0.0369146
10.5893 0.0358003
10.6174 0.0348252
10.6454 0.0339721
10.6735 0.0332256
10.7004 0.0359474
10.7276 0.038204
10.7545 0.0401785
10.7568 0.0387812
10.7826 0.0374335
10.785 0.0362543
10.8107 0.0352225
10.8131 0.0344447
10.8388 0.0336391
10.8411 0.0333092
10.8656 0.0356456
10.868 0.0349399
10.8925 0.0369474
10.8949 0.035954
11.082 0.0382097
11.1104 0.0369335
11.1389 0.0358168
11.167 0.0348397
11.1939 0.0373597
11.2208 0.0394398
11.2477 0.0412598
11.2504 0.0398523
11.2757 0.0383708
11.2787 0.0370744
11.3041 0.0360651
11.3068 0.035057
11.3321 0.0341749
11.3345 0.033653
11.3593 0.0360714
11.3617 0.0351875
11.3862 0.037289
11.3886 0.0362529
11.391 0.0353463
11.4147 0.034428
11.4171 0.0337495
11.4195 0.0331558
11.4428 0.0325113
11.4452 0.0319474
11.4476 0.031454
11.47 0.0338972
11.4724 0.0334101
11.4748 0.0328588
11.4973 0.0350015
11.4996 0.0342513
11.502 0.0337199
11.5245 0.0357549
11.5269 0.0349105
11.5293 0.0342967
11.5317 0.0336346
11.553 0.0329303
11.5554 0.032439
11.5578 0.0318841
11.5602 0.0315236
11.5814 0.0312082
11.5838 0.0308071
11.5862 0.0305812
11.5886 0.0306336
11.6083 0.0328044
11.6107 0.0323288
11.6131 0.0320377
11.6155 0.031658
11.6354 0.0335758
11.6378 0.0330038
11.6402 0.0326283
11.6425 0.0321748
11.6623 0.0340279
11.6647 0.0333994
11.667 0.0329745
11.6694 0.0324777
11.6718 0.032043
11.6904 0.0315376
11.6927 0.0310954
11.6951 0.0307085
11.6975 0.0303699
11.7187 0.0300737
11.7211 0.0299395
11.7239 0.030072
11.7263 0.030188
11.7456 0.0324145
11.748 0.0321127
11.7504 0.0320986
11.7528 0.0319613
11.7552 0.0319661
11.7725 0.0337204
11.7749 0.0331303
11.7773 0.032614
11.7797 0.0321623
11.7821 0.031892
11.7994 0.0334055
11.8018 0.0328548
11.8045 0.032498
11.8068 0.0320607
11.8092 0.0318031
11.8116 0.0314527
11.8275 0.0310211
11.8299 0.0306435
11.8325 0.0303131
11.8349 0.0300239
11.8373 0.0297709
11.8397 0.0295496
11.8558 0.0293559
11.8582 0.0293114
11.8606 0.0295225
11.863 0.0295822
11.8653 0.0297594
11.8677 0.0297895
11.8831 0.0315658
11.8854 0.0313701
11.8878 0.0310738
11.8902 0.0309396
11.8926 0.0308221
11.895 0.0307194
11.9099 0.0321294
11.9123 0.0317383
11.9147 0.031396
11.9171 0.0312215
11.9195 0.0309438
11.9219 0.0307008
11.9243 0.0304882
11.938 0.0303022
11.9404 0.0300144
11.9428 0.0297626
11.9452 0.0295423
11.9476 0.0293495
11.95 0.0293058
11.9524 0.0291426
11.9661 0.0289998
11.9685 0.0288748
11.9709 0.0287654
11.9733 0.0286698
11.9757 0.028586
11.9781 0.0288878
11.9805 0.0290268
11.993 0.0305235
11.9954 0.030333
11.9978 0.0301664
12.0002 0.0301456
12.0026 0.0300024
12.005 0.0298771
12.0073 0.0297675
12.0201 0.0310465
12.0248 0.0307907
12.0272 0.0306919
12.0296 0.0304804
12.032 0.0304203
12.0344 0.0303678
12.0368 0.0301968
12.0481 0.0299222
12.0529 0.0296819
12.0553 0.0298467
12.0577 0.0298659
12.0601 0.0300076
12.0625 0.0300067
12.0649 0.0300058
12.0673 0.0301301
12.0762 0.0298638
12.081 0.0297559
12.0834 0.0295364
12.0858 0.0293443
12.0882 0.0291763
12.0906 0.0290293
12.093 0.0289006
12.0954 0.028788
12.1043 0.0286895
12.1082 0.0291033
12.1106 0.0290904
12.113 0.0290791
12.1153 0.0291942
12.1177 0.0291699
12.1201 0.0292737
12.1225 0.0293645
12.1312 0.0301939
12.1351 0.0302947
12.1374 0.0301328
12.1398 0.0299912
12.1422 0.0299923
12.1446 0.0298683
12.1471 0.0298848
12.1495 0.0297742
12.1581 0.0305524
12.1619 0.0304833
12.1643 0.0302979
12.1667 0.0301357
12.1691 0.0301187
12.1715 0.0299789
12.1739 0.0298565
12.1763 0.0297495
12.1787 0.0296558
12.1864 0.0294488
12.19 0.0293927
12.1924 0.0292186
12.1948 0.0290663
12.1972 0.028933
12.1996 0.0288164
12.202 0.0287143
12.2044 0.028625
12.2133 0.0294219
12.2582 0.0292442
12.2606 0.0290886
12.269 0.0289526
12.2714 0.0289585
12.2863 0.0288387
12.2886 0.0287338
12.2974 0.0287671
12.2998 0.0286712
12.3146 0.0285873
12.317 0.0288889
12.3243 0.0297778
12.3266 0.0296806
12.3415 0.0312205
12.3511 0.0315679
12.3535 0.0312469
12.3684 0.0325911
12.378 0.0331422
12.3804 0.0326244
12.3831 0.0325464
12.3855 0.0324781
12.3965 0.0319183
12.4061 0.0314285
12.4085 0.031
12.4112 0.030625
12.4136 0.0302968
12.4246 0.0300097
12.4342 0.0297585
12.4366 0.0295387
12.4397 0.0293464
12.4421 0.0293031
12.4515 0.0303902
12.4611 0.0312164
12.4637 0.0309394
12.4666 0.0308219
12.469 0.0305942
12.4784 0.0312699
12.488 0.0318612
12.4906 0.0315035
12.4935 0.0313156
12.4959 0.0310261
12.5052 0.0317729
12.5076 0.0314263
12.5161 0.031123
12.5187 0.0307326
12.5216 0.030391
12.524 0.0300922
12.5333 0.0298306
12.5357 0.0296018
12.5442 0.0294016
12.5471 0.0293514
12.5496 0.0291825
12.552 0.0291596
12.5616 0.0290147
12.5639 0.0288879
12.5722 0.0287769
12.5746 0.0289298
12.577 0.0290635
12.5794 0.0291806
12.5884 0.030033
12.5908 0.0299039
12.5991 0.0306659
12.6015 0.0304577
12.6039 0.0302755
12.6063 0.030116
12.6153 0.0308515
12.6177 0.0306201
12.626 0.0312926
12.6284 0.031006
12.6308 0.0307553
12.6332 0.0306608
12.6356 0.0304532
12.6434 0.0301466
12.6458 0.0298783
12.6541 0.0296435
12.6565 0.029438
12.6592 0.0293833
12.6616 0.0292104
12.664 0.0290591
12.6715 0.0289267
12.6739 0.0288109
12.6822 0.0287095
12.6846 0.0286208
12.6873 0.0285432
12.6897 0.0284753
12.692 0.0287909
12.6984 0.029567
12.7008 0.0294962
12.7091 0.0303091
12.7115 0.0301455
12.7142 0.0301273
12.7165 0.0299864
12.7189 0.0298631
12.7253 0.0302552
12.7277 0.0300983
12.7361 0.030836
12.7385 0.0306065
12.741 0.0305307
12.7434 0.0303394
12.7458 0.0301719
12.7482 0.0301504
12.7534 0.0298816
12.7558 0.0296464
12.7642 0.0294406
12.7666 0.0292606
12.7691 0.029103
12.7715 0.0289651
12.7739 0.0288445
12.7763 0.0287389
12.7818 0.0286465
12.7843 0.0286907
12.7923 0.0286044
12.7947 0.0285288
12.7972 0.0284627
12.7996 0.0284049
12.802 0.0283543
12.8044 0.02831
12.8099 0.0282712
12.8123 0.0286123
12.8192 0.0294108
12.8216 0.0293594
12.8241 0.0294395
12.8265 0.0293846
12.8289 0.0293365
12.8313 0.0294194
12.8368 0.029742
12.8392 0.0297743
12.8461 0.0303025
12.8485 0.0301397
12.851 0.0299972
12.8534 0.0298726
12.8558 0.0297635
12.8582 0.029793
12.864 0.0301939
12.8664 0.0301697
12.873 0.0305235
12.8754 0.030333
12.8777 0.0301664
12.8801 0.0301456
12.8825 0.0300024
12.8849 0.0298771
12.8873 0.0297675
12.8921 0.0295465
12.8945 0.0293532
12.9018 0.0293091
12.9042 0.0292704
12.9066 0.0292366
12.909 0.029207
12.9114 0.0291812
12.9138 0.0291585
12.9162 0.0291387
12.9202 0.0289964
12.9226 0.0288718
12.9299 0.0287628
12.9326 0.0286675
12.935 0.028959
12.9374 0.0292142
12.9398 0.0293124
12.9422 0.0295233
12.9446 0.0297079
12.9471 0.0298694
12.9495 0.0297608
12.9568 0.0302907
13.0033 0.0300043
13.0106 0.0303788
13.0133 0.0302064
13.0161 0.0300556
13.0314 0.0297987
13.0387 0.0295738
13.0414 0.0293771
13.0442 0.029205
13.0602 0.0291794
13.0657 0.0297819
13.0683 0.0298092
13.071 0.029833
13.087 0.0314789
13.0926 0.031544
13.0952 0.031351
13.0979 0.0310572
13.1139 0.032425
13.1195 0.0323719
13.1219 0.0319504
13.1243 0.0315816
13.1267 0.0312589
13.142 0.0309765
13.1476 0.0306045
13.15 0.0302789
13.1524 0.029994
13.1548 0.0297448
13.1701 0.0295267
13.1757 0.0293359
13.1793 0.0294189
13.2346 0.0292415
13.2369 0.0290863
13.2626 0.0289505
13.265 0.0289567
13.2907 0.0288371
13.2931 0.0291075
13.3176 0.031969
13.32 0.0315979
13.3445 0.0340232
13.4031 0.0332703
13.4312 0.0326115
13.4595 0.0320351
13.4876 0.0315307
13.5145 0.0344643
13.5414 0.0369063
13.5683 0.039043
13.5707 0.0377876
13.5964 0.0365642
13.5988 0.0354937
13.6245 0.0345569
13.6269 0.0337373
13.6525 0.0330202
13.6549 0.0326426
13.736 0.0320623
13.7641 0.0316795
13.7922 0.0312196
13.8202 0.0308171
13.8471 0.03384
13.874 0.03636
13.9009 0.03844
13.9033 0.03726
13.9293 0.0362275
13.9317 0.0351991
13.9574 0.0342992
13.9598 0.0335118
13.9855 0.0328228
13.9879 0.03247
14.0124 0.0350362
14.0148 0.0342817
14.0392 0.0364965
14.0416 0.0355594
14.044 0.0348645
14.068 0.0341314
14.0704 0.03349
14.0728 0.0328037
14.0961 0.0322033
14.0985 0.0316779
14.1012 0.0313431
14.1233 0.0338002
14.1257 0.0332002
14.1281 0.0328002
14.1505 0.0348252
14.1529 0.034097
14.1553 0.0335849
14.1774 0.0355118
14.1798 0.0346978
14.1822 0.0341106
14.185 0.0334718
14.2058 0.0327878
14.2082 0.0323143
14.2106 0.031775
14.213 0.0314281
14.2342 0.0311246
14.2366 0.030734
14.239 0.0305173
14.2414 0.0305776
14.2612 0.0327554
14.2635 0.032286
14.2659 0.0318752
14.2687 0.0315158
14.2884 0.0334514
14.2908 0.0328949
14.2932 0.0325331
14.2956 0.0322164
14.3156 0.0340644
14.318 0.0334313
14.3204 0.0330024
14.3228 0.0325021
14.3251 0.0321893
14.3437 0.0316657
14.3461 0.0313325
14.3485 0.0309159
14.3509 0.0305514
14.3533 0.0302325
14.3724 0.0300784
14.3748 0.0298186
14.3772 0.0299663
14.3796 0.0300955
14.382 0.0302086
14.3993 0.0321825
14.4017 0.0317847
14.4041 0.0315616
14.4065 0.0312414
14.4089 0.0309612
14.4264 0.0327161
14.4288 0.0322516
14.4312 0.0319701
14.4336 0.0315989
14.436 0.031399
14.4384 0.0312241
14.4546 0.0308211
14.4574 0.0305935
14.4609 0.0303943
14.5147 0.03022
14.5171 0.0299425
14.5416 0.0324497
14.544 0.0320185
14.5688 0.0343912
14.5712 0.0338423
14.5957 0.036112
14.5981 0.035348
14.6009 0.0345545
14.624 0.0338602
14.6266 0.0331277
14.629 0.0324867
14.6521 0.0319259
14.6547 0.0314351
14.657 0.0311307
14.679 0.0334894
14.6815 0.0329282
14.6839 0.0324372
14.7059 0.0343825
14.7084 0.0338347
14.7108 0.0332304
14.7331 0.0353266
14.7355 0.0346608
14.7379 0.0339532
14.7403 0.033459
14.7612 0.0327766
14.7636 0.0321796
14.766 0.0316571
14.7684 0.0312
14.8443 0.0308
14.8712 0.033575
14.8981 0.0361281
14.9005 0.0352371
14.9261 0.0343325
14.9285 0.0335409
14.9542 0.0328483
14.9566 0.0322423
14.9823 0.031712
14.9847 0.031498
15.0092 0.0341857
15.0116 0.0335375
15.0361 0.0358453
15.0385 0.0349897
15.0409 0.0342409
15.0645 0.0334608
15.0669 0.0327782
15.0693 0.0323059
15.0926 0.0317677
15.095 0.0312967
15.0973 0.0308846
15.1206 0.0305241
15.123 0.0305836
15.1254 0.0306356
15.1475 0.0330562
15.1499 0.0325491
15.1523 0.0321055
15.1744 0.0342173
15.1768 0.0335651
15.1792 0.0331195
15.1816 0.0326046
15.2025 0.032029
15.2049 0.0315254
15.2073 0.0310847
15.2097 0.0306991
15.2306 0.0303617
15.233 0.0300665
15.2354 0.0298082
15.2378 0.0298322
15.2578 0.0321031
15.2602 0.0318403
15.2626 0.0316102
15.265 0.0312839
15.2847 0.0332484
15.2871 0.0328424
15.2895 0.0323621
15.2919 0.0319418
15.3116 0.0338241
15.314 0.0332211
15.3163 0.0326935
15.3187 0.0322318
15.3211 0.0319528
15.3396 0.0314587
15.342 0.0311514
15.3444 0.0307574
15.3468 0.0304128
15.3492 0.0301112
15.3677 0.0298473
15.3701 0.0296164
15.3749 0.0296643
15.3773 0.0298313
15.3946 0.0317274
15.397 0.0315114
15.4018 0.0314475
15.4042 0.0312666
15.4066 0.0313583
15.4218 0.0329385
15.4242 0.0325712
15.4287 0.0323748
15.4311 0.0320779
15.4335 0.0316932
15.4359 0.0313565
15.4499 0.030937
15.4523 0.0305698
15.4568 0.0302486
15.4595 0.0299675
15.4619 0.0297216
15.4643 0.0296314
15.478 0.0294275
15.4804 0.029249
15.4849 0.0290929
15.488 0.0289563
15.4903 0.0289618
15.4928 0.0288415
15.5049 0.0302363
15.5073 0.0302068
15.5117 0.0303059
15.5148 0.0302677
15.5172 0.0302342
15.5197 0.03008
15.5318 0.031195
15.5341 0.0310456
15.5386 0.0310399
15.5421 0.0310349
15.5445 0.0309055
15.5469 0.0306673
15.5586 0.0317089
15.561 0.0314953
15.5634 0.0311834
15.5667 0.0307855
15.5702 0.0304373
15.5726 0.0301326
15.5749 0.029866
15.5867 0.0296328
15.5891 0.0294287
15.5915 0.0292501
15.5948 0.0290938
15.5982 0.0289571
15.6006 0.0288375
15.603 0.0288578
15.6148 0.0287506
15.6172 0.0286567
15.6196 0.0285747
15.6229 0.0285028
15.6253 0.028815
15.6277 0.0288381
15.6301 0.0289833
15.6417 0.0301104
15.6441 0.0300966
15.6465 0.0299595
15.6498 0.0299646
15.6522 0.029969
15.6546 0.0298479
15.6569 0.0297419
15.6686 0.0307742
15.671 0.0305524
15.6734 0.0303583
15.6767 0.0303136
15.6791 0.0302744
15.6814 0.0301151
15.6838 0.0299757
15.6862 0.0299787
15.6967 0.0297314
15.6991 0.02964
15.7018 0.029435
15.7047 0.0292556
15.7095 0.0293486
15.7597 0.0291801
15.7645 0.0290326
15.7669 0.0289035
15.7869 0.0309155
15.7917 0.0310511
15.7941 0.0309197
15.8138 0.0329298
15.8186 0.0328135
15.821 0.0323368
15.8407 0.0340447
15.8455 0.0337891
15.8479 0.0331905
15.8503 0.0327917
15.8691 0.0323177
15.8738 0.031778
15.8762 0.0314308
15.8786 0.0310019
15.8971 0.0306267
15.9019 0.0302983
15.9043 0.030011
15.9067 0.0300097
15.924 0.0320085
15.9288 0.0318824
15.9312 0.0316471
15.9336 0.0313162
15.9512 0.0330267
15.956 0.0327733
15.9583 0.0324267
15.9607 0.0319983
15.9781 0.0336236
15.9805 0.0330456
15.9841 0.0325399
15.9865 0.0319724
15.9889 0.0314759
16.0064 0.0310414
16.0088 0.0306612
16.0122 0.0303286
16.0146 0.0300375
16.0169 0.0297828
16.0345 0.02956
16.0369 0.029365
16.0393 0.0295693
16.0417 0.0294982
16.0441 0.0295609
16.0614 0.0314908
16.0638 0.0311794
16.0662 0.031032
16.0686 0.030778
16.0709 0.0305558
16.0883 0.0322363
16.0907 0.0318317
16.0931 0.0316028
16.0956 0.0312774
16.098 0.0311178
16.1004 0.030978
16.1164 0.0306058
16.1187 0.0302801
16.1211 0.029995
16.1237 0.0297457
16.1261 0.0295275
16.1285 0.0293365
16.1444 0.0291695
16.1468 0.0290233
16.1492 0.0288954
16.1518 0.0287834
16.1542 0.0286855
16.1566 0.0288498
16.1714 0.0306186
16.1738 0.0304163
16.1765 0.0303642
16.2318 0.0300687
16.2342 0.0298101
16.2591 0.0324589
16.2615 0.0321515
16.286 0.0345076
16.2884 0.0338191
16.2908 0.0332167
16.3141 0.0326896
16.3165 0.0321034
16.3189 0.0315905
16.3425 0.0311417
16.3449 0.030749
16.3472 0.0305304
16.3694 0.0330891
16.3718 0.0325779
16.3742 0.0322557
16.3962 0.0343487
16.3987 0.0336801
16.4011 0.0332201
16.4231 0.0351926
16.4255 0.0344185
16.4279 0.0337412
16.4303 0.0331486
16.4512 0.032505
16.4536 0.0319419
16.456 0.0314491
16.4584 0.031018
16.4793 0.0306407
16.4817 0.0303106
16.4841 0.0301468
16.4865 0.0302535
16.5062 0.0324718
16.5086 0.0320378
16.511 0.0316581
16.5134 0.0313258
16.5331 0.0332851
16.5355 0.0327495
16.5379 0.0322808
16.5403 0.0319957
16.5426 0.0316212
16.5612 0.0311686
16.5636 0.0307725
16.5659 0.0304259
16.5683 0.0301227
16.5707 0.0298574
16.5892 0.0296252
16.5916 0.029422
16.594 0.0293693
16.5964 0.0291981
16.5988 0.0290484
16.6176 0.0289173
16.62 0.0290526
16.6224 0.0292961
16.6248 0.0293841
16.6272 0.029586
16.6445 0.0316378
16.6469 0.0313081
16.6493 0.0311446
16.6517 0.0308765
16.6541 0.0307669
16.6714 0.0324211
16.6738 0.0319934
16.6762 0.0317442
16.6786 0.0314012
16.681 0.0312261
16.6834 0.0309478
16.6995 0.0305793
16.7019 0.0302569
16.7043 0.0299748
16.7067 0.0297279
16.7091 0.029512
16.7115 0.029323
16.7275 0.0291576
16.73 0.0291379
16.7324 0.0289957
16.7348 0.0288712
16.7372 0.0291373
16.7396 0.0292451
16.7544 0.0309645
16.7569 0.0307189
16.7593 0.0305041
16.7617 0.0303161
16.7641 0.0302765
16.7665 0.030117
16.7813 0.0316024
16.7838 0.0312771
16.7862 0.0311174
16.7886 0.0308527
16.791 0.0306212
16.7933 0.0304185
16.7957 0.0302412
16.8097 0.029961
16.8121 0.0298409
16.8145 0.0296108
16.8169 0.0294095
16.8193 0.0293583
16.8217 0.0291885
16.8241 0.0291649
16.8378 0.0290193
16.8402 0.0288919
16.8426 0.0287804
16.845 0.0288079
16.8474 0.0287069
16.8498 0.0286185
16.8522 0.0285412
16.8647 0.0299735
16.8671 0.0299769
16.8695 0.0298547
16.8719 0.0297479
16.8743 0.0296544
16.8767 0.0295726
16.8791 0.029626
16.8916 0.0307978
16.894 0.0305731
16.8964 0.0303764
16.8988 0.0302044
16.9012 0.0301788
16.9036 0.0300315
16.906 0.0299025
16.9185 0.0310397
16.9209 0.0307848
16.9233 0.0306867
16.9256 0.0304758
16.928 0.0304163
16.9304 0.0302393
16.9328 0.0300844
16.9352 0.0300738
16.9466 0.0298146
16.949 0.0295878
16.9513 0.0293893
16.9537 0.0292156
16.9561 0.0290637
16.9585 0.0289307
16.9609 0.0288144
16.9633 0.0287126
16.9746 0.0286235
16.977 0.0286706
16.9794 0.0285868
16.9818 0.0287634
16.9842 0.029043
16.9866 0.0291626
16.989 0.0292673
16.9914 0.0294839
17.003 0.0307984
17.0455 0.0304486
17.0568 0.0312675
17.0592 0.0308591
17.0724 0.0318767
17.0837 0.0326421
17.0861 0.0323118
17.0993 0.0332729
17.1017 0.0327388
17.1118 0.0321464
17.1142 0.0316281
17.1274 0.0311746
17.1298 0.0307778
17.1399 0.0304305
17.1423 0.0301267
17.1555 0.0298609
17.1578 0.0296283
17.1683 0.0295497
17.1707 0.029731
17.1823 0.0310146
17.1847 0.0307628
17.1952 0.0316675
17.1976 0.031334
17.2096 0.0322923
17.212 0.0318807
17.2221 0.0326456
17.2783 0.0320649
17.2806 0.0315568
17.3063 0.0311122
17.3087 0.0307232
17.3344 0.0303828
17.3368 0.0300849
17.3628 0.0298243
17.3656 0.0299713
17.3897 0.0328499
17.3925 0.0324936
17.4166 0.0348069
17.4194 0.0342061
17.4218 0.0335553
17.4447 0.0328609
17.4482 0.0323783
17.4505 0.031956
17.4728 0.0314615
17.4762 0.0310288
17.4786 0.0306502
17.5008 0.0303189
17.5032 0.0304041
17.5056 0.0302286
17.5279 0.032575
17.5303 0.0322531
17.5331 0.0319715
17.5548 0.0341
17.5573 0.0335875
17.5596 0.0330141
17.562 0.0325123
17.5829 0.0319483
17.5853 0.0314548
17.5877 0.0310229
17.5901 0.030645
17.611 0.0303144
17.6134 0.0300251
17.6158 0.029772
17.6182 0.0295505
17.6379 0.0317317
17.6403 0.0315152
17.6427 0.0312008
17.6451 0.0310507
17.6648 0.0329194
17.6672 0.0325544
17.6696 0.0321101
17.672 0.0317214
17.692 0.0335062
17.6943 0.0330679
17.6967 0.0325594
17.6991 0.0322395
17.7015 0.0319596
17.72 0.0315896
17.7225 0.0311409
17.7249 0.0307483
17.7273 0.0304048
17.7297 0.0301042
17.7481 0.0298411
17.7506 0.029611
17.753 0.0294096
17.7553 0.0296084
17.7577 0.0296574
17.775 0.0317002
17.7775 0.0313627
17.7811 0.0313173
17.836 0.0310277
17.8384 0.0306492
17.8641 0.0303181
17.8665 0.0300283
17.8925 0.0297748
17.8949 0.0298029
17.9194 0.0327026
17.9218 0.0322397
17.9463 0.0347098
17.9487 0.033996
17.9511 0.0334965
17.9744 0.0328095
17.9768 0.0322083
17.9791 0.0316823
18.0024 0.031222
18.0048 0.0308192
18.0072 0.0304668
18.0305 0.0301585
18.0329 0.0301387
18.0355 0.0302463
18.0574 0.0327155
18.0598 0.0322511
18.0624 0.0319697
18.0843 0.0340985
18.0867 0.0334612
18.0891 0.0330285
18.0915 0.032525
18.1124 0.0319593
18.1148 0.0314644
18.1172 0.0310314
18.1196 0.0306524
18.1405 0.0303209
18.1429 0.0300308
18.1453 0.0297769
18.1476 0.0295548
18.1676 0.0318605
18.17 0.0316279
18.1724 0.0314244
18.1748 0.0311214
18.1946 0.0331062
18.1969 0.0325929
18.1993 0.0321438
18.2017 0.0317508
18.2214 0.033657
18.2238 0.0330749
18.2262 0.0326905
18.2286 0.0322292
18.2311 0.0319505
18.2495 0.0314567
18.2519 0.0310246
18.2543 0.0306465
18.2567 0.0303157
18.2591 0.0300263
18.2776 0.029773
18.28 0.0296764
18.2824 0.0294668
18.2848 0.0295335
18.2872 0.0297168
18.3045 0.0316272
18.3069 0.0312988
18.3093 0.0310114
18.3117 0.03076
18.3141 0.030665
18.3319 0.0323319
18.3343 0.0320404
18.3367 0.0317853
18.3391 0.0315622
18.3415 0.0313669
18.3439 0.031071
18.36 0.0308122
18.3624 0.0304606
18.3648 0.0301531
18.3672 0.0298839
18.3696 0.0296484
18.372 0.0295674
18.3881 0.0293715
18.3905 0.0292
18.3929 0.02905
18.3953 0.0289188
18.3977 0.0288039
18.4001 0.0287034
18.415 0.0303655
18.4174 0.0301948
18.4198 0.0300455
18.4222 0.0300398
18.4246 0.0299098
18.427 0.0299211
18.4423 0.0314309
18.4447 0.0312521
18.4471 0.0310956
18.4495 0.0309586
18.4518 0.0307138
18.4542 0.0306246
18.4692 0.0320465
18.4716 0.0316657
18.474 0.0314575
18.4764 0.0311503
18.4788 0.0308815
18.4812 0.0307713
18.4836 0.0305499
18.4976 0.0302312
18.5 0.0299523
18.5023 0.0297082
18.5047 0.0294947
18.5071 0.0294329
18.5095 0.0292538
18.5119 0.029097
18.526 0.0290849
18.5284 0.0290743
18.5308 0.02894
18.5332 0.0291975
18.5356 0.0294228
18.538 0.029495
18.5404 0.0296831
18.5529 0.0310977
18.5553 0.0308355
18.5577 0.0306061
18.5601 0.0305303
18.5625 0.030339
18.5649 0.0301716
18.5673 0.0301502
18.5798 0.0312564
18.5826 0.0310994
18.5849 0.0308369
18.5873 0.0307323
18.5897 0.0305158
18.5921 0.0304513
18.5945 0.0303949
18.5969 0.0302205
18.6079 0.029943
18.611 0.0298251
18.6134 0.029722
18.6158 0.0295067
18.6182 0.0294434
18.6206 0.0292629
18.623 0.0292301
18.6254 0.0292013
18.636 0.0290512
18.6391 0.0289198
18.6415 0.0288048
18.6439 0.0287042
18.6463 0.0286162
18.6488 0.0285391
18.6512 0.0288468
18.6536 0.0289909
18.6629 0.029992
18.666 0.029993
18.6687 0.0298689
18.6711 0.0298853
18.6735 0.0298996
18.6759 0.0297872
18.6783 0.0298138
18.6807 0.0297121
18.6898 0.030498
18.6929 0.0304358
18.6956 0.0303813
18.698 0.0302087
18.7004 0.0300576
18.7028 0.0299254
18.7052 0.0299347
18.7076 0.0298179
18.71 0.0298406
18.721 0.0299856
18.7541 0.0302374
18.765 0.0300827
18.7762 0.0298224
18.7786 0.0295946
18.7822 0.0293952
18.7931 0.0292208
18.8043 0.0290682
18.8067 0.0289347
18.8103 0.0288179
18.8212 0.0287156
18.8312 0.0298762
18.8336 0.0297667
18.8372 0.0299208
18.8481 0.0309307
18.8584 0.0316894
18.8608 0.0313532
18.8641 0.0313091
18.8749 0.0320204
18.8853 0.0326429
18.8877 0.0321875
18.8901 0.0319141
18.8925 0.0314248
18.903 0.0311217
18.9134 0.0307315
18.9158 0.0303901
18.9182 0.0300913
18.9206 0.0298299
18.9314 0.0296012
18.9415 0.029401
18.9438 0.0292259
18.9463 0.0290726
18.9487 0.0291886
18.9583 0.03029
18.9683 0.0311287
18.9707 0.0308626
18.9732 0.0307548
18.9756 0.0305355
18.9852 0.0313435
19.0402 0.0309256
19.0505 0.0305599
19.0671 0.0321149
19.0774 0.0327255
19.0942 0.0341348
19.1043 0.034493
19.1211 0.0356814
19.1312 0.0358462
19.1335 0.0349904
19.1492 0.0341166
19.1592 0.033352
19.1616 0.032683
19.1773 0.0320977
19.1873 0.0315854
19.1897 0.0311373
19.2042 0.0326201
19.2149 0.0331676
19.2173 0.0327716
19.2311 0.0339252
19.2418 0.0343095
19.2442 0.0337708
19.2582 0.0346745
19.2687 0.0349652
19.2711 0.0343445
19.2735 0.0336765
19.2866 0.0329669
19.2968 0.032346
19.2992 0.0318028
19.3016 0.0313274
19.3147 0.0309115
19.3249 0.0305476
19.3272 0.0302291
19.3296 0.0302005
19.3415 0.0314254
19.3517 0.0321222
19.3541 0.031857
19.3565 0.0314998
19.3684 0.0324374
19.3786 0.0330077
19.381 0.0326317
19.3834 0.0321778
19.3953 0.0330305
19.3977 0.0325267
19.4067 0.0319609
19.4094 0.0314658
19.4118 0.0310325
19.4234 0.0306535
19.4258 0.0303218
19.4348 0.0300316
19.4375 0.0297776
19.4519 0.0295554
19.4543 0.029486
19.4617 0.0303002
19.4644 0.0302627
19.4788 0.0316049
19.4812 0.0314043
19.4836 0.0314787
19.4886 0.0317939
19.4913 0.0315697
19.5057 0.0327484
19.5081 0.0324049
19.5109 0.0319793
19.5155 0.0319819
19.5182 0.0317341
19.5326 0.0328924
19.5349 0.0324058
19.5373 0.0319801
19.5397 0.0316076
19.5436 0.0311566
19.5462 0.0307621
19.5606 0.0304168
19.563 0.0302397
19.5654 0.0299597
19.5678 0.0297148
19.5716 0.0295004
19.5743 0.0293129
19.5887 0.0291488
19.5911 0.0290052
19.5935 0.0291295
19.5959 0.0292383
19.5985 0.0294585
19.6012 0.0295262
19.6156 0.0309604
19.618 0.0308404
19.6204 0.0306103
19.6228 0.030409
19.6254 0.0303579
19.6281 0.0303132
19.6428 0.031649
19.6452 0.0314429
19.6476 0.0311375
19.65 0.0309953
19.6524 0.0308709
19.6548 0.0306371
19.6572 0.0304324
19.6709 0.0301284
19.6733 0.0298623
19.6757 0.0296295
19.6781 0.0294258
19.6805 0.0292476
19.6829 0.0290917
19.6853 0.0289552
19.699 0.0289608
19.7014 0.0288407
19.7038 0.0287356
19.7062 0.0286437
19.7086 0.0285632
19.711 0.0288678
19.7134 0.0291343
19.7259 0.0304925
19.7283 0.030306
19.7307 0.0301427
19.7331 0.0301249
19.7355 0.0299843
19.7379 0.0298612
19.7403 0.0297536
19.7528 0.0309094
19.7552 0.0307957
19.7576 0.0305712
19.76 0.0303748
19.7624 0.030203
19.7648 0.0300526
19.7672 0.030046
19.7696 0.0299153
19.7809 0.0296759
19.7833 0.0294664
19.7857 0.0292831
19.788 0.0292477
19.7905 0.0290917
19.7929 0.0289553
19.7953 0.0288359
19.7977 0.0287314
19.8093 0.028765
19.8117 0.0286693
19.814 0.0287107
19.8164 0.0286218
19.8188 0.0285441
19.8212 0.0286011
19.8236 0.028526
19.826 0.0284602
19.8374 0.0299027
19.8798 0.0296648
19.8912 0.0305817
19.8935 0.030259
19.9067 0.0313516
19.918 0.0323077
19.9204 0.0318942
19.9336 0.0329074
19.936 0.032544
19.9461 0.031976
19.9485 0.031479
19.9617 0.0310441
19.9641 0.0306636
19.9742 0.0303307
19.9766 0.0300393
19.9898 0.0297844
19.9922 0.0295614
20.0026 0.0293662
20.005 0.0294454
20.0167 0.0307647
20.0191 0.0306691
20.0295 0.0314605
20.0319 0.0311529
20.0439 0.0321338
20.0463 0.0318671
20.0564 0.0325087
20.0588 0.0320701
20.0612 0.0318114
20.072 0.0313349
20.0744 0.0309181
20.0845 0.0305533
20.0868 0.0302341
20.0892 0.0299549
20.1 0.0298355
20.1024 0.0296061
20.1125 0.0294053
20.1149 0.0292296
20.1173 0.0290759
20.1281 0.0289415
20.1305 0.0290738
20.1394 0.0300645
20.1418 0.0299315
20.1442 0.02994
20.155 0.0309475
20.1574 0.0307041
20.1666 0.0313661
20.169 0.0310703
20.1714 0.0309365
20.1819 0.0316945
20.1843 0.0313577
20.1867 0.0310629
20.1947 0.0306801
20.197 0.0304701
20.1995 0.0301613
20.2102 0.0300161
20.2126 0.0297641
20.215 0.0296686
20.2227 0.02946
20.2251 0.0292775
20.2276 0.0291178
20.2384 0.0289781
20.2408 0.0288558
20.2432 0.0287489
20.2508 0.0286553
20.2532 0.0289483
20.2556 0.0290798
20.2653 0.0301948
20.2677 0.0300455
20.27 0.0300398
20.2777 0.0305348
20.2801 0.030468
20.2825 0.0302845
20.2922 0.0311239
20.2945 0.0308584
20.2969 0.0306261
20.3046 0.0310478
20.307 0.0307919
20.3094 0.0305679
20.3118 0.0303719
20.3202 0.0300754
20.3226 0.029816
20.325 0.029714
20.3327 0.0294997
20.3351 0.0294373
20.3375 0.0292576
20.3399 0.0291004
20.3483 0.0289629
20.3507 0.0288425
20.3531 0.0287372
20.3611 0.02877
20.3635 0.0286738
20.3659 0.0285896
20.3683 0.0286409
20.3752 0.0295608
20.3776 0.0294907
20.38 0.0294293
20.388 0.0301257
20.3904 0.029985
20.3928 0.0298618
20.4024 0.0303791
20.4048 0.0302067
20.4072 0.0301809
20.4149 0.0307833
20.4173 0.0305604
20.4197 0.0303653
20.4293 0.0311946
20.4317 0.0309203
20.4341 0.0310553
20.4867 0.0306734
20.4891 0.0304642
20.4922 0.0302812
20.5136 0.032371
20.516 0.0319496
20.5191 0.0317059
20.5405 0.0337427
20.5428 0.0331499
20.546 0.0328811
20.6226 0.032271
20.6495 0.0348621
20.6764 0.0372543
20.7033 0.0393476
20.7302 0.0411791
20.7326 0.0396567
20.7583 0.0381996
20.7607 0.0369247
20.7864 0.0358091
20.7888 0.034833
20.8133 0.0371038
20.8156 0.0360909
20.8401 0.0380795
20.8425 0.0369446
20.867 0.0388265
20.8694 0.0375982
20.8718 0.0365234
20.8951 0.035458
20.8975 0.0345257
20.8999 0.03371
20.9235 0.0329963
20.9259 0.0323717
20.9283 0.0319503
20.9504 0.0343315
20.9528 0.033665
20.9553 0.0332069
20.9773 0.035181
20.9797 0.0344084
20.9822 0.0338574
21.0046 0.0357502
21.007 0.0349064
21.0093 0.0342931
21.0117 0.0336315
21.033 0.0329275
21.0353 0.0324366
21.0377 0.031882
21.0401 0.0315218
21.061 0.0312065
21.0634 0.0308057
21.0658 0.030455
21.0683 0.0305231
21.0879 0.0325827
21.0907 0.0321349
21.0931 0.031868
21.0955 0.0316345
21.1148 0.0334302
21.1176 0.0330014
21.12 0.0325013
21.1224 0.0320636
21.1248 0.0316806
21.1429 0.0312206
21.1461 0.030943
21.1485 0.0307001
21.1508 0.0303626
21.1532 0.0301923
21.1713 0.0300432
21.1741 0.0297878
21.1765 0.0295644
21.1789 0.0293688
21.1813 0.0291977
21.1994 0.029048
21.2018 0.029167
21.2042 0.0292711
21.2066 0.0293622
21.2089 0.029442
21.2263 0.0313867
21.2287 0.0310884
21.2311 0.0309523
21.2334 0.0307083
21.2358 0.0304947
21.2535 0.0323079
21.2559 0.0318944
21.2582 0.0316576
21.2606 0.0313254
21.263 0.0311597
21.2654 0.0310148
21.2815 0.0306379
21.2839 0.0303082
21.2863 0.0300197
21.2887 0.0297672
21.2911 0.0295463
21.2935 0.029353
21.31 0.0293089
21.3124 0.0292703
21.3148 0.0291115
21.3172 0.0290976
21.3196 0.0293354
21.322 0.0294184
21.3369 0.0311161
21.3393 0.0308516
21.3417 0.0306202
21.3441 0.0305426
21.3465 0.0303498
21.3489 0.0301811
21.3638 0.0316584
21.3674 0.0315761
21.4188 0.0311291
21.4224 0.030738
21.4248 0.0303957
21.4469 0.0300963
21.4505 0.0298342
21.4529 0.029605
21.4749 0.0294043
21.4785 0.0292288
21.4809 0.0290752
21.503 0.0290658
21.5054 0.0293076
21.5078 0.0292691
21.5299 0.0317355
21.5323 0.0313935
21.5347 0.0310944
21.5568 0.0333326
21.5592 0.032916
21.5616 0.0324265
21.564 0.0319982
21.5849 0.0314984
21.5873 0.0310611
21.59 0.0306785
21.5924 0.0304687
21.613 0.0301601
21.6154 0.0298901
21.6181 0.0297788
21.6205 0.0295565
21.6399 0.0317369
21.6423 0.0315198
21.645 0.0312048
21.6474 0.0309292
21.6668 0.0328131
21.6692 0.0324614
21.672 0.0320287
21.6744 0.0317752
21.6936 0.0335533
21.696 0.0331091
21.6984 0.0325955
21.7008 0.032146
21.7032 0.0317528
21.7217 0.0312837
21.7241 0.0308732
21.7265 0.0305141
21.7289 0.0301998
21.7313 0.0299248
21.7502 0.0298092
21.7529 0.0295831
21.7561 0.0296352
21.8111 0.0294308
21.8135 0.0292519
21.8392 0.0290954
21.8416 0.0289585
21.8673 0.0288387
21.8697 0.0289839
21.8942 0.0319859
21.8966 0.0316126
21.9211 0.0341611
21.9234 0.0335159
21.9258 0.0329514
21.9491 0.0323325
21.9515 0.0317909
21.9539 0.0313171
21.9772 0.0309024
21.9796 0.0305396
21.982 0.0303472
22.0053 0.0300538
22.0077 0.0300471
22.0101 0.0301662
22.0322 0.0326454
22.0346 0.0321897
22.037 0.031791
22.0591 0.0339421
22.0615 0.0333244
22.0639 0.0327838
22.0663 0.0324358
22.0872 0.0318814
22.0896 0.0313962
22.092 0.0309717
22.0943 0.0306002
22.1153 0.0302752
22.1176 0.0299908
22.12 0.0298669
22.1225 0.0296336
22.1424 0.0319294
22.1448 0.0315632
22.1472 0.0313678
22.1496 0.0310718
22.1693 0.0330628
22.1717 0.032555
22.1741 0.0322356
22.1765 0.0318312
22.1962 0.0337273
22.1986 0.0331364
22.201 0.0327443
22.2034 0.0322763
22.2058 0.0318667
22.2243 0.0313834
22.2267 0.0309605
22.2291 0.0305904
22.2315 0.0302666
22.2339 0.0299833
22.2527 0.0297354
22.2551 0.0296434
22.2575 0.029438
22.2599 0.0295083
22.2623 0.0296947
22.2796 0.0317329
22.282 0.0315163
22.2844 0.0312017
22.2868 0.0309265
22.2892 0.0308107
22.3068 0.0324594
22.3092 0.0321519
22.3116 0.031758
22.314 0.0315382
22.3164 0.0313459
22.3188 0.0310527
22.3349 0.0306711
22.3373 0.0303372
22.3397 0.0300451
22.3421 0.0297894
22.3445 0.0295658
22.3469 0.02937
22.363 0.0291988
22.3654 0.0290489
22.3678 0.0289178
22.3702 0.0288031
22.373 0.0287027
22.3753 0.0287399
22.3899 0.0305224
22.3923 0.0304571
22.3947 0.0302749
22.3971 0.0302406
22.3998 0.0300855
22.4022 0.0300748
22.4168 0.0314405
22.4192 0.0312604
22.4216 0.0309779
22.424 0.0307306
22.4271 0.0306393
22.4295 0.0305594
22.4437 0.0318645
22.446 0.0316314
22.4484 0.0313025
22.4508 0.0310147
22.4532 0.0308878
22.4559 0.0305269
22.4583 0.030336
22.4717 0.030044
22.4743 0.0297885
22.4767 0.0295649
22.4791 0.0294943
22.4815 0.0293075
22.484 0.0292691
22.4864 0.0291104
22.4998 0.0289716
22.5032 0.0289752
22.5056 0.0289783
22.508 0.029231
22.5104 0.0294521
22.5128 0.0296456
22.5151 0.0298149
22.5267 0.031088
22.5301 0.031077
22.5325 0.0308174
22.5349 0.0305902
22.5372 0.0305165
22.5397 0.0303269
22.5423 0.030286
22.5536 0.0312503
22.5573 0.031219
22.5597 0.0309416
22.5621 0.0308239
22.5645 0.0307209
22.5669 0.0305058
22.5693 0.0304426
22.5717 0.0302623
22.5817 0.0299795
22.586 0.029732
22.5884 0.0296405
22.5908 0.0294355
22.5932 0.029381
22.5955 0.0293334
22.5979 0.0291667
22.6003 0.0291459
22.6098 0.0290027
22.6141 0.0290023
22.6165 0.028877
22.6188 0.0287674
22.6215 0.0286715
22.6239 0.0285875
22.6263 0.0288891
22.6286 0.029153
22.6367 0.0300088
22.641 0.0301327
22.6433 0.0299911
22.6457 0.0298672
22.6484 0.0298838
22.6508 0.0297734
22.6531 0.0298017
22.6555 0.0297015
22.6636 0.0303638
22.6679 0.0304433
22.6703 0.0303879
22.6727 0.0302144
22.6753 0.0301876
22.6776 0.0300392
22.68 0.0300343
22.6839 0.03003
22.7329 0.0297762
22.7353 0.0296792
22.7388 0.0294693
22.7443 0.0296606
22.761 0.0295781
22.7634 0.0293808
22.7669 0.0292082
22.7723 0.0290572
22.7895 0.028925
22.7919 0.0288094
22.795 0.0288332
22.8004 0.0287291
22.8176 0.0286379
22.82 0.0288082
22.8224 0.0290822
22.8273 0.0294469
22.8445 0.031266
22.8468 0.0309828
22.8492 0.0308599
22.8542 0.0310024
22.8713 0.0326271
22.8737 0.0321737
22.8761 0.031902
22.8785 0.0315393
22.8823 0.0310969
22.8994 0.0307098
22.9018 0.030371
22.9042 0.0300747
22.9066 0.0298153
22.9104 0.0295884
22.9275 0.0293899
22.9299 0.0292161
22.9323 0.0290641
22.9347 0.0289311
23.0435 0.0296897
23.0623 0.0314785
23.0718 0.0310437
23.0904 0.0306632
23.1002 0.0304553
23.1173 0.0323984
23.1271 0.0329736
23.1441 0.0343519
23.154 0.0346829
23.171 0.0358475
23.1734 0.0349916
23.1829 0.0341177
23.1991 0.0333529
23.2015 0.0326838
23.211 0.0320983
23.2274 0.0315861
23.2299 0.0311378
23.2391 0.0308706
23.2542 0.0325117
23.2568 0.0320728
23.2659 0.0325637
23.2811 0.0337432
23.2837 0.0331503
23.2928 0.0335065
23.3087 0.0346932
23.3111 0.0341066
23.3135 0.0335932
23.3209 0.0328941
23.3368 0.0322823
23.3392 0.031747
23.3416 0.0312787
23.349 0.0309938
23.3649 0.0306196
23.3673 0.0302921
23.3697 0.0300056
23.3759 0.0305049
23.3918 0.0319418
23.3942 0.0316991
23.3966 0.0313617
23.4028 0.0315665
23.4189 0.0329957
23.4214 0.0326212
23.4238 0.0321686
23.4304 0.0323975
23.4328 0.0320978
23.447 0.0317106
23.4495 0.0312468
23.4519 0.0308409
23.459 0.0306108
23.4614 0.0304094
23.4751 0.0301083
23.4779 0.0298447
23.4804 0.0297391
23.4871 0.0295217
23.4895 0.0293315
23.5035 0.0291651
23.5059 0.0292694
23.5083 0.0294858
23.514 0.029925
23.5168 0.0298094
23.5304 0.0312082
23.5328 0.0309322
23.5351 0.0308157
23.5412 0.0310887
23.5437 0.0309526
23.5573 0.0322086
23.5596 0.0318075
23.562 0.0315815
23.5644 0.0312589
23.5696 0.0308515
23.572 0.0306201
23.5856 0.0302926
23.588 0.030131
23.5904 0.0298646
23.5928 0.0296315
23.5977 0.0294276
23.6001 0.0292491
23.6137 0.029093
23.6161 0.0289564
23.6185 0.0288368
23.6209 0.0287322
23.6246 0.0291407
23.627 0.0292481
23.641 0.0307171
23.6434 0.0306275
23.6458 0.030424
23.6482 0.030371
23.6518 0.0304496
23.6542 0.0303934
23.6682 0.0317193
23.6705 0.0313793
23.6729 0.0310819
23.6753 0.0309467
23.6787 0.0308284
23.6811 0.0307248
23.6835 0.0305092
23.6963 0.0301956
23.6986 0.0299211
23.701 0.029806
23.7035 0.0295802
23.7071 0.0295077
23.7094 0.0293192
23.7118 0.0291543
23.7244 0.02901
23.7268 0.0288838
23.7292 0.0287733
23.7316 0.0286766
23.7351 0.0285921
23.7375 0.0285181
23.7399 0.0284533
23.7513 0.0298966
23.7537 0.0297846
23.7561 0.0298115
23.7584 0.02971
23.762 0.0298713
23.8158 0.0297624
23.8183 0.0295421
23.8207 0.0293493
23.8439 0.0291807
23.8464 0.0290331
23.8488 0.0289039
23.8723 0.0289159
23.8747 0.0291765
23.8775 0.0294044
23.8992 0.0321038
23.9016 0.0317159
23.9044 0.0315014
23.9261 0.0336887
23.9285 0.0331026
23.9309 0.0325898
23.9339 0.0321411
23.9542 0.0316234
23.9568 0.0311705
23.9592 0.0308992
23.962 0.0306618
23.983 0.0303291
23.9853 0.0301629
23.9877 0.0298926
23.9902 0.029656
24.0098 0.031824
24.0127 0.031596
24.0151 0.0313965
24.0175 0.0312219
24.037 0.0331942
24.0396 0.0327949
24.042 0.0323206
24.0444 0.0319055
24.0639 0.0336673
24.0663 0.0330839
24.0688 0.0325734
24.0712 0.0322517
24.0735 0.0318453
24.0921 0.0314896
24.0945 0.0310534
24.0971 0.0307967
24.0995 0.0304471
24.1019 0.0301412
24.1204 0.0298736
24.1228 0.0296394
24.1252 0.0294345
24.1276 0.0295052
24.13 0.029567
24.1473 0.0316211
24.1497 0.0312935
24.1521 0.0311318
24.1545 0.0308653
24.1573 0.0307572
24.1744 0.0325375
24.1768 0.0320953
24.1792 0.0318334
24.1816 0.0314792
24.184 0.0312943
24.1866 0.0310075
24.2026 0.0306316
24.2051 0.0304276
24.2075 0.0301242
24.2101 0.0299837
24.2125 0.0297357
24.2153 0.0296437
24.2309 0.0294383
24.2337 0.0292585
24.2361 0.0292262
24.2385 0.0290729
24.2409 0.0289388
24.2438 0.0288214
24.258 0.0304688
24.2611 0.0305352
24.2635 0.0304683
24.2659 0.0302847
24.2683 0.0302491
24.271 0.030218
24.2848 0.0315657
24.2883 0.031495
24.2907 0.0311832
24.293 0.0310353
24.2954 0.0309058
24.2979 0.0306676
24.3119 0.0319592
24.3147 0.0317143
24.3172 0.031375
24.3196 0.0310781
24.322 0.0308183
24.3244 0.0305911
24.3268 0.0303922
24.3403 0.0302181
24.3431 0.0300659
24.3455 0.0298076
24.3479 0.0295817
24.3504 0.029384
24.3528 0.029211
24.3552 0.0291846
24.3684 0.0290365
24.3712 0.028907
24.3736 0.0287936
24.376 0.0289444
24.3783 0.0292013
24.3807 0.0293012
24.3831 0.0295135
24.3953 0.0308243
24.3981 0.0307213
24.4005 0.0305061
24.4028 0.0303179
24.4052 0.0302781
24.4076 0.0301184
24.41 0.0301036
24.4222 0.0312156
24.4256 0.0310637
24.428 0.0309307
24.4304 0.0308144
24.4328 0.0307126
24.4352 0.0306235
24.4376 0.0305456
24.44 0.0303524
24.4503 0.0300583
24.4537 0.029801
24.4561 0.0295759
24.4585 0.0293789
24.4609 0.0292065
24.4633 0.0290557
24.4657 0.0289238
24.4681 0.0289333
24.4784 0.0288166
24.4818 0.0287146
24.4842 0.0286252
24.4866 0.0285471
24.489 0.0284787
24.4914 0.0284189
24.4938 0.0286165
24.4962 0.0289144
24.5056 0.0299251
24.5087 0.0299345
24.5111 0.0299427
24.5135 0.0298248
24.516 0.0297217
24.5184 0.0297565
24.5207 0.029662
24.5231 0.0297042
24.5325 0.0304912
24.5356 0.0304298
24.538 0.0302511
24.5404 0.0300947
24.5428 0.0299578
24.5452 0.0299631
24.5476 0.0298427
24.55 0.0298624
24.5524 0.0297546
24.5608 0.0295353
24.5637 0.0293434
24.5665 0.0293004
24.6179 0.0292629
24.6203 0.029105
24.6227 0.0289669
24.625 0.028971
24.6459 0.0288496
24.6483 0.0287434
24.6507 0.0286505
24.6531 0.0285692
24.6743 0.028623
24.6767 0.0285452
24.6791 0.028602
24.6815 0.0285268
24.7024 0.0284609
24.7048 0.0286533
24.7071 0.0289466
24.7095 0.0290783
24.7293 0.0314435
24.7316 0.0311381
24.734 0.0309958
24.7364 0.0307463
24.7561 0.032778
24.7585 0.0323058
24.7609 0.0318926
24.7633 0.031531
24.7657 0.0312146
24.7845 0.0308128
24.787 0.0304612
24.7894 0.0302785
24.7918 0.0299937
24.7942 0.0298695
24.8126 0.0296358
24.8151 0.0295563
24.8175 0.0293618
24.8199 0.0291916
24.8223 0.0294176
24.8395 0.0313654
24.842 0.0310697
24.8444 0.030811
24.8471 0.0307096
24.8495 0.0306209
24.8664 0.0322933
24.8688 0.0318817
24.8713 0.0316464
24.874 0.0313156
24.8764 0.0310262
24.8788 0.0307729
24.8945 0.0304263
24.8969 0.030123
24.8993 0.0298576
24.9024 0.0297504
24.9048 0.0295316
24.9072 0.0294652
24.9226 0.029282
24.925 0.0292468
24.9274 0.0290909
24.9309 0.0289546
24.9332 0.0289602
24.9356 0.0288402
24.9506 0.0287352
24.953 0.0290183
24.9554 0.029141
24.9578 0.0292484
24.9602 0.0293423
24.9626 0.0292995
24.9775 0.0308871
24.9802 0.0307762
24.9826 0.0305542
24.985 0.0304849
24.9874 0.0304243
24.9898 0.0302463
25.0044 0.0317155
25.0071 0.031501
25.0095 0.0311884
25.0122 0.0310399
25.015 0.0309099
25.0174 0.0307961
25.0198 0.0306966
25.0328 0.0303595
25.0351 0.0300646
25.0375 0.0298065
25.0403 0.0295807
25.0431 0.0293831
25.0455 0.0292102
25.0479 0.029059
25.0608 0.0289266
25.0632 0.0288108
25.0657 0.0287094
25.0684 0.0286207
25.0708 0.0287931
25.0732 0.028944
25.0756 0.029076
25.0877 0.0304415
25.0901 0.0303863
25.0928 0.030213
25.0984 0.0301864
25.1008 0.0301631
25.1032 0.0301427
25.1146 0.0312499
25.117 0.0310936
25.1197 0.0308319
25.1253 0.0311029
25.1278 0.0308401
25.1302 0.0309851
25.1329 0.0311119
25.1353 0.0312229
25.1429 0.0308201
25.1453 0.0304676
25.1478 0.0301591
25.1534 0.0298892
25.1559 0.0296531
25.1583 0.0294464
25.161 0.0292656
25.1634 0.0291074
25.1709 0.028969
25.1734 0.0288479
25.1758 0.0287419
25.1817 0.0286492
25.1841 0.028693
25.1866 0.0286064
25.189 0.0286556
25.1914 0.0285736
25.1978 0.0292519
25.2003 0.0293454
25.2027 0.0293023
25.2086 0.0297645
25.211 0.0297939
25.2135 0.0296947
25.2159 0.0296078
25.2183 0.0295319
25.2262 0.0302154
25.2721 0.0299385
25.2804 0.0304461
25.2828 0.0301404
25.2992 0.0316228
25.3073 0.032045
25.3097 0.0316644
25.3262 0.0332063
25.3286 0.0326805
25.3354 0.0320955
25.3381 0.0317085
25.3543 0.031245
25.3567 0.0308393
25.3635 0.0304844
25.3663 0.0301739
25.3829 0.0299021
25.3853 0.0297894
25.3916 0.0295657
25.3939 0.02962
25.4098 0.0312925
25.4122 0.0311309
25.4184 0.0313646
25.4208 0.031069
25.437 0.0325604
25.4394 0.0322403
25.4453 0.0323353
25.4477 0.0319184
25.4501 0.0316786
25.4657 0.0313437
25.4681 0.0310508
25.4734 0.0306694
25.4758 0.0303358
25.4782 0.0300438
25.4938 0.0297883
25.4962 0.0295648
25.5018 0.0293692
25.5042 0.029323
25.5066 0.0291576
25.5219 0.0290129
25.5243 0.0292613
25.5287 0.0296037
25.5311 0.0296532
25.5335 0.0295715
25.5491 0.0312501
25.5514 0.0310938
25.5556 0.0310821
25.558 0.0308218
25.5604 0.0305941
25.5759 0.0320199
25.5784 0.0316424
25.5808 0.0313121
25.5837 0.0308981
25.5861 0.0306608
25.5884 0.0303282
25.6436 0.0300372
25.6594 0.0297825
25.6705 0.0306847
25.6863 0.0322241
25.6974 0.0329461
25.7132 0.0342028
25.7246 0.0346775
25.7404 0.0357178
25.7428 0.0348781
25.7527 0.0340183
25.7685 0.033266
25.7709 0.0326078
25.7807 0.0320318
25.7966 0.0315278
25.7989 0.0310868
25.8076 0.031826
25.8234 0.0332227
25.8258 0.0326949
25.8345 0.033108
25.8503 0.0343445
25.8527 0.0336765
25.8614 0.0339669
25.8772 0.035096
25.8796 0.034334
25.882 0.0337923
25.8895 0.0330682
25.9053 0.0324347
25.9077 0.0318804
25.9101 0.0313953
25.9176 0.0309709
25.9334 0.0305995
25.9358 0.0302746
25.9382 0.0303653
25.9445 0.0308196
25.9603 0.0323422
25.9627 0.0319244
25.9651 0.0316838
25.9714 0.0318484
25.9872 0.0332423
25.9896 0.032712
25.992 0.032248
25.9983 0.032342
26.0006 0.0319243
26.0156 0.0314337
26.018 0.0310045
26.0204 0.0307539
26.0263 0.0304097
26.0287 0.0301085
26.0437 0.0298449
26.0461 0.0297393
26.0484 0.0295219
26.0545 0.0293317
26.0569 0.0291652
26.0706 0.0307696
26.0729 0.0305484
26.0753 0.0303548
26.0814 0.0306855
26.0838 0.0304748
26.0981 0.0319154
26.1005 0.031676
26.1029 0.0314665
26.1083 0.0316582
26.1106 0.0313259
26.125 0.0326602
26.1274 0.0322027
26.1298 0.0318023
26.1322 0.031577
26.1366 0.0311299
26.1394 0.0308637
26.1531 0.0305057
26.1555 0.0301925
26.1579 0.0299184
26.1603 0.0296786
26.1647 0.0294688
26.1675 0.0292852
26.1815 0.0291245
26.1839 0.028984
26.1863 0.028986
26.1887 0.0292377
26.1916 0.029458
26.1944 0.0295258
26.2084 0.03096
26.2108 0.030715
26.2132 0.0306257
26.2156 0.0304224
26.2185 0.0303696
26.2213 0.0303234
26.2353 0.031658
26.2377 0.0313258
26.2401 0.03116
26.2425 0.03089
26.2454 0.0307788
26.2478 0.0305564
26.2502 0.0303619
26.2634 0.0300666
26.267 0.0300583
26.3184 0.029801
26.322 0.0297009
26.3244 0.0294883
26.3465 0.0293022
26.3501 0.0291395
26.3525 0.028997
26.3748 0.0288724
26.3784 0.0287634
26.3808 0.0286679
26.4029 0.0285844
26.4053 0.0288864
26.4077 0.0289006
26.4298 0.031413
26.4322 0.0312364
26.4346 0.0309568
26.4567 0.0332122
26.4591 0.0328107
26.4615 0.0323344
26.4639 0.0319176
26.4848 0.0314279
26.4872 0.0309994
26.4896 0.0306245
26.4919 0.0302964
26.5129 0.0300094
26.5152 0.0297582
26.5176 0.0295384
26.52 0.0294711
26.5397 0.0317872
26.5421 0.0315638
26.5445 0.0312433
26.5469 0.0309629
26.5666 0.0328426
26.569 0.0324872
26.5714 0.0320513
26.5742 0.0317949
26.5935 0.0336955
26.5959 0.0331086
26.5983 0.032595
26.6007 0.0321456
26.6031 0.0317524
26.6216 0.0312834
26.624 0.030873
26.6264 0.0305138
26.6288 0.0301996
26.6312 0.0299247
26.6497 0.0296841
26.6521 0.0295986
26.6545 0.0293987
26.6569 0.0294739
26.6593 0.0296647
26.6766 0.0315816
26.679 0.0312589
26.6814 0.0309765
26.6838 0.0307295
26.6861 0.0306383
26.7035 0.0323085
26.7059 0.0318949
26.7083 0.0316581
26.7106 0.0313258
26.713 0.0311601
26.7154 0.0308901
26.7316 0.0305288
26.7339 0.0302127
26.7363 0.0299361
26.7387 0.0296941
26.7411 0.0294823
26.7435 0.029297
26.7596 0.0291349
26.762 0.0291181
26.7644 0.0289783
26.7668 0.028856
26.7692 0.028749
26.7716 0.0286554
26.7865 0.0304485
26.7889 0.0302674
26.7913 0.030109
26.7937 0.0299704
26.7961 0.0299741
26.7988 0.0298523
26.8137 0.0313708
26.8161 0.0311994
26.8185 0.0310495
26.8209 0.0307933
26.8257 0.0305691
26.8409 0.031998
26.8433 0.0317482
26.8456 0.0314047
26.848 0.0312291
26.8504 0.0310755
26.8538 0.030691
26.8562 0.0307297
26.869 0.0303885
26.8713 0.0300899
26.8737 0.0298287
26.8761 0.0296001
26.8785 0.0294001
26.8819 0.0292251
26.8843 0.0290719
26.897 0.0290629
26.8994 0.0289301
26.9018 0.0288138
26.9042 0.0287121
26.9066 0.0288731
26.909 0.0290139
26.9114 0.0291372
26.9239 0.03037
26.9263 0.0301988
26.9287 0.0300489
26.9311 0.0300428
26.9335 0.0299125
26.9359 0.0297984
26.9383 0.0298236
26.9508 0.0309707
26.9532 0.0308493
26.9556 0.0306182
26.958 0.0304159
26.9604 0.0302389
26.9628 0.030084
26.9652 0.0300735
26.9675 0.0299393
26.9792 0.0298219
26.9816 0.0295942
26.984 0.0293949
26.9864 0.0293455
26.9888 0.0291774
26.9912 0.0291552
26.9935 0.0290108
26.9959 0.0288844
27.0073 0.0287739
27.0097 0.0286771
27.0121 0.0287175
27.0145 0.0286278
27.0169 0.0285493
27.0193 0.0284807
27.0217 0.0284206
27.0241 0.028743
27.0342 0.0300251
27.0366 0.029897
27.039 0.0297849
27.0413 0.0296868
27.0438 0.0296009
27.0465 0.0296508
27.0489 0.0295694
27.0513 0.0296233
27.132 0.0296704
27.1418 0.0304616
27.1442 0.0301539
27.1589 0.0300096
27.1687 0.0307584
27.1711 0.0306636
27.1858 0.0319557
27.1882 0.0317112
27.1968 0.0312473
27.1992 0.0308414
27.2139 0.0304862
27.2163 0.0301754
27.2249 0.0299035
27.2272 0.0296656
27.242 0.0294574
27.2444 0.0292752
27.2532 0.0292408
27.256 0.0294607
27.2689 0.0309031
27.2713 0.0307902
27.2801 0.0314414
27.2829 0.0311363
27.2958 0.0322442
27.2982 0.0319637
27.307 0.0324682
27.3098 0.0320347
27.3122 0.0317804
27.3239 0.0313078
27.3262 0.0308943
27.3351 0.0305326
27.3382 0.030341
27.3406 0.0300484
27.3543 0.0297923
27.3632 0.0295683
27.3663 0.0293722
27.3687 0.0292007
27.3824 0.0290506
27.3848 0.0291693
27.3901 0.0300231
27.3932 0.0300202
27.3956 0.0298927
27.4093 0.0312811
27.4117 0.030996
27.4172 0.0312465
27.4201 0.0310907
27.4225 0.0308293
27.4362 0.0321007
27.4386 0.0317131
27.4441 0.0318739
27.4465 0.0315147
27.449 0.0310754
27.4514 0.0308159
27.4643 0.030464
27.4667 0.030156
27.4726 0.0298865
27.4749 0.0296507
27.4773 0.0295693
27.4797 0.0293732
27.4927 0.0292015
27.4951 0.0291763
27.5006 0.0290293
27.5556 0.0289006
27.558 0.028913
27.5825 0.0315489
27.5849 0.0312303
27.6097 0.0337015
27.6121 0.0332388
27.6145 0.032834
27.6378 0.0322297
27.6402 0.031701
27.6426 0.0312384
27.6659 0.0308336
27.6695 0.0306044
27.7269 0.0302788
27.7552 0.030119
27.7833 0.0298541
27.8105 0.0329973
27.8374 0.0356227
27.8643 0.0379198
27.8667 0.0368049
27.8924 0.0357043
27.8947 0.0347412
27.9204 0.0338986
27.9228 0.0331612
27.9485 0.0325161
27.9509 0.0322016
27.9757 0.0348014
27.9781 0.0342012
28.003 0.0364261
28.0054 0.0356228
28.0078 0.0347949
28.0311 0.0340706
28.0335 0.0333118
28.0359 0.0326478
28.0594 0.0320668
28.0618 0.0315585
28.0642 0.0312387
28.0864 0.0337088
28.0887 0.0331202
28.0911 0.0327302
28.1132 0.0347639
28.1156 0.0340434
28.1181 0.033538
28.1408 0.0354707
28.1432 0.0347869
28.1456 0.0341885
28.148 0.03354
28.1689 0.0328475
28.1713 0.0322415
28.1737 0.0317113
28.176 0.0313724
28.197 0.0310759
28.1994 0.0306914
28.2018 0.030355
28.2042 0.0304356
28.2246 0.0326311
28.2269 0.0321773
28.2293 0.0319051
28.2317 0.031667
28.2514 0.0335836
28.2538 0.0330106
28.2562 0.0326343
28.2586 0.03218
28.2807 0.0317825
28.2831 0.0315597
28.2855 0.0312397
28.2879 0.0309598
28.3088 0.0305898
28.3112 0.0306411
28.3136 0.0305609
28.316 0.0304908
28.3184 0.0305545
28.3373 0.0303602
28.3396 0.0300651
28.342 0.029932
28.3444 0.0300655
28.3468 0.0301823
28.3641 0.0321595
28.3665 0.0317646
28.369 0.031419
28.3714 0.0311166
28.3737 0.0308521
28.391 0.0326205
28.3934 0.032168
28.3959 0.031772
28.3982 0.0315505
28.4006 0.0312317
28.403 0.0310777
28.4191 0.030693
28.4215 0.0303564
28.4239 0.0300618
28.4266 0.0298041
28.429 0.0297036
28.4314 0.0294906
28.4472 0.0293043
28.4496 0.0291413
28.452 0.0291236
28.4547 0.0289832
28.4571 0.0288603
28.4595 0.0287527
28.4741 0.0305336
28.4765 0.0303419
28.4789 0.0301742
28.4816 0.0300274
28.484 0.030024
28.4864 0.029896
28.501 0.031284
28.5034 0.0309985
28.5058 0.0307487
28.5085 0.0306551
28.5109 0.0304482
28.5133 0.0302672
28.5279 0.0316088
28.5303 0.0314077
28.5327 0.0311067
28.535 0.0309684
28.5374 0.0307223
28.5398 0.030507
28.5422 0.0303187
28.556 0.0300288
28.5584 0.0297752
28.5607 0.0295533
28.5631 0.0293592
28.5655 0.0291893
28.5679 0.0290406
28.5703 0.0289105
28.584 0.0289217
28.5864 0.0288065
28.5888 0.0287057
28.5914 0.0289925
28.5938 0.0291184
28.5962 0.0293536
28.5986 0.0295594
28.6109 0.0308645
28.6133 0.0306314
28.616 0.0305525
28.6184 0.0304834
28.6208 0.030298
28.6232 0.0302608
28.6256 0.0301032
28.6378 0.0312153
28.6402 0.0310634
28.6429 0.0308054
28.6453 0.0305798
28.6477 0.0303823
28.6501 0.0303345
28.6525 0.0301677
28.6549 0.0300217
28.6659 0.029769
28.6683 0.0295479
28.671 0.0293544
28.6734 0.0291851
28.6758 0.029037
28.6782 0.0289073
28.6806 0.0287939
28.6834 0.0288197
28.694 0.0287172
28.6964 0.0286276
28.6991 0.0286741
28.7015 0.0285899
28.7039 0.0285161
28.7062 0.0284516
28.7086 0.0286452
28.711 0.0289395
28.7209 0.0299471
28.7234 0.0299537
28.726 0.0298345
28.7284 0.0297302
28.7307 0.0296389
28.7331 0.029684
28.7355 0.0295985
28.7379 0.0295237
28.7478 0.0303332
28.7503 0.0302916
28.7529 0.0301301
28.7552 0.0301139
28.7576 0.0299746
28.76 0.0299778
28.7624 0.0298556
28.7648 0.0297486
28.7747 0.0306551
28.8179 0.0303232
28.8203 0.0301578
28.8299 0.0298881
28.8323 0.029652
28.8463 0.0295705
28.8487 0.0293742
28.8584 0.0293274
28.8608 0.0291615
28.8744 0.0290163
28.8768 0.0288893
28.8865 0.0287781
28.8889 0.0286809
28.9025 0.0285957
28.9049 0.0287713
28.9134 0.0297999
28.9158 0.0296999
28.9294 0.0311124
28.9318 0.0308484
28.9403 0.0314923
28.9427 0.0311808
28.9563 0.0324082
28.9587 0.0319821
28.9611 0.0317344
28.9684 0.0312676
28.9708 0.0308591
28.9844 0.0305017
28.9868 0.030189
28.9891 0.0299154
28.9965 0.029676
28.9988 0.0294665
29.0128 0.0292832
29.0155 0.0292478
29.0179 0.0290918
29.0247 0.0289553
29.0271 0.0292109
29.0397 0.0306845
29.0424 0.030599
29.0448 0.0303991
29.0529 0.0309742
29.1081 0.0307274
29.1105 0.0303865
29.1362 0.0300882
29.1386 0.0298272
29.1642 0.0295988
29.1666 0.0296489
29.1914 0.0325678
29.1938 0.0321218
29.2187 0.0346066
29.2211 0.0340308
29.2235 0.0335269
29.2468 0.0328361
29.3054 0.0322316
29.3335 0.0317026
29.3616 0.0312398
29.3896 0.0308348
29.4165 0.0338555
29.4434 0.0363735
29.4703 0.0385768
29.4727 0.0373797
29.4984 0.0362073
29.5008 0.0351814
29.5265 0.0342837
29.5289 0.0334982
29.5546 0.0328109
29.557 0.0324596
29.5817 0.0350271
29.5841 0.0343987
29.6089 0.0365989
29.6113 0.035774
29.6137 0.0349273
29.6371 0.0341864
29.6395 0.0334131
29.6419 0.0327364
29.6652 0.0321444
29.6676 0.0316263
29.6701 0.031298
29.6921 0.0337608
29.6945 0.0331657
29.697 0.032645
29.719 0.0346894
29.7217 0.0339782
29.7241 0.0334809
29.7459 0.0354208
29.7486 0.0346182
29.751 0.0339159
29.7534 0.0333014
29.774 0.0326388
29.7771 0.0321839
29.7795 0.0317859
29.7819 0.0313127
29.8023 0.0310236
29.8055 0.0306456
29.8079 0.0303149
29.8103 0.0304006
29.8292 0.0326005
29.8324 0.0322754
29.8348 0.031866
29.8372 0.0316328
29.8565 0.0334287
29.8593 0.0330001
29.8616 0.0325001
29.8641 0.0321876
29.8834 0.0339141
29.8858 0.0332998
29.8894 0.0328874
29.9445 0.0322764
29.9469 0.0317419
29.9728 0.0312742
29.9752 0.0309899
30.0011 0.0307411
30.0035 0.0303985
30.0292 0.0300987
30.0316 0.0300864
