0.242217 1
0.242217 1441
0.287149 2881
0.287149 4321
0.333234 5761
0.333234 7201
0.333234 8641
0.379319 10081
0.379319 11521
0.379319 12961
0.424209 14401
0.424209 15841
0.424209 17281
0.426599 18721
0.426599 20161
0.426599 21601
0.470293 23041
0.470293 24481
0.470293 25921
0.472684 27361
0.472684 28801
0.472684 30241
0.475074 31681
0.475074 33121
0.475074 34561
0.516378 36001
0.516378 37441
0.516378 38881
0.518769 40321
0.518769 41761
0.518769 43201
0.521159 44641
0.521159 46081
0.521159 47521
0.523549 48961
0.523549 50401
0.523549 51841
0.561268 53281
0.561268 54721
0.561268 56161
0.563658 57601
0.563658 59041
0.563658 60481
0.566049 61921
0.566049 63361
0.566049 64801
0.568439 66241
0.568439 67681
0.568439 69121
0.570829 70561
0.570829 72001
0.570829 73441
0.57322 74881
0.57322 76321
0.57322 77761
0.606157 79201
0.606157 80641
0.606157 82081
0.608548 83521
0.608548 84961
0.608548 86401
0.610938 87841
0.610938 89281
0.610938 90721
0.613328 92161
0.613328 93601
0.613328 95041
0.615719 96481
0.615719 97921
0.615719 99361
0.618109 100801
0.618109 102241
0.618109 103681
0.6205 105121
0.6205 106561
0.6205 108001
0.62289 109441
0.62289 110881
0.62289 112321
0.62528 113761
0.62528 115201
0.62528 116641
0.651047 118081
0.651047 119521
0.651047 120961
0.653437 122401
0.653437 123841
0.653437 125281
0.655828 126721
0.655828 128161
0.655828 129601
0.658218 131041
0.658218 132481
0.658218 133921
0.660608 135361
0.660608 136801
0.660608 138241
0.662999 139681
0.662999 141121
0.662999 142561
0.665389 144001
0.665389 145441
0.665389 146881
0.66778 148321
0.66778 149761
0.66778 151201
0.67017 152641
0.67017 154081
0.67017 155521
0.67256 156961
0.67256 158401
0.67256 159841
0.674951 161281
0.674951 162721
0.674951 164161
0.677341 165601
0.677341 167041
0.677341 168481
0.679732 169921
0.679732 171361
0.679732 172801
0.682122 174241
0.682122 175681
0.682122 177121
0.697399 178561
0.697399 180001
0.697399 181441
0.699789 182881
0.699789 184321
0.699789 185761
0.70218 187201
0.70218 188641
0.70218 190081
0.70457 191521
0.70457 192961
0.70457 194401
0.70696 195841
0.70696 197281
0.70696 198721
0.709351 200161
0.709351 201601
0.709351 203041
0.711741 204481
0.711741 205921
0.711741 207361
0.714132 208801
0.714132 210241
0.714132 211681
0.716522 213121
0.716522 214561
0.716522 216001
0.718912 217441
0.718912 218881
0.718912 220321
0.721303 221761
0.721303 223201
0.721303 224641
0.723693 226081
0.723693 227521
0.723693 228961
0.726084 230401
0.726084 231841
0.726084 233281
0.728474 234721
0.728474 236161
0.728474 237601
0.730864 239041
0.730864 240481
0.730864 241921
0.733255 243361
0.733255 244801
0.733255 246241
0.735645 247681
0.735645 249121
0.735645 250561
0.738036 252001
0.738036 253441
0.738036 254881
0.74071 256321
0.74071 257761
0.74071 259201
0.7431 260641
0.7431 262081
0.7431 263521
0.745491 264961
0.745491 266401
0.745491 267841
0.747881 269281
0.747881 270721
0.747881 272161
0.750271 273601
0.750271 275041
0.750271 276481
0.752662 277921
0.752662 279361
0.752662 280801
0.755052 282241
0.755052 283681
0.755052 285121
0.757443 286561
0.757443 288001
0.757443 289441
0.759833 290881
0.759833 292321
0.759833 293761
0.762223 295201
0.762223 296641
0.762223 298081
0.764614 299521
0.764614 300961
0.764614 302401
0.767004 303841
0.767004 305281
0.767004 306721
0.769395 308161
0.769395 309601
0.769395 311041
0.771785 312481
0.771785 313921
0.771785 315361
0.774175 316801
0.774175 318241
0.774175 319681
0.776566 321121
0.776566 322561
0.776566 324001
0.778956 325441
0.778956 326881
0.778956 328321
0.781347 329761
0.781347 331201
0.781347 332641
0.783737 334081
0.783737 335521
0.783737 336961
0.786127 338401
0.786127 339841
0.786127 341281
0.788518 342721
0.788518 344161
0.788518 345601
0.790908 347041
0.790908 348481
0.790908 349921
0.793299 351361
0.793299 352801
0.793299 354241
0.795689 355681
0.795689 357121
0.795689 358561
0.798079 360001
0.798079 361441
0.798079 362881
0.80047 364321
0.80047 365761
0.80047 367201
0.80286 368641
0.80286 370081
0.80286 371521
0.805251 372961
0.805251 374401
0.805251 375841
0.807641 377281
0.807641 378721
0.807641 380161
0.810031 381601
0.810031 383041
0.810031 384481
0.814812 385921
0.814812 387361
0.814812 388801
0.814812 390241
0.814812 391681
0.817203 393121
0.817203 394561
0.817203 396001
0.819593 397441
0.819593 398881
0.819593 400321
0.821983 401761
0.821983 403201
0.821983 404641
0.824374 406081
0.824374 407521
0.824374 408961
0.826764 410401
0.826764 411841
0.826764 413281
0.829155 414721
0.829155 416161
0.829155 417601
0.831545 419041
0.831545 420481
0.831545 421921
0.833935 423361
0.833935 424801
0.833935 426241
0.836326 427681
0.836326 429121
0.836326 430561
0.838716 432001
0.838716 433441
0.838716 434881
0.841106 436321
0.841106 437761
0.841106 439201
0.843497 440641
0.843497 442081
0.843497 443521
0.845887 444961
0.845887 446401
0.845887 447841
0.848278 449281
0.848278 450721
0.848278 452161
0.850668 453601
0.850668 455041
0.850668 456481
0.853058 457921
0.853058 459361
0.853058 460801
0.855449 462241
0.855449 463681
0.855449 465121
0.857839 466561
0.857839 468001
0.857839 469441
0.86023 470881
0.86023 472321
0.86023 473761
0.86262 475201
0.86262 476641
0.86262 478081
0.86501 479521
0.86501 480961
0.86501 482401
0.867401 483841
0.867401 485281
0.867401 486721
0.869791 488161
0.869791 489601
0.869791 491041
0.872182 492481
0.872182 493921
0.872182 495361
0.875498 496801
0.875498 498241
0.875498 499681
0.876694 501121
0.877889 331201
0.948406 501121
0.948406 502561
0.949601 504001
0.950796 505441
0.951991 506881
0.954396 508321
0.955592 509761
0.956787 426241
0.956787 427681
0.956787 509761
0.956787 511201
0.957982 512641
0.959177 514081
0.960372 515521
0.961568 516961
0.962763 518401
0.963958 519841
0.965153 521281
0.966348 522721
0.967544 524161
0.968739 525601
0.969934 527041
0.971129 528481
0.972324 529921
0.97352 531361
0.974715 532801
0.97712 534241
0.978315 535681
0.979511 453601
0.979511 455041
0.979511 535681
0.979511 537121
0.980706 538561
0.981901 540001
0.983096 541441
0.984291 542881
0.985487 544321
0.986682 545761
0.987877 547201
0.989072 548641
0.990267 550081
0.991463 551521
0.992658 552961
0.993853 554401
0.995048 555841
0.996243 557281
0.997439 476641
0.997439 478081
0.997439 557281
0.997439 558721
0.998634 560161
0.999829 561601
1.00102 563041
1.00222 564481
1.00341 565921
1.00461 567361
1.0058 568801
1.007 570241
1.0082 571681
1.00939 573121
1.01059 574561
1.01178 576001
1.01298 577441
1.01417 426241
1.01417 577441
1.01417 578881
1.01537 580321
1.01656 581761
1.01776 583201
1.01895 584641
1.02015 586081
1.02134 587521
1.02252 453601
1.02252 587521
1.02252 588961
1.02372 590401
1.02491 591841
1.02611 593281
1.0273 594721
1.0285 596161
1.02969 597601
1.03089 599041
1.03208 600481
1.03328 601921
1.03447 603361
1.03567 604801
1.03687 606241
1.03806 607681
1.03926 609121
1.04045 610561
1.04165 612001
1.04284 613441
1.04404 614881
1.04522 476641
1.04522 614881
1.04522 616321
1.04641 617761
1.04761 619201
1.0488 620641
1.05 622081
1.05119 623521
1.05239 624961
1.05358 626401
1.05478 627841
1.05597 629281
1.05717 630721
1.05836 632161
1.05956 633601
1.06075 635041
1.06195 636481
1.06314 637921
1.06672 639361
1.06672 640801
1.06672 642241
1.06911 643681
1.06911 645121
1.0715 646561
1.0715 648001
1.07389 649441
1.07389 650881
1.07629 652321
1.07749 653761
1.07868 568801
1.11787 609121
1.11787 610561
1.11907 653761
1.11907 655201
1.12026 656641
1.12146 658081
1.12265 659521
1.12385 660961
1.12504 662401
1.12624 663841
1.12743 665281
1.12863 666721
1.12982 668161
1.13102 669601
1.13221 671041
1.13341 672481
1.1346 673921
1.1358 675361
1.13699 676801
1.13819 678241
1.13939 679681
1.14058 681121
1.14178 682561
1.14297 684001
1.14417 685441
1.14536 686881
1.14656 688321
1.14775 689761
1.14893 609121
1.14893 689761
1.14893 691201
1.16276 692641
1.16515 694081
1.16515 695521
1.16754 696961
1.16754 698401
1.16993 699841
1.16993 701281
1.17232 702721
1.17232 704161
1.17471 705601
1.17471 707041
1.1771 708481
1.1771 709921
1.17949 711361
1.17949 712801
1.18188 714241
1.18188 715681
1.18427 717121
1.18427 718561
1.18667 720001
1.18667 721441
1.18906 722881
1.18906 724321
1.19145 725761
1.19145 727201
1.19384 728641
1.20765 730081
1.20765 731521
1.20765 732961
1.21124 734401
1.21124 735841
1.21363 737281
1.21363 738721
1.21602 740161
1.21602 741601
1.21841 743041
1.21841 744481
1.2208 745921
1.2208 747361
1.22319 748801
1.22319 750241
1.22558 751681
1.22558 753121
1.22797 754561
1.22797 756001
1.23036 757441
1.23036 758881
1.23275 760321
1.23275 761761
1.23514 763201
1.23514 764641
1.23753 766081
1.23753 767521
1.25254 768961
1.25254 770401
1.25493 771841
1.25493 773281
1.25732 774721
1.25732 776161
1.25971 777601
1.25971 779041
1.2621 780481
1.2621 781921
1.26449 783361
1.26449 784801
1.26688 786241
1.26688 787681
1.26927 789121
1.26927 790561
1.27166 792001
1.27166 793441
1.27405 794881
1.27405 796321
1.27644 797761
1.27644 799201
1.27883 800641
1.27883 802081
1.28123 803521
1.28123 804961
1.28362 806401
1.28362 807841
1.29863 809281
1.29863 810721
1.30102 812161
1.30102 813601
1.30341 815041
1.30341 816481
1.30341 817921
1.3058 819361
1.3058 820801
1.30819 822241
1.30819 823681
1.31058 825121
1.31058 826561
1.31297 828001
1.31297 829441
1.31536 830881
1.31536 832321
1.31775 833761
1.31775 835201
1.32014 836641
1.32014 838081
1.32253 839521
1.32253 840961
1.32492 842401
1.32492 843841
1.32731 845281
1.32731 846721
1.3297 848161
1.3297 849601
1.34471 851041
1.34471 852481
1.3471 853921
1.3471 855361
1.34949 856801
1.34949 858241
1.35188 859681
1.35188 861121
1.35427 862561
1.35427 864001
1.35666 865441
1.35666 866881
1.35905 868321
1.35905 869761
1.36144 871201
1.36144 872641
1.36383 874081
1.36383 875521
1.36622 876961
1.36622 878401
1.36861 879841
1.36861 881281
1.371 882721
1.371 884161
1.37339 885601
1.37339 887041
1.37579 888481
1.37579 889921
1.3896 891361
1.3896 892801
1.39199 894241
1.39199 895681
1.39438 897121
1.39438 898561
1.39677 900001
1.39677 901441
1.39916 902881
1.39916 904321
1.39916 905761
1.40155 907201
1.40155 908641
1.40394 910081
1.40394 911521
1.40633 912961
1.40633 914401
1.40872 915841
1.40872 917281
1.41111 918721
1.41111 920161
1.4135 921601
1.4135 923041
1.41589 924481
1.41589 925921
1.41828 927361
1.41828 928801
1.42067 930241
1.42067 931681
1.43449 933121
1.43449 934561
1.43688 936001
1.43688 937441
1.43927 938881
1.43927 940321
1.44166 941761
1.44166 943201
1.44405 944641
1.44405 946081
1.44644 947521
1.44644 948961
1.44883 950401
1.44883 951841
1.45122 953281
1.45122 954721
1.45361 956161
1.45361 957601
1.456 959041
1.456 960481
1.45839 961921
1.45839 963361
1.46078 964801
1.46078 966241
1.46317 967681
1.46317 969121
1.46556 970561
1.46556 972001
1.46795 973441
1.46795 974881
1.48057 976321
1.48057 977761
1.48296 979201
1.48296 980641
1.48535 982081
1.48535 983521
1.48775 984961
1.48775 986401
1.49014 987841
1.49014 989281
1.49253 990721
1.49253 992161
1.49492 993601
1.49492 995041
1.49492 996481
1.49731 997921
1.49731 999361
1.4997 1000801
1.4997 1002241
1.50209 1003681
1.50209 1005121
1.50448 1006561
1.50448 1008001
1.50687 1009441
1.50687 1010881
1.50926 1012321
1.50926 1013761
1.51165 1015201
1.51165 1016641
1.52666 1018081
1.52666 1019521
1.52666 1020961
1.52666 1022401
1.52905 1023841
1.52905 1025281
1.53144 1026721
1.53144 1028161
1.53383 1029601
1.53383 1031041
1.53622 1032481
1.53622 1033921
1.53861 1035361
1.53861 1036801
1.541 1038241
1.541 1039681
1.54339 1041121
1.54339 1042561
1.54578 1044001
1.54578 1045441
1.54817 1046881
1.54817 1048321
1.55056 1049761
1.55056 1051201
1.55295 1052641
1.55295 1054081
1.55534 1055521
1.55534 1056961
1.55773 1058401
1.55773 1059841
1.57155 1061281
1.57155 1062721
1.57394 1064161
1.57394 1065601
1.57633 1067041
1.57633 1068481
1.57872 1069921
1.57872 1071361
1.58111 1072801
1.58111 1074241
1.5835 1075681
1.5835 1077121
1.58589 1078561
1.58589 1080001
1.58828 1081441
1.58828 1082881
1.59067 1084321
1.59067 1085761
1.59306 1087201
1.59306 1088641
1.59545 1090081
1.59545 1091521
1.59545 1092961
1.59784 1094401
1.59784 1095841
1.60023 1097281
1.60023 1098721
1.60262 1100161
1.60262 1101601
1.60501 1103041
1.60501 1104481
1.61644 1105921
1.61644 1107361
1.61883 1108801
1.61883 1110241
1.62122 1111681
1.62122 1113121
1.62361 1114561
1.62361 1116001
1.626 1117441
1.626 1118881
1.62839 1120321
1.62839 1121761
1.63078 1123201
1.63078 1124641
1.63317 1126081
1.63317 1127521
1.63556 1128961
1.63556 1130401
1.63795 1131841
1.63795 1133281
1.64034 1134721
1.64034 1136161
1.64273 1137601
1.64273 1139041
1.64512 1140481
1.64512 1141921
1.64751 1143361
1.64751 1144801
1.6499 1146241
1.6499 1147681
1.65229 1149121
1.65229 1150561
1.66252 1152001
1.66252 1153441
1.66491 1154881
1.66491 1156321
1.6673 1157761
1.6673 1159201
1.66969 1160641
1.66969 1162081
1.67208 1163521
1.67208 1164961
1.67447 1166401
1.67447 1167841
1.67687 1169281
1.67687 1170721
1.67926 1172161
1.67926 1173601
1.68165 1175041
1.68165 1176481
1.68404 1177921
1.68404 1179361
1.68643 1180801
1.68643 1182241
1.68882 1183681
1.68882 1185121
1.69121 1186561
1.69121 1188001
1.69121 1189441
1.6936 1190881
1.6936 1192321
1.69599 1193761
1.69599 1195201
1.70861 1196641
1.70861 1198081
1.70861 1199521
1.70861 1200961
1.711 1202401
1.711 1203841
1.71339 1205281
1.71339 1206721
1.71578 1208161
1.71578 1209601
1.71817 1211041
1.71817 1212481
1.72056 1213921
1.72056 1215361
1.72295 1216801
1.72295 1218241
1.72534 1219681
1.72534 1221121
1.72773 1222561
1.72773 1224001
1.73012 1225441
1.73012 1226881
1.73251 1228321
1.73251 1229761
1.7349 1231201
1.7349 1232641
1.73729 1234081
1.73729 1235521
1.73968 1236961
1.73968 1238401
1.74207 1239841
1.74207 1241281
1.7535 1242721
1.7535 1244161
1.75589 1245601
1.75589 1247041
1.75828 1248481
1.75828 1249921
1.76067 1251361
1.76067 1252801
1.76306 1254241
1.76306 1255681
1.76545 1257121
1.76545 1258561
1.76784 1260001
1.76784 1261441
1.77023 1262881
1.77023 1264321
1.77262 1265761
1.77262 1267201
1.77501 1268641
1.77501 1270081
1.7774 1271521
1.7774 1272961
1.77979 1274401
1.77979 1275841
1.78218 1277281
1.78218 1278721
1.78457 1280161
1.78457 1281601
1.78696 1283041
1.78696 1284481
1.78959 1285921
1.78959 1287361
1.78959 1288801
1.79839 1290241
1.79839 1291681
1.80078 1293121
1.80078 1294561
1.80317 1296001
1.80317 1297441
1.80556 1298881
1.80556 1300321
1.80795 1301761
1.80795 1303201
1.81034 1304641
1.81034 1306081
1.81273 1307521
1.81273 1308961
1.81513 1310401
1.81513 1311841
1.81752 1313281
1.81752 1314721
1.81992 1316161
1.81992 1317601
1.82231 1319041
1.82231 1320481
1.8247 1321921
1.8247 1323361
1.82709 1324801
1.82709 1326241
1.82948 1327681
1.82948 1329121
1.83187 1330561
1.83187 1332001
1.83448 1333441
1.83448 1334881
1.83687 1336321
1.83687 1337761
1.84447 1339201
1.84447 1340641
1.84686 1342081
1.84686 1343521
1.84925 1344961
1.84925 1346401
1.85164 1347841
1.85164 1349281
1.85403 1350721
1.85403 1352161
1.85642 1353601
1.85642 1355041
1.85881 1356481
1.85881 1357921
1.86122 1359361
1.86122 1360801
1.86361 1362241
1.86361 1363681
1.866 1365121
1.866 1366561
1.86839 1368001
1.86839 1369441
1.87078 1370881
1.87078 1372321
1.87317 1373761
1.87317 1375201
1.87556 1376641
1.87556 1378081
1.87795 1379521
1.87795 1380961
1.88057 1382401
1.88057 1383841
1.88296 1385281
1.88296 1386721
1.89056 1388161
1.89056 1389601
1.89056 1391041
1.89295 1392481
1.89295 1393921
1.89534 1395361
1.89534 1396801
1.89773 1398241
1.89773 1399681
1.90012 1401121
1.90012 1402561
1.90251 1404001
1.90251 1405441
1.9049 1406881
1.9049 1408321
1.9073 1409761
1.9073 1411201
1.90969 1412641
1.90969 1414081
1.91208 1415521
1.91208 1416961
1.91448 1418401
1.91448 1419841
1.91687 1421281
1.91687 1422721
1.91926 1424161
1.91926 1425601
1.92165 1427041
1.92165 1428481
1.92404 1429921
1.92404 1431361
1.92665 1432801
1.92665 1434241
1.92907 1435681
1.92907 1437121
1.93664 1438561
1.93664 1440001
1.93903 1441441
1.93903 1442881
1.94142 1444321
1.94142 1445761
1.94381 1447201
1.94381 1448641
1.9462 1450081
1.9462 1451521
1.94859 1452961
1.94859 1454401
1.95098 1455841
1.95098 1457281
1.95339 1458721
1.95339 1460161
1.95578 1461601
1.95578 1463041
1.95817 1464481
1.95817 1465921
1.96056 1467361
1.96056 1468801
1.96295 1470241
1.96295 1471681
1.96534 1473121
1.96534 1474561
1.96773 1476001
1.96773 1477441
1.97012 1478881
1.97012 1480321
1.97251 1481761
1.97251 1483201
1.97516 1484641
1.97516 1486081
1.98153 1487521
1.98153 1488961
1.98392 1490401
1.98392 1491841
1.98631 1493281
1.98631 1494721
1.98631 1496161
1.9887 1497601
1.9887 1499041
1.99109 1500481
1.99109 1501921
1.99348 1503361
1.99348 1504801
1.99587 1506241
1.99587 1507681
1.99828 1509121
1.99828 1510561
2.00067 1512001
2.00067 1513441
2.00306 1514881
2.00306 1516321
2.00545 1517761
2.00545 1519201
2.00784 1520641
2.00784 1522081
2.01144 1523521
2.01144 1524961
2.01264 1526401
2.01383 1471681
2.04078 1526401
2.04078 1527841
2.04199 1529281
2.04318 1530721
2.04438 1532161
2.04557 1533601
2.04677 1535041
2.04796 1536481
2.04916 1537921
2.05035 1539361
2.05155 1540801
2.05274 1542241
2.05394 1543681
2.05635 1545121
2.05635 1546561
2.05754 1548001
2.05874 1549441
2.05992 1550881
2.08688 1552321
2.08688 1553761
2.08927 1555201
2.08927 1556641
2.09166 1558081
2.09166 1559521
2.09405 1560961
2.09405 1562401
2.09644 1563841
2.09644 1565281
2.09883 1566721
2.09883 1568161
2.10243 1569601
2.10243 1571041
2.13177 1572481
2.13177 1573921
2.13177 1575361
2.13177 1576801
2.13416 1578241
2.13416 1579681
2.13655 1581121
2.13655 1582561
2.13894 1584001
2.13894 1585441
2.14133 1586881
2.14133 1588321
2.14372 1589761
2.14372 1591201
2.14732 1592641
2.14732 1594081
2.17666 1595521
2.17666 1596961
2.17905 1598401
2.17905 1599841
2.18144 1601281
2.18144 1602721
2.18383 1604161
2.18383 1605601
2.18383 1607041
2.18622 1608481
2.18622 1609921
2.18861 1611361
2.18861 1612801
2.191 1614241
2.191 1615681
2.19339 1617121
2.19339 1618561
2.22155 1620001
2.22155 1621441
2.22394 1622881
2.22394 1624321
2.22634 1625761
2.22634 1627201
2.22873 1628641
2.22873 1630081
2.23112 1631521
2.23112 1632961
2.23351 1634401
2.23351 1635841
2.2359 1637281
2.2359 1638721
2.23829 1640161
2.23829 1641601
2.24068 1643041
2.24068 1644481
2.26763 1645921
2.26763 1647361
2.27243 1648801
2.27243 1650241
2.27243 1651681
2.27243 1653121
2.27482 1654561
2.27482 1656001
2.27721 1657441
2.27721 1658881
2.2796 1660321
2.2796 1661761
2.28199 1663201
2.28199 1664641
2.28199 1666081
2.28438 1667521
2.28438 1668961
2.28677 1670401
2.28677 1671841
2.31372 1673281
2.31372 1674721
2.31851 1676161
2.31851 1677601
2.3209 1679041
2.3209 1680481
2.32329 1681921
2.32329 1683361
2.32568 1684801
2.32568 1686241
2.32807 1687681
2.32807 1689121
2.33046 1690561
2.33046 1692001
2.33285 1693441
2.33285 1694881
2.33524 1696321
2.33524 1697761
2.35861 1699201
2.35861 1700641
2.36342 1702081
2.36342 1703521
2.36581 1704961
2.36581 1706401
2.3682 1707841
2.3682 1709281
2.37059 1710721
2.37059 1712161
2.37298 1713601
2.37298 1715041
2.37537 1716481
2.37537 1717921
2.37776 1719361
2.37776 1720801
2.37776 1722241
2.38015 1723681
2.38015 1725121
2.40349 1726561
2.40349 1728001
2.40832 1729441
2.40832 1730881
2.41071 1732321
2.41071 1733761
2.4131 1735201
2.4131 1736641
2.41549 1738081
2.41549 1739521
2.41788 1740961
2.41788 1742401
2.42027 1743841
2.42027 1745281
2.42266 1746721
2.42266 1748161
2.42505 1749601
2.42505 1751041
2.42744 1752481
2.42744 1753921
2.44958 1755361
2.44958 1756801
2.45441 1758241
2.45441 1759681
2.4568 1761121
2.4568 1762561
2.45919 1764001
2.45919 1765441
2.46158 1766881
2.46158 1768321
2.46397 1769761
2.46397 1771201
2.46636 1772641
2.46636 1774081
2.46875 1775521
2.46875 1776961
2.47114 1778401
2.47114 1779841
2.47353 1781281
2.47353 1782721
2.47353 1784161
2.49566 1785601
2.49566 1787041
2.50049 1788481
2.50049 1789921
2.50288 1791361
2.50288 1792801
2.50527 1794241
2.50527 1795681
2.50887 1797121
2.50887 1798561
2.51007 1800001
2.51126 1766881
2.54659 1800001
2.54659 1801441
2.54779 1802881
2.54898 1804321
2.55018 1805761
2.55137 1807201
2.55378 1808641
2.55497 1810081
2.55617 1811521
2.55735 1812961
2.59267 1814401
2.59267 1815841
2.59507 1817281
2.59507 1818721
2.59867 1820161
2.59867 1821601
2.60106 1823041
2.60106 1824481
2.63758 1825921
2.63877 1827361
2.63997 1811521
2.68248 1827361
2.68248 1828801
2.68368 1830241
2.68486 1831681
2.72857 1833121
2.72857 1834561
2.77346 1836001
2.77346 1837441
2.77346 1838881
2.81835 1840321
2.81835 1841761
2.82074 1843201
2.82074 1844641
2.86443 1846081
2.86443 1847521
2.86682 1848961
2.86682 1850401
2.91052 1851841
2.91052 1853281
2.91052 1854721
2.91291 1856161
2.91291 1857601
2.9566 1859041
2.9566 1860481
2.95899 1861921
2.95899 1863361
3.00149 1864801
3.00149 1866241
3.00388 1867681
3.00388 1869121
3.00388 1870561
3.04638 1872001
3.04638 1873441
3.04877 1874881
3.04877 1876321
3.05116 1877761
3.05116 1879201
3.09247 1880641
3.09247 1882081
3.09486 1883521
3.09486 1884961
3.09725 1886401
3.09725 1887841
3.13855 1889281
3.13855 1890721
3.13855 1892161
3.14094 1893601
3.14094 1895041
3.14333 1896481
3.14333 1897921
3.18464 1899361
3.18464 1900801
3.18703 1902241
3.18703 1903681
3.18942 1905121
3.18942 1906561
3.22953 1908001
3.22953 1909441
3.23192 1910881
3.23192 1912321
3.23192 1913761
3.23431 1915201
3.23431 1916641
3.27441 1918081
3.27441 1919521
3.27681 1920961
3.27681 1922401
3.2792 1923841
3.2792 1925281
3.28159 1926721
3.28159 1928161
3.3205 1929601
3.3205 1931041
3.32289 1932481
3.32289 1933921
3.32528 1935361
3.32528 1936801
3.32528 1938241
3.32767 1939681
3.32767 1941121
3.36658 1942561
3.36658 1944001
3.36897 1945441
3.36897 1946881
3.37137 1948321
3.37137 1949761
3.37376 1951201
3.37376 1952641
3.41147 1954081
3.41147 1955521
3.41386 1956961
3.41386 1958401
3.41625 1959841
3.41625 1961281
3.41865 1962721
3.41865 1964161
3.45636 1965601
3.45636 1967041
3.45636 1968481
3.45875 1969921
3.45875 1971361
3.46114 1972801
3.46114 1974241
3.46355 1975681
3.46475 1977121
3.50127 1959841
3.50844 1977121
3.50844 1978561
3.50963 1980001
3.51083 1981441
3.54616 1982881
3.55452 1984321
3.55452 1985761
3.59105 1987201
3.59105 1988641
3.60061 1990081
3.60061 1991521
3.63713 1992961
3.63713 1994401
3.64669 1995841
3.64669 1997281
3.64669 1998721
3.68322 2000161
3.68322 2001601
3.69278 2003041
3.69278 2004481
3.72811 2005921
3.72811 2007361
3.73767 2008801
3.73767 2010241
3.773 2011681
3.773 2013121
3.773 2014561
3.78256 2016001
3.78256 2017441
3.81789 2018881
3.81789 2020321
3.82028 2021761
3.82028 2023201
3.82864 2024641
3.82864 2026081
3.86397 2027521
3.86397 2028961
3.86636 2030401
3.86636 2031841
3.87473 2033281
3.87473 2034721
3.87473 2036161
3.91245 2037601
3.91245 2039041
3.91245 2040481
3.91245 2041921
3.92081 2043361
3.92081 2044801
3.95734 2046241
3.95734 2047681
3.95973 2049121
3.95973 2050561
3.9657 2052001
3.9657 2053441
4.00222 2054881
4.00222 2056321
4.00462 2057761
4.00462 2059201
4.00462 2060641
4.01059 2062081
4.01059 2063521
4.04711 2064961
4.04711 2066401
4.0495 2067841
4.0495 2069281
4.0519 2070721
4.0519 2072161
4.05668 2073601
4.05668 2075041
4.0932 2076481
4.0932 2077921
4.09559 2079361
4.09559 2080801
4.09798 2082241
4.09798 2083681
4.10276 2085121
4.10276 2086561
4.10276 2088001
4.13928 2089441
4.13928 2090881
4.14167 2092321
4.14167 2093761
4.14406 2095201
4.14406 2096641
4.14885 2098081
4.14885 2099521
4.18417 2100961
4.18417 2102401
4.18656 2103841
4.18656 2105281
4.18895 2106721
4.18895 2108161
4.19374 2109601
4.19374 2111041
4.22906 2112481
4.22906 2113921
4.22906 2115361
4.23145 2116801
4.23145 2118241
4.23384 2119681
4.23384 2121121
4.23862 2122561
4.23862 2124001
4.27395 2125441
4.27395 2126881
4.27634 2128321
4.27634 2129761
4.27873 2131201
4.27873 2132641
4.28112 2134081
4.28112 2135521
4.28471 2136961
4.28471 2138401
4.32004 2139841
4.32004 2141281
4.32243 2142721
4.32243 2144161
4.32482 2145601
4.32482 2147041
4.32482 2148481
4.32721 2149921
4.32721 2151361
4.33079 2152801
4.33079 2154241
4.36612 2155681
4.36612 2157121
4.36851 2158561
4.36851 2160001
4.3709 2161441
4.3709 2162881
4.37329 2164321
4.37329 2165761
4.37568 2167201
4.37568 2168641
4.41101 2170081
4.41101 2171521
4.4134 2172961
4.4134 2174401
4.41579 2175841
4.41579 2177281
4.41818 2178721
4.41818 2180161
4.41818 2181601
4.42057 2183041
4.42057 2184481
4.45592 2185921
4.45711 2187361
4.45831 2167201
4.46667 2187361
4.46667 2188801
4.46787 2190241
4.50082 2191681
4.50202 2193121
4.5032 2194561
4.51276 2196001
4.51276 2197441
4.54691 2198881
4.54691 2200321
4.55765 2201761
4.55765 2203201
4.5918 2204641
4.5918 2206081
4.60254 2207521
4.60254 2208961
4.63669 2210401
4.63669 2211841
4.63669 2213281
4.64743 2214721
4.64743 2216161
4.68157 2217601
4.68157 2219041
4.69351 2220481
4.69351 2221921
4.69351 2223361
4.69351 2224801
4.72766 2226241
4.72766 2227681
4.7396 2229121
4.7396 2230561
4.74199 2232001
4.74199 2233441
4.74199 2234881
4.77374 2236321
4.77374 2237761
4.78568 2239201
4.78568 2240641
4.78807 2242081
4.78807 2243521
4.81863 2244961
4.81863 2246401
4.83057 2247841
4.83057 2249281
4.83296 2250721
4.83296 2252161
4.86352 2253601
4.86352 2255041
4.87546 2256481
4.87546 2257921
4.87546 2259361
4.87785 2260801
4.87785 2262241
4.90841 2263681
4.90841 2265121
4.92035 2266561
4.92035 2268001
4.92274 2269441
4.92274 2270881
4.96525 2272321
4.96525 2273761
4.96525 2275201
4.96525 2276641
4.96645 2278081
4.96765 2263681
5.01374 2278081
5.01374 2279521
5.01494 2280961
5.01612 2282401
5.05983 2283841
5.05983 2285281
5.10472 2286721
5.10472 2288161
5.14961 2289601
5.14961 2291041
5.39569 2292481
5.39569 2293921
5.39569 2295361
5.39569 2296801
5.44178 2298241
5.44178 2299681
5.44457 2301121
5.44457 2302561
5.48786 2304001
5.48786 2305441
5.49065 2306881
5.49065 2308321
5.49065 2309761
5.53435 2311201
5.53435 2312641
5.53674 2314081
5.53674 2315521
5.57924 2316961
5.57924 2318401
5.58163 2319841
5.58163 2321281
5.62413 2322721
5.62413 2324161
5.62652 2325601
5.62652 2327041
5.62652 2328481
5.66902 2329921
5.66902 2331361
5.67141 2332801
5.67141 2334241
5.6738 2335681
5.6738 2337121
5.7151 2338561
5.7151 2340001
5.71749 2341441
5.71749 2342881
5.71988 2344321
5.71988 2345761
5.71988 2347201
5.76118 2348641
5.76118 2350081
5.76359 2351521
5.76359 2352961
5.76598 2354401
5.76598 2355841
5.80607 2357281
5.80607 2358721
5.80848 2360161
5.80848 2361601
5.81089 2363041
5.81089 2364481
5.85096 2365921
5.85096 2367361
5.85337 2368801
5.85337 2370241
5.85337 2371681
5.85577 2373121
5.85577 2374561
5.89585 2376001
5.89585 2377441
5.89826 2378881
5.89826 2380321
5.90068 2381761
5.90068 2383201
5.90307 2384641
5.90307 2386081
5.94194 2387521
5.94194 2388961
5.94434 2390401
5.94434 2391841
5.94678 2393281
5.94678 2394721
5.94678 2396161
5.94917 2397601
5.94917 2399041
5.98802 2400481
5.98802 2401921
5.99043 2403361
5.99043 2404801
5.99286 2406241
5.99286 2407681
5.99525 2409121
5.99525 2410561
6.03291 2412001
6.03291 2413441
6.03532 2414881
6.03532 2416321
6.03775 2417761
6.03775 2419201
6.04014 2420641
6.04014 2422081
6.04014 2423521
6.0778 2424961
6.0778 2426401
6.08021 2427841
6.08021 2429281
6.08264 2430721
6.08264 2432161
6.08624 2433601
6.08624 2435041
6.08744 2436481
6.12392 2419201
6.13116 2423521
6.13116 2424961
6.13236 2436481
6.13236 2437921
6.13355 2439361
6.16882 2423521
6.16882 2439361
6.16882 2440801
6.17605 2442241
6.17844 2443681
6.17844 2445121
6.22094 2446561
6.22094 2448001
6.22453 2449441
6.22453 2450881
6.26703 2452321
6.26703 2453761
6.27061 2455201
6.27061 2456641
6.27061 2458081
6.31311 2459521
6.31311 2460961
6.3167 2462401
6.3167 2463841
6.36159 2465281
6.36159 2466721
6.36159 2468161
6.36159 2469601
6.40648 2471041
6.40648 2472481
6.40887 2473921
6.40887 2475361
6.40887 2476801
6.45137 2478241
6.45137 2479681
6.45376 2481121
6.45376 2482561
6.45615 2484001
6.45615 2485441
6.49745 2486881
6.49745 2488321
6.49984 2489761
6.49984 2491201
6.50223 2492641
6.50223 2494081
6.54354 2495521
6.54354 2496961
6.54354 2498401
6.54593 2499841
6.54593 2501281
6.54832 2502721
6.54832 2504161
6.58962 2505601
6.58962 2507041
6.59201 2508481
6.59201 2509921
6.5944 2511361
6.5944 2512801
6.63451 2514241
6.63451 2515681
6.6369 2517121
6.6369 2518561
6.6369 2520001
6.63929 2521441
6.63929 2522881
6.6794 2524321
6.6794 2525761
6.68179 2527201
6.68179 2528641
6.68418 2530081
6.68418 2531521
6.68657 2532961
6.68657 2534401
6.72548 2535841
6.72548 2537281
6.72787 2538721
6.72787 2540161
6.73027 2541601
6.73027 2543041
6.73266 2544481
6.73266 2545921
6.73266 2547361
6.77157 2548801
6.77157 2550241
6.77396 2551681
6.77396 2553121
6.77635 2554561
6.77635 2556001
6.77874 2557441
6.77874 2558881
6.81646 2560321
6.81646 2561761
6.81885 2563201
6.81885 2564641
6.82124 2566081
6.82124 2567521
6.82363 2568961
6.82363 2570401
6.86135 2571841
6.86135 2573281
6.86135 2574721
6.86374 2576161
6.86374 2577601
6.86613 2579041
6.86613 2580481
6.86852 2581921
6.86852 2583361
6.90624 2584801
6.90624 2586241
6.90863 2587681
6.90863 2589121
6.91102 2590561
6.91102 2592001
6.91341 2593441
6.91341 2594881
6.9158 2596321
6.9158 2597761
6.95232 2599201
6.95232 2600641
6.95471 2602081
6.95471 2603521
6.9571 2604961
6.9571 2606401
6.9571 2607841
6.95949 2609281
6.95949 2610721
6.96188 2612161
6.96188 2613601
6.99841 2615041
6.99841 2616481
7.0008 2617921
7.0008 2619361
7.00319 2620801
7.00319 2622241
7.00558 2623681
7.00558 2625121
7.00797 2626561
7.00797 2628001
7.0433 2629441
7.0433 2630881
7.04569 2632321
7.04569 2633761
7.04808 2635201
7.04808 2636641
7.05047 2638081
7.05047 2639521
7.05047 2640961
7.05286 2642401
7.05286 2643841
7.08819 2645281
7.08819 2646721
7.09058 2648161
7.09058 2649601
7.09297 2651041
7.09297 2652481
7.09536 2653921
7.09536 2655361
7.09775 2656801
7.09775 2658241
7.10014 2659681
7.10014 2661121
7.13427 2662561
7.13427 2664001
7.13668 2665441
7.13787 2666881
7.13907 2646721
7.17918 2666881
7.17918 2668321
7.18037 2669761
7.18158 2671201
7.18278 2672641
7.18396 2674081
7.22526 2675521
7.22526 2676961
7.22767 2678401
7.22767 2679841
7.27015 2681281
7.27015 2682721
7.27256 2684161
7.27256 2685601
7.31504 2687041
7.31504 2688481
7.31745 2689921
7.31745 2691361
7.31745 2692801
7.35993 2694241
7.35993 2695681
7.36234 2697121
7.36234 2698561
7.36473 2700001
7.36473 2701441
7.40601 2702881
7.40601 2704321
7.40842 2705761
7.40842 2707201
7.41081 2708641
7.41081 2710081
7.41081 2711521
7.4521 2712961
7.4521 2714401
7.4545 2715841
7.4545 2717281
7.45691 2718721
7.45691 2720161
7.49699 2721601
7.49699 2723041
7.49939 2724481
7.49939 2725921
7.5018 2727361
7.5018 2728801
7.54188 2730241
7.54188 2731681
7.54428 2733121
7.54428 2734561
7.54428 2736001
7.54669 2737441
7.54669 2738881
7.58677 2740321
7.58677 2741761
7.58917 2743201
7.58917 2744641
7.59156 2746081
7.59156 2747521
7.59395 2748961
7.59395 2750401
7.63285 2751841
7.63285 2753281
7.63526 2754721
7.63526 2756161
7.63765 2757601
7.63765 2759041
7.63765 2760481
7.64005 2761921
7.64005 2763361
7.67894 2764801
7.67894 2766241
7.68134 2767681
7.68134 2769121
7.68373 2770561
7.68373 2772001
7.68614 2773441
7.68614 2774881
7.72383 2776321
7.72383 2777761
7.72623 2779201
7.72623 2780641
7.72862 2782081
7.72862 2783521
7.73103 2784961
7.73103 2786401
7.76872 2787841
7.76872 2789281
7.76872 2790721
7.77112 2792161
7.77112 2793601
7.77351 2795041
7.77351 2796481
7.77592 2797921
7.77592 2799361
7.81361 2800801
7.81361 2802241
7.81721 2803681
7.81721 2805121
7.8184 2806561
7.8196 2789281
7.86211 2806561
7.86211 2808001
7.86331 2809441
7.8645 2810881
7.86568 2812321
7.9082 2813761
7.9082 2815201
7.91059 2816641
7.91059 2818081
7.95428 2819521
7.95428 2820961
7.95667 2822401
7.95667 2823841
8.00037 2825281
8.00037 2826721
8.00037 2828161
8.00276 2829601
8.00276 2831041
8.04645 2832481
8.04645 2833921
8.04884 2835361
8.04884 2836801
8.09134 2838241
8.09134 2839681
8.09373 2841121
8.09373 2842561
8.09373 2844001
8.13623 2845441
8.13623 2846881
8.13862 2848321
8.13862 2849761
8.14104 2851201
8.14104 2852641
8.18231 2854081
8.18231 2855521
8.18474 2856961
8.18474 2858401
8.18713 2859841
8.18713 2861281
8.2284 2862721
8.2284 2864161
8.2284 2865601
8.23082 2867041
8.23082 2868481
8.23321 2869921
8.23321 2871361
8.27448 2872801
8.27448 2874241
8.27692 2875681
8.27811 2877121
8.27931 2864161
8.32302 2877121
8.32302 2878561
8.3242 2880001
8.3691 2881441
8.3691 2882881
8.41519 2884321
8.41519 2885761
8.41519 2887201
8.46127 2888641
8.46127 2890081
8.50616 2891521
8.50616 2892961
8.55105 2894401
8.55105 2895841
8.55105 2897281
8.59594 2898721
8.59594 2900161
8.59833 2901601
8.59833 2903041
8.64203 2904481
8.64203 2905921
8.64443 2907361
8.64443 2908801
8.68811 2910241
8.68811 2911681
8.68811 2913121
8.69052 2914561
8.69052 2916001
8.7342 2917441
8.7342 2918881
8.73662 2920321
8.73662 2921761
8.77909 2923201
8.77909 2924641
8.78151 2926081
8.78151 2927521
8.78151 2928961
8.82398 2930401
8.82398 2931841
8.8264 2933281
8.8264 2934721
8.82879 2936161
8.82879 2937601
8.87006 2939041
8.87006 2940481
8.87248 2941921
8.87248 2943361
8.87487 2944801
8.87487 2946241
8.87487 2947681
8.91615 2949121
8.91615 2950561
8.91857 2952001
8.91857 2953441
8.92096 2954881
8.92096 2956321
8.96104 2957761
8.96104 2959201
8.96346 2960641
8.96346 2962081
8.96585 2963521
8.96585 2964961
9.00592 2966401
9.00592 2967841
9.00835 2969281
9.00835 2970721
9.00835 2972161
9.01074 2973601
9.01074 2975041
9.05081 2976481
9.05081 2977921
9.05323 2979361
9.05323 2980801
9.05563 2982241
9.05563 2983681
9.05802 2985121
9.05802 2986561
9.0969 2988001
9.0969 2989441
9.09932 2990881
9.09932 2992321
9.10171 2993761
9.10171 2995201
9.10171 2996641
9.1041 2998081
9.1041 2999521
9.14298 3000961
9.14298 3002401
9.1454 3003841
9.1454 3005281
9.14779 3006721
9.14779 3008161
9.15019 3009601
9.15019 3011041
9.18787 3012481
9.18787 3013921
9.19029 3015361
9.19029 3016801
9.19268 3018241
9.19268 3019681
9.19507 3021121
9.19507 3022561
9.23276 3024001
9.23276 3025441
9.23276 3026881
9.23518 3028321
9.23518 3029761
9.23757 3031201
9.23757 3032641
9.23996 3034081
9.23996 3035521
9.27765 3036961
9.27765 3038401
9.28004 3039841
9.28004 3041281
9.28246 3042721
9.28246 3044161
9.28485 3045601
9.28485 3047041
9.28724 3048481
9.28724 3049921
9.32374 3051361
9.32374 3052801
9.32613 3054241
9.32613 3055681
9.32613 3057121
9.32855 3058561
9.32855 3060001
9.33094 3061441
9.33094 3062881
9.33333 3064321
9.33333 3065761
9.36982 3067201
9.36982 3068641
9.37221 3070081
9.37221 3071521
9.37463 3072961
9.37463 3074401
9.37702 3075841
9.37702 3077281
9.37941 3078721
9.37941 3080161
9.41471 3081601
9.41471 3083041
9.4171 3084481
9.4171 3085921
9.41952 3087361
9.41952 3088801
9.42191 3090241
9.42191 3091681
9.42191 3093121
9.4243 3094561
9.4243 3096001
9.4596 3097441
9.4596 3098881
9.46199 3100321
9.46199 3101761
9.46441 3103201
9.46441 3104641
9.4668 3106081
9.4668 3107521
9.46919 3108961
9.46919 3110401
9.47158 3111841
9.47158 3113281
9.50569 3114721
9.50569 3116161
9.50932 3117601
9.50932 3119041
9.51051 3120481
9.51171 3100321
9.55179 3120481
9.55179 3121921
9.55422 3123361
9.55542 3124801
9.55661 3126241
9.55779 3127681
9.59911 3129121
9.59911 3130561
9.644 3132001
9.644 3133441
9.644 3134881
9.644 3136321
9.6901 3137761
9.6901 3139201
9.69251 3140641
9.73502 3130561
9.73743 3133441
9.73743 3134881
9.77992 3133441
9.77992 3140641
9.77992 3142081
9.78231 3143521
9.8272 3144961
9.8272 3146401
9.87329 3147841
9.87329 3149281
10.1182 3150721
10.1182 3152161
10.1631 3153601
10.1643 3155041
10.208 3147841
10.2092 3155041
10.2092 3156481
10.2529 3157921
10.2978 3159361
10.2978 3160801
10.3439 3162241
10.3439 3163681
10.3899 3165121
10.3899 3166561
10.3899 3168001
10.436 3169441
10.436 3170881
10.4809 3172321
10.4809 3173761
10.5258 3175201
10.5258 3176641
10.5258 3178081
10.5707 3179521
10.5707 3180961
10.5731 3182401
10.5731 3183841
10.6168 3185281
10.6168 3186721
10.6192 3188161
10.6192 3189601
10.6629 3191041
10.6629 3192481
10.6629 3193921
10.6653 3195361
10.6653 3196801
10.7089 3198241
10.7089 3199681
10.7113 3201121
10.7113 3202561
10.7538 3204001
10.7538 3205441
10.7562 3206881
10.7562 3208321
10.7562 3209761
10.7987 3211201
10.7987 3212641
10.8011 3214081
10.8011 3215521
10.8035 3216961
10.8035 3218401
10.8448 3219841
10.8448 3221281
10.8472 3222721
10.8472 3224161
10.8496 3225601
10.8496 3227041
10.8496 3228481
10.8909 3229921
10.8909 3231361
10.8933 3232801
10.8933 3234241
10.8957 3235681
10.8957 3237121
10.9358 3238561
10.9358 3240001
10.9382 3241441
10.9382 3242881
10.9406 3244321
10.9406 3245761
10.9807 3247201
10.9807 3248641
10.9831 3250081
10.9831 3251521
10.9831 3252961
11.0256 3254401
11.0256 3255841
11.0256 3257281
11.0256 3258721
11.028 3260161
11.028 3261601
11.0303 3263041
11.0303 3264481
11.0716 3265921
11.0716 3267361
11.074 3268801
11.074 3270241
11.0764 3271681
11.0764 3273121
11.0788 3274561
11.0788 3276001
11.1177 3277441
11.1177 3278881
11.1177 3280321
11.1201 3281761
11.1201 3283201
11.1225 3284641
11.1225 3286081
11.1249 3287521
11.1249 3288961
11.1638 3290401
11.1638 3291841
11.1662 3293281
11.1662 3294721
11.1686 3296161
11.1686 3297601
11.171 3299041
11.171 3300481
11.2087 3301921
11.2087 3303361
11.2111 3304801
11.2111 3306241
11.2135 3307681
11.2135 3309121
11.2135 3310561
11.2159 3312001
11.2159 3313441
11.2536 3314881
11.2536 3316321
11.256 3317761
11.256 3319201
11.2584 3320641
11.2584 3322081
11.2608 3323521
11.2608 3324961
11.2632 3326401
11.2632 3327841
11.2997 3329281
11.2997 3330721
11.3021 3332161
11.3021 3333601
11.3045 3335041
11.3045 3336481
11.3069 3337921
11.3069 3339361
11.3069 3340801
11.3092 3342241
11.3092 3343681
11.3458 3345121
11.3458 3346561
11.3482 3348001
11.3482 3349441
11.3505 3350881
11.3505 3352321
11.3529 3353761
11.3529 3355201
11.3553 3356641
11.3553 3358081
11.3907 3359521
11.3907 3360961
11.393 3362401
11.393 3363841
11.3954 3365281
11.3954 3366721
11.3978 3368161
11.3978 3369601
11.4002 3371041
11.4002 3372481
11.4355 3373921
11.4355 3375361
11.4355 3376801
11.4379 3378241
11.4379 3379681
11.4403 3381121
11.4403 3382561
11.4427 3384001
11.4427 3385441
11.4451 3386881
11.4451 3388321
11.4804 3389761
11.4804 3391201
11.4828 3392641
11.4828 3394081
11.4852 3395521
11.4852 3396961
11.4876 3398401
11.4876 3399841
11.49 3401281
11.49 3402721
11.4924 3404161
11.4924 3405601
11.5265 3407041
11.5265 3408481
11.5289 3409921
11.5289 3411361
11.5289 3412801
11.5313 3414241
11.5313 3415681
11.5337 3417121
11.5337 3418561
11.5361 3420001
11.5361 3421441
11.5385 3422881
11.5385 3424321
11.5726 3425761
11.5726 3427201
11.575 3428641
11.575 3430081
11.5774 3431521
11.5774 3432961
11.5798 3434401
11.5798 3435841
11.5822 3437281
11.5822 3438721
11.5846 3440161
11.5846 3441601
11.6175 3443041
11.6175 3444481
11.6199 3445921
11.6199 3447361
11.6247 3448801
11.6247 3450241
11.6247 3451681
11.6247 3453121
11.6271 3454561
11.6271 3456001
11.6271 3457441
11.6294 3458881
11.6294 3460321
11.6624 3461761
11.6624 3463201
11.6648 3464641
11.6648 3466081
11.6696 3467521
11.6696 3468961
11.6719 3470401
11.6719 3471841
11.6743 3473281
11.6743 3474721
11.6767 3476161
11.6767 3477601
11.6791 3479041
11.6791 3480481
11.7085 3481921
11.7085 3483361
11.7109 3484801
11.7109 3486241
11.7156 3487681
11.7156 3489121
11.718 3490561
11.718 3492001
11.7204 3493441
11.7204 3494881
11.7228 3496321
11.7228 3497761
11.7228 3499201
11.7252 3500641
11.7252 3502081
11.7546 3503521
11.7546 3504961
11.7569 3506401
11.7569 3507841
11.7617 3509281
11.7617 3510721
11.7641 3512161
11.7641 3513601
11.7665 3515041
11.7665 3516481
11.7689 3517921
11.7689 3519361
11.7713 3520801
11.7713 3522241
11.7994 3523681
11.7994 3525121
11.8018 3526561
11.8018 3528001
11.8066 3529441
11.8066 3530881
11.809 3532321
11.809 3533761
11.8114 3535201
11.8114 3536641
11.8138 3538081
11.8138 3539521
11.8162 3540961
11.8162 3542401
11.8443 3543841
11.8443 3545281
11.8443 3546721
11.8467 3548161
11.8467 3549601
11.8515 3551041
11.8515 3552481
11.8539 3553921
11.8539 3555361
11.8563 3556801
11.8563 3558241
11.8587 3559681
11.8587 3561121
11.8611 3562561
11.8611 3564001
11.8892 3565441
11.8892 3566881
11.8916 3568321
11.8916 3569761
11.894 3571201
11.894 3572641
11.8976 3574081
11.8976 3575521
11.9 3576961
11.9 3578401
11.9024 3579841
11.9024 3581281
11.9048 3582721
11.9048 3584161
11.9071 3585601
11.9071 3587041
11.9353 3588481
11.9353 3589921
11.9377 3591361
11.9377 3592801
11.9377 3594241
11.9401 3595681
11.9401 3597121
11.9437 3598561
11.9437 3600001
11.9461 3601441
11.9461 3602881
11.9485 3604321
11.9485 3605761
11.9508 3607201
11.9508 3608641
11.9532 3610081
11.9532 3611521
11.9814 3612961
11.9814 3614401
11.9838 3615841
11.9838 3617281
11.9862 3618721
11.9862 3620161
11.9886 3621601
11.9886 3623041
11.991 3624481
11.991 3625921
11.9933 3627361
11.9933 3628801
11.9957 3630241
11.9957 3631681
11.9981 3633121
11.9981 3634561
12.0263 3636001
12.0263 3637441
12.0287 3638881
12.0287 3640321
12.0311 3641761
12.0311 3643201
12.0335 3644641
12.0335 3646081
12.0335 3647521
12.0358 3648961
12.0358 3650401
12.0382 3651841
12.0382 3653281
12.0406 3654721
12.0406 3656161
12.043 3657601
12.043 3659041
12.0712 3660481
12.0712 3661921
12.0736 3663361
12.0736 3664801
12.076 3666241
12.076 3667681
12.0783 3669121
12.0783 3670561
12.0807 3672001
12.0807 3673441
12.0831 3674881
12.0831 3676321
12.0855 3677761
12.0855 3679201
12.0879 3680641
12.0879 3682081
12.0903 3683521
12.0903 3684961
12.1175 3686401
12.1175 3687841
12.1199 3689281
12.1199 3690721
12.1223 3692161
12.1223 3693601
12.1247 3695041
12.1247 3696481
12.1271 3697921
12.1271 3699361
12.1295 3700801
12.1295 3702241
12.1295 3703681
12.1328 3705121
12.1328 3706561
12.134 3708001
12.1352 3677761
12.1732 3708001
12.1732 3709441
12.1744 3710881
12.1756 3712321
12.1767 3713761
12.1779 3715201
12.1791 3716641
12.1803 3718081
12.1815 3719521
12.2192 3720961
12.2192 3722401
12.2216 3723841
12.2216 3725281
12.224 3726721
12.224 3728161
12.2264 3729601
12.2264 3731041
12.2653 3732481
12.2653 3733921
12.2653 3735361
12.2677 3736801
12.2677 3738241
12.2701 3739681
12.2701 3741121
12.2725 3742561
12.2725 3744001
12.3114 3745441
12.3114 3746881
12.3138 3748321
12.3138 3749761
12.3162 3751201
12.3162 3752641
12.3186 3754081
12.3186 3755521
12.3563 3756961
12.3563 3758401
12.3587 3759841
12.3587 3761281
12.3587 3762721
12.3611 3764161
12.3611 3765601
12.3635 3767041
12.3635 3768481
12.4012 3769921
12.4012 3771361
12.4036 3772801
12.4036 3774241
12.406 3775681
12.406 3777121
12.4084 3778561
12.4084 3780001
12.4108 3781441
12.4108 3782881
12.4473 3784321
12.4473 3785761
12.4497 3787201
12.4497 3788641
12.4521 3790081
12.4521 3791521
12.4545 3792961
12.4545 3794401
12.4545 3795841
12.4568 3797281
12.4568 3798721
12.4934 3800161
12.4934 3801601
12.4958 3803041
12.4958 3804481
12.4981 3805921
12.4981 3807361
12.5005 3808801
12.5005 3810241
12.5029 3811681
12.5029 3813121
12.5383 3814561
12.5383 3816001
12.5406 3817441
12.5406 3818881
12.543 3820321
12.543 3821761
12.5454 3823201
12.5454 3824641
12.5478 3826081
12.5478 3827521
12.5478 3828961
12.5831 3830401
12.5831 3831841
12.5855 3833281
12.5855 3834721
12.5879 3836161
12.5879 3837601
12.5903 3839041
12.5903 3840481
12.5927 3841921
12.5927 3843361
12.5951 3844801
12.5951 3846241
12.6292 3847681
12.6292 3849121
12.6316 3850561
12.6316 3852001
12.634 3853441
12.634 3854881
12.6364 3856321
12.6364 3857761
12.6388 3859201
12.6388 3860641
12.6412 3862081
12.6412 3863521
12.6753 3864961
12.6753 3866401
12.6753 3867841
12.6777 3869281
12.6777 3870721
12.6801 3872161
12.6801 3873601
12.6825 3875041
12.6825 3876481
12.6849 3877921
12.6849 3879361
12.6873 3880801
12.6873 3882241
12.7214 3883681
12.7214 3885121
12.7238 3886561
12.7238 3888001
12.7262 3889441
12.7262 3890881
12.7286 3892321
12.7286 3893761
12.731 3895201
12.731 3896641
12.7334 3898081
12.7334 3899521
12.7663 3900961
12.7663 3902401
12.7687 3903841
12.7687 3905281
12.7687 3906721
12.7711 3908161
12.7711 3909601
12.7735 3911041
12.7735 3912481
12.7758 3913921
12.7758 3915361
12.7782 3916801
12.7782 3918241
12.8112 3919681
12.8112 3921121
12.8136 3922561
12.8136 3924001
12.816 3925441
12.816 3926881
12.8183 3928321
12.8183 3929761
12.8207 3931201
12.8207 3932641
12.8231 3934081
12.8231 3935521
12.8255 3936961
12.8255 3938401
12.8573 3939841
12.8573 3941281
12.8597 3942721
12.8597 3944161
12.862 3945601
12.862 3947041
12.8644 3948481
12.8644 3949921
12.8644 3951361
12.8668 3952801
12.8668 3954241
12.8692 3955681
12.8692 3957121
12.8716 3958561
12.8716 3960001
12.9033 3961441
12.9033 3962881
12.9057 3964321
12.9057 3965761
12.9081 3967201
12.9081 3968641
12.9105 3970081
12.9105 3971521
12.9129 3972961
12.9129 3974401
12.9153 3975841
12.9153 3977281
12.9177 3978721
12.9177 3980161
12.9482 3981601
12.9482 3983041
12.9506 3984481
12.9506 3985921
12.953 3987361
12.953 3988801
12.9554 3990241
12.9554 3991681
12.9578 3993121
12.9578 3994561
12.9578 3996001
12.9602 3997441
12.9602 3998881
12.9626 4000321
12.9626 4001761
12.9931 4003201
12.9931 4004641
12.9955 4006081
12.9955 4007521
12.9979 4008961
12.9979 4010401
13.0003 4011841
13.0003 4013281
13.0027 4014721
13.0027 4016161
13.0051 4017601
13.0051 4019041
13.0075 4020481
13.0075 4021921
13.0099 4023361
13.0099 4024801
13.0392 4026241
13.0392 4027681
13.0416 4029121
13.0416 4030561
13.044 4032001
13.044 4033441
13.0464 4034881
13.0464 4036321
13.0488 4037761
13.0488 4039201
13.0512 4040641
13.0512 4042081
13.0536 4043521
13.0536 4044961
13.0536 4046401
13.0559 4047841
13.0559 4049281
13.0853 4050721
13.0853 4052161
13.0877 4053601
13.0877 4055041
13.0901 4056481
13.0901 4057921
13.0925 4059361
13.0925 4060801
13.0949 4062241
13.0949 4063681
13.0972 4065121
13.0972 4066561
13.0996 4068001
13.0996 4069441
13.102 4070881
13.102 4072321
13.1302 4073761
13.1302 4075201
13.1326 4076641
13.1326 4078081
13.135 4079521
13.135 4080961
13.1374 4082401
13.1374 4083841
13.1397 4085281
13.1397 4086721
13.1421 4088161
13.1421 4089601
13.1445 4091041
13.1445 4092481
13.1469 4093921
13.1469 4095361
13.1751 4096801
13.1751 4098241
13.1751 4099681
13.1775 4101121
13.1775 4102561
13.1799 4104001
13.1799 4105441
13.1822 4106881
13.1822 4108321
13.1846 4109761
13.1846 4111201
13.187 4112641
13.187 4114081
13.1894 4115521
13.1894 4116961
13.1918 4118401
13.1918 4119841
13.22 4121281
13.22 4122721
13.2224 4124161
13.2224 4125601
13.2247 4127041
13.2247 4128481
13.2271 4129921
13.2271 4131361
13.2295 4132801
13.2295 4134241
13.2319 4135681
13.2319 4137121
13.2343 4138561
13.2343 4140001
13.2367 4141441
13.2367 4142881
13.2391 4144321
13.2391 4145761
13.2661 4147201
13.2673 4148641
13.2685 4119841
13.2804 4148641
13.2804 4150081
13.2828 4151521
13.284 4152961
13.2852 4140001
13.2852 4141441
13.2852 4152961
13.2852 4154401
13.311 4155841
13.3122 4157281
13.3134 4140001
13.3134 4157281
13.3134 4158721
13.3253 4160161
13.3277 4161601
13.3289 4163041
13.3301 4164481
13.3559 4165921
13.3559 4167361
13.3583 4168801
13.3702 4170241
13.3702 4171681
13.3738 4173121
13.3738 4174561
13.4008 4176001
13.4008 4177441
13.4032 4178881
13.4032 4180321
13.4163 4181761
13.4163 4183201
13.4468 4184641
13.4468 4186081
13.4468 4187521
13.4468 4188961
13.4492 4190401
13.4492 4191841
13.4492 4193281
13.4624 4194721
13.4624 4196161
13.4929 4197601
13.4929 4199041
13.4953 4200481
13.4953 4201921
13.4977 4203361
13.4977 4204801
13.5073 4206241
13.5073 4207681
13.5378 4209121
13.5378 4210561
13.5402 4212001
13.5402 4213441
13.5426 4214881
13.5426 4216321
13.5521 4217761
13.5521 4219201
13.5521 4220641
13.5827 4222081
13.5827 4223521
13.5851 4224961
13.5851 4226401
13.5875 4227841
13.5875 4229281
13.597 4230721
13.597 4232161
13.5994 4233601
13.5994 4235041
13.63 4236481
13.63 4237921
13.6312 4239361
13.6324 4222081
13.6749 4239361
13.6749 4240801
13.6773 4242241
13.7198 4243681
13.7198 4245121
13.7222 4236481
13.7222 4237921
13.7222 4245121
13.7222 4246561
13.7234 4248001
13.7647 4249441
13.7671 4250881
13.7695 4252321
13.7695 4253761
13.812 4255201
13.812 4256641
13.8156 4258081
13.8156 4259521
13.8581 4260961
13.8581 4262401
13.8617 4263841
13.8617 4265281
13.8617 4266721
13.9042 4268161
13.9042 4269601
13.9078 4271041
13.9078 4272481
13.9491 4273921
13.9491 4275361
13.9526 4276801
13.9526 4278241
13.994 4279681
13.994 4281121
13.994 4282561
13.9975 4284001
13.9975 4285441
14.0389 4286881
14.0389 4288321
14.0413 4289761
14.0413 4291201
14.0437 4292641
14.0437 4294081
14.085 4295521
14.085 4296961
14.0874 4298401
14.0874 4299841
14.0897 4301281
14.0897 4302721
14.0897 4304161
14.131 4305601
14.131 4307041
14.1334 4308481
14.1334 4309921
14.1358 4311361
14.1358 4312801
14.1772 4314241
14.1772 4315681
14.1784 4317121
14.1796 4304161
14.2245 4317121
14.2245 4318561
14.2256 4320001
14.2705 4321441
14.2705 4322881
14.3166 4324321
14.3166 4325761
14.3166 4327201
14.3627 4328641
14.3627 4330081
14.4076 4331521
14.4076 4332961
14.4525 4334401
14.4525 4335841
14.4525 4337281
14.4974 4338721
14.4974 4340161
14.4998 4341601
14.4998 4343041
14.5435 4344481
14.5435 4345921
14.5459 4347361
14.5459 4348801
14.5895 4350241
14.5895 4351681
14.5895 4353121
14.5919 4354561
14.5919 4356001
14.6356 4357441
14.6356 4358881
14.638 4360321
14.638 4361761
14.6805 4363201
14.6805 4364641
14.6829 4366081
14.6829 4367521
14.6829 4368961
14.7254 4370401
14.7254 4371841
14.7278 4373281
14.7278 4374721
14.7302 4376161
14.7302 4377601
14.7715 4379041
14.7715 4380481
14.7739 4381921
14.7739 4383361
14.7763 4384801
14.7763 4386241
14.7763 4387681
14.8176 4389121
14.8176 4390561
14.82 4392001
14.82 4393441
14.8224 4394881
14.8224 4396321
14.8625 4397761
14.8625 4399201
14.8649 4400641
14.8649 4402081
14.8673 4403521
14.8673 4404961
14.9074 4406401
14.9074 4407841
14.9098 4409281
14.9098 4410721
14.9098 4412161
14.9121 4413601
14.9121 4415041
14.9523 4416481
14.9523 4417921
14.9546 4419361
14.9546 4420801
14.957 4422241
14.957 4423681
14.9594 4425121
14.9594 4426561
14.9983 4428001
14.9983 4429441
15.0007 4430881
15.0007 4432321
15.0031 4433761
15.0031 4435201
15.0031 4436641
15.0055 4438081
15.0055 4439521
15.0444 4440961
15.0444 4442401
15.0468 4443841
15.0468 4445281
15.0492 4446721
15.0492 4448161
15.0516 4449601
15.0516 4451041
15.0893 4452481
15.0893 4453921
15.0917 4455361
15.0917 4456801
15.0941 4458241
15.0941 4459681
15.0965 4461121
15.0965 4462561
15.1342 4464001
15.1342 4465441
15.1342 4466881
15.1366 4468321
15.1366 4469761
15.139 4471201
15.139 4472641
15.1414 4474081
15.1414 4475521
15.1791 4476961
15.1791 4478401
15.1815 4479841
15.1815 4481281
15.1839 4482721
15.1839 4484161
15.1863 4485601
15.1863 4487041
15.1887 4488481
15.1887 4489921
15.2252 4491361
15.2252 4492801
15.2276 4494241
15.2276 4495681
15.2276 4497121
15.23 4498561
15.23 4500001
15.2336 4501441
15.2336 4502881
15.2348 4504321
15.2701 4485601
15.2785 4504321
15.2785 4505761
15.2797 4507201
15.2808 4508641
15.315 4510081
15.3245 4511521
15.3245 4512961
15.3599 4514401
15.3599 4515841
15.3706 4517281
15.3706 4518721
15.3706 4520161
15.4059 4521601
15.4059 4523041
15.4167 4524481
15.4167 4525921
15.4508 4527361
15.4508 4528801
15.4616 4530241
15.4616 4531681
15.5065 4533121
15.5065 4534561
15.5065 4536001
15.5065 4537441
15.5065 4538881
15.5514 4540321
15.5514 4541761
15.5538 4543201
15.5538 4544641
15.5562 4546081
15.5562 4547521
15.5975 4548961
15.5975 4550401
15.5999 4551841
15.5999 4553281
15.6022 4554721
15.6022 4556161
15.6436 4557601
15.6436 4559041
15.6436 4560481
15.6459 4561921
15.6459 4563361
15.6483 4564801
15.6483 4566241
15.6896 4567681
15.6896 4569121
15.692 4570561
15.692 4572001
15.6944 4573441
15.6944 4574881
15.7345 4576321
15.7345 4577761
15.7369 4579201
15.7369 4580641
15.7369 4582081
15.7393 4583521
15.7393 4584961
15.7794 4586401
15.7794 4587841
15.7818 4589281
15.7818 4590721
15.7842 4592161
15.7842 4593601
15.7866 4595041
15.7866 4596481
15.8255 4597921
15.8255 4599361
15.8279 4600801
15.8279 4602241
15.8303 4603681
15.8303 4605121
15.8327 4606561
15.8327 4608001
15.8327 4609441
15.8716 4610881
15.8716 4612321
15.874 4613761
15.874 4615201
15.8764 4616641
15.8764 4618081
15.8788 4619521
15.8788 4620961
15.9165 4622401
15.9165 4623841
15.9189 4625281
15.9189 4626721
15.9213 4628161
15.9213 4629601
15.9236 4631041
15.9236 4632481
15.9614 4633921
15.9614 4635361
15.9614 4636801
15.9638 4638241
15.9638 4639681
15.9661 4641121
15.9661 4642561
15.9685 4644001
15.9685 4645441
16.0063 4646881
16.0063 4648321
16.0086 4649761
16.0086 4651201
16.011 4652641
16.011 4654081
16.0134 4655521
16.0134 4656961
16.0158 4658401
16.0158 4659841
16.0523 4661281
16.0523 4662721
16.0547 4664161
16.0547 4665601
16.0571 4667041
16.0571 4668481
16.0571 4669921
16.0619 4671361
16.0619 4672801
16.0619 4674241
16.0619 4675681
16.0984 4677121
16.0984 4678561
16.1008 4680001
16.1008 4681441
16.1032 4682881
16.1032 4684321
16.1068 4685761
16.1068 4687201
16.1093 4688641
16.1093 4690081
16.1433 4691521
16.1433 4692961
16.1457 4694401
16.1457 4695841
16.1481 4697281
16.1481 4698721
16.1517 4700161
16.1517 4701601
16.1542 4703041
16.1542 4704481
16.1542 4705921
16.1882 4707361
16.1882 4708801
16.1906 4710241
16.1906 4711681
16.193 4713121
16.193 4714561
16.1966 4716001
16.1966 4717441
16.1991 4718881
16.1991 4720321
16.2015 4721761
16.2015 4723201
16.2343 4724641
16.2343 4726081
16.2367 4727521
16.2367 4728961
16.2391 4730401
16.2391 4731841
16.2427 4733281
16.2427 4734721
16.2452 4736161
16.2452 4737601
16.2476 4739041
16.2476 4740481
16.2804 4741921
16.2804 4743361
16.2804 4744801
16.2828 4746241
16.2828 4747681
16.2852 4749121
16.2852 4750561
16.2887 4752001
16.2887 4753441
16.2913 4754881
16.2913 4756321
16.2937 4757761
16.2937 4759201
16.3265 4760641
16.3265 4762081
16.3288 4763521
16.3288 4764961
16.3312 4766401
16.3312 4767841
16.3336 4769281
16.3336 4770721
16.3362 4772161
16.3362 4773601
16.3386 4775041
16.3398 4776481
16.3714 4754881
16.3811 4776481
16.3811 4777921
16.3823 4779361
16.3835 4780801
16.3847 4782241
16.4163 4783681
16.4271 4785121
16.4271 4786561
16.4296 4788001
16.4296 4789441
16.472 4790881
16.472 4792321
16.472 4793761
16.4744 4795201
16.4744 4796641
16.5169 4798081
16.5169 4799521
16.5193 4800961
16.5193 4802401
16.5217 4803841
16.5217 4805281
16.563 4806721
16.563 4808161
16.5654 4809601
16.5654 4811041
16.5678 4812481
16.5678 4813921
16.5678 4815361
16.6091 4816801
16.6091 4818241
16.6115 4819681
16.6115 4821121
16.6139 4822561
16.6139 4824001
16.654 4825441
16.654 4826881
16.6564 4828321
16.6564 4829761
16.6588 4831201
16.6588 4832641
16.6989 4834081
16.6989 4835521
16.6989 4836961
16.7013 4838401
16.7013 4839841
16.7037 4841281
16.7037 4842721
16.7438 4844161
16.7438 4845601
16.7462 4847041
16.7462 4848481
16.7485 4849921
16.7485 4851361
16.751 4852801
16.751 4854241
16.7898 4855681
16.7898 4857121
16.7922 4858561
16.7922 4860001
16.7946 4861441
16.7946 4862881
16.7946 4864321
16.7971 4865761
16.7971 4867201
16.8359 4868641
16.8359 4870081
16.8383 4871521
16.8383 4872961
16.8407 4874401
16.8407 4875841
16.8431 4877281
16.8431 4878721
16.8808 4880161
16.8808 4881601
16.8832 4883041
16.8832 4884481
16.8856 4885921
16.8856 4887361
16.888 4888801
16.888 4890241
16.888 4891681
16.9269 4893121
16.9269 4894561
16.9281 4896001
16.9293 4878721
16.9718 4896001
16.9718 4897441
16.973 4898881
16.9742 4900321
16.9754 4901761
17.0179 4903201
17.0179 4904641
17.0203 4906081
17.0203 4907521
17.064 4908961
17.064 4910401
17.0664 4911841
17.0664 4913281
17.1101 4914721
17.1101 4916161
17.1101 4917601
17.1125 4919041
17.1125 4920481
17.1562 4921921
17.1562 4923361
17.1586 4924801
17.1586 4926241
17.2011 4927681
17.2023 4929121
17.2035 4919041
17.2472 4929121
17.2472 4930561
17.2484 4932001
17.2933 4933441
17.2933 4934881
17.3393 4936321
17.3393 4937761
17.3854 4939201
17.3854 4940641
17.3854 4942081
17.4315 4943521
17.4315 4944961
17.4764 4946401
17.4764 4947841
17.5213 4949281
17.5213 4950721
17.5213 4952161
17.5662 4953601
17.5662 4955041
17.5686 4956481
17.5686 4957921
17.6123 4959361
17.6123 4960801
17.6147 4962241
17.6147 4963681
17.6583 4965121
17.6583 4966561
17.6583 4968001
17.6607 4969441
17.6607 4970881
17.7044 4972321
17.7044 4973761
17.7068 4975201
17.7068 4976641
17.7493 4978081
17.7493 4979521
17.7517 4980961
17.7517 4982401
17.7517 4983841
17.7942 4985281
17.7942 4986721
17.7966 4988161
17.7966 4989601
17.799 4991041
17.799 4992481
17.8403 4993921
17.8403 4995361
17.8427 4996801
17.8427 4998241
17.8451 4999681
17.8451 5001121
17.8451 5002561
17.8864 5004001
17.8864 5005441
17.8888 5006881
17.8888 5008321
17.8912 5009761
17.8912 5011201
17.9313 5012641
17.9313 5014081
17.9337 5015521
17.9337 5016961
17.9361 5018401
17.9361 5019841
17.9762 5021281
17.9762 5022721
17.9786 5024161
17.9786 5025601
17.9786 5027041
17.9809 5028481
17.9809 5029921
18.0211 5031361
18.0211 5032801
18.0234 5034241
18.0234 5035681
18.0258 5037121
18.0258 5038561
18.0282 5040001
18.0282 5041441
18.0671 5042881
18.0671 5044321
18.0695 5045761
18.0695 5047201
18.0719 5048641
18.0719 5050081
18.0719 5051521
18.0743 5052961
18.0743 5054401
18.1132 5055841
18.1132 5057281
18.1156 5058721
18.1156 5060161
18.118 5061601
18.118 5063041
18.1204 5064481
18.1204 5065921
18.1581 5067361
18.1581 5068801
18.1605 5070241
18.1605 5071681
18.1629 5073121
18.1629 5074561
18.1653 5076001
18.1653 5077441
18.203 5078881
18.203 5080321
18.203 5081761
18.2054 5083201
18.2054 5084641
18.2078 5086081
18.2078 5087521
18.2102 5088961
18.2102 5090401
18.2479 5091841
18.2479 5093281
18.2503 5094721
18.2503 5096161
18.2527 5097601
18.2527 5099041
18.2551 5100481
18.2551 5101921
18.2575 5103361
18.2575 5104801
18.294 5106241
18.294 5107681
18.2964 5109121
18.2964 5110561
18.2964 5112001
18.2988 5113441
18.2988 5114881
18.3012 5116321
18.3012 5117761
18.3036 5119201
18.3036 5120641
18.3401 5122081
18.3401 5123521
18.3424 5124961
18.3424 5126401
18.3448 5127841
18.3448 5129281
18.3472 5130721
18.3472 5132161
18.3496 5133601
18.3496 5135041
18.3849 5136481
18.3849 5137921
18.3873 5139361
18.3873 5140801
18.3897 5142241
18.3897 5143681
18.3921 5145121
18.3921 5146561
18.3921 5148001
18.3945 5149441
18.3945 5150881
18.4298 5152321
18.4298 5153761
18.4322 5155201
18.4322 5156641
18.4346 5158081
18.4346 5159521
18.437 5160961
18.437 5162401
18.4394 5163841
18.4394 5165281
18.4418 5166721
18.4418 5168161
18.4771 5169601
18.4771 5171041
18.4783 5172481
18.4807 5152321
18.4879 5156641
18.4879 5158081
18.5221 5172481
18.5221 5173921
18.5232 5175361
18.5244 5176801
18.5256 5156641
18.5256 5176801
18.5256 5178241
18.5328 5179681
18.5681 5181121
18.5681 5182561
18.5705 5184001
18.5777 5185441
18.5777 5186881
18.6142 5188321
18.6142 5189761
18.6226 5191201
18.6226 5192641
18.6591 5194081
18.6591 5195521
18.6591 5196961
18.6675 5198401
18.6675 5199841
18.704 5201281
18.704 5202721
18.7064 5204161
18.7064 5205601
18.7136 5207041
18.7136 5208481
18.7501 5209921
18.7501 5211361
18.7525 5212801
18.7525 5214241
18.7525 5215681
18.7596 5217121
18.7596 5218561
18.7962 5220001
18.7962 5221441
18.7986 5222881
18.7986 5224321
18.8045 5225761
18.8045 5227201
18.8411 5228641
18.8411 5230081
18.8435 5231521
18.8435 5232961
18.886 5234401
18.886 5235841
18.886 5237281
18.886 5238721
18.8883 5240161
18.8883 5241601
18.8883 5243041
18.9308 5244481
18.9308 5245921
18.9332 5247361
18.9332 5248801
18.938 5250241
18.938 5251681
18.938 5253121
18.938 5254561
18.9769 5256001
18.9769 5257441
18.9829 5258881
18.9829 5260321
18.9841 5261761
18.9853 5247361
19.029 5261761
19.029 5263201
19.0302 5264641
19.0314 5266081
19.0751 5267521
19.0751 5268961
19.12 5270401
19.12 5271841
19.1649 5273281
19.1649 5274721
19.2098 5276161
19.2098 5277601
19.2098 5279041
19.2547 5280481
19.2547 5281921
19.257 5283361
19.257 5284801
19.3007 5286241
19.3007 5287681
19.3031 5289121
19.3031 5290561
19.3031 5292001
20.3031 5284801
20.3031 5286241
20.348 5289121
20.348 5290561
20.348 5292001
20.348 5293441
20.3941 5294881
20.439 5296321
20.4839 5297761
20.5289 5299201
20.5738 5300641
20.6187 5302081
20.6636 5303521
20.7085 5304961
20.7534 5306401
20.7983 5307841
20.8432 5309281
20.8881 5310721
20.933 5312161
20.9779 5313601
21.0228 5315041
21.0677 5316481
21.1126 5317921
21.348 5289121
21.348 5290561
21.3929 5317921
21.3929 5319361
21.6378 5320801
21.6378 5322241
21.6839 5323681
21.6839 5325121
21.73 5326561
21.73 5328001
21.7761 5329441
21.7761 5330881
21.7761 5332321
21.8222 5333761
21.8222 5335201
21.867 5336641
21.867 5338081
21.9119 5339521
21.9119 5340961
21.9119 5342401
21.9568 5343841
21.9568 5345281
21.9592 5346721
21.9592 5348161
22.0029 5349601
22.0029 5351041
22.0053 5352481
22.0053 5353921
22.049 5355361
22.049 5356801
22.049 5358241
22.0514 5359681
22.0514 5361121
22.0951 5362561
22.0951 5364001
22.0975 5365441
22.0975 5366881
22.14 5368321
22.14 5369761
22.1424 5371201
22.1424 5372641
22.1424 5374081
22.1849 5375521
22.1849 5376961
22.1872 5378401
22.1872 5379841
22.1896 5381281
22.1896 5382721
22.2309 5384161
22.2309 5385601
22.2333 5387041
22.2333 5388481
22.2357 5389921
22.2357 5391361
22.2357 5392801
22.277 5394241
22.277 5395681
22.2794 5397121
22.2794 5398561
22.2818 5400001
22.2818 5401441
22.3219 5402881
22.3219 5404321
22.3243 5405761
22.3243 5407201
22.3267 5408641
22.3267 5410081
22.3668 5411521
22.3668 5412961
22.3692 5414401
22.3692 5415841
22.3692 5417281
22.3716 5418721
22.3716 5420161
22.4117 5421601
22.4117 5423041
22.4141 5424481
22.4141 5425921
22.4165 5427361
22.4165 5428801
22.4189 5430241
22.4189 5431681
22.458 5433121
22.458 5434561
22.4604 5436001
22.4604 5437441
22.4628 5438881
22.4628 5440321
22.4628 5441761
22.4652 5443201
22.4652 5444641
22.5041 5446081
22.5041 5447521
22.5065 5448961
22.5065 5450401
22.5089 5451841
22.5089 5453281
22.5113 5454721
22.5125 5456161
22.549 5440321
22.5562 5456161
22.5562 5457601
22.5574 5459041
22.5939 5460481
22.6023 5461921
22.6023 5463361
22.6472 5464801
22.6472 5466241
22.6472 5467681
22.6921 5469121
22.6921 5470561
22.6944 5472001
22.6944 5473441
22.7381 5474881
22.7381 5476321
22.7405 5477761
22.7405 5479201
22.7842 5480641
22.7842 5482081
22.7842 5483521
22.7866 5484961
22.7866 5486401
22.8303 5487841
22.8303 5489281
22.8327 5490721
22.8327 5492161
22.8752 5493601
22.8752 5495041
22.8776 5496481
22.8776 5497921
22.8776 5499361
22.9201 5500801
22.9201 5502241
22.9225 5503681
22.9225 5505121
22.9249 5506561
22.9249 5508001
22.9662 5509441
22.9662 5510881
22.9686 5512321
22.9686 5513761
22.971 5515201
22.971 5516641
23.0123 5518081
23.0123 5519521
23.0123 5520961
23.0147 5522401
23.0147 5523841
23.017 5525281
23.017 5526721
23.0583 5528161
23.0583 5529601
23.0607 5531041
23.0607 5532481
23.0631 5533921
23.0631 5535361
23.1032 5536801
23.1032 5538241
23.1056 5539681
23.1056 5541121
23.1056 5542561
23.108 5544001
23.108 5545441
23.1481 5546881
23.1481 5548321
23.1505 5549761
23.1505 5551201
23.1529 5552641
23.1529 5554081
23.1553 5555521
23.1553 5556961
23.1942 5558401
23.1942 5559841
23.1966 5561281
23.1966 5562721
23.199 5564161
23.199 5565601
23.199 5567041
23.2014 5568481
23.2014 5569921
23.2403 5571361
23.2403 5572801
23.2427 5574241
23.2427 5575681
23.2451 5577121
23.2451 5578561
23.2475 5580001
23.2475 5581441
23.2852 5582881
23.2852 5584321
23.2876 5585761
23.2876 5587201
23.29 5588641
23.29 5590081
23.2924 5591521
23.2924 5592961
23.3301 5594401
23.3301 5595841
23.3301 5597281
23.3325 5598721
23.3325 5600161
23.3349 5601601
23.3349 5603041
23.3372 5604481
23.3372 5605921
23.375 5607361
23.375 5608801
23.3774 5610241
23.3774 5611681
23.3797 5613121
23.3797 5614561
23.3821 5616001
23.3821 5617441
23.3845 5618881
23.3845 5620321
23.421 5621761
23.421 5623201
23.4234 5624641
23.4234 5626081
23.4234 5627521
23.4258 5628961
23.4258 5630401
23.4282 5631841
23.4282 5633281
23.4306 5634721
23.4306 5636161
23.4671 5637601
23.4671 5639041
23.4695 5640481
23.4695 5641921
23.4719 5643361
23.4719 5644801
23.4743 5646241
23.4743 5647681
23.4767 5649121
23.4767 5650561
23.512 5652001
23.512 5653441
23.5144 5654881
23.5144 5656321
23.5168 5657761
23.5168 5659201
23.5192 5660641
23.5192 5662081
23.5192 5663521
23.5216 5664961
23.5216 5666401
23.5569 5667841
23.5569 5669281
23.5593 5670721
23.5593 5672161
23.5617 5673601
23.5617 5675041
23.5641 5676481
23.5641 5677921
23.5665 5679361
23.5665 5680801
23.569 5682241
23.569 5683681
23.603 5685121
23.603 5686561
23.6054 5688001
23.6054 5689441
23.6078 5690881
23.6078 5692321
23.6102 5693761
23.6102 5695201
23.6126 5696641
23.6126 5698081
23.6126 5699521
23.6151 5700961
23.6151 5702401
23.6491 5703841
23.6491 5705281
23.6515 5706721
23.6515 5708161
23.6539 5709601
23.6539 5711041
23.6563 5712481
23.6563 5713921
23.6588 5715361
23.6588 5716801
23.6612 5718241
23.6612 5719681
23.694 5721121
23.694 5722561
23.6964 5724001
23.6964 5725441
23.6988 5726881
23.6988 5728321
23.7011 5729761
23.7011 5731201
23.7037 5732641
23.7049 5734081
23.7061 5712481
23.746 5734081
23.746 5735521
23.7472 5736961
23.7487 5738401
23.751 5739841
23.751 5741281
23.7921 5742721
23.7921 5744161
23.7959 5745601
23.7959 5747041
23.837 5748481
23.837 5749921
23.837 5751361
23.8408 5752801
23.8408 5754241
23.8819 5755681
23.8819 5757121
23.8843 5758561
23.8843 5760001
23.8869 5761441
23.8869 5762881
23.928 5764321
23.928 5765761
23.9304 5767201
23.9304 5768641
23.933 5770081
23.933 5771521
23.933 5772961
23.9741 5774401
23.9741 5775841
23.9765 5777281
23.9765 5778721
23.9791 5780161
23.9791 5781601
24.019 5783041
24.019 5784481
24.0214 5785921
24.0214 5787361
24.024 5788801
24.024 5790241
24.0639 5791681
24.0639 5793121
24.0639 5794561
24.0663 5796001
24.0663 5797441
24.0688 5798881
24.0688 5800321
24.1088 5801761
24.1088 5803201
24.1111 5804641
24.1111 5806081
24.1135 5807521
24.1135 5808961
24.1159 5810401
24.1159 5811841
24.1548 5813281
24.1548 5814721
24.1572 5816161
24.1572 5817601
24.1596 5819041
24.1596 5820481
24.1596 5821921
24.162 5823361
24.162 5824801
24.2009 5826241
24.2009 5827681
24.2033 5829121
24.2033 5830561
24.2057 5832001
24.2057 5833441
24.2081 5834881
24.2081 5836321
24.2458 5837761
24.2458 5839201
24.2482 5840641
24.2494 5842081
24.2506 5826241
24.2931 5842081
24.2931 5843521
24.2943 5844961
24.2955 5846401
24.3392 5847841
24.3392 5849281
24.3841 5850721
24.3841 5852161
24.3841 5853601
24.429 5855041
24.429 5856481
24.4314 5857921
24.4314 5859361
24.4751 5860801
24.4751 5862241
24.4775 5863681
24.4775 5865121
24.5212 5866561
24.5212 5868001
24.5212 5869441
24.5235 5870881
24.5235 5872321
24.5672 5873761
24.5672 5875201
24.5696 5876641
24.5696 5878081
24.6121 5879521
24.6121 5880961
24.6145 5882401
24.6145 5883841
24.6145 5885281
24.657 5886721
24.657 5888161
24.6594 5889601
24.6594 5891041
24.6618 5892481
24.6618 5893921
24.7031 5895361
24.7031 5896801
24.7055 5898241
24.7055 5899681
24.7079 5901121
24.7079 5902561
24.7492 5904001
24.7492 5905441
24.7492 5906881
24.7516 5908321
24.7516 5909761
24.754 5911201
24.754 5912641
24.7953 5914081
24.7953 5915521
24.7977 5916961
24.7977 5918401
24.8001 5919841
24.8001 5921281
24.8402 5922721
24.8402 5924161
24.8426 5925601
24.8426 5927041
24.8426 5928481
24.8449 5929921
24.8449 5931361
24.8851 5932801
24.8851 5934241
24.8874 5935681
24.8874 5937121
24.8898 5938561
24.8898 5940001
24.8922 5941441
24.8922 5942881
24.9311 5944321
24.9311 5945761
24.9335 5947201
24.9335 5948641
24.9359 5950081
24.9359 5951521
24.9359 5952961
24.9383 5954401
24.9383 5955841
24.9772 5957281
24.9772 5958721
24.9796 5960161
24.9796 5961601
24.982 5963041
24.982 5964481
24.9844 5965921
24.9844 5967361
25.0221 5968801
25.0221 5970241
25.0245 5971681
25.0245 5973121
25.0269 5974561
25.0269 5976001
25.0305 5977441
25.0305 5978881
25.067 5980321
25.0682 5964481
25.0766 5980321
25.0766 5981761
25.1119 5983201
25.1131 5984641
25.1568 5986081
25.1568 5987521
25.2017 5988961
25.2017 5990401
25.2017 5991841
25.2466 5993281
25.2466 5994721
25.249 5996161
25.249 5997601
25.2927 5999041
25.2927 6000481
25.2951 6001921
25.2951 6003361
25.3388 6004801
25.3388 6006241
25.3388 6007681
25.3411 6009121
25.3411 6010561
25.3848 6012001
25.3848 6013441
25.3872 6014881
25.3872 6016321
25.4321 6017761
25.4321 6019201
25.4321 6020641
25.4321 6022081
25.477 6023521
25.477 6024961
25.477 6026401
25.4794 6027841
25.4794 6029281
25.5219 6030721
25.5219 6032161
25.5243 6033601
25.5243 6035041
25.5267 6036481
25.5267 6037921
25.568 6039361
25.568 6040801
25.5704 6042241
25.5704 6043681
25.5728 6045121
25.5728 6046561
25.5728 6048001
25.6141 6049441
25.6141 6050881
25.6165 6052321
25.6165 6053761
25.6189 6055201
25.6189 6056641
25.659 6058081
25.659 6059521
25.6614 6060961
25.6614 6062401
25.6637 6063841
25.6637 6065281
25.7039 6066721
25.7039 6068161
25.7039 6069601
25.7062 6071041
25.7062 6072481
25.7086 6073921
25.7086 6075361
25.7487 6076801
25.7487 6078241
25.7511 6079681
25.7511 6081121
25.7535 6082561
25.7535 6084001
25.7559 6085441
25.7559 6086881
25.7948 6088321
25.7948 6089761
25.7972 6091201
25.7972 6092641
25.7972 6094081
25.7996 6095521
25.7996 6096961
25.802 6098401
25.802 6099841
25.8409 6101281
25.8409 6102721
25.8433 6104161
25.8433 6105601
25.8457 6107041
25.8457 6108481
25.8481 6109921
25.8481 6111361
25.8858 6112801
25.8858 6114241
25.8882 6115681
25.8882 6117121
25.8906 6118561
25.8906 6120001
25.893 6121441
25.8942 6122881
25.9307 6107041
25.9391 6117121
25.9391 6118561
25.9391 6122881
25.9391 6124321
25.9756 6117121
25.9756 6124321
25.9756 6125761
25.984 6127201
26.0205 6128641
26.0289 6130081
26.0289 6131521
26.0289 6132961
26.0738 6134401
26.0738 6135841
26.0762 6137281
26.0762 6138721
26.1199 6140161
26.1199 6141601
26.1222 6143041
26.1222 6144481
26.1659 6145921
26.1659 6147361
26.1659 6148801
26.1683 6150241
26.1683 6151681
26.2144 6153121
26.2144 6154561
26.2144 6156001
26.2144 6157441
26.2593 6158881
26.2593 6160321
26.2617 6161761
26.2617 6163201
26.3042 6164641
26.3042 6166081
26.3042 6167521
26.3066 6168961
26.3066 6170401
26.3491 6171841
26.3491 6173281
26.3515 6174721
26.3515 6176161
26.3539 6177601
26.3539 6179041
26.3952 6180481
26.3952 6181921
26.3976 6183361
26.3976 6184801
26.3999 6186241
26.3999 6187681
26.3999 6189121
26.4413 6190561
26.4413 6192001
26.4436 6193441
26.4436 6194881
26.446 6196321
26.446 6197761
26.4861 6199201
26.4861 6200641
26.4885 6202081
26.4885 6203521
26.4909 6204961
26.4909 6206401
26.531 6207841
26.531 6209281
26.531 6210721
26.5334 6212161
26.5334 6213601
26.5358 6215041
26.5358 6216481
26.5759 6217921
26.5759 6219361
26.5783 6220801
26.5783 6222241
26.5807 6223681
26.5807 6225121
26.5831 6226561
26.5831 6228001
26.622 6229441
26.622 6230881
26.6244 6232321
26.6244 6233761
26.6244 6235201
26.6268 6236641
26.6268 6238081
26.6292 6239521
26.6292 6240961
26.6681 6242401
26.6681 6243841
26.6705 6245281
26.6705 6246721
26.6729 6248161
26.6729 6249601
26.6753 6251041
26.6753 6252481
26.713 6253921
26.713 6255361
26.7154 6256801
26.7154 6258241
26.7178 6259681
26.7178 6261121
26.7202 6262561
26.7202 6264001
26.7202 6265441
26.7579 6266881
26.7579 6268321
26.7603 6269761
26.7603 6271201
26.7627 6272641
26.7627 6274081
26.765 6275521
26.765 6276961
26.7674 6278401
26.7674 6279841
26.804 6281281
26.804 6282721
26.8063 6284161
26.8063 6285601
26.8087 6287041
26.8087 6288481
26.8111 6289921
26.8111 6291361
26.8138 6292801
26.8138 6294241
26.8138 6295681
26.85 6297121
26.85 6298561
26.8524 6300001
26.8524 6301441
26.8548 6302881
26.8548 6304321
26.8572 6305761
26.8587 6307201
26.8599 6288481
26.9009 6307201
26.9009 6308641
26.9021 6310081
26.9036 6311521
26.9048 6312961
26.947 6314401
26.947 6315841
26.9497 6317281
26.9497 6318721
26.9931 6320161
26.9931 6321601
26.9931 6323041
26.9958 6324481
26.9958 6325921
27.0392 6327361
27.0392 6328801
27.0416 6330241
27.0416 6331681
27.0841 6333121
27.0841 6334561
27.0865 6336001
27.0865 6337441
27.0865 6338881
27.1302 6340321
27.1302 6341761
27.1314 6343201
27.1326 6331681
27.1775 6343201
27.1775 6344641
27.1787 6346081
27.2236 6347521
27.2236 6348961
27.2696 6350401
27.2696 6351841
27.3157 6353281
27.3157 6354721
27.3157 6356161
27.3618 6357601
27.3618 6359041
27.4067 6360481
27.4067 6361921
27.4516 6363361
27.4516 6364801
27.4516 6366241
27.4965 6367681
27.4965 6369121
27.4989 6370561
27.4989 6372001
27.5426 6373441
27.5426 6374881
27.545 6376321
27.545 6377761
27.5887 6379201
27.5887 6380641
27.5887 6382081
27.591 6383521
27.591 6384961
27.6347 6386401
27.6347 6387841
27.6371 6389281
27.6371 6390721
27.6796 6392161
27.6796 6393601
27.682 6395041
27.682 6396481
27.682 6397921
27.7245 6399361
27.7245 6400801
27.7269 6402241
27.7281 6403681
27.7293 6392161
27.773 6403681
27.773 6405121
27.7742 6406561
27.8191 6408001
27.8191 6409441
27.8652 6410881
27.8652 6412321
27.9113 6413761
27.9113 6415201
27.9113 6416641
27.9574 6418081
27.9574 6419521
28.0022 6420961
28.0022 6422401
28.0471 6423841
28.0471 6425281
28.0471 6426721
28.092 6428161
28.092 6429601
28.0944 6431041
28.0944 6432481
28.1381 6433921
28.1381 6435361
28.1405 6436801
28.1405 6438241
28.1842 6439681
28.1842 6441121
28.1842 6442561
28.1866 6444001
28.1866 6445441
28.2303 6446881
28.2303 6448321
28.2327 6449761
28.2327 6451201
28.2752 6452641
28.2752 6454081
28.2776 6455521
28.2776 6456961
28.2776 6458401
28.3201 6459841
28.3201 6461281
28.3225 6462721
28.3225 6464161
28.3248 6465601
28.3248 6467041
28.3661 6468481
28.3661 6469921
28.3685 6471361
28.3685 6472801
28.3711 6474241
28.3711 6475681
28.3711 6477121
28.4122 6478561
28.4122 6480001
28.4146 6481441
28.4146 6482881
28.4172 6484321
28.4172 6485761
28.4571 6487201
28.4571 6488641
28.4595 6490081
28.4595 6491521
28.4621 6492961
28.4621 6494401
28.502 6495841
28.502 6497281
28.5044 6498721
28.5044 6500161
28.5044 6501601
28.507 6503041
28.507 6504481
28.5469 6505921
28.5469 6507361
28.5493 6508801
28.5493 6510241
28.5517 6511681
28.5517 6513121
28.593 6514561
28.593 6516001
28.593 6517441
28.593 6518881
28.5954 6520321
28.5954 6521761
28.5978 6523201
28.5978 6524641
28.6391 6526081
28.6391 6527521
28.6391 6528961
28.6415 6530401
28.6415 6531841
28.6439 6533281
28.6439 6534721
28.6852 6536161
28.6852 6537601
28.6852 6539041
28.6852 6540481
28.6875 6541921
28.6875 6543361
28.6899 6544801
28.6899 6546241
28.73 6547681
28.73 6549121
28.7324 6550561
28.7324 6552001
28.7348 6553441
28.7348 6554881
28.7375 6556321
28.7375 6557761
28.7749 6559201
28.7749 6560641
28.7749 6562081
28.7773 6563521
28.7773 6564961
28.7797 6566401
28.7797 6567841
28.7824 6569281
28.7824 6570721
28.8198 6572161
28.8198 6573601
28.8222 6575041
28.8222 6576481
28.8246 6577921
28.8246 6579361
28.827 6580801
28.827 6582241
28.8297 6583681
28.8297 6585121
28.8659 6586561
28.8659 6588001
28.8683 6589441
28.8683 6590881
28.8683 6592321
28.8707 6593761
28.8707 6595201
28.8733 6596641
28.8733 6598081
28.8757 6599521
28.8757 6600961
28.912 6602401
28.912 6603841
28.9144 6605281
28.9144 6606721
28.9168 6608161
28.9168 6609601
28.9194 6611041
28.9194 6612481
28.9218 6613921
28.9218 6615361
28.9569 6616801
28.9569 6618241
28.9593 6619681
28.9593 6621121
28.9617 6622561
28.9617 6624001
28.9643 6625441
28.9643 6626881
28.9643 6628321
28.9667 6629761
28.9667 6631201
29.0018 6632641
29.0018 6634081
29.0042 6635521
29.0042 6636961
29.0066 6638401
29.0066 6639841
29.0092 6641281
29.0092 6642721
29.0116 6644161
29.0116 6645601
29.014 6647041
29.014 6648481
29.0479 6649921
29.0479 6651361
29.0502 6652801
29.0502 6654241
29.0526 6655681
29.0526 6657121
29.0553 6658561
29.0553 6660001
29.0577 6661441
29.0577 6662881
29.0577 6664321
29.0601 6665761
29.0601 6667201
29.0939 6668641
29.0939 6670081
29.0963 6671521
29.0963 6672961
29.0987 6674401
29.0987 6675841
29.1014 6677281
29.1014 6678721
29.1038 6680161
29.105 6681601
29.1062 6660001
29.1463 6681601
29.1463 6683041
29.1475 6684481
29.1487 6685921
29.1499 6687361
29.1511 6688801
29.1924 6690241
29.1924 6691681
29.1948 6693121
29.1948 6694561
29.2373 6696001
29.2373 6697441
29.2373 6698881
29.2397 6700321
29.2397 6701761
29.2822 6703201
29.2822 6704641
29.2846 6706081
29.2846 6707521
29.287 6708961
29.287 6710401
29.3283 6711841
29.3295 6713281
29.3307 6701761
29.3744 6713281
29.3744 6714721
29.3756 6716161
29.4205 6717601
29.4205 6719041
29.4666 6720481
29.4666 6721921
29.5126 6723361
29.5126 6724801
29.5126 6726241
29.5587 6727681
29.5587 6729121
29.6036 6730561
29.6036 6732001
29.6485 6733441
29.6485 6734881
29.6485 6736321
29.6934 6737761
29.6934 6739201
29.6958 6740641
29.6958 6742081
29.7395 6743521
29.7395 6744961
29.7419 6746401
29.7419 6747841
29.7856 6749281
29.7856 6750721
29.7856 6752161
29.788 6753601
29.788 6755041
29.8317 6756481
29.8317 6757921
29.834 6759361
29.834 6760801
29.8765 6762241
29.8765 6763681
29.8789 6765121
29.8789 6766561
29.8789 6768001
29.9214 6769441
29.9214 6770881
29.9238 6772321
29.9238 6773761
29.9262 6775201
29.9262 6776641
29.9675 6778081
29.9675 6779521
29.9699 6780961
29.9699 6782401
29.9723 6783841
29.9723 6785281
29.9723 6786721
30.0136 6788161
30.0136 6789601
30.016 6791041
30.016 6792481
30.0184 6793921
30.0184 6795361
30.0585 6796801
30.0585 6798241
30.0609 6799681
30.0609 6801121
30.0633 6802561
30.0633 6804001
