0.0422165 1
0.0871493 1441
0.133234 4321
0.269128 11521
0.314018 14401
0.360102 17281
0.604992 18721
0.739913 25921
0.785047 28801
0.83166 31681
0.878272 34561
0.924885 37441
0.970303 40321
1.01572 43201
1.06114 46081
1.06353 48961
1.10748 51841
1.10987 54721
1.15357 57601
1.15596 60481
1.19965 63361
1.20204 66241
1.24454 69121
1.24693 72001
1.28943 74881
1.29182 77761
1.29421 80641
1.33552 83521
1.33791 86401
1.3403 89281
1.3816 92161
1.38399 95041
1.38638 97921
1.42649 100801
1.42888 103681
1.43127 106561
1.47138 109441
1.47377 112321
1.47616 115201
1.51627 118081
1.51866 120961
1.52105 123841
1.52344 126721
1.56236 129601
1.56475 132481
1.56714 135361
1.56953 138241
1.60844 141121
1.61083 144001
1.61322 146881
1.61561 149761
1.65333 152641
1.65572 155521
1.65811 158401
1.6605 161281
1.69822 164161
1.70061 167041
1.703 169921
1.70539 172801
1.74311 175681
1.7455 178561
1.74789 181441
1.75028 184321
1.75267 187201
1.78919 190081
1.79158 192961
1.79397 195841
1.79636 198721
1.79879 201601
1.83528 204481
1.83888 205921
1.88735 224641
1.92987 227521
1.93226 230401
1.97595 233281
1.97834 236161
2.02204 239041
2.02443 241921
2.06693 244801
2.06932 247681
2.11182 250561
2.11421 253441
2.1166 256321
2.16029 262081
2.16268 264961
2.20638 267841
2.20877 270721
2.21116 273601
2.25246 276481
2.25485 279361
2.34226 290881
2.52186 296641
2.56675 299521
2.74755 305281
2.79244 308161
2.83852 311041
2.88461 313921
2.93091 316801
2.9758 319681
3.02069 322561
3.06558 325441
3.06797 328321
3.11167 331201
3.11406 334081
3.15775 336961
3.16014 339841
3.25113 349921
3.29604 352801
3.34212 355681
3.38821 358561
3.43429 361441
3.48039 362881
3.57138 370081
3.61628 372961
3.66237 375841
3.70845 378721
3.75454 381601
3.79943 384481
3.84432 387361
3.88921 390241
3.8916 393121
3.93529 396001
3.93768 398881
3.98138 401761
3.98377 404641
4.02746 407521
4.02985 410401
4.07235 413281
4.07474 416161
4.11724 419041
4.11963 421921
4.12202 424801
4.16333 427681
4.16572 430561
4.16811 433441
4.20941 436321
4.2118 439201
4.21419 442081
4.2543 444961
4.25669 447841
4.25908 450721
4.29919 453601
4.30397 459361
4.34408 462241
4.34886 465121
4.35125 468001
4.35364 470881
4.39016 473761
4.39495 476641
4.39734 479521
4.43625 485281
4.44103 488161
4.44342 491041
4.48233 493921
4.48472 496801
4.48712 499681
4.48951 502561
4.52722 505441
4.52961 508321
4.532 511201
4.5344 514081
4.57211 516961
4.5745 519841
4.5781 521281
4.62658 538561
4.66909 541441
4.67148 544321
4.71518 547201
4.71757 550081
4.76126 552961
4.76365 555841
4.80735 558721
4.80974 561601
4.85224 564481
4.85463 567361
4.89713 570241
4.89952 573121
4.90191 576001
4.94321 578881
4.9456 581761
4.94799 584641
4.9893 587521
4.99169 590401
4.99408 593281
5.03538 596161
5.03777 599041
5.04016 601921
5.08027 604801
5.08266 607681
5.08505 610561
5.12516 613441
5.12755 616321
5.12994 619201
5.13233 622081
5.17125 624961
5.17364 627841
5.17603 630721
5.17842 633601
5.21733 636481
5.21972 639361
5.22211 642241
5.2245 645121
5.26222 648001
5.26461 650881
5.267 653761
5.26939 656641
5.30711 659521
5.3095 662401
5.31189 665281
5.31428 668161
5.352 671041
5.35439 673921
5.35678 676801
5.35917 679681
5.36156 682561
5.39808 685441
5.40047 688321
5.40286 691201
5.40526 694081
5.40765 696961
5.44417 699841
5.44656 702721
5.44895 705601
5.45134 708481
5.45373 711361
5.48906 714241
5.49145 717121
5.49384 720001
5.49623 722881
5.49862 725761
5.53395 728641
5.53634 731521
5.53873 734401
5.54112 737281
5.54351 740161
5.5459 743041
5.58003 745921
5.58242 748801
5.58481 751681
5.5872 754561
5.58959 757441
5.59198 760321
5.62612 763201
5.62851 766081
5.6309 768961
5.63329 771841
5.63568 774721
5.63807 777601
5.67101 780481
5.6734 783361
5.67579 786241
5.67818 789121
5.68057 792001
5.68296 794881
5.7183 796321
5.76797 819361
5.77036 822241
5.81049 825121
5.81288 828001
5.90148 839521
5.94638 842401
5.99247 845281
6.03855 848161
6.08463 851041
6.12952 853921
6.17441 856801
6.2193 859681
6.22169 862561
6.26539 865441
6.26778 868321
6.31147 871201
6.31391 874081
6.35756 876961
6.35995 879841
6.40245 882721
6.40484 885601
6.44734 888481
6.44973 891361
6.45212 894241
6.49342 897121
6.49581 900001
6.49825 902881
6.53951 905761
6.5419 908641
6.54433 911521
6.5844 914401
6.58679 917281
6.58922 920161
6.62929 923041
6.63168 925921
6.63411 928801
6.67418 931681
6.67657 934561
6.72625 948961
6.76996 951841
6.81485 954721
6.85974 957601
6.90463 960481
6.94952 963361
6.95192 966241
6.9956 969121
6.99801 972001
7.04169 974881
7.04409 977761
7.08658 980641
7.08898 983521
7.13147 986401
7.13387 989281
7.17636 992161
7.17876 995041
7.18115 997921
7.22244 1000801
7.22486 1003681
7.22725 1006561
7.26853 1009441
7.27334 1015201
7.31342 1018081
7.31823 1020961
7.32062 1023841
7.35831 1026721
7.36433 1028161
7.4128 1041121
7.45771 1044001
7.50379 1046881
7.54988 1049761
7.59477 1052641
7.63966 1055521
7.68455 1058401
7.68694 1061281
7.73063 1064161
7.73302 1067041
7.77671 1069921
7.77911 1072801
7.8228 1075681
7.82519 1078561
7.86769 1081441
7.87008 1084321
7.91258 1087201
7.91497 1090081
7.91736 1092961
7.95866 1095841
7.96105 1098721
7.96344 1101601
8.00475 1104481
8.00714 1107361
8.00953 1110241
8.04964 1113121
8.05203 1116001
8.05442 1118881
8.09456 1121761
8.09695 1124641
8.09934 1127521
8.13945 1130401
8.14184 1133281
8.14423 1136161
8.14662 1139041
8.18553 1141921
8.18792 1144801
8.19031 1147681
8.1927 1150561
8.23162 1153441
8.23401 1156321
8.2364 1159201
8.23879 1162081
8.27651 1164961
8.2789 1167841
8.28129 1170721
8.28368 1173601
8.3214 1176481
8.3238 1179361
8.32619 1182241
8.32858 1185121
8.36629 1188001
8.36871 1190881
8.3711 1193761
8.37349 1196641
8.37588 1199521
8.41237 1202401
8.41479 1205281
8.41718 1208161
8.41957 1211041
8.42196 1213921
8.45848 1216801
8.46088 1219681
8.46327 1222561
8.46566 1225441
8.46805 1228321
8.50337 1231201
8.50576 1234081
8.50816 1236961
8.51055 1239841
8.51294 1242721
8.54826 1245601
8.55065 1248481
8.55304 1251361
8.55665 1252801
8.60512 1272961
8.64644 1275841
8.64883 1278721
8.69133 1281601
8.69372 1284481
8.73622 1287361
8.73861 1290241
8.78111 1293121
8.7835 1296001
8.78589 1298881
8.82719 1301761
8.82958 1304641
8.83197 1307521
8.87328 1310401
8.87567 1313281
8.87806 1316161
8.91817 1319041
8.92056 1321921
8.92295 1324801
8.96306 1327681
8.96545 1330561
8.96784 1333441
9.00795 1336321
9.01034 1339201
9.01273 1342081
9.01512 1344961
9.05403 1347841
9.05642 1350721
9.05881 1353601
9.06122 1356481
9.10012 1359361
9.10251 1362241
9.1049 1365121
9.1073 1368001
9.1474 1373761
9.14979 1376641
9.15219 1379521
9.19229 1382401
9.19468 1385281
9.19707 1388161
9.19946 1391041
9.23718 1393921
9.23957 1396801
9.24196 1399681
9.24435 1402561
9.24674 1405441
9.28326 1408321
9.28565 1411201
9.28804 1414081
9.29043 1416961
9.29282 1419841
9.32935 1422721
9.33174 1425601
9.33413 1428481
9.33652 1431361
9.33891 1434241
9.37423 1437121
9.37663 1440001
9.37902 1442881
9.38141 1445761
9.3838 1448641
9.41912 1451521
9.42151 1454401
9.42391 1457281
9.4263 1460161
9.42869 1463041
9.43108 1465921
9.46521 1468801
9.4676 1471681
9.46999 1474561
9.47238 1477441
9.47477 1480321
9.47716 1483201
9.51129 1486081
9.51368 1488961
9.51607 1491841
9.51847 1494721
9.52086 1497601
9.52325 1500481
9.55618 1503361
9.55857 1506241
9.56096 1509121
9.56335 1512001
9.56575 1514881
9.56814 1517761
9.60107 1520641
9.60346 1523521
9.60585 1526401
9.60824 1529281
9.61063 1532161
9.61303 1535041
9.64596 1537921
9.64835 1540801
9.65074 1543681
9.65313 1546561
9.65552 1549441
9.65791 1552321
9.66031 1555201
9.69205 1558081
9.69444 1560961
9.69683 1563841
9.69922 1566721
9.70161 1569601
9.704 1572481
9.70639 1575361
9.73813 1578241
9.74052 1581121
9.74291 1584001
9.7453 1586881
9.74769 1589761
9.75008 1592641
9.75247 1595521
9.78302 1598401
9.78541 1601281
9.7878 1604161
9.79019 1607041
9.79258 1609921
9.84345 1635841
9.88238 1638721
9.88477 1641601
9.88716 1644481
9.92727 1647361
9.92966 1650241
9.93205 1653121
9.97216 1656001
9.97455 1658881
9.97694 1661761
10.017 1664641
10.0194 1667521
10.0218 1670401
10.0242 1673281
10.0643 1674721
10.1128 1689121
10.1565 1692001
10.2014 1694881
10.2463 1697761
10.2912 1700641
10.3361 1703521
10.3385 1706401
10.3822 1709281
10.3846 1712161
10.4283 1715041
10.4306 1717921
10.4731 1720801
10.4755 1723681
10.518 1726561
10.5204 1729441
10.5629 1732321
10.5653 1735201
10.5677 1738081
10.609 1740961
10.6114 1743841
10.6138 1746721
10.6551 1749601
10.6575 1752481
10.6599 1755361
10.7 1758241
10.7024 1761121
10.7048 1764001
10.7449 1766881
10.7473 1769761
10.7497 1772641
10.7898 1775521
10.7922 1778401
10.7945 1781281
10.7969 1784161
10.8358 1787041
10.8382 1789921
10.8406 1792801
10.843 1795681
10.8819 1798561
10.8843 1801441
10.8867 1804321
10.8891 1807201
10.9268 1810081
10.9292 1812961
10.9316 1815841
10.934 1818721
10.9717 1821601
10.9741 1824481
10.9765 1827361
10.9789 1830241
10.9813 1833121
11.0178 1836001
11.0202 1838881
11.0226 1841761
11.025 1844641
11.0274 1847521
11.0639 1850401
11.0663 1853281
11.0687 1856161
11.0711 1859041
11.0734 1861921
11.11 1864801
11.1124 1867681
11.1147 1870561
11.1171 1873441
11.1195 1876321
11.1549 1879201
11.1572 1882081
11.1596 1884961
11.162 1887841
11.1644 1890721
11.1997 1893601
11.2021 1896481
11.2045 1899361
11.2069 1902241
11.2093 1905121
11.2117 1908001
11.2458 1910881
11.2482 1913761
11.2506 1916641
11.253 1919521
11.2554 1922401
11.2578 1925281
11.2919 1928161
11.2943 1931041
11.2967 1933921
11.2991 1936801
11.3015 1939681
11.3039 1942561
11.3368 1945441
11.3404 1946881
11.3889 1956961
11.4278 1968481
11.4314 1971361
11.4338 1972801
11.4727 1975681
11.4775 1978561
11.5176 1981441
11.52 1984321
11.5236 1987201
11.5637 1990081
11.5661 1992961
11.5697 1995841
11.6098 1998721
11.6121 2001601
11.6157 2004481
11.6546 2007361
11.657 2010241
11.6606 2013121
11.6995 2016001
11.7504 2030401
11.7941 2033281
11.839 2036161
11.8839 2039041
11.9288 2041921
11.9737 2044801
11.9761 2047681
12.0198 2050561
12.0221 2053441
12.0658 2056321
12.0682 2059201
12.1107 2062081
12.1131 2064961
12.1556 2067841
12.158 2070721
12.2005 2073601
12.2029 2076481
12.2053 2079361
12.2466 2082241
12.249 2085121
12.2514 2088001
12.2927 2090881
12.2951 2093761
12.2975 2096641
12.3849 2109601
12.6286 2111041
12.8082 2116801
12.8531 2119681
12.8991 2122561
12.9452 2125441
12.9913 2128321
13.0362 2131201
13.0811 2134081
13.126 2136961
13.1284 2139841
13.1721 2142721
13.1745 2145601
13.2182 2148481
13.2205 2151361
13.3115 2161441
13.3564 2164321
13.4025 2167201
13.4486 2170081
13.4947 2172961
13.5396 2175841
13.5845 2178721
13.6294 2181601
13.7204 2190241
13.7653 2193121
13.8113 2196001
13.8574 2198881
13.9035 2201761
13.9484 2204641
13.9936 2207521
14.0385 2210401
14.0409 2213281
14.0846 2216161
14.1295 2217601
14.2193 2226241
14.2642 2229121
14.3102 2232001
14.3563 2234881
14.6036 2239201
14.6497 2242081
14.6946 2244961
14.7395 2247841
14.7419 2250721
14.7855 2253601
14.7879 2256481
14.8316 2259361
14.834 2262241
14.8777 2265121
14.8801 2268001
14.9226 2270881
14.925 2273761
14.9675 2276641
14.9699 2279521
14.9723 2282401
15.0136 2285281
15.016 2288161
15.0184 2291041
15.0597 2293921
15.0621 2296801
15.0644 2299681
15.1046 2302561
15.1069 2305441
15.1093 2308321
15.1494 2311201
15.1518 2314081
15.1542 2316961
15.1979 2321281
15.2488 2335681
15.2925 2338561
15.3374 2341441
15.3823 2344321
15.517 2351521
15.5619 2354401
15.608 2357281
15.654 2360161
15.7001 2363041
15.745 2365921
15.7899 2368801
15.8348 2371681
15.8372 2374561
15.8809 2377441
15.8833 2380321
15.927 2383201
15.9294 2386081
15.9731 2388961
15.9754 2391841
16.0179 2394721
16.0203 2397601
16.0628 2400481
16.0652 2403361
16.0676 2406241
16.1089 2409121
16.1113 2412001
16.1137 2414881
16.155 2417761
16.1574 2420641
16.1598 2423521
16.1999 2426401
16.2023 2429281
16.2047 2432161
16.2448 2435041
16.2472 2437921
16.2496 2440801
16.2897 2443681
16.2921 2446561
16.2945 2449441
16.2968 2452321
16.3358 2455201
16.3381 2458081
16.3405 2460961
16.3429 2463841
16.3842 2469601
16.3866 2472481
16.389 2475361
16.4303 2476801
16.4788 2492641
16.5225 2495521
16.5674 2498401
16.6123 2501281
16.6147 2504161
16.6584 2507041
16.6608 2509921
16.7045 2512801
16.7069 2515681
16.7518 2517121
16.8002 2527201
16.8451 2530081
16.8912 2532961
16.9373 2535841
16.9834 2538721
17.0283 2541601
17.0732 2544481
17.1181 2547361
17.1205 2550241
17.1641 2553121
17.1665 2556001
17.2102 2558881
17.2126 2561761
17.2563 2564641
17.2587 2567521
17.3012 2570401
17.3036 2573281
17.3461 2576161
17.3485 2579041
17.4371 2590561
17.482 2593441
17.5281 2596321
17.5742 2599201
17.6202 2602081
17.6651 2604961
17.71 2607841
17.7549 2610721
17.7573 2613601
17.801 2616481
17.8034 2619361
17.8471 2622241
17.8495 2625121
17.8932 2628001
17.8956 2630881
17.9381 2633761
17.9405 2636641
17.9829 2639521
17.9853 2642401
17.9877 2645281
18.029 2648161
18.0314 2651041
18.0338 2653921
18.0751 2656801
18.0775 2659681
18.0799 2662561
18.12 2665441
18.1224 2668321
18.1248 2671201
18.1649 2674081
18.1673 2676961
18.1697 2679841
18.2098 2682721
18.2122 2685601
18.2146 2688481
18.217 2691361
18.2559 2694241
18.2583 2697121
18.2607 2700001
18.263 2702881
18.302 2705761
18.3043 2708641
18.3067 2711521
18.3091 2714401
18.3468 2717281
18.3492 2720161
18.3516 2723041
18.354 2725921
18.3917 2728801
18.3941 2731681
18.3965 2734561
18.3989 2737441
18.4366 2740321
18.439 2743201
18.4414 2746081
18.4438 2748961
18.4462 2751841
18.4827 2754721
18.4851 2757601
18.4875 2760481
18.4899 2763361
18.4923 2766241
18.5288 2769121
18.5312 2772001
18.5336 2774881
18.536 2777761
18.5384 2780641
18.5737 2783521
18.5761 2786401
18.5785 2789281
18.5809 2792161
18.5832 2795041
18.6186 2797921
18.621 2800801
18.6234 2803681
18.6257 2806561
18.6281 2809441
18.6305 2812321
18.6647 2815201
18.6671 2818081
18.6694 2820961
18.6718 2823841
18.6742 2826721
18.6766 2829601
18.7107 2832481
18.7131 2835361
18.7155 2838241
18.7179 2841121
18.7203 2844001
18.7227 2846881
18.7556 2849761
18.758 2852641
18.7604 2855521
18.7628 2858401
18.7652 2861281
18.7676 2864161
18.8005 2867041
18.8029 2869921
18.8053 2872801
18.8077 2875681
18.8101 2878561
18.8125 2881441
18.8454 2884321
18.8478 2887201
18.8502 2890081
18.8526 2892961
18.855 2895841
18.8574 2898721
18.8598 2901601
18.8915 2904481
18.8939 2907361
18.8963 2910241
18.8987 2913121
18.9011 2916001
18.9035 2918881
18.9058 2921761
18.94 2927521
18.9424 2930401
18.9448 2933281
18.9471 2936161
18.9495 2939041
18.9519 2941921
18.9849 2944801
18.9873 2947681
18.9896 2950561
18.992 2953441
18.9944 2956321
18.9968 2959201
18.9992 2962081
19.077 2988001
19.089 2990881
19.0914 2993761
19.1208 2996641
19.1339 2999521
19.1363 3002401
19.1656 3005281
19.1812 3011041
19.2105 3013921
19.2284 3019681
19.2554 3022561
19.2578 3025441
19.2745 3028321
19.2769 3031201
19.3015 3034081
19.3039 3036961
19.3218 3038401
19.3913 3049921
19.4601 3057121
19.4811 3060001
19.526 3062881
19.5709 3065761
19.5733 3068641
19.617 3071521
19.6194 3074401
19.6631 3077281
19.6655 3080161
19.7104 3081601
19.7588 3091681
19.8037 3094561
19.8498 3097441
19.8959 3100321
19.942 3103201
19.9869 3106081
20.0318 3108961
20.0767 3111841
20.0791 3114721
20.1227 3117601
20.1251 3120481
20.1688 3123361
20.1712 3126241
20.2149 3129121
20.2173 3132001
20.2598 3134881
20.2622 3137761
20.3047 3140641
20.3071 3143521
20.3095 3146401
20.3508 3149281
20.3532 3152161
20.3556 3155041
20.3969 3157921
20.3993 3160801
20.4016 3163681
20.4418 3166561
20.4441 3169441
20.4465 3172321
20.4866 3175201
20.489 3178081
20.4914 3180961
20.5315 3183841
20.5339 3186721
20.5363 3189601
20.5387 3192481
20.5776 3195361
20.6273 3209761
20.671 3212641
20.7159 3215521
20.7608 3218401
20.8057 3221281
20.8506 3224161
20.853 3227041
20.8967 3229921
20.899 3232801
20.9427 3235681
20.9451 3238561
20.9876 3241441
20.99 3244321
21.0325 3247201
21.0349 3250081
21.0774 3252961
21.1271 3264481
21.172 3267361
21.2181 3270241
21.2642 3273121
21.3103 3276001
21.3551 3278881
21.4 3281761
21.4449 3284641
21.4473 3287521
21.491 3290401
21.4934 3293281
21.5371 3296161
21.5395 3299041
21.5832 3301921
21.5856 3304801
21.6281 3307681
21.6305 3310561
21.673 3313441
21.6753 3316321
21.6777 3319201
21.719 3322081
21.7214 3324961
21.7238 3327841
21.7651 3330721
21.7675 3333601
21.7699 3336481
21.8112 3337921
21.8597 3350881
21.9046 3353761
21.9507 3356641
21.9968 3359521
22.0417 3362401
22.0866 3365281
22.1314 3368161
22.1338 3371041
22.1775 3373921
22.1799 3376801
22.2236 3379681
22.226 3382561
22.2697 3385441
22.2721 3388321
22.3146 3391201
22.317 3394081
22.3595 3396961
22.3619 3399841
22.3643 3402721
22.4056 3405601
22.408 3408481
22.4103 3411361
22.4516 3414241
22.454 3417121
22.4564 3420001
22.4965 3422881
22.4989 3425761
22.5013 3428641
22.5414 3431521
22.5438 3434401
22.5462 3437281
22.5863 3440161
22.5887 3443041
22.5911 3445921
22.5935 3448801
22.6324 3451681
22.6348 3454561
22.6372 3457441
22.6396 3460321
22.6785 3463201
22.6809 3466081
22.6833 3468961
22.6857 3471841
22.7234 3474721
22.7258 3477601
22.7282 3480481
22.7305 3483361
22.7683 3486241
22.7707 3489121
22.773 3492001
22.7754 3494881
22.8132 3497761
22.8155 3500641
22.8179 3503521
22.8203 3506401
22.8227 3509281
22.8592 3512161
22.8616 3515041
22.864 3517921
22.8664 3520801
22.8688 3523681
22.9053 3526561
22.9077 3529441
22.9101 3532321
22.9125 3535201
22.9149 3538081
22.9502 3540961
22.9526 3543841
22.955 3546721
22.9574 3549601
22.9598 3552481
22.9951 3555361
22.9975 3558241
22.9999 3561121
23.0023 3564001
23.0059 3565441
23.0849 3585601
23.0957 3588481
23.0981 3591361
23.1406 3594241
23.143 3597121
23.1867 3598561
23.2351 3608641
23.4788 3610081
23.6584 3615841
23.8596 3617281
24.0392 3623041
24.0841 3625921
24.1302 3628801
24.1763 3631681
24.2224 3634561
24.2673 3637441
24.3122 3640321
24.3571 3643201
24.3594 3646081
24.4031 3648961
24.4055 3651841
24.4492 3654721
24.4516 3657601
24.4953 3660481
24.4977 3663361
24.5402 3666241
24.5426 3669121
24.5851 3672001
24.5875 3674881
24.5899 3677761
24.6312 3680641
24.6336 3683521
24.636 3686401
24.6773 3689281
24.6796 3692161
24.682 3695041
24.7221 3697921
24.7245 3700801
24.7269 3703681
24.767 3706561
24.7694 3709441
24.7718 3712321
24.8119 3715201
24.8143 3718081
24.8167 3720961
24.8191 3723841
24.858 3726721
24.8604 3729601
24.8628 3732481
24.8652 3735361
24.9041 3738241
24.9065 3741121
24.9089 3744001
24.9113 3746881
24.949 3749761
24.9514 3752641
24.9538 3755521
24.9562 3758401
24.9939 3761281
24.9963 3764161
24.9987 3767041
25.001 3769921
25.0388 3772801
25.0412 3775681
25.0435 3778561
25.0459 3781441
25.0483 3784321
25.0849 3787201
25.0872 3790081
25.0896 3792961
25.092 3795841
25.0944 3798721
25.1309 3801601
25.1333 3804481
25.1357 3807361
25.1381 3810241
25.1405 3813121
25.1758 3816001
25.1782 3818881
25.1806 3821761
25.183 3824641
25.1854 3827521
25.2231 3833281
25.2255 3836161
25.2279 3839041
25.2303 3841921
25.2327 3844801
25.2692 3847681
25.2716 3850561
25.274 3853441
25.2764 3856321
25.2788 3859201
25.2815 3862081
25.3153 3864961
25.3177 3867841
25.3224 3873601
25.3248 3876481
25.3276 3879361
25.3602 3882241
25.3626 3885121
25.3673 3888001
25.3697 3890881
25.3725 3893761
25.3749 3896641
25.4051 3899521
25.4074 3902401
25.4122 3905281
25.4146 3908161
25.4174 3911041
25.4198 3913921
25.5107 3939841
25.5398 3942721
25.5556 3945601
25.558 3948481
25.5858 3951361
25.6017 3954241
25.6041 3957121
25.6319 3960001
25.6478 3962881
25.6502 3965761
25.678 3968641
25.6927 3971521
25.6951 3974401
25.7229 3977281
25.7376 3980161
25.74 3983041
25.7678 3985921
25.7825 3988801
25.7849 3991681
25.7873 3994561
25.8139 3997441
25.8286 4000321
25.831 4003201
25.8334 4006081
25.86 4008961
25.8747 4011841
25.877 4014721
25.8794 4017601
25.9645 4033441
25.9958 4036321
26.0407 4039201
26.0856 4042081
26.088 4044961
26.1317 4047841
26.1341 4050721
26.1778 4053601
26.1802 4056481
26.2239 4059361
26.2263 4062241
26.2688 4065121
26.2712 4068001
26.3137 4070881
26.3161 4073761
26.3184 4076641
26.3597 4079521
26.3621 4082401
26.3645 4085281
26.4058 4088161
26.4082 4091041
26.4106 4093921
26.4519 4096801
26.4543 4099681
26.4567 4102561
26.4968 4105441
26.4992 4108321
26.5016 4111201
26.5417 4114081
26.5441 4116961
26.5465 4119841
26.5489 4122721
26.5878 4125601
26.5902 4128481
26.5926 4131361
26.595 4134241
26.6339 4137121
26.6363 4140001
26.6386 4142881
26.641 4145761
26.6788 4148641
26.6811 4151521
26.6835 4154401
26.6859 4157281
26.7236 4160161
26.726 4163041
26.7284 4165921
26.7308 4168801
26.7685 4171681
26.7709 4174561
26.7733 4177441
26.7757 4180321
26.7781 4183201
26.8146 4186081
26.817 4188961
26.8194 4191841
26.8218 4194721
26.8242 4197601
26.8607 4200481
26.8631 4203361
26.8655 4206241
26.8679 4209121
26.8703 4212001
26.9056 4214881
26.908 4217761
26.9104 4220641
26.9128 4223521
26.9152 4226401
26.9505 4229281
26.9529 4232161
26.9565 4233601
27.0049 4253761
27.0463 4256641
27.0487 4259521
27.0912 4262401
27.0935 4265281
27.136 4268161
27.1384 4271041
27.1809 4273921
27.2306 4285441
27.2755 4288321
27.3216 4291201
27.3677 4294081
27.4138 4296961
27.4587 4299841
27.5036 4302721
27.5484 4305601
27.5508 4308481
27.5945 4311361
27.5969 4314241
27.6406 4317121
27.643 4320001
27.6867 4322881
27.6894 4325761
27.7316 4328641
27.7343 4331521
27.7765 4334401
27.7792 4337281
27.7816 4340161
27.8226 4343041
27.8253 4345921
27.8277 4348801
27.8687 4351681
27.8714 4354561
27.8738 4357441
27.9135 4360321
27.9162 4363201
27.9186 4366081
27.9584 4368961
27.9623 4370401
28.012 4384801
28.0557 4387681
28.1006 4390561
28.1455 4393441
28.1904 4396321
28.2353 4399201
28.2377 4402081
28.2814 4404961
28.2838 4407841
28.3275 4410721
28.3298 4413601
28.3723 4416481
28.4176 4422241
28.4625 4425121
28.4649 4428001
28.5074 4430881
28.5098 4433761
28.5122 4436641
28.5535 4439521
28.5559 4442401
28.5583 4445281
28.5996 4448161
28.602 4451041
28.6044 4453921
28.6444 4456801
28.6942 4469761
28.7391 4472641
28.7852 4475521
28.8312 4478401
28.8761 4481281
28.921 4484161
28.9659 4487041
29.0569 4495681
29.1018 4498561
29.1479 4501441
29.194 4504321
29.2401 4507201
29.285 4510081
29.3299 4512961
29.3748 4515841
29.3772 4518721
29.4209 4521601
29.4233 4524481
29.467 4527361
29.4694 4530241
29.513 4533121
29.5154 4536001
29.5579 4538881
29.5603 4541761
29.6028 4544641
29.6052 4547521
29.6076 4550401
29.6489 4553281
29.6513 4556161
29.6537 4559041
29.695 4561921
29.6974 4564801
29.7399 4570561
29.7423 4573441
29.7848 4576321
29.7872 4579201
29.7896 4582081
29.8297 4584961
29.8321 4587841
29.8344 4590721
29.8746 4593601
29.8769 4596481
29.8793 4599361
29.8817 4602241
29.9206 4605121
29.923 4608001
29.9254 4610881
29.9278 4613761
29.9667 4616641
29.9691 4619521
29.9715 4622401
29.9739 4625281
30.0116 4628161
30.014 4631041
30.0164 4633921
30.0188 4636801
30.0565 4639681
30.0589 4642561
30.0613 4645441
30.0637 4648321
30.0661 4651201
