0.316217 1
0.435149 1441
0.555234 4321
0.675319 7201
0.794818 10081
0.797208 12961
0.915277 15841
0.917668 18721
0.920058 21601
1.03536 24481
1.03775 27361
1.04014 30241
1.04253 33121
1.15432 36001
1.15671 38881
1.1591 41761
1.16149 44641
1.16388 47521
1.16627 50401
1.27321 53281
1.2756 56161
1.27799 59041
1.28038 61921
1.28277 64801
1.28516 67681
1.28755 70561
1.28994 73441
1.29233 76321
1.39216 79201
1.39455 82081
1.39694 84961
1.39933 87841
1.40172 90721
1.40411 93601
1.4065 96481
1.40889 99361
1.41128 102241
1.41368 105121
1.41607 108001
1.41846 110881
1.42085 113761
1.42324 116641
1.51225 119521
1.51464 122401
1.51703 125281
1.51942 128161
1.52181 131041
1.5242 133921
1.52659 136801
1.52898 139681
1.53137 142561
1.53376 145441
1.53615 148321
1.53854 151201
1.54093 154081
1.54332 156961
1.54571 159841
1.5481 162721
1.55049 165601
1.55288 168481
1.55527 171361
1.55766 174241
1.56005 177121
1.6324 180001
1.63479 182881
1.63718 185761
1.63957 188641
1.64196 191521
1.64435 194401
1.64674 197281
1.64913 200161
1.65152 203041
1.65391 205921
1.6563 208801
1.65869 211681
1.66108 214561
1.66347 217441
1.66586 220321
1.66825 223201
1.67064 226081
1.67303 228961
1.67542 231841
1.67781 234721
1.6802 237601
1.6826 240481
1.68499 243361
1.68738 246241
1.68977 249121
1.69216 252001
1.69455 254881
1.69694 257761
1.69933 260641
1.70172 263521
1.70411 266401
1.75152 269281
1.75391 272161
1.7563 275041
1.75869 277921
1.76108 280801
1.76347 283681
1.76586 286561
1.76825 289441
1.77064 292321
1.77303 295201
1.77542 298081
1.77781 300961
1.7802 303841
1.78259 306721
1.78498 309601
1.78737 312481
1.78976 315361
1.79215 318241
1.79455 321121
1.79694 324001
1.79933 326881
1.80172 329761
1.80411 332641
1.8065 335521
1.80889 338401
1.81128 341281
1.81367 344161
1.81606 347041
1.81845 349921
1.82084 352801
1.82323 355681
1.82562 358561
1.82801 361441
1.8304 364321
1.83279 367201
1.83518 370081
1.83757 372961
1.83996 375841
1.84235 378721
1.84474 381601
1.84713 384481
1.84952 387361
1.85191 390241
1.85431 393121
1.8567 396001
1.85909 398881
1.86148 401761
1.87176 404641
1.87415 407521
1.87654 410401
1.87893 413281
1.88132 416161
1.88371 419041
1.8861 421921
1.88849 424801
1.89088 427681
1.89327 430561
1.89566 433441
1.89805 436321
1.90045 439201
1.90284 442081
1.90523 444961
1.90762 447841
1.91001 450721
1.9124 453601
1.91479 456481
1.91718 459361
1.91957 462241
1.92196 465121
1.92435 468001
1.92674 470881
1.92913 473761
1.93152 476641
1.93391 479521
1.9363 482401
1.93869 485281
1.94108 488161
1.94347 491041
1.94586 493921
1.94825 496801
1.95064 499681
1.95303 502561
1.95542 505441
1.95781 508321
1.9602 511201
1.9626 514081
1.96499 516961
1.96738 519841
1.96977 522721
1.97216 525601
1.97455 528481
1.97694 531361
1.97933 534241
1.98172 537121
1.98411 540001
1.9865 542881
1.98889 545761
1.99128 548641
1.99367 551521
1.99606 554401
1.99845 557281
2.00084 560161
2.00323 563041
2.00562 565921
2.00801 568801
2.0104 571681
2.01279 574561
2.01518 577441
2.01757 580321
2.01996 583201
2.02236 586081
2.02475 588961
2.02714 591841
2.02953 594721
2.03192 597601
2.03431 600481
2.0367 603361
2.03909 606241
2.04148 609121
2.04387 612001
2.04626 614881
2.04865 617761
2.05104 620641
2.05343 623521
2.05582 626401
2.05821 629281
2.0606 632161
2.06299 635041
2.06538 637921
2.06777 640801
2.07016 643681
2.07255 646561
2.07494 649441
2.07733 652321
2.07972 655201
2.08212 658081
2.08451 660961
2.0869 663841
2.08929 666721
2.09168 669601
2.09407 672481
2.09646 675361
2.09885 678241
2.10124 681121
2.10363 684001
2.10602 686881
2.10841 689761
2.1108 692641
2.11319 695521
2.11558 698401
2.11797 701281
2.12036 704161
2.12275 707041
2.12514 709921
2.12753 712801
2.12992 715681
2.13231 718561
2.1347 721441
2.13709 724321
2.13948 727201
2.14188 730081
2.14427 732961
2.14666 735841
2.14905 738721
2.15145 740161
2.45626 862561
2.45745 924481
2.45865 993601
2.51018 1054081
2.56036 1108801
2.60576 1288801
2.60815 1291681
2.61174 1293121
2.61413 1294561
2.61652 1297441
2.61891 1300321
2.6213 1303201
2.62369 1306081
2.62608 1308961
2.62847 1311841
2.63086 1314721
2.63325 1317601
2.63564 1320481
2.63803 1323361
2.64042 1326241
2.64282 1329121
2.64521 1332001
2.6476 1334881
2.64999 1337761
2.65238 1340641
2.65477 1343521
2.65716 1346401
2.65955 1349281
2.66194 1352161
2.66433 1355041
2.66672 1356481
2.66911 1359361
2.6715 1362241
2.67389 1365121
2.67628 1368001
2.67867 1370881
2.68106 1373761
2.68345 1376641
2.68584 1379521
2.68823 1382401
2.69062 1385281
2.69301 1388161
2.6954 1391041
2.69779 1393921
2.70018 1396801
2.70258 1399681
2.70497 1402561
2.70741 1405441
2.7098 1408321
2.71219 1411201
2.71458 1414081
2.71697 1416961
2.72056 1419841
2.72295 1422721
2.72534 1425601
2.72773 1428481
2.73012 1431361
2.73251 1434241
2.7349 1437121
2.73729 1440001
2.73968 1442881
2.74207 1445761
2.74446 1448641
2.74685 1451521
2.74924 1454401
2.75163 1457281
2.75402 1460161
2.75641 1463041
2.7588 1465921
2.76119 1468801
2.76358 1471681
2.76598 1474561
2.76837 1477441
2.77076 1480321
2.77315 1483201
2.77554 1486081
2.77793 1488961
2.78032 1491841
2.78271 1494721
2.7851 1497601
2.78749 1500481
2.78988 1503361
2.79227 1506241
2.79466 1509121
2.79705 1512001
2.79944 1514881
2.80183 1517761
2.80422 1520641
2.80661 1523521
2.809 1526401
2.81139 1529281
2.81378 1532161
2.81617 1535041
2.81856 1537921
2.82095 1540801
2.82334 1543681
2.82574 1546561
2.82813 1549441
2.83052 1552321
2.83291 1555201
2.8353 1558081
2.83769 1560961
2.84008 1563841
2.84247 1566721
2.84486 1569601
2.84725 1572481
2.84964 1575361
2.85203 1578241
2.85442 1581121
2.85681 1584001
2.8592 1586881
2.86159 1589761
2.86398 1592641
2.86637 1595521
2.86876 1598401
2.87115 1601281
2.87354 1604161
2.87599 1607041
2.87838 1609921
2.88077 1612801
2.88316 1615681
2.88555 1618561
2.88794 1621441
2.89033 1624321
2.89272 1627201
2.89511 1630081
2.8975 1632961
2.89989 1635841
2.90228 1638721
2.90467 1641601
2.90706 1644481
2.90945 1647361
2.91184 1650241
2.91423 1653121
2.91662 1656001
2.91901 1658881
2.9214 1661761
2.92379 1664641
2.92618 1667521
2.92858 1670401
2.93097 1673281
2.93336 1676161
2.93575 1679041
2.93814 1681921
2.94053 1684801
2.94292 1687681
2.94531 1690561
2.9477 1693441
2.95009 1696321
2.95248 1699201
2.95487 1702081
2.95726 1704961
2.95965 1707841
2.96204 1710721
2.96443 1713601
2.96682 1716481
2.96921 1719361
2.9716 1722241
2.97399 1725121
2.97638 1728001
2.97877 1730881
2.98116 1733761
2.98355 1736641
2.98594 1739521
2.98834 1742401
2.99073 1745281
2.99312 1748161
2.99551 1751041
2.9979 1753921
3.00029 1756801
3.00268 1759681
3.00507 1762561
3.00746 1765441
3.00985 1768321
3.01224 1771201
3.01463 1774081
3.01702 1776961
3.01941 1779841
3.0218 1782721
3.02419 1785601
3.02658 1788481
3.02897 1791361
3.03136 1794241
3.03375 1797121
3.03614 1800001
3.03853 1802881
3.04092 1805761
3.04331 1808641
3.0457 1811521
3.0481 1814401
3.05049 1817281
3.05288 1820161
3.05527 1823041
3.05766 1825921
3.06005 1828801
3.06244 1831681
3.06483 1834561
3.06722 1837441
3.06961 1840321
3.072 1843201
3.07439 1846081
3.07678 1848961
3.07917 1851841
3.08156 1854721
3.08395 1857601
3.08634 1860481
3.08873 1863361
3.09112 1866241
3.09351 1869121
3.0959 1872001
3.09829 1874881
3.10068 1877761
3.10307 1880641
3.10546 1883521
3.10786 1886401
3.11025 1889281
3.11264 1892161
3.11503 1895041
3.11742 1897921
3.11981 1900801
3.1222 1903681
3.12459 1906561
3.12698 1909441
3.12937 1912321
3.13176 1915201
3.13415 1918081
3.13654 1920961
3.13893 1923841
3.14132 1926721
3.14371 1929601
3.1461 1932481
3.14849 1935361
3.15088 1938241
3.15327 1941121
3.15566 1944001
3.15805 1946881
3.16044 1949761
3.16283 1952641
3.16522 1955521
3.16762 1958401
3.17001 1961281
3.1724 1964161
3.17479 1967041
3.17718 1969921
3.17957 1972801
3.18196 1975681
3.18435 1978561
3.18674 1981441
3.18913 1984321
3.19152 1987201
3.19391 1990081
3.1963 1992961
3.19869 1995841
3.20108 1998721
3.20347 2001601
3.20586 2004481
3.20825 2007361
3.21064 2010241
3.21303 2013121
3.21542 2016001
3.21781 2018881
3.2202 2021761
3.22259 2024641
3.22498 2027521
3.22737 2030401
3.22977 2033281
3.23216 2036161
3.23455 2039041
3.23694 2041921
3.23933 2044801
3.24172 2047681
3.24411 2050561
3.2465 2053441
3.24889 2056321
3.25128 2059201
3.25367 2062081
3.25606 2064961
3.25845 2067841
3.26084 2070721
3.26323 2073601
3.26562 2076481
3.26801 2079361
3.2704 2082241
3.27279 2085121
3.27518 2088001
3.27757 2090881
3.27996 2093761
3.28235 2096641
3.28474 2099521
3.28713 2102401
3.28953 2105281
3.29192 2108161
3.29431 2111041
3.2967 2113921
3.29909 2116801
3.30148 2119681
3.30387 2122561
3.30626 2125441
3.30865 2128321
3.31104 2131201
3.31343 2134081
3.31582 2136961
3.31821 2139841
3.3206 2142721
3.32299 2145601
3.32538 2148481
3.32777 2151361
3.33016 2154241
3.33255 2157121
3.33494 2160001
3.33733 2162881
3.33972 2165761
3.34211 2168641
3.3445 2171521
3.34689 2174401
3.34929 2177281
3.35168 2180161
3.35407 2183041
3.35646 2185921
3.35885 2188801
3.36124 2191681
3.36363 2194561
3.36602 2197441
3.36841 2200321
3.3708 2203201
3.37319 2206081
3.37558 2208961
3.37797 2211841
3.38036 2214721
3.38275 2217601
3.38514 2220481
3.38753 2223361
3.38992 2226241
3.39231 2229121
3.3947 2232001
3.39709 2234881
3.39948 2237761
3.40187 2240641
3.40426 2243521
3.40665 2246401
3.40905 2249281
3.41144 2252161
3.41383 2255041
3.41622 2257921
3.41861 2260801
3.421 2263681
3.42339 2266561
3.42578 2269441
3.42817 2272321
3.43056 2275201
3.43295 2278081
3.43534 2280961
3.43773 2283841
3.44012 2286721
3.44251 2289601
3.4449 2292481
3.44729 2295361
3.44968 2298241
3.45207 2301121
3.45446 2304001
3.45685 2306881
3.45924 2309761
3.46163 2312641
3.46402 2315521
3.46641 2318401
3.46881 2321281
3.4712 2324161
3.47359 2327041
3.47598 2329921
3.47837 2332801
3.48076 2335681
3.48315 2338561
3.48554 2341441
3.48793 2344321
3.49032 2347201
3.49271 2350081
3.4951 2352961
3.49749 2355841
3.49988 2358721
3.50227 2361601
3.50466 2364481
3.50705 2367361
3.50944 2370241
3.51183 2373121
3.51422 2376001
3.51661 2378881
3.519 2381761
3.52139 2384641
3.52378 2387521
3.52617 2390401
3.52857 2393281
3.53096 2396161
3.53335 2399041
3.53574 2401921
3.53813 2404801
3.54052 2407681
3.54291 2410561
3.5453 2413441
3.54769 2416321
3.55008 2419201
3.55247 2422081
3.55486 2424961
3.55725 2427841
3.55964 2430721
3.56203 2433601
3.56442 2436481
3.56681 2439361
3.5692 2442241
3.57159 2445121
3.57398 2448001
3.57637 2450881
3.57876 2453761
3.58115 2456641
3.58354 2459521
3.58593 2462401
3.58833 2465281
3.59072 2468161
3.59311 2471041
3.5955 2473921
3.59789 2476801
3.60028 2479681
3.60267 2482561
3.60506 2485441
3.60745 2488321
3.60984 2491201
3.61223 2494081
3.61462 2496961
3.61701 2499841
3.6194 2502721
3.62179 2505601
3.62418 2508481
3.62657 2511361
3.62896 2514241
3.63135 2517121
3.63374 2520001
3.63613 2522881
3.63852 2525761
3.64091 2528641
3.6433 2531521
3.64569 2534401
3.64809 2537281
3.65048 2540161
3.65287 2543041
3.65526 2545921
3.65765 2548801
3.66004 2551681
3.66243 2554561
3.66482 2557441
3.66721 2560321
3.6696 2563201
3.67199 2566081
3.67438 2568961
3.67677 2571841
3.67916 2574721
3.68155 2577601
3.68394 2580481
3.68633 2583361
3.68872 2586241
3.69111 2589121
3.6935 2592001
3.69589 2594881
3.69828 2597761
3.70067 2600641
3.70306 2603521
3.70545 2606401
3.70784 2609281
3.71024 2612161
3.71263 2615041
3.71502 2617921
3.71741 2620801
3.7198 2623681
3.72219 2626561
3.72458 2629441
3.72697 2632321
3.72936 2635201
3.73175 2638081
3.73414 2640961
3.73653 2643841
3.73892 2646721
3.74131 2649601
3.7437 2652481
3.74609 2655361
3.74848 2658241
3.75087 2661121
3.75326 2664001
3.75565 2666881
3.75804 2669761
3.76043 2672641
3.76282 2675521
3.76521 2678401
3.7676 2681281
3.77 2684161
3.77239 2687041
3.77478 2689921
3.77717 2692801
3.77956 2695681
3.78195 2698561
3.78434 2701441
3.78673 2704321
3.78912 2707201
3.79151 2710081
3.7939 2712961
3.79629 2715841
3.79868 2718721
3.80107 2721601
3.80346 2724481
3.80585 2727361
3.80824 2730241
3.81063 2733121
3.81302 2736001
3.81541 2738881
3.8178 2741761
3.82019 2744641
3.82258 2747521
3.82497 2750401
3.82736 2753281
3.82976 2756161
3.83215 2759041
3.83454 2761921
3.83693 2764801
3.83932 2767681
3.84171 2770561
3.8441 2773441
3.84649 2776321
3.84888 2779201
3.85127 2782081
3.85366 2784961
3.85605 2787841
3.85844 2790721
3.86083 2793601
3.86322 2796481
3.86561 2799361
3.868 2802241
3.87039 2805121
3.87278 2808001
3.87517 2810881
3.87756 2813761
3.87995 2816641
3.88319 2818081
4.04239 3011041
4.08574 3013921
4.08813 3016801
4.09053 3019681
4.09292 3022561
4.09532 3025441
4.09771 3028321
4.1001 3031201
4.10249 3034081
4.10488 3036961
4.10727 3039841
4.10966 3042721
4.11205 3045601
4.11444 3048481
4.11683 3051361
4.11922 3054241
4.12162 3057121
4.12401 3060001
4.1264 3062881
4.12879 3065761
4.13118 3068641
4.13377 3071521
4.13616 3074401
4.13895 3077281
4.14134 3080161
4.14373 3083041
4.14612 3085921
4.14851 3088801
4.1509 3091681
4.15329 3094561
4.15568 3097441
4.15807 3100321
4.16046 3103201
4.20494 3106081
4.20733 3108961
4.20972 3111841
4.21211 3114721
4.2145 3117601
4.21689 3120481
4.21928 3123361
4.22167 3126241
4.22406 3129121
4.22645 3132001
4.22884 3134881
4.23123 3137761
4.23363 3140641
4.23602 3143521
4.23841 3146401
4.2408 3149281
4.24319 3152161
4.24558 3155041
4.24797 3157921
4.25036 3160801
4.25275 3163681
4.25514 3166561
4.25784 3169441
4.26023 3172321
4.26262 3175201
4.26501 3178081
4.2674 3180961
4.26979 3183841
4.27218 3186721
4.27457 3189601
4.27696 3192481
4.27935 3195361
4.32406 3198241
4.32645 3201121
4.32884 3204001
4.33123 3206881
4.33362 3209761
4.33601 3212641
4.3384 3215521
4.34079 3218401
4.34318 3221281
4.34558 3224161
4.34797 3227041
4.35036 3229921
4.35275 3232801
4.35514 3235681
4.35753 3238561
4.35992 3241441
4.36245 3244321
4.36484 3247201
4.36723 3250081
4.36962 3252961
4.37201 3255841
4.3744 3258721
4.37679 3261601
4.37918 3264481
4.38157 3267361
4.38396 3270241
4.38635 3273121
4.38875 3276001
4.39114 3278881
4.39353 3281761
4.39592 3284641
4.39831 3287521
4.44295 3290401
4.44534 3293281
4.44773 3296161
4.45012 3299041
4.45251 3301921
4.4549 3304801
4.45729 3307681
4.45968 3310561
4.46207 3313441
4.46446 3316321
4.46686 3319201
4.46925 3322081
4.47164 3324961
4.47403 3327841
4.47642 3330721
4.47881 3333601
4.4812 3336481
4.48359 3339361
4.48598 3342241
4.48837 3345121
4.49076 3348001
4.49315 3350881
4.49554 3353761
4.49793 3356641
4.50032 3359521
4.50271 3362401
4.5051 3365281
4.50749 3368161
4.50988 3371041
4.51227 3373921
4.51466 3376801
4.51705 3379681
4.51944 3382561
4.5631 3385441
4.56549 3388321
4.56788 3391201
4.57027 3394081
4.57266 3396961
4.57505 3399841
4.57744 3402721
4.57983 3405601
4.58222 3408481
4.58462 3411361
4.58701 3414241
4.5894 3417121
4.5921 3420001
4.59449 3422881
4.59688 3425761
4.59927 3428641
4.60166 3431521
4.60405 3434401
4.60644 3437281
4.60883 3440161
4.61122 3443041
4.61361 3445921
4.616 3448801
4.61839 3451681
4.62078 3454561
4.62317 3457441
4.62556 3460321
4.62795 3463201
4.63034 3466081
4.63273 3468961
4.63512 3471841
4.63751 3474721
4.6399 3477601
4.68319 3480481
4.68558 3483361
4.68797 3486241
4.69036 3489121
4.69275 3492001
4.69514 3494881
4.69753 3497761
4.69992 3500641
4.70231 3503521
4.7047 3506401
4.70709 3509281
4.70948 3512161
4.71187 3515041
4.71426 3517921
4.71665 3520801
4.71904 3523681
4.72143 3526561
4.72382 3529441
4.72621 3532321
4.7286 3535201
4.73099 3538081
4.73338 3540961
4.73578 3543841
4.73817 3546721
4.74056 3549601
4.74295 3552481
4.74534 3555361
4.74773 3558241
4.75012 3561121
4.75251 3564001
4.7549 3566881
4.75729 3569761
4.75968 3572641
4.80214 3575521
4.80453 3578401
4.80692 3581281
4.80931 3584161
4.8117 3587041
4.81409 3589921
4.81648 3592801
4.81918 3595681
4.82157 3598561
4.82396 3601441
4.82635 3604321
4.82874 3607201
4.83114 3610081
4.83353 3612961
4.83592 3615841
4.83831 3618721
4.8407 3621601
4.84309 3624481
4.84548 3627361
4.84787 3630241
4.85026 3633121
4.85265 3636001
4.85504 3638881
4.85743 3641761
4.85982 3644641
4.86221 3647521
4.8646 3650401
4.86699 3653281
4.86938 3656161
4.87177 3659041
4.87416 3661921
4.87655 3664801
4.87894 3667681
4.92103 3670561
4.92342 3673441
4.92581 3676321
4.9282 3679201
4.93059 3682081
4.93298 3684961
4.93537 3687841
4.93839 3690721
4.94078 3693601
4.94317 3696481
4.94557 3699361
4.94796 3702241
4.95035 3705121
4.95274 3708001
4.95513 3710881
4.95752 3713761
4.95991 3716641
4.9623 3719521
4.96469 3722401
4.96708 3725281
4.96947 3728161
4.97186 3731041
4.97425 3733921
4.97664 3736801
4.97903 3739681
4.98142 3742561
4.98381 3745441
4.9862 3748321
4.98859 3751201
4.99098 3754081
4.99473 3755521
5.11721 3856321
5.19775 3859201
5.20014 3862081
5.20253 3864961
5.20523 3867841
5.20762 3870721
5.21001 3873601
5.2124 3876481
5.21479 3879361
5.21718 3882241
5.21957 3885121
5.22197 3888001
5.22436 3890881
5.22675 3893761
5.22923 3896641
5.23253 3899521
5.23492 3902401
5.31664 3905281
5.31903 3908161
5.32142 3911041
5.32444 3913921
5.32683 3916801
5.32922 3919681
5.33161 3922561
5.334 3925441
5.3364 3928321
5.33879 3931201
5.34118 3934081
5.34357 3936961
5.34596 3939841
5.34835 3942721
5.35142 3945601
5.35381 3948481
5.43591 3951361
5.4383 3954241
5.44078 3957121
5.44333 3960001
5.44572 3962881
5.44811 3965761
5.4505 3968641
5.45289 3971521
5.45528 3974401
5.45768 3977281
5.46007 3980161
5.46246 3983041
5.46485 3985921
5.46724 3988801
5.47031 3991681
5.4727 3994561
5.55526 3997441
5.55765 4000321
5.56004 4003201
5.56243 4006081
5.56482 4008961
5.56721 4011841
5.5696 4014721
5.57199 4017601
5.57438 4020481
5.57677 4023361
5.57916 4026241
5.58155 4029121
5.58394 4032001
5.58633 4034881
5.58872 4037761
5.59112 4040641
5.59351 4043521
5.67534 4046401
5.67773 4049281
5.68012 4052161
5.68252 4055041
5.68491 4057921
5.6873 4060801
5.68969 4063681
5.69208 4066561
5.69447 4069441
5.69686 4072321
5.69925 4075201
5.70164 4078081
5.70403 4080961
5.70642 4083841
5.70881 4086721
5.7112 4089601
5.71359 4092481
5.79549 4095361
5.79788 4098241
5.80028 4101121
5.80267 4104001
5.80506 4106881
5.80745 4109761
5.80984 4112641
5.81223 4115521
5.81462 4118401
5.81701 4121281
5.8194 4124161
5.82179 4127041
5.82418 4129921
5.82657 4132801
5.82896 4135681
5.83135 4138561
5.83374 4141441
5.91438 4144321
5.91677 4147201
5.91916 4150081
5.92156 4152961
5.92395 4155841
5.92634 4158721
5.92873 4161601
5.93112 4164481
5.93351 4167361
5.9359 4170241
5.93829 4173121
5.94068 4176001
5.94307 4178881
5.94546 4181761
5.94785 4184641
5.95024 4187521
5.95286 4190401
6.03327 4193281
6.03566 4196161
6.15935 4250881
6.18354 4253761
6.18632 4256641
6.18871 4259521
6.19111 4262401
6.1935 4265281
6.27226 4268161
6.27465 4271041
6.27706 4273921
6.30251 4276801
6.30521 4279681
6.3076 4282561
6.30999 4285441
6.31239 4288321
6.39115 4291201
6.39354 4294081
6.39595 4296961
6.42203 4299841
6.42442 4302721
6.42682 4305601
6.42921 4308481
6.4316 4311361
6.51008 4314241
6.51247 4317121
6.51486 4320001
6.54116 4322881
6.54355 4325761
6.54594 4328641
6.54833 4331521
6.55072 4334401
6.55311 4337281
6.63017 4340161
6.63256 4343041
6.63532 4345921
6.66124 4348801
6.66363 4351681
6.66602 4354561
6.66841 4357441
6.6708 4360321
6.67319 4363201
6.75071 4366081
6.7531 4368961
6.75549 4371841
6.78139 4374721
6.78378 4377601
6.78617 4380481
6.78856 4383361
6.79095 4386241
6.79334 4389121
6.86998 4392001
6.87237 4394881
6.87476 4397761
6.90028 4400641
6.90267 4403521
6.90506 4406401
6.90745 4409281
6.90984 4412161
6.91223 4415041
6.98887 4417921
6.99126 4420801
6.99365 4423681
7.01924 4426561
7.02193 4429441
7.02433 4432321
7.02672 4435201
7.0292 4438081
7.03159 4440961
7.03398 4443841
7.10895 4446721
7.11134 4449601
7.11373 4452481
7.13932 4455361
7.14248 4458241
7.14487 4461121
7.14726 4464001
7.15205 4469761
7.15444 4472641
7.22904 4475521
7.23143 4478401
7.23382 4481281
7.25987 4484161
7.26257 4487041
7.26496 4489921
7.26735 4492801
7.27213 4495681
7.27452 4498561
7.27691 4501441
7.34912 4504321
7.35151 4507201
7.3539 4510081
7.37939 4512961
7.38178 4515841
7.38417 4518721
7.38656 4521601
7.39134 4524481
7.51524 4557601
7.62354 4560481
7.62593 4563361
7.63056 4566241
7.63295 4569121
7.74243 4572001
7.74482 4574881
7.7495 4577761
7.75189 4580641
7.86132 4583521
7.86371 4586401
7.8661 4589281
7.86959 4592161
7.87198 4595041
7.98141 4597921
7.9838 4600801
7.98619 4603681
7.98974 4606561
7.99213 4609441
8.10149 4612321
8.10388 4615201
8.10627 4618081
8.10866 4620961
8.11105 4623841
8.22041 4626721
8.2228 4629601
8.22553 4632481
8.22793 4635361
8.23032 4638241
8.3393 4641121
8.34169 4644001
8.34471 4646881
8.3471 4649761
8.34949 4652641
8.35188 4655521
8.45985 4658401
8.46224 4661281
8.4648 4664161
8.46719 4667041
8.46958 4669921
8.47197 4672801
8.58047 4675681
8.58286 4678561
8.58526 4681441
8.58765 4684321
8.59004 4687201
8.59243 4690081
8.69969 4692961
8.70208 4695841
8.70447 4698721
8.70686 4701601
8.70925 4704481
8.71164 4707361
8.81857 4710241
8.82097 4713121
8.82336 4716001
8.82575 4718881
8.82814 4721761
8.83053 4724641
8.93753 4727521
8.94113 4728961
9.06361 4752001
9.17657 4754881
9.18055 4757761
9.18294 4760641
9.29703 4763521
9.30101 4766401
9.3034 4769281
9.41749 4772161
9.4211 4775041
9.42349 4777921
9.53757 4780801
9.53999 4783681
9.54238 4786561
9.65686 4789441
9.65925 4792321
9.66164 4795201
9.77575 4798081
9.77814 4800961
9.78053 4803841
9.78292 4806721
9.89592 4809601
9.89831 4812481
9.9007 4815361
9.90309 4818241
10.0164 4821121
10.0188 4824001
10.0212 4826881
10.0235 4829761
10.1353 4832641
10.1377 4835521
10.14 4838401
10.1427 4841281
10.2542 4844161
10.2565 4847041
10.2589 4849921
10.2616 4852801
10.373 4855681
10.3754 4858561
10.3778 4861441
10.3803 4864321
10.3827 4867201
10.4936 4870081
10.496 4872961
10.4986 4875841
10.501 4878721
10.5034 4881601
10.6139 4884481
10.6163 4887361
10.6191 4890241
10.6215 4893121
10.6239 4896001
10.7329 4898881
10.7353 4901761
10.738 4904641
10.7404 4907521
10.7428 4910401
10.852 4913281
10.8544 4916161
10.8569 4919041
10.8593 4921921
10.8616 4924801
10.864 4927681
10.9721 4930561
10.9745 4933441
10.9769 4936321
10.9793 4939201
10.9817 4942081
10.9841 4944961
11.0922 4947841
11.0946 4950721
11.097 4953601
11.0994 4956481
11.1018 4959361
11.1042 4962241
11.2111 4965121
11.2135 4968001
11.2159 4970881
11.2183 4973761
11.2207 4976641
11.2231 4979521
11.3301 4982401
11.3325 4985281
11.3349 4988161
11.3373 4991041
11.3396 4993921
11.342 4996801
11.449 4999681
11.4514 5002561
11.4538 5005441
11.4561 5008321
11.4585 5011201
11.4609 5014081
11.4633 5016961
11.5691 5019841
11.5715 5022721
11.5739 5025601
11.5763 5028481
11.5787 5031361
11.5811 5034241
11.5835 5037121
11.6892 5040001
11.6916 5042881
11.694 5045761
11.6964 5048641
11.6988 5051521
11.7015 5054401
11.7039 5057281
11.8082 5060161
11.8106 5063041
11.8133 5065921
11.8157 5068801
11.8181 5071681
11.8205 5074561
11.8229 5077441
11.9274 5080321
11.9298 5083201
11.9326 5086081
11.935 5088961
11.9374 5091841
11.9398 5094721
11.9422 5097601
11.9446 5100481
12.0476 5103361
12.05 5106241
12.0527 5109121
12.0551 5112001
12.0575 5114881
12.0599 5117761
12.0623 5120641
12.0646 5123521
12.1683 5126401
12.1707 5129281
12.1731 5132161
12.1755 5135041
12.1779 5137921
12.1803 5140801
12.1827 5143681
12.1851 5146561
12.2876 5149441
12.29 5152321
12.2924 5155201
12.2948 5158081
12.2971 5160961
12.2995 5163841
12.3019 5166721
12.3043 5169601
12.4065 5172481
12.4089 5175361
12.4113 5178241
12.4136 5181121
12.416 5184001
12.4184 5186881
12.4208 5189761
12.4232 5192641
12.4256 5195521
12.5266 5198401
12.5289 5201281
12.5313 5204161
12.5337 5207041
12.5361 5209921
12.5388 5212801
12.5412 5215681
12.5436 5218561
12.546 5221441
12.6466 5224321
12.649 5227201
12.6514 5230081
12.6541 5232961
12.6565 5235841
12.6593 5238721
12.6617 5241601
12.6641 5244481
12.6665 5247361
12.7659 5250241
12.7683 5253121
12.7707 5256001
12.7731 5258881
12.7755 5261761
12.7782 5264641
12.7806 5267521
12.783 5270401
12.7854 5273281
12.8852 5276161
12.8876 5279041
12.89 5281921
12.8924 5284801
12.895 5287681
12.8974 5290561
12.8998 5293441
12.9022 5296321
12.9046 5299201
13.0041 5302081
13.0065 5304961
13.0091 5307841
13.0115 5310721
13.0139 5313601
13.0163 5316481
13.0186 5319361
13.021 5322241
13.0234 5325121
13.0258 5328001
13.1245 5330881
13.1269 5333761
13.1293 5336641
13.1316 5339521
13.134 5342401
13.1364 5345281
13.1388 5348161
13.1412 5351041
13.1436 5353921
13.146 5356801
13.2448 5359681
13.2472 5362561
13.2496 5365441
13.252 5368321
13.2544 5371201
13.2567 5374081
13.2591 5376961
13.2615 5379841
13.2639 5382721
13.2663 5385601
13.3637 5388481
13.3661 5391361
13.3685 5394241
13.3709 5397121
13.3732 5400001
13.3756 5402881
13.378 5405761
13.3804 5408641
13.3828 5411521
13.3852 5414401
13.4826 5417281
13.485 5420161
13.4874 5423041
13.4897 5425921
13.4921 5428801
13.4945 5431681
13.4969 5434561
13.4993 5437441
13.5017 5440321
13.5041 5443201
13.5065 5446081
13.6027 5448961
13.605 5451841
13.6074 5454721
13.6098 5457601
13.6122 5460481
13.6146 5463361
13.617 5466241
13.6194 5469121
13.6218 5472001
13.6242 5474881
13.6266 5477761
13.7228 5480641
13.7252 5483521
13.7276 5486401
13.73 5489281
13.7324 5492161
13.7347 5495041
13.7371 5497921
13.7395 5500801
13.7419 5503681
13.7444 5506561
13.7468 5509441
13.8417 5512321
13.8441 5515201
13.8465 5518081
13.8489 5520961
13.8512 5523841
13.8536 5526721
13.856 5529601
13.8584 5532481
13.8608 5535361
13.8633 5538241
13.8657 5541121
13.9606 5544001
13.963 5546881
13.9654 5549761
13.9677 5552641
13.9704 5555521
13.9728 5558401
13.9752 5561281
13.9776 5564161
13.98 5567041
13.9824 5569921
13.9848 5572801
13.9872 5575681
14.081 5578561
14.0834 5581441
14.0861 5584321
14.0885 5587201
14.0909 5590081
14.0933 5592961
14.0957 5595841
14.0981 5598721
14.1005 5601601
14.1029 5604481
14.1052 5607361
14.1076 5610241
14.2011 5613121
14.2035 5616001
14.2062 5618881
14.2086 5621761
14.211 5624641
14.2134 5627521
14.2158 5630401
14.2185 5633281
14.2209 5636161
14.2233 5639041
14.2257 5641921
14.2281 5644801
14.32 5647681
14.3224 5650561
14.3251 5653441
14.3275 5656321
14.3299 5659201
14.3323 5662081
14.3347 5664961
14.3374 5667841
14.3398 5670721
14.3422 5673601
14.3446 5676481
14.347 5679361
14.4392 5682241
14.4416 5685121
14.4444 5688001
14.4468 5690881
14.4492 5693761
14.4515 5696641
14.4543 5699521
14.4567 5702401
14.4591 5705281
14.4615 5708161
14.4638 5711041
14.4662 5713921
14.4686 5716801
14.5597 5719681
14.5621 5722561
14.5645 5725441
14.5672 5728321
14.5696 5731201
14.5719 5734081
14.5744 5736961
14.5768 5739841
14.5791 5742721
14.5815 5745601
14.5839 5748481
14.5863 5751361
14.5887 5754241
14.6797 5757121
14.6822 5760001
14.685 5762881
14.6873 5765761
14.6897 5768641
14.6921 5771521
14.6945 5774401
14.6969 5777281
14.6993 5780161
14.7017 5783041
14.7041 5785921
14.7065 5788801
14.7089 5791681
14.7998 5794561
14.8022 5797441
14.8046 5800321
14.807 5803201
14.8096 5806081
14.812 5808961
14.8144 5811841
14.8168 5814721
14.8191 5817601
14.8215 5820481
14.8263 5826241
14.8287 5829121
14.9187 5832001
14.9211 5834881
14.9237 5837761
14.9261 5840641
14.9285 5843521
14.9309 5846401
14.9333 5849281
14.9356 5852161
14.938 5855041
14.9408 5857921
14.9452 5860801
14.9476 5863681
14.95 5866561
15.0377 5869441
15.0401 5872321
15.0426 5875201
15.0449 5878081
15.0473 5880961
15.0497 5883841
15.0522 5886721
15.0546 5889601
15.0573 5892481
15.0597 5895361
15.0621 5898241
15.0653 5901121
15.0677 5904001
15.0701 5906881
15.1578 5909761
15.1602 5912641
15.163 5915521
15.1654 5918401
15.1678 5921281
15.1702 5924161
15.1726 5927041
15.175 5929921
15.1774 5932801
15.1798 5935681
15.1822 5938561
15.1854 5941441
15.1878 5944321
15.1902 5947201
15.2779 5950081
15.2804 5952961
15.2831 5955841
15.2855 5958721
15.2879 5961601
15.2903 5964481
15.2927 5967361
15.2951 5970241
15.2975 5973121
15.2999 5976001
15.3023 5978881
15.3047 5981761
15.3071 5984641
15.3094 5987521
15.3968 5990401
15.3993 5993281
15.402 5996161
15.4044 5999041
15.4068 6001921
15.4092 6004801
15.4116 6007681
15.414 6010561
15.4164 6013441
15.4188 6016321
15.4212 6019201
15.4236 6022081
15.4259 6024961
15.4283 6027841
15.5157 6030721
15.5182 6033601
15.5209 6036481
15.5232 6039361
15.5257 6042241
15.5281 6045121
15.5305 6048001
15.5329 6050881
15.5353 6053761
15.5377 6056641
15.5401 6059521
15.5424 6062401
15.5448 6065281
15.5472 6068161
15.5496 6071041
15.6359 6073921
15.6383 6076801
15.6409 6079681
15.6433 6082561
15.6458 6085441
15.6482 6088321
15.6506 6091201
15.653 6094081
15.6554 6096961
15.6577 6099841
15.6601 6102721
15.6625 6105601
15.6649 6108481
15.6673 6111361
15.6697 6114241
15.756 6117121
15.7584 6120001
15.761 6122881
15.7634 6125761
15.7659 6128641
15.7683 6131521
15.7707 6134401
15.7731 6137281
15.7755 6140161
15.7779 6143041
15.7803 6145921
15.7827 6148801
15.7851 6151681
15.7874 6154561
15.7898 6157441
15.8749 6160321
15.8773 6163201
15.8799 6166081
15.8823 6168961
15.8848 6171841
15.8872 6174721
15.8896 6177601
15.8919 6180481
15.8944 6183361
15.8968 6186241
15.8992 6189121
15.9016 6192001
15.9039 6194881
15.9063 6197761
15.9087 6200641
15.9938 6203521
15.9965 6206401
15.999 6209281
16.0014 6212161
16.0037 6215041
16.0062 6217921
16.0086 6220801
16.011 6223681
16.0133 6226561
16.0157 6229441
16.0181 6232321
16.0205 6235201
16.0229 6238081
16.0253 6240961
16.0277 6243841
16.0301 6246721
16.1138 6249601
16.1166 6252481
16.119 6255361
16.1214 6258241
16.1238 6261121
16.1262 6264001
16.1286 6266881
16.131 6269761
16.1334 6272641
16.1358 6275521
16.1382 6278401
16.1406 6281281
16.143 6284161
16.1454 6287041
16.1478 6289921
16.1502 6292801
16.2339 6295681
16.2367 6298561
16.2391 6301441
16.2415 6304321
16.2439 6307201
16.2463 6310081
16.2487 6312961
16.2511 6315841
16.2535 6318721
16.2559 6321601
16.2583 6324481
16.2607 6327361
16.2631 6330241
16.2655 6333121
16.2679 6336001
16.2702 6338881
16.3528 6341761
16.3556 6344641
16.358 6347521
16.3604 6350401
16.3628 6353281
16.3652 6356161
16.3676 6359041
16.37 6361921
16.3724 6364801
16.3748 6367681
16.3772 6370561
16.3796 6373441
16.382 6376321
16.3844 6379201
16.3868 6382081
16.3892 6384961
16.4717 6387841
16.4745 6390721
16.4769 6393601
16.4793 6396481
16.4817 6399361
16.4841 6402241
16.4865 6405121
16.4889 6408001
16.4913 6410881
16.4937 6413761
16.4961 6416641
16.4985 6419521
16.5009 6422401
16.5033 6425281
16.5057 6428161
16.508 6431041
16.5104 6433921
16.592 6436801
16.5946 6439681
16.597 6442561
16.5994 6445441
16.6018 6448321
16.6042 6451201
16.6068 6454081
16.6094 6456961
16.6118 6459841
16.6141 6462721
16.6165 6465601
16.6189 6468481
16.6213 6471361
16.6237 6474241
16.6262 6477121
16.6286 6480001
16.631 6482881
16.7121 6485761
16.7147 6488641
16.7171 6491521
16.7195 6494401
16.7219 6497281
16.7243 6500161
16.7269 6503041
16.7294 6505921
16.7318 6508801
16.7342 6511681
16.7366 6514561
16.7391 6517441
16.7415 6520321
16.7439 6523201
16.7463 6526081
16.7487 6528961
16.7511 6531841
16.8314 6534721
16.834 6537601
16.8364 6540481
16.8388 6543361
16.8413 6546241
16.8437 6549121
16.8461 6552001
16.8485 6554881
16.8509 6557761
16.8536 6560641
16.856 6563521
16.8583 6566401
16.8607 6569281
16.8631 6572161
16.8655 6575041
16.8679 6577921
16.8703 6580801
16.9503 6583681
16.9528 6586561
16.9553 6589441
16.9577 6592321
16.9602 6595201
16.9626 6598081
16.965 6600961
16.9674 6603841
16.9698 6606721
16.9725 6609601
16.9748 6612481
16.9772 6615361
16.9796 6618241
16.982 6621121
16.9844 6624001
16.9868 6626881
16.9892 6629761
17.0694 6632641
17.0718 6635521
17.0742 6638401
17.0766 6641281
17.079 6644161
17.0814 6647041
17.0838 6649921
17.0862 6652801
17.0886 6655681
17.091 6658561
17.0933 6661441
17.0957 6664321
17.0981 6667201
17.1005 6670081
17.2245 6724801
17.3252 6727681
17.3276 6730561
17.3299 6733441
17.3323 6736321
17.3347 6739201
17.3371 6742081
17.3396 6744961
17.3422 6747841
17.4441 6750721
17.4466 6753601
17.4491 6756481
17.4516 6759361
17.454 6762241
17.4564 6765121
17.4588 6768001
17.4612 6770881
17.563 6773761
17.5654 6776641
17.568 6779521
17.5705 6782401
17.5729 6785281
17.5753 6788161
17.5777 6791041
17.5801 6793921
17.6819 6796801
17.6847 6799681
17.6871 6802561
17.6895 6805441
17.6919 6808321
17.6943 6811201
17.6967 6814081
17.6991 6816961
17.7015 6819841
17.802 6822721
17.8048 6825601
17.8072 6828481
17.8096 6831361
17.812 6834241
17.8144 6837121
17.8168 6840001
17.8192 6842881
17.8215 6845761
17.9221 6848641
17.9249 6851521
17.9273 6854401
17.9297 6857281
17.9321 6860161
17.9345 6863041
17.9368 6865921
17.9395 6868801
17.942 6871681
18.041 6874561
18.0438 6877441
18.0462 6880321
18.0486 6883201
18.051 6886081
18.0533 6888961
18.0557 6891841
18.0583 6894721
18.0609 6897601
18.1599 6900481
18.1627 6903361
18.1651 6906241
18.1676 6909121
18.17 6912001
18.1723 6914881
18.1747 6917761
18.1771 6920641
18.1795 6923521
18.1819 6926401
18.28 6929281
18.2828 6932161
18.2851 6935041
18.2877 6937921
18.29 6940801
18.2924 6943681
18.2948 6946561
18.2972 6949441
18.2996 6952321
18.302 6955201
18.4001 6958081
18.4033 6960961
18.4057 6963841
18.4081 6966721
18.4105 6969601
18.4129 6972481
18.4153 6975361
18.4177 6978241
18.4201 6981121
18.4225 6984001
18.5189 6986881
18.5222 6989761
18.5246 6992641
18.527 6995521
18.5294 6998401
18.5318 7001281
18.5342 7004161
18.5366 7007041
18.539 7009921
18.5413 7012801
18.6378 7015681
18.6411 7018561
18.6435 7021441
18.6459 7024321
18.6483 7027201
18.6507 7030081
18.6531 7032961
18.6555 7035841
18.6578 7038721
18.6602 7041601
18.6626 7044481
18.7579 7047361
18.7612 7050241
18.7636 7053121
18.766 7056001
18.7684 7058881
18.7708 7061761
18.7731 7064641
18.7755 7067521
18.7783 7070401
18.7807 7073281
18.7831 7076161
18.878 7079041
18.8813 7081921
18.8837 7084801
18.8861 7087681
18.8884 7090561
18.8912 7093441
18.8936 7096321
18.896 7099201
18.8987 7102081
18.9011 7104961
18.9035 7107841
18.9969 7110721
19.0002 7113601
19.0026 7116481
19.0052 7119361
19.008 7122241
19.0104 7125121
19.0128 7128001
19.0152 7130881
19.0176 7133761
19.02 7136641
19.0224 7139521
19.1158 7142401
19.1194 7145281
19.1221 7148161
19.1245 7151041
19.1269 7153921
19.1293 7156801
19.1317 7159681
19.1341 7162561
19.1365 7165441
19.1389 7168321
19.1413 7171201
19.2347 7174081
19.2371 7176961
19.2395 7179841
19.2422 7182721
19.2446 7185601
19.247 7188481
19.2494 7191361
19.2518 7194241
19.2542 7197121
19.2566 7200001
19.259 7202881
19.2614 7205761
19.3548 7208641
19.3572 7211521
19.3596 7214401
19.3623 7217281
19.3647 7220161
19.3671 7223041
19.3695 7225921
19.3719 7228801
19.3743 7231681
19.3767 7234561
19.3791 7237441
19.3815 7240321
19.4749 7243201
19.4773 7246081
19.4797 7248961
19.4821 7251841
19.4845 7254721
19.4868 7257601
19.4892 7260481
19.4916 7263361
19.494 7266241
19.4964 7269121
19.4988 7272001
19.5012 7274881
19.5938 7277761
19.5961 7280641
19.5986 7283521
19.601 7286401
19.6033 7289281
19.6057 7292161
19.6081 7295041
19.6105 7297921
19.6129 7300801
19.6153 7303681
19.6178 7306561
19.6202 7309441
19.7126 7312321
19.715 7315201
19.7175 7318081
19.7198 7320961
19.7222 7323841
19.7246 7326721
19.727 7329601
19.7294 7332481
19.7318 7335361
19.7342 7338241
19.7366 7341121
19.739 7344001
19.7414 7346881
19.8327 7349761
19.8351 7352641
19.8375 7355521
19.84 7358401
19.8424 7361281
19.8448 7364161
19.8472 7367041
19.8495 7369921
19.852 7372801
19.8544 7375681
19.8568 7378561
19.8592 7381441
19.8616 7384321
19.9528 7387201
19.9552 7390081
19.9576 7392961
19.9601 7395841
19.9625 7398721
19.9648 7401601
19.9676 7404481
19.97 7407361
19.9724 7410241
19.9748 7413121
19.9772 7416001
19.9796 7418881
19.982 7421761
20.0717 7424641
20.0741 7427521
20.0765 7430401
20.079 7433281
20.0813 7436161
20.0837 7439041
20.0865 7441921
20.0889 7444801
20.0913 7447681
20.0937 7450561
20.0961 7453441
20.0985 7456321
20.1009 7459201
20.193 7464961
20.1954 7467841
20.1978 7470721
20.2002 7473601
20.2026 7476481
20.2054 7479361
20.2078 7482241
20.2102 7485121
20.2126 7488001
20.215 7490881
20.2174 7493761
20.2199 7496641
20.2223 7499521
20.3131 7502401
20.3155 7505281
20.3179 7508161
20.3202 7511041
20.3226 7513921
20.325 7516801
20.3274 7519681
20.3298 7522561
20.3322 7525441
20.3346 7528321
20.337 7531201
20.3394 7534081
20.3418 7536961
20.3442 7539841
20.4332 7542721
20.4355 7545601
20.4379 7548481
20.4403 7551361
20.4427 7554241
20.4451 7557121
20.4475 7560001
20.4499 7562881
20.4523 7565761
20.4547 7568641
20.4571 7571521
20.4595 7574401
20.4618 7577281
20.4642 7580161
20.552 7583041
20.5544 7585921
20.5568 7588801
20.5592 7591681
20.5617 7594561
20.5644 7597441
20.5668 7600321
20.5692 7603201
20.5715 7606081
20.5739 7608961
20.5763 7611841
20.5787 7614721
20.5811 7617601
20.5835 7620481
20.6709 7623361
20.6733 7626241
20.6757 7629121
20.6781 7632001
20.6806 7634881
20.6833 7637761
20.6857 7640641
20.688 7643521
20.6904 7646401
20.6928 7649281
20.6952 7652161
20.6976 7655041
20.7 7657921
20.7024 7660801
20.7048 7663681
20.791 7666561
20.7934 7669441
20.7958 7672321
20.7985 7675201
20.8009 7678081
20.8034 7680961
20.8058 7683841
20.8082 7686721
20.8106 7689601
20.813 7692481
20.8154 7695361
20.8178 7698241
20.8204 7701121
20.8228 7704001
20.8252 7706881
20.9115 7709761
20.9142 7712641
20.9166 7715521
20.919 7718401
20.9214 7721281
20.9238 7724161
20.9262 7727041
20.9286 7729921
20.931 7732801
20.9333 7735681
20.9357 7738561
20.9381 7741441
20.9405 7744321
20.9429 7747201
20.9453 7750081
21.0304 7752961
21.0331 7755841
21.0355 7758721
21.0379 7761601
21.0403 7764481
21.0427 7767361
21.0451 7770241
21.0475 7773121
21.0498 7776001
21.0522 7778881
21.0546 7781761
21.057 7784641
21.0597 7787521
21.0621 7790401
21.0645 7793281
21.1493 7796161
21.152 7799041
21.1544 7801921
21.1568 7804801
21.1592 7807681
21.1616 7810561
21.164 7813441
21.1663 7816321
21.1687 7819201
21.1711 7822081
21.1738 7824961
21.1763 7827841
21.1787 7830721
21.1811 7833601
21.1835 7836481
21.2682 7839361
21.2706 7842241
21.2731 7845121
21.2755 7848001
21.2779 7850881
21.2803 7853761
21.2831 7856641
21.2855 7859521
21.2879 7862401
21.2903 7865281
21.2926 7868161
21.295 7871041
21.2974 7873921
21.2998 7876801
21.3022 7879681
21.3046 7882561
21.3884 7885441
21.3908 7888321
21.3933 7891201
21.396 7894081
21.3984 7896961
21.4009 7899841
21.4034 7902721
21.4058 7905601
21.4082 7908481
21.4106 7911361
21.413 7914241
21.4153 7917121
21.4177 7920001
21.4201 7922881
21.4225 7925761
21.4249 7928641
21.5085 7931521
21.5109 7934401
21.5135 7937281
21.516 7940161
21.5184 7943041
21.5207 7945921
21.5231 7948801
21.5255 7951681
21.5279 7954561
21.5303 7957441
21.5327 7960321
21.5351 7963201
21.5375 7966081
21.5399 7968961
21.5423 7971841
21.5446 7974721
21.6275 7977601
21.6304 7980481
21.6328 7983361
21.6352 7986241
21.6376 7989121
21.64 7992001
21.6424 7994881
21.6448 7997761
21.6472 8000641
21.6496 8003521
21.652 8006401
21.6543 8009281
21.6567 8012161
21.6591 8015041
21.6615 8017921
21.6639 8020801
21.7464 8023681
21.7493 8026561
21.7517 8029441
21.7541 8032321
21.7565 8035201
21.7589 8038081
21.7613 8040961
21.7637 8043841
21.7661 8046721
21.7685 8049601
21.7708 8052481
21.7732 8055361
21.7756 8058241
21.778 8061121
21.7804 8064001
21.7828 8066881
21.7852 8069761
21.8667 8072641
21.8694 8075521
21.8718 8078401
21.8742 8081281
21.8766 8084161
21.879 8087041
21.8814 8089921
21.8838 8092801
21.8862 8095681
21.8885 8098561
21.8909 8101441
21.8933 8104321
21.8957 8107201
21.8981 8110081
21.9005 8112961
21.9029 8115841
21.9053 8118721
21.9868 8121601
21.9895 8124481
21.9919 8127361
21.9943 8130241
21.9967 8133121
21.9991 8136001
22.0015 8138881
22.0038 8141761
22.0062 8144641
22.0086 8147521
22.011 8150401
22.0134 8153281
22.0158 8156161
22.0184 8159041
22.0208 8161921
22.0232 8164801
22.0256 8167681
22.1057 8170561
22.1084 8173441
22.1108 8176321
22.1132 8179201
22.1156 8182081
22.118 8184961
22.1203 8187841
22.1227 8190721
22.1251 8193601
22.1275 8196481
22.1299 8199361
22.1323 8202241
22.1347 8205121
22.1373 8208001
22.1397 8210881
22.1421 8213761
22.1444 8216641
22.2246 8219521
22.2273 8222401
22.2297 8225281
22.2321 8228161
22.2345 8231041
22.2368 8233921
22.2392 8236801
22.2417 8239681
22.2441 8242561
22.2465 8245441
22.2488 8248321
22.2512 8251201
22.2536 8254081
22.256 8256961
22.2584 8259841
22.2608 8262721
22.2632 8265601
22.2656 8268481
22.3447 8271361
22.3474 8274241
22.3498 8277121
22.3521 8280001
22.3545 8282881
22.357 8285761
22.3594 8288641
22.3618 8291521
22.3642 8294401
22.3666 8297281
22.369 8300161
22.3714 8303041
22.3737 8305921
22.3761 8308801
22.3785 8311681
22.3809 8314561
22.3833 8317441
22.3857 8320321
22.4651 8323201
22.4675 8326081
22.4699 8328961
22.4723 8331841
22.4747 8334721
22.4771 8337601
22.4795 8340481
22.4819 8343361
22.4843 8346241
22.4867 8349121
22.4891 8352001
22.4915 8354881
22.4939 8357761
22.4962 8360641
22.4986 8363521
22.501 8366401
22.5034 8369281
22.5058 8372161
22.584 8375041
22.5864 8377921
22.5888 8380801
22.5912 8383681
22.5936 8386561
22.596 8389441
22.5983 8392321
22.6008 8395201
22.6032 8398081
22.6056 8400961
22.608 8403841
22.6104 8406721
22.6127 8409601
22.6163 8411041
22.7388 8468641
22.8386 8471521
22.841 8474401
22.8434 8477281
22.8458 8480161
22.8481 8483041
22.8505 8485921
22.853 8488801
22.8554 8491681
22.858 8494561
22.9586 8497441
22.9611 8500321
22.9634 8503201
22.9658 8506081
22.9682 8508961
22.9706 8511841
22.9731 8514721
22.9755 8517601
22.9781 8520481
23.0791 8523361
23.0815 8526241
23.0839 8529121
23.0863 8532001
23.0887 8534881
23.0911 8537761
23.0935 8540641
23.0959 8543521
23.0983 8546401
23.1992 8549281
23.2016 8552161
23.204 8555041
23.2064 8557921
23.2088 8560801
23.2115 8563681
23.2139 8566561
23.2163 8569441
23.2187 8572321
23.3181 8575201
23.3205 8578081
23.3229 8580961
23.3253 8583841
23.3277 8586721
23.3304 8589601
23.3328 8592481
23.3352 8595361
23.3375 8598241
23.4374 8601121
23.4398 8604001
23.4422 8606881
23.4446 8609761
23.447 8612641
23.4494 8615521
23.4518 8618401
23.4542 8621281
23.4565 8624161
23.4589 8627041
23.5575 8629921
23.5599 8632801
23.5623 8635681
23.5647 8638561
23.5671 8641441
23.5695 8644321
23.5718 8647201
23.5746 8650081
23.577 8652961
23.5794 8655841
23.6775 8658721
23.68 8661601
23.6824 8664481
23.6848 8667361
23.6875 8670241
23.6899 8673121
23.6923 8676001
23.6947 8678881
23.6971 8681761
23.6995 8684641
23.7964 8687521
23.7989 8690401
23.8013 8693281
23.8036 8696161
23.8064 8699041
23.8088 8701921
23.8112 8704801
23.8136 8707681
23.816 8710561
23.8184 8713441
23.9153 8716321
23.9178 8719201
23.9201 8722081
23.9225 8724961
23.9254 8727841
23.9277 8730721
23.9301 8733601
23.9325 8736481
23.9349 8739361
23.9373 8742241
23.9397 8745121
24.0354 8748001
24.0382 8750881
24.0406 8753761
24.043 8756641
24.0454 8759521
24.0478 8762401
24.0502 8765281
24.0526 8768161
24.055 8771041
24.0574 8773921
24.0598 8776801
24.1555 8779681
24.1583 8782561
24.1607 8785441
24.1631 8788321
24.1655 8791201
24.1679 8794081
24.1703 8796961
24.1727 8799841
24.1751 8802721
24.1775 8805601
24.1799 8808481
24.2744 8811361
24.2776 8814241
24.28 8817121
24.2824 8820001
24.2848 8822881
24.2872 8825761
24.2895 8828641
24.2919 8831521
24.2943 8834401
24.2967 8837281
24.2991 8840161
24.3934 8843041
24.3965 8845921
24.3989 8848801
24.4013 8851681
24.4037 8854561
24.406 8857441
24.4084 8860321
24.4108 8863201
24.4132 8866081
24.4156 8868961
24.418 8871841
24.4207 8874721
24.5135 8877601
24.5166 8880481
24.519 8883361
24.5214 8886241
24.5238 8889121
24.5262 8892001
24.5286 8894881
24.531 8897761
24.5334 8900641
24.5357 8903521
24.5381 8906401
24.5408 8909281
24.6336 8912161
24.6366 8915041
24.639 8917921
24.6415 8920801
24.6439 8923681
24.6463 8926561
24.6487 8929441
24.651 8932321
24.6534 8935201
24.6561 8938081
24.6585 8940961
24.6609 8943841
24.7525 8946721
24.7555 8949601
24.7579 8952481
24.7604 8955361
24.7628 8958241
24.7652 8961121
24.7678 8964001
24.7702 8966881
24.7726 8969761
24.775 8972641
24.7774 8975521
24.7798 8978401
24.8713 8981281
24.8745 8984161
24.8769 8987041
24.8793 8989921
24.8819 8992801
24.8843 8995681
24.8867 8998561
24.8891 9001441
24.8915 9004321
24.8939 9007201
24.8963 9010081
24.8986 9012961
24.9906 9015841
24.993 9018721
24.9954 9021601
24.9978 9024481
25.0002 9027361
25.0026 9030241
25.005 9033121
25.0073 9036001
25.0097 9038881
25.0121 9041761
25.0145 9044641
25.0169 9047521
25.0193 9050401
25.1108 9053281
25.1132 9056161
25.1156 9059041
25.118 9061921
25.1204 9064801
25.1227 9067681
25.1251 9070561
25.1275 9073441
25.13 9076321
25.1324 9079201
25.1347 9082081
25.1371 9084961
25.1395 9087841
25.2309 9090721
25.2333 9093601
25.2357 9096481
25.238 9099361
25.2404 9102241
25.2428 9105121
25.2452 9108001
25.2476 9110881
25.2504 9113761
25.2528 9116641
25.2551 9119521
25.2575 9122401
25.2599 9125281
25.3501 9128161
25.3525 9131041
25.3549 9133921
25.3573 9136801
25.3597 9139681
25.362 9142561
25.3644 9145441
25.3668 9148321
25.3693 9151201
25.3716 9154081
25.374 9156961
25.3764 9159841
25.3788 9162721
25.469 9165601
25.4714 9168481
25.4738 9171361
25.4761 9174241
25.4788 9177121
25.4811 9180001
25.4835 9182881
25.4859 9185761
25.4883 9188641
25.4907 9191521
25.4931 9194401
25.4955 9197281
25.4979 9200161
25.5003 9203041
25.5891 9205921
25.5915 9208801
25.5938 9211681
25.5962 9214561
25.5988 9217441
25.6012 9220321
25.6036 9223201
25.606 9226081
25.6084 9228961
25.6108 9231841
25.6132 9234721
25.6156 9237601
25.618 9240481
25.6204 9243361
25.7091 9246241
25.7115 9249121
25.7139 9252001
25.7163 9254881
25.7189 9257761
25.7213 9260641
25.7237 9263521
25.7261 9266401
25.7285 9269281
25.7309 9272161
25.7333 9275041
25.7357 9277921
25.7381 9280801
25.7405 9283681
25.828 9286561
25.8304 9289441
25.8328 9292321
25.8352 9295201
25.8378 9298081
25.8402 9300961
25.8426 9303841
25.845 9306721
25.8474 9309601
25.8498 9312481
25.8522 9315361
25.8546 9318241
25.857 9321121
25.8594 9324001
25.9469 9326881
25.9493 9329761
25.9517 9332641
25.9541 9335521
25.957 9338401
25.9594 9341281
25.9618 9344161
25.9642 9347041
25.9665 9349921
25.9689 9352801
25.9713 9355681
25.9737 9358561
25.9761 9361441
25.9785 9364321
25.9809 9367201
26.0672 9370081
26.0696 9372961
26.072 9375841
26.0743 9378721
26.0771 9381601
26.0795 9384481
26.0818 9387361
26.0845 9390241
26.0869 9393121
26.0893 9396001
26.0917 9398881
26.0941 9401761
26.0964 9404641
26.0988 9407521
26.1012 9410401
26.1873 9413281
26.1897 9416161
26.192 9419041
26.1944 9421921
26.1972 9424801
26.1995 9427681
26.2019 9430561
26.2046 9433441
26.207 9436321
26.2094 9439201
26.2117 9442081
26.2141 9444961
26.2165 9447841
26.2189 9450721
26.2213 9453601
26.3065 9456481
26.3089 9459361
26.3113 9462241
26.3137 9465121
26.3161 9468001
26.3185 9470881
26.3209 9473761
26.3235 9476641
26.3259 9479521
26.3282 9482401
26.3306 9485281
26.333 9488161
26.3354 9491041
26.3378 9493921
26.3402 9496801
26.4254 9499681
26.4278 9502561
26.4302 9505441
26.4326 9508321
26.435 9511201
26.4374 9514081
26.4398 9516961
26.4424 9519841
26.4447 9522721
26.4471 9525601
26.4495 9528481
26.4519 9531361
26.4543 9534241
26.4567 9537121
26.4591 9540001
26.4615 9542881
26.5455 9545761
26.5479 9548641
26.5503 9551521
26.5527 9554401
26.5551 9557281
26.5575 9560161
26.5599 9563041
26.5624 9565921
26.5652 9568801
26.5676 9571681
26.57 9574561
26.5724 9577441
26.5748 9580321
26.5772 9583201
26.5796 9586081
26.5819 9588961
26.6656 9591841
26.668 9594721
26.6704 9597601
26.6728 9600481
26.6752 9603361
26.6775 9606241
26.6799 9609121
26.6829 9612001
26.6853 9614881
26.6877 9617761
26.6901 9620641
26.6925 9623521
26.6949 9626401
26.6973 9629281
26.6998 9632161
26.7022 9635041
26.7845 9637921
26.7872 9640801
26.7895 9643681
26.7919 9646561
26.7943 9649441
26.7967 9652321
26.7991 9655201
26.8018 9658081
26.8042 9660961
26.8066 9663841
26.809 9666721
26.8114 9669601
26.8137 9672481
26.8162 9675361
26.8187 9678241
26.8211 9681121
26.9034 9684001
26.906 9686881
26.9084 9689761
26.9108 9692641
26.9132 9695521
26.9156 9698401
26.918 9701281
26.9207 9704161
26.9231 9707041
26.9255 9709921
26.9279 9712801
26.9302 9715681
26.9327 9718561
26.9351 9721441
26.9376 9724321
26.94 9727201
26.9424 9730081
27.0235 9732961
27.0261 9735841
27.0286 9738721
27.0312 9741601
27.0338 9744481
27.0361 9747361
27.0385 9750241
27.0409 9753121
27.0433 9756001
27.0457 9758881
27.0481 9761761
27.0505 9764641
27.0529 9767521
27.0553 9770401
27.0577 9773281
27.0601 9776161
27.0625 9779041
27.1435 9781921
27.1462 9784801
27.149 9787681
27.1514 9790561
27.1542 9793441
27.1566 9796321
27.159 9799201
27.1614 9802081
27.1638 9804961
27.1662 9807841
27.1686 9810721
27.1709 9813601
27.1733 9816481
27.1757 9819361
27.1781 9822241
27.1805 9825121
27.1829 9828001
27.2624 9830881
27.2651 9833761
27.2683 9836641
27.2707 9839521
27.2731 9842401
27.2755 9845281
27.2779 9848161
27.2803 9851041
27.2827 9853921
27.2851 9856801
27.2874 9859681
27.2898 9862561
27.2922 9865441
27.2949 9868321
27.2973 9871201
27.2997 9874081
27.302 9876961
27.3813 9879841
27.384 9882721
27.3872 9885601
27.3896 9888481
27.392 9891361
27.3944 9894241
27.3968 9897121
27.3993 9900001
27.4017 9902881
27.4042 9905761
27.4065 9908641
27.4089 9911521
27.4113 9914401
27.4138 9917281
27.4162 9920161
27.4185 9923041
27.4209 9925921
27.5002 9928801
27.5029 9931681
27.5053 9934561
27.5079 9937441
27.5103 9940321
27.5127 9943201
27.5151 9946081
27.5175 9948961
27.5199 9951841
27.5223 9954721
27.5247 9957601
27.5271 9960481
27.5295 9963361
27.5319 9966241
27.5342 9969121
27.5367 9972001
27.5391 9974881
27.5415 9977761
27.6203 9980641
27.623 9983521
27.6254 9986401
27.628 9989281
27.6304 9992161
27.6328 9995041
27.6352 9997921
27.6376 10000801
27.6401 10003681
27.6425 10006561
27.6449 10009441
27.6473 10012321
27.6497 10015201
27.6521 10018081
27.6545 10020961
27.6569 10023841
27.6593 10026721
27.6617 10029601
27.7407 10032481
27.7431 10035361
27.7455 10038241
27.7481 10041121
27.7505 10044001
27.7528 10046881
27.7553 10049761
27.7578 10052641
27.7602 10055521
27.7626 10058401
27.7652 10061281
27.7676 10064161
27.77 10067041
27.7724 10069921
27.7748 10072801
27.7772 10075681
27.7796 10078561
27.782 10081441
27.8596 10084321
27.862 10087201
27.8644 10090081
27.867 10092961
27.8693 10095841
27.8719 10098721
27.8745 10101601
27.8769 10104481
27.8793 10107361
27.8818 10110241
27.8842 10113121
27.8866 10116001
27.889 10118881
27.8914 10121761
27.8938 10124641
27.8962 10127521
27.8986 10130401
27.901 10133281
27.9787 10136161
27.9811 10139041
27.9835 10141921
27.9862 10144801
27.9886 10147681
27.991 10150561
27.9934 10153441
27.9958 10156321
27.9982 10159201
28.0006 10162081
28.003 10164961
28.0054 10167841
28.0077 10170721
28.0101 10173601
28.0125 10176481
28.0149 10179361
28.0173 10182241
28.0197 10185121
28.0221 10188001
28.0988 10190881
28.1012 10193761
28.1037 10196641
28.1063 10199521
28.1087 10202401
28.1111 10205281
28.1135 10208161
28.1159 10211041
28.1183 10213921
28.1207 10216801
28.123 10219681
28.1254 10222561
28.1278 10225441
28.1302 10228321
28.1326 10231201
28.135 10234081
28.1374 10236961
28.1398 10239841
28.1422 10242721
28.219 10245601
28.2214 10248481
28.2238 10251361
28.2264 10254241
28.2288 10257121
28.2312 10260001
28.2336 10262881
28.236 10265761
28.2384 10268641
28.2407 10271521
28.2431 10274401
28.2455 10277281
28.2479 10280161
28.2503 10283041
28.253 10285921
28.2554 10288801
28.2578 10291681
28.2602 10294561
28.2626 10297441
28.3379 10300321
28.3403 10303201
28.3427 10306081
28.3453 10308961
28.3477 10311841
28.3501 10314721
28.3525 10317601
28.3549 10320481
28.3572 10323361
28.3596 10326241
28.362 10329121
28.3644 10332001
28.3668 10334881
28.3692 10337761
28.3719 10340641
28.3743 10343521
28.3767 10346401
28.3791 10349281
28.3814 10352161
28.4568 10355041
28.4592 10357921
28.4616 10360801
28.4642 10363681
28.4666 10366561
28.469 10369441
28.4714 10372321
28.4737 10375201
28.4762 10378081
28.4786 10380961
28.481 10383841
28.4834 10386721
28.4857 10389601
28.4881 10392481
28.4905 10395361
28.4929 10398241
28.4953 10401121
28.4977 10404001
28.5001 10406881
28.5025 10409761
28.5769 10412641
28.5793 10415521
28.5817 10418401
28.5843 10421281
28.5867 10424161
28.589 10427041
28.5914 10429921
28.5938 10432801
28.5963 10435681
28.5987 10438561
28.601 10441441
28.6034 10444321
28.6058 10447201
28.6082 10450081
28.6106 10452961
28.613 10455841
28.6154 10458721
28.6178 10461601
28.6204 10464481
28.6228 10467361
28.6969 10470241
28.6996 10473121
28.702 10476001
28.7044 10478881
28.7068 10481761
28.7092 10484641
28.7116 10487521
28.714 10490401
28.7164 10493281
28.7188 10496161
28.7212 10499041
28.7236 10501921
28.726 10504801
28.7284 10507681
28.7307 10510561
28.7333 10513441
28.7357 10516321
28.738 10519201
28.7404 10522081
28.7428 10524961
28.8158 10527841
28.8185 10530721
28.8209 10533601
28.8233 10536481
28.8257 10539361
28.8281 10542241
28.8305 10545121
28.8329 10548001
28.8353 10550881
28.8377 10553761
28.8401 10556641
28.8425 10559521
28.8449 10562401
28.8497 10568161
28.8522 10571041
28.8545 10573921
28.8569 10576801
28.8593 10579681
28.8617 10582561
28.9351 10585441
28.9375 10588321
28.9399 10591201
28.9423 10594081
28.9447 10596961
28.9471 10599841
28.9495 10602721
28.9518 10605601
28.9542 10608481
28.9566 10611361
28.959 10614241
28.9614 10617121
28.9638 10620001
28.9686 10622881
28.971 10625761
28.9734 10628641
28.9758 10631521
28.9782 10634401
28.9806 10637281
28.983 10640161
28.9854 10643041
29.0551 10645921
29.0576 10648801
29.06 10651681
29.0624 10654561
29.0648 10657441
29.0672 10660321
29.0695 10663201
29.0719 10666081
29.0743 10668961
29.0767 10671841
29.0791 10674721
29.0815 10677601
29.0839 10680481
29.0891 10683361
29.0915 10686241
29.0939 10689121
29.0963 10692001
29.0987 10694881
29.1011 10697761
29.1035 10700641
29.1059 10703521
29.1752 10706401
29.1777 10709281
29.1801 10712161
29.1825 10715041
29.1848 10717921
29.1872 10720801
29.1896 10723681
29.192 10726561
29.1944 10729441
29.1968 10732321
29.1993 10735201
29.2017 10738081
29.2041 10740961
29.2092 10743841
29.2116 10746721
29.214 10749601
29.2164 10752481
29.2188 10755361
29.2212 10758241
29.2236 10761121
29.226 10764001
29.2941 10766881
29.2966 10769761
29.299 10772641
29.3013 10775521
29.3037 10778401
29.3061 10781281
29.3089 10784161
29.3113 10787041
29.3138 10789921
29.3162 10792801
29.3186 10795681
29.321 10798561
29.3234 10801441
29.3281 10804321
29.3305 10807201
29.3353 10812961
29.3377 10815841
29.3401 10818721
29.3425 10821601
29.3448 10824481
29.413 10827361
29.4155 10830241
29.4178 10833121
29.4203 10836001
29.4228 10838881
29.4252 10841761
29.4278 10844641
29.4301 10847521
29.4327 10850401
29.4351 10853281
29.4375 10856161
29.4399 10859041
29.4422 10861921
29.447 10864801
29.4494 10867681
29.4542 10870561
29.4566 10873441
29.459 10876321
29.4613 10879201
29.4637 10882081
29.4661 10884961
29.4685 10887841
29.5336 10890721
29.5361 10893601
29.5385 10896481
29.5408 10899361
29.5434 10902241
29.5458 10905121
29.5483 10908001
29.5507 10910881
29.5531 10913761
29.5555 10916641
29.5579 10919521
29.5602 10922401
29.5626 10925281
29.5671 10928161
29.5695 10931041
29.5743 10933921
29.5766 10936801
29.579 10939681
29.5814 10942561
29.5838 10945441
29.5862 10948321
29.5886 10951201
29.6537 10954081
29.6562 10956961
29.6585 10959841
29.6612 10962721
29.6636 10965601
29.666 10968481
29.6687 10971361
29.6711 10974241
29.6735 10977121
29.6759 10980001
29.6783 10982881
29.6807 10985761
29.6831 10988641
29.6872 10991521
29.6896 10994401
29.6943 10997281
29.6967 11000161
29.6991 11003041
29.7015 11005921
29.7039 11008801
29.7063 11011681
29.7087 11014561
29.773 11017441
29.7755 11020321
29.7779 11023201
29.7803 11026081
29.7827 11028961
29.7851 11031841
29.7876 11034721
29.79 11037601
29.7924 11040481
29.7948 11043361
29.7972 11046241
29.7997 11049121
29.8021 11052001
29.8061 11054881
29.8085 11057761
29.8148 11059201
29.9373 11126881
30.028 11129761
30.0304 11132641
30.0332 11135521
30.0356 11138401
30.0379 11141281
30.0406 11144161
30.0442 11147041
30.0466 11149921
30.0526 11152801
30.055 11155681
