0.224217 1
0.251149 1441
0.279234 4321
0.307666 7201
0.334556 10081
0.336946 12961
0.36264 15841
0.365031 18721
0.367421 21601
0.390725 24481
0.393116 27361
0.395506 30241
0.397896 33121
0.417615 36001
0.420005 38881
0.422666 41761
0.425057 44641
0.427447 47521
0.429837 50401
0.444504 53281
0.446895 56161
0.449285 59041
0.451676 61921
0.454066 64801
0.456456 67681
0.458847 70561
0.461237 73441
0.463628 76321
0.471394 79201
0.473784 82081
0.476175 84961
0.478565 87841
0.480956 90721
0.483346 93601
0.485736 96481
0.488127 99361
0.490517 102241
0.492908 105121
0.495298 108001
0.497688 110881
0.500079 113761
0.552935 175681
0.559708 178561
0.562098 181441
0.564488 184321
0.566879 187201
0.569269 190081
0.57166 192961
0.574448 195841
0.576839 198721
0.579229 201601
0.586597 204481
0.588988 207361
0.591378 210241
0.593768 213121
0.596159 216001
0.598549 218881
0.601938 221761
0.604328 224641
0.606719 227521
0.613492 230401
0.615882 233281
0.618272 236161
0.620663 239041
0.623053 241921
0.625444 244801
0.627834 247681
0.630305 250561
0.632696 253441
0.635086 256321
0.641859 259201
0.644249 262081
0.64664 264961
0.64903 267841
0.651421 270721
0.653811 273601
0.656201 276481
0.658592 279361
0.661991 280801
0.69596 313921
0.711896 316801
0.714287 319681
0.716677 322561
0.719067 325441
0.738987 328321
0.741378 331201
0.743768 334081
0.746159 336961
0.765877 339841
0.768267 342721
0.770658 345601
0.773048 348481
0.775439 351361
0.794219 354241
0.796755 357121
0.799146 360001
0.801536 362881
0.803927 365761
0.822651 368641
0.825042 371521
0.827432 374401
0.829823 377281
0.832611 380161
0.849597 383041
0.851987 385921
0.854378 388801
0.856768 391681
0.859703 394561
0.876487 397441
0.878877 400321
0.881323 403201
0.883714 406081
0.886104 408961
0.888495 411841
0.904571 414721
0.906962 417601
0.909408 420481
0.911799 423361
0.914391 426241
0.916781 429121
0.93297 432001
0.93536 434881
0.937751 437761
0.940141 440641
0.942531 443521
0.944922 446401
0.960498 449281
0.962888 452161
0.965278 455041
0.968481 456481
0.998956 478081
1.02227 480961
1.02585 483841
1.04923 486721
1.05282 489601
1.07618 492481
1.07857 495361
1.08099 498241
1.10436 501121
1.10675 504001
1.10914 506881
1.13244 509761
1.13483 512641
1.13722 515521
1.15933 518401
1.16172 521281
1.16411 524161
1.18652 527041
1.18931 529921
1.1917 532801
1.21341 535681
1.2158 538561
1.21819 541441
1.22058 544321
1.24149 547201
1.24388 550081
1.24627 552961
1.24866 555841
1.26958 558721
1.27197 561601
1.27436 564481
1.27675 567361
1.29647 570241
1.30007 571681
1.33054 587521
1.35625 590401
1.38314 593281
1.41003 596161
1.41242 599041
1.43812 601921
1.44051 604801
1.4662 607681
1.46859 610561
1.49429 613441
1.49668 616321
1.52117 619201
1.52357 622081
1.54806 624961
1.55045 627841
1.55285 630721
1.57615 633601
1.57854 636481
1.58093 639361
1.60423 642241
1.60662 645121
1.60901 648001
1.63235 650881
1.63474 653761
1.63713 656641
1.65924 659521
1.66163 662401
1.66407 665281
1.68613 668161
1.68852 671041
1.69091 673921
1.6933 676801
1.71421 679681
1.7166 682561
1.71899 685441
1.72138 688321
1.7423 691201
1.74469 694081
1.74708 696961
1.74947 699841
1.76919 702721
1.77158 705601
1.77397 708481
1.77636 711361
1.79847 717121
1.80086 720001
1.80325 722881
1.82567 725761
1.82806 728641
1.83045 731521
1.83284 734401
1.83523 737281
1.85375 740161
1.85614 743041
1.85853 745921
1.86092 748801
1.86331 751681
1.88184 754561
1.88423 757441
1.88783 758881
1.91832 770401
1.94283 777601
1.94522 780481
1.96972 783361
1.97331 786241
2.00139 792001
2.02828 794881
2.03067 797761
2.05517 800641
2.05756 803521
2.08206 806401
2.08445 809281
2.08684 812161
2.11015 815041
2.11254 817921
2.11493 820801
2.13823 823681
2.14062 826561
2.14301 829441
2.16632 832321
2.16871 835201
2.1711 838081
2.19321 840961
2.1956 843841
2.19799 846721
2.22009 849601
2.22249 852481
2.22491 855361
2.2273 858241
2.24818 861121
2.25057 864001
2.25299 866881
2.25538 869761
2.27626 872641
2.27865 875521
2.28108 878401
2.28347 881281
2.30554 887041
2.30797 889921
2.31036 892801
2.33243 895681
2.33482 898561
2.33721 901441
2.33961 904321
2.35932 907201
2.36171 910081
2.3641 912961
2.36649 915841
2.36889 918721
2.38771 921601
2.3901 924481
2.39249 927361
2.39488 930241
2.39727 933121
2.41579 936001
2.41818 938881
2.42057 941761
2.42301 944641
2.4254 947521
2.44301 950401
2.4454 953281
2.44779 956161
2.45018 959041
2.45257 961921
2.4699 964801
2.47229 967681
2.47468 970561
2.47707 973441
2.47946 976321
2.48185 979201
2.49798 982081
2.50037 984961
2.50277 987841
2.50516 990721
2.50755 993601
2.50994 996481
2.52607 999361
2.52846 1002241
2.53085 1005121
2.53324 1008001
2.53563 1010881
2.53802 1013761
2.55415 1016641
2.55654 1019521
2.55893 1022401
2.56133 1025281
2.56372 1028161
2.56611 1031041
2.58134 1033921
2.58373 1036801
2.58612 1039681
2.58851 1042561
2.5909 1045441
2.59329 1048321
2.60823 1051201
2.61062 1054081
2.61301 1056961
2.6154 1059841
2.61905 1061281
2.64992 1084321
2.67039 1087201
2.67439 1090081
2.67681 1092961
2.69848 1095841
2.70312 1098721
2.70551 1101601
2.72656 1104481
2.7312 1107361
2.73359 1110241
2.75465 1113121
2.75809 1116001
2.76048 1118881
2.78154 1121761
2.78498 1124641
2.78737 1127521
2.80842 1130401
2.81187 1133281
2.81426 1136161
2.81665 1139041
2.83651 1141921
2.83996 1144801
2.84235 1147681
2.84474 1150561
2.86483 1153441
2.86841 1156321
2.87081 1159201
2.8732 1162081
2.89172 1164961
2.8953 1167841
2.89803 1170721
2.90072 1173601
2.9491 1189441
2.97361 1192321
3.0005 1195201
3.02739 1198081
3.02978 1200961
3.05548 1203841
3.05787 1206721
3.08356 1209601
3.08595 1212481
3.11165 1215361
3.11404 1218241
3.13883 1221121
3.14122 1224001
3.16572 1226881
3.16811 1229761
3.1705 1232641
3.19381 1235521
3.1962 1238401
3.19859 1241281
3.22189 1244161
3.22667 1249921
3.24998 1252801
3.25356 1255681
3.25595 1258561
3.27687 1261441
3.28166 1262881
3.31214 1275841
3.33931 1278721
3.36739 1281601
3.39548 1284481
3.42237 1287361
3.44942 1290241
3.47631 1293121
3.4787 1296001
3.50453 1298881
3.50692 1301761
3.5328 1304641
3.53519 1307521
3.56088 1310401
3.56327 1313281
3.58777 1316161
3.59016 1319041
3.61466 1321921
3.61705 1324801
3.61944 1327681
3.64274 1330561
3.64514 1333441
3.64753 1336321
3.67083 1339201
3.67322 1342081
3.67561 1344961
3.69794 1347841
3.70033 1350721
3.70272 1353601
3.72483 1356481
3.72722 1359361
3.72966 1362241
3.75172 1365121
3.75411 1368001
3.7565 1370881
3.75889 1373761
3.7805 1376641
3.78289 1379521
3.78528 1382401
3.78767 1385281
3.80863 1388161
3.81102 1391041
3.81341 1393921
3.8158 1396801
3.83552 1399681
3.83791 1402561
3.8403 1405441
3.84269 1408321
3.86241 1411201
3.8648 1414081
3.86719 1416961
3.86958 1419841
3.8893 1422721
3.89169 1425601
3.89433 1428481
3.89679 1431361
3.89918 1434241
3.91739 1437121
3.91978 1440001
3.92242 1442881
3.92488 1445761
3.92727 1448641
3.94547 1451521
3.94817 1454401
3.95056 1457281
3.95295 1460161
3.95534 1463041
3.97236 1465921
3.97506 1468801
3.97745 1471681
3.97984 1474561
3.98254 1477441
3.99925 1480321
4.00195 1483201
4.00434 1486081
4.00673 1488961
4.00943 1491841
4.01182 1494721
4.02776 1497601
4.03015 1500481
4.03254 1503361
4.03493 1506241
4.03872 1507681
4.08155 1527841
4.12181 1537921
4.13579 1540801
4.14774 1543681
4.16268 1546561
4.17468 1549441
4.18957 1552321
4.19196 1555201
4.20277 1558081
4.21766 1560961
4.22005 1563841
4.23085 1566721
4.24574 1569601
4.24813 1572481
4.25894 1575361
4.27293 1578241
4.27532 1581121
4.28582 1584001
4.29982 1586881
4.30221 1589761
4.31301 1592641
4.32671 1595521
4.3291 1598401
4.33149 1601281
4.3411 1604161
4.35479 1607041
4.35718 1609921
4.35957 1612801
4.36918 1615681
4.38288 1618561
4.38527 1621441
4.38766 1624321
4.39607 1627201
4.40977 1630081
4.41216 1632961
4.41455 1635841
4.42296 1638721
4.43666 1641601
4.43905 1644481
4.44144 1647361
4.44985 1650241
4.45224 1653121
4.46491 1656001
4.4673 1658881
4.46969 1661761
4.47794 1664641
4.48033 1667521
4.493 1670401
4.49539 1673281
4.49778 1676161
4.50602 1679041
4.50841 1681921
4.52108 1684801
4.52347 1687681
4.52586 1690561
4.53291 1693441
4.5353 1696321
4.54797 1699201
4.55275 1704961
4.5598 1707841
4.56219 1710721
4.57486 1713601
4.57964 1716481
4.58203 1719361
4.58442 1722241
4.58788 1725121
4.59027 1728001
4.60294 1730881
4.60772 1733761
4.61012 1736641
4.61251 1739521
4.61597 1742401
4.61836 1745281
4.63103 1748161
4.63581 1751041
4.6382 1753921
4.64059 1756801
4.64405 1759681
4.64644 1762561
4.65792 1765441
4.6627 1768321
4.66509 1771201
4.66748 1774081
4.67094 1776961
4.67333 1779841
4.68481 1782721
4.68959 1785601
4.69198 1788481
4.69437 1791361
4.69783 1794241
4.70022 1797121
4.70261 1800001
4.71289 1802881
4.71767 1805761
4.72006 1808641
4.72245 1811521
4.72592 1814401
4.72831 1817281
4.7307 1820161
4.74098 1823041
4.74576 1825921
4.74815 1828801
4.75054 1831681
4.754 1834561
4.75639 1837441
4.75878 1840321
4.76906 1843201
4.77265 1846081
4.77504 1848961
4.77743 1851841
4.78089 1854721
4.78328 1857601
4.78567 1860481
4.79595 1863361
4.79954 1866241
4.80193 1869121
4.80432 1872001
4.81017 1877761
4.81256 1880641
4.82315 1883521
4.82643 1886401
4.82882 1889281
4.83121 1892161
4.8336 1895041
4.83826 1897921
4.84065 1900801
4.84304 1903681
4.85123 1906561
4.85451 1909441
4.8569 1912321
4.85929 1915201
4.86204 1918081
4.86634 1920961
4.86873 1923841
4.87112 1926721
4.87932 1929601
4.8826 1932481
4.88499 1935361
4.88738 1938241
4.89012 1941121
4.89562 1946881
4.89801 1949761
4.90621 1952641
4.9097 1955521
4.91209 1958401
4.91448 1961281
4.91701 1964161
4.92251 1967041
4.9249 1969921
4.92729 1972801
4.9331 1975681
4.93659 1978561
4.93898 1981441
4.94137 1984321
4.9439 1987201
4.9495 1990081
4.95188 1992961
4.95427 1995841
4.95666 1998721
4.96118 2001601
4.96468 2004481
4.96707 2007361
4.96946 2010241
4.97199 2013121
4.9788 2014561
5.00927 2043361
5.02445 2046241
5.02728 2049121
5.03379 2052001
5.03618 2054881
5.05253 2057761
5.05537 2060641
5.06187 2063521
5.06426 2066401
5.08062 2069281
5.08345 2072161
5.08996 2075041
5.09235 2077921
5.10873 2080801
5.11145 2083681
5.11685 2086561
5.11924 2089441
5.13562 2092321
5.13834 2095201
5.14403 2098081
5.14642 2100961
5.16251 2103841
5.16523 2106721
5.16762 2109601
5.17212 2112481
5.17451 2115361
5.19059 2118241
5.19332 2121121
5.19571 2124001
5.2002 2126881
5.20259 2129761
5.21868 2132641
5.2214 2135521
5.22379 2138401
5.22829 2141281
5.27247 2160001
5.28449 2162881
5.29966 2165761
5.31257 2168641
5.32775 2171521
5.34066 2174401
5.35463 2177281
5.36755 2180161
5.38152 2183041
5.39444 2185921
5.40841 2188801
5.4108 2191681
5.42252 2194561
5.4365 2197441
5.43889 2200321
5.45061 2203201
5.46717 2208961
5.47869 2211841
5.49406 2214721
5.4965 2217601
5.50558 2220481
5.52095 2223361
5.52339 2226241
5.53247 2229121
5.54784 2232001
5.55149 2233441
5.58656 2247841
5.60767 2250721
5.63456 2253601
5.66145 2256481
5.68834 2259361
5.71523 2262241
5.71762 2265121
5.74332 2268001
5.74571 2270881
5.77162 2273761
5.77401 2276641
5.79851 2279521
5.8009 2282401
5.8254 2285281
5.82779 2288161
5.85229 2291041
5.85468 2293921
5.85707 2296801
5.88277 2302561
5.88516 2305441
5.91085 2308321
5.91324 2311201
5.91563 2314081
5.93894 2316961
5.94133 2319841
5.94372 2322721
5.9661 2325601
5.96849 2328481
5.97088 2331361
5.99299 2334241
5.99538 2337121
5.99777 2340001
6.00016 2342881
6.02107 2345761
6.02346 2348641
6.02585 2351521
6.02825 2354401
6.04916 2357281
6.05155 2360161
6.05394 2363041
6.05633 2365921
6.07605 2368801
6.07844 2371681
6.08083 2374561
6.08322 2377441
6.10415 2378881
6.13582 2396161
6.16041 2399041
6.16419 2401921
6.18849 2404801
6.19227 2407681
6.21658 2410561
6.24475 2416321
6.27164 2419201
6.27403 2422081
6.29974 2423521
6.33022 2433601
6.35712 2436481
6.38521 2439361
6.41329 2442241
6.44145 2445121
6.46834 2448001
6.49523 2450881
6.52212 2453761
6.52451 2456641
6.55021 2459521
6.5526 2462401
6.57829 2465281
6.58068 2468161
6.60638 2471041
6.60877 2473921
6.63327 2476801
6.63566 2479681
6.66016 2482561
6.66255 2485441
6.68706 2486881
6.71755 2495521
6.79863 2501281
6.82552 2504161
6.8536 2507041
6.88169 2509921
6.90977 2512801
6.93666 2515681
6.96355 2518561
6.99083 2521441
6.99322 2524321
7.01892 2527201
7.02131 2530081
7.047 2532961
7.04939 2535841
7.07509 2538721
7.07748 2541601
7.10198 2544481
7.10437 2547361
7.12886 2550241
7.13126 2553121
7.13365 2556001
7.15701 2558881
7.1594 2561761
7.16179 2564641
7.1851 2567521
7.21678 2580481
7.24369 2583361
7.27177 2586241
7.29986 2589121
7.32674 2592001
7.35402 2594881
7.38091 2597761
7.3833 2600641
7.40899 2603521
7.41138 2606401
7.43708 2609281
7.43947 2612161
7.46516 2615041
7.46755 2617921
7.49205 2620801
7.49444 2623681
7.51924 2626561
7.52163 2629441
7.52402 2632321
7.54732 2635201
7.54971 2638081
7.5521 2640961
7.57541 2643841
7.5778 2646721
7.58019 2649601
7.6023 2652481
7.60708 2658241
7.62919 2661121
7.63397 2664001
7.63636 2666881
7.65608 2669761
7.66086 2672641
7.66325 2675521
7.66564 2678401
7.68416 2681281
7.68894 2684161
7.69133 2687041
7.69372 2689921
7.7125 2692801
7.71732 2695681
7.71971 2698561
7.7221 2701441
7.73938 2704321
7.74421 2707201
7.7466 2710081
7.74899 2712961
7.76627 2715841
7.7711 2718721
7.77349 2721601
7.77588 2724481
7.79316 2727361
7.79799 2730241
7.80038 2733121
7.80277 2736001
7.80516 2738881
7.82125 2741761
7.82608 2744641
7.82847 2747521
7.83086 2750401
7.83325 2753281
7.84933 2756161
7.85416 2759041
7.85655 2761921
7.85894 2764801
7.86166 2767681
7.87652 2770561
7.88105 2773441
7.88344 2776321
7.88583 2779201
7.88855 2782081
7.90375 2784961
7.90794 2787841
7.91033 2790721
7.91302 2793601
7.91544 2796481
7.91783 2799361
7.93183 2802241
7.93603 2805121
7.93842 2808001
7.9411 2810881
7.94353 2813761
7.94592 2816641
7.96028 2819521
7.96411 2822401
7.9665 2825281
7.96919 2828161
7.97161 2831041
7.974 2833921
7.98717 2836801
7.991 2839681
7.99339 2842561
7.99608 2845441
7.9985 2848321
8.00089 2851201
8.01406 2854081
8.01789 2856961
8.02028 2859841
8.02297 2862721
8.0266 2864161
8.05708 2887201
8.07886 2890081
8.08159 2892961
8.08398 2895841
8.10694 2898721
8.10968 2901601
8.11207 2904481
8.13503 2907361
8.13776 2910241
8.14015 2913121
8.16311 2916001
8.1655 2918881
8.16789 2921761
8.19 2924641
8.19239 2927521
8.19478 2930401
8.21689 2933281
8.21928 2936161
8.22167 2939041
8.22406 2941921
8.24497 2944801
8.24736 2947681
8.24975 2950561
8.25215 2953441
8.27336 2956321
8.27575 2959201
8.28093 2964961
8.30025 2967841
8.30782 2973601
8.31021 2976481
8.32714 2979361
8.33471 2982241
8.3371 2985121
8.33949 2988001
8.35403 2990881
8.3619 2993761
8.36429 2996641
8.36668 2999521
8.36907 3002401
8.38211 3005281
8.39004 3008161
8.39245 3011041
8.39492 3013921
8.39731 3016801
8.41019 3019681
8.41813 3022561
8.42053 3025441
8.42301 3028321
8.4254 3031201
8.43708 3034081
8.44501 3036961
8.44742 3039841
8.4499 3042721
8.45229 3045601
8.46397 3048481
8.4719 3051361
8.47431 3054241
8.47679 3057121
8.47918 3060001
8.49086 3062881
8.49325 3065761
8.49999 3068641
8.50239 3071521
8.50487 3074401
8.50726 3077281
8.51895 3080161
8.52134 3083041
8.52807 3085921
8.53048 3088801
8.53296 3091681
8.53535 3094561
8.54703 3097441
8.54942 3100321
8.55616 3103201
8.55855 3106081
8.56094 3108961
8.56333 3111841
8.57392 3114721
8.57631 3117601
8.58305 3120481
8.58544 3123361
8.58823 3126241
8.59062 3129121
8.60081 3132001
8.6032 3134881
8.60994 3137761
8.61233 3140641
8.61472 3143521
8.61711 3146401
8.6195 3149281
8.6289 3152161
8.63129 3155041
8.63802 3157921
8.64041 3160801
8.6428 3163681
8.64519 3166561
8.64758 3169441
8.65698 3172321
8.65937 3175201
8.66611 3178081
8.66858 3180961
8.67097 3183841
8.67336 3186721
8.67575 3189601
8.68387 3192481
8.68626 3195361
8.693 3198241
8.69547 3201121
8.69786 3204001
8.70025 3206881
8.70264 3209761
8.71106 3212641
8.71345 3215521
8.71989 3218401
8.72236 3221281
8.72475 3224161
8.72714 3227041
8.72953 3229921
8.73192 3232801
8.73914 3235681
8.74679 3237121
8.77727 3263041
8.79294 3265921
8.80059 3268801
8.80298 3271681
8.81983 3274561
8.8278 3277441
8.83022 3280321
8.84672 3283201
8.85468 3286081
8.85711 3288961
8.87361 3291841
8.88157 3294721
8.88396 3297601
8.88636 3300481
8.90233 3303361
8.90972 3306241
8.91211 3309121
8.9145 3312001
8.93041 3314881
8.9378 3317761
8.94019 3320641
8.94282 3323521
8.9573 3326401
8.96708 3332161
8.96971 3335041
8.98419 3337921
8.99397 3340801
8.99636 3343681
8.99875 3346561
9.01108 3349441
9.02086 3352321
9.02325 3355201
9.02564 3358081
9.02803 3360961
9.03916 3363841
9.04895 3366721
9.05134 3369601
9.05373 3372481
9.05612 3375361
9.06725 3378241
9.07968 3384001
9.08207 3386881
9.08446 3389761
9.09414 3392641
9.10657 3395521
9.10896 3398401
9.11135 3401281
9.11374 3404161
9.12103 3407041
9.13346 3409921
9.13585 3412801
9.13824 3415681
9.14072 3418561
9.14792 3421441
9.15031 3424321
9.1618 3427201
9.16419 3430081
9.16658 3432961
9.16897 3435841
9.176 3438721
9.17839 3441601
9.18994 3444481
9.19233 3447361
9.19472 3450241
9.19711 3453121
9.20428 3456001
9.20667 3458881
9.21683 3461761
9.21922 3464641
9.22161 3467521
9.224 3470401
9.23117 3473281
9.23356 3476161
9.24397 3479041
9.24636 3481921
9.24875 3484801
9.25114 3487681
9.25806 3490561
9.26045 3493441
9.27086 3496321
9.27325 3499201
9.27564 3502081
9.27803 3504961
9.28042 3507841
9.28614 3510721
9.28853 3513601
9.29895 3516481
9.30134 3519361
9.30373 3522241
9.30612 3525121
9.30851 3528001
9.31544 3529441
9.35274 3553921
9.36469 3556801
9.37043 3559681
9.37963 3562561
9.39278 3565441
9.39851 3568321
9.40771 3571201
9.42086 3574081
9.4254 3576961
9.4346 3579841
9.44775 3582721
9.45229 3585601
9.46149 3588481
9.47464 3591361
9.47918 3594241
9.48157 3597121
9.48958 3600001
9.50273 3602881
9.50734 3605761
9.50973 3608641
9.51766 3611521
9.53081 3614401
9.53542 3617281
9.53781 3620161
9.54575 3623041
9.5577 3625921
9.56231 3628801
9.5647 3631681
9.57264 3634561
9.58459 3637441
9.5892 3640321
9.59159 3643201
9.59953 3646081
9.61269 3647521
9.64316 3664801
9.66773 3667681
9.67012 3670561
9.69581 3673441
9.69843 3676321
9.7239 3679201
9.72651 3682081
9.75198 3684961
9.75437 3687841
9.77887 3690721
9.78126 3693601
9.80576 3696481
9.80815 3699361
9.81054 3702241
9.83385 3705121
9.83624 3708001
9.83863 3710881
9.86193 3713761
9.86436 3716641
9.86675 3719521
9.89002 3722401
9.89241 3725281
9.8948 3728161
9.91691 3731041
9.9193 3733921
9.92169 3736801
9.94413 3739681
9.94652 3742561
9.94892 3745441
9.95131 3748321
9.97222 3751201
9.97461 3754081
9.97701 3756961
9.9794 3759841
10.0003 3762721
10.0027 3765601
10.0051 3768481
10.0075 3771361
10.0296 3777121
10.032 3780001
10.0344 3782881
10.0565 3785761
10.0589 3788641
10.0613 3791521
10.0636 3794401
10.0834 3797281
10.0858 3800161
10.0881 3803041
10.0905 3805921
10.0929 3808801
10.1114 3811681
10.1138 3814561
10.1162 3817441
10.1186 3820321
10.121 3823201
10.1395 3826081
10.1422 3828961
10.1446 3831841
10.147 3834721
10.1494 3837601
10.1664 3840481
10.1691 3843361
10.1715 3846241
10.1739 3849121
10.1763 3852001
10.1933 3854881
10.196 3857761
10.1984 3860641
10.2008 3863521
10.2032 3866401
10.2056 3869281
10.2214 3872161
10.2241 3875041
10.2265 3877921
10.2289 3880801
10.2313 3883681
10.2336 3886561
10.2497 3889441
10.2522 3892321
10.2546 3895201
10.2569 3898081
10.2593 3900961
10.2617 3903841
10.2778 3906721
10.2802 3909601
10.2825 3912481
10.2849 3915361
10.2873 3918241
10.2898 3921121
10.3051 3924001
10.3074 3926881
10.3098 3929761
10.3122 3932641
10.3146 3935521
10.317 3938401
10.3319 3941281
10.3343 3944161
10.3367 3947041
10.3391 3949921
10.3415 3952801
10.3439 3955681
10.3463 3958561
10.36 3961441
10.3624 3964321
10.3648 3967201
10.3675 3970081
10.3703 3972961
10.3727 3975841
10.3751 3978721
10.3881 3981601
10.3905 3984481
10.3929 3987361
10.3956 3990241
10.398 3993121
10.4004 3996001
10.4028 3998881
10.415 4001761
10.4174 4004641
10.4198 4007521
10.4225 4010401
10.4249 4013281
10.4273 4016161
10.4297 4019041
10.4419 4021921
10.4443 4024801
10.4467 4027681
10.4494 4030561
10.4814 4056481
10.5017 4059361
10.5044 4062241
10.5083 4065121
10.5286 4068001
10.5313 4070881
10.5352 4073761
10.5555 4076641
10.5581 4079521
10.562 4082401
10.5831 4085281
10.5855 4088161
10.5879 4091041
10.5903 4093921
10.6112 4096801
10.6136 4099681
10.616 4102561
10.6184 4105441
10.6393 4108321
10.6417 4111201
10.6441 4114081
10.6464 4116961
10.6662 4119841
10.6689 4122721
10.6713 4125601
10.6736 4128481
10.6931 4131361
10.6958 4134241
10.6982 4137121
10.7006 4140001
10.7199 4142881
10.7226 4145761
10.725 4148641
10.7274 4151521
10.7298 4154401
10.748 4157281
10.7507 4160161
10.7531 4163041
10.7555 4165921
10.7579 4168801
10.7761 4171681
10.7788 4174561
10.7812 4177441
10.7836 4180321
10.786 4183201
10.803 4186081
10.8057 4188961
10.8081 4191841
10.8105 4194721
10.8129 4197601
10.8299 4200481
10.8326 4203361
10.835 4206241
10.8374 4209121
10.8398 4212001
10.8421 4214881
10.858 4217761
10.861 4220641
10.8634 4223521
10.8657 4226401
10.8681 4229281
10.8705 4232161
10.8861 4235041
10.889 4237921
10.8938 4243681
10.8965 4246561
10.8989 4249441
10.9142 4250881
10.9446 4272481
10.968 4275361
10.9703 4278241
10.9948 4281121
10.9972 4284001
11.0217 4286881
11.0241 4289761
11.0265 4292641
11.0498 4295521
11.0522 4298401
11.0546 4301281
11.0779 4304161
11.0803 4307041
11.0827 4309921
11.1048 4312801
11.1072 4315681
11.1096 4318561
11.1317 4321441
11.1341 4324321
11.1365 4327201
11.1586 4330081
11.161 4332961
11.1634 4335841
11.1657 4338721
11.1867 4341601
11.189 4344481
11.1914 4347361
11.1938 4350241
11.2153 4353121
11.2177 4356001
11.2201 4358881
11.2225 4361761
11.2422 4364641
11.2446 4367521
11.247 4370401
11.2494 4373281
11.2691 4376161
11.2715 4379041
11.2739 4381921
11.2762 4384801
11.2975 4390561
11.2999 4393441
11.3022 4396321
11.3046 4399201
11.3255 4402081
11.3283 4404961
11.3307 4407841
11.3331 4410721
11.3355 4413601
11.3536 4416481
11.3564 4419361
11.3588 4422241
11.3612 4425121
11.3636 4428001
11.3808 4430881
11.3833 4433761
11.3881 4439521
11.3905 4442401
11.4077 4445281
11.4102 4448161
11.4157 4451041
11.4181 4453921
11.4205 4456801
11.4229 4459681
11.4358 4462561
11.4383 4465441
11.4438 4468321
11.4462 4471201
11.4486 4474081
11.5036 4497121
11.5168 4500001
11.5317 4502881
11.5437 4505761
11.5585 4508641
11.5705 4511521
11.5856 4514401
11.5974 4517281
11.6126 4520161
11.615 4523041
11.6255 4525921
11.6407 4528801
11.6431 4531681
11.6536 4534561
11.6688 4537441
11.6712 4540321
11.6805 4543201
11.6957 4546081
11.6981 4548961
11.7074 4551841
11.725 4557601
11.7343 4560481
11.7519 4563361
11.7542 4566241
11.7566 4569121
11.7624 4572001
11.7802 4574881
11.7826 4577761
11.785 4580641
11.7904 4583521
11.8083 4586401
11.8107 4589281
11.8131 4592161
11.8173 4595041
11.8352 4597921
11.8376 4600801
11.84 4603681
11.8442 4606561
11.8621 4609441
11.8645 4612321
11.8669 4615201
11.8711 4618081
11.889 4620961
11.8914 4623841
11.8938 4626721
11.8962 4629601
11.8993 4632481
11.9171 4635361
11.9195 4638241
11.9219 4641121
11.9242 4644001
11.9274 4646881
11.9452 4649761
11.9475 4652641
11.9499 4655521
11.9523 4658401
11.9549 4661281
11.9723 4664161
11.9747 4667041
11.9771 4669921
11.9795 4672801
11.9819 4675681
11.9992 4678561
12.0016 4681441
12.004 4684321
12.0064 4687201
12.0088 4690081
12.0112 4692961
12.0273 4695841
12.0297 4698721
12.0321 4701601
12.0345 4704481
12.0369 4707361
12.0393 4710241
12.0554 4713121
12.0602 4718881
12.0626 4721761
12.065 4724641
12.0674 4727521
12.0823 4730401
12.0871 4733281
12.0895 4736161
12.0919 4739041
12.0942 4741921
12.0966 4744801
12.1092 4747681
12.114 4750561
12.1164 4753441
12.1187 4756321
12.1211 4759201
12.1235 4762081
12.1361 4764961
12.1409 4767841
12.1432 4770721
12.1456 4773601
12.148 4776481
12.1504 4779361
12.1528 4782241
12.1642 4785121
12.1689 4788001
12.1713 4790881
12.1737 4793761
12.2066 4818241
12.2287 4821121
12.2335 4826881
12.2604 4828321
12.2912 4839841
12.3181 4842721
12.3462 4845601
12.3743 4848481
12.4024 4851361
12.4292 4854241
12.4561 4857121
12.483 4860001
12.4854 4862881
12.5111 4865761
12.5135 4868641
12.5392 4871521
12.5416 4874401
12.5673 4877281
12.5697 4880161
12.5942 4883041
12.5966 4885921
12.6211 4888801
12.6234 4891681
12.6258 4894561
12.6491 4897441
12.6515 4900321
12.6539 4903201
12.6772 4906081
12.6796 4908961
12.682 4911841
12.7041 4914721
12.7065 4917601
12.7089 4920481
12.7313 4923361
12.7337 4926241
12.7361 4929121
12.7582 4932001
12.7606 4934881
12.763 4937761
12.7654 4940641
12.7863 4943521
12.7887 4946401
12.7911 4949281
12.7934 4952161
12.8144 4955041
12.8168 4957921
12.8191 4960801
12.8215 4963681
12.8413 4966561
12.844 4969441
12.8464 4972321
12.8488 4975201
12.8681 4978081
12.8709 4980961
12.9034 4998241
12.9282 5001121
12.9306 5004001
12.9563 5006881
12.9587 5009761
12.9844 5012641
12.9868 5015521
13.0421 5025601
13.069 5028481
13.0971 5031361
13.1251 5034241
13.1532 5037121
13.1801 5040001
13.2073 5042881
13.2342 5045761
13.2366 5048641
13.2623 5051521
13.2647 5054401
13.2904 5057281
13.2927 5060161
13.3184 5063041
13.3208 5065921
13.3453 5068801
13.3477 5071681
13.3722 5074561
13.3746 5077441
13.377 5080321
13.4004 5083201
13.4028 5086081
13.4054 5088961
13.4285 5091841
13.4309 5094721
13.4335 5097601
13.4554 5100481
13.4578 5103361
13.4604 5106241
13.4823 5109121
13.4847 5112001
13.4872 5114881
13.5092 5117761
13.5116 5120641
13.514 5123521
13.5164 5126401
13.5373 5129281
13.5397 5132161
13.5421 5135041
13.5444 5137921
13.5654 5140801
13.5677 5143681
13.5701 5146561
13.5725 5149441
13.5922 5152321
13.5946 5155201
13.597 5158081
13.5994 5160961
13.6191 5163841
13.6215 5166721
13.6239 5169601
13.6263 5172481
13.6463 5175361
13.6487 5178241
13.6511 5181121
13.6535 5184001
13.6559 5186881
13.6744 5189761
13.6768 5192641
13.7097 5211361
13.7342 5214241
13.7366 5217121
13.7623 5220001
13.7647 5222881
13.7904 5225761
13.7927 5228641
13.8172 5231521
13.8196 5234401
13.8444 5237281
13.8769 5248801
13.9038 5251681
13.9319 5254561
13.9607 5257441
13.9888 5260321
14.0157 5263201
14.0432 5266081
14.0701 5268961
14.0725 5271841
14.0982 5274721
14.1006 5277601
14.1263 5280481
14.1532 5281921
14.1837 5292001
14.2106 5294881
14.2387 5297761
14.2668 5300641
14.2948 5303521
14.3217 5306401
14.3486 5309281
14.3755 5312161
14.3779 5315041
14.4036 5317921
14.406 5320801
14.4317 5323681
14.4341 5326561
14.4598 5329441
14.4622 5332321
14.4867 5335201
14.4891 5338081
14.5136 5340961
14.516 5343841
14.5183 5346721
14.5417 5349601
14.544 5352481
14.5464 5355361
14.5697 5358241
14.5721 5361121
14.5745 5364001
14.5969 5366881
14.5993 5369761
14.6017 5372641
14.6238 5375521
14.6262 5378401
14.6286 5381281
14.6507 5384161
14.6531 5387041
14.6555 5389921
14.6579 5392801
14.6788 5395681
14.6812 5398561
14.6836 5401441
14.686 5404321
14.7069 5407201
14.7093 5410081
14.7117 5412961
14.714 5415841
14.7338 5418721
14.7362 5421601
14.7385 5424481
14.7409 5427361
14.7607 5430241
14.763 5433121
14.7654 5436001
14.7678 5438881
14.7875 5441761
14.7899 5444641
14.7923 5447521
14.7947 5450401
14.7971 5453281
14.8156 5456161
14.818 5459041
14.8204 5461921
14.8228 5464801
14.8252 5467681
14.844 5470561
14.8464 5473441
14.8488 5476321
14.8512 5479201
14.8536 5482081
14.8709 5484961
14.8733 5487841
14.8757 5490721
14.8781 5493601
14.8805 5496481
14.8978 5499361
14.9002 5502241
14.9026 5505121
14.905 5508001
14.9074 5510881
14.9097 5513761
14.9265 5516641
14.9289 5519521
14.9313 5522401
14.9337 5525281
14.9361 5528161
14.9385 5531041
14.9547 5533921
14.9571 5536801
14.9595 5539681
14.9618 5542561
14.9936 5564161
15.0169 5567041
15.0193 5569921
15.045 5571361
15.0767 5582881
15.1036 5585761
15.1319 5588641
15.16 5591521
15.1881 5594401
15.4162 5598721
15.4443 5601601
15.4714 5604481
15.4738 5607361
15.4995 5610241
15.5019 5613121
15.5278 5616001
15.5302 5618881
15.5559 5621761
15.5583 5624641
15.5828 5627521
15.5852 5630401
15.6097 5633281
15.6121 5636161
15.665 5647681
15.6919 5650561
15.72 5653441
15.7481 5656321
15.7762 5659201
15.8031 5662081
15.83 5664961
15.8568 5667841
15.8592 5670721
15.8854 5673601
15.8877 5676481
15.9134 5679361
15.9158 5682241
15.9415 5685121
15.9439 5688001
15.9684 5690881
15.9708 5693761
15.9953 5696641
15.9977 5699521
16.0001 5702401
16.0234 5705281
16.0258 5708161
16.0282 5711041
16.0517 5713921
16.0541 5716801
16.0565 5719681
16.0787 5722561
16.0811 5725441
16.0835 5728321
16.1056 5731201
16.1092 5732641
16.1408 5747041
16.1667 5749921
16.1936 5752801
16.2205 5755681
16.2474 5758561
16.2743 5761441
16.2767 5764321
16.3023 5767201
16.3573 5775841
16.3842 5778721
16.4123 5781601
16.4406 5784481
16.4687 5787361
16.4968 5788801
16.5518 5796001
16.5787 5798881
16.6068 5801761
16.6349 5804641
16.663 5807521
16.6899 5810401
16.7167 5813281
16.7436 5816161
16.746 5819041
16.7717 5821921
16.7741 5824801
16.8 5827681
16.8028 5830561
16.8281 5833441
16.8305 5836321
16.855 5839201
16.8574 5842081
16.8819 5844961
16.8843 5847841
16.8867 5850721
16.91 5853601
16.9124 5856481
16.9147 5859361
16.938 5862241
16.9404 5865121
16.9651 5870881
16.9675 5873761
16.992 5876641
16.9944 5879521
16.9969 5882401
17.0189 5885281
17.0213 5888161
17.0237 5891041
17.0458 5893921
17.0482 5896801
17.0506 5899681
17.053 5902561
17.0739 5905441
17.0763 5908321
17.0787 5911201
17.0811 5914081
17.102 5916961
17.1044 5919841
17.1068 5922721
17.1091 5925601
17.1289 5928481
17.1313 5931361
17.1336 5934241
17.136 5937121
17.156 5940001
17.1584 5942881
17.1608 5945761
17.1632 5948641
17.1656 5951521
17.1841 5954401
17.1865 5957281
17.1889 5960161
17.1913 5963041
17.1937 5965921
17.2122 5968801
17.2439 5987521
17.2684 5990401
17.2708 5993281
17.2965 5996161
17.2989 5999041
17.3249 6001921
17.3273 6004801
17.3518 6007681
17.3541 6010561
17.3786 6013441
17.381 6016321
17.3834 6019201
17.4067 6022081
17.4091 6024961
17.4115 6027841
17.4348 6030721
17.4372 6033601
17.4396 6036481
17.4629 6039361
17.4653 6042241
17.4677 6045121
17.4898 6048001
17.4922 6050881
17.4946 6053761
17.517 6056641
17.5194 6059521
17.5218 6062401
17.5242 6065281
17.5451 6068161
17.5475 6071041
17.5498 6073921
17.5525 6076801
17.5755 6082561
17.5779 6085441
17.5806 6088321
17.6024 6091201
17.6048 6094081
17.6072 6096961
17.6096 6099841
17.6293 6102721
17.6317 6105601
17.6341 6108481
17.6365 6111361
17.6562 6114241
17.6586 6117121
17.661 6120001
17.6634 6122881
17.6658 6125761
17.6849 6128641
17.6873 6131521
17.719 6137281
17.7423 6148801
17.7447 6151681
17.7692 6154561
17.7728 6157441
17.7976 6160321
17.8012 6163201
17.8257 6166081
17.8293 6168961
17.8526 6171841
17.8562 6174721
17.8795 6177601
17.8831 6180481
17.9064 6183361
17.9088 6186241
17.9112 6189121
17.9345 6192001
17.9369 6194881
17.9393 6197761
17.9628 6200641
17.9652 6203521
17.9676 6206401
17.9898 6209281
17.9922 6212161
17.9946 6215041
18.0167 6217921
18.0191 6220801
18.0215 6223681
18.0436 6226561
18.046 6229441
18.0483 6232321
18.0507 6235201
18.0716 6238081
18.074 6240961
18.0764 6243841
18.0788 6246721
18.0997 6249601
18.1021 6252481
18.1045 6255361
18.1548 6259681
18.1607 6271201
18.182 6272641
18.1879 6275521
18.2148 6278401
18.2172 6281281
18.2428 6284161
18.2452 6287041
18.2709 6289921
18.2733 6292801
18.299 6295681
18.3014 6298561
18.3259 6301441
18.3283 6304321
18.3528 6307201
18.3552 6310081
18.3576 6312961
18.3812 6315841
18.3836 6318721
18.3864 6321601
18.4093 6324481
18.4117 6327361
18.4145 6330241
18.4374 6333121
18.4398 6336001
18.4421 6338881
18.4643 6341761
18.4666 6344641
18.469 6347521
18.4911 6350401
18.4935 6353281
18.4959 6356161
18.4983 6359041
18.5192 6361921
18.5512 6376321
18.5769 6379201
18.6038 6382081
18.6307 6384961
18.6576 6387841
18.6846 6390721
18.687 6393601
18.7127 6396481
18.7151 6399361
18.741 6402241
18.7434 6405121
18.7679 6408001
18.7702 6410881
18.7947 6413761
18.7971 6416641
18.8216 6419521
18.824 6422401
18.8264 6425281
18.8497 6428161
18.8521 6431041
18.8545 6433921
18.8778 6436801
18.8802 6439681
18.8826 6442561
18.9047 6445441
18.9071 6448321
18.9095 6451201
18.9316 6454081
18.934 6456961
18.9364 6459841
18.9585 6462721
18.9609 6465601
18.9633 6468481
18.9656 6471361
18.9866 6474241
18.9889 6477121
18.9913 6480001
18.9937 6482881
19.0146 6485761
19.017 6488641
19.0196 6491521
19.022 6494401
19.0415 6497281
19.0439 6500161
19.0465 6503041
19.0488 6505921
19.0684 6508801
19.0708 6511681
19.0733 6514561
19.0757 6517441
19.0781 6520321
19.0965 6523201
19.0989 6526081
19.1014 6528961
19.1038 6531841
19.1062 6534721
19.1246 6537601
19.127 6540481
19.1295 6543361
19.1319 6546241
19.1343 6549121
19.1527 6552001
19.1551 6554881
19.1575 6557761
19.1598 6560641
19.1622 6563521
19.1796 6566401
19.182 6569281
19.1844 6572161
19.1868 6575041
19.1892 6577921
19.2065 6580801
19.2101 6582241
19.2406 6585121
19.2619 6602401
19.2651 6605281
19.2675 6606721
19.2888 6609601
19.2934 6612481
19.3156 6615361
19.3203 6618241
19.3425 6621121
19.3472 6624001
19.3496 6626881
19.3741 6628321
19.4046 6639841
19.4315 6642721
19.4596 6645601
19.4876 6648481
19.5157 6651361
19.5426 6654241
19.5695 6657121
19.5964 6660001
19.5988 6662881
19.6538 6671521
19.6807 6674401
19.7088 6677281
19.7368 6680161
19.7651 6683041
19.792 6685921
19.8189 6688801
19.8458 6691681
19.8482 6694561
19.9032 6701761
19.9056 6704641
19.9301 6707521
19.9581 6710401
19.9862 6713281
20.0143 6716161
20.0412 6719041
20.0681 6721921
20.095 6724801
20.0974 6727681
20.1231 6730561
20.1255 6733441
20.1512 6736321
20.1535 6739201
20.1792 6742081
20.1816 6744961
20.2061 6747841
20.2085 6750721
20.233 6753601
20.2354 6756481
20.2378 6759361
20.2611 6762241
20.2635 6765121
20.288 6766561
20.3197 6779521
20.3466 6782401
20.3747 6785281
20.4028 6788161
20.4296 6791041
20.4565 6793921
20.4834 6796801
20.4858 6799681
20.5115 6802561
20.5139 6805441
20.5396 6808321
20.542 6811201
20.5677 6814081
20.5701 6816961
20.5946 6819841
20.597 6822721
20.6215 6825601
20.6238 6828481
20.6262 6831361
20.6495 6834241
20.6531 6835681
20.7046 6838561
20.7303 6847201
20.7573 6850081
20.7854 6852961
20.8135 6855841
20.8416 6858721
20.8684 6861601
20.8953 6864481
20.9222 6867361
20.9246 6870241
20.9503 6873121
20.9529 6876001
20.9784 6878881
20.981 6881761
21.0065 6884641
21.0089 6887521
21.0334 6890401
21.0358 6893281
21.0603 6896161
21.0626 6899041
21.065 6901921
21.0883 6904801
21.0907 6907681
21.0931 6910561
21.1164 6913441
21.1188 6916321
21.1212 6919201
21.1433 6922081
21.1457 6924961
21.1481 6927841
21.1702 6930721
21.1726 6933601
21.175 6936481
21.1973 6939361
21.1997 6942241
21.2021 6945121
21.2045 6948001
21.2254 6950881
21.2279 6953761
21.2326 6959521
21.2535 6962401
21.256 6965281
21.2607 6968161
21.2631 6971041
21.2804 6973921
21.2828 6976801
21.2876 6979681
21.29 6982561
21.3073 6985441
21.3097 6988321
21.3145 6991201
21.3169 6994081
21.3342 6996961
21.3366 6999841
21.339 7002721
21.3426 7005601
21.345 7008481
21.3623 7011361
21.3647 7014241
21.3671 7017121
21.3707 7020001
21.3731 7022881
21.3907 7025761
21.3931 7028641
21.3955 7031521
21.4003 7037281
21.4176 7040161
21.42 7043041
21.4224 7045921
21.4271 7048801
21.4296 7051681
21.4445 7054561
21.4469 7057441
21.4493 7060321
21.454 7063201
21.4565 7066081
21.4714 7068961
21.4738 7071841
21.4761 7074721
21.4785 7077601
21.4821 7080481
21.4846 7083361
21.4994 7086241
21.5018 7089121
21.5042 7092001
21.5066 7094881
21.5105 7097761
21.5129 7100641
21.5275 7103521
21.5299 7106401
21.5323 7109281
21.5347 7112161
21.5374 7115041
21.5398 7117921
21.5544 7120801
21.5568 7123681
21.5592 7126561
21.5616 7129441
21.5643 7132321
21.5667 7135201
21.5813 7138081
21.5837 7140961
21.5861 7143841
21.5885 7146721
21.5909 7149601
21.5933 7152481
21.5957 7155361
21.6094 7158241
21.6118 7161121
21.6142 7164001
21.6166 7166881
21.619 7169761
21.6214 7172641
21.6237 7175521
21.6375 7178401
21.6399 7181281
21.6423 7184161
21.6447 7187041
21.647 7189921
21.6494 7192801
21.6518 7195681
21.6647 7198561
21.6671 7201441
21.6695 7204321
21.6718 7207201
21.6742 7210081
21.6766 7212961
21.679 7215841
21.6916 7218721
21.694 7221601
21.6963 7224481
21.6987 7227361
21.7011 7230241
21.7036 7233121
21.7072 7234561
21.7454 7260481
21.7577 7263361
21.7613 7266241
21.7637 7269121
21.7846 7272001
21.7882 7274881
21.7906 7277761
21.8115 7280641
21.8151 7283521
21.8175 7286401
21.8384 7289281
21.842 7292161
21.8444 7295041
21.8468 7297921
21.8668 7300801
21.8703 7303681
21.8727 7306561
21.8751 7309441
21.8948 7312321
21.8984 7315201
21.9008 7318081
21.9033 7320961
21.9217 7323841
21.9253 7326721
21.9277 7329601
21.9301 7332481
21.9486 7335361
21.9522 7338241
21.9546 7341121
21.957 7344001
21.9755 7346881
21.9779 7349761
21.9806 7352641
21.983 7355521
21.9854 7358401
22.0036 7361281
22.006 7364161
22.0087 7367041
22.0111 7369921
22.0135 7372801
22.0317 7375681
22.0341 7378561
22.0365 7381441
22.0389 7384321
22.0412 7387201
22.0586 7390081
22.0634 7395841
22.0657 7398721
22.0681 7401601
22.0855 7404481
22.0902 7407361
22.0926 7410241
22.095 7413121
22.0976 7416001
22.1 7418881
22.1135 7421761
22.1183 7424641
22.1207 7427521
22.1231 7430401
22.1257 7433281
22.1281 7436161
22.1416 7439041
22.1464 7441921
22.1488 7444801
22.1512 7447681
22.1538 7450561
22.1562 7453441
22.1685 7456321
22.1733 7459201
22.1757 7462081
22.1781 7464961
22.1807 7467841
22.1831 7470721
22.1954 7473601
22.2002 7476481
22.2026 7479361
22.205 7482241
22.2076 7485121
22.21 7488001
22.2224 7490881
22.2271 7493761
22.2295 7496641
22.2319 7499521
22.2342 7502401
22.2366 7505281
22.239 7508161
22.2505 7511041
22.2552 7513921
22.2576 7516801
22.2599 7519681
22.2623 7522561
22.2647 7525441
22.2671 7528321
22.2785 7531201
22.2832 7534081
22.2856 7536961
22.288 7539841
22.2904 7542721
22.2928 7545601
22.2952 7548481
22.3054 7551361
22.3101 7554241
22.3125 7557121
22.3149 7560001
22.3173 7562881
22.3197 7565761
22.3221 7568641
22.3323 7571521
22.337 7574401
22.3394 7577281
22.3418 7580161
22.3442 7583041
22.3466 7585921
22.349 7588801
22.3514 7591681
22.3604 7594561
22.3651 7597441
22.3675 7600321
22.3699 7603201
22.3723 7606081
22.3747 7608961
22.3771 7611841
22.3795 7614721
22.3887 7617601
22.3932 7620481
22.3956 7623361
22.398 7626241
22.4004 7629121
22.4028 7632001
22.4051 7634881
22.4075 7637761
22.4156 7640641
22.4204 7643521
22.4232 7646401
22.4256 7649281
22.428 7652161
22.4303 7655041
22.4327 7657921
22.4351 7660801
22.4424 7663681
22.4473 7666561
22.4501 7669441
22.4525 7672321
22.4548 7675201
22.4572 7678081
22.4596 7680961
22.462 7683841
22.4645 7686721
22.4705 7689601
22.4754 7692481
22.4781 7695361
22.4805 7698241
22.4829 7701121
22.4853 7704001
22.4877 7706881
22.4901 7709761
22.4925 7712641
22.4986 7715521
22.5034 7718401
22.5065 7721281
22.5089 7724161
22.5113 7727041
22.5146 7728481
22.5454 7758721
22.5639 7761601
22.5663 7764481
22.5699 7767361
22.5723 7770241
22.5923 7773121
22.5947 7776001
22.598 7778881
22.6004 7781761
22.6204 7784641
22.6228 7787521
22.6252 7790401
22.6276 7793281
22.6473 7796161
22.6497 7799041
22.6545 7804801
22.6745 7807681
22.6769 7810561
22.6792 7813441
22.685 7819201
22.7025 7822081
22.7049 7824961
22.7073 7827841
22.713 7830721
22.7154 7833601
22.7306 7836481
22.733 7839361
22.7354 7842241
22.7414 7845121
22.7438 7848001
22.7587 7850881
22.7611 7853761
22.7635 7856641
22.7683 7859521
22.7707 7862401
22.7859 7865281
22.7883 7868161
22.7907 7871041
22.7952 7873921
22.7976 7876801
22.8128 7879681
22.8152 7882561
22.8176 7885441
22.82 7888321
22.8236 7891201
22.826 7894081
22.8409 7896961
22.8433 7899841
22.8469 7901281
22.8774 7921441
22.9007 7924321
22.9031 7927201
22.9276 7930081
22.9299 7932961
22.9544 7935841
22.9568 7938721
22.9813 7941601
22.9837 7944481
22.9861 7947361
23.0094 7950241
23.0118 7953121
23.0142 7956001
23.0375 7958881
23.0399 7961761
23.0423 7964641
23.0644 7967521
23.0668 7970401
23.0692 7973281
23.0913 7976161
23.0937 7979041
23.0961 7981921
23.1182 7984801
23.1206 7987681
23.123 7990561
23.1253 7993441
23.1463 7996321
23.1486 7999201
23.151 8002081
23.1534 8004961
23.2039 8020801
23.2297 8023681
23.2565 8026561
23.2834 8029441
23.2858 8032321
23.3115 8035201
23.3139 8038081
23.3398 8040961
23.3422 8043841
23.3679 8046721
23.3702 8049601
23.3947 8052481
23.3971 8055361
23.4216 8058241
23.424 8061121
23.4264 8064001
23.4497 8066881
23.4521 8069761
23.4545 8072641
23.4778 8075521
23.4802 8078401
23.4826 8081281
23.5059 8084161
23.5083 8087041
23.5107 8089921
23.5352 8095681
23.5378 8098561
23.5621 8101441
23.5644 8104321
23.5668 8107201
23.617 8121601
23.6428 8124481
23.6696 8127361
23.6965 8130241
23.7234 8133121
23.7796 8141761
23.8065 8144641
23.8346 8147521
23.8627 8150401
23.8908 8153281
23.9177 8156161
23.9445 8159041
23.9714 8161921
23.9738 8164801
23.9995 8167681
24.0019 8170561
24.0276 8173441
24.03 8176321
24.056 8179201
24.0584 8182081
24.0829 8184961
24.0853 8187841
24.1098 8190721
24.1122 8193601
24.1146 8196481
24.1382 8199361
24.1406 8202241
24.143 8205121
24.1663 8208001
24.1687 8210881
24.1711 8213761
24.1932 8216641
24.1956 8219521
24.198 8222401
24.22 8225281
24.2225 8228161
24.2249 8231041
24.2469 8233921
24.2494 8236801
24.2518 8239681
24.2542 8242561
24.275 8245441
24.2775 8248321
24.2798 8251201
24.2822 8254081
24.3031 8256961
24.3055 8259841
24.3375 8275681
24.3632 8278561
24.3901 8281441
24.417 8284321
24.4194 8287201
24.4451 8290081
24.4475 8292961
24.4732 8295841
24.4756 8298721
24.5013 8301601
24.5036 8304481
24.5281 8307361
24.5305 8310241
24.5551 8313121
24.5575 8316001
24.5598 8318881
24.5832 8321761
24.5855 8324641
24.5879 8327521
24.6112 8330401
24.6136 8333281
24.616 8336161
24.6393 8339041
24.6418 8341921
24.6442 8344801
24.6662 8347681
24.6687 8350561
24.671 8353441
24.6931 8356321
24.6955 8359201
24.6979 8362081
24.7003 8364961
24.7212 8367841
24.7236 8370721
24.726 8373601
24.7284 8376481
24.7493 8379361
24.7517 8382241
24.7541 8385121
24.7565 8388001
24.7762 8390881
24.7786 8393761
24.781 8396641
24.7834 8399521
24.803 8402401
24.8055 8405281
24.8079 8408161
24.8103 8411041
24.8592 8428321
24.8837 8431201
24.8861 8434081
24.9118 8436961
24.9142 8439841
24.9399 8442721
24.9423 8445601
24.968 8448481
24.9704 8451361
24.9949 8454241
24.9973 8457121
25.0218 8460001
25.0242 8462881
25.0266 8465761
25.0499 8468641
25.0523 8471521
25.0546 8474401
25.0779 8477281
25.0803 8480161
25.0827 8483041
25.106 8485921
25.1084 8488801
25.1108 8491681
25.1329 8494561
25.1353 8497441
25.1377 8500321
25.1598 8503201
25.1622 8506081
25.1646 8508961
25.167 8511841
25.1879 8514721
25.1903 8517601
25.1927 8520481
25.1951 8523361
25.216 8526241
25.2184 8529121
25.2208 8532001
25.2232 8534881
25.2429 8537761
25.2453 8540641
25.2477 8543521
25.2501 8546401
25.2698 8549281
25.2722 8552161
25.2745 8555041
25.277 8557921
25.2967 8560801
25.299 8563681
25.3014 8566561
25.3038 8569441
25.3062 8572321
25.3271 8578081
25.3295 8580961
25.3319 8583841
25.3343 8586721
25.3555 8589601
25.3579 8592481
25.3603 8595361
25.3627 8598241
25.3651 8601121
25.3824 8604001
25.3848 8606881
25.3872 8609761
25.3896 8612641
25.392 8615521
25.4093 8618401
25.4117 8621281
25.4141 8624161
25.4165 8627041
25.4189 8629921
25.4213 8632801
25.4374 8635681
25.4398 8638561
25.4422 8641441
25.4445 8644321
25.447 8647201
25.4494 8650081
25.4948 8670241
25.5044 8673121
25.5207 8676001
25.5313 8678881
25.5476 8681761
25.5581 8684641
25.5745 8687521
25.585 8690401
25.6014 8693281
25.6119 8694721
25.6552 8706241
25.6821 8709121
25.7102 8712001
25.7383 8714881
25.7663 8717761
25.7932 8720641
25.8201 8723521
25.8482 8724961
25.902 8733601
25.9289 8736481
25.957 8739361
25.9854 8742241
26.0135 8745121
26.0404 8748001
26.1211 8755201
26.148 8758081
26.2568 8763841
26.2836 8766721
26.312 8769601
26.3401 8772481
26.3682 8775361
26.3951 8778241
26.422 8781121
26.4489 8784001
26.4513 8786881
26.477 8789761
26.4793 8792641
26.505 8795521
26.5074 8798401
26.5331 8801281
26.5355 8804161
26.56 8807041
26.5624 8809921
26.5869 8812801
26.5893 8815681
26.6153 8821441
26.6177 8824321
26.6434 8827201
26.6458 8830081
26.6482 8832961
26.6715 8835841
26.6738 8838721
26.6762 8841601
26.6983 8844481
26.7007 8847361
26.7031 8850241
26.7252 8853121
26.7276 8856001
26.73 8858881
26.7521 8861761
26.7545 8864641
26.7569 8867521
26.7593 8870401
26.7806 8873281
26.783 8876161
26.7853 8879041
26.7877 8881921
26.8087 8884801
26.8111 8887681
26.8135 8890561
26.8159 8893441
26.8355 8896321
26.838 8899201
26.8404 8902081
26.8428 8904961
26.8624 8907841
26.8649 8910721
26.8673 8913601
26.8696 8916481
26.872 8919361
26.8905 8922241
26.8929 8925121
26.8953 8928001
26.8977 8930881
26.9001 8933761
26.9186 8936641
26.921 8939521
26.9234 8942401
26.9258 8945281
26.9282 8948161
26.9455 8951041
26.9479 8953921
26.9503 8956801
26.9527 8959681
26.9551 8962561
26.9727 8965441
26.9751 8968321
26.9775 8971201
26.9799 8974081
26.9822 8976961
26.9996 8979841
27.002 8982721
27.0043 8985601
27.0068 8988481
27.0092 8991361
27.0116 8994241
27.0277 8997121
27.03 9000001
27.0324 9002881
27.0349 9005761
27.0373 9008641
27.0397 9011521
27.085 9033121
27.0962 9036001
27.1107 9038881
27.123 9041761
27.1379 9044641
27.1499 9047521
27.1648 9048961
27.2037 9060481
27.2306 9063361
27.2587 9066241
27.2868 9069121
27.3149 9072001
27.3418 9074881
27.3687 9077761
27.3955 9080641
27.3979 9083521
27.4236 9086401
27.426 9089281
27.4517 9092161
27.4541 9095041
27.4798 9097921
27.4822 9100801
27.5067 9103681
27.5091 9106561
27.5336 9109441
27.536 9112321
27.5384 9115201
27.562 9118081
27.5644 9120961
27.5668 9123841
27.5901 9126721
27.5925 9129601
27.5949 9132481
27.617 9135361
27.6194 9138241
27.6218 9141121
27.6439 9144001
27.6463 9146881
27.6487 9149761
27.6708 9152641
27.6732 9155521
27.6756 9158401
27.678 9161281
27.6989 9164161
27.7013 9167041
27.7037 9169921
27.7061 9172801
27.727 9175681
27.7294 9178561
27.7317 9181441
27.7344 9184321
27.7539 9187201
27.7562 9190081
27.7589 9192961
27.7613 9195841
27.81 9211681
27.8358 9214561
27.8626 9217441
27.8895 9220321
27.8919 9223201
27.9176 9226081
27.92 9228961
27.9457 9231841
27.9481 9234721
27.9738 9237601
27.9762 9240481
28.001 9243361
28.0034 9246241
28.0279 9249121
28.0303 9252001
28.0326 9254881
28.0559 9257761
28.0583 9260641
28.0607 9263521
28.084 9266401
28.0864 9269281
28.0888 9272161
28.1121 9275041
28.1145 9277921
28.1169 9280801
28.139 9283681
28.1414 9286561
28.1438 9289441
28.1659 9292321
28.1683 9295201
28.1707 9298081
28.1731 9300961
28.1943 9303841
28.1967 9306721
28.1991 9309601
28.2014 9312481
28.2224 9315361
28.2248 9318241
28.2271 9321121
28.2295 9324001
28.2493 9326881
28.2516 9329761
28.254 9332641
28.2564 9335521
28.2761 9338401
28.2785 9341281
28.2809 9344161
28.2833 9347041
28.303 9349921
28.3054 9352801
28.3078 9355681
28.3102 9358561
28.3126 9361441
28.3311 9364321
28.3335 9367201
28.3359 9370081
28.3383 9372961
28.3407 9375841
28.3592 9378721
28.3616 9381601
28.364 9384481
28.3664 9387361
28.3688 9390241
28.3861 9393121
28.3885 9396001
28.4202 9414721
28.4447 9417601
28.4483 9420481
28.5035 9429121
28.5304 9432001
29.5573 9434881
29.7842 9436321
29.8123 9439201
29.8404 9442081
29.8685 9444961
29.8965 9447841
29.9234 9450721
29.9503 9453601
29.9772 9456481
29.9796 9459361
30.0053 9462241
30.0077 9465121
30.0334 9468001
30.0358 9470881
30.0618 9473761
30.0646 9476641
30.0887 9479521
30.0914 9482401
