0.242217 1
0.242217 1441
0.287149 2881
0.287149 4321
0.333234 5761
0.333234 7201
0.333234 8641
0.379319 10081
0.379319 11521
0.379319 12961
0.424209 14401
0.424209 15841
0.424209 17281
0.426599 18721
0.426599 20161
0.426599 21601
0.470293 23041
0.470293 24481
0.470293 25921
0.472684 27361
0.472684 28801
0.472684 30241
0.475131 31681
0.475131 33121
0.475131 34561
0.516378 36001
0.516378 37441
0.516378 38881
0.518769 40321
0.518769 41761
0.518769 43201
0.521159 44641
0.521159 46081
0.521159 47521
0.523549 48961
0.523549 50401
0.523549 51841
0.561268 53281
0.561268 54721
0.561268 56161
0.563699 57601
0.563699 59041
0.563699 60481
0.566089 61921
0.566089 63361
0.566089 64801
0.568479 66241
0.568479 67681
0.568479 69121
0.57087 70561
0.57087 72001
0.57087 73441
0.57326 74881
0.57326 76321
0.57326 77761
0.606157 79201
0.606157 80641
0.606157 82081
0.608548 83521
0.608548 84961
0.608548 86401
0.610938 87841
0.610938 89281
0.610938 90721
0.613328 92161
0.613328 93601
0.613328 95041
0.615719 96481
0.615719 97921
0.615719 99361
0.618109 100801
0.618109 102241
0.618109 103681
0.6205 105121
0.6205 106561
0.6205 108001
0.62289 109441
0.62289 110881
0.62289 112321
0.62528 113761
0.62528 115201
0.62528 116641
0.651047 118081
0.651047 119521
0.651047 120961
0.653437 122401
0.653437 123841
0.653437 125281
0.655828 126721
0.655828 128161
0.655828 129601
0.658218 131041
0.658218 132481
0.658218 133921
0.660608 135361
0.660608 136801
0.660608 138241
0.662999 139681
0.662999 141121
0.662999 142561
0.665389 144001
0.665389 145441
0.665389 146881
0.66778 148321
0.66778 149761
0.66778 151201
0.67017 152641
0.67017 154081
0.67017 155521
0.67256 156961
0.67256 158401
0.67256 159841
0.674951 161281
0.674951 162721
0.674951 164161
0.677514 165601
0.677514 167041
0.677514 168481
0.679904 169921
0.679904 171361
0.679904 172801
0.682295 174241
0.682295 175681
0.682295 177121
0.697132 178561
0.697132 180001
0.697132 181441
0.699522 182881
0.699522 184321
0.699522 185761
0.701912 187201
0.701912 188641
0.701912 190081
0.704303 191521
0.704303 192961
0.704303 194401
0.706693 195841
0.706693 197281
0.706693 198721
0.709084 200161
0.709084 201601
0.709084 203041
0.711599 204481
0.711599 205921
0.711599 207361
0.713989 208801
0.713989 210241
0.713989 211681
0.716778 213121
0.716778 214561
0.716778 216001
0.719168 217441
0.719168 218881
0.719168 220321
0.721559 221761
0.721559 223201
0.721559 224641
0.723949 226081
0.723949 227521
0.723949 228961
0.72634 230401
0.72634 231841
0.72634 233281
0.72873 234721
0.72873 236161
0.72873 237601
0.73112 239041
0.73112 240481
0.73112 241921
0.733511 243361
0.733511 244801
0.733511 246241
0.735901 247681
0.735901 249121
0.735901 250561
0.738292 252001
0.738292 253441
0.738292 254881
0.740682 256321
0.740682 257761
0.740682 259201
0.743072 260641
0.743072 262081
0.743072 263521
0.745463 264961
0.745463 266401
0.745463 267841
0.747853 269281
0.747853 270721
0.747853 272161
0.750244 273601
0.750244 275041
0.750244 276481
0.752634 277921
0.752634 279361
0.752634 280801
0.755024 282241
0.755024 283681
0.755024 285121
0.757415 286561
0.757415 288001
0.757415 289441
0.759805 290881
0.759805 292321
0.759805 293761
0.762196 295201
0.762196 296641
0.762196 298081
0.764586 299521
0.764586 300961
0.764586 302401
0.766976 303841
0.766976 305281
0.766976 306721
0.769367 308161
0.769367 309601
0.769367 311041
0.771757 312481
0.771757 313921
0.771757 315361
0.776538 316801
0.776538 318241
0.776538 319681
0.776538 321121
0.776538 322561
0.778928 324001
0.778928 325441
0.778928 326881
0.781319 328321
0.781319 329761
0.781319 331201
0.783709 332641
0.783709 334081
0.783709 335521
0.7861 336961
0.7861 338401
0.7861 339841
0.78849 341281
0.78849 342721
0.78849 344161
0.79088 345601
0.79088 347041
0.79088 348481
0.793271 349921
0.793271 351361
0.793271 352801
0.795661 354241
0.795661 355681
0.795661 357121
0.798052 358561
0.798052 360001
0.798052 361441
0.800442 362881
0.800442 364321
0.800442 365761
0.802832 367201
0.802832 368641
0.802832 370081
0.805223 371521
0.805223 372961
0.805223 374401
0.807613 375841
0.807613 377281
0.807613 378721
0.810004 380161
0.810004 381601
0.810004 383041
0.812394 384481
0.812394 385921
0.812394 387361
0.814784 388801
0.814784 390241
0.814784 391681
0.817175 393121
0.817175 394561
0.817175 396001
0.819565 397441
0.819565 398881
0.819565 400321
0.821956 401761
0.821956 403201
0.821956 404641
0.824346 406081
0.824346 407521
0.824346 408961
0.826736 410401
0.826736 411841
0.826736 413281
0.829127 414721
0.829127 416161
0.829127 417601
0.831517 419041
0.831517 420481
0.831517 421921
0.833908 423361
0.833908 424801
0.833908 426241
0.836298 427681
0.836298 429121
0.836298 430561
0.838688 432001
0.838688 433441
0.838688 434881
0.841079 436321
0.841079 437761
0.841079 439201
0.843469 440641
0.843469 442081
0.843469 443521
0.84586 444961
0.84586 446401
0.84586 447841
0.84825 449281
0.84825 450721
0.84825 452161
0.85064 453601
0.85064 455041
0.85064 456481
0.853031 457921
0.853031 459361
0.853031 460801
0.855421 462241
0.855421 463681
0.855421 465121
0.857812 466561
0.857812 468001
0.857812 469441
0.860202 470881
0.860202 472321
0.860202 473761
0.862592 475201
0.862592 476641
0.862592 478081
0.864983 479521
0.864983 480961
0.864983 482401
0.867373 483841
0.867373 485281
0.867373 486721
0.869764 488161
0.869764 489601
0.869764 491041
0.872154 492481
0.872154 493921
0.872154 495361
0.874544 496801
0.874544 498241
0.874544 499681
0.876935 501121
0.876935 502561
0.876935 504001
0.879325 505441
0.879325 506881
0.879325 508321
0.881716 509761
0.881716 511201
0.881716 512641
0.884106 514081
0.884106 515521
0.884106 516961
0.886496 518401
0.886496 519841
0.886496 521281
0.888887 522721
0.888887 524161
0.888887 525601
0.891277 527041
0.891277 528481
0.891277 529921
0.893668 531361
0.893668 532801
0.893668 534241
0.896058 535681
0.896058 537121
0.896058 538561
0.898448 540001
0.898448 541441
0.898448 542881
0.900839 544321
0.900839 545761
0.900839 547201
0.903232 548641
0.903232 550081
0.903232 551521
0.905623 552961
0.905623 554401
0.905623 555841
0.90801 557281
0.90801 558721
0.90801 560161
0.9104 561601
0.9104 563041
0.9104 564481
0.912791 565921
0.912791 567361
0.912791 568801
0.915181 570241
0.915181 571681
0.915181 573121
0.917572 574561
0.917572 576001
0.917572 577441
0.919962 578881
0.919962 580321
0.919962 581761
0.922352 583201
0.922352 584641
0.922352 586081
0.924743 587521
0.924743 588961
0.924743 590401
0.927133 591841
0.927133 593281
0.927133 594721
0.929524 596161
0.929524 597601
0.929524 599041
0.931914 600481
0.931914 601921
0.931914 603361
0.934304 604801
0.934304 606241
0.934304 607681
0.936695 609121
0.936695 610561
0.936695 612001
0.939085 613441
0.939085 614881
0.939085 616321
0.941475 617761
0.941475 619201
0.941475 620641
0.943866 622081
0.943866 623521
0.943866 624961
0.946256 626401
0.946256 627841
0.946256 629281
0.948647 630721
0.948647 632161
0.948647 633601
0.951037 635041
0.951037 636481
0.951037 637921
0.953427 639361
0.953427 640801
0.953427 642241
0.955818 643681
0.955818 645121
0.955818 646561
0.958208 648001
0.958208 649441
0.958208 650881
0.960599 652321
0.960599 653761
0.960599 655201
0.962989 656641
0.962989 658081
0.962989 659521
0.965379 660961
0.965379 662401
0.965379 663841
0.96777 665281
0.96777 666721
0.96777 668161
0.97016 669601
0.97016 671041
0.97016 672481
0.972551 673921
0.972551 675361
0.972551 676801
0.974941 678241
0.974941 679681
0.974941 681121
0.977331 682561
0.977331 684001
0.977331 685441
0.979722 686881
0.979722 688321
0.979722 689761
0.982112 691201
0.982112 692641
0.982112 694081
0.984503 695521
0.984503 696961
0.984503 698401
0.986893 699841
0.986893 701281
0.986893 702721
0.989283 704161
0.989283 705601
0.989283 707041
0.991674 708481
0.991674 709921
0.991674 711361
0.994064 712801
0.994064 714241
0.994064 715681
0.996455 717121
0.996455 718561
0.996455 720001
0.997665 721441
0.99886 722881
1.00006 479521
1.10047 601921
1.10047 603361
1.10166 722881
1.10166 724321
1.10286 725761
1.10405 727201
1.10525 728641
1.10644 730081
1.10764 731521
1.10883 732961
1.11003 734401
1.11122 735841
1.11242 737281
1.11361 738721
1.11481 740161
1.11789 741601
1.11908 743041
1.12028 624961
1.12028 626401
1.12028 627841
1.12028 743041
1.12028 744481
1.12147 745921
1.12267 747361
1.12386 748801
1.12506 750241
1.12625 751681
1.12745 753121
1.12864 754561
1.13103 756001
1.13223 757441
1.13342 642241
1.13342 643681
1.13342 757441
1.13342 758881
1.13462 760321
1.13581 761761
1.13701 763201
1.1382 764641
1.1394 766081
1.1406 767521
1.14179 768961
1.14299 770401
1.14418 771841
1.14538 773281
1.14657 774721
1.14777 776161
1.14896 777601
1.15051 663841
1.15051 665281
1.15051 777601
1.15051 779041
1.15171 780481
1.1529 781921
1.1541 783361
1.15529 784801
1.15649 786241
1.15768 787681
1.15888 789121
1.16007 790561
1.16127 792001
1.16246 793441
1.16366 794881
1.16485 796321
1.16605 797761
1.16724 799201
1.16844 800641
1.16963 802081
1.17083 803521
1.17202 804961
1.17322 806401
1.17441 807841
1.17561 809281
1.1768 810721
1.178 812161
1.17919 813601
1.18039 815041
1.18159 816481
1.18278 817921
1.18398 819361
1.18517 820801
1.18637 822241
1.18756 823681
1.18876 825121
1.18995 826561
1.19115 828001
1.19234 829441
1.19354 830881
1.19473 832321
1.19593 601921
1.19593 832321
1.19593 833761
1.19712 624961
1.19712 833761
1.19712 835201
1.19832 836641
1.19951 838081
1.20071 839521
1.2019 840961
1.2031 842401
1.20429 843841
1.20549 845281
1.20668 846721
1.20788 848161
1.20907 849601
1.21027 851041
1.21147 852481
1.21266 853921
1.21386 855361
1.21505 626401
1.21505 855361
1.21505 856801
1.21627 642241
1.21627 856801
1.21627 858241
1.21747 859681
1.21866 861121
1.21986 862561
1.22106 864001
1.22225 865441
1.22345 866881
1.22464 868321
1.22584 869761
1.22703 871201
1.22823 872641
1.22941 663841
1.22941 872641
1.22941 874081
1.2306 875521
1.2318 876961
1.23299 878401
1.23419 879841
1.23538 881281
1.23658 882721
1.23777 884161
1.23897 885601
1.24016 887041
1.24137 888481
1.24255 889921
1.24376 891361
1.24494 892801
1.24732 894241
1.24732 895681
1.24971 897121
1.24971 898561
1.2521 900001
1.2521 901441
1.25449 902881
1.25449 904321
1.25688 905761
1.25688 907201
1.25927 908641
1.25927 910081
1.26166 911521
1.26166 912961
1.26405 914401
1.26405 915841
1.26644 917281
1.26644 918721
1.26883 920161
1.26883 921601
1.27122 923041
1.27122 924481
1.27361 925921
1.27361 927361
1.276 928801
1.276 930241
1.27839 931681
1.27839 933121
1.28079 934561
1.28079 936001
1.28318 937441
1.28318 938881
1.28557 940321
1.28557 941761
1.28796 943201
1.28796 944641
1.29035 946081
1.29035 947521
1.29274 948961
1.29274 950401
1.29632 951841
1.29833 953281
1.29953 954721
1.30072 833761
1.35451 954721
1.35451 956161
1.3557 957601
1.3569 959041
1.35809 960481
1.35929 961921
1.36048 963361
1.36168 964801
1.36287 966241
1.36407 967681
1.36526 969121
1.36646 970561
1.36765 972001
1.36885 973441
1.37004 974881
1.37124 976321
1.37243 977761
1.37363 979201
1.37482 980641
1.37602 982081
1.37721 983521
1.37841 984961
1.37961 986401
1.3808 987841
1.382 989281
1.38345 990721
1.38465 992161
1.38585 993601
1.38704 995041
1.38824 996481
1.38943 997921
1.39063 999361
1.39182 1000801
1.39302 1002241
1.39421 1003681
1.39542 1005121
1.39662 1006561
1.39781 947521
1.39781 948961
1.39781 1006561
1.39781 1008001
1.39901 1009441
1.40019 947521
1.40019 1009441
1.40019 1010881
1.40138 1012321
1.40258 1013761
1.40377 1015201
1.40497 1016641
1.40736 1018081
1.40736 1019521
1.40855 1020961
1.40975 1022401
1.41094 1023841
1.41214 1025281
1.41333 1026721
1.41453 1028161
1.41573 1029601
1.41692 1031041
1.41812 1032481
1.41931 1033921
1.42051 1035361
1.4217 1036801
1.4229 1038241
1.42409 1039681
1.42529 1041121
1.42648 1042561
1.42768 1044001
1.42887 1045441
1.43007 1046881
1.43126 1048321
1.43246 1049761
1.43365 1051201
1.43485 1052641
1.43604 1054081
1.43724 1055521
1.43843 1056961
1.43963 1058401
1.44082 1059841
1.44202 1061281
1.44321 1062721
1.4444 1064161
1.44679 1065601
1.44679 1067041
1.45041 1068481
1.45041 1069921
1.4528 1071361
1.4528 1072801
1.4552 1074241
1.4552 1075681
1.45759 1077121
1.45759 1078561
1.45998 1080001
1.45998 1081441
1.46327 1082881
1.46327 1084321
1.46446 1085761
1.46566 1025281
1.49076 1085761
1.49076 1087201
1.49225 1088641
1.49344 1090081
1.49464 1091521
1.49583 1092961
1.49703 1094401
1.49822 1095841
1.49942 1097281
1.50061 1098721
1.50181 1100161
1.503 1101601
1.5042 1103041
1.5054 1104481
1.50659 1105921
1.50779 1107361
1.50898 1108801
1.51018 1110241
1.51137 1111681
1.51255 1113121
1.53714 1114561
1.53714 1116001
1.53953 1117441
1.53953 1118881
1.54192 1120321
1.54192 1121761
1.54431 1123201
1.54431 1124641
1.5467 1126081
1.5467 1127521
1.54909 1128961
1.54909 1130401
1.55148 1131841
1.55148 1133281
1.55387 1134721
1.55387 1136161
1.55626 1137601
1.55626 1139041
1.58203 1140481
1.58203 1141921
1.58442 1143361
1.58442 1144801
1.58681 1146241
1.58681 1147681
1.5892 1149121
1.5892 1150561
1.59159 1152001
1.59159 1153441
1.59398 1154881
1.59398 1156321
1.59637 1157761
1.59637 1159201
1.59876 1160641
1.59876 1162081
1.60115 1163521
1.60115 1164961
1.62693 1166401
1.62813 1167841
1.62932 1137601
1.64247 1167841
1.64247 1169281
1.64366 1170721
1.64607 1172161
1.64726 1173601
1.67185 1160641
1.67185 1162081
1.67185 1173601
1.67185 1175041
1.67305 1176481
1.67423 1160641
1.67423 1176481
1.67423 1177921
1.68737 1179361
1.68857 1180801
1.69097 1182241
1.69217 1183681
1.71674 1185121
1.71913 1186561
1.71913 1188001
1.73263 1189441
1.73263 1190881
1.73586 1192321
1.73586 1193761
1.76166 1195201
1.76166 1196641
1.76592 1198081
1.76592 1199521
1.76592 1200961
1.77871 1202401
1.77871 1203841
1.78195 1205281
1.78195 1206721
1.80775 1208161
1.80775 1209601
1.81202 1211041
1.81321 1212481
1.82362 1196641
1.85692 1212481
1.85692 1213921
1.85812 1215361
1.86889 1216801
1.90301 1218241
1.90301 1219681
1.9479 1221121
1.9479 1222561
1.9479 1224001
1.99279 1225441
1.99279 1226881
1.99518 1228321
1.99518 1229761
2.03887 1231201
2.03887 1232641
2.04126 1234081
2.04126 1235521
2.08496 1236961
2.08496 1238401
2.08496 1239841
2.08735 1241281
2.08735 1242721
2.13118 1244161
2.13118 1245601
2.13357 1247041
2.13357 1248481
2.17607 1249921
2.17607 1251361
2.17846 1252801
2.17846 1254241
2.17846 1255681
2.22132 1257121
2.22132 1258561
2.22372 1260001
2.22372 1261441
2.22611 1262881
2.22611 1264321
2.26991 1265761
2.26991 1267201
2.26991 1268641
2.26991 1270081
2.27231 1271521
2.27231 1272961
2.31599 1274401
2.31599 1275841
2.31838 1277281
2.31838 1278721
2.31838 1280161
2.32077 1281601
2.32077 1283041
2.36208 1284481
2.36208 1285921
2.36447 1287361
2.36447 1288801
2.36686 1290241
2.36686 1291681
2.40697 1293121
2.40697 1294561
2.40936 1296001
2.40936 1297441
2.4119 1298881
2.4119 1300321
2.4119 1301761
2.45186 1303201
2.45186 1304641
2.45425 1306081
2.45425 1307521
2.45679 1308961
2.45679 1310401
2.45918 1311841
2.45918 1313281
2.49794 1314721
2.49794 1316161
2.50033 1317601
2.50033 1319041
2.50288 1320481
2.50288 1321921
2.50527 1323361
2.50527 1324801
2.50527 1326241
2.5441 1327681
2.5441 1329121
2.54649 1330561
2.54649 1332001
2.54896 1333441
2.54896 1334881
2.55135 1336321
2.55135 1337761
2.58899 1339201
2.58899 1340641
2.59138 1342081
2.59138 1343521
2.59385 1344961
2.59385 1346401
2.59624 1347841
2.59624 1349281
2.63388 1350721
2.63388 1352161
2.63627 1353601
2.63627 1355041
2.63627 1356481
2.63891 1357921
2.63891 1359361
2.6413 1360801
2.6413 1362241
2.67937 1363681
2.67937 1365121
2.68176 1366561
2.68176 1368001
2.68415 1369441
2.68415 1370881
2.68654 1372321
2.68654 1373761
2.68893 1375201
2.68893 1376641
2.72546 1378081
2.72546 1379521
2.72785 1380961
2.72785 1382401
2.73024 1383841
2.73024 1385281
2.73024 1386721
2.73263 1388161
2.73263 1389601
2.73502 1391041
2.73502 1392481
2.77154 1393921
2.77154 1395361
2.77406 1396801
2.77406 1398241
2.77645 1399681
2.77645 1401121
2.77884 1402561
2.77884 1404001
2.78123 1405441
2.78123 1406881
2.81651 1408321
2.81651 1409761
2.81894 1411201
2.81894 1412641
2.82134 1414081
2.82134 1415521
2.82373 1416961
2.82373 1418401
2.82612 1419841
2.82612 1421281
2.82612 1422721
2.8614 1424161
2.8614 1425601
2.86383 1427041
2.86383 1428481
2.86622 1429921
2.86622 1431361
2.86862 1432801
2.86862 1434241
2.87101 1435681
2.87101 1437121
2.8734 1438561
2.8734 1440001
2.90748 1441441
2.90748 1442881
2.91027 1444321
2.91027 1445761
2.91266 1447201
2.91266 1448641
2.91505 1450081
2.91505 1451521
2.91744 1452961
2.91744 1454401
2.91983 1455841
2.91983 1457281
2.91983 1458721
2.95357 1460161
2.95357 1461601
2.95635 1463041
2.95635 1464481
2.95874 1465921
2.95874 1467361
2.96114 1468801
2.96114 1470241
2.96353 1471681
2.96353 1473121
2.96592 1474561
2.96592 1476001
2.99846 1477441
2.99846 1478881
3.00124 1480321
3.00124 1481761
3.00363 1483201
3.00363 1484641
3.00602 1486081
3.00602 1487521
3.00856 1488961
3.00856 1490401
3.01095 1491841
3.01095 1493281
3.04334 1494721
3.04334 1496161
3.04623 1497601
3.04623 1499041
3.04623 1500481
3.04863 1501921
3.04863 1503361
3.05102 1504801
3.05102 1506241
3.05381 1507681
3.05381 1509121
3.0562 1510561
3.0562 1512001
3.08823 1513441
3.08823 1514881
3.09137 1516321
3.09137 1517761
3.09376 1519201
3.09376 1520641
3.09615 1522081
3.09615 1523521
3.09854 1524961
3.09854 1526401
3.10094 1527841
3.10094 1529281
3.10333 1530721
3.10333 1532161
3.13432 1533601
3.13432 1535041
3.13746 1536481
3.13746 1537921
3.13985 1539361
3.13985 1540801
3.1425 1542241
3.1425 1543681
3.1425 1545121
3.1449 1546561
3.1449 1548001
3.14729 1549441
3.14729 1550881
3.14968 1552321
3.14968 1553761
3.1804 1555201
3.1804 1556641
3.18376 1558081
3.18376 1559521
3.18615 1560961
3.18615 1562401
3.18859 1563841
3.18859 1565281
3.19098 1566721
3.19098 1568161
3.19337 1569601
3.19337 1571041
3.19576 1572481
3.19576 1573921
3.22529 1575361
3.22529 1576801
3.22865 1578241
3.22865 1579681
3.23104 1581121
3.23104 1582561
3.23348 1584001
3.23348 1585441
3.23587 1586881
3.23587 1588321
3.23587 1589761
3.23826 1591201
3.23826 1592641
3.24065 1594081
3.24065 1595521
3.27018 1596961
3.27018 1598401
3.27354 1599841
3.27354 1601281
3.27593 1602721
3.27593 1604161
3.27837 1605601
3.27837 1607041
3.28076 1608481
3.28076 1609921
3.28315 1611361
3.28315 1612801
3.28554 1614241
3.28554 1615681
3.28793 1617121
3.28793 1618561
3.31627 1620001
3.31627 1621441
3.32202 1622881
3.32202 1624321
3.32202 1625761
3.32202 1627201
3.32445 1628641
3.32445 1630081
3.32684 1631521
3.32684 1632961
3.32923 1634401
3.32923 1635841
3.33162 1637281
3.33162 1638721
3.33402 1640161
3.33402 1641601
3.33402 1643041
3.36235 1644481
3.36235 1645921
3.3681 1647361
3.3681 1648801
3.37049 1650241
3.37049 1651681
3.37288 1653121
3.37288 1654561
3.37527 1656001
3.37527 1657441
3.37766 1658881
3.37766 1660321
3.38005 1661761
3.38005 1663201
3.38244 1664641
3.38244 1666081
3.40724 1667521
3.40724 1668961
3.41299 1670401
3.41299 1671841
3.41538 1673281
3.41538 1674721
3.41777 1676161
3.41777 1677601
3.42016 1679041
3.42016 1680481
3.42268 1681921
3.42268 1683361
3.42507 1684801
3.42507 1686241
3.4275 1687681
3.4275 1689121
3.45213 1690561
3.45213 1692001
3.45213 1693441
3.45796 1694881
3.45796 1696321
3.46039 1697761
3.46039 1699201
3.46278 1700641
3.46278 1702081
3.46518 1703521
3.46518 1704961
3.46757 1706401
3.46757 1707841
3.46996 1709281
3.46996 1710721
3.47239 1712161
3.47239 1713601
3.49702 1715041
3.49702 1716481
3.49941 1717921
3.49941 1719361
3.50404 1720801
3.50404 1722241
3.50648 1723681
3.50648 1725121
3.50887 1726561
3.50887 1728001
3.51126 1729441
3.51126 1730881
3.51365 1732321
3.51365 1733761
3.51604 1735201
3.51604 1736641
3.51848 1738081
3.51848 1739521
3.54311 1740961
3.54311 1742401
3.5455 1743841
3.5455 1745281
3.55013 1746721
3.55013 1748161
3.55013 1749601
3.55256 1751041
3.55256 1752481
3.55495 1753921
3.55495 1755361
3.55734 1756801
3.55734 1758241
3.55974 1759681
3.55974 1761121
3.56213 1762561
3.56213 1764001
3.56493 1765441
3.56493 1766881
3.58919 1768321
3.58919 1769761
3.59158 1771201
3.59158 1772641
3.59621 1774081
3.59621 1775521
3.59862 1776961
3.59862 1778401
3.60101 1779841
3.60101 1781281
3.6034 1782721
3.6034 1784161
3.60579 1785601
3.60579 1787041
3.60818 1788481
3.60818 1789921
3.61057 1791361
3.61057 1792801
3.63431 1794241
3.63431 1795681
3.6367 1797121
3.6367 1798561
3.6411 1800001
3.6411 1801441
3.64351 1802881
3.64351 1804321
3.64351 1805761
3.6459 1807201
3.6459 1808641
3.64829 1810081
3.64829 1811521
3.65068 1812961
3.65068 1814401
3.65307 1815841
3.65307 1817281
3.65546 1818721
3.65546 1820161
3.6792 1821601
3.6792 1823041
3.68159 1824481
3.68159 1825921
3.68599 1827361
3.68599 1828801
3.6884 1830241
3.6884 1831681
3.69105 1833121
3.69105 1834561
3.69344 1836001
3.69344 1837441
3.69583 1838881
3.69583 1840321
3.69943 1841761
3.69943 1843201
3.70062 1811521
3.70062 1812961
3.70062 1843201
3.70062 1844641
3.73834 1846081
3.73834 1847521
3.73954 1848961
3.74073 1850401
3.74433 1851841
3.74433 1853281
3.74553 1854721
3.7491 1856161
3.7491 1857601
3.7491 1859041
3.78443 1860481
3.78443 1861921
3.78922 1863361
3.78922 1864801
3.79161 1866241
3.79161 1867681
3.794 1869121
3.794 1870561
3.82932 1872001
3.82932 1873441
3.82932 1874881
3.83411 1876321
3.83411 1877761
3.8365 1879201
3.8365 1880641
3.83889 1882081
3.83889 1883521
3.87421 1884961
3.87421 1886401
3.8766 1887841
3.8766 1889281
3.88259 1890721
3.88259 1892161
3.88259 1893601
3.88259 1895041
3.88498 1896481
3.88498 1897921
3.92029 1899361
3.92029 1900801
3.92867 1902241
3.92867 1903681
3.92867 1905121
3.92867 1906561
3.93106 1908001
3.93106 1909441
3.93345 1910881
3.93345 1912321
3.93345 1913761
3.96638 1915201
3.96638 1916641
3.97522 1918081
3.97522 1919521
3.97761 1920961
3.97761 1922401
3.98 1923841
3.98 1925281
3.98239 1926721
3.98239 1928161
4.01127 1929601
4.01127 1931041
4.02011 1932481
4.02011 1933921
4.0225 1935361
4.0225 1936801
4.02489 1938241
4.02489 1939681
4.02743 1941121
4.02743 1942561
4.05615 1944001
4.05615 1945441
4.05615 1946881
4.065 1948321
4.065 1949761
4.06739 1951201
4.06739 1952641
4.06992 1954081
4.06992 1955521
4.07232 1956961
4.07232 1958401
4.10104 1959841
4.10104 1961281
4.10343 1962721
4.10343 1964161
4.11117 1965601
4.11117 1967041
4.11356 1968481
4.11356 1969921
4.116 1971361
4.116 1972801
4.11841 1974241
4.11841 1975681
4.14713 1977121
4.14713 1978561
4.14952 1980001
4.14952 1981441
4.15726 1982881
4.15726 1984321
4.15726 1985761
4.15965 1987201
4.15965 1988641
4.16209 1990081
4.16209 1991521
4.16449 1992961
4.16449 1994401
4.19334 1995841
4.19334 1997281
4.19573 1998721
4.19573 2000161
4.20334 2001601
4.20334 2003041
4.20573 2004481
4.20573 2005921
4.20812 2007361
4.20812 2008801
4.21051 2010241
4.21051 2011681
4.23862 2013121
4.23862 2014561
4.24101 2016001
4.24101 2017441
4.24823 2018881
4.24823 2020321
4.25062 2021761
4.25062 2023201
4.25062 2024641
4.25301 2026081
4.25301 2027521
4.2554 2028961
4.2554 2030401
4.28351 2031841
4.28351 2033281
4.2859 2034721
4.2859 2036161
4.29312 2037601
4.29312 2039041
4.29559 2040481
4.29559 2041921
4.29798 2043361
4.29798 2044801
4.30037 2046241
4.30037 2047681
4.30276 2049121
4.30276 2050561
4.32967 2052001
4.32967 2053441
4.33207 2054881
4.33207 2056321
4.3393 2057761
4.3393 2059201
4.3417 2060641
4.3417 2062081
4.3441 2063521
4.3441 2064961
4.34649 2066401
4.34649 2067841
4.34649 2069281
4.34888 2070721
4.34888 2072161
4.37579 2073601
4.37579 2075041
4.37818 2076481
4.37818 2077921
4.38577 2079361
4.38577 2080801
4.38816 2082241
4.38816 2083681
4.39055 2085121
4.39055 2086561
4.39294 2088001
4.39294 2089441
4.39533 2090881
4.39533 2092321
4.42068 2093761
4.42068 2095201
4.42307 2096641
4.42307 2098081
4.43066 2099521
4.43066 2100961
4.43305 2102401
4.43305 2103841
4.43544 2105281
4.43544 2106721
4.43783 2108161
4.43783 2109601
4.44037 2111041
4.44037 2112481
4.44037 2113921
4.46557 2115361
4.46557 2116801
4.46796 2118241
4.46796 2119681
4.47565 2121121
4.47565 2122561
4.47804 2124001
4.47804 2125441
4.48043 2126881
4.48043 2128321
4.48282 2129761
4.48282 2131201
4.48526 2132641
4.48526 2134081
4.48765 2135521
4.48765 2136961
4.51165 2138401
4.51165 2139841
4.51404 2141281
4.51404 2142721
4.52174 2144161
4.52174 2145601
4.52413 2147041
4.52413 2148481
4.52652 2149921
4.52652 2151361
4.52891 2152801
4.52891 2154241
4.53135 2155681
4.53135 2157121
4.53374 2158561
4.53374 2160001
4.55774 2161441
4.55774 2162881
4.55774 2164321
4.56013 2165761
4.56013 2167201
4.56782 2168641
4.56782 2170081
4.57021 2171521
4.57021 2172961
4.5726 2174401
4.5726 2175841
4.57499 2177281
4.57499 2178721
4.57743 2180161
4.57743 2181601
4.57982 2183041
4.57982 2184481
4.60382 2185921
4.60382 2187361
4.60621 2188801
4.60621 2190241
4.61271 2191681
4.61271 2193121
4.6151 2194561
4.6151 2196001
4.61749 2197441
4.61749 2198881
4.61988 2200321
4.61988 2201761
4.62232 2203201
4.62232 2204641
4.62471 2206081
4.62471 2207521
4.64871 2208961
4.64871 2210401
4.6511 2211841
4.6511 2213281
4.6576 2214721
4.6576 2216161
4.6576 2217601
4.65999 2219041
4.65999 2220481
4.66238 2221921
4.66238 2223361
4.66477 2224801
4.66477 2226241
4.66721 2227681
4.66721 2229121
4.6696 2230561
4.6696 2232001
4.6936 2233441
4.6936 2234881
4.69599 2236321
4.69599 2237761
4.70249 2239201
4.70249 2240641
4.70488 2242081
4.70488 2243521
4.70735 2244961
4.70735 2246401
4.70974 2247841
4.70974 2249281
4.71213 2250721
4.71213 2252161
4.71452 2253601
4.71452 2255041
4.71691 2256481
4.71691 2257921
4.73969 2259361
4.73969 2260801
4.74208 2262241
4.74208 2263681
4.7486 2265121
4.7486 2266561
4.75099 2268001
4.75099 2269441
4.75099 2270881
4.75343 2272321
4.75343 2273761
4.75582 2275201
4.75582 2276641
4.75821 2278081
4.75821 2279521
4.7606 2280961
4.7606 2282401
4.76299 2283841
4.76299 2285281
4.78577 2286721
4.78577 2288161
4.78816 2289601
4.78816 2291041
4.79469 2292481
4.79469 2293921
4.79708 2295361
4.79708 2296801
4.79952 2298241
4.79952 2299681
4.80196 2301121
4.80196 2302561
4.80435 2304001
4.80435 2305441
4.80674 2306881
4.80674 2308321
4.80913 2309761
4.80913 2311201
4.83066 2312641
4.83066 2314081
4.83305 2315521
4.83305 2316961
4.83958 2318401
4.83958 2319841
4.84197 2321281
4.84197 2322721
4.84441 2324161
4.84441 2325601
4.84684 2327041
4.84684 2328481
4.84684 2329921
4.84924 2331361
4.84924 2332801
4.85163 2334241
4.85163 2335681
4.85402 2337121
4.85402 2338561
4.87566 2340001
4.87566 2341441
4.87805 2342881
4.87805 2344321
4.88447 2345761
4.88447 2347201
4.88686 2348641
4.88686 2350081
4.8893 2351521
4.8893 2352961
4.89173 2354401
4.89173 2355841
4.89412 2357281
4.89412 2358721
4.89652 2360161
4.89652 2361601
4.89891 2363041
4.89891 2364481
4.9013 2365921
4.9013 2367361
4.92174 2368801
4.92174 2370241
4.92413 2371681
4.92413 2373121
4.93055 2374561
4.93055 2376001
4.93294 2377441
4.93294 2378881
4.93538 2380321
4.93538 2381761
4.93782 2383201
4.93782 2384641
4.94021 2386081
4.94021 2387521
4.94021 2388961
4.94263 2390401
4.94263 2391841
4.94502 2393281
4.94502 2394721
4.96664 2396161
4.96664 2397601
4.96784 2364481
4.96784 2365921
4.96784 2397601
4.96784 2399041
4.98796 2400481
4.98796 2401921
4.98916 2403361
4.99035 2404801
4.99155 2406241
4.99274 2407681
5.01155 2409121
5.01274 2410561
5.01632 2412001
5.01632 2413441
5.01632 2414881
5.03405 2416321
5.03405 2417761
5.03644 2419201
5.03644 2420641
5.05644 2422081
5.05644 2423521
5.05883 2424961
5.05883 2426401
5.0624 2427841
5.0624 2429281
5.0805 2430721
5.0805 2432161
5.08289 2433601
5.08289 2435041
5.10252 2436481
5.10252 2437921
5.10491 2439361
5.10491 2440801
5.10848 2442241
5.10848 2443681
5.12659 2445121
5.12659 2446561
5.12659 2448001
5.12898 2449441
5.12898 2450881
5.14861 2452321
5.14861 2453761
5.151 2455201
5.151 2456641
5.15457 2458081
5.15457 2459521
5.17267 2460961
5.17267 2462401
5.17546 2463841
5.17546 2465281
5.19351 2466721
5.19471 2468161
5.1959 2449441
5.22156 2468161
5.22156 2469601
5.23842 2471041
5.23961 2472481
5.24079 2473921
5.28331 2475361
5.28331 2476801
5.2857 2478241
5.2857 2479681
5.32979 2481121
5.32979 2482561
5.32979 2484001
5.33218 2485441
5.33218 2486881
5.37588 2488321
5.37588 2489761
5.37827 2491201
5.37827 2492641
5.42076 2494081
5.42076 2495521
5.42316 2496961
5.42316 2498401
5.42316 2499841
5.46565 2501281
5.46565 2502721
5.46804 2504161
5.46804 2505601
5.47044 2507041
5.47044 2508481
5.51174 2509921
5.51174 2511361
5.51413 2512801
5.51413 2514241
5.51652 2515681
5.51652 2517121
5.55819 2518561
5.55819 2520001
5.55819 2521441
5.56058 2522881
5.56058 2524321
5.56297 2525761
5.56297 2527201
5.60428 2528641
5.60428 2530081
5.60667 2531521
5.60667 2532961
5.60906 2534401
5.60906 2535841
5.64916 2537281
5.64916 2538721
5.65156 2540161
5.65156 2541601
5.65156 2543041
5.65425 2544481
5.65425 2545921
5.69405 2547361
5.69405 2548801
5.69644 2550241
5.69644 2551681
5.69884 2553121
5.69884 2554561
5.70123 2556001
5.70123 2557441
5.74025 2558881
5.74025 2560321
5.74278 2561761
5.74278 2563201
5.74517 2564641
5.74517 2566081
5.74756 2567521
5.74756 2568961
5.74756 2570401
5.78633 2571841
5.78633 2573281
5.78923 2574721
5.78923 2576161
5.79162 2577601
5.79162 2579041
5.79401 2580481
5.79401 2581921
5.83243 2583361
5.83243 2584801
5.83413 2586241
5.83533 2570401
5.87853 2586241
5.87853 2587681
5.87973 2589121
5.88091 2590561
5.92462 2592001
5.92462 2593441
5.96951 2594881
5.96951 2596321
5.96951 2597761
6.01458 2599201
6.01458 2600641
6.01697 2602081
6.01697 2603521
6.06066 2604961
6.06066 2606401
6.06305 2607841
6.06305 2609281
6.10675 2610721
6.10675 2612161
6.10675 2613601
6.10914 2615041
6.10914 2616481
6.15283 2617921
6.15283 2619361
6.15522 2620801
6.15522 2622241
6.19772 2623681
6.19772 2625121
6.20021 2626561
6.20021 2628001
6.20021 2629441
6.24261 2630881
6.24261 2632321
6.24631 2633761
6.24631 2635201
6.2475 2636641
6.28752 2625121
6.2936 2636641
6.2936 2638081
6.33241 2639521
6.3773 2640961
6.3773 2642401
6.42338 2643841
6.42338 2645281
6.46947 2646721
6.46947 2648161
6.46947 2649601
6.51581 2651041
6.51581 2652481
6.56191 2653921
6.56191 2655361
6.60682 2656801
6.60801 2649601
6.6529 2656801
6.6529 2658241
6.6529 2659681
6.69915 2661121
6.74406 2662561
6.78896 2656801
6.78896 2662561
6.78896 2664001
6.83385 2665441
6.87874 2666881
6.87874 2668321
6.92483 2669761
6.92483 2671201
6.97091 2672641
6.97091 2674081
6.97091 2675521
7.017 2676961
7.017 2678401
7.0621 2679841
7.0633 2681281
7.10701 2674081
7.1082 2681281
7.1082 2682721
7.1519 2684161
7.19679 2685601
7.19679 2687041
7.24287 2688481
7.24287 2689921
7.28896 2691361
7.28896 2692801
7.28896 2694241
7.33504 2695681
7.33504 2697121
7.37993 2698561
7.37993 2700001
7.4249 2701441
7.4249 2702881
7.4249 2704321
7.46979 2705761
7.46979 2707201
7.47218 2708641
7.47218 2710081
7.51587 2711521
7.51587 2712961
7.51826 2714401
7.51826 2715841
7.56196 2717281
7.56196 2718721
7.56196 2720161
7.56435 2721601
7.56435 2723041
7.60804 2724481
7.60804 2725921
7.61043 2727361
7.61043 2728801
7.65293 2730241
7.65293 2731681
7.65532 2733121
7.65532 2734561
7.65532 2736001
7.69794 2737441
7.69794 2738881
7.70142 2740321
7.70142 2741761
7.70262 2743201
7.74285 2731681
7.74871 2743201
7.74871 2744641
7.78774 2746081
7.83263 2747521
7.83263 2748961
7.87871 2750401
7.87871 2751841
7.9248 2753281
7.9248 2754721
7.9248 2756161
7.97088 2757601
7.97088 2759041
8.01577 2760481
8.01577 2761921
8.06066 2763361
8.06066 2764801
8.06066 2766241
8.10555 2767681
8.10555 2769121
8.10794 2770561
8.10794 2772001
8.15179 2773441
8.15179 2774881
8.15418 2776321
8.15418 2777761
8.19787 2779201
8.19787 2780641
8.19787 2782081
8.20026 2783521
8.20026 2784961
8.24396 2786401
8.24396 2787841
8.24635 2789281
8.24635 2790721
8.28885 2792161
8.28885 2793601
8.29124 2795041
8.29124 2796481
8.29124 2797921
8.33374 2799361
8.33374 2800801
8.33613 2802241
8.33613 2803681
8.33852 2805121
8.33852 2806561
8.38019 2808001
8.38019 2809441
8.38258 2810881
8.38258 2812321
8.38497 2813761
8.38497 2815201
8.38497 2816641
8.42627 2818081
8.42627 2819521
8.42866 2820961
8.42866 2822401
8.43105 2823841
8.43105 2825281
8.47116 2826721
8.47116 2828161
8.47355 2829601
8.47355 2831041
8.47594 2832481
8.47594 2833921
8.51605 2835361
8.51605 2836801
8.51844 2838241
8.51844 2839681
8.51844 2841121
8.52083 2842561
8.52083 2844001
8.56094 2845441
8.56094 2846881
8.56347 2848321
8.56347 2849761
8.56586 2851201
8.56586 2852641
8.56825 2854081
8.56825 2855521
8.60723 2856961
8.60723 2858401
8.60965 2859841
8.60965 2861281
8.61204 2862721
8.61204 2864161
8.61204 2865601
8.61443 2867041
8.61443 2868481
8.65331 2869921
8.65331 2871361
8.65573 2872801
8.65573 2874241
8.65812 2875681
8.65812 2877121
8.66051 2878561
8.66051 2880001
8.6982 2881441
8.6982 2882881
8.70062 2884321
8.70062 2885761
8.70301 2887201
8.70301 2888641
8.7054 2890081
8.7054 2891521
8.74309 2892961
8.74309 2894401
8.74309 2895841
8.74551 2897281
8.74551 2898721
8.7479 2900161
8.7479 2901601
8.78798 2903041
8.78798 2904481
8.78798 2905921
8.78798 2907361
8.79037 2908801
8.79037 2910241
8.79397 2911681
8.79397 2913121
8.79516 2914561
8.83288 2897281
8.84005 2914561
8.84005 2916001
8.84136 2917441
8.84255 2918881
8.87782 2920321
8.88625 2921761
8.88625 2923201
8.92271 2924641
8.92271 2926081
8.93233 2927521
8.93233 2928961
8.96879 2930401
8.96879 2931841
8.97842 2933281
8.97842 2934721
8.97842 2936161
9.01488 2937601
9.01488 2939041
9.0245 2940481
9.0245 2941921
9.05977 2943361
9.05977 2944801
9.06939 2946241
9.06939 2947681
9.10466 2949121
9.10466 2950561
9.10466 2952001
9.11431 2953441
9.11431 2954881
9.14959 2956321
9.14959 2957761
9.15198 2959201
9.15198 2960641
9.1604 2962081
9.1604 2963521
9.19568 2964961
9.19568 2966401
9.19807 2967841
9.19807 2969281
9.20648 2970721
9.20648 2972161
9.20648 2973601
9.24181 2975041
9.24181 2976481
9.2442 2977921
9.2442 2979361
9.25256 2980801
9.25256 2982241
9.2867 2983681
9.2867 2985121
9.28909 2986561
9.28909 2988001
9.29745 2989441
9.29745 2990881
9.33159 2992321
9.33159 2993761
9.33159 2995201
9.33398 2996641
9.33398 2998081
9.34247 2999521
9.34247 3000961
9.37655 3002401
9.37655 3003841
9.37894 3005281
9.37894 3006721
9.38133 3008161
9.38133 3009601
9.38855 3011041
9.38855 3012481
9.42264 3013921
9.42264 3015361
9.42503 3016801
9.42503 3018241
9.42742 3019681
9.42742 3021121
9.42742 3022561
9.43464 3024001
9.43464 3025441
9.46872 3026881
9.46872 3028321
9.47111 3029761
9.47111 3031201
9.4735 3032641
9.4735 3034081
9.47953 3035521
9.47953 3036961
9.51361 3038401
9.51361 3039841
9.516 3041281
9.516 3042721
9.51839 3044161
9.51839 3045601
9.52442 3047041
9.52442 3048481
9.52442 3049921
9.5585 3051361
9.5585 3052801
9.56089 3054241
9.56089 3055681
9.56328 3057121
9.56328 3058561
9.56931 3060001
9.56931 3061441
9.5717 3062881
9.5717 3064321
9.60459 3065761
9.60459 3067201
9.60698 3068641
9.60698 3070081
9.60948 3071521
9.60948 3072961
9.61539 3074401
9.61539 3075841
9.61778 3077281
9.61778 3078721
9.65073 3080161
9.65073 3081601
9.65073 3083041
9.65556 3084481
9.65556 3085921
9.65556 3087361
9.65556 3088801
9.66155 3090241
9.66155 3091681
9.66394 3093121
9.66394 3094561
9.69752 3096001
9.69752 3097441
9.70045 3098881
9.70045 3100321
9.70284 3101761
9.70284 3103201
9.70644 3104641
9.70644 3106081
9.70883 3107521
9.70883 3108961
9.74241 3110401
9.74241 3111841
9.74534 3113281
9.74534 3114721
9.74773 3116161
9.74773 3117601
9.74773 3119041
9.75133 3120481
9.75133 3121921
9.75372 3123361
9.75372 3124801
9.7873 3126241
9.7873 3127681
9.79023 3129121
9.79023 3130561
9.79262 3132001
9.79262 3133441
9.79501 3134881
9.79501 3136321
9.79742 3137761
9.79742 3139201
9.79981 3140641
9.79981 3142081
9.83338 3143521
9.83338 3144961
9.83631 3146401
9.83631 3147841
9.8387 3149281
9.8387 3150721
9.8411 3152161
9.8411 3153601
9.84388 3155041
9.84388 3156481
9.84388 3157921
9.84627 3159361
9.84627 3160801
9.87947 3162241
9.87947 3163681
9.8824 3165121
9.8824 3166561
9.88491 3168001
9.88491 3169441
9.8873 3170881
9.8873 3172321
9.89118 3173761
9.89118 3175201
9.89237 3176641
9.89357 3155041
9.9334 3176641
9.9334 3178081
9.93608 3179521
9.93728 3180961
9.93847 3182401
9.93965 3183841
9.98097 3185281
9.98097 3186721
9.98336 3188161
9.98336 3189601
10.0259 3191041
10.0259 3192481
10.0259 3193921
10.0283 3195361
10.0283 3196801
10.0708 3198241
10.0708 3199681
10.0731 3201121
10.0731 3202561
10.0755 3204001
10.0755 3205441
10.1168 3206881
10.1168 3208321
10.1192 3209761
10.1192 3211201
10.1216 3212641
10.1216 3214081
10.1216 3215521
10.1629 3216961
10.1629 3218401
10.1653 3219841
10.1653 3221281
10.1677 3222721
10.1677 3224161
10.2078 3225601
10.2078 3227041
10.2102 3228481
10.2102 3229921
10.2126 3231361
10.2126 3232801
10.2527 3234241
10.2527 3235681
10.2527 3237121
10.2551 3238561
10.2551 3240001
10.2575 3241441
10.2575 3242881
10.2976 3244321
10.2976 3245761
10.3 3247201
10.3 3248641
10.3024 3250081
10.3036 3251521
10.3048 3237121
10.3473 3251521
10.3473 3252961
10.3485 3254401
10.3497 3255841
10.3934 3257281
10.3934 3258721
10.4383 3260161
10.4383 3261601
10.4832 3263041
10.4832 3264481
10.5281 3265921
10.5281 3267361
10.5281 3268801
10.573 3270241
10.573 3271681
10.5754 3273121
10.5754 3274561
10.6191 3276001
10.6191 3277441
10.6215 3278881
10.6215 3280321
10.6215 3281761
10.6652 3283201
10.6652 3284641
10.6676 3286081
10.6676 3287521
10.7101 3288961
10.7101 3290401
10.7125 3291841
10.7125 3293281
10.755 3294721
10.755 3296161
10.7574 3297601
10.7574 3299041
10.7574 3300481
10.7999 3301921
10.7999 3303361
10.8023 3304801
10.8023 3306241
10.8047 3307681
10.8047 3309121
10.846 3310561
10.846 3312001
10.8484 3313441
10.8484 3314881
10.8508 3316321
10.8508 3317761
10.8508 3319201
10.8921 3320641
10.8921 3322081
10.8945 3323521
10.8945 3324961
10.8969 3326401
10.8969 3327841
10.937 3329281
10.937 3330721
10.9395 3332161
10.9395 3333601
10.9419 3335041
10.9419 3336481
10.9819 3337921
10.9819 3339361
10.9844 3340801
10.9844 3342241
10.9844 3343681
10.9868 3345121
10.9868 3346561
11.028 3348001
11.028 3349441
11.0306 3336481
11.0306 3337921
11.0306 3349441
11.0306 3350881
11.0306 3352321
11.0758 3353761
11.0782 3355201
11.0782 3356641
11.1207 3358081
11.1207 3359521
11.1659 3360961
11.1659 3362401
11.1659 3363841
11.2108 3365281
11.2108 3366721
11.2132 3368161
11.2132 3369601
11.2569 3371041
11.2569 3372481
11.2593 3373921
11.2593 3375361
11.303 3376801
11.303 3378241
11.303 3379681
11.3054 3381121
11.3054 3382561
11.3492 3384001
11.3492 3385441
11.3516 3386881
11.3516 3388321
11.394 3389761
11.394 3391201
11.3964 3392641
11.3964 3394081
11.3964 3395521
11.4389 3396961
11.4389 3398401
11.4413 3399841
11.4413 3401281
11.4437 3402721
11.4437 3404161
11.485 3405601
11.485 3407041
11.4874 3408481
11.4874 3409921
11.4898 3411361
11.4898 3412801
11.5313 3414241
11.5313 3415681
11.5313 3417121
11.5337 3418561
11.5337 3420001
11.5361 3421441
11.5361 3422881
11.5776 3424321
11.5776 3425761
11.58 3427201
11.58 3428641
11.5823 3430081
11.5823 3431521
11.6228 3432961
11.6228 3434401
11.6252 3435841
11.6252 3437281
11.6252 3438721
11.6276 3440161
11.6276 3441601
11.6677 3443041
11.6677 3444481
11.6701 3445921
11.6701 3447361
11.6725 3448801
11.6725 3450241
11.6749 3451681
11.6749 3453121
11.7138 3454561
11.7138 3456001
11.7162 3457441
11.7162 3458881
11.7186 3460321
11.7186 3461761
11.7186 3463201
11.721 3464641
11.721 3466081
11.76 3467521
11.76 3468961
11.7624 3470401
11.7624 3471841
11.7648 3473281
11.7648 3474721
11.7672 3476161
11.7672 3477601
11.8049 3479041
11.8049 3480481
11.8073 3481921
11.8073 3483361
11.8097 3484801
11.8097 3486241
11.8121 3487681
11.8121 3489121
11.8498 3490561
11.8498 3492001
11.8498 3493441
11.8526 3494881
11.8526 3496321
11.855 3497761
11.855 3499201
11.8573 3500641
11.8573 3502081
11.8947 3503521
11.8947 3504961
11.8971 3506401
11.8971 3507841
11.902 3509281
11.902 3510721
11.902 3512161
11.902 3513601
11.9044 3515041
11.9044 3516481
11.942 3517921
11.942 3519361
11.9432 3520801
11.9469 3503521
11.9869 3520801
11.9869 3522241
11.9881 3523681
11.9893 3525121
11.9918 3526561
12.033 3528001
12.033 3529441
12.037 3530881
12.037 3532321
12.0791 3533761
12.0791 3535201
12.0831 3536641
12.0831 3538081
12.1252 3539521
12.1252 3540961
12.1252 3542401
12.1292 3543841
12.1292 3545281
12.1712 3546721
12.1712 3548161
12.1741 3549601
12.1753 3551041
12.2161 3540961
12.2204 3551041
12.2204 3552481
12.261 3553921
12.3059 3555361
12.3059 3556801
12.5508 3558241
12.5957 3559681
12.6406 3561121
12.6855 3555361
12.6855 3561121
12.6855 3562561
12.7304 3564001
12.7753 3565441
12.7753 3566881
12.8214 3568321
12.8214 3569761
12.8675 3571201
12.8675 3572641
12.8675 3574081
12.9136 3575521
12.9136 3576961
12.9584 3578401
12.9584 3579841
13.0033 3581281
13.0033 3582721
13.0033 3584161
13.0482 3585601
13.0482 3587041
13.0506 3588481
13.0506 3589921
13.0943 3591361
13.0943 3592801
13.0967 3594241
13.0967 3595681
13.1404 3597121
13.1404 3598561
13.1404 3600001
13.1428 3601441
13.1428 3602881
13.1877 3604321
13.1877 3605761
13.1889 3607201
13.1901 3597121
13.2362 3607201
13.2811 3602881
13.2811 3604321
13.2811 3608641
13.2811 3610081
13.326 3611521
13.3709 3612961
13.3709 3614401
13.417 3615841
13.417 3617281
13.4632 3618721
13.5081 3620161
13.553 3614401
13.553 3620161
13.553 3621601
13.5979 3623041
13.6428 3624481
13.6428 3625921
13.6889 3627361
13.6889 3628801
13.735 3630241
13.735 3631681
13.735 3633121
13.781 3634561
13.781 3636001
13.8259 3637441
13.8259 3638881
13.8708 3640321
13.8708 3641761
13.8708 3643201
13.9157 3644641
13.9157 3646081
13.9181 3647521
13.9181 3648961
13.9618 3650401
13.9618 3651841
13.9642 3653281
13.9642 3654721
14.0079 3656161
14.0079 3657601
14.0079 3659041
14.0103 3660481
14.0103 3661921
14.054 3663361
14.054 3664801
14.0564 3666241
14.0564 3667681
14.0989 3669121
14.0989 3670561
14.1013 3672001
14.1013 3673441
14.1013 3674881
14.1438 3676321
14.1438 3677761
14.1461 3679201
14.1461 3680641
14.1485 3682081
14.1485 3683521
14.1898 3684961
14.1898 3686401
14.1922 3687841
14.1922 3689281
14.1946 3690721
14.1946 3692161
14.1946 3693601
14.236 3695041
14.236 3696481
14.2384 3697921
14.2384 3699361
14.2408 3700801
14.2408 3702241
14.2809 3703681
14.2809 3705121
14.2833 3706561
14.2833 3708001
14.2857 3709441
14.2857 3710881
14.3258 3712321
14.3258 3713761
14.3282 3715201
14.3282 3716641
14.3282 3718081
14.3306 3719521
14.3306 3720961
14.3707 3722401
14.3707 3723841
14.3731 3725281
14.3731 3726721
14.3754 3728161
14.3754 3729601
14.3778 3731041
14.3778 3732481
14.4168 3733921
14.4168 3735361
14.4192 3736801
14.4204 3738241
14.4215 3723841
14.4641 3738241
14.4641 3739681
14.4653 3741121
14.4664 3742561
14.5102 3744001
14.5102 3745441
14.5551 3746881
14.5551 3748321
14.6 3749761
14.6 3751201
14.6449 3752641
14.6449 3754081
14.6449 3755521
14.6898 3756961
14.6898 3758401
14.6921 3759841
14.6921 3761281
14.7358 3762721
14.7358 3764161
14.7382 3765601
14.7382 3767041
14.7382 3768481
14.7819 3769921
14.7819 3771361
14.7843 3772801
14.7843 3774241
14.8268 3775681
14.8268 3777121
14.8292 3778561
14.8292 3780001
14.8717 3781441
14.8717 3782881
14.8741 3784321
14.8741 3785761
14.8741 3787201
14.9166 3788641
14.9166 3790081
14.919 3791521
14.919 3792961
14.9214 3794401
14.9214 3795841
14.9627 3797281
14.9627 3798721
14.9651 3800161
14.9651 3801601
14.9675 3803041
14.9675 3804481
14.9675 3805921
15.0088 3807361
15.0088 3808801
15.0111 3810241
15.0111 3811681
15.0135 3813121
15.0135 3814561
15.0536 3816001
15.0536 3817441
15.056 3818881
15.056 3820321
15.0584 3821761
15.0584 3823201
15.0985 3824641
15.0985 3826081
15.1009 3827521
15.1009 3828961
15.1009 3830401
15.1033 3831841
15.1033 3833281
15.1434 3834721
15.1434 3836161
15.1458 3837601
15.1458 3839041
15.1482 3840481
15.1482 3841921
15.1506 3843361
15.1506 3844801
15.1895 3846241
15.1895 3847681
15.1919 3849121
15.1919 3850561
15.1943 3852001
15.1943 3853441
15.1943 3854881
15.1967 3856321
15.1967 3857761
15.2368 3859201
15.2368 3860641
15.238 3862081
15.2392 3846241
15.2829 3862081
15.2829 3863521
15.2841 3864961
15.329 3866401
15.329 3867841
15.329 3869281
15.3751 3870721
15.3751 3872161
15.42 3873601
15.42 3875041
15.42 3876481
15.4649 3877921
15.4649 3879361
15.5098 3880801
15.5098 3882241
15.511 3883681
15.5547 3875041
15.5571 3883681
15.5571 3885121
15.5996 3886561
15.6445 3888001
15.6445 3889441
15.6906 3890881
15.6906 3892321
15.7367 3893761
15.7367 3895201
15.7367 3896641
15.7828 3898081
15.7828 3899521
15.8276 3900961
15.8276 3902401
15.8725 3903841
15.8725 3905281
15.8725 3906721
15.9174 3908161
15.9186 3909601
15.9198 3900961
15.9635 3909601
15.9635 3911041
15.9647 3912481
16.0096 3913921
16.0096 3915361
16.0559 3916801
16.0559 3918241
16.102 3919681
16.102 3921121
16.102 3922561
16.1481 3924001
16.1481 3925441
16.193 3926881
16.193 3928321
16.238 3929761
16.238 3931201
16.238 3932641
16.2832 3934081
16.2832 3935521
16.2856 3936961
16.2856 3938401
16.3293 3939841
16.3293 3941281
16.3317 3942721
16.3317 3944161
16.3754 3945601
16.3754 3947041
16.3754 3948481
16.3778 3949921
16.3778 3951361
16.4215 3952801
16.4215 3954241
16.4239 3955681
16.4239 3957121
16.4664 3958561
16.4664 3960001
16.4689 3961441
16.4689 3962881
16.4689 3964321
16.5113 3965761
16.5113 3967201
16.5141 3968641
16.5141 3970081
16.5165 3971521
16.5165 3972961
16.5573 3974401
16.5573 3975841
16.5602 3977281
16.5602 3978721
16.5626 3980161
16.5626 3981601
16.5626 3983041
16.6034 3984481
16.6034 3985921
16.6063 3987361
16.6063 3988801
16.6087 3990241
16.6087 3991681
16.6483 3993121
16.6483 3994561
16.6513 3996001
16.6513 3997441
16.6537 3998881
16.6537 4000321
16.6932 4001761
16.6932 4003201
16.6962 4004641
16.6962 4006081
16.6962 4007521
16.6989 4008961
16.6989 4010401
16.7382 4011841
16.7382 4013281
16.7411 4014721
16.7411 4016161
16.7435 4017601
16.7435 4019041
16.7459 4020481
16.7459 4021921
16.7843 4023361
16.7843 4024801
16.7884 4026241
16.7884 4027681
16.7896 4029121
16.7908 4014721
16.8345 4029121
16.8345 4030561
16.8357 4032001
16.8371 4033441
16.8806 4034881
16.8806 4036321
16.9255 4037761
16.9255 4039201
16.9704 4040641
16.9704 4042081
17.0153 4043521
17.0153 4044961
17.0153 4046401
17.0605 4047841
17.0605 4049281
17.0629 4050721
17.0629 4052161
17.1065 4053601
17.1065 4055041
17.1089 4056481
17.1089 4057921
17.1089 4059361
17.1528 4060801
17.1528 4062241
17.1552 4063681
17.1552 4065121
17.1977 4066561
17.1977 4068001
17.2001 4069441
17.2001 4070881
17.2426 4072321
17.2426 4073761
17.245 4075201
17.245 4076641
17.245 4078081
17.2875 4079521
17.2875 4080961
17.2899 4082401
17.2899 4083841
17.2926 4085281
17.2926 4086721
17.3336 4088161
17.3336 4089601
17.336 4091041
17.336 4092481
17.339 4093921
17.339 4095361
17.339 4096801
17.3797 4098241
17.3797 4099681
17.382 4101121
17.382 4102561
17.3851 4104001
17.3851 4105441
17.4245 4106881
17.4245 4108321
17.4273 4109761
17.4273 4111201
17.43 4112641
17.43 4114081
17.4694 4115521
17.4694 4116961
17.4722 4118401
17.4722 4119841
17.4722 4121281
17.4749 4122721
17.4749 4124161
17.5143 4125601
17.5143 4127041
17.5171 4128481
17.5171 4129921
17.5195 4131361
17.5195 4132801
17.5219 4134241
17.5219 4135681
17.5604 4137121
17.5604 4138561
17.5632 4140001
17.5632 4141441
17.5656 4142881
17.5656 4144321
17.5656 4145761
17.5679 4147201
17.5679 4148641
17.6065 4150081
17.6065 4151521
17.6093 4152961
17.6093 4154401
17.6116 4155841
17.6116 4157281
17.614 4158721
17.614 4160161
17.6514 4161601
17.6514 4163041
17.6541 4164481
17.6541 4165921
17.6565 4167361
17.6565 4168801
17.6589 4170241
17.6589 4171681
17.6589 4173121
17.6963 4174561
17.6963 4176001
17.7015 4177441
17.7015 4178881
17.7015 4180321
17.7015 4181761
17.7039 4183201
17.7039 4184641
17.7063 4186081
17.7063 4187521
17.7424 4188961
17.7424 4190401
17.7476 4191841
17.7476 4193281
17.75 4194721
17.75 4196161
17.7524 4197601
17.7524 4199041
17.7548 4200481
17.7548 4201921
17.7884 4203361
17.7884 4204801
17.7937 4206241
17.7949 4207681
17.7961 4190401
17.8346 4207681
17.8346 4209121
17.8386 4210561
17.8398 4212001
17.841 4213441
17.8835 4214881
17.8835 4216321
17.8859 4217761
17.8859 4219201
17.9296 4220641
17.9296 4222081
17.9757 4223521
17.9757 4224961
17.9757 4226401
17.9757 4227841
18.0218 4229281
18.0218 4230721
18.0218 4232161
18.0242 4233601
18.0242 4235041
18.0679 4236481
18.0679 4237921
18.0703 4239361
18.0703 4240801
18.1128 4242241
18.1128 4243681
18.1152 4245121
18.1152 4246561
18.1152 4248001
18.1577 4249441
18.1577 4250881
18.1601 4252321
18.1601 4253761
18.1625 4255201
18.1625 4256641
18.2039 4258081
18.2039 4259521
18.2063 4260961
18.2075 4262401
18.2087 4250881
18.2524 4262401
18.2524 4263841
18.2536 4265281
18.2985 4266721
18.3434 4268161
18.3883 4262401
18.3883 4268161
18.3883 4269601
18.4332 4271041
18.4781 4272481
18.4781 4273921
18.5242 4275361
18.5242 4276801
18.5703 4278241
18.5703 4279681
18.5703 4281121
18.6163 4282561
18.6163 4284001
18.6612 4285441
18.6612 4286881
18.7061 4288321
18.7061 4289761
18.7061 4291201
18.751 4292641
18.751 4294081
18.7534 4295521
18.7534 4296961
18.7971 4298401
18.7971 4299841
18.7995 4301281
18.7995 4302721
18.8432 4304161
18.8432 4305601
18.8432 4307041
18.8456 4308481
18.8456 4309921
18.8896 4311361
18.8896 4312801
18.892 4314241
18.892 4315681
18.9345 4317121
18.9345 4318561
18.9369 4320001
18.9369 4321441
18.9369 4322881
18.9794 4324321
18.9794 4325761
18.9818 4327201
18.9818 4328641
18.9842 4330081
18.9842 4331521
19.0255 4332961
19.0255 4334401
19.0279 4335841
19.0279 4337281
19.0303 4338721
19.0303 4340161
19.0303 4341601
19.0716 4343041
19.0716 4344481
19.074 4345921
19.074 4347361
19.0764 4348801
19.0764 4350241
19.1165 4351681
19.1165 4353121
19.1189 4354561
19.1189 4356001
19.1212 4357441
19.1212 4358881
19.1614 4360321
19.1614 4361761
19.1637 4363201
19.1637 4364641
19.1637 4366081
19.1661 4367521
19.1661 4368961
19.2062 4370401
19.2062 4371841
19.2086 4373281
19.2086 4374721
19.211 4376161
19.211 4377601
19.2134 4379041
19.2134 4380481
19.2523 4381921
19.2523 4383361
19.2547 4384801
19.2547 4386241
19.2571 4387681
19.2571 4389121
19.2571 4390561
19.2597 4392001
19.2597 4393441
19.2984 4394881
19.2984 4396321
19.3008 4397761
19.3008 4399201
19.3032 4400641
19.3032 4402081
19.3056 4403521
19.3068 4404961
19.3433 4389121
19.3508 4404961
19.3508 4406401
19.352 4407841
19.3882 4409281
19.3969 4410721
19.3969 4412161
19.4418 4413601
19.4418 4415041
19.4418 4416481
19.4867 4417921
19.4867 4419361
19.4891 4420801
19.4891 4422241
19.5327 4423681
19.5327 4425121
19.5351 4426561
19.5351 4428001
19.5788 4429441
19.5788 4430881
19.5788 4432321
19.5814 4433761
19.5814 4435201
19.6249 4436641
19.6249 4438081
19.6273 4439521
19.6273 4440961
19.6698 4442401
19.6698 4443841
19.6722 4445281
19.6722 4446721
19.6722 4448161
19.7147 4449601
19.7147 4451041
19.7171 4452481
19.7171 4453921
19.7195 4455361
19.7195 4456801
19.7608 4458241
19.7608 4459681
19.7632 4461121
19.7632 4462561
19.7656 4464001
19.7656 4465441
19.8069 4466881
19.8069 4468321
19.8069 4469761
19.8093 4471201
19.8093 4472641
19.8116 4474081
19.8116 4475521
19.8529 4476961
19.8529 4478401
19.8553 4479841
19.8553 4481281
19.8577 4482721
19.8577 4484161
19.8978 4485601
19.8978 4487041
19.9002 4488481
19.9002 4489921
19.9002 4491361
19.9026 4492801
19.9026 4494241
19.9427 4495681
19.9427 4497121
19.9451 4498561
19.9451 4500001
19.9475 4501441
19.9475 4502881
19.9499 4504321
19.9499 4505761
19.9888 4507201
19.9888 4508641
19.9912 4510081
19.9912 4511521
19.9936 4512961
19.9936 4514401
19.9936 4515841
19.996 4517281
19.996 4518721
20.0349 4520161
20.0349 4521601
20.0373 4523041
20.0373 4524481
20.0397 4525921
20.0397 4527361
20.0421 4528801
20.0421 4530241
20.0798 4531681
20.0798 4533121
20.0823 4534561
20.0823 4536001
20.0846 4537441
20.0846 4538881
20.087 4540321
20.087 4541761
20.1247 4543201
20.1247 4544641
20.1247 4546081
20.1271 4547521
20.1271 4548961
20.1295 4550401
20.1295 4551841
20.1319 4553281
20.1319 4554721
20.1696 4556161
20.1696 4557601
20.172 4559041
20.172 4560481
20.1743 4561921
20.1743 4563361
20.1767 4564801
20.1767 4566241
20.1791 4567681
20.1791 4569121
20.2157 4570561
20.2157 4572001
20.218 4573441
20.218 4574881
20.218 4576321
20.2204 4577761
20.2204 4579201
20.2228 4580641
20.2228 4582081
20.2252 4583521
20.2252 4584961
20.2617 4586401
20.2617 4587841
20.2641 4589281
20.2641 4590721
20.2665 4592161
20.2665 4593601
20.2689 4595041
20.2689 4596481
20.2713 4597921
20.2713 4599361
20.3066 4600801
20.3066 4602241
20.309 4603681
20.309 4605121
20.3114 4606561
20.3114 4608001
20.3138 4609441
20.3138 4610881
20.3138 4612321
20.3162 4613761
20.3162 4615201
20.3516 4616641
20.3516 4618081
20.3552 4619521
20.3552 4620961
20.3564 4622401
20.3576 4602241
20.3977 4622401
20.3977 4623841
20.4001 4625281
20.4013 4626721
20.4025 4628161
20.4037 4629601
20.445 4631041
20.445 4632481
20.4474 4633921
20.4474 4635361
20.4899 4636801
20.4899 4638241
20.4923 4639681
20.4923 4641121
20.5348 4642561
20.5348 4644001
20.5372 4645441
20.5372 4646881
20.5372 4648321
20.5797 4649761
20.5797 4651201
20.582 4652641
20.582 4654081
20.5844 4655521
20.5844 4656961
20.6257 4658401
20.6257 4659841
20.6281 4661281
20.6281 4662721
20.6305 4664161
20.6305 4665601
20.6305 4667041
20.6718 4668481
20.6718 4669921
20.6742 4671361
20.6742 4672801
20.6766 4674241
20.6766 4675681
20.7167 4677121
20.7167 4678561
20.7194 4680001
20.7194 4681441
20.7218 4682881
20.7218 4684321
20.7616 4685761
20.7616 4687201
20.7643 4688641
20.7643 4690081
20.7643 4691521
20.7667 4692961
20.7667 4694401
20.8065 4695841
20.8065 4697281
20.8092 4698721
20.8092 4700161
20.8116 4701601
20.8116 4703041
20.8139 4704481
20.8139 4705921
20.8526 4707361
20.8526 4708801
20.8552 4710241
20.8552 4711681
20.8576 4713121
20.8576 4714561
20.8576 4716001
20.86 4717441
20.86 4718881
20.8987 4720321
20.8987 4721761
20.9013 4723201
20.9013 4724641
20.9037 4726081
20.9037 4727521
20.9061 4728961
20.9061 4730401
20.9436 4731841
20.9436 4733281
20.9462 4734721
20.9462 4736161
20.9486 4737601
20.9486 4739041
20.951 4740481
20.951 4741921
20.9884 4743361
20.9884 4744801
20.9884 4746241
20.9911 4747681
20.9911 4749121
20.9935 4750561
20.9935 4752001
20.9959 4753441
20.9959 4754881
21.0333 4756321
21.0333 4757761
21.0357 4759201
21.0357 4760641
21.0381 4762081
21.0381 4763521
21.0405 4764961
21.0405 4766401
21.0429 4767841
21.0429 4769281
21.0794 4770721
21.0794 4772161
21.0818 4773601
21.0818 4775041
21.0818 4776481
21.0842 4777921
21.0842 4779361
21.0866 4780801
21.0866 4782241
21.089 4783681
21.089 4785121
21.1255 4786561
21.1255 4788001
21.1279 4789441
21.1304 4790881
21.1316 4772161
21.1716 4775041
21.1716 4776481
21.1728 4790881
21.1728 4792321
21.1754 4793761
21.1765 4775041
21.1765 4793761
21.1765 4795201
21.2165 4796641
21.2203 4798081
21.2203 4799521
21.2614 4800961
21.2614 4802401
21.2663 4803841
21.2663 4805281
21.2663 4806721
21.3075 4808161
21.3075 4809601
21.3124 4811041
21.3124 4812481
21.3524 4813921
21.3524 4815361
21.3573 4816801
21.3585 4818241
21.3973 4808161
21.4034 4818241
21.4034 4819681
21.4422 4821121
21.4873 4822561
21.4873 4824001
21.5334 4825441
21.5334 4826881
21.5795 4828321
21.5795 4829761
21.5795 4831201
21.6256 4832641
21.6256 4834081
21.6705 4835521
21.6705 4836961
21.7154 4838401
21.7154 4839841
21.7154 4841281
21.7603 4842721
21.7603 4844161
21.7626 4845601
21.7626 4847041
21.8063 4848481
21.8063 4849921
21.8087 4851361
21.8087 4852801
21.8526 4854241
21.8526 4855681
21.8526 4857121
21.8551 4858561
21.8551 4860001
21.8987 4861441
21.8987 4862881
21.9011 4864321
21.9011 4865761
21.9436 4867201
21.9436 4868641
21.9459 4870081
21.9459 4871521
21.9459 4872961
21.9884 4874401
21.9884 4875841
21.9908 4877281
21.9908 4878721
21.9932 4880161
21.9932 4881601
22.0345 4883041
22.0345 4884481
22.0369 4885921
22.0369 4887361
22.0393 4888801
22.0393 4890241
22.0393 4891681
22.0806 4893121
22.0806 4894561
22.083 4896001
22.0842 4897441
22.0854 4884481
22.1293 4897441
22.1293 4898881
22.1305 4900321
22.1754 4901761
22.1754 4903201
22.2217 4904641
22.2217 4906081
22.2217 4907521
22.2678 4908961
22.2678 4910401
22.3127 4911841
22.3127 4913281
22.3576 4914721
22.3576 4916161
22.3576 4917601
22.4025 4919041
22.4025 4920481
22.4049 4921921
22.4049 4923361
22.4486 4924801
22.4486 4926241
22.451 4927681
22.451 4929121
22.4947 4930561
22.4947 4932001
22.4947 4933441
22.4971 4934881
22.4971 4936321
22.5408 4937761
22.542 4939201
22.5432 4929121
22.5869 4939201
22.5869 4940641
22.5881 4942081
22.633 4943521
22.633 4944961
22.6791 4946401
22.6791 4947841
22.7252 4949281
22.7252 4950721
22.7252 4952161
22.7714 4953601
22.7714 4955041
22.8163 4956481
22.8163 4957921
22.8611 4959361
22.8611 4960801
22.8611 4962241
22.9064 4963681
22.9064 4965121
22.9088 4966561
22.9088 4968001
22.9525 4969441
22.9525 4970881
22.9549 4972321
22.9549 4973761
22.9986 4975201
22.9986 4976641
22.9986 4978081
23.001 4979521
23.001 4980961
23.0447 4982401
23.0447 4983841
23.0471 4985281
23.0471 4986721
23.0896 4988161
23.0896 4989601
23.0921 4991041
23.0921 4992481
23.0921 4993921
23.1345 4995361
23.1345 4996801
23.1373 4998241
23.1373 4999681
23.1397 5001121
23.1397 5002561
23.1805 5004001
23.1805 5005441
23.1834 5006881
23.1834 5008321
23.1858 5009761
23.1858 5011201
23.1858 5012641
23.2266 5014081
23.2266 5015521
23.2295 5016961
23.2295 5018401
23.2319 5019841
23.2319 5021281
23.2715 5022721
23.2715 5024161
23.2744 5025601
23.2744 5027041
23.2768 5028481
23.2768 5029921
23.3164 5031361
23.3164 5032801
23.3194 5034241
23.3194 5035681
23.3194 5037121
23.3218 5038561
23.3218 5040001
23.3613 5041441
23.3613 5042881
23.3643 5044321
23.3643 5045761
23.3667 5047201
23.3667 5048641
23.369 5050081
23.369 5051521
23.4074 5052961
23.4074 5054401
23.4103 5055841
23.4103 5057281
23.4127 5058721
23.4127 5060161
23.4127 5061601
23.4151 5063041
23.4151 5064481
23.4535 5065921
23.4535 5067361
23.4564 5068801
23.4564 5070241
23.4588 5071681
23.4588 5073121
23.4612 5074561
23.4612 5076001
23.4984 5077441
23.4984 5078881
23.5013 5080321
23.5013 5081761
23.5041 5083201
23.5041 5084641
23.5065 5086081
23.5065 5087521
23.5434 5088961
23.5434 5090401
23.5434 5091841
23.5462 5093281
23.5462 5094721
23.549 5096161
23.549 5097601
23.5513 5099041
23.5513 5100481
23.5882 5101921
23.5882 5103361
23.5906 5104801
23.5906 5106241
23.593 5107681
23.593 5109121
23.5954 5110561
23.5954 5112001
23.5978 5113441
23.5978 5114881
23.6343 5116321
23.6343 5117761
23.6367 5119201
23.6367 5120641
23.6367 5122081
23.6391 5123521
23.6391 5124961
23.6415 5126401
23.6415 5127841
23.6439 5129281
23.6439 5130721
23.6804 5132161
23.6804 5133601
23.6828 5135041
23.6828 5136481
23.6852 5137921
23.6852 5139361
23.6876 5140801
23.6876 5142241
23.69 5143681
23.69 5145121
23.7253 5146561
23.7253 5148001
23.7277 5149441
23.7277 5150881
23.7301 5152321
23.7301 5153761
23.7326 5155201
23.7326 5156641
23.7326 5158081
23.735 5159521
23.735 5160961
23.7702 5162401
23.7702 5163841
23.7726 5165281
23.7726 5166721
23.7752 5168161
23.7752 5169601
23.7776 5171041
23.7776 5172481
23.78 5173921
23.78 5175361
23.7824 5176801
23.7824 5178241
23.8163 5179681
23.8163 5181121
23.8187 5182561
23.8187 5184001
23.8213 5185441
23.8213 5186881
23.8237 5188321
23.8237 5189761
23.826 5191201
23.826 5192641
23.826 5194081
23.8284 5195521
23.8284 5196961
23.8624 5198401
23.8624 5199841
23.8648 5201281
23.8648 5202721
23.8673 5204161
23.8673 5205601
23.8697 5207041
23.8697 5208481
23.8721 5209921
23.8721 5211361
23.8745 5212801
23.8745 5214241
23.9073 5215681
23.9073 5217121
23.9096 5218561
23.9096 5220001
23.9122 5221441
23.9122 5222881
23.9146 5224321
23.9146 5225761
23.9194 5227201
23.9194 5228641
23.9194 5230081
23.9194 5231521
23.9521 5232961
23.9521 5234401
23.9545 5235841
23.9545 5237281
23.9545 5238721
23.9571 5240161
23.9571 5241601
23.9595 5243041
23.9595 5244481
23.9643 5245921
23.9643 5247361
23.9667 5248801
23.9667 5250241
23.997 5251681
23.997 5253121
23.9994 5254561
23.9994 5256001
24.0018 5257441
24.0018 5258881
24.0042 5260321
24.0042 5261761
24.0066 5263201
24.0066 5264641
24.0105 5266081
24.0105 5267521
24.0129 5268961
24.0129 5270401
24.0434 5271841
24.0434 5273281
24.0458 5274721
24.0458 5276161
24.0482 5277601
24.0482 5279041
24.0482 5280481
24.0506 5281921
24.0506 5283361
24.0529 5284801
24.0529 5286241
24.0566 5287681
24.0566 5289121
24.059 5290561
24.059 5292001
24.0895 5293441
24.0895 5294881
24.0919 5296321
24.0919 5297761
24.0942 5299201
24.0942 5300641
24.0966 5302081
24.0966 5303521
24.099 5304961
24.099 5306401
24.1015 5307841
24.1015 5309281
24.1039 5310721
24.1039 5312161
24.1344 5313601
24.1344 5315041
24.1367 5316481
24.1367 5317921
24.1391 5319361
24.1391 5320801
24.1415 5322241
24.1415 5323681
24.144 5325121
24.144 5326561
24.144 5328001
24.1464 5329441
24.1464 5330881
24.1487 5332321
24.1487 5333761
24.1792 5335201
24.1792 5336641
24.1816 5338081
24.1816 5339521
24.184 5340961
24.184 5342401
24.1864 5343841
24.1864 5345281
24.1889 5346721
24.1889 5348161
24.1912 5349601
24.1912 5351041
24.1936 5352481
24.1936 5353921
24.196 5355361
24.196 5356801
24.2253 5358241
24.2253 5359681
24.2277 5361121
24.2277 5362561
24.2301 5364001
24.2301 5365441
24.2325 5366881
24.2325 5368321
24.2349 5369761
24.2349 5371201
24.2373 5372641
24.2373 5374081
24.2373 5375521
24.2397 5376961
24.2397 5378401
24.2421 5379841
24.2421 5381281
24.2714 5382721
24.2714 5384161
24.2738 5385601
24.2738 5387041
24.2762 5388481
24.2762 5389921
24.2787 5391361
24.2787 5392801
24.2811 5394241
24.2811 5395681
24.2835 5397121
24.2835 5398561
24.2859 5400001
24.2859 5401441
24.2883 5402881
24.2883 5404321
24.3164 5405761
24.3164 5407201
24.3188 5408641
24.3188 5410081
24.3212 5411521
24.3212 5412961
24.3236 5414401
24.3236 5415841
24.326 5417281
24.326 5418721
24.3284 5420161
24.3284 5421601
24.3308 5423041
24.3308 5424481
24.3332 5425921
24.3332 5427361
24.3332 5428801
24.3613 5430241
24.3613 5431681
24.3637 5433121
24.3637 5434561
24.3661 5436001
24.3661 5437441
24.3685 5438881
24.3685 5440321
24.3709 5441761
24.3709 5443201
24.3733 5444641
24.3733 5446081
24.3757 5447521
24.3757 5448961
24.3781 5450401
24.3781 5451841
24.3804 5453281
24.3804 5454721
24.4074 5456161
24.4074 5457601
24.4097 5459041
24.4097 5460481
24.4122 5461921
24.4122 5463361
24.4146 5464801
24.4146 5466241
24.417 5467681
24.417 5469121
24.4194 5470561
24.4194 5472001
24.4217 5473441
24.4217 5474881
24.4241 5476321
24.4241 5477761
24.4265 5479201
24.4265 5480641
24.4534 5482081
24.4534 5483521
24.4534 5484961
24.4558 5486401
24.4558 5487841
24.4583 5489281
24.4583 5490721
24.4607 5492161
24.4607 5493601
24.463 5495041
24.463 5496481
24.4654 5497921
24.4654 5499361
24.4678 5500801
24.4678 5502241
24.4702 5503681
24.4702 5505121
24.4726 5506561
24.4726 5508001
24.4995 5509441
24.4995 5510881
24.5019 5512321
24.5019 5513761
24.5043 5515201
24.5043 5516641
24.5067 5518081
24.5067 5519521
24.5091 5520961
24.5091 5522401
24.5115 5523841
24.5115 5525281
24.514 5526721
24.514 5528161
24.5164 5529601
24.5164 5531041
24.5188 5532481
24.5188 5533921
24.5444 5535361
24.5444 5536801
24.5468 5538241
24.5468 5539681
24.5468 5541121
24.5492 5542561
24.5492 5544001
24.5516 5545441
24.5516 5546881
24.554 5548321
24.554 5549761
24.5565 5551201
24.5565 5552641
24.5589 5554081
24.5589 5555521
24.5613 5556961
24.5613 5558401
24.5637 5559841
24.5637 5561281
24.5894 5562721
24.5894 5564161
24.5918 5565601
24.5918 5567041
24.5942 5568481
24.5942 5569921
24.5966 5571361
24.5966 5572801
24.599 5574241
24.599 5575681
24.6014 5577121
24.6014 5578561
24.6038 5580001
24.6038 5581441
24.6062 5582881
24.6062 5584321
24.6086 5585761
24.6086 5587201
24.611 5588641
24.611 5590081
24.6355 5591521
24.6355 5592961
24.6403 5594401
24.6403 5595841
24.6403 5597281
24.6403 5598721
24.6427 5600161
24.6427 5601601
24.6451 5603041
24.6451 5604481
24.6451 5605921
24.6475 5607361
24.6475 5608801
24.6499 5610241
24.6499 5611681
24.6523 5613121
24.6523 5614561
24.6547 5616001
24.6547 5617441
24.6571 5618881
24.6571 5620321
24.6816 5621761
24.6816 5623201
24.6864 5624641
24.6864 5626081
24.6888 5627521
24.6888 5628961
24.6912 5630401
24.6912 5631841
24.6936 5633281
24.6936 5634721
24.696 5636161
24.696 5637601
24.6984 5639041
24.6984 5640481
24.7008 5641921
24.7008 5643361
24.7031 5644801
24.7031 5646241
24.7055 5647681
24.7055 5649121
24.7265 5650561
24.7265 5652001
24.7313 5653441
24.7313 5654881
24.7337 5656321
24.7337 5657761
24.7361 5659201
24.7361 5660641
24.7385 5662081
24.7385 5663521
24.7409 5664961
24.7409 5666401
24.7433 5667841
24.7433 5669281
24.7433 5670721
24.7456 5672161
24.7456 5673601
24.748 5675041
24.748 5676481
24.7504 5677921
24.7504 5679361
24.7713 5680801
24.7713 5682241
24.7762 5683681
24.7762 5685121
24.7786 5686561
24.7786 5688001
24.781 5689441
24.781 5690881
24.7834 5692321
24.7834 5693761
24.7857 5695201
24.7857 5696641
24.7881 5698081
24.7881 5699521
24.7905 5700961
24.7905 5702401
24.793 5703841
24.793 5705281
24.7954 5706721
24.7954 5708161
24.7978 5709601
24.7978 5711041
24.8174 5712481
24.8174 5713921
24.8223 5715361
24.8223 5716801
24.8251 5718241
24.8251 5719681
24.8275 5721121
24.8275 5722561
24.8299 5724001
24.8299 5725441
24.8323 5726881
24.8323 5728321
24.8347 5729761
24.8347 5731201
24.8371 5732641
24.8371 5734081
24.8371 5735521
24.8395 5736961
24.8395 5738401
24.8419 5739841
24.8419 5741281
24.8443 5742721
24.8443 5744161
24.8635 5745601
24.8635 5747041
24.8685 5748481
24.8685 5749921
24.8712 5751361
24.8712 5752801
24.8736 5754241
24.8736 5755681
24.876 5757121
24.876 5758561
24.8784 5760001
24.8784 5761441
24.8808 5762881
24.8808 5764321
24.8832 5765761
24.8832 5767201
24.8856 5768641
24.8856 5770081
24.888 5771521
24.888 5772961
24.8905 5774401
24.8905 5775841
24.9084 5777281
24.9084 5778721
24.9134 5780161
24.9134 5781601
24.9161 5783041
24.9161 5784481
24.9185 5785921
24.9185 5787361
24.9209 5788801
24.9209 5790241
24.9235 5791681
24.9235 5793121
24.9258 5794561
24.9258 5796001
24.9282 5797441
24.9282 5798881
24.9306 5800321
24.9306 5801761
24.933 5803201
24.933 5804641
24.933 5806081
24.9354 5807521
24.9354 5808961
24.9533 5810401
24.9533 5811841
24.9582 5813281
24.9582 5814721
24.961 5816161
24.961 5817601
24.9634 5819041
24.9634 5820481
24.9658 5821921
24.9658 5823361
24.9683 5824801
24.9683 5826241
24.9707 5827681
24.9707 5829121
24.9731 5830561
24.9731 5832001
24.9755 5833441
24.9755 5834881
24.9779 5836321
24.9779 5837761
24.9803 5839201
24.9803 5840641
24.9827 5842081
24.9827 5843521
24.9994 5844961
24.9994 5846401
25.0043 5847841
25.0043 5849281
25.0071 5850721
25.0071 5852161
25.0095 5853601
25.0095 5855041
25.0119 5856481
25.0119 5857921
25.0144 5859361
25.0144 5860801
25.0168 5862241
25.0168 5863681
25.0192 5865121
25.0192 5866561
25.0216 5868001
25.0216 5869441
25.024 5870881
25.024 5872321
25.0264 5873761
25.0264 5875201
25.0288 5876641
25.0288 5878081
25.0288 5879521
25.0455 5880961
25.0455 5882401
25.0504 5883841
25.0504 5885281
25.0532 5886721
25.0532 5888161
25.0556 5889601
25.0556 5891041
25.058 5892481
25.058 5893921
25.0605 5895361
25.0605 5896801
25.0629 5898241
25.0629 5899681
25.0653 5901121
25.0653 5902561
25.0677 5904001
25.0677 5905441
25.0701 5906881
25.0701 5908321
25.0725 5909761
25.0725 5911201
25.0749 5912641
25.0749 5914081
25.0906 5915521
25.0906 5916961
25.0953 5918401
25.0953 5919841
25.0981 5921281
25.0981 5922721
25.1005 5924161
25.1005 5925601
25.1028 5927041
25.1028 5928481
25.1054 5929921
25.1054 5931361
25.1078 5932801
25.1078 5934241
25.1102 5935681
25.1102 5937121
25.1126 5938561
25.1138 5940001
25.115 5901121
25.1477 5940001
25.1477 5941441
25.1489 5942881
25.1503 5944321
25.1515 5945761
25.1527 5947201
25.1539 5948641
25.1551 5950081
25.1563 5951521
25.1576 5952961
25.1588 5954401
25.1599 5955841
25.194 5957281
25.194 5958721
25.1964 5960161
25.1964 5961601
25.1989 5963041
25.1989 5964481
25.2013 5965921
25.2013 5967361
25.2037 5968801
25.2037 5970241
25.2389 5971681
25.2389 5973121
25.2389 5974561
25.2413 5976001
25.2413 5977441
25.2438 5978881
25.2438 5980321
25.2462 5981761
25.2462 5983201
25.2485 5984641
25.2485 5986081
25.2862 5987521
25.2862 5988961
25.2862 5990401
25.2862 5991841
25.2886 5993281
25.2886 5994721
25.291 5996161
25.291 5997601
25.2934 5999041
25.2934 6000481
25.2957 6001921
25.2957 6003361
25.3323 6004801
25.3323 6006241
25.3359 6007681
25.3359 6009121
25.3371 6010561
25.3383 5990401
25.3784 6010561
25.3784 6012001
25.3808 6013441
25.382 6014881
25.3832 6016321
25.3843 6017761
25.4257 6019201
25.4257 6020641
25.4281 6022081
25.4281 6023521
25.4706 6024961
25.4706 6026401
25.473 6027841
25.473 6029281
25.5155 6030721
25.5155 6032161
25.5179 6033601
25.5179 6035041
25.5179 6036481
25.5604 6037921
25.5604 6039361
25.5628 6040801
25.5628 6042241
25.5652 6043681
25.5652 6045121
25.6065 6046561
25.6065 6048001
25.6089 6049441
25.6089 6050881
25.6112 6052321
25.6112 6053761
25.6112 6055201
25.6526 6056641
25.6526 6058081
25.655 6059521
25.655 6060961
25.6573 6062401
25.6573 6063841
25.6975 6065281
25.6975 6066721
25.7022 6068161
25.7022 6069601
25.7022 6071041
25.7022 6072481
25.7423 6073921
25.7423 6075361
25.7471 6076801
25.7471 6078241
25.7495 6079681
25.7495 6081121
25.7495 6082561
25.7872 6084001
25.7872 6085441
25.792 6086881
25.792 6088321
25.7944 6089761
25.7944 6091201
25.7968 6092641
25.7968 6094081
25.8333 6095521
25.8333 6096961
25.8382 6098401
25.8382 6099841
25.8406 6101281
25.8406 6102721
25.843 6104161
25.843 6105601
25.843 6107041
25.8794 6108481
25.8794 6109921
25.8847 6111361
25.8847 6112801
25.887 6114241
25.887 6115681
25.8894 6117121
25.8894 6118561
25.9243 6120001
25.9243 6121441
25.9295 6122881
25.9295 6124321
25.9319 6125761
25.9319 6127201
25.9343 6128641
25.9343 6130081
25.9692 6131521
25.9692 6132961
25.9744 6134401
25.9744 6135841
25.9744 6137281
25.9768 6138721
25.9768 6140161
25.9792 6141601
25.9792 6143041
26.0141 6144481
26.0141 6145921
26.0193 6147361
26.0193 6148801
26.0217 6150241
26.0217 6151681
26.0241 6153121
26.0241 6154561
26.0265 6156001
26.0265 6157441
26.0602 6158881
26.0602 6160321
26.0659 6161761
26.0659 6163201
26.0683 6164641
26.0683 6166081
26.0683 6167521
26.0707 6168961
26.0707 6170401
26.0731 6171841
26.0731 6173281
26.1062 6174721
26.1062 6176161
26.112 6177601
26.112 6179041
26.1144 6180481
26.1144 6181921
26.1168 6183361
26.1168 6184801
26.1192 6186241
26.1192 6187681
26.1511 6189121
26.1511 6190561
26.1569 6192001
26.1569 6193441
26.1593 6194881
26.1593 6196321
26.1617 6197761
26.1617 6199201
26.1641 6200641
26.1641 6202081
26.1641 6203521
26.196 6204961
26.196 6206401
26.2018 6207841
26.2018 6209281
26.2042 6210721
26.2042 6212161
26.2066 6213601
26.2066 6215041
26.209 6216481
26.209 6217921
26.2113 6219361
26.2113 6220801
26.2421 6222241
26.2421 6223681
26.248 6225121
26.248 6226561
26.2504 6228001
26.2504 6229441
26.2527 6230881
26.2527 6232321
26.2551 6233761
26.2551 6235201
26.2575 6236641
26.2575 6238081
26.2575 6239521
26.2884 6240961
26.2884 6242401
26.2944 6243841
26.2944 6245281
26.2968 6246721
26.2968 6248161
26.2995 6249601
26.2995 6251041
26.3019 6252481
26.3019 6253921
26.3043 6255361
26.3043 6256801
26.3337 6258241
26.3337 6259681
26.3393 6261121
26.3393 6262561
26.3417 6264001
26.3417 6265441
26.3444 6266881
26.3444 6268321
26.3468 6269761
26.3468 6271201
26.3491 6272641
26.3491 6274081
26.3786 6275521
26.3786 6276961
26.3842 6278401
26.3842 6279841
26.3842 6281281
26.3866 6282721
26.3866 6284161
26.3892 6285601
26.3892 6287041
26.3916 6288481
26.3916 6289921
26.394 6291361
26.394 6292801
26.4235 6294241
26.4235 6295681
26.4291 6297121
26.4291 6298561
26.4339 6300001
26.4339 6301441
26.4339 6302881
26.4339 6304321
26.4364 6305761
26.4364 6307201
26.4388 6308641
26.4388 6310081
26.4412 6311521
26.4412 6312961
26.47 6314401
26.47 6315841
26.4752 6317281
26.4752 6318721
26.4799 6320161
26.4799 6321601
26.4859 6323041
26.4859 6324481
26.4859 6325921
26.4859 6327361
26.4859 6328801
26.4871 6330241
26.4883 6305761
26.532 6330241
26.532 6331681
26.5332 6333121
26.5344 6334561
26.5356 6336001
26.537 6337441
26.5381 6338881
26.5781 6340321
26.5781 6341761
26.5805 6343201
26.5805 6344641
26.583 6346081
26.583 6347521
26.6242 6348961
26.6242 6350401
26.6242 6351841
26.6266 6353281
26.6266 6354721
26.6291 6356161
26.6291 6357601
26.6704 6359041
26.6704 6360481
26.6728 6361921
26.6728 6363361
26.6752 6364801
26.6752 6366241
26.7153 6367681
26.7153 6369121
26.7201 6370561
26.7201 6372001
26.7201 6373441
26.7201 6374881
26.7201 6376321
26.7602 6377761
26.7602 6379201
26.765 6380641
26.765 6382081
26.7673 6383521
26.7673 6384961
26.7697 6386401
26.7697 6387841
26.8064 6389281
26.8064 6390721
26.8111 6392161
26.8111 6393601
26.8135 6395041
26.8135 6396481
26.8159 6397921
26.8159 6399361
26.8524 6400801
26.8524 6402241
26.8524 6403681
26.8572 6405121
26.8572 6406561
26.8596 6408001
26.8596 6409441
26.8624 6410881
26.8624 6412321
26.8985 6413761
26.8985 6415201
26.9021 6416641
26.9021 6418081
26.9045 6419521
26.9045 6420961
26.9074 6422401
26.9074 6423841
26.9434 6425281
26.9446 6426721
26.947 6410881
26.9883 6426721
26.9883 6428161
26.9895 6429601
26.9919 6431041
27.0344 6432481
27.0344 6433921
27.0793 6435361
27.0793 6436801
27.0793 6438241
27.1242 6439681
27.1242 6441121
27.1266 6442561
27.1266 6444001
27.1703 6445441
27.1703 6446881
27.1727 6448321
27.1727 6449761
27.2164 6451201
27.2164 6452641
27.2164 6454081
27.2188 6455521
27.2188 6456961
27.2625 6458401
27.2625 6459841
27.2649 6461281
27.2649 6462721
27.3074 6464161
27.3074 6465601
27.3098 6467041
27.3098 6468481
27.3098 6469921
27.3524 6471361
27.3524 6472801
27.3548 6474241
27.3548 6475681
27.3572 6477121
27.3572 6478561
27.3985 6480001
27.3985 6481441
27.4009 6482881
27.4009 6484321
27.4033 6485761
27.4033 6487201
27.4447 6488641
27.4447 6490081
27.4447 6491521
27.4471 6492961
27.4471 6494401
27.4495 6495841
27.4495 6497281
27.4908 6498721
27.4908 6500161
27.4932 6501601
27.4932 6503041
27.4956 6504481
27.4956 6505921
27.5357 6507361
27.5357 6508801
27.5381 6510241
27.5381 6511681
27.5381 6513121
27.5405 6514561
27.5405 6516001
27.581 6517441
27.581 6518881
27.5833 6520321
27.5833 6521761
27.5854 6523201
27.5866 6524641
27.5878 6510241
27.6306 6524641
27.6306 6526081
27.6318 6527521
27.633 6528961
27.6767 6530401
27.6767 6531841
27.7216 6533281
27.7216 6534721
27.7665 6536161
27.7665 6537601
27.8114 6539041
27.8114 6540481
27.8114 6541921
27.8565 6543361
27.8565 6544801
27.8588 6546241
27.8588 6547681
27.9025 6549121
27.9025 6550561
27.9049 6552001
27.9049 6553441
27.9049 6554881
27.9486 6556321
27.9486 6557761
27.951 6559201
27.951 6560641
27.9935 6562081
27.9935 6563521
27.9959 6564961
27.9959 6566401
28.0387 6567841
28.0387 6569281
28.0411 6570721
28.0411 6572161
28.0411 6573601
28.0836 6575041
28.0836 6576481
28.086 6577921
28.086 6579361
28.0884 6580801
28.0884 6582241
28.1297 6583681
28.1297 6585121
28.1321 6586561
28.1321 6588001
28.1345 6589441
28.1345 6590881
28.1345 6592321
28.1758 6593761
28.1758 6595201
28.1782 6596641
28.1782 6598081
28.1806 6599521
28.1806 6600961
28.2207 6602401
28.2207 6603841
28.2231 6605281
28.2231 6606721
28.2257 6608161
28.2257 6609601
28.2656 6611041
28.2656 6612481
28.268 6613921
28.268 6615361
28.268 6616801
28.2706 6618241
28.2706 6619681
28.3105 6621121
28.3105 6622561
28.3129 6624001
28.3129 6625441
28.3152 6626881
28.3152 6628321
28.3176 6629761
28.3176 6631201
28.3566 6632641
28.3566 6634081
28.3589 6635521
28.3589 6636961
28.3616 6638401
28.3616 6639841
28.3616 6641281
28.364 6642721
28.364 6644161
28.4026 6645601
28.4026 6647041
28.405 6648481
28.405 6649921
28.4077 6651361
28.4077 6652801
28.4101 6654241
28.4101 6655681
28.4475 6657121
28.4475 6658561
28.4499 6660001
28.4499 6661441
28.4562 6662881
28.4562 6664321
28.4562 6665761
28.4562 6667201
28.4928 6668641
28.494 6652801
28.5047 6668641
28.5047 6670081
28.5377 6671521
28.5389 6672961
28.5826 6674401
28.5826 6675841
28.6275 6677281
28.6275 6678721
28.6275 6680161
28.6724 6681601
28.6736 6683041
28.6747 6674401
28.7185 6683041
28.7185 6684481
28.7196 6685921
28.7645 6687361
28.7645 6688801
28.8106 6690241
28.8106 6691681
28.8567 6693121
28.8567 6694561
28.8567 6696001
28.9028 6697441
28.9028 6698881
28.9477 6700321
28.9477 6701761
28.9926 6703201
28.9926 6704641
28.9926 6706081
29.0377 6707521
29.0377 6708961
29.0401 6710401
29.0401 6711841
29.0838 6713281
29.0838 6714721
29.0862 6716161
29.0862 6717601
29.1299 6719041
29.1299 6720481
29.1299 6721921
29.1323 6723361
29.1323 6724801
29.176 6726241
29.176 6727681
29.1784 6729121
29.1784 6730561
29.2209 6732001
29.2209 6733441
29.2233 6734881
29.2233 6736321
29.2233 6737761
29.2659 6739201
29.2659 6740641
29.2686 6742081
29.2686 6743521
29.271 6744961
29.271 6746401
29.3119 6747841
29.3119 6749281
29.3147 6750721
29.3147 6752161
29.3171 6753601
29.3171 6755041
29.3171 6756481
29.358 6757921
29.358 6759361
29.3608 6760801
29.3608 6762241
29.3632 6763681
29.3632 6765121
29.4029 6766561
29.4029 6768001
29.4058 6769441
29.4058 6770881
29.4082 6772321
29.4082 6773761
29.4478 6775201
29.4478 6776641
29.4507 6778081
29.4507 6779521
29.4507 6780961
29.4531 6782401
29.4531 6783841
29.4927 6785281
29.4927 6786721
29.4956 6788161
29.4956 6789601
29.4979 6791041
29.4979 6792481
29.5003 6793921
29.5003 6795361
29.5389 6796801
29.5389 6798241
29.5416 6799681
29.5416 6801121
29.544 6802561
29.544 6804001
29.544 6805441
29.5464 6806881
29.5464 6808321
29.5849 6809761
29.5849 6811201
29.5877 6812641
29.5877 6814081
29.5901 6815521
29.5901 6816961
29.5925 6818401
29.5925 6819841
29.6298 6821281
29.6298 6822721
29.6326 6824161
29.6326 6825601
29.635 6827041
29.635 6828481
29.6374 6829921
29.6374 6831361
29.6747 6832801
29.6747 6834241
29.6747 6835681
29.6776 6837121
29.6776 6838561
29.68 6840001
29.68 6841441
29.6824 6842881
29.6824 6844321
29.7196 6845761
29.7196 6847201
29.7244 6848641
29.7244 6850081
29.7244 6851521
29.7244 6852961
29.7268 6854401
29.728 6855841
29.7292 6838561
29.7729 6855841
29.7729 6857281
29.7741 6858721
29.7753 6860161
29.7764 6861601
29.819 6863041
29.819 6864481
29.8214 6865921
29.8214 6867361
29.865 6868801
29.865 6870241
29.8674 6871681
29.8674 6873121
29.9111 6874561
29.9111 6876001
29.9111 6877441
29.9135 6878881
29.9135 6880321
29.9574 6881761
29.9574 6883201
29.9598 6884641
29.9598 6886081
30.0023 6887521
30.0023 6888961
30.0047 6890401
30.0047 6891841
30.0047 6893281
30.0472 6894721
30.0472 6896161
30.0496 6897601
30.0496 6899041
30.052 6900481
30.052 6901921
30.0933 6903361
30.0933 6904801
30.0957 6906241
30.0957 6907681
30.0981 6909121
30.0981 6910561
