0.129023 5761
0.130218 7201
0.131413 8641
0.167108 10081
0.168303 11521
0.169498 12961
0.203997 14401
0.205193 15841
0.206388 17281
0.207583 18721
0.208778 20161
0.283767 21601
0.283767 23041
0.283767 24481
0.283767 25921
0.318296 27361
0.318296 28801
0.318296 30241
0.318296 31681
0.318296 33121
0.318296 34561
0.318296 36001
0.319492 37441
0.321882 38881
0.355346 40321
0.357576 41761
0.392236 43201
0.393431 44641
0.394626 46081
0.429125 47521
0.43032 48961
0.431516 50401
0.432711 51841
0.46721 53281
0.468405 54721
0.543395 56161
0.543395 57601
0.543395 59041
0.543395 60481
0.543395 61921
0.543395 63361
0.543395 64801
0.579104 66241
0.580299 67681
0.617189 69121
0.618384 70561
0.655444 72001
0.656812 73441
0.694084 74881
0.695279 76321
0.696474 77761
0.732168 79201
0.733364 80641
0.769058 82081
0.770253 83521
0.805948 84961
0.807143 86401
0.808338 87841
0.842837 89281
0.844032 90721
0.845228 92161
0.846423 93601
0.880922 95041
0.882117 96481
0.883312 97921
0.884508 99361
0.919055 100801
0.92025 102241
0.921445 103681
0.92264 105121
0.923835 106561
0.957699 108001
0.958895 109441
0.96009 110881
0.961285 112321
0.994589 113761
0.995784 115201
0.996979 116641
0.998175 118081
0.99937 119521
1.03186 120961
1.03306 122401
1.03425 123841
1.03545 125281
1.03664 126721
1.03784 128161
1.06995 129601
1.07114 131041
1.07234 132481
1.07353 133921
1.07473 135361
1.07592 136801
1.07712 138241
1.10803 139681
1.10923 141121
1.11042 142561
1.11162 144001
1.11281 145441
1.11401 146881
1.14495 148321
1.14614 149761
1.14734 151201
1.14853 152641
1.14973 154081
1.15092 155521
1.182 156961
1.18319 158401
1.18439 159841
1.18558 161281
1.18678 162721
1.18797 164161
1.18917 165601
1.21905 167041
1.22024 168481
1.22144 169921
1.22264 171361
1.29435 172801
1.29435 174241
1.29435 175681
1.29435 177121
1.29435 178561
1.29435 180001
1.29435 181441
1.29435 182881
1.29435 184321
1.29435 185761
1.30057 187201
1.3314 188641
1.36885 190081
1.37004 191521
1.40693 192961
1.40813 194401
1.40932 195841
1.44502 197281
1.44621 198721
1.48199 200161
1.48319 201601
1.51888 203041
1.52008 204481
1.52127 205921
1.55577 207361
1.55697 208801
1.55816 210241
1.55936 211681
1.59386 213121
1.59505 214561
1.59625 216001
1.59744 217441
1.63194 218881
1.63314 220321
1.63433 221761
1.63553 223201
1.63672 224641
1.67026 226081
1.67145 227521
1.67265 228961
1.67384 230401
1.70715 231841
1.70834 233281
1.70954 234721
1.71073 236161
1.71193 237601
1.74442 239041
1.74561 240481
1.74681 241921
1.748 243361
1.7492 244801
1.75039 246241
1.7825 247681
1.7837 249121
1.78489 250561
1.78609 252001
1.78728 253441
1.78848 254881
1.78967 256321
1.82059 257761
1.82178 259201
1.82298 260641
1.82417 262081
1.82537 263521
1.82656 264961
1.85748 266401
1.85867 267841
1.85987 269281
1.93127 270721
1.93127 272161
1.93127 273601
1.93127 275041
1.93127 276481
1.93127 277921
1.93127 279361
1.93127 280801
1.93127 282241
1.93127 283681
1.93725 285121
1.93844 286561
1.96816 288001
1.97533 289441
1.97653 290881
2.0126 292321
2.0138 293761
2.04949 295201
2.05069 296641
2.08677 298081
2.08796 299521
2.08916 300961
2.12366 302401
2.12485 303841
2.12605 305281
2.12724 306721
2.16174 308161
2.16294 309601
2.16413 311041
2.16533 312481
2.16652 313921
2.19983 315361
2.20102 316801
2.20222 318241
2.20341 319681
2.23672 321121
2.23791 322561
2.23911 324001
2.2403 325441
2.2736 326881
2.2748 328321
2.27599 329761
2.27719 331201
2.27839 332641
2.31049 334081
2.31169 335521
2.31288 336961
2.31408 338401
2.31527 339841
2.31647 341281
2.34858 342721
2.34977 344161
2.35111 345601
2.39399 347041
2.39399 348481
2.39399 349921
2.39399 351361
2.39399 352801
2.39399 354241
2.39399 355681
2.39399 357121
2.39399 358561
2.4297 360001
2.43115 361441
2.46804 362881
2.46924 364321
2.50613 365761
2.50732 367201
2.50852 368641
2.54421 370081
2.54541 371521
2.5811 372961
2.5823 374401
2.61821 375841
2.6194 377281
2.6206 378721
2.65548 380161
2.65668 381601
2.65787 383041
2.65907 384481
2.69357 385921
2.69476 387361
2.69596 388801
2.69715 390241
2.73165 391681
2.73285 393121
2.73404 394561
2.73524 396001
2.73643 397441
2.76974 398881
2.77093 400321
2.77213 401761
2.77332 403201
2.80662 404641
2.80782 406081
2.80902 407521
2.81021 408961
2.81141 410401
2.84351 411841
2.84471 413281
2.8459 414721
2.8471 416161
2.8483 417601
2.84949 419041
2.8816 420481
2.88279 421921
2.88399 423361
2.88558 424801
2.88678 426241
2.88797 427681
2.88917 429121
2.91968 430561
2.92088 432001
2.92286 433441
2.92405 434881
2.92525 436321
2.92644 437761
2.95696 439201
2.95815 440641
2.95974 442081
2.96094 443521
2.96214 444961
2.96333 446401
2.99385 447841
2.99504 449281
2.99941 450721
3.0006 452161
3.0018 453601
3.00299 455041
3.00419 456481
3.03112 457921
3.07682 459361
3.07682 460801
3.07682 462241
3.07682 463681
3.07682 465121
3.07682 466561
3.07682 468001
3.07682 469441
3.07682 470881
3.07682 472321
3.11133 473761
3.11253 475201
3.11372 476641
3.14942 478081
3.15061 479521
3.18631 480961
3.1875 482401
3.42439 483841
3.42559 485281
3.42678 486721
3.46248 488161
3.46367 489601
3.46487 491041
3.49937 492481
3.50056 493921
3.50176 495361
3.50295 496801
3.53784 498241
3.53903 499681
3.54023 501121
3.54142 502561
3.54262 504001
3.57592 505441
3.57712 506881
3.57831 508321
3.57951 509761
3.61281 511201
3.61401 512641
3.6152 514081
3.69021 515521
3.69021 516961
3.72601 518401
3.72601 519841
3.72601 521281
3.72601 522721
3.72601 524161
3.72601 525601
3.7284 527041
3.7629 528481
3.79979 529921
3.80098 531361
3.83787 532801
3.83907 534241
3.87595 535681
3.87715 537121
3.87835 538561
3.91404 540001
3.91523 541441
3.95093 542881
3.95212 544321
3.98782 545761
3.98901 547201
3.99056 548641
4.02471 550081
4.0259 551521
4.02745 552961
4.02865 554401
4.06279 555841
4.06399 557281
4.06554 558721
4.06673 560161
4.10088 561601
4.10207 563041
4.10327 564481
4.10446 565921
4.10566 567361
4.13935 568801
4.14059 570241
4.14178 571681
4.14298 573121
4.17623 574561
4.17743 576001
4.17867 577441
4.17987 578881
4.18144 580321
4.21312 581761
4.21432 583201
4.21556 584641
4.21712 586081
4.21872 587521
4.21991 588961
4.25121 590401
4.2524 591841
4.25401 593281
4.25521 594721
4.25718 596161
4.25838 597601
4.25957 599041
4.28929 600481
4.29049 601921
4.2921 603361
4.29329 604801
4.29527 606241
4.29646 607681
4.32618 609121
4.32738 610561
4.32899 612001
4.33018 613441
4.33216 614881
4.33335 616321
4.36307 617761
4.36427 619201
4.40758 620641
4.40758 622081
4.40758 623521
4.40758 624961
4.40758 626401
4.40758 627841
4.40758 629281
4.40758 630721
4.40758 632161
4.40758 633601
4.44209 635041
4.44329 636481
4.44487 637921
4.48018 639361
4.48137 640801
4.51707 642241
4.51826 643681
4.55429 645121
4.55553 646561
4.59118 648001
4.59241 649441
4.5936 650881
4.62807 652321
4.62927 653761
4.63049 655201
4.63169 656641
4.66615 658081
4.66735 659521
4.66858 660961
4.66977 662401
4.67097 663841
4.70424 665281
4.70543 666721
4.70666 668161
4.70786 669601
4.74113 671041
4.81492 672481
4.81492 673921
4.81492 675361
4.81492 676801
4.81492 678241
4.81492 679681
4.81492 681121
4.81888 682561
4.85181 684001
4.8887 685441
4.8899 686881
4.92679 688321
4.92798 689761
4.96525 691201
4.96645 692641
4.96764 694081
5.00334 695521
5.00453 696961
5.0405 698401
5.0417 699841
5.07739 701281
5.07859 702721
5.07978 704161
5.11428 705601
5.11548 707041
5.11667 708481
5.11787 709921
5.15237 711361
5.15356 712801
5.15476 714241
5.15595 715681
5.19045 717121
5.19165 718561
5.19284 720001
5.19404 721441
5.19523 722881
5.22854 724321
5.22973 725761
5.23093 727201
5.23212 728641
5.26543 730081
5.26662 731521
5.26782 732961
5.26901 734401
5.27021 735841
5.30232 737281
5.30389 738721
5.30509 740161
5.30628 741601
5.30748 743041
5.30867 744481
5.34078 745921
5.34198 747361
5.34317 748801
5.34437 750241
5.34556 751681
5.34676 753121
5.34795 754561
5.38126 756001
5.38245 757441
5.38365 758881
5.38484 760321
5.38604 761761
5.38723 763201
5.41815 764641
5.41934 766081
5.42054 767521
5.42173 768961
5.42293 770401
5.42412 771841
5.45504 773281
5.45623 774721
5.45743 776161
5.45862 777601
5.45982 779041
5.46101 780481
5.46221 781921
5.49223 783361
5.49383 784801
5.49502 786241
5.49622 787681
5.49741 789121
5.49861 790561
5.4998 792001
5.501 793441
5.53072 794881
5.53191 796321
5.53311 797761
5.53444 799201
5.53563 800641
5.53683 802081
5.53803 803521
5.53922 804961
5.54042 806401
5.5688 807841
5.57 809281
5.57133 810721
5.57252 812161
5.57372 813601
5.57491 815041
5.57611 816481
5.57731 817921
5.60569 819361
5.60688 820801
5.60822 822241
5.60941 823681
5.61061 825121
5.6118 826561
5.613 828001
5.61419 829441
5.64258 830881
5.64377 832321
5.64511 833761
5.6463 835201
5.6475 836641
5.64869 838081
5.64989 839521
5.65108 840961
5.65228 842401
5.67947 843841
5.68066 845281
5.682 846721
5.68319 848161
5.68439 849601
5.68558 851041
5.68678 852481
5.68797 853921
5.68917 855361
5.69036 856801
5.71755 858241
5.71875 859681
5.72008 861121
5.72128 862561
5.72247 864001
5.72367 865441
5.72486 866881
5.72606 868321
5.72725 869761
5.72845 871201
5.72964 872641
5.75564 874081
5.75683 875521
5.75817 876961
5.75936 878401
5.76056 879841
5.76175 881281
5.76295 882721
5.76444 884161
5.76563 885601
5.76683 887041
5.79253 888481
5.79372 889921
5.79506 891361
5.79625 892801
5.79745 894241
5.79864 895681
5.79984 897121
5.80103 898561
5.80252 900001
5.80372 901441
5.80491 902881
5.82942 904321
5.83061 905761
5.83234 907201
5.83354 908641
5.83473 910081
5.83593 911521
5.83712 912961
5.83832 914401
5.83952 915841
5.84071 917281
5.84191 918721
5.8431 920161
5.8675 921601
5.8687 923041
5.87043 924481
5.87162 925921
5.87282 927361
5.87401 928801
5.87521 930241
5.8764 931681
5.8776 933121
5.8788 934561
5.94249 936001
5.94249 937441
5.94249 938881
5.94249 940321
5.94249 941761
5.94249 943201
5.94249 944641
5.94249 946081
5.94249 947521
5.94249 948961
5.94249 950401
5.94249 951841
5.94249 953281
5.94249 954721
5.94249 956161
5.95259 957601
5.95378 959041
5.95499 960481
5.95619 961921
5.97938 963361
5.99067 964801
5.99187 966241
5.99308 967681
5.99427 969121
6.02756 970561
6.02876 972001
6.02995 973441
6.03115 974881
6.03234 976321
6.06445 977761
6.06565 979201
6.06684 980641
6.06804 982081
6.06923 983521
6.07043 984961
6.10254 986401
6.10373 987841
6.10493 989281
6.10612 990721
6.10732 992161
6.10851 993601
6.10971 995041
6.14062 996481
6.14182 997921
6.14301 999361
6.14421 1000801
6.1454 1002241
6.1466 1003681
6.17751 1005121
6.17871 1006561
6.1799 1008001
6.1811 1009441
6.18229 1010881
6.18349 1012321
6.2144 1013761
6.2156 1015201
6.21679 1016641
6.21799 1018081
6.21918 1019521
6.22038 1020961
6.22191 1022401
6.25129 1023841
6.25249 1025281
6.25368 1026721
6.25488 1028161
6.25607 1029601
6.25727 1031041
6.2588 1032481
6.25999 1033921
6.28938 1035361
6.29057 1036801
6.29177 1038241
6.29296 1039681
6.29416 1041121
6.29535 1042561
6.29655 1044001
6.29774 1045441
6.29894 1046881
6.32746 1048321
6.32866 1049761
6.32985 1051201
6.33105 1052641
6.33224 1054081
6.33344 1055521
6.33463 1056961
6.33583 1058401
6.36435 1059841
6.36555 1061281
6.36674 1062721
6.36794 1064161
6.36913 1065601
6.37033 1067041
6.37152 1068481
6.37272 1069921
6.37391 1071361
6.40148 1072801
6.40268 1074241
6.40387 1075681
6.40507 1077121
6.40626 1078561
6.40746 1080001
6.40865 1081441
6.40985 1082881
6.41104 1084321
6.41224 1085761
6.43957 1087201
6.44076 1088641
6.44196 1090081
6.44315 1091521
6.44435 1092961
6.44554 1094401
6.44674 1095841
6.44793 1097281
6.44913 1098721
6.45032 1100161
6.47765 1101601
6.47885 1103041
6.48004 1104481
6.48124 1105921
6.48243 1107361
6.48363 1108801
6.48482 1110241
6.48602 1111681
6.48721 1113121
6.48841 1114561
6.4896 1116001
6.51574 1117441
6.51693 1118881
6.51813 1120321
6.51932 1121761
6.52052 1123201
6.52171 1124641
6.52291 1126081
6.5241 1127521
6.5253 1128961
6.52649 1130401
6.55263 1131841
6.55382 1133281
6.55502 1134721
6.55621 1136161
6.55741 1137601
6.5586 1139041
6.5598 1140481
6.56099 1141921
6.56219 1143361
6.56338 1144801
6.56458 1146241
6.58952 1147681
6.59071 1149121
6.59191 1150561
6.5931 1152001
6.5943 1153441
6.59549 1154881
6.59669 1156321
6.59788 1157761
6.59908 1159201
6.60027 1160641
6.60147 1162081
6.60266 1163521
6.6276 1164961
6.6288 1166401
6.62999 1167841
6.63119 1169281
6.63238 1170721
6.63358 1172161
6.63477 1173601
6.63597 1175041
6.63716 1176481
6.63836 1177921
6.63955 1179361
6.64075 1180801
6.64194 1182241
6.66569 1183681
6.66688 1185121
6.66808 1186561
6.66927 1188001
6.67047 1189441
6.67166 1190881
6.67286 1192321
6.67405 1193761
6.67525 1195201
6.67644 1196641
6.67764 1198081
6.67883 1199521
6.70258 1200961
6.70377 1202401
6.70497 1203841
6.70616 1205281
6.70736 1206721
6.70855 1208161
6.70975 1209601
6.71094 1211041
6.71214 1212481
6.71333 1213921
6.71453 1215361
6.77757 1216801
6.77757 1218241
6.77757 1219681
6.77757 1221121
6.77757 1222561
6.77757 1224001
6.77757 1225441
6.77757 1226881
6.77757 1228321
6.77757 1229761
6.77757 1231201
6.77757 1232641
6.77757 1234081
6.77757 1235521
6.77757 1236961
6.77757 1238401
6.78713 1239841
6.78832 1241281
6.78952 1242721
6.79073 1244161
6.81327 1245601
6.81447 1247041
6.82762 1248481
6.82881 1249921
6.83001 1251361
6.8312 1252801
6.85136 1254241
6.85255 1255681
6.86809 1257121
6.86929 1258561
6.87048 1260001
6.87168 1261441
6.88944 1262881
6.89064 1264321
6.90618 1265761
6.90737 1267201
6.90857 1268641
6.90976 1270081
6.92753 1271521
6.92872 1272961
6.92992 1274401
6.94426 1275841
6.94546 1277281
6.94665 1278721
6.94785 1280161
6.96561 1281601
6.96681 1283041
6.98115 1284481
6.98235 1285921
6.98354 1287361
6.98474 1288801
7.0025 1290241
7.0037 1291681
7.01804 1293121
7.01924 1294561
7.02043 1296001
7.02163 1297441
7.09184 1298881
7.09184 1300321
7.09184 1301761
7.09184 1303201
7.09184 1304641
7.09184 1306081
7.09184 1307521
7.09184 1308961
7.09184 1310401
7.09184 1311841
7.1144 1313281
7.11559 1314721
7.12872 1316161
7.15248 1317601
7.15368 1319041
7.18937 1320481
7.19057 1321921
7.22626 1323361
7.22746 1324801
7.26315 1326241
7.26435 1327681
7.26586 1329121
7.30035 1330561
7.30154 1332001
7.30275 1333441
7.30395 1334881
7.33843 1336321
7.33963 1337761
7.34084 1339201
7.34203 1340641
7.34323 1342081
7.37652 1343521
7.37771 1344961
7.37892 1346401
7.38012 1347841
7.41341 1349281
7.4146 1350721
7.48839 1352161
7.48839 1353601
7.48839 1355041
7.48839 1356481
7.48839 1357921
7.48839 1359361
7.48839 1360801
7.48839 1362241
7.5241 1363681
7.5253 1365121
7.56219 1366561
7.56338 1368001
7.60027 1369441
7.60147 1370881
7.63836 1372321
7.63955 1373761
7.64075 1375201
7.67644 1376641
7.67764 1378081
7.71333 1379521
7.71453 1380961
7.75022 1382401
7.75142 1383841
7.75261 1385281
7.78711 1386721
7.78831 1388161
7.7895 1389601
7.7907 1391041
7.8252 1392481
7.82639 1393921
7.82759 1395361
7.82878 1396801
7.86328 1398241
7.86448 1399681
7.86567 1401121
7.86687 1402561
7.86806 1404001
7.90137 1405441
7.9029 1406881
7.90409 1408321
7.90529 1409761
7.93826 1411201
7.93945 1412641
7.94137 1414081
7.94256 1415521
7.94376 1416961
7.97553 1418401
7.97672 1419841
7.97825 1421281
7.97945 1422721
7.98065 1424161
7.98184 1425601
8.01361 1427041
8.01481 1428481
8.01634 1429921
8.01753 1431361
8.09219 1432801
8.09219 1434241
8.09219 1435681
8.09219 1437121
8.09219 1438561
8.09219 1440001
8.09219 1441441
8.09219 1442881
8.09219 1444321
8.1279 1445761
8.12909 1447201
8.16598 1448641
8.16718 1450081
8.20407 1451521
8.20526 1452961
8.20646 1454401
8.24253 1455841
8.24373 1457281
8.27942 1458721
8.28062 1460161
8.31702 1461601
8.31821 1463041
8.31941 1464481
8.35391 1465921
8.3551 1467361
8.3563 1468801
8.35749 1470241
8.39199 1471681
8.39319 1473121
8.46818 1474561
8.46818 1476001
8.46818 1477441
8.46818 1478881
8.46818 1480321
8.46818 1481761
8.46818 1483201
8.50389 1484641
8.50508 1486081
8.54197 1487521
8.54317 1488961
8.58005 1490401
8.58125 1491841
8.61814 1493281
8.61933 1494721
8.62053 1496161
8.65622 1497601
8.65742 1499041
8.6935 1500481
8.69469 1501921
8.73078 1503361
8.73198 1504801
8.73317 1506241
8.76767 1507681
8.76887 1509121
8.77006 1510561
8.77126 1512001
8.80576 1513441
8.80695 1514881
8.80815 1516321
8.80934 1517761
8.84384 1519201
8.84504 1520641
8.84623 1522081
8.84743 1523521
8.84862 1524961
8.88193 1526401
8.88312 1527841
8.88432 1529281
8.88551 1530721
8.91882 1532161
8.9204 1533601
8.92159 1535041
8.92279 1536481
8.92398 1537921
8.95571 1539361
8.95692 1540801
8.95848 1542241
8.95968 1543681
8.96087 1545121
8.96207 1546561
8.99417 1548001
8.99537 1549441
8.99656 1550881
8.99776 1552321
8.99896 1553761
9.00015 1555201
9.00135 1556641
9.03226 1558081
9.03345 1559521
9.03465 1560961
9.03584 1562401
9.03704 1563841
9.03824 1565281
9.06915 1566721
9.07034 1568161
9.07154 1569601
9.07273 1571041
9.07393 1572481
9.07512 1573921
9.10604 1575361
9.10723 1576801
9.10843 1578241
9.10962 1579681
9.11082 1581121
9.11201 1582561
9.11321 1584001
9.14293 1585441
9.14412 1586881
9.14532 1588321
9.14651 1589761
9.14771 1591201
9.1489 1592641
9.1501 1594081
9.15129 1595521
9.18101 1596961
9.22389 1598401
9.22389 1599841
9.22389 1601281
9.22389 1602721
9.22389 1604161
9.22389 1605601
9.22389 1607041
9.22389 1608481
9.22389 1609921
9.22389 1611361
9.22389 1612801
9.25841 1614241
9.26078 1615681
9.37148 1617121
9.37148 1618561
9.37148 1620001
9.37148 1621441
9.37148 1622881
9.37268 1624321
9.40837 1625761
9.44526 1627201
9.44682 1628641
9.48371 1630081
9.48491 1631521
9.5218 1632961
9.52299 1634401
9.52419 1635841
9.55988 1637281
9.56108 1638721
9.59708 1640161
9.59827 1641601
9.63397 1643041
9.63516 1644481
9.63636 1645921
9.67124 1647361
9.67244 1648801
9.67363 1650241
9.67483 1651681
9.70933 1653121
9.71052 1654561
9.71172 1656001
9.71291 1657441
9.74741 1658881
9.74861 1660321
9.7498 1661761
9.751 1663201
9.75219 1664641
9.7855 1666081
9.78669 1667521
9.78789 1668961
9.78908 1670401
9.82238 1671841
9.86421 1673281
9.86421 1674721
9.86421 1676161
9.86421 1677601
9.86421 1679041
9.86421 1680481
9.86421 1681921
9.86421 1683361
9.8998 1684801
9.9011 1686241
9.93799 1687681
9.93918 1689121
9.97607 1690561
9.97727 1692001
10.0142 1693441
10.0154 1694881
10.0165 1696321
10.0524 1697761
10.0536 1699201
10.0893 1700641
10.0905 1702081
10.1262 1703521
10.1274 1704961
10.1286 1706401
10.1631 1707841
10.1643 1709281
10.1655 1710721
10.1667 1712161
10.2016 1713601
10.2028 1715041
10.204 1716481
10.2052 1717921
10.2397 1719361
10.2409 1720801
10.2421 1722241
10.2433 1723681
10.2445 1725121
10.2781 1726561
10.2793 1728001
10.2805 1729441
10.2817 1730881
10.315 1732321
10.3162 1733761
10.3174 1735201
10.3186 1736641
10.3198 1738081
10.3519 1739521
10.3531 1740961
10.3543 1742401
10.3554 1743841
10.3566 1745281
10.3578 1746721
10.3899 1748161
10.3911 1749601
10.3923 1751041
10.3935 1752481
10.3947 1753921
10.3959 1755361
10.3971 1756801
10.428 1758241
10.4292 1759681
10.4304 1761121
10.4316 1762561
10.4328 1764001
10.434 1765441
10.4649 1766881
10.4661 1768321
10.4673 1769761
10.4685 1771201
10.4697 1772641
10.471 1774081
10.5018 1775521
10.5447 1776961
10.5447 1778401
10.5447 1779841
10.5784 1781281
10.5784 1782721
10.5784 1784161
10.5784 1785601
10.5784 1787041
10.5784 1788481
10.5784 1789921
10.5796 1791361
10.5828 1792801
10.6153 1794241
10.6185 1795681
10.6521 1797121
10.6533 1798561
10.6894 1800001
10.6906 1801441
10.7263 1802881
10.7275 1804321
10.7287 1805761
10.7632 1807201
10.7644 1808641
10.7656 1810081
10.7668 1811521
10.8013 1812961
10.8025 1814401
10.8037 1815841
10.8049 1817281
10.8061 1818721
10.8394 1820161
10.8406 1821601
10.8418 1823041
10.843 1824481
10.8763 1825921
10.8775 1827361
10.8787 1828801
10.8799 1830241
10.9135 1831681
10.9147 1833121
10.9159 1834561
10.9171 1836001
10.9183 1837441
10.9504 1838881
10.9516 1840321
10.9528 1841761
10.954 1843201
10.9552 1844641
10.9564 1846081
10.9889 1847521
10.9901 1848961
10.9913 1850401
10.9925 1851841
10.9937 1853281
10.9949 1854721
10.9961 1856161
11.027 1857601
11.0282 1859041
11.0294 1860481
11.0306 1861921
11.0318 1863361
11.033 1864801
11.0639 1866241
11.0651 1867681
11.0663 1869121
11.0675 1870561
11.0687 1872001
11.0698 1873441
11.1008 1874881
11.1024 1876321
11.1036 1877761
11.1047 1879201
11.1059 1880641
11.1071 1882081
11.1083 1883521
11.1377 1884961
11.1388 1886401
11.1404 1887841
11.1416 1889281
11.1428 1890721
11.144 1892161
11.1452 1893601
11.1465 1895041
11.1757 1896481
11.1769 1897921
11.1789 1899361
11.1801 1900801
11.1813 1902241
11.1825 1903681
11.1837 1905121
11.1849 1906561
11.1861 1908001
11.2142 1909441
11.2154 1910881
11.217 1912321
11.2182 1913761
11.2195 1915201
11.2207 1916641
11.2219 1918081
11.223 1919521
11.2511 1920961
11.2524 1922401
11.2539 1923841
11.2551 1925281
11.2564 1926721
11.2575 1928161
11.2587 1929601
11.2599 1931041
11.2611 1932481
11.288 1933921
11.2892 1935361
11.2908 1936801
11.292 1938241
11.2932 1939681
11.2944 1941121
11.2956 1942561
11.2968 1944001
11.298 1945441
11.2992 1946881
11.3261 1948321
11.3273 1949761
11.3289 1951201
11.3301 1952641
11.3313 1954081
11.3325 1955521
11.3337 1956961
11.3349 1958401
11.3361 1959841
11.3373 1961281
11.3642 1962721
11.3653 1964161
11.3665 1965601
11.3677 1967041
11.3689 1968481
11.3701 1969921
11.3713 1971361
11.3725 1972801
11.3737 1974241
11.3749 1975681
11.3761 1977121
11.4022 1978561
11.4034 1980001
11.407 1981441
11.4082 1982881
11.4094 1984321
11.4106 1985761
11.4118 1987201
11.413 1988641
11.4142 1990081
11.4154 1991521
11.4391 1992961
11.4403 1994401
11.4439 1995841
11.4451 1997281
11.4463 1998721
11.4475 2000161
11.4487 2001601
11.4499 2003041
11.4511 2004481
11.4523 2005921
11.4535 2007361
11.4762 2008801
11.4773 2010241
11.4808 2011681
11.482 2013121
11.4832 2014561
11.4844 2016001
11.4856 2017441
11.4868 2018881
11.488 2020321
11.4892 2021761
11.5144 2023201
11.5156 2024641
11.5168 2026081
11.518 2027521
11.5192 2028961
11.5204 2030401
11.5216 2031841
11.5228 2033281
11.524 2034721
11.5251 2036161
11.5263 2037601
11.5275 2039041
11.5525 2040481
11.5537 2041921
11.5549 2043361
11.5561 2044801
11.5573 2046241
11.5585 2047681
11.5596 2049121
11.5608 2050561
11.562 2052001
11.5632 2053441
11.5644 2054881
11.5656 2056321
11.5668 2057761
11.5906 2059201
11.5918 2060641
11.593 2062081
11.5941 2063521
11.5953 2064961
11.5965 2066401
11.5977 2067841
11.5989 2069281
11.6001 2070721
11.6013 2072161
11.6025 2073601
11.6671 2075041
11.6671 2076481
11.6671 2077921
11.6671 2079361
11.6671 2080801
11.6671 2082241
11.6671 2083681
11.6671 2085121
11.6671 2086561
11.6671 2088001
11.6671 2089441
11.6671 2090881
11.6671 2092321
11.6671 2093761
11.6671 2095201
11.6671 2096641
11.6771 2098081
11.6783 2099521
11.6795 2100961
11.7016 2102401
11.7028 2103841
11.7152 2105281
11.7164 2106721
11.7176 2108161
11.7385 2109601
11.7397 2111041
11.7521 2112481
11.7532 2113921
11.7544 2115361
11.7556 2116801
11.7766 2118241
11.7778 2119681
11.7902 2121121
11.7914 2122561
11.7926 2124001
11.7938 2125441
11.8655 2126881
11.8655 2128321
11.8655 2129761
11.8655 2131201
11.8655 2132641
11.8655 2134081
11.8655 2135521
11.8655 2136961
11.8655 2138401
11.8913 2139841
11.9024 2141281
11.9393 2142721
11.9405 2144161
11.9774 2145601
11.9786 2147041
11.9798 2148481
12.0155 2149921
12.0167 2151361
12.0524 2152801
12.0536 2154241
12.0893 2155681
12.0905 2157121
12.0917 2158561
12.1262 2160001
12.1274 2161441
12.1286 2162881
12.1299 2164321
12.1643 2165761
12.1654 2167201
12.1668 2168641
12.168 2170081
12.2023 2171521
12.2035 2172961
12.2047 2174401
12.2059 2175841
12.2071 2177281
12.2404 2178721
12.2416 2180161
12.2428 2181601
12.244 2183041
12.2773 2184481
12.2785 2185921
12.2797 2187361
12.2809 2188801
12.2821 2190241
12.3142 2191681
12.3154 2193121
12.3166 2194561
12.3178 2196001
12.319 2197441
12.3202 2198881
12.3523 2200321
12.3535 2201761
12.3547 2203201
12.3559 2204641
12.3571 2206081
12.3583 2207521
12.3595 2208961
12.3904 2210401
12.3916 2211841
12.3928 2213281
12.394 2214721
12.3952 2216161
12.3963 2217601
12.4273 2219041
12.4285 2220481
12.4297 2221921
12.4308 2223361
12.432 2224801
12.4332 2226241
12.4641 2227681
12.4653 2229121
12.5082 2230561
12.5082 2232001
12.5082 2233441
12.5082 2234881
12.5082 2236321
12.5082 2237761
12.5082 2239201
12.5082 2240641
12.5082 2242081
12.5082 2243521
12.5427 2244961
12.5439 2246401
12.5451 2247841
12.5808 2249281
12.582 2250721
12.6177 2252161
12.6189 2253601
12.6546 2255041
12.6558 2256481
12.6915 2257921
12.6927 2259361
12.6939 2260801
12.7284 2262241
12.7296 2263681
12.7308 2265121
12.732 2266561
12.7665 2268001
12.7677 2269441
12.7689 2270881
12.7701 2272321
12.7712 2273761
12.8049 2275201
12.8061 2276641
12.8073 2278081
12.8085 2279521
12.8418 2280961
12.843 2282401
12.8442 2283841
12.8456 2285281
12.8787 2286721
12.8799 2288161
12.8811 2289601
12.8823 2291041
12.8835 2292481
12.9156 2293921
12.9168 2295361
12.918 2296801
12.9192 2298241
12.9204 2299681
12.9216 2301121
12.9537 2302561
12.9549 2304001
12.9561 2305441
12.9573 2306881
12.9585 2308321
12.9597 2309761
12.9609 2311201
12.9918 2312641
12.993 2314081
12.9942 2315521
12.9954 2316961
12.9966 2318401
12.9977 2319841
13.0287 2321281
13.0299 2322721
13.0311 2324161
13.0323 2325601
13.0335 2327041
13.0347 2328481
13.0656 2329921
13.0668 2331361
13.068 2332801
13.0692 2334241
13.0704 2335681
13.0716 2337121
13.0728 2338561
13.1025 2340001
13.1037 2341441
13.1049 2342881
13.1061 2344321
13.1073 2345761
13.1085 2347201
13.1097 2348641
13.1109 2350081
13.1406 2351521
13.1418 2352961
13.143 2354401
13.1442 2355841
13.1454 2357281
13.1466 2358721
13.1478 2360161
13.1489 2361601
13.1501 2363041
13.1787 2364481
13.1799 2365921
13.1811 2367361
13.1823 2368801
13.1834 2370241
13.1846 2371681
13.1858 2373121
13.187 2374561
13.2156 2376001
13.2168 2377441
13.2179 2378881
13.2191 2380321
13.2203 2381761
13.2215 2383201
13.2227 2384641
13.2239 2386081
13.2251 2387521
13.2524 2388961
13.2536 2390401
13.2548 2391841
13.256 2393281
13.2572 2394721
13.2584 2396161
13.2596 2397601
13.2608 2399041
13.262 2400481
13.2632 2401921
13.2905 2403361
13.2917 2404801
13.2929 2406241
13.2941 2407681
13.2953 2409121
13.2965 2410561
13.2977 2412001
13.2989 2413441
13.3001 2414881
13.3013 2416321
13.3286 2417761
13.3298 2419201
13.331 2420641
13.3322 2422081
13.3334 2423521
13.3346 2424961
13.3358 2426401
13.337 2427841
13.3382 2429281
13.3394 2430721
13.3406 2432161
13.3667 2433601
13.3679 2435041
13.3691 2436481
13.3703 2437921
13.3715 2439361
13.3731 2440801
13.3743 2442241
13.3755 2443681
13.3766 2445121
13.3778 2446561
13.4453 2448001
13.4453 2449441
13.4453 2450881
13.4453 2452321
13.4453 2453761
13.4453 2455201
13.4453 2456641
13.4453 2458081
13.4453 2459521
13.4453 2460961
13.4453 2462401
13.4453 2463841
13.4453 2465281
13.4453 2466721
13.4524 2468161
13.4786 2469601
13.4798 2471041
13.481 2472481
13.4822 2473921
13.5155 2475361
13.5167 2476801
13.5179 2478241
13.5191 2479681
13.5524 2481121
13.5536 2482561
13.5548 2484001
13.556 2485441
13.5893 2486881
13.5905 2488321
13.6631 2489761
13.6631 2491201
13.6631 2492641
13.6631 2494081
13.6631 2495521
13.6631 2496961
13.6631 2498401
13.6631 2499841
13.669 2501281
13.6999 2502721
14.7368 2504161
14.9737 2505601
14.9749 2507041
15.0118 2508481
15.013 2509921
15.0499 2511361
15.0511 2512801
15.088 2514241
15.0892 2515681
15.0904 2517121
15.1263 2518561
15.1275 2520001
15.1632 2521441
15.1644 2522881
15.2001 2524321
15.2013 2525761
15.2025 2527201
15.237 2528641
15.2382 2530081
15.2394 2531521
15.2406 2532961
15.2751 2534401
15.2763 2535841
15.2775 2537281
15.2786 2538721
15.3548 2540161
15.3548 2541601
15.3548 2543041
15.3894 2544481
15.3894 2545921
15.3894 2547361
15.3894 2548801
15.3929 2550241
15.4263 2551681
15.4631 2553121
15.4643 2554561
15.5012 2556001
15.5024 2557441
15.5393 2558881
15.5405 2560321
15.5417 2561761
15.5774 2563201
15.5789 2564641
15.6143 2566081
15.6155 2567521
15.6512 2568961
15.6524 2570401
15.6536 2571841
15.6905 2573281
15.6917 2574721
15.6928 2576161
15.694 2577601
15.7285 2579041
15.7297 2580481
15.7309 2581921
15.7321 2583361
15.7666 2584801
15.7678 2586241
15.769 2587681
15.7702 2589121
15.7714 2590561
15.8047 2592001
15.8059 2593441
15.8071 2594881
15.8083 2596321
15.8416 2597761
15.8428 2599201
15.844 2600641
15.8452 2602081
15.8785 2603521
15.8797 2604961
15.8809 2606401
15.8821 2607841
15.8833 2609281
15.9154 2610721
15.9166 2612161
15.9178 2613601
15.919 2615041
15.9202 2616481
15.9214 2617921
15.9535 2619361
15.9547 2620801
15.9559 2622241
15.957 2623681
15.9582 2625121
15.9594 2626561
15.9606 2628001
15.9915 2629441
15.9927 2630881
15.9939 2632321
15.9951 2633761
15.9963 2635201
15.9975 2636641
16.0284 2638081
16.0296 2639521
16.0308 2640961
16.032 2642401
16.0332 2643841
16.0344 2645281
16.0653 2646721
16.0665 2648161
16.0677 2649601
16.0689 2651041
16.0701 2652481
16.0713 2653921
16.0725 2655361
16.1022 2656801
16.1034 2658241
16.1046 2659681
16.1058 2661121
16.107 2662561
16.1082 2664001
16.1094 2665441
16.1106 2666881
16.1403 2668321
16.1415 2669761
16.1427 2671201
16.1439 2672641
16.1451 2674081
16.1463 2675521
16.1475 2676961
16.1487 2678401
16.1499 2679841
16.1784 2681281
16.1796 2682721
16.1808 2684161
16.182 2685601
16.1832 2687041
16.1844 2688481
16.1856 2689921
16.1868 2691361
16.2153 2692801
16.2165 2694241
16.2177 2695681
16.2189 2697121
16.2201 2698561
16.2213 2700001
16.2224 2701441
16.2236 2702881
16.2248 2704321
16.2522 2705761
16.2534 2707201
16.2546 2708641
16.2558 2710081
16.2569 2711521
16.2581 2712961
16.2593 2714401
16.2605 2715841
16.2617 2717281
16.2629 2718721
16.2903 2720161
16.2914 2721601
16.2926 2723041
16.2938 2724481
16.2974 2725921
16.2986 2727361
16.2998 2728801
16.301 2730241
16.3022 2731681
16.3034 2733121
16.3287 2734561
16.3299 2736001
16.3311 2737441
16.3323 2738881
16.3335 2740321
16.3355 2741761
16.3367 2743201
16.3379 2744641
16.3391 2746081
16.3403 2747521
16.3415 2748961
16.3668 2750401
16.368 2751841
16.3692 2753281
16.3704 2754721
16.3724 2756161
16.3736 2757601
16.3748 2759041
16.376 2760481
16.3772 2761921
16.3784 2763361
16.4037 2764801
16.4049 2766241
16.4061 2767681
16.4073 2769121
16.4093 2770561
16.4105 2772001
16.4117 2773441
16.4129 2774881
16.4141 2776321
16.4153 2777761
16.4165 2779201
16.4406 2780641
16.4418 2782081
16.443 2783521
16.4442 2784961
16.4462 2786401
16.4474 2787841
16.4486 2789281
16.4498 2790721
16.451 2792161
16.4522 2793601
16.4533 2795041
16.4545 2796481
16.4787 2797921
16.4799 2799361
16.4811 2800801
16.4823 2802241
16.4843 2803681
16.4855 2805121
16.4867 2806561
16.4878 2808001
16.489 2809441
16.4906 2810881
16.4918 2812321
16.4929 2813761
16.4941 2815201
16.5168 2816641
16.518 2818081
16.5192 2819521
16.5204 2820961
16.5223 2822401
16.5235 2823841
16.5247 2825281
16.5259 2826721
16.5274 2828161
16.5286 2829601
16.5298 2831041
16.531 2832481
16.5537 2833921
16.5549 2835361
16.556 2836801
16.5572 2838241
16.5592 2839681
16.5604 2841121
16.5616 2842561
16.5628 2844001
16.5643 2845441
16.5655 2846881
16.5667 2848321
16.5679 2849761
16.5691 2851201
16.5905 2852641
16.5917 2854081
16.5929 2855521
16.5941 2856961
16.5961 2858401
16.5973 2859841
16.5985 2861281
16.5997 2862721
16.6012 2864161
16.6024 2865601
16.6036 2867041
16.6048 2868481
16.606 2869921
16.6072 2871361
16.6288 2872801
16.63 2874241
16.6312 2875681
16.6324 2877121
16.6342 2878561
16.6354 2880001
16.6366 2881441
16.6378 2882881
16.6393 2884321
16.6405 2885761
16.6417 2887201
16.6429 2888641
16.6441 2890081
16.6453 2891521
16.6465 2892961
16.6669 2894401
16.6681 2895841
16.6693 2897281
16.6705 2898721
16.6725 2900161
16.6737 2901601
16.6749 2903041
16.6761 2904481
16.6774 2905921
16.6786 2907361
16.6798 2908801
16.681 2910241
16.6822 2911681
16.6834 2913121
16.7038 2914561
16.705 2916001
16.7062 2917441
16.7074 2918881
16.7094 2920321
16.7106 2921761
16.7118 2923201
16.713 2924641
16.7143 2926081
16.7155 2927521
16.7167 2928961
16.7179 2930401
16.7191 2931841
16.7204 2933281
16.7407 2934721
16.7419 2936161
16.7431 2937601
16.7443 2939041
16.7455 2940481
16.7467 2941921
16.7478 2943361
16.749 2944801
16.7502 2946241
16.7514 2947681
16.7526 2949121
16.7538 2950561
16.755 2952001
16.7562 2953441
16.7574 2954881
16.7776 2956321
16.7788 2957761
16.78 2959201
16.7812 2960641
16.7823 2962081
16.8264 2963521
16.8264 2964961
16.8264 2966401
16.8264 2967841
16.8264 2969281
16.8264 2970721
16.8264 2972161
16.8264 2973601
16.8264 2975041
16.8264 2976481
16.8264 2977921
16.8264 2979361
16.8264 2980801
16.8264 2982241
16.8264 2983681
16.8264 2985121
16.8264 2986561
16.8264 2988001
16.8264 2989441
16.8549 2990881
16.8561 2992321
16.8587 2993761
16.8599 2995201
16.8611 2996641
16.8623 2998081
16.8635 2999521
16.893 3000961
16.8942 3002401
16.8968 3003841
16.898 3005281
16.9299 3006721
16.9311 3008161
16.9323 3009601
16.9335 3011041
16.9347 3012481
16.9359 3013921
16.9371 3015361
16.9668 3016801
16.968 3018241
16.9692 3019681
16.9704 3021121
16.9716 3022561
16.9728 3024001
16.974 3025441
16.9752 3026881
17.0053 3028321
17.0065 3029761
17.0077 3031201
17.0089 3032641
17.0101 3034081
17.0113 3035521
17.0124 3036961
17.0136 3038401
17.0434 3039841
17.0446 3041281
17.0458 3042721
17.0469 3044161
17.0481 3045601
17.0493 3047041
17.0505 3048481
17.0517 3049921
17.0529 3051361
17.0814 3052801
17.0826 3054241
17.0838 3055681
17.085 3057121
17.0862 3058561
17.0874 3060001
17.0886 3061441
17.0898 3062881
17.1183 3064321
17.1195 3065761
17.1207 3067201
17.1219 3068641
17.1231 3070081
17.1243 3071521
17.1255 3072961
17.1267 3074401
17.1279 3075841
17.1552 3077281
17.1564 3078721
17.1576 3080161
17.1588 3081601
17.16 3083041
17.1612 3084481
17.1624 3085921
17.1636 3087361
17.1648 3088801
17.166 3090241
17.1933 3091681
17.1945 3093121
17.1957 3094561
17.1969 3096001
17.1981 3097441
17.1993 3098881
17.2005 3100321
17.2017 3101761
17.2029 3103201
17.2041 3104641
17.2053 3106081
17.2314 3107521
17.233 3108961
17.2342 3110401
17.2354 3111841
17.2366 3113281
17.2378 3114721
17.239 3116161
17.2402 3117601
17.2414 3119041
17.2425 3120481
17.2683 3121921
17.2695 3123361
17.2711 3124801
17.2723 3126241
17.2734 3127681
17.2746 3129121
17.2759 3130561
17.3177 3132001
17.3177 3133441
17.3177 3134881
17.3177 3136321
17.3177 3137761
17.3177 3139201
17.3177 3140641
17.3177 3142081
17.3177 3143521
17.3177 3144961
17.3177 3146401
17.3177 3147841
17.3177 3149281
17.3177 3150721
17.3903 3152161
17.3903 3153601
17.3903 3155041
17.3903 3156481
17.3903 3157921
17.3903 3159361
17.3903 3160801
17.426 3162241
17.4272 3163681
17.4641 3165121
17.4653 3166561
17.5021 3168001
17.5033 3169441
17.5402 3170881
17.5417 3172321
17.5429 3173761
17.5786 3175201
17.5798 3176641
17.6158 3178081
17.617 3179521
17.6527 3180961
17.6539 3182401
17.6551 3183841
17.6896 3185281
17.6908 3186721
17.692 3188161
17.6932 3189601
17.7281 3191041
17.7293 3192481
17.7305 3193921
17.7317 3195361
17.7665 3196801
17.7677 3198241
17.7689 3199681
17.7701 3201121
17.7713 3202561
17.8046 3204001
17.8058 3205441
17.807 3206881
17.8082 3208321
17.8415 3209761
17.8428 3211201
17.844 3212641
17.8452 3214081
17.8464 3215521
17.8784 3216961
17.8796 3218401
17.8809 3219841
17.8821 3221281
17.8833 3222721
17.8845 3224161
17.9165 3225601
17.9177 3227041
17.9598 3228481
17.9598 3229921
17.9598 3231361
17.9598 3232801
17.9598 3234241
17.9598 3235681
17.9598 3237121
17.9598 3238561
17.9598 3240001
17.9955 3241441
17.9967 3242881
18.0336 3244321
18.0348 3245761
18.0717 3247201
18.0729 3248641
18.0741 3250081
18.1098 3251521
18.111 3252961
18.1467 3254401
18.1479 3255841
18.184 3257281
18.1852 3258721
18.1864 3260161
18.2209 3261601
18.2221 3263041
18.2233 3264481
18.2245 3265921
18.2589 3267361
18.2601 3268801
18.2613 3270241
18.2625 3271681
18.297 3273121
18.2982 3274561
18.2994 3276001
18.3006 3277441
18.3018 3278881
18.3351 3280321
18.3363 3281761
18.3375 3283201
18.3387 3284641
18.372 3286081
18.3732 3287521
18.3744 3288961
18.3756 3290401
18.3768 3291841
18.4089 3293281
18.4101 3294721
18.4113 3296161
18.4125 3297601
18.4137 3299041
18.4149 3300481
18.4474 3301921
18.4486 3303361
18.4498 3304801
18.451 3306241
18.4522 3307681
18.4533 3309121
18.4545 3310561
18.4855 3312001
18.4867 3313441
18.4878 3314881
18.489 3316321
18.4902 3317761
18.4914 3319201
18.5227 3320641
18.5239 3322081
18.5251 3323521
18.5263 3324961
18.5275 3326401
18.5287 3327841
18.5596 3329281
18.5608 3330721
18.562 3332161
18.5632 3333601
18.5644 3335041
18.5656 3336481
18.5668 3337921
18.5968 3339361
18.598 3340801
18.5992 3342241
18.6004 3343681
18.6016 3345121
18.6028 3346561
18.604 3348001
18.6052 3349441
18.6349 3350881
18.6361 3352321
18.6373 3353761
18.6385 3355201
18.6397 3356641
18.6409 3358081
18.6421 3359521
18.6433 3360961
18.6445 3362401
18.673 3363841
18.6742 3365281
18.6754 3366721
18.6766 3368161
18.6778 3369601
18.679 3371041
18.6802 3372481
18.6814 3373921
18.7099 3375361
18.7111 3376801
18.7123 3378241
18.7135 3379681
18.7147 3381121
18.7159 3382561
18.7171 3384001
18.7183 3385441
18.7472 3386881
18.7484 3388321
18.7496 3389761
18.7507 3391201
18.7519 3392641
18.7531 3394081
18.7543 3395521
18.7555 3396961
18.7567 3398401
18.784 3399841
18.7852 3401281
18.7864 3402721
18.7876 3404161
18.7888 3405601
18.79 3407041
18.7912 3408481
18.7924 3409921
18.7936 3411361
18.7948 3412801
18.8225 3414241
18.8237 3415681
18.8253 3417121
18.8265 3418561
18.8277 3420001
18.8288 3421441
18.83 3422881
18.8312 3424321
18.8324 3425761
18.8336 3427201
18.8348 3428641
18.9022 3430081
18.9022 3431521
18.9022 3432961
18.9022 3434401
18.9022 3435841
18.9022 3437281
18.9022 3438721
18.9022 3440161
18.9022 3441601
18.9022 3443041
18.9022 3444481
18.9022 3445921
18.9022 3447361
18.9356 3448801
18.9368 3450241
18.938 3451681
18.9391 3453121
18.9736 3454561
18.9748 3456001
18.976 3457441
18.9772 3458881
19.0117 3460321
19.0129 3461761
19.0141 3463201
19.0153 3464641
19.0165 3466081
19.0498 3467521
19.051 3468961
19.0522 3470401
19.0534 3471841
19.0867 3473281
19.0879 3474721
19.0891 3476161
19.0903 3477601
19.0915 3479041
19.1236 3480481
19.1252 3481921
19.1264 3483361
19.1276 3484801
19.1288 3486241
19.13 3487681
19.1621 3489121
19.1633 3490561
19.1645 3492001
19.1656 3493441
19.1668 3494881
19.168 3496321
19.2001 3497761
19.2013 3499201
19.2025 3500641
19.2037 3502081
19.2049 3503521
19.2061 3504961
19.2073 3506401
19.2382 3507841
19.2394 3509281
19.2406 3510721
19.2418 3512161
19.243 3513601
19.2442 3515041
19.2751 3516481
19.2765 3517921
19.2777 3519361
19.2789 3520801
19.2801 3522241
19.3501 3523681
19.3501 3525121
19.3501 3526561
19.3501 3528001
19.3501 3529441
19.3501 3530881
19.3501 3532321
19.3501 3533761
19.3501 3535201
19.3501 3536641
19.3563 3538081
19.3858 3539521
19.387 3540961
19.4227 3542401
19.4239 3543841
19.4596 3545281
19.4608 3546721
19.4969 3548161
19.4981 3549601
19.5338 3551041
19.609 3552481
19.609 3553921
19.609 3555361
19.609 3556801
19.609 3558241
19.609 3559681
19.6447 3561121
19.6459 3562561
19.6828 3564001
19.684 3565441
20.7197 3566881
20.9566 3568321
20.9578 3569761
20.9947 3571201
20.9958 3572641
21.0327 3574081
21.0339 3575521
21.0708 3576961
21.072 3578401
21.0732 3579841
21.1089 3581281
21.1101 3582721
21.1458 3584161
21.147 3585601
21.1827 3587041
21.1839 3588481
21.1851 3589921
21.2196 3591361
21.2208 3592801
21.222 3594241
21.2232 3595681
21.2577 3597121
21.2589 3598561
21.2601 3600001
21.3366 3601441
21.3366 3602881
21.3366 3604321
21.3366 3605761
21.3366 3607201
21.3366 3608641
21.3366 3610081
21.3722 3611521
21.3739 3612961
21.4108 3614401
21.412 3615841
21.4489 3617281
21.45 3618721
21.4869 3620161
21.4881 3621601
21.4893 3623041
21.525 3624481
21.5262 3625921
21.5619 3627361
21.5631 3628801
21.599 3630241
21.6002 3631681
21.6014 3633121
21.6359 3634561
21.6371 3636001
21.6383 3637441
21.6395 3638881
21.674 3640321
21.6752 3641761
21.6763 3643201
21.6775 3644641
21.712 3646081
21.7132 3647521
21.7144 3648961
21.7156 3650401
21.7168 3651841
21.7501 3653281
21.7513 3654721
21.7525 3656161
21.7537 3657601
21.787 3659041
21.7882 3660481
21.7894 3661921
21.7906 3663361
21.7918 3664801
21.8239 3666241
21.8251 3667681
21.8263 3669121
21.8275 3670561
21.8287 3672001
21.8299 3673441
21.862 3674881
21.8632 3676321
21.8644 3677761
21.8657 3679201
21.8669 3680641
21.8681 3682081
21.8693 3683521
21.9001 3684961
21.9013 3686401
21.9026 3687841
21.9038 3689281
21.905 3690721
21.9062 3692161
21.937 3693601
21.9382 3695041
21.9398 3696481
21.941 3697921
21.9422 3699361
21.9434 3700801
21.9742 3702241
21.9754 3703681
21.9767 3705121
21.9779 3706561
21.9791 3708001
21.9803 3709441
21.9815 3710881
22.0111 3712321
22.0126 3713761
22.0138 3715201
22.015 3716641
22.0162 3718081
22.0174 3719521
22.0186 3720961
22.0198 3722401
22.0495 3723841
22.0507 3725281
22.0519 3726721
22.0531 3728161
22.0543 3729601
22.0555 3731041
22.0567 3732481
22.0579 3733921
22.0591 3735361
22.0876 3736801
22.0888 3738241
22.09 3739681
22.0912 3741121
22.0924 3742561
22.0936 3744001
22.0948 3745441
22.096 3746881
22.1245 3748321
22.1257 3749761
22.1269 3751201
22.1281 3752641
22.1293 3754081
22.1305 3755521
22.1317 3756961
22.1329 3758401
22.1614 3759841
22.1626 3761281
22.1638 3762721
22.165 3764161
22.1662 3765601
22.1677 3767041
22.1689 3768481
22.1701 3769921
22.1713 3771361
22.1983 3772801
22.2419 3774241
22.2419 3775681
22.2419 3777121
22.2419 3778561
22.2419 3780001
22.2419 3781441
22.2419 3782881
22.2419 3784321
22.2419 3785761
22.2419 3787201
22.2419 3788641
22.2419 3790081
22.2752 3791521
22.2764 3792961
22.2776 3794401
22.2788 3795841
22.3137 3797281
22.3149 3798721
22.3161 3800161
22.3173 3801601
22.3947 3803041
22.3947 3804481
22.3947 3805921
22.3947 3807361
22.3947 3808801
22.3947 3810241
22.4304 3811681
22.4316 3813121
22.4685 3814561
22.4697 3816001
22.5066 3817441
22.5078 3818881
22.5447 3820321
22.5459 3821761
22.5471 3823201
22.5831 3824641
22.5843 3826081
22.6199 3827521
22.6211 3828961
22.6572 3830401
22.6584 3831841
22.6596 3833281
22.6941 3834721
22.6953 3836161
22.6965 3837601
22.6977 3839041
22.7322 3840481
22.7334 3841921
22.7346 3843361
22.7358 3844801
22.7703 3846241
22.7715 3847681
22.7727 3849121
22.7738 3850561
22.775 3852001
22.8087 3853441
22.8099 3854881
22.8111 3856321
22.8123 3857761
22.8456 3859201
22.8468 3860641
22.848 3862081
22.8492 3863521
22.8504 3864961
22.8825 3866401
22.8837 3867841
22.8849 3869281
22.8861 3870721
22.8873 3872161
22.8885 3873601
22.9206 3875041
22.9218 3876481
22.923 3877921
22.9242 3879361
22.9254 3880801
22.9266 3882241
22.9278 3883681
22.9587 3885121
22.9599 3886561
22.9611 3888001
22.9623 3889441
22.9635 3890881
22.9647 3892321
22.9956 3893761
22.9968 3895201
22.998 3896641
22.9992 3898081
23.0004 3899521
23.0016 3900961
23.0325 3902401
23.0337 3903841
23.0349 3905281
23.0361 3906721
23.0373 3908161
23.0385 3909601
23.0396 3911041
23.0694 3912481
23.0706 3913921
23.0718 3915361
23.073 3916801
23.0741 3918241
23.0753 3919681
23.0765 3921121
23.0777 3922561
23.1075 3924001
23.1086 3925441
23.1102 3926881
23.1114 3928321
23.1126 3929761
23.1141 3931201
23.1153 3932641
23.1165 3934081
23.1177 3935521
23.1455 3936961
23.1467 3938401
23.1483 3939841
23.1495 3941281
23.151 3942721
23.1522 3944161
23.1534 3945601
23.1546 3947041
23.1824 3948481
23.1836 3949921
23.1852 3951361
23.1864 3952801
23.1879 3954241
23.1891 3955681
23.1903 3957121
23.1915 3958561
23.2193 3960001
23.2205 3961441
23.2217 3962881
23.2229 3964321
23.2241 3965761
23.2253 3967201
23.2265 3968641
23.2277 3970081
23.2289 3971521
23.2562 3972961
23.2574 3974401
23.2586 3975841
23.2598 3977281
23.261 3978721
23.2622 3980161
23.2634 3981601
23.2646 3983041
23.2658 3984481
23.267 3985921
23.2943 3987361
23.2957 3988801
23.2969 3990241
23.2981 3991681
23.2993 3993121
23.3005 3994561
23.3017 3996001
23.3029 3997441
23.3041 3998881
23.3053 4000321
23.3065 4001761
23.3326 4003201
23.3338 4004641
23.335 4006081
23.3362 4007521
23.3374 4008961
23.3386 4010401
23.3398 4011841
23.341 4013281
23.3422 4014721
23.3436 4016161
23.3695 4017601
23.3707 4019041
23.3719 4020481
23.3731 4021921
23.3743 4023361
23.3755 4024801
23.3767 4026241
23.3779 4027681
23.3791 4029121
23.3803 4030561
23.3815 4032001
23.4064 4033441
23.4076 4034881
23.4088 4036321
23.41 4037761
23.4116 4039201
23.4128 4040641
23.4139 4042081
23.4151 4043521
23.4163 4044961
23.4175 4046401
23.4187 4047841
23.4199 4049281
23.4445 4050721
23.4457 4052161
23.4469 4053601
23.4481 4055041
23.4901 4056481
23.4901 4057921
23.4901 4059361
23.4901 4060801
23.4901 4062241
23.4901 4063681
23.4901 4065121
23.4901 4066561
23.4901 4068001
23.4901 4069441
23.4901 4070881
23.4901 4072321
23.4901 4073761
23.4901 4075201
23.4901 4076641
23.5219 4078081
23.5231 4079521
23.5246 4080961
23.5258 4082401
23.527 4083841
23.5599 4085281
23.5611 4086721
23.5627 4088161
23.5639 4089601
23.5968 4091041
23.598 4092481
23.5992 4093921
23.6004 4095361
23.6016 4096801
23.6337 4098241
23.6349 4099681
23.6361 4101121
23.6373 4102561
23.6385 4104001
23.6397 4105441
23.6718 4106881
23.673 4108321
23.6742 4109761
23.6754 4111201
23.6766 4112641
23.6778 4114081
23.679 4115521
23.7099 4116961
23.7111 4118401
23.7123 4119841
23.7135 4121281
23.7147 4122721
23.7159 4124161
23.7468 4125601
23.748 4127041
23.7495 4128481
23.7507 4129921
23.7519 4131361
23.7533 4132801
23.7837 4134241
23.7849 4135681
23.7861 4137121
23.7873 4138561
23.7885 4140001
23.7896 4141441
23.7908 4142881
23.8206 4144321
23.8218 4145761
23.823 4147201
23.8241 4148641
23.8253 4150081
23.8265 4151521
23.8277 4152961
23.8289 4154401
23.859 4155841
23.8602 4157281
23.8614 4158721
23.8626 4160161
23.8638 4161601
23.865 4163041
23.8662 4164481
23.8674 4165921
23.8686 4167361
23.8975 4168801
23.8987 4170241
23.8999 4171681
23.9011 4173121
23.9023 4174561
23.9035 4176001
23.9047 4177441
23.9059 4178881
23.9763 4180321
23.9763 4181761
23.9763 4183201
23.9763 4184641
23.9763 4186081
23.9763 4187521
23.9763 4188961
23.9763 4190401
23.9763 4191841
23.9763 4193281
23.9763 4194721
23.9763 4196161
24.0094 4197601
24.0106 4199041
24.0118 4200481
24.0475 4201921
24.0487 4203361
24.0499 4204801
24.0844 4206241
24.0856 4207681
24.0868 4209121
24.088 4210561
24.1225 4212001
24.1237 4213441
24.1249 4214881
24.1261 4216321
24.1609 4217761
24.1621 4219201
24.1633 4220641
24.1645 4222081
24.1657 4223521
24.2407 4224961
24.2407 4226401
24.2407 4227841
24.2407 4229281
24.2407 4230721
24.2407 4232161
24.2407 4233601
24.2764 4235041
24.2776 4236481
24.3145 4237921
24.3157 4239361
24.3526 4240801
24.3538 4242241
24.3907 4243681
24.3919 4245121
24.3931 4246561
24.5053 4248001
24.5053 4249441
24.5053 4250881
24.5053 4252321
24.5053 4253761
24.541 4255201
24.5422 4256641
24.5794 4258081
24.5806 4259521
24.7297 4260961
24.7297 4262401
24.7297 4263841
24.7297 4265281
24.7309 4266721
24.7666 4268161
24.8036 4269601
24.8048 4271041
24.8417 4272481
24.8429 4273921
24.8798 4275361
24.881 4276801
24.8822 4278241
24.9179 4279681
24.9191 4281121
24.9548 4282561
24.956 4284001
24.9917 4285441
24.9929 4286881
24.9941 4288321
25.0286 4289761
25.0298 4291201
25.0313 4292641
25.1405 4294081
25.1405 4295521
25.1405 4296961
25.1405 4298401
25.1405 4299841
25.1405 4301281
25.1429 4302721
25.1774 4304161
25.2143 4305601
25.2155 4307041
25.2523 4308481
25.2535 4309921
25.2904 4311361
25.2916 4312801
25.2928 4314241
25.3285 4315681
25.3297 4317121
25.3654 4318561
25.3666 4320001
25.4026 4321441
25.4038 4322881
25.405 4324321
25.4394 4325761
25.4406 4327201
25.4419 4328641
25.4431 4330081
25.4775 4331521
25.4787 4332961
25.48 4334401
25.4812 4335841
25.5156 4337281
25.5168 4338721
25.518 4340161
25.5192 4341601
25.5204 4343041
25.5537 4344481
25.5549 4345921
25.5561 4347361
25.5573 4348801
25.5906 4350241
25.5918 4351681
25.593 4353121
25.5942 4354561
25.5954 4356001
25.6275 4357441
25.6287 4358881
25.6299 4360321
25.6311 4361761
25.6323 4363201
25.6335 4364641
25.6656 4366081
25.6668 4367521
25.668 4368961
25.6692 4370401
25.6703 4371841
25.6715 4373281
25.6729 4374721
25.7036 4376161
25.7048 4377601
25.706 4379041
25.7072 4380481
25.7084 4381921
25.7096 4383361
25.7405 4384801
25.7417 4386241
25.7429 4387681
25.7441 4389121
25.7453 4390561
25.7465 4392001
25.7774 4393441
25.7786 4394881
25.7798 4396321
25.781 4397761
25.7822 4399201
25.7834 4400641
25.7846 4402081
25.8143 4403521
25.8155 4404961
25.8167 4406401
25.8179 4407841
25.8191 4409281
25.8203 4410721
25.8215 4412161
25.8227 4413601
25.8524 4415041
25.8536 4416481
25.8548 4417921
25.856 4419361
25.8575 4420801
25.8587 4422241
25.8599 4423681
25.8611 4425121
25.8623 4426561
25.8905 4428001
25.8917 4429441
25.8929 4430881
25.8941 4432321
25.8956 4433761
25.8968 4435201
25.898 4436641
25.8992 4438081
25.9274 4439521
25.9286 4440961
25.9298 4442401
25.931 4443841
25.9325 4445281
25.9337 4446721
25.9643 4448161
25.9655 4449601
25.9667 4451041
25.9679 4452481
25.969 4453921
25.9702 4455361
25.9714 4456801
25.9726 4458241
25.9738 4459681
26.0012 4461121
26.0024 4462561
26.0035 4464001
26.0047 4465441
26.0059 4466881
26.0071 4468321
26.0083 4469761
26.0095 4471201
26.0107 4472641
26.0119 4474081
26.0395 4475521
26.0406 4476961
26.0418 4478401
26.043 4479841
26.0442 4481281
26.0454 4482721
26.0466 4484161
26.0478 4485601
26.049 4487041
26.0502 4488481
26.0514 4489921
26.0777 4491361
26.0789 4492801
26.0801 4494241
26.0813 4495681
26.0825 4497121
26.0837 4498561
26.0849 4500001
26.0861 4501441
26.0873 4502881
26.0885 4504321
26.1146 4505761
26.1158 4507201
26.117 4508641
26.1182 4510081
26.1194 4511521
26.1206 4512961
26.1218 4514401
26.123 4515841
26.1242 4517281
26.1254 4518721
26.1515 4520161
26.1527 4521601
26.1539 4523041
26.1551 4524481
26.1563 4525921
26.1575 4527361
26.1587 4528801
26.1599 4530241
26.161 4531681
26.1622 4533121
26.1634 4534561
26.1884 4536001
26.1896 4537441
26.1908 4538881
26.192 4540321
26.1932 4541761
26.1944 4543201
26.1955 4544641
26.1967 4546081
26.1979 4547521
26.1991 4548961
26.2003 4550401
26.2015 4551841
26.2265 4553281
26.2277 4554721
26.2289 4556161
26.23 4557601
26.2312 4559041
26.2324 4560481
26.2336 4561921
26.2348 4563361
26.236 4564801
26.2372 4566241
26.2384 4567681
26.2396 4569121
26.2408 4570561
26.2645 4572001
26.2657 4573441
26.2669 4574881
26.2681 4576321
26.2693 4577761
26.2705 4579201
26.2717 4580641
26.2729 4582081
26.2741 4583521
26.2753 4584961
26.2768 4586401
26.278 4587841
26.3014 4589281
26.3026 4590721
26.3038 4592161
26.305 4593601
26.3062 4595041
26.3074 4596481
26.3086 4597921
26.3098 4599361
26.311 4600801
26.3122 4602241
26.3134 4603681
26.3146 4605121
26.3158 4606561
26.3383 4608001
26.3395 4609441
26.3407 4610881
26.3419 4612321
26.3431 4613761
26.3443 4615201
26.3455 4616641
26.3467 4618081
26.3479 4619521
26.3491 4620961
26.3503 4622401
26.3515 4623841
26.3527 4625281
26.3539 4626721
26.3768 4628161
26.378 4629601
26.3792 4631041
26.3804 4632481
26.3816 4633921
26.3828 4635361
26.384 4636801
26.3852 4638241
26.3864 4639681
26.3876 4641121
26.3887 4642561
26.3899 4644001
26.3911 4645441
26.3923 4646881
26.3935 4648321
26.4149 4649761
26.4161 4651201
26.4173 4652641
26.4185 4654081
26.4197 4655521
26.4209 4656961
26.422 4658401
26.4232 4659841
26.4244 4661281
26.4256 4662721
26.4268 4664161
26.428 4665601
26.4292 4667041
26.4304 4668481
26.4518 4669921
26.4533 4671361
26.4545 4672801
26.4557 4674241
26.4569 4675681
26.458 4677121
26.4592 4678561
26.4604 4680001
26.4616 4681441
26.4628 4682881
26.464 4684321
26.4652 4685761
26.4664 4687201
26.4676 4688641
26.4688 4690081
26.4887 4691521
26.4899 4692961
26.4914 4694401
26.4925 4695841
26.4941 4697281
26.5366 4698721
26.5366 4700161
26.5366 4701601
26.5366 4703041
26.5366 4704481
26.5366 4705921
26.5366 4707361
26.5366 4708801
26.5366 4710241
26.5366 4711681
26.5366 4713121
26.5366 4714561
26.5366 4716001
26.5366 4717441
26.5366 4718881
26.5366 4720321
26.5366 4721761
26.5366 4723201
26.5648 4724641
26.5663 4726081
26.5675 4727521
26.5699 4728961
26.5711 4730401
26.5723 4731841
26.5735 4733281
26.6035 4734721
26.6047 4736161
26.6072 4737601
26.6084 4739041
26.6096 4740481
26.6108 4741921
26.6404 4743361
26.6416 4744801
26.6441 4746241
26.6453 4747681
26.6465 4749121
26.6477 4750561
26.6773 4752001
26.6785 4753441
26.681 4754881
26.6822 4756321
26.6834 4757761
26.6846 4759201
26.6858 4760641
26.7142 4762081
26.7154 4763521
26.7183 4764961
26.7195 4766401
26.7207 4767841
26.7219 4769281
26.7231 4770721
26.7243 4772161
26.7564 4773601
26.7576 4775041
26.7588 4776481
26.76 4777921
26.7611 4779361
26.7623 4780801
26.7635 4782241
26.7647 4783681
26.7659 4785121
26.7945 4786561
26.7956 4788001
26.7968 4789441
26.798 4790881
26.7992 4792321
26.8004 4793761
26.8016 4795201
26.8028 4796641
26.8317 4798081
26.8329 4799521
26.8341 4800961
26.8353 4802401
26.8365 4803841
26.8377 4805281
26.8389 4806721
26.8401 4808161
26.8686 4809601
26.8698 4811041
26.871 4812481
26.8722 4813921
26.8734 4815361
26.8746 4816801
26.8758 4818241
26.877 4819681
26.8782 4821121
26.9055 4822561
26.9067 4824001
26.9079 4825441
26.9091 4826881
26.9103 4828321
26.9115 4829761
26.9127 4831201
26.9139 4832641
26.9151 4834081
26.9163 4835521
26.9436 4836961
26.9448 4838401
26.946 4839841
26.9472 4841281
26.9484 4842721
26.9496 4844161
26.9508 4845601
26.9521 4847041
26.9533 4848481
26.9545 4849921
26.9557 4851361
26.9817 4852801
26.9829 4854241
26.9841 4855681
26.9853 4857121
26.9865 4858561
26.9877 4860001
27.031 4861441
27.031 4862881
27.031 4864321
27.031 4865761
27.031 4867201
27.031 4868641
27.031 4870081
27.031 4871521
27.031 4872961
27.031 4874401
27.031 4875841
27.031 4877281
27.031 4878721
27.0644 4880161
27.0656 4881601
27.0667 4883041
27.0679 4884481
27.1024 4885921
27.1036 4887361
27.1048 4888801
27.106 4890241
27.1405 4891681
27.1417 4893121
27.1429 4894561
27.1441 4896001
27.1453 4897441
27.1786 4898881
27.1798 4900321
27.181 4901761
27.1822 4903201
27.2155 4904641
27.2167 4906081
27.2179 4907521
27.2191 4908961
27.2203 4910401
27.2524 4911841
27.2536 4913281
27.2548 4914721
27.256 4916161
27.2572 4917601
27.2584 4919041
27.2905 4920481
27.2917 4921921
27.2929 4923361
27.2941 4924801
27.2953 4926241
27.2965 4927681
27.3286 4929121
27.3298 4930561
27.3309 4932001
27.3321 4933441
27.3333 4934881
27.3345 4936321
27.3357 4937761
27.3666 4939201
27.3678 4940641
27.369 4942081
27.3702 4943521
27.3714 4944961
27.3726 4946401
27.4035 4947841
27.4047 4949281
27.4059 4950721
27.4071 4952161
27.4083 4953601
27.4095 4955041
27.4107 4956481
27.4404 4957921
27.4416 4959361
27.4428 4960801
27.444 4962241
27.4452 4963681
27.4464 4965121
27.4476 4966561
27.4488 4968001
27.4785 4969441
27.4797 4970881
27.4809 4972321
27.4821 4973761
27.4833 4975201
27.4845 4976641
27.4857 4978081
27.4869 4979521
27.4881 4980961
27.5166 4982401
27.5178 4983841
27.519 4985281
27.5202 4986721
27.5214 4988161
27.5226 4989601
27.5238 4991041
27.525 4992481
27.5535 4993921
27.5547 4995361
27.5559 4996801
27.5571 4998241
27.5583 4999681
27.5595 5001121
27.5607 5002561
27.5618 5004001
27.5904 5005441
27.5919 5006881
27.5931 5008321
27.5943 5009761
27.5955 5011201
27.5967 5012641
27.5979 5014081
27.5991 5015521
27.6003 5016961
27.6273 5018401
27.6288 5019841
27.63 5021281
27.6312 5022721
27.6324 5024161
27.6336 5025601
27.6348 5027041
27.636 5028481
27.6372 5029921
27.6384 5031361
27.6657 5032801
27.6669 5034241
27.6681 5035681
27.6693 5037121
27.6705 5038561
27.6717 5040001
27.6729 5041441
27.6741 5042881
27.6753 5044321
27.6765 5045761
27.6777 5047201
27.7038 5048641
27.705 5050081
27.7062 5051521
27.7074 5052961
27.7086 5054401
27.7098 5055841
27.711 5057281
27.7122 5058721
27.7134 5060161
27.7146 5061601
27.7407 5063041
27.7419 5064481
27.7431 5065921
27.7443 5067361
27.7458 5068801
27.747 5070241
27.7482 5071681
27.7494 5073121
27.7506 5074561
27.7518 5076001
27.753 5077441
27.7776 5078881
27.7788 5080321
27.78 5081761
27.7812 5083201
27.7827 5084641
27.7839 5086081
27.7851 5087521
27.7863 5088961
27.7875 5090401
27.7887 5091841
27.7899 5093281
27.7911 5094721
27.8157 5096161
27.8169 5097601
27.8181 5099041
27.8193 5100481
27.8208 5101921
27.822 5103361
27.8232 5104801
27.8244 5106241
27.8256 5107681
27.8268 5109121
27.8279 5110561
27.8291 5112001
27.8303 5113441
27.8538 5114881
27.855 5116321
27.8562 5117761
27.8573 5119201
27.8589 5120641
27.8601 5122081
27.8613 5123521
27.8624 5124961
27.8636 5126401
27.8648 5127841
27.866 5129281
27.8672 5130721
27.8907 5132161
27.8918 5133601
27.893 5135041
27.8942 5136481
27.8958 5137921
27.8969 5139361
27.8981 5140801
27.8993 5142241
27.9005 5143681
27.9017 5145121
27.9029 5146561
27.9041 5148001
27.9279 5149441
27.9291 5150881
27.9303 5152321
27.9315 5153761
27.9327 5155201
27.9339 5156641
27.9351 5158081
27.9363 5159521
27.9375 5160961
27.9387 5162401
27.9399 5163841
27.9411 5165281
27.9423 5166721
27.9648 5168161
27.966 5169601
27.9672 5171041
27.9684 5172481
27.9696 5173921
27.9708 5175361
27.972 5176801
27.9732 5178241
27.9744 5179681
27.9756 5181121
27.9768 5182561
27.978 5184001
27.9792 5185441
27.9804 5186881
28.0029 5188321
28.0041 5189761
28.0053 5191201
28.0065 5192641
28.0077 5194081
28.0089 5195521
28.0101 5196961
28.0113 5198401
28.0125 5199841
28.0137 5201281
28.0148 5202721
28.016 5204161
28.0172 5205601
28.0184 5207041
28.0196 5208481
28.041 5209921
28.0422 5211361
28.0434 5212801
28.0446 5214241
28.0458 5215681
28.047 5217121
28.0482 5218561
28.0493 5220001
28.0505 5221441
28.0517 5222881
28.0529 5224321
28.0541 5225761
28.0553 5227201
28.0565 5228641
28.0779 5230081
28.0791 5231521
28.0803 5232961
28.0815 5234401
28.0827 5235841
28.0838 5237281
28.085 5238721
28.0862 5240161
28.0874 5241601
28.0886 5243041
28.0898 5244481
28.091 5245921
28.0922 5247361
28.0934 5248801
28.0946 5250241
28.1148 5251681
28.1576 5253121
28.1576 5254561
28.1576 5256001
28.1576 5257441
28.1576 5258881
28.1576 5260321
28.1576 5261761
28.1576 5263201
28.1576 5264641
28.1576 5266081
28.1576 5267521
28.1576 5268961
28.1576 5270401
28.1576 5271841
28.1576 5273281
28.1576 5274721
28.1576 5276161
28.1576 5277601
28.1672 5279041
28.1684 5280481
28.1696 5281921
28.191 5283361
28.1922 5284801
28.1933 5286241
28.1945 5287681
28.2053 5289121
28.2065 5290561
28.2278 5292001
28.229 5293441
28.2302 5294881
28.2314 5296321
28.2426 5297761
28.2438 5299201
28.2647 5300641
28.2659 5302081
28.2671 5303521
28.2683 5304961
28.2795 5306401
28.2806 5307841
28.3016 5309281
28.3028 5310721
28.304 5312161
28.3052 5313601
28.3064 5315041
28.3163 5316481
28.3175 5317921
28.3389 5319361
28.3401 5320801
28.3413 5322241
28.3425 5323681
28.3437 5325121
28.3449 5326561
28.3544 5328001
28.3556 5329441
28.377 5330881
28.3782 5332321
28.3794 5333761
28.3807 5335201
28.3819 5336641
28.3831 5338081
28.3843 5339521
28.3925 5340961
28.3937 5342401
28.4151 5343841
28.4163 5345281
28.4176 5346721
28.4188 5348161
28.42 5349601
28.4212 5351041
28.4294 5352481
28.4306 5353921
28.452 5355361
28.4532 5356801
28.4545 5358241
28.4557 5359681
28.4569 5361121
28.4581 5362561
28.4663 5364001
28.4675 5365441
28.4687 5366881
28.4888 5368321
28.49 5369761
28.4914 5371201
28.4926 5372641
28.4938 5374081
28.495 5375521
28.5032 5376961
28.5044 5378401
28.5057 5379841
28.5069 5381281
28.5269 5382721
28.5281 5384161
28.5295 5385601
28.5307 5387041
28.5319 5388481
28.5331 5389921
28.5413 5391361
28.5425 5392801
28.5438 5394241
28.545 5395681
28.5462 5397121
28.565 5398561
28.5662 5400001
28.5676 5401441
28.5688 5402881
28.57 5404321
28.5712 5405761
28.5793 5407201
28.5805 5408641
28.5819 5410081
28.5831 5411521
28.6019 5412961
28.6031 5414401
28.6045 5415841
28.6057 5417281
28.6071 5418721
28.6083 5420161
28.6162 5421601
28.6174 5423041
28.6188 5424481
28.62 5425921
28.6388 5427361
28.64 5428801
28.6414 5430241
28.6426 5431681
28.6437 5433121
28.6449 5434561
28.6461 5436001
28.6531 5437441
28.6543 5438881
28.6557 5440321
28.6569 5441761
28.6757 5443201
28.6769 5444641
28.6782 5446081
28.6794 5447521
28.6806 5448961
28.6818 5450401
28.683 5451841
28.6842 5453281
28.6912 5454721
28.6924 5456161
28.6938 5457601
28.695 5459041
28.7138 5460481
28.715 5461921
28.7167 5463361
28.7179 5464801
28.7191 5466241
28.7203 5467681
28.7215 5469121
28.7227 5470561
28.7239 5472001
28.7293 5473441
28.7305 5474881
28.7319 5476321
28.7331 5477761
28.7519 5479201
28.7531 5480641
28.7548 5482081
28.756 5483521
28.7572 5484961
28.7584 5486401
28.7596 5487841
28.7608 5489281
28.7662 5490721
28.7674 5492161
28.7687 5493601
28.7699 5495041
28.7887 5496481
28.7899 5497921
28.7917 5499361
28.8334 5500801
28.8334 5502241
28.8334 5503681
28.8334 5505121
28.8334 5506561
28.8334 5508001
28.8334 5509441
28.8334 5510881
28.8334 5512321
28.8334 5513761
28.8334 5515201
28.8334 5516641
28.8334 5518081
28.8334 5519521
28.8334 5520961
28.8334 5522401
28.8637 5523841
28.8655 5525281
28.8667 5526721
28.8679 5528161
28.8691 5529601
28.8703 5531041
28.9024 5532481
28.9036 5533921
28.9048 5535361
28.906 5536801
28.9072 5538241
28.9084 5539681
28.9405 5541121
28.9417 5542561
28.9429 5544001
28.9441 5545441
28.9453 5546881
28.9465 5548321
28.979 5549761
28.9801 5551201
28.9813 5552641
28.9825 5554081
28.9837 5555521
28.9849 5556961
28.9861 5558401
29.017 5559841
29.0182 5561281
29.0194 5562721
29.0206 5564161
29.0218 5565601
29.023 5567041
29.0539 5568481
29.0551 5569921
29.0563 5571361
29.0575 5572801
29.0587 5574241
29.0599 5575681
29.0611 5577121
29.0908 5578561
29.092 5580001
29.0932 5581441
29.0944 5582881
29.0956 5584321
29.0968 5585761
29.098 5587201
29.0992 5588641
29.1289 5590081
29.1301 5591521
29.1313 5592961
29.1325 5594401
29.1337 5595841
29.1349 5597281
29.1361 5598721
29.1373 5600161
29.1385 5601601
29.167 5603041
29.1682 5604481
29.1694 5605921
29.1706 5607361
29.1718 5608801
29.173 5610241
29.1742 5611681
29.1754 5613121
29.2039 5614561
29.2051 5616001
29.2063 5617441
29.2075 5618881
29.2087 5620321
29.2099 5621761
29.211 5623201
29.2122 5624641
29.2408 5626081
29.242 5627521
29.2432 5628961
29.2444 5630401
29.2459 5631841
29.2471 5633281
29.2483 5634721
29.2495 5636161
29.2507 5637601
29.2777 5639041
29.2789 5640481
29.28 5641921
29.2812 5643361
29.2828 5644801
29.284 5646241
29.2876 5647681
29.2888 5649121
29.29 5650561
29.2912 5652001
29.3157 5653441
29.3169 5654881
29.3181 5656321
29.3193 5657761
29.3213 5659201
29.3225 5660641
29.3257 5662081
29.3269 5663521
29.3281 5664961
29.3293 5666401
29.3305 5667841
29.3542 5669281
29.3554 5670721
29.3566 5672161
29.3578 5673601
29.3594 5675041
29.3606 5676481
29.3638 5677921
29.365 5679361
29.3662 5680801
29.3674 5682241
29.3911 5683681
29.3923 5685121
29.3935 5686561
29.3947 5688001
29.3963 5689441
29.3975 5690881
29.4007 5692321
29.4019 5693761
29.4031 5695201
29.4043 5696641
29.4055 5698081
29.4287 5699521
29.4299 5700961
29.4311 5702401
29.4323 5703841
29.4335 5705281
29.4347 5706721
29.4376 5708161
29.4388 5709601
29.44 5711041
29.4412 5712481
29.4423 5713921
29.4435 5715361
29.4668 5716801
29.468 5718241
29.4692 5719681
29.4704 5721121
29.472 5722561
29.4732 5724001
29.476 5725441
29.4772 5726881
29.4784 5728321
29.4796 5729761
29.543 5731201
29.543 5732641
29.543 5734081
29.543 5735521
29.543 5736961
29.543 5738401
29.543 5739841
29.543 5741281
29.543 5742721
29.543 5744161
29.543 5745601
29.543 5747041
29.543 5748481
29.543 5749921
29.543 5751361
29.5538 5752801
29.5551 5754241
29.5566 5755681
29.5787 5757121
29.5799 5758561
29.5919 5760001
29.5931 5761441
29.6156 5762881
29.6168 5764321
29.6288 5765761
29.63 5767201
29.6312 5768641
29.6524 5770081
29.654 5771521
29.6657 5772961
29.6669 5774401
29.6681 5775841
29.6693 5777281
29.6909 5778721
29.6921 5780161
29.7038 5781601
29.705 5783041
29.7062 5784481
29.7074 5785921
29.729 5787361
29.7302 5788801
29.7314 5790241
29.7419 5791681
29.7431 5793121
29.7443 5794561
29.7455 5796001
29.7671 5797441
29.7683 5798881
29.7788 5800321
29.78 5801761
29.7812 5803201
29.7824 5804641
29.804 5806081
29.8052 5807521
29.8157 5808961
29.8169 5810401
29.8181 5811841
29.8193 5813281
29.8205 5814721
29.8409 5816161
29.842 5817601
29.8526 5819041
29.8538 5820481
29.855 5821921
29.8561 5823361
29.8573 5824801
29.8585 5826241
29.8789 5827681
29.8801 5829121
29.8906 5830561
29.8918 5832001
29.893 5833441
29.8942 5834881
29.8954 5836321
29.8966 5837761
29.8978 5839201
29.917 5840641
29.9182 5842081
29.9287 5843521
29.9299 5844961
29.9311 5846401
29.9323 5847841
29.9335 5849281
29.9347 5850721
29.9539 5852161
29.9551 5853601
29.9656 5855041
29.9668 5856481
29.968 5857921
29.9692 5859361
29.9704 5860801
29.9716 5862241
29.9908 5863681
29.992 5865121
29.9932 5866561
30.0025 5868001
30.0037 5869441
30.0049 5870881
30.0061 5872321
30.0073 5873761
30.0085 5875201
30.0277 5876641
30.0289 5878081
30.0301 5879521
30.0313 5880961
30.0406 5882401
30.0418 5883841
30.043 5885281
30.0442 5886721
30.0454 5888161
30.0466 5889601
30.0662 5891041
30.0674 5892481
30.0685 5893921
30.0697 5895361
30.0787 5896801
30.0799 5898241
30.0811 5899681
30.0823 5901121
30.0835 5902561
30.0847 5904001
30.0858 5905441
