0.0 0
0.158217 0.158
0.319149 0.158375
0.481234 0.158828
0.643319 0.159225
0.804209 0.179697
0.806599 0.177609
0.966819 0.175658
0.96921 0.174326
0.9716 0.17316
1.12937 0.17189
1.13176 0.171029
1.13415 0.170275
1.13654 0.169616
1.29072 0.188289
1.29311 0.185253
1.2955 0.182596
1.29789 0.180522
1.30028 0.178706
1.30267 0.177118
1.45207 0.194478
1.45446 0.190669
1.45685 0.18721
1.45924 0.184559
1.46163 0.182239
1.46402 0.180334
1.46641 0.178917
1.4688 0.177553
1.47119 0.176484
1.61342 0.193298
1.61581 0.189511
1.6182 0.186322
1.62059 0.183782
1.62298 0.181559
1.62537 0.179614
1.62776 0.178162
1.63015 0.177017
1.63255 0.17589
1.63494 0.175154
1.63733 0.174634
1.63972 0.17418
1.64211 0.174158
1.6445 0.174013
1.77597 0.172511
1.77836 0.171572
1.78075 0.170751
1.78314 0.170032
1.78553 0.169653
1.78792 0.169321
1.79031 0.169156
1.7927 0.169262
1.79509 0.169354
1.79748 0.169435
1.79987 0.169755
1.80226 0.170036
1.80465 0.170281
1.80704 0.170871
1.80943 0.171387
1.81183 0.171714
1.81422 0.172375
1.81661 0.172953
1.819 0.173334
1.82139 0.174042
1.82378 0.174662
1.93852 0.173204
1.94091 0.172179
1.9433 0.171281
1.94569 0.170496
1.94808 0.170184
1.95047 0.169786
1.95286 0.169438
1.95525 0.169508
1.95764 0.16957
1.96003 0.169623
1.96242 0.16992
1.96481 0.17018
1.9672 0.170408
1.96959 0.170857
1.97198 0.17125
1.97437 0.171719
1.97676 0.172379
1.97915 0.172956
1.98154 0.173462
1.98393 0.174154
1.98632 0.17476
1.98871 0.17529
1.99111 0.176129
1.9935 0.176863
1.99589 0.17738
1.99828 0.178207
2.00067 0.178931
2.00306 0.17969
2.00545 0.180604
2.00784 0.181278
2.01023 0.181993
2.09987 0.193744
2.10226 0.190026
2.10465 0.186773
2.10704 0.184301
2.10943 0.182014
2.11182 0.180012
2.11421 0.178635
2.1166 0.177306
2.11899 0.176143
2.12138 0.1755
2.12377 0.174937
2.12616 0.174445
2.12855 0.174265
2.13094 0.174107
2.13333 0.173968
2.13572 0.174097
2.13811 0.174335
2.1405 0.174543
2.1429 0.174975
2.14529 0.175353
2.14768 0.175684
2.15007 0.176349
2.15246 0.17693
2.15485 0.177314
2.15724 0.178025
2.15963 0.178647
2.16202 0.179191
2.16441 0.179917
2.1668 0.180552
2.16919 0.181233
2.17158 0.182079
2.17397 0.182694
2.17636 0.183357
2.17875 0.184188
2.18114 0.184914
2.18353 0.18555
2.18592 0.186356
2.18831 0.187187
2.1907 0.187788
2.19309 0.18869
2.19548 0.189479
2.19787 0.190044
2.20026 0.190913
2.20266 0.191674
2.20505 0.192465
2.20744 0.193407
2.20983 0.194106
2.26242 0.190218
2.26481 0.187065
2.2672 0.184307
2.26959 0.181894
2.27198 0.180032
2.27437 0.178403
2.27676 0.176978
2.27915 0.176106
2.28154 0.175342
2.28393 0.17455
2.28632 0.174231
2.28871 0.173952
2.2911 0.173833
2.29349 0.173979
2.29588 0.173982
2.29827 0.174109
2.30066 0.17447
2.30305 0.174786
2.30544 0.175063
2.30783 0.175555
2.31022 0.176111
2.31261 0.176472
2.315 0.177163
2.31739 0.177768
2.31978 0.178172
2.32218 0.1789
2.32457 0.179538
2.32696 0.180095
2.32935 0.180959
2.33174 0.181589
2.33413 0.182265
2.33652 0.183107
2.33891 0.183719
2.3413 0.184379
2.34369 0.185206
2.34608 0.186056
2.34847 0.186674
2.35086 0.187464
2.35325 0.188281
2.35564 0.188871
2.35803 0.189762
2.36042 0.190542
2.36281 0.191224
2.3652 0.192196
2.36759 0.192922
2.36998 0.193556
2.37237 0.194487
2.37476 0.195301
2.37715 0.196013
2.37954 0.196887
2.38194 0.197651
2.38433 0.19832
2.38672 0.199155
2.38911 0.20001
2.3915 0.200759
2.39389 0.201664
2.39628 0.202456
2.39867 0.203149
2.40106 0.20413
2.40345 0.204864
2.40584 0.205506
2.40823 0.206443
2.41062 0.207263
2.41301 0.20798
2.4154 0.208857
2.41779 0.209625
2.42018 0.210297
2.42257 0.211135
2.42496 0.211868
2.42735 0.212634
2.42974 0.213555
2.43213 0.208111
2.43452 0.203347
2.43691 0.199429
2.4393 0.196
2.4417 0.193
2.44409 0.19075
2.44648 0.188781
2.44887 0.186934
2.45126 0.185692
2.45365 0.184605
2.45604 0.183655
2.45843 0.183073
2.46082 0.182564
2.46321 0.182243
2.4656 0.182213
2.46799 0.182061
2.47038 0.182054
2.47277 0.182297
2.47516 0.18251
2.47755 0.182696
2.47994 0.183109
2.48233 0.183595
2.48472 0.183896
2.48711 0.184534
2.4895 0.185092
2.49189 0.185456
2.49428 0.186149
2.49667 0.186755
2.49906 0.187411
2.50145 0.188234
2.50385 0.18883
2.50624 0.189476
2.50863 0.190292
2.51102 0.191005
2.51341 0.19163
2.5158 0.192426
2.51819 0.193248
2.52058 0.193842
2.52297 0.194612
2.52536 0.19541
2.52775 0.196109
2.53014 0.197095
2.53253 0.197833
2.53492 0.198479
2.53731 0.199419
2.5397 0.200117
2.54209 0.200852
2.54448 0.201746
2.54687 0.202527
2.54926 0.203212
2.55165 0.20406
2.55404 0.204928
2.55643 0.205562
2.55882 0.206366
2.56121 0.207196
2.56361 0.207921
2.566 0.208806
2.56839 0.20958
2.57078 0.210258
2.57317 0.211226
2.57556 0.211947
2.57795 0.212579
2.58034 0.213507
2.58273 0.214318
2.58512 0.215028
2.58751 0.2159
2.5899 0.216662
2.59229 0.217455
2.59468 0.218398
2.59707 0.219223
2.59946 0.219945
2.60185 0.220827
2.60424 0.221599
2.60663 0.222274
2.60902 0.22324
2.61141 0.224085
2.6138 0.224699
2.61619 0.225612
2.61858 0.22641
2.62097 0.226984
2.62337 0.227861
2.62576 0.228628
2.62815 0.229425
2.63054 0.230372
2.63293 0.231075
2.63532 0.231816
2.63771 0.232714
2.6401 0.2335
2.64249 0.234187
2.64488 0.235039
2.64727 0.235909
2.64966 0.236545
2.65205 0.237477
2.65444 0.238292
2.65683 0.238881
2.65922 0.239771
2.66161 0.240549
2.664 0.241356
2.66639 0.242311
2.66878 0.243022
2.67119 0.24377
3.20065 0.236548
3.20304 0.230355
3.20543 0.22481
3.20782 0.219959
3.21021 0.215839
3.2126 0.212109
3.21499 0.208846
3.21738 0.206115
3.21977 0.203601
3.22216 0.201526
3.22455 0.199585
3.22694 0.198012
3.22933 0.196885
3.23172 0.196025
3.23411 0.195522
3.2365 0.194956
3.23889 0.194462
3.24128 0.194029
3.24367 0.19365
3.24606 0.193444
3.24845 0.193139
3.25084 0.192871
3.25324 0.192887
3.25563 0.192776
3.25802 0.192804
3.26041 0.192704
3.2628 0.192616
3.26519 0.192664
3.26758 0.192581
3.26997 0.192508
3.27236 0.19257
3.27475 0.192499
3.27714 0.192561
3.27953 0.192491
3.28192 0.19243
3.28431 0.192501
3.2867 0.192438
3.28909 0.192509
3.29148 0.192445
3.29387 0.192389
3.29626 0.192466
3.29865 0.192407
3.30104 0.192482
3.30463 0.192546
3.30702 0.192728
3.30941 0.192887
3.3118 0.192901
3.31419 0.193039
3.31658 0.193159
3.31897 0.193139
3.32136 0.193247
3.32375 0.193216
3.32614 0.193314
3.32853 0.1934
3.33092 0.19335
3.33331 0.193431
3.3357 0.193377
3.33809 0.193455
3.34048 0.193523
3.34288 0.193458
3.34527 0.193525
3.34766 0.19346
3.35124 0.193652
3.35363 0.193821
3.35602 0.193968
3.35841 0.194097
3.3608 0.194085
3.36319 0.194199
3.36558 0.194299
3.36797 0.194262
3.37036 0.194354
3.37276 0.194435
3.37515 0.194506
3.37754 0.194567
3.37993 0.194496
3.38232 0.194559
3.38471 0.194614
3.3871 0.194663
3.38949 0.194705
3.39188 0.194617
3.39427 0.19454
3.39666 0.194347
3.39905 0.194304
3.40144 0.194266
3.40383 0.194108
3.40622 0.194094
3.40861 0.194082
3.411 0.194072
3.41339 0.194063
3.41578 0.19393
3.41817 0.193939
3.42056 0.193572
3.42295 0.192875
3.42534 0.192391
3.42773 0.191967
3.43012 0.191596
3.43252 0.191272
3.43491 0.190863
3.4373 0.19063
3.43969 0.190426
3.44208 0.190248
3.44447 0.190092
3.44686 0.18983
3.44925 0.189727
3.45164 0.189636
3.45403 0.189556
3.45642 0.189487
3.45881 0.189426
3.4612 0.189373
3.46359 0.189326
3.46598 0.18916
3.46837 0.18914
3.47076 0.189123
3.47315 0.189107
3.47554 0.189094
3.47793 0.188957
3.48032 0.188963
3.48271 0.188967
3.4851 0.188971
3.48749 0.188975
3.48988 0.188853
3.49227 0.188746
3.49467 0.188528
3.49706 0.188462
3.49945 0.188404
3.50184 0.188229
3.50423 0.1882
3.50662 0.188175
3.50901 0.188153
3.5114 0.188134
3.51379 0.187992
3.51618 0.187993
3.51857 0.187994
3.52096 0.18787
3.52335 0.187886
3.52574 0.187775
3.52813 0.187803
3.53052 0.187828
3.53291 0.187725
3.5353 0.187759
3.53769 0.187539
3.54008 0.187472
3.54247 0.187288
3.54486 0.187127
3.54725 0.187111
3.54964 0.186972
3.55203 0.186976
3.55443 0.186979
3.55682 0.186856
3.55921 0.186874
3.5616 0.186765
3.56399 0.186669
3.56638 0.186711
3.56877 0.186622
3.57116 0.186669
3.57355 0.186585
3.57594 0.186512
3.57833 0.186573
3.58072 0.186502
3.58311 0.186564
3.5855 0.186493
3.58789 0.186432
3.59028 0.186503
3.59267 0.18644
3.59506 0.18651
3.59745 0.186446
3.59984 0.18639
3.60223 0.186467
3.60462 0.186408
3.60701 0.186482
3.6094 0.186547
3.61179 0.186479
3.61419 0.186544
3.61658 0.186476
3.61897 0.186416
3.62136 0.186489
3.62375 0.186428
3.62614 0.1865
3.62853 0.186437
3.63092 0.186383
3.63331 0.18646
3.6357 0.186402
3.63809 0.186477
3.64048 0.186417
3.64287 0.186365
3.64526 0.186445
3.64765 0.186389
3.65004 0.186465
3.65243 0.186532
3.65482 0.186466
3.65721 0.186532
3.6596 0.186466
3.66199 0.186408
3.66438 0.186482
3.66677 0.186421
3.66916 0.186494
3.67155 0.186432
3.67395 0.186378
3.67634 0.186456
3.67873 0.186399
3.68112 0.186474
3.68351 0.186415
3.6859 0.186363
3.68829 0.186443
3.69068 0.186387
3.69307 0.186464
3.69546 0.186406
3.69785 0.186355
3.70024 0.186436
3.70263 0.186381
3.70502 0.186459
3.70741 0.186526
3.7098 0.18646
3.71219 0.186528
3.71458 0.186462
3.71697 0.186404
3.71936 0.186479
3.72175 0.186419
3.72414 0.186491
3.72653 0.18643
3.72892 0.186376
3.73131 0.186454
3.73371 0.186397
3.7361 0.186473
3.73849 0.186414
3.74088 0.186362
3.74327 0.186442
3.74566 0.186387
3.74805 0.186463
3.75044 0.18653
3.75283 0.186464
3.75522 0.186531
3.75761 0.186465
3.76 0.186407
3.76239 0.186481
3.76478 0.186421
3.76717 0.186493
3.76956 0.186431
3.77195 0.186377
3.77434 0.186455
3.77673 0.186398
3.77912 0.186474
3.78151 0.186414
3.7839 0.186363
3.78629 0.186442
3.78868 0.186387
3.79107 0.186464
3.79347 0.186406
3.79586 0.186355
3.79825 0.186436
3.80064 0.186381
3.80303 0.186458
3.80542 0.186526
3.80781 0.18646
3.8102 0.186528
3.81259 0.186462
3.81498 0.186404
3.81737 0.186479
3.81976 0.186419
3.82215 0.186491
3.82454 0.18643
3.82693 0.186376
3.82932 0.186454
3.83171 0.186397
3.8341 0.186473
3.83649 0.186414
3.83888 0.186362
3.84127 0.186442
3.84366 0.186387
3.84605 0.186463
3.84844 0.18653
3.85083 0.186464
3.85323 0.186531
3.85562 0.186465
3.85801 0.186532
3.8604 0.18659
3.86279 0.186516
3.86518 0.186577
3.86757 0.186505
3.86996 0.186442
3.87235 0.186511
3.87474 0.186447
3.87713 0.186517
3.87952 0.186452
3.88191 0.186395
3.8843 0.186471
3.88669 0.186412
3.88908 0.186486
3.89147 0.186425
3.89386 0.186372
3.89625 0.18645
3.89864 0.186394
3.90103 0.18647
3.90342 0.186536
3.90581 0.186469
3.9082 0.186535
3.91059 0.186468
3.91299 0.18641
3.91538 0.186484
3.91777 0.186423
3.92016 0.186495
3.92255 0.186433
3.92494 0.186379
3.92733 0.186457
3.92972 0.1864
3.93211 0.186475
3.9345 0.186415
3.93689 0.186363
3.93928 0.186443
3.94167 0.186388
3.94406 0.186464
3.94645 0.186531
3.94884 0.186465
3.95123 0.186532
3.95362 0.186465
3.95601 0.186532
3.9584 0.186591
3.96079 0.186517
3.96318 0.186827
3.96557 0.187099
3.96796 0.187211
3.97035 0.187435
3.97274 0.187631
3.97514 0.187802
3.97753 0.187952
3.97992 0.187958
3.98231 0.188088
3.9847 0.188202
3.98709 0.188302
3.98948 0.188389
3.99187 0.18834
3.99426 0.188423
3.99665 0.188495
3.99904 0.188558
4.00143 0.188613
4.00382 0.188662
4.00621 0.188704
4.0086 0.188741
4.01099 0.188648
4.01338 0.188692
4.01577 0.188731
4.01816 0.188764
4.02055 0.188794
4.02294 0.188695
4.02533 0.188733
4.02772 0.188766
4.03011 0.188795
4.0325 0.188821
4.0349 0.188718
4.03729 0.188754
4.03968 0.188784
4.04207 0.188811
4.04446 0.188835
4.04685 0.188731
4.04924 0.188764
4.05163 0.188794
4.05402 0.188819
4.05641 0.188842
4.0588 0.188862
4.06119 0.188879
4.06358 0.188894
4.06597 0.188782
4.06836 0.18881
4.07075 0.188833
4.07314 0.188854
4.07553 0.188872
4.07792 0.188763
4.08031 0.188793
4.0827 0.188819
4.08509 0.188841
4.08748 0.188861
4.08987 0.188754
4.09226 0.188784
4.09466 0.188811
4.09705 0.188835
4.09944 0.188856
4.10183 0.188874
4.10422 0.188889
4.10661 0.188903
4.109 0.18879
4.11139 0.188817
4.11378 0.188839
4.11617 0.18886
4.11856 0.188877
4.12095 0.188767
4.12334 0.188797
4.12573 0.188822
4.12812 0.188844
4.13051 0.188864
4.1329 0.188756
4.13529 0.188786
4.13768 0.188813
4.14007 0.188836
4.14246 0.188857
4.14485 0.18875
4.14724 0.188781
4.14963 0.188808
4.15202 0.188832
4.15442 0.188853
4.15681 0.188872
4.1592 0.188888
4.16159 0.188902
4.16398 0.188789
4.16637 0.188815
4.16876 0.188838
4.17115 0.188859
4.17354 0.188876
4.17593 0.188767
4.17832 0.188796
4.18071 0.188821
4.1831 0.188844
4.18549 0.188863
4.18788 0.188755
4.19027 0.188786
4.19266 0.188813
4.19505 0.188836
4.19744 0.188857
4.19983 0.188875
4.20222 0.18889
4.20461 0.188904
4.207 0.188916
4.20939 0.188926
4.21178 0.188936
4.21418 0.188944
4.21657 0.188951
4.21896 0.188832
4.22135 0.188853
4.22374 0.188871
4.22613 0.188887
4.22852 0.188901
4.23091 0.188789
4.2333 0.188815
4.23569 0.188838
4.23808 0.188858
4.24047 0.188876
4.24286 0.188767
4.24525 0.188796
4.24764 0.188821
4.25003 0.188844
4.25242 0.188863
4.25481 0.18888
4.2572 0.188895
4.25959 0.188908
4.26198 0.188795
4.26437 0.18882
4.26676 0.188843
4.26915 0.188863
4.27154 0.18888
4.27394 0.18877
4.27633 0.188799
4.27872 0.188824
4.28111 0.188846
4.2835 0.188865
4.28589 0.188757
4.28828 0.188787
4.29067 0.188814
4.29306 0.188837
4.29545 0.188858
4.29784 0.188875
4.30023 0.188891
4.30262 0.188905
4.30501 0.188916
4.3074 0.188927
4.30979 0.188936
4.31218 0.188944
4.31457 0.188951
4.31696 0.188832
4.31935 0.188853
4.32174 0.188871
4.32413 0.188888
4.32652 0.188902
4.32891 0.188789
4.3313 0.188815
4.3337 0.188838
4.33609 0.188859
4.33848 0.188876
4.34087 0.188767
4.34326 0.188796
4.34565 0.188821
4.34804 0.188844
4.35043 0.188863
4.35282 0.18888
4.35521 0.188895
4.3576 0.188908
4.35999 0.188795
4.36238 0.18882
4.36477 0.188843
4.36716 0.188863
4.36955 0.18888
4.37194 0.18877
4.37433 0.188799
4.37672 0.188824
4.37911 0.188846
4.3815 0.188865
4.38389 0.188757
4.38628 0.188787
4.38867 0.188814
4.39106 0.188837
4.39346 0.188858
4.39585 0.18875
4.39824 0.188782
4.40063 0.188809
4.40302 0.188833
4.40541 0.188854
4.4078 0.188872
4.41019 0.188888
4.41258 0.188902
4.41497 0.188789
4.41736 0.188816
4.41975 0.188839
4.42214 0.188859
4.42453 0.188876
4.42692 0.188767
4.42931 0.188796
4.4317 0.188822
4.43409 0.188844
4.43648 0.188863
4.43887 0.188755
4.44126 0.188786
4.44365 0.188813
4.44604 0.188836
4.44843 0.188857
4.45082 0.188875
4.45321 0.18889
4.45561 0.188904
4.458 0.188791
4.46039 0.188817
4.46278 0.18884
4.46517 0.18886
4.46756 0.188877
4.46995 0.188768
4.47234 0.188797
4.47473 0.188822
4.47712 0.188844
4.47951 0.188864
4.4819 0.188756
4.48429 0.188786
4.48668 0.188813
4.48907 0.188836
4.49146 0.188857
4.49385 0.18875
4.49624 0.188781
4.49863 0.188808
4.50102 0.188832
4.50341 0.188853
4.5058 0.188872
4.50819 0.188888
4.51058 0.188902
4.51297 0.188789
4.51537 0.188815
4.51776 0.188838
4.52015 0.188859
4.52254 0.188876
4.52493 0.188767
4.52732 0.188796
4.52971 0.188821
4.5321 0.188844
4.53449 0.188863
4.53688 0.188755
4.53927 0.188786
4.54166 0.188813
4.54405 0.188836
4.54644 0.188857
4.54883 0.188875
4.55122 0.18889
4.55361 0.188904
4.556 0.188916
4.55839 0.188926
4.56078 0.188936
4.56317 0.188944
4.56556 0.188951
4.56795 0.188832
4.57034 0.188853
4.57273 0.188871
4.57513 0.188887
4.57752 0.188901
4.57991 0.188789
4.5823 0.188815
4.58469 0.188838
4.58708 0.188858
4.58947 0.188876
4.59186 0.188767
4.59425 0.188796
4.59664 0.188821
4.59903 0.188844
4.60142 0.188863
4.60381 0.18888
4.6062 0.188895
4.60859 0.188908
4.61098 0.188795
4.61337 0.18882
4.61576 0.188843
4.61815 0.188863
4.62054 0.18888
4.62293 0.18877
4.62532 0.188799
4.62771 0.188824
4.6301 0.188846
4.63249 0.188865
4.63489 0.188757
4.63728 0.188787
4.63967 0.188814
4.64206 0.188837
4.64445 0.188858
4.64684 0.188875
4.64923 0.188891
4.65162 0.188905
4.65401 0.188916
4.6564 0.188927
4.65879 0.188936
4.66118 0.188944
4.66357 0.188951
4.66596 0.188832
4.66835 0.188853
4.67074 0.188871
4.67313 0.188888
4.67552 0.188902
4.67791 0.188789
4.6803 0.188815
4.68269 0.188838
4.68508 0.188859
4.68747 0.188876
4.68986 0.188767
4.69225 0.188796
4.69465 0.188821
4.69704 0.188844
4.69943 0.188863
4.70182 0.18888
4.70421 0.188895
4.7066 0.188908
4.70899 0.188795
4.71138 0.18882
4.71377 0.188843
4.71616 0.188863
4.71855 0.18888
4.72094 0.18877
4.72333 0.188799
4.72572 0.188824
4.72811 0.188846
4.7305 0.189115
4.73289 0.189351
4.73528 0.189557
4.73767 0.189737
4.74006 0.19002
4.74245 0.190143
4.74484 0.19025
4.74723 0.190344
4.74962 0.190426
4.75201 0.190622
4.75441 0.19067
4.7568 0.190711
4.75919 0.190872
4.76158 0.190888
4.76397 0.190902
4.76636 0.190914
4.76875 0.190925
4.77114 0.191059
4.77353 0.191052
4.77592 0.191045
4.77831 0.19104
4.7807 0.191035
4.78309 0.191155
4.78548 0.191136
4.78787 0.191119
4.79026 0.191104
4.79265 0.191091
4.79504 0.191205
4.79743 0.191179
4.79982 0.191157
4.80221 0.191262
4.8046 0.191229
4.80699 0.191201
4.80938 0.191176
4.81177 0.191154
4.81417 0.191259
4.81656 0.191227
4.81895 0.191199
4.82134 0.191174
4.82373 0.191152
4.82612 0.191258
4.82851 0.191226
4.8309 0.191198
4.83329 0.191173
4.83568 0.191151
4.83807 0.191257
4.84046 0.191225
4.84285 0.191197
4.84524 0.191172
4.84763 0.191151
4.85002 0.191257
4.85241 0.191225
4.8548 0.191197
4.85719 0.191297
4.85958 0.19126
4.86197 0.191228
4.86436 0.191199
4.86675 0.191174
4.86914 0.191277
4.87153 0.191243
4.87393 0.191212
4.87632 0.191186
4.87871 0.191163
4.8811 0.191267
4.88349 0.191234
4.88588 0.191205
4.88827 0.191179
4.89066 0.191157
4.89305 0.191262
4.89544 0.191229
4.89783 0.191201
4.90022 0.191301
4.90261 0.191263
4.905 0.191355
4.90739 0.191311
4.90978 0.191272
4.91217 0.191363
4.91456 0.191318
4.91695 0.191278
4.91934 0.191243
4.92173 0.191213
4.92412 0.191311
4.92651 0.191272
4.9289 0.191238
4.93129 0.191208
4.93368 0.191182
4.93608 0.191285
4.93847 0.191249
4.94086 0.191218
4.94325 0.191191
4.94564 0.191167
4.94803 0.191271
4.95042 0.191237
4.95281 0.191207
4.9552 0.191307
4.95759 0.191268
4.95998 0.191235
4.96237 0.191205
4.96476 0.19118
4.96715 0.191282
4.96954 0.191247
4.97193 0.191216
4.97432 0.191189
4.97671 0.191165
4.9791 0.19127
4.98149 0.191236
4.98388 0.191207
4.98627 0.191181
4.98866 0.191158
4.99105 0.191263
4.99344 0.19123
4.99584 0.191202
4.99823 0.191301
5.00062 0.191264
5.00301 0.191356
5.0054 0.191311
5.00779 0.191272
5.01018 0.191363
5.01257 0.191318
5.01496 0.191278
5.01735 0.191243
5.01974 0.191213
5.02213 0.191311
5.02452 0.191272
5.02691 0.191238
5.0293 0.191209
5.03169 0.191183
5.03408 0.191285
5.03647 0.191249
5.03886 0.191218
5.04125 0.191191
5.04364 0.191167
5.04603 0.191271
5.04842 0.191237
5.05081 0.191208
5.0532 0.191307
5.0556 0.191268
5.05799 0.191235
5.06038 0.191205
5.06277 0.19118
5.06516 0.191282
5.06755 0.191247
5.06994 0.191216
5.07233 0.191189
5.07472 0.191165
5.07711 0.19127
5.0795 0.191236
5.08189 0.191207
5.08428 0.191181
5.08667 0.191158
5.08906 0.191263
5.09145 0.19123
5.09384 0.191202
5.09623 0.191176
5.09862 0.191154
5.10101 0.19126
5.1034 0.191228
5.10579 0.191199
5.10818 0.191299
5.11057 0.191262
5.11296 0.191229
5.11536 0.1912
5.11775 0.191175
5.12014 0.191278
5.12253 0.191244
5.12492 0.191213
5.12731 0.191187
5.1297 0.191163
5.13209 0.191268
5.13448 0.191234
5.13687 0.191205
5.13926 0.191179
5.14165 0.191157
5.14404 0.191262
5.14643 0.19123
5.14882 0.191201
5.15121 0.191301
5.1536 0.191263
5.15599 0.19123
5.15838 0.191201
5.16077 0.191176
5.16316 0.191279
5.16555 0.191244
5.16794 0.191214
5.17033 0.191187
5.17272 0.191164
5.17512 0.191268
5.17751 0.191235
5.1799 0.191205
5.18229 0.19118
5.18468 0.191157
5.18707 0.191263
5.18946 0.19123
5.19185 0.191201
5.19424 0.191176
5.19663 0.191154
5.19902 0.19126
5.20141 0.191227
5.2038 0.191199
5.20619 0.191299
5.20858 0.191262
5.21097 0.191229
5.21336 0.1912
5.21575 0.191175
5.21814 0.191278
5.22053 0.191244
5.22292 0.191213
5.22531 0.191186
5.2277 0.191163
5.23009 0.191268
5.23248 0.191234
5.23488 0.191205
5.23727 0.191179
5.23966 0.191157
5.24205 0.191262
5.24444 0.19123
5.24683 0.191201
5.24922 0.191301
5.25161 0.191263
5.254 0.19123
5.25639 0.191201
5.25878 0.191176
5.26117 0.191279
5.26356 0.191244
5.26595 0.191214
5.26834 0.191187
5.27073 0.191164
5.27312 0.191268
5.27551 0.191235
5.2779 0.191205
5.28029 0.19118
5.28268 0.191157
5.28507 0.191263
5.28746 0.19123
5.28985 0.191201
5.29224 0.191176
5.29464 0.191154
5.29703 0.19126
5.29942 0.191227
5.30181 0.191199
5.3042 0.191299
5.30659 0.191262
5.30898 0.191229
5.31137 0.1912
5.31376 0.191175
5.31615 0.191278
5.31854 0.191244
5.32093 0.191213
5.32332 0.191186
5.32571 0.191163
5.3281 0.191268
5.33049 0.191234
5.33288 0.191205
5.33527 0.191179
5.33766 0.191157
5.34005 0.191262
5.34244 0.19123
5.34483 0.191201
5.34722 0.191301
5.34961 0.191263
5.352 0.191355
5.3544 0.191311
5.35679 0.191272
5.35918 0.191363
5.36157 0.191318
5.36396 0.191278
5.36635 0.191243
5.36874 0.191213
5.37113 0.191311
5.37352 0.191272
5.37591 0.191238
5.3783 0.191208
5.38069 0.191182
5.38308 0.191285
5.38547 0.191249
5.38786 0.191218
5.39025 0.191191
5.39264 0.191167
5.39503 0.191271
5.39742 0.191237
5.39981 0.191207
5.4022 0.191307
5.40459 0.191268
5.40698 0.191235
5.40937 0.191205
5.41176 0.19118
5.41415 0.191282
5.41655 0.191247
5.41894 0.191216
5.42133 0.191189
5.42372 0.191165
5.42611 0.19127
5.4285 0.191236
5.43089 0.191207
5.43328 0.191181
5.43567 0.191158
5.43806 0.191263
5.44045 0.19123
5.44284 0.191202
5.44523 0.191301
5.44762 0.191264
5.45001 0.191356
5.4524 0.191311
5.45479 0.191272
5.45718 0.191363
5.45957 0.191318
5.46196 0.191278
5.46435 0.191243
5.46674 0.191213
5.46913 0.191311
5.47152 0.191272
5.47391 0.191238
5.47631 0.191209
5.4787 0.191183
5.48109 0.191285
5.48348 0.191249
5.48587 0.191218
5.48826 0.191191
5.49065 0.191167
5.49304 0.191271
5.49543 0.191237
5.49782 0.191208
5.50021 0.191307
5.5026 0.191268
5.50499 0.191235
5.50738 0.191205
5.50977 0.19118
5.51216 0.191282
5.51455 0.191247
5.51694 0.191216
5.51933 0.191189
5.52172 0.191165
5.52411 0.19127
5.5265 0.191236
5.52889 0.191207
5.53128 0.191181
5.53367 0.191158
5.53607 0.191263
5.53846 0.19123
5.54085 0.191202
5.54324 0.191176
5.54563 0.191404
5.54802 0.191729
5.55041 0.192013
5.5528 0.192136
5.55519 0.192369
5.55758 0.192573
5.55997 0.192626
5.56236 0.192798
5.56475 0.192823
5.56714 0.19297
5.56953 0.193099
5.57192 0.193087
5.57431 0.193201
5.5767 0.193176
5.57909 0.193279
5.58148 0.193369
5.58387 0.193323
5.58626 0.193407
5.58865 0.193357
5.59104 0.193437
5.59343 0.193507
5.59583 0.193444
5.59822 0.193513
5.60061 0.193574
5.603 0.193502
5.60539 0.193565
5.60778 0.193494
5.61017 0.193557
5.61256 0.193613
5.61495 0.193536
5.61734 0.193594
5.61973 0.19352
5.62212 0.19358
5.62451 0.193632
5.6269 0.193553
5.62929 0.193609
5.63168 0.193533
5.63407 0.193591
5.63646 0.193642
5.63885 0.193562
5.64124 0.193617
5.64363 0.19354
5.64602 0.193597
5.64841 0.193648
5.6508 0.193567
5.65319 0.193621
5.65559 0.193668
5.65798 0.193585
5.66037 0.193637
5.66276 0.193557
5.66515 0.193612
5.66754 0.193661
5.66993 0.193578
5.67232 0.193631
5.67471 0.193552
5.6771 0.193608
5.67949 0.193657
5.68188 0.193575
5.68427 0.193628
5.68666 0.19355
5.68905 0.193606
5.69144 0.193655
5.69383 0.193573
5.69622 0.193627
5.69861 0.193673
5.701 0.193714
5.70339 0.19375
5.70578 0.193656
5.70817 0.193699
5.71056 0.193737
5.71295 0.193645
5.71535 0.193689
5.71774 0.193603
5.72013 0.193653
5.72252 0.193696
5.72491 0.193609
5.7273 0.193658
5.72969 0.193576
5.73208 0.193629
5.73447 0.193675
5.73686 0.193591
5.73925 0.193642
5.74164 0.193562
5.74403 0.193616
5.74642 0.193664
5.74881 0.193581
5.7512 0.193634
5.75359 0.193679
5.75598 0.193595
5.75837 0.193645
5.76076 0.193565
5.76315 0.193619
5.76554 0.193667
5.76793 0.193583
5.77032 0.193635
5.77271 0.193556
5.77511 0.193611
5.7775 0.19366
5.77989 0.193578
5.78228 0.19363
5.78467 0.193552
5.78706 0.193608
5.78945 0.193657
5.79184 0.193575
5.79423 0.193628
5.79662 0.193674
5.79901 0.193715
5.8014 0.193751
5.80379 0.193657
5.80618 0.1937
5.80857 0.193737
5.81096 0.193645
5.81335 0.193689
5.81574 0.193603
5.81813 0.193653
5.82052 0.193696
5.82291 0.193609
5.8253 0.193658
5.82769 0.193576
5.83008 0.193629
5.83247 0.193675
5.83487 0.193591
5.83726 0.193642
5.83965 0.193562
5.84204 0.193617
5.84443 0.193664
5.84682 0.193581
5.84921 0.193634
5.8516 0.193679
5.85399 0.193595
5.85638 0.193645
5.85877 0.193565
5.86116 0.193619
5.86355 0.193667
5.86594 0.193583
5.86833 0.193635
5.87072 0.193556
5.87311 0.193611
5.8755 0.19366
5.87789 0.193578
5.88028 0.19363
5.88267 0.193552
5.88506 0.193608
5.88745 0.193657
5.88984 0.193575
5.89223 0.193628
5.89462 0.193549
5.89702 0.193606
5.89941 0.193655
5.9018 0.193573
5.90419 0.193626
5.90658 0.193673
5.90897 0.193589
5.91136 0.19364
5.91375 0.19356
5.91614 0.193615
5.91853 0.193663
5.92092 0.19358
5.92331 0.193633
5.9257 0.193554
5.92809 0.19361
5.93048 0.193658
5.93287 0.193576
5.93526 0.193629
5.93765 0.19355
5.94004 0.193607
5.94243 0.193656
5.94482 0.193574
5.94721 0.193627
5.9496 0.193674
5.95199 0.193589
5.95438 0.193641
5.95678 0.193561
5.95917 0.193616
5.96156 0.193664
5.96395 0.193581
5.96634 0.193633
5.96873 0.193554
5.97112 0.19361
5.97351 0.193659
5.9759 0.193576
5.97829 0.193629
5.98068 0.193551
5.98307 0.193607
5.98546 0.193656
5.98785 0.193574
5.99024 0.193627
5.99263 0.193549
5.99502 0.193605
5.99741 0.193655
5.9998 0.193573
6.00219 0.193626
6.00458 0.193673
6.00697 0.193589
6.00936 0.19364
6.01175 0.19356
6.01414 0.193615
6.01654 0.193663
6.01893 0.19358
6.02132 0.193633
6.02371 0.193554
6.0261 0.193609
6.02849 0.193658
6.03088 0.193576
6.03327 0.193629
6.03566 0.19355
6.03805 0.193607
6.04044 0.193656
6.04283 0.193574
6.04522 0.193627
6.04761 0.193674
6.05 0.193714
6.05239 0.19375
6.05478 0.193656
6.05717 0.193699
6.05956 0.193737
6.06195 0.193645
6.06434 0.193689
6.06673 0.193603
6.06912 0.193653
6.07151 0.193696
6.0739 0.193609
6.0763 0.193658
6.07869 0.193576
6.08108 0.193629
6.08347 0.193675
6.08586 0.193591
6.08825 0.193642
6.09064 0.193562
6.09303 0.193616
6.09542 0.193664
6.09781 0.193581
6.1002 0.193634
6.10259 0.193679
6.10498 0.193595
6.10737 0.193645
6.10976 0.193565
6.11215 0.193619
6.11454 0.193667
6.11693 0.193583
6.11932 0.193635
6.12171 0.193556
6.1241 0.193611
6.12649 0.19366
6.12888 0.193578
6.13127 0.19363
6.13366 0.193552
6.13606 0.193608
6.13845 0.193657
6.14084 0.193575
6.14323 0.193628
6.14562 0.193674
6.14801 0.193715
6.1504 0.193751
6.15279 0.193657
6.15518 0.1937
6.15757 0.193737
6.15996 0.193645
6.16235 0.193689
6.16474 0.193603
6.16713 0.193653
6.16952 0.193696
6.17191 0.193609
6.1743 0.193658
6.17669 0.193576
6.17908 0.193629
6.18147 0.193675
6.18386 0.193591
6.18625 0.193642
6.18864 0.193562
6.19103 0.193617
6.19342 0.193664
6.19582 0.193581
6.19821 0.193634
6.2006 0.193679
6.20299 0.193595
6.20538 0.193645
6.20777 0.193565
6.21016 0.193619
6.21255 0.193667
6.21494 0.193583
6.21733 0.193635
6.21972 0.193556
6.22211 0.193611
6.2245 0.19366
6.22689 0.193578
6.22928 0.19363
6.23167 0.193552
6.23406 0.193608
6.23645 0.193657
6.23884 0.193575
6.24123 0.193628
6.24362 0.193549
6.24601 0.193606
6.2484 0.193655
6.25079 0.193573
6.25318 0.193626
6.25558 0.193673
6.25797 0.193589
6.26036 0.19364
6.26275 0.19356
6.26514 0.193615
6.26753 0.193663
6.26992 0.19358
6.27231 0.193633
6.2747 0.193554
6.27709 0.19361
6.27948 0.193658
6.28187 0.193576
6.28426 0.193629
6.28665 0.19355
6.28904 0.193607
6.29143 0.193656
6.29382 0.193574
6.29621 0.193627
6.2986 0.193674
6.30099 0.193589
6.30338 0.193641
6.30577 0.193561
6.30816 0.193616
6.31055 0.193664
6.31294 0.193581
6.31534 0.193633
6.31773 0.193554
6.32012 0.19361
6.32251 0.193659
6.3249 0.193576
6.32729 0.193629
6.32968 0.193551
6.33207 0.193607
6.33446 0.193656
6.33685 0.193574
6.33924 0.193627
6.34163 0.193549
6.34402 0.193605
6.34641 0.193655
6.3488 0.193573
6.35119 0.193626
6.35358 0.193673
6.35597 0.193589
6.35836 0.19364
6.36075 0.19356
6.36314 0.193615
6.36553 0.193663
6.36792 0.19358
6.37031 0.193633
6.3727 0.193554
6.37509 0.193609
6.37749 0.193658
6.37988 0.193576
6.38227 0.193629
6.38466 0.19355
6.38705 0.193607
6.38944 0.193656
6.39183 0.193574
6.39422 0.193627
6.39661 0.193674
6.399 0.193589
6.40139 0.193641
6.40378 0.193561
6.40617 0.193616
6.40856 0.193914
6.41095 0.194174
6.41334 0.194403
6.41573 0.194602
6.41812 0.194777
6.42051 0.19493
6.4229 0.195064
6.42529 0.195181
6.42768 0.195283
6.43007 0.195373
6.43246 0.195451
6.43485 0.19552
6.43725 0.19558
6.43964 0.195632
6.44203 0.195678
6.44442 0.195718
6.44681 0.195754
6.4492 0.195784
6.45159 0.195811
6.45398 0.195835
6.45637 0.195856
6.45876 0.195874
6.46115 0.195889
6.46354 0.195903
6.46593 0.195915
6.46832 0.195926
6.47071 0.195935
6.4731 0.195943
6.47549 0.19595
6.47788 0.195957
6.48027 0.195962
6.48266 0.195967
6.48505 0.195971
6.48744 0.195975
6.48983 0.195978
6.49222 0.195981
6.49461 0.195983
6.49701 0.19611
6.4994 0.196096
6.50179 0.196084
6.50418 0.196074
6.50657 0.196065
6.50896 0.196056
6.51135 0.196049
6.51374 0.196043
6.51613 0.196038
6.51852 0.196033
6.52091 0.196029
6.5233 0.196025
6.52569 0.196022
6.52808 0.196019
6.53047 0.196017
6.53286 0.196015
6.53525 0.196013
6.53764 0.196011
6.54003 0.19601
6.54242 0.196009
6.54481 0.196008
6.5472 0.196007
6.54959 0.196006
6.55198 0.196005
6.55437 0.196004
6.55677 0.196004
6.55916 0.196003
6.56155 0.196003
6.56394 0.196003
6.56633 0.196002
6.56872 0.196002
6.57111 0.196002
6.5735 0.196002
6.57589 0.196001
6.57828 0.196001
6.58067 0.196001
6.58306 0.196001
6.58545 0.196001
6.58784 0.196001
6.59023 0.196001
6.59262 0.196001
6.59501 0.196125
6.5974 0.19611
6.59979 0.196096
6.60218 0.196084
6.60457 0.196074
6.60696 0.196064
6.60935 0.196056
6.61174 0.196049
6.61413 0.196043
6.61653 0.196038
6.61892 0.196033
6.62131 0.196029
6.6237 0.196025
6.62609 0.196022
6.62848 0.196019
6.63087 0.196017
6.63326 0.196015
6.63565 0.196013
6.63804 0.196011
6.64043 0.19601
6.64282 0.196009
6.64521 0.196008
6.6476 0.196007
6.64999 0.196006
6.65238 0.196005
6.65477 0.196004
6.65716 0.196004
6.65955 0.196003
6.66194 0.196003
6.66433 0.196003
6.66672 0.196002
6.66911 0.196002
6.6715 0.196002
6.67389 0.196002
6.67629 0.196001
6.67868 0.196001
6.68107 0.196001
6.68346 0.196001
6.68585 0.196001
6.68824 0.196001
6.69063 0.196001
6.69302 0.196001
6.69541 0.196
6.6978 0.196
6.70019 0.196
6.70258 0.196
6.70497 0.196
6.70736 0.196
6.70975 0.196
6.71214 0.196
6.71453 0.196
6.71692 0.196
6.71931 0.196
6.7217 0.196
6.72409 0.196
6.72648 0.196
6.72887 0.196
6.73126 0.196
6.73365 0.196
6.73605 0.196
6.73844 0.196
6.74083 0.196
6.74322 0.196
6.74561 0.196
6.748 0.196
6.75039 0.196
6.75278 0.196
6.75517 0.196
6.75756 0.196
6.75995 0.196
6.76234 0.196
6.76473 0.196
6.76712 0.196
6.76951 0.196
6.7719 0.196
6.77429 0.196
6.77668 0.196
6.77907 0.196
6.846 0.196125
6.84839 0.196109
6.85078 0.196096
6.85317 0.196084
6.85556 0.196073
6.85796 0.196064
6.86035 0.196056
6.86274 0.196049
6.86513 0.196043
6.86752 0.196038
6.86991 0.196033
6.8723 0.196029
6.87469 0.196025
6.87708 0.196022
6.87947 0.196019
6.88186 0.196017
6.88425 0.196015
6.88664 0.196013
6.88903 0.196011
6.89142 0.19601
6.89381 0.196009
6.8962 0.196008
6.89859 0.196007
6.90098 0.196006
6.90337 0.196005
6.90576 0.196004
6.90815 0.196004
6.91054 0.196003
6.91293 0.196003
6.91532 0.196003
6.91772 0.196002
6.92011 0.196002
6.9225 0.196002
6.92489 0.196002
6.92728 0.196001
6.92967 0.196001
6.93206 0.196001
6.93445 0.196001
6.93684 0.196001
6.93923 0.196001
6.94162 0.196001
6.94401 0.196126
6.9464 0.19611
6.94879 0.196096
6.95118 0.196084
6.95357 0.196074
6.95596 0.196064
6.95835 0.196056
6.96074 0.196049
6.96313 0.196043
6.96552 0.196038
6.96791 0.196033
6.9703 0.196029
6.97269 0.196025
6.97508 0.196022
6.97748 0.196019
6.97987 0.196017
6.98226 0.196015
6.98465 0.196013
6.98704 0.196011
6.98943 0.19601
6.99182 0.196009
6.99421 0.196008
6.9966 0.196007
6.99899 0.196006
7.00138 0.196005
7.00377 0.196004
7.00616 0.196004
7.00855 0.196003
7.01094 0.196003
7.01333 0.196003
7.01572 0.196002
7.01811 0.196002
7.0205 0.196002
7.02289 0.196002
7.02528 0.196001
7.02767 0.196001
7.03006 0.196001
7.03245 0.196001
7.03484 0.196001
7.03724 0.196001
7.03963 0.196001
7.04202 0.196001
7.04441 0.196
7.0468 0.196
7.04919 0.196
7.05158 0.196
7.05397 0.196
7.05636 0.196
7.05875 0.196
7.06114 0.196
7.06353 0.196
7.06592 0.196
7.06831 0.196
7.0707 0.196
7.07309 0.196
7.07548 0.196
7.07787 0.196
7.08026 0.196
7.08265 0.196
7.08504 0.196
7.08743 0.196
7.08982 0.196
7.09221 0.196
7.0946 0.196
7.097 0.196
7.09939 0.196
7.10178 0.196
7.10417 0.196
7.10656 0.196
7.10895 0.196
7.11134 0.196
7.11373 0.196
7.11612 0.196
7.11851 0.196
7.1209 0.196
7.12329 0.196
7.12568 0.196
7.12807 0.196
7.195 0.196125
7.19739 0.196109
7.19978 0.196096
7.20217 0.196084
7.20456 0.196073
7.20695 0.196064
7.20934 0.196056
7.21173 0.196049
7.21412 0.196043
7.21652 0.196038
7.21891 0.196033
7.2213 0.196029
7.22369 0.196025
7.22608 0.196022
7.22847 0.196019
7.23086 0.196017
7.23325 0.196015
7.23564 0.196013
7.23803 0.196011
7.24042 0.19601
7.24281 0.196009
7.2452 0.196008
7.24759 0.196007
7.24998 0.196006
7.25237 0.196005
7.25476 0.196004
7.25715 0.196004
7.25954 0.196003
7.26193 0.196003
7.26432 0.196003
7.26671 0.196002
7.2691 0.196002
7.27149 0.196252
7.27388 0.19647
7.27628 0.196786
7.27867 0.196938
7.28106 0.197196
7.28345 0.197296
7.28584 0.197384
7.28823 0.197586
7.29062 0.197638
7.29301 0.197808
7.2954 0.197957
7.29779 0.197963
7.30018 0.198092
7.30257 0.198081
7.30496 0.198071
7.30735 0.198187
7.30974 0.198163
7.31213 0.198268
7.31452 0.198235
7.31691 0.198205
7.3193 0.198305
7.32169 0.198266
7.32408 0.198358
7.32647 0.198313
7.32886 0.198274
7.33125 0.198365
7.33364 0.198319
7.33603 0.198404
7.33843 0.198354
7.34082 0.19831
7.34321 0.198396
7.3456 0.198346
7.34799 0.198303
7.35038 0.19839
7.35277 0.198341
7.35516 0.198424
7.35755 0.198371
7.35994 0.198324
7.36233 0.198409
7.36472 0.198358
7.36711 0.198438
7.3695 0.198383
7.37189 0.198335
7.37428 0.198418
7.37667 0.198366
7.37906 0.198445
7.38145 0.19839
7.38384 0.198341
7.38623 0.198423
7.38862 0.19837
7.39101 0.198449
7.3934 0.198393
7.39579 0.198344
7.39819 0.198426
7.40058 0.198373
7.40297 0.198326
7.40536 0.19841
7.40775 0.198359
7.41014 0.198439
7.41253 0.198384
7.41492 0.198336
7.41731 0.198419
7.4197 0.198367
7.42209 0.198446
7.42448 0.19839
7.42687 0.198341
7.42926 0.198424
7.43165 0.198371
7.43404 0.198449
7.43643 0.198393
7.43882 0.198344
7.44121 0.198426
7.4436 0.198373
7.44599 0.198326
7.44838 0.19841
7.45077 0.198359
7.45316 0.198439
7.45555 0.198384
7.45795 0.198336
7.46034 0.198419
7.46273 0.198367
7.46512 0.198446
7.46751 0.19839
7.4699 0.198341
7.47229 0.198424
7.47589 0.198496
7.76153 0.194184
7.76392 0.190286
7.76631 0.187
7.7687 0.184125
7.77109 0.181609
7.77348 0.179408
7.77587 0.177357
7.77826 0.175688
7.78065 0.174227
7.78304 0.172948
7.78543 0.17183
7.78782 0.170726
7.79021 0.169885
7.7926 0.16915
7.79499 0.168381
7.79738 0.167833
7.79977 0.167229
7.80216 0.166826
7.80455 0.166472
7.80694 0.166038
7.80933 0.165783
7.81172 0.165436
7.81411 0.165256
7.8165 0.165099
7.8189 0.164837
7.82129 0.164732
7.82368 0.164641
7.82607 0.164561
7.82846 0.16449
7.83085 0.164304
7.83324 0.164266
7.83563 0.164233
7.90136 0.172079
7.90375 0.170819
7.90614 0.169842
7.90854 0.168861
7.91093 0.168004
7.91332 0.167378
7.91571 0.166706
7.91929 0.166243
7.92288 0.165837
7.92527 0.165608
7.92766 0.165407
7.93005 0.165231
7.93244 0.165077
7.93483 0.164817
7.93722 0.164715
7.93961 0.164626
7.942 0.164548
7.94439 0.164479
7.94678 0.164294
7.94917 0.164257
7.95156 0.164225
7.95395 0.164072
7.95634 0.164063
7.95873 0.164055
7.96112 0.164048
7.96351 0.164042
7.9659 0.163912
7.9683 0.163923
7.97069 0.163933
7.97308 0.163941
7.97547 0.163948
7.97786 0.16383
7.98025 0.163851
7.98264 0.16387
7.98503 0.163886
7.98742 0.1639
7.98981 0.163788
7.9922 0.163814
7.99459 0.163837
7.99698 0.163733
8.06272 0.171641
8.06511 0.170686
8.0675 0.16985
8.06989 0.168994
8.07228 0.16837
8.07467 0.167824
8.07706 0.167346
8.08064 0.167052
8.08423 0.166796
8.08662 0.166446
8.08901 0.166141
8.0914 0.165873
8.09379 0.165514
8.09618 0.165325
8.09857 0.165159
8.10096 0.164889
8.10335 0.164778
8.10574 0.164556
8.10813 0.164486
8.11052 0.164426
8.11291 0.164247
8.1153 0.164216
8.1177 0.164189
8.12009 0.164166
8.12248 0.164145
8.12487 0.164002
8.12726 0.164002
8.12965 0.164001
8.13204 0.164001
8.13443 0.164001
8.13682 0.163876
8.13921 0.163891
8.1416 0.163905
8.14399 0.163792
8.14638 0.163818
8.14877 0.163716
8.15116 0.163751
8.15355 0.163782
8.15594 0.163685
8.15833 0.163724
8.16072 0.163758
8.22526 0.163664
8.22765 0.163456
8.23004 0.163399
8.23243 0.163349
8.23482 0.16318
8.23721 0.163158
8.23961 0.163013
8.24319 0.163011
8.24678 0.162885
8.24917 0.162899
8.25156 0.162787
8.25395 0.162689
8.25634 0.162727
8.25873 0.162637
8.26112 0.162682
8.26351 0.162722
8.2659 0.162632
8.26829 0.162678
8.27068 0.162593
8.27307 0.162644
8.27546 0.162688
8.27785 0.162602
8.28024 0.162652
8.28263 0.16257
8.28502 0.162624
8.28741 0.162671
8.2898 0.162587
8.29219 0.162639
8.29458 0.162559
8.29697 0.162489
8.29937 0.162553
8.30176 0.162484
8.30415 0.162548
8.30654 0.162605
8.30893 0.162529
8.31132 0.162588
8.31371 0.162515
8.3161 0.162575
8.31849 0.162628
8.32088 0.16255
8.32327 0.162606
8.38743 0.16253
8.38982 0.162464
8.39221 0.162406
8.3946 0.162355
8.39699 0.162311
8.39938 0.162272
8.40177 0.162238
8.40535 0.162208
8.40894 0.162182
8.41133 0.162159
8.41372 0.16214
8.41611 0.162247
8.41861 0.162216
8.421 0.162189
8.42339 0.162166
8.42578 0.162395
8.42817 0.16272
8.43056 0.163005
8.43295 0.16313
8.43534 0.163364
8.43773 0.163443
8.44012 0.163638
8.44251 0.163808
8.4449 0.163832
8.44729 0.163978
8.44968 0.163981
8.45207 0.164108
8.45446 0.16422
8.45685 0.164192
8.45925 0.164293
8.46164 0.164382
8.46403 0.164459
8.46642 0.164526
8.46881 0.164461
8.4712 0.164528
8.47359 0.164587
8.47598 0.164514
8.47837 0.164574
8.48076 0.164503
8.48315 0.164565
8.48554 0.164619
8.54841 0.172167
8.5508 0.171021
8.55319 0.170143
8.55558 0.16925
8.55797 0.168469
8.56036 0.16791
8.56275 0.167297
8.56634 0.16701
8.56983 0.166633
8.57222 0.166304
8.57461 0.165891
8.577 0.165655
8.5795 0.165323
8.58189 0.165033
8.58452 0.164904
8.58691 0.164666
8.5893 0.164582
8.59169 0.164385
8.59408 0.164336
8.59647 0.164294
8.59886 0.164133
8.60125 0.164116
8.60364 0.163977
8.60603 0.163979
8.60842 0.163982
8.61081 0.163859
8.6132 0.163877
8.61559 0.163767
8.61798 0.163671
8.62037 0.163712
8.62276 0.163623
8.62515 0.16367
8.62754 0.163587
8.62993 0.163513
8.63233 0.163574
8.63472 0.163502
8.63711 0.163565
8.6395 0.163619
8.64189 0.163542
8.64428 0.163599
8.64667 0.163524
8.70939 0.171084
8.71178 0.170073
8.71417 0.169314
8.71656 0.168525
8.71895 0.167834
8.72134 0.167355
8.72373 0.166811
8.72732 0.166584
8.7309 0.166261
8.73329 0.165979
8.73569 0.165606
8.73808 0.165405
8.74047 0.165105
8.74286 0.164842
8.74541 0.164736
8.7478 0.164519
8.75028 0.164454
8.75267 0.164273
8.75506 0.164239
8.75745 0.164084
8.75984 0.163948
8.76223 0.163955
8.76462 0.163835
8.76701 0.163856
8.7694 0.163749
8.77179 0.163655
8.77418 0.163698
8.77657 0.163611
8.77897 0.163535
8.78136 0.163593
8.78375 0.163519
8.7863 0.163579
8.78869 0.163507
8.79148 0.163568
8.79387 0.163622
8.79626 0.163669
8.79865 0.163711
8.80104 0.163747
8.80343 0.163779
8.80582 0.163806
8.80821 0.16383
8.8106 0.163852
8.87148 0.16362
8.87387 0.163418
8.87626 0.16324
8.87865 0.163085
8.88104 0.163075
8.88343 0.16294
8.88582 0.162823
8.8894 0.16272
8.89299 0.16263
8.89538 0.162551
8.89777 0.162482
8.90016 0.162422
8.90255 0.162369
8.90494 0.162323
8.90782 0.162283
8.91021 0.162372
8.9126 0.162326
8.91499 0.162285
8.91754 0.162249
8.91993 0.162218
8.92233 0.162316
8.92472 0.162276
8.92711 0.162367
8.9295 0.162321
8.93189 0.162281
8.93428 0.162371
8.93667 0.162324
8.93906 0.162409
8.94145 0.162483
8.94384 0.162422
8.94623 0.162495
8.94862 0.162433
8.95101 0.162504
8.95356 0.162441
8.95595 0.162386
8.95834 0.162337
8.96073 0.162295
8.96312 0.162258
8.96551 0.162226
8.9679 0.162198
8.97029 0.162173
8.97268 0.162151
9.03375 0.162133
9.03614 0.162241
9.03853 0.162211
9.04092 0.162184
9.04331 0.162161
9.0457 0.162141
9.04809 0.162249
9.05149 0.162218
9.05507 0.162315
9.05746 0.162276
9.05985 0.162241
9.06225 0.162211
9.06464 0.162185
9.06703 0.162287
9.07031 0.162376
9.0727 0.162329
9.07509 0.162413
9.07748 0.162486
9.07987 0.162425
9.08226 0.162497
9.08465 0.16281
9.08704 0.163084
9.08943 0.163323
9.09182 0.163408
9.09421 0.163607
9.0966 0.163781
9.09899 0.163808
9.10138 0.163957
9.10377 0.163963
9.10616 0.164092
9.10855 0.164206
9.11094 0.16418
9.11344 0.164283
9.11583 0.164247
9.11822 0.164341
9.12061 0.164424
9.123 0.164496
9.12539 0.164559
9.12778 0.164489
9.13017 0.164553
9.13256 0.164609
9.13495 0.164533
9.19478 0.171716
9.19717 0.170752
9.19996 0.169783
9.20235 0.16906
9.20474 0.168427
9.20729 0.167874
9.20968 0.16739
9.21238 0.166966
9.21596 0.166595
9.21835 0.166146
9.22074 0.165753
9.22313 0.165533
9.22553 0.165217
9.22792 0.16494
9.2312 0.164822
9.23359 0.164594
9.23598 0.164395
9.23837 0.164221
9.24076 0.164068
9.24315 0.16406
9.24554 0.163927
9.24793 0.163811
9.25057 0.16371
9.25296 0.163621
9.25535 0.163668
9.25774 0.163585
9.26013 0.163637
9.26252 0.163682
9.26491 0.163597
9.2673 0.163647
9.26969 0.163566
9.27209 0.163621
9.27448 0.163668
9.27687 0.163585
9.27926 0.163636
9.28165 0.163557
9.28404 0.163612
9.28643 0.163536
9.28882 0.163469
9.29146 0.163535
9.29385 0.163468
9.29624 0.163535
9.35586 0.170718
9.35825 0.169878
9.36085 0.169018
9.36359 0.168391
9.36598 0.167717
9.36837 0.167253
9.37076 0.166721
9.37355 0.166381
9.37713 0.166208
9.37952 0.165932
9.38191 0.165566
9.3843 0.16537
9.38669 0.165074
9.38908 0.16494
9.39209 0.164947
9.39448 0.164704
9.39687 0.164491
9.39926 0.164429
9.40165 0.164251
9.40409 0.164219
9.40648 0.164067
9.40887 0.163934
9.41146 0.163942
9.41385 0.163824
9.41624 0.163846
9.41863 0.16374
9.42102 0.163773
9.42341 0.163676
9.42611 0.163717
9.4285 0.163752
9.43089 0.163658
9.43328 0.163701
9.43567 0.163613
9.43806 0.163662
9.44045 0.163704
9.44284 0.163616
9.44523 0.163664
9.44762 0.163581
9.45001 0.163633
9.4524 0.163679
9.45479 0.163594
9.45718 0.163645
9.45957 0.163564
9.51794 0.163369
9.52033 0.163198
9.52321 0.163173
9.52567 0.163026
9.52826 0.163023
9.53065 0.162895
9.53304 0.162908
9.53563 0.162795
9.53922 0.162695
9.54161 0.162608
9.544 0.162532
9.54671 0.162466
9.5491 0.162533
9.55149 0.162466
9.55417 0.162408
9.55656 0.162357
9.55895 0.162312
9.56134 0.162273
9.56373 0.162239
9.56618 0.162209
9.56857 0.162183
9.57096 0.16216
9.57393 0.16214
9.57632 0.162248
9.57871 0.162217
9.5811 0.162315
9.58349 0.162275
9.58588 0.162241
9.58847 0.162211
9.59086 0.162184
9.59325 0.162286
9.59564 0.162251
9.59803 0.162344
9.60042 0.162301
9.60281 0.162264
9.60521 0.162356
9.6076 0.162311
9.60999 0.162272
9.61238 0.162238
9.61477 0.162208
9.61716 0.162307
9.61955 0.162269
9.62194 0.162235
9.68003 0.162331
9.68242 0.16229
9.68542 0.162253
9.68781 0.162222
9.69035 0.162194
9.69299 0.16217
9.69538 0.162149
9.69777 0.16213
9.70135 0.162114
9.70376 0.162099
9.70623 0.162212
9.70879 0.162186
9.71118 0.162162
9.71357 0.162142
9.71625 0.162124
9.71865 0.162109
9.72104 0.16222
9.72343 0.162193
9.72582 0.162169
9.72826 0.162147
9.73065 0.162129
9.73304 0.162238
9.73632 0.162333
9.73871 0.162292
9.7411 0.16238
9.74349 0.162333
9.74588 0.162291
9.74827 0.16238
9.75066 0.162332
9.75306 0.162416
9.75545 0.162364
9.75784 0.162568
9.76023 0.162872
9.76262 0.163013
9.76501 0.163262
9.7674 0.163479
9.76979 0.163544
9.77218 0.163726
9.77457 0.163885
9.77696 0.1639
9.77935 0.164037
9.78174 0.164032
9.78413 0.164153
9.84092 0.171009
9.84331 0.170008
9.84659 0.169257
9.84898 0.168475
9.85137 0.167916
9.85388 0.167301
9.85627 0.166888
9.85866 0.166402
9.86224 0.166227
9.86465 0.165824
9.86712 0.165596
9.86976 0.165271
9.87215 0.165112
9.87456 0.164848
9.87714 0.164742
9.87953 0.164525
9.88193 0.164334
9.88432 0.164167
9.88671 0.164021
9.88915 0.164019
9.89154 0.163891
9.89393 0.16378
9.89721 0.163807
9.89979 0.163706
9.90218 0.163743
9.90457 0.16365
9.90696 0.163569
9.90935 0.163623
9.91183 0.163545
9.91425 0.163602
9.91664 0.163527
9.91903 0.163586
9.92142 0.163638
9.92381 0.163558
9.9262 0.163613
9.92867 0.163537
9.93106 0.163594
9.93345 0.163645
9.93584 0.163564
9.93823 0.163619
9.94062 0.163667
9.94301 0.163708
9.9454 0.163745
10.0018 0.170402
10.0042 0.169601
10.0075 0.168901
10.0099 0.168164
10.0123 0.167643
10.0148 0.167063
10.0172 0.16668
10.0195 0.16622
10.0231 0.166067
10.0255 0.165684
10.028 0.165473
10.0307 0.165164
10.033 0.165019
10.0354 0.164766
10.0386 0.164671
10.041 0.164587
10.0434 0.164513
10.0458 0.164449
10.0482 0.164393
10.0506 0.164344
10.053 0.164176
10.0554 0.164154
10.0581 0.16426
10.061 0.164102
10.0633 0.164089
10.0657 0.163953
10.0681 0.163959
10.0705 0.163964
10.0729 0.163844
10.0753 0.163863
10.0777 0.163755
10.0801 0.163786
10.0825 0.163688
10.0849 0.163602
10.0872 0.163652
10.0896 0.16357
10.092 0.163624
10.0944 0.163546
10.0968 0.163478
10.0992 0.163543
10.1016 0.163475
10.104 0.163416
10.1064 0.163364
10.1088 0.163318
10.1641 0.163278
10.1665 0.163119
10.1696 0.162979
10.172 0.162856
10.1743 0.162749
10.1769 0.162656
10.1792 0.162574
10.1816 0.162502
10.1852 0.162439
10.1876 0.162384
10.1901 0.162336
10.1927 0.162294
10.1951 0.162258
10.1975 0.162225
10.2007 0.162197
10.2031 0.162173
10.2055 0.162151
10.2079 0.162132
10.2103 0.162116
10.2127 0.162101
10.2151 0.162213
10.2175 0.162187
10.2204 0.162163
10.223 0.162268
10.2254 0.162235
10.2278 0.162205
10.2302 0.16218
10.2326 0.162157
10.235 0.162137
10.2374 0.16212
10.2398 0.162105
10.2422 0.162092
10.2448 0.162081
10.2472 0.162196
10.2496 0.162171
10.252 0.16215
10.2544 0.162131
10.2568 0.162115
10.2591 0.162225
10.2615 0.162197
10.2639 0.162172
10.2663 0.162276
10.2687 0.162241
10.2711 0.162336
10.3262 0.162294
10.3286 0.162257
10.3316 0.162225
10.334 0.162322
10.3365 0.162282
10.3389 0.162247
10.3413 0.162216
10.3437 0.162189
10.3473 0.162165
10.3497 0.162145
10.3522 0.162126
10.3548 0.162111
10.3572 0.162097
10.3596 0.162085
10.3628 0.162074
10.3652 0.162065
10.3676 0.162057
10.37 0.16205
10.3726 0.162043
10.375 0.162163
10.3774 0.162143
10.3798 0.162125
10.3826 0.162109
10.3851 0.162096
10.3875 0.162084
10.3899 0.162073
10.3923 0.162064
10.3947 0.162056
10.3971 0.162174
10.3995 0.162152
10.4019 0.162133
10.4042 0.162117
10.4069 0.162102
10.4093 0.162089
10.4117 0.162078
10.4141 0.162193
10.4165 0.162169
10.4188 0.162148
10.4212 0.162505
10.4236 0.162691
10.426 0.16298
10.4284 0.163233
10.4308 0.163328
10.4332 0.163537
10.4871 0.170095
10.4895 0.169208
10.4925 0.168557
10.4949 0.167863
10.4974 0.167255
10.4998 0.166723
10.5022 0.166383
10.5046 0.16596
10.5082 0.16584
10.5106 0.165485
10.5131 0.165299
10.5157 0.165012
10.5181 0.164885
10.5205 0.16465
10.5237 0.164568
10.5261 0.164497
10.5285 0.16431
10.5309 0.164146
10.5335 0.164128
10.5359 0.163987
10.5383 0.163864
10.5407 0.163756
10.5436 0.163786
10.5464 0.163813
10.5488 0.163711
10.5512 0.163747
10.5535 0.163779
10.5559 0.163682
10.5583 0.163721
10.5607 0.163631
10.5631 0.163677
10.5655 0.163718
10.5679 0.163628
10.5703 0.163674
10.5727 0.16359
10.5751 0.163641
10.5774 0.163561
10.58 0.163491
10.5824 0.163555
10.5848 0.163485
10.5872 0.16355
10.5896 0.163481
10.592 0.163421
10.5943 0.163493
10.648 0.169807
10.6503 0.168956
10.6534 0.168336
10.6558 0.167669
10.6583 0.167211
10.6607 0.166684
10.6634 0.166349
10.6658 0.16593
10.6691 0.165814
10.6715 0.165462
10.674 0.165154
10.6768 0.164885
10.6792 0.164774
10.6816 0.164553
10.6846 0.164484
10.687 0.164298
10.6894 0.164136
10.6918 0.163994
10.6944 0.163995
10.6968 0.16387
10.6992 0.163887
10.7016 0.163776
10.7045 0.163804
10.7073 0.163828
10.7097 0.163725
10.712 0.163759
10.7144 0.163664
10.7168 0.163581
10.7192 0.163634
10.7216 0.163554
10.724 0.16361
10.7264 0.163534
10.7288 0.163467
10.7312 0.163534
10.7336 0.163467
10.736 0.163409
10.7384 0.163358
10.7409 0.163313
10.7433 0.163399
10.7457 0.163349
10.7482 0.16343
10.7506 0.163376
10.753 0.163454
10.7554 0.163523
10.7578 0.163457
10.81 0.1634
10.8124 0.163225
10.8155 0.163072
10.8179 0.162938
10.8204 0.162821
10.8228 0.162718
10.8255 0.162628
10.8278 0.16255
10.8313 0.162481
10.8337 0.162421
10.8361 0.162493
10.839 0.162557
10.8414 0.162487
10.8438 0.162426
10.8467 0.162373
10.8491 0.162451
10.8515 0.162395
10.8538 0.162346
10.8565 0.162302
10.8589 0.162265
10.8613 0.162231
10.8637 0.162203
10.8666 0.162177
10.8695 0.162155
10.8719 0.162136
10.8743 0.162119
10.8767 0.162104
10.8791 0.162216
10.8815 0.162189
10.8839 0.162165
10.8863 0.162145
10.8887 0.162127
10.891 0.162236
10.8934 0.162206
11.1697 0.16218
11.1721 0.162283
11.1745 0.162248
11.1769 0.162217
11.1797 0.16219
11.1821 0.162166
11.1845 0.162145
11.1869 0.162127
11.1896 0.162111
11.1928 0.162097
11.1954 0.162085
11.1978 0.162074
11.2002 0.16219
11.203 0.162166
11.2053 0.162271
11.2077 0.162237
11.2101 0.162332
11.2125 0.162416
11.2149 0.162364
11.2173 0.162443
11.2199 0.162388
11.3277 0.175464
11.3319 0.173781
11.3344 0.172309
11.3368 0.17102
11.3392 0.170018
11.3418 0.169015
11.3442 0.168138
11.3466 0.167371
11.349 0.1667
11.3516 0.166112
11.3549 0.165598
11.3575 0.165148
11.3599 0.164755
11.3623 0.164411
11.365 0.164234
11.3674 0.163955
11.3698 0.163711
11.3722 0.163497
11.3746 0.16331
11.377 0.163146
11.3794 0.163003
11.382 0.162877
11.4898 0.162768
11.494 0.162672
11.4965 0.162588
11.5001 0.162764
11.6957 0.162669
11.6981 0.16271
11.7005 0.162621
11.7033 0.162669
11.7056 0.162585
11.8131 0.162637
11.8175 0.162682
11.8199 0.162597
11.8222 0.162647
11.8246 0.162567
11.8566 0.166246
11.859 0.16584
11.8614 0.165485
11.8641 0.165299
11.8665 0.165012
11.9741 0.17801
11.9783 0.176384
11.9807 0.174711
11.9831 0.173372
11.9855 0.172076
12.0176 0.174691
12.02 0.17323
12.0224 0.172076
12.0248 0.170942
12.0271 0.169949
12.0295 0.16908
12.1361 0.168195
12.1404 0.167421
12.143 0.166743
12.1454 0.16615
12.1477 0.165632
12.1797 0.165178
12.1821 0.164905
12.1844 0.164542
12.1868 0.164224
12.1892 0.163946
12.1916 0.163703
12.2982 0.16349
12.3029 0.163304
12.3053 0.163266
12.3077 0.163108
12.3101 0.163094
12.3418 0.162957
12.3441 0.162838
12.3467 0.162733
12.3491 0.163016
12.3515 0.163264
12.3539 0.163356
12.4591 0.176437
12.4638 0.175007
12.4662 0.173631
12.4686 0.172302
12.471 0.17114
12.5026 0.173747
12.505 0.172529
12.5083 0.171463
12.5107 0.17053
12.5131 0.169714
12.5155 0.168999
12.62 0.181249
12.6247 0.179218
12.6271 0.177316
12.6295 0.175526
12.6318 0.173961
12.6635 0.176341
12.6659 0.174673
12.6692 0.173339
12.6716 0.172047
12.6743 0.171041
12.677 0.170036
12.6794 0.169281
12.7821 0.168371
12.7868 0.167575
12.7891 0.166878
12.7915 0.166268
12.7939 0.165735
12.8256 0.165268
12.828 0.164984
12.8313 0.164611
12.8337 0.164285
12.8366 0.163999
12.8391 0.163874
12.8415 0.16364
12.9442 0.163435
12.9488 0.163256
12.9512 0.163099
12.9536 0.162961
12.956 0.162966
12.9877 0.162845
12.9901 0.16274
12.9934 0.162647
12.9958 0.162566
12.9989 0.162496
13.0016 0.162434
13.004 0.162754
13.1051 0.17541
13.1097 0.174109
13.1121 0.172845
13.1145 0.171615
13.1169 0.170538
13.1486 0.173221
13.151 0.171943
13.1543 0.17095
13.1567 0.169956
13.1598 0.169212
13.1625 0.16856
13.1649 0.167865
13.2662 0.179632
13.2713 0.177928
13.2737 0.176187
13.2761 0.174664
13.2785 0.173331
13.3098 0.175789
13.3122 0.174316
13.3152 0.173151
13.3175 0.171882
13.3207 0.170897
13.3237 0.170035
13.3261 0.169281
13.4271 0.180995
13.4295 0.178746
13.4336 0.176653
13.436 0.174946
13.4384 0.173328
13.4408 0.171912
13.4719 0.170673
13.4742 0.169589
13.4775 0.16864
13.4799 0.16781
13.4828 0.167084
13.4861 0.166573
13.4885 0.166002
13.5893 0.165502
13.5917 0.165064
13.5957 0.164681
13.5981 0.164346
13.6005 0.164053
13.6029 0.163796
13.6339 0.163571
13.6366 0.163375
13.6396 0.163203
13.642 0.163178
13.645 0.163031
13.6482 0.162902
13.6505 0.162789
13.7517 0.16269
13.7541 0.162729
13.7578 0.162638
13.7605 0.162933
13.7629 0.163067
13.7653 0.163308
13.7948 0.166895
13.7975 0.166533
13.8005 0.166216
13.8029 0.165814
13.8059 0.165462
13.8091 0.165405
13.8114 0.165104
13.9126 0.177216
13.915 0.175564
13.9187 0.174119
13.9214 0.172854
13.9238 0.171622
13.9261 0.170669
13.9557 0.173086
13.9584 0.17195
13.9614 0.170956
13.9638 0.169962
13.967 0.169341
13.9699 0.168674
13.9723 0.167965
14.0735 0.179719
14.0759 0.177629
14.0796 0.175925
14.0826 0.174435
14.085 0.173005
14.0874 0.17188
14.0897 0.17077
14.1179 0.169674
14.1205 0.168714
14.1235 0.167875
14.1259 0.167141
14.1291 0.166498
14.132 0.166061
14.1344 0.165553
14.236 0.165109
14.2384 0.164845
14.2417 0.16449
14.2449 0.164179
14.2473 0.164031
14.2496 0.163777
14.252 0.16368
14.2801 0.163595
14.2826 0.163396
14.2856 0.163221
14.288 0.163069
14.2912 0.162935
14.2941 0.162818
14.2965 0.162716
14.3983 0.162751
14.4006 0.162657
14.4038 0.162575
14.407 0.162628
14.4094 0.16255
14.4118 0.162481
14.4142 0.162796
14.4411 0.166071
14.4435 0.165688
14.4465 0.165477
14.4488 0.165167
14.4521 0.165146
14.455 0.165003
14.4574 0.164753
14.5592 0.177033
14.5615 0.175279
14.5646 0.173869
14.5682 0.172761
14.5706 0.171541
14.573 0.170598
14.5754 0.169773
14.6023 0.172052
14.6046 0.17092
14.6073 0.170055
14.6097 0.169173
14.613 0.168652
14.6159 0.167945
14.6183 0.167327
14.7204 0.179286
14.7227 0.17725
14.7255 0.175594
14.7291 0.17427
14.7315 0.172861
14.7339 0.171628
14.7363 0.17055
14.7632 0.172731
14.7656 0.171515
14.768 0.170575
14.7704 0.169628
14.7728 0.1688
14.7752 0.16795
14.778 0.167206
14.7804 0.166555
14.8824 0.165986
14.8848 0.165488
14.8876 0.165052
14.8912 0.16467
14.8936 0.164337
14.896 0.164044
14.8984 0.163789
14.9253 0.163565
14.9277 0.16337
14.9301 0.163198
14.9325 0.163049
14.9349 0.162918
14.9373 0.162803
14.9401 0.162827
14.9425 0.162724
15.0445 0.162634
15.0469 0.162554
15.0499 0.162485
15.0535 0.162424
15.0559 0.162371
15.0583 0.16245
15.0606 0.162394
15.0874 0.162344
15.0898 0.162301
15.0922 0.162264
15.0946 0.162481
15.097 0.162671
15.0994 0.162962
15.1018 0.163092
15.1042 0.163205
15.2057 0.17568
15.2081 0.17422
15.2108 0.172942
15.2144 0.171949
15.2168 0.170831
15.2191 0.169977
15.2218 0.169105
15.2483 0.171467
15.2507 0.170408
15.2531 0.169607
15.2555 0.168781
15.2579 0.168059
15.2603 0.167551
15.2627 0.166982
15.2651 0.16661
15.3666 0.178533
15.369 0.176592
15.3717 0.174893
15.3753 0.173656
15.3776 0.172324
15.38 0.171284
15.3827 0.170248
15.4092 0.172467
15.4116 0.171284
15.414 0.170248
15.4164 0.169342
15.4188 0.168549
15.4212 0.167981
15.4236 0.167358
15.4259 0.166813
15.4287 0.166337
15.5287 0.165795
15.5311 0.165445
15.5338 0.165015
15.5373 0.164638
15.5397 0.164308
15.5421 0.16402
15.5448 0.163767
15.5713 0.163546
15.5737 0.163353
15.5761 0.163309
15.5785 0.163145
15.5809 0.163002
15.5832 0.162877
15.5856 0.162767
15.588 0.162796
15.5908 0.162697
15.6914 0.162735
15.6938 0.162643
15.6962 0.162687
15.91 0.162602
15.9123 0.162526
15.9147 0.162461
16.0148 0.162403
16.0175 0.162353
16.0199 0.162309
16.023 0.162395
16.0708 0.168096
16.0732 0.167584
16.0756 0.167011
16.1758 0.178759
16.1786 0.176914
16.1811 0.1753
16.184 0.173888
16.2317 0.178152
16.2341 0.176383
16.2365 0.17471
16.2389 0.173246
16.3378 0.17184
16.3407 0.17061
16.3436 0.169534
16.346 0.168717
16.3938 0.167878
16.3962 0.167143
16.3986 0.1665
16.401 0.165938
16.4999 0.165445
16.5028 0.165015
16.5057 0.164638
16.5085 0.164308
16.5561 0.164145
16.5585 0.163877
16.5609 0.163642
16.5633 0.163812
16.6609 0.175835
16.6637 0.174356
16.6666 0.173061
16.6694 0.171929
16.717 0.176563
16.7194 0.174867
16.7218 0.173384
16.7242 0.172211
16.8218 0.182935
16.8248 0.180568
16.8275 0.178497
16.8303 0.176685
16.8779 0.180599
16.8803 0.178399
16.8827 0.176474
16.8851 0.174915
16.9827 0.185301
16.9851 0.182638
16.9875 0.180183
16.9899 0.17791
16.9926 0.175922
17.0405 0.174306
17.0429 0.172768
17.0453 0.171547
17.0477 0.170354
17.1448 0.169309
17.1472 0.168396
17.1496 0.167596
17.152 0.166897
17.1547 0.166285
17.2026 0.165749
17.205 0.16528
17.2074 0.16487
17.2098 0.164512
17.307 0.164323
17.3094 0.164032
17.3118 0.164028
17.3142 0.16415
17.3166 0.164256
17.3635 0.169849
17.3659 0.168993
17.3683 0.168369
17.3707 0.167698
17.4679 0.178985
17.4703 0.176987
17.4727 0.175239
17.4751 0.173834
17.4775 0.17248
17.5246 0.17692
17.527 0.175305
17.5294 0.173892
17.5318 0.17253
17.6289 0.183214
17.6313 0.180812
17.6337 0.178586
17.636 0.176762
17.6384 0.175042
17.6408 0.173537
17.6868 0.172095
17.6892 0.170833
17.6916 0.169729
17.694 0.168763
17.791 0.167917
17.7933 0.167178
17.7957 0.16653
17.7981 0.165964
17.8005 0.165469
17.8029 0.165035
17.8492 0.164781
17.8516 0.164433
17.854 0.164129
17.8564 0.163988
17.953 0.163864
17.9554 0.163631
17.9578 0.163427
17.9602 0.163249
17.9626 0.163093
17.965 0.163206
18.0105 0.168805
18.0129 0.16808
18.0153 0.16757
18.0177 0.167124
18.1141 0.178483
18.1165 0.176548
18.1189 0.174854
18.1213 0.173497
18.1237 0.172185
18.1261 0.171162
18.1719 0.175642
18.1743 0.174187
18.1767 0.172913
18.1791 0.171799
18.275 0.182574
18.2774 0.180127
18.2798 0.177987
18.2822 0.176238
18.2846 0.174583
18.287 0.173136
18.3332 0.177369
18.3356 0.175697
18.338 0.174235
18.3404 0.172956
18.3428 0.171711
18.4372 0.170497
18.4396 0.169435
18.442 0.168631
18.4444 0.167802
18.4468 0.167077
18.4492 0.166567
18.4958 0.165996
18.4982 0.165622
18.5006 0.165169
18.503 0.164773
18.5053 0.164551
18.5998 0.164232
18.6022 0.164078
18.6046 0.163819
18.6069 0.163591
18.6093 0.163517
18.6117 0.163328
18.6583 0.163287
18.6607 0.163126
18.6631 0.16311
18.6655 0.163346
18.6679 0.163553
18.7611 0.175109
18.7635 0.17372
18.7659 0.17238
18.7683 0.171333
18.7707 0.170416
18.7731 0.169614
18.8197 0.174412
18.8221 0.173111
18.8245 0.171972
18.8269 0.17085
18.8292 0.169994
18.9225 0.18062
18.9249 0.178417
18.9273 0.176615
18.9296 0.175038
18.932 0.173659
18.9344 0.172451
18.981 0.176895
18.9834 0.175283
18.9858 0.173748
18.9882 0.172529
18.9906 0.171463
18.993 0.170405
19.085 0.169479
19.0874 0.16867
19.0898 0.167836
19.0922 0.167231
19.0946 0.166577
19.097 0.166005
19.1436 0.165505
19.146 0.165067
19.1484 0.164808
19.1508 0.164457
19.1531 0.164275
19.1555 0.164116
19.2476 0.163851
19.25 0.16362
19.2523 0.163542
19.2547 0.16335
19.2571 0.163306
19.2595 0.163268
19.3061 0.163234
19.3085 0.163205
19.3109 0.163054
19.3133 0.163047
19.3157 0.162917
19.3181 0.162927
19.4089 0.174186
19.4113 0.172913
19.4137 0.171799
19.4161 0.170824
19.4185 0.169971
19.4209 0.1691
19.4675 0.173962
19.4699 0.172592
19.4723 0.171518
19.4747 0.170578
19.477 0.169756
19.4794 0.169036
19.5703 0.179407
19.5727 0.177481
19.5751 0.175796
19.5774 0.174321
19.5798 0.172906
19.5822 0.171793
19.6288 0.176319
19.6312 0.174779
19.6336 0.173432
19.636 0.172253
19.6384 0.171221
19.6408 0.170193
19.7316 0.180419
19.734 0.178367
19.7364 0.176571
19.7388 0.174875
19.7412 0.173515
19.7436 0.172326
19.746 0.17116
19.7914 0.17014
19.7938 0.169123
19.7962 0.168357
19.7986 0.167563
19.8009 0.166867
19.8033 0.166384
19.8942 0.165961
19.8966 0.165466
19.899 0.165033
19.9013 0.164778
19.9037 0.164431
19.9061 0.164252
19.9085 0.164096
19.9535 0.163834
19.9559 0.163605
19.9583 0.163404
19.9607 0.163228
19.9643 0.163325
20.2765 0.163159
20.2789 0.163014
20.2813 0.162888
20.2837 0.162777
20.2873 0.16268
20.3769 0.17347
20.4388 0.172036
20.4412 0.170906
20.4436 0.169793
20.446 0.168819
20.4495 0.167967
20.5392 0.167346
20.6009 0.166678
20.6033 0.166468
20.6056 0.166159
20.608 0.166014
20.6104 0.165888
20.7001 0.176527
20.7618 0.182211
20.7641 0.179934
20.7665 0.177818
20.7689 0.175965
20.7713 0.174345
20.861 0.183802
20.9228 0.188576
20.9252 0.185504
20.9276 0.182691
20.93 0.180355
20.9324 0.178311
20.9348 0.176397
21.0232 0.174722
21.0849 0.173132
21.0873 0.17174
21.0897 0.170523
21.0921 0.169457
21.0945 0.168525
21.0969 0.16771
21.1853 0.166996
21.247 0.166496
21.2494 0.165934
21.2518 0.165443
21.2542 0.165012
21.2566 0.164886
21.259 0.164775
21.3462 0.175428
21.4081 0.181375
21.4105 0.179078
21.4129 0.177068
21.4153 0.175435
21.4177 0.17388
21.42 0.172645
21.5073 0.18219
21.569 0.187166
21.5714 0.184145
21.5738 0.181502
21.5761 0.179314
21.5785 0.177275
21.5809 0.175491
21.5833 0.173929
21.6694 0.172438
21.7311 0.171258
21.7335 0.170101
21.7358 0.169088
21.7382 0.168202
21.7406 0.167427
21.743 0.166874
21.7454 0.166264
21.8315 0.165731
21.8937 0.165265
21.8961 0.164982
21.8985 0.164734
21.9009 0.164392
21.9033 0.164218
21.9057 0.163941
21.9081 0.163823
21.9925 0.17422
22.0551 0.180443
22.0575 0.178388
22.0599 0.176464
22.0623 0.174906
22.0647 0.173543
22.067 0.17235
22.0694 0.171306
22.1534 0.180518
22.2164 0.185953
22.2188 0.183084
22.2212 0.180699
22.2236 0.178611
22.226 0.176785
22.2284 0.175187
22.2308 0.173663
22.3143 0.18258
22.3778 0.187758
22.3802 0.184788
22.3826 0.18219
22.385 0.179791
22.3874 0.177817
22.3897 0.175965
22.3921 0.174469
22.3945 0.173161
22.4766 0.171766
22.5403 0.17067
22.5427 0.169586
22.5451 0.168763
22.5475 0.168043
22.5499 0.167287
22.5523 0.166751
22.5547 0.166157
22.5571 0.165763
22.6387 0.165292
22.7029 0.164881
22.7053 0.164646
22.7077 0.16469
22.7101 0.164729
22.7124 0.164763
22.7148 0.164792
22.7172 0.164818
22.7196 0.164841
22.7996 0.174486
22.8642 0.180925
22.8666 0.178809
22.869 0.176958
22.8714 0.175339
22.8738 0.173796
22.8762 0.172572
22.8786 0.1715
22.881 0.170438
22.9611 0.179383
23.0252 0.18521
23.028 0.182434
23.0304 0.18013
23.0328 0.177988
23.0352 0.17624
23.0375 0.17471
23.0399 0.173246
23.0423 0.17209
23.0447 0.171079
23.1236 0.169944
23.1873 0.168951
23.1905 0.168207
23.1929 0.167431
23.1953 0.166877
23.1977 0.166268
23.2001 0.165859
23.2025 0.165502
23.2049 0.165064
23.2073 0.164806
23.2861 0.16458
23.3494 0.164258
23.3527 0.163976
23.3555 0.163854
23.3579 0.163622
23.3602 0.163544
23.3626 0.163726
23.365 0.163885
23.3674 0.164025
23.3698 0.164147
23.4475 0.173628
23.5104 0.179925
23.5136 0.177934
23.5168 0.176192
23.5192 0.174668
23.5216 0.173335
23.524 0.172043
23.5264 0.171038
23.5288 0.170033
23.5312 0.169279
23.6088 0.177994
23.6713 0.183745
23.6745 0.181277
23.6778 0.179117
23.6802 0.177227
23.683 0.175449
23.6853 0.174018
23.6877 0.172766
23.6901 0.17167
23.6925 0.170711
23.6949 0.169747
23.7714 0.168904
23.8334 0.168041
23.8367 0.167286
23.8399 0.166625
23.8422 0.166047
23.8455 0.165666
23.8479 0.165208
23.8503 0.164932
23.8527 0.164565
23.8551 0.16437
23.8575 0.164198
23.9339 0.163924
23.9957 0.163683
23.9988 0.163473
24.0019 0.163289
24.0043 0.163128
24.008 0.163112
24.0104 0.163098
24.0128 0.16296
24.0152 0.162965
24.0176 0.162845
24.02 0.162989
24.0953 0.172366
24.1566 0.178695
24.1597 0.176858
24.163 0.175376
24.1654 0.173954
24.169 0.17271
24.1718 0.171496
24.1742 0.170559
24.1766 0.169739
24.179 0.168897
24.1813 0.168285
24.2566 0.176874
24.3175 0.182515
24.3208 0.1802
24.3239 0.178175
24.3263 0.176278
24.6407 0.174494
24.6438 0.172932
24.6471 0.17169
24.6495 0.170479
24.6531 0.169544
24.8015 0.186851
24.8048 0.183995
24.808 0.181495
24.8104 0.179184
24.8139 0.177286
24.9626 0.19375
24.9657 0.190031
24.9689 0.186777
24.9712 0.18393
24.9748 0.181439
25.1239 0.197509
25.1266 0.19332
25.129 0.189655
25.1314 0.186323
25.1338 0.183283
25.1369 0.180623
25.286 0.178295
25.2888 0.176258
25.2912 0.174476
25.2936 0.172916
25.296 0.171677
25.299 0.170592
25.448 0.169643
25.4509 0.168688
25.4533 0.167852
25.4557 0.16712
25.4581 0.166855
25.4605 0.166498
25.6091 0.184436
25.6118 0.181757
25.6142 0.179537
25.6168 0.17747
25.6192 0.175786
25.6216 0.174188
25.77 0.191039
25.7727 0.187534
25.7751 0.184593
25.7777 0.181894
25.7801 0.179657
25.7828 0.177575
25.7852 0.175878
25.9324 0.174268
25.9348 0.172735
25.9372 0.171393
25.9398 0.170219
25.9422 0.169191
25.9449 0.168292
25.9473 0.167506
26.0945 0.166818
26.0969 0.166215
26.0993 0.165689
26.1022 0.165352
26.1046 0.164933
26.107 0.164692
26.1094 0.164355
26.2553 0.182311
26.2578 0.179897
26.2602 0.17791
26.2631 0.176171
26.2655 0.174525
26.2679 0.173084
26.2703 0.171824
26.4162 0.188721
26.4187 0.185506
26.421 0.182817
26.4243 0.180465
26.4267 0.178282
26.4291 0.176497
26.4315 0.174935
26.5773 0.191443
26.5797 0.187888
26.5821 0.184902
26.5845 0.182164
26.5869 0.179643
26.5893 0.177563
26.5917 0.175618
26.5941 0.17404
26.7394 0.172535
26.7418 0.171218
26.7442 0.170066
26.7466 0.169058
26.749 0.168176
26.7514 0.167404
26.7537 0.166728
26.7561 0.166137
26.9015 0.16562
26.9039 0.165168
26.9063 0.164772
26.9087 0.164675
26.911 0.164716
26.9135 0.164751
26.9159 0.164657
26.9183 0.1647
27.063 0.182363
27.0654 0.180067
27.0678 0.178059
27.0702 0.176302
27.0725 0.174764
27.0749 0.173293
27.0773 0.172132
27.0797 0.171115
27.2239 0.187851
27.2263 0.184869
27.229 0.182136
27.2313 0.179869
27.2337 0.17776
27.2361 0.17604
27.2385 0.174535
27.2409 0.173093
27.2433 0.171957
27.386 0.170712
27.3884 0.169623
27.391 0.168795
27.3934 0.167946
27.3958 0.167203
27.3982 0.166552
27.4006 0.165983
27.403 0.165485
27.4054 0.16505
27.548 0.164793
27.5504 0.164444
27.5531 0.164139
27.5555 0.163871
27.5579 0.163637
27.5603 0.163433
27.5627 0.163504
27.5651 0.163691
27.5675 0.163854
27.7092 0.181373
27.7116 0.179076
27.714 0.177192
27.7164 0.175418
27.7188 0.173865
27.7212 0.172632
27.7236 0.171428
27.726 0.170375
27.7284 0.169453
27.8703 0.186146
27.8726 0.183253
27.875 0.180846
27.8774 0.178616
27.8798 0.176664
27.8822 0.175081
27.8846 0.173571
27.887 0.172249
27.8894 0.171218
27.8918 0.170191
28.0323 0.169167
28.0348 0.168271
28.0374 0.167487
28.0403 0.166926
28.0427 0.166436
28.0451 0.166006
28.0475 0.16563
28.0498 0.165302
28.0522 0.165014
28.0546 0.164762
28.1944 0.164417
28.1969 0.164115
28.1995 0.16385
28.2023 0.163619
28.2048 0.163417
28.2071 0.16324
28.2095 0.163085
28.2119 0.162949
28.2143 0.16283
28.2167 0.162977
28.3556 0.18023
28.358 0.178076
28.3607 0.176316
28.3634 0.174777
28.3658 0.173305
28.3682 0.172142
28.3706 0.170999
28.373 0.170124
28.3754 0.169359
28.3778 0.168564
28.5165 0.184993
28.519 0.182244
28.5216 0.179964
28.5244 0.177968
28.5268 0.176097
28.5294 0.174585
28.5318 0.173137
28.5342 0.171995
28.5366 0.17087
28.539 0.169887
28.6776 0.186151
28.68 0.183257
28.6824 0.18085
28.6849 0.178619
28.6873 0.176666
28.6897 0.174958
28.6921 0.173463
28.6945 0.172155
28.6969 0.170886
28.6993 0.1699
28.7016 0.169038
28.8398 0.168158
28.8424 0.167513
28.8448 0.166824
28.8472 0.166346
28.8495 0.165803
28.8519 0.165327
28.8543 0.164912
28.8567 0.164548
28.8591 0.164354
28.8615 0.16406
28.8639 0.163802
29.0022 0.163702
29.0046 0.163489
29.0069 0.163553
29.0098 0.163734
29.0122 0.163892
29.0146 0.164031
29.017 0.164277
29.0194 0.164367
29.0218 0.164446
29.0242 0.164516
29.0266 0.164576
29.1636 0.181504
29.166 0.179316
29.1684 0.177402
29.1708 0.175726
29.1732 0.174261
29.1758 0.172853
29.1782 0.171746
29.1806 0.170653
29.183 0.169696
29.1853 0.168984
29.1877 0.168236
29.3245 0.184457
29.3269 0.181775
29.3293 0.179428
29.3317 0.177374
29.3341 0.175703
29.3365 0.174115
29.3389 0.172725
29.3412 0.17151
29.3436 0.170446
29.346 0.16964
29.3484 0.16881
29.3508 0.168084
29.4869 0.167323
29.4893 0.166783
29.4917 0.166185
29.4941 0.165787
29.4965 0.165314
29.4989 0.164899
29.5013 0.164662
29.5037 0.164329
29.506 0.164163
29.5084 0.163893
29.5108 0.163656
29.5132 0.163574
29.649 0.163502
29.6514 0.163315
29.6538 0.16315
29.6562 0.163006
29.6586 0.162881
29.661 0.162771
29.6634 0.163049
29.6657 0.163168
29.6681 0.163397
29.6705 0.163472
29.6729 0.163538
29.6753 0.163721
29.8099 0.180256
29.8123 0.178099
29.8147 0.176212
29.8175 0.174685
29.8198 0.173224
29.8222 0.172071
29.8246 0.171063
29.827 0.17018
29.8294 0.169407
29.8318 0.168606
29.8342 0.168031
29.8366 0.167527
29.9708 0.183461
29.9732 0.181028
29.9756 0.178775
29.9788 0.176928
29.9812 0.175312
29.9836 0.173898
29.986 0.172536
29.9884 0.171469
29.9908 0.17041
29.9931 0.169609
29.9955 0.168908
29.9979 0.168169
30.0003 0.167648
