0.0 0
0.0322165 0.032
0.0671493 0.032375
0.103234 0.0328281
0.139319 0.0332246
0.174209 0.0379465
0.176599 0.0378282
0.210522 0.0375997
0.212913 0.0376497
0.215303 0.0378185
0.246607 0.0375912
0.248997 0.0376423
0.251388 0.037812
0.253778 0.0378355
0.281497 0.0413561
0.283887 0.0408116
0.286277 0.0404601
0.288668 0.0404026
0.291058 0.0403523
0.293581 0.0403082
0.316386 0.0431447
0.321167 0.0425016
0.323557 0.0421889
0.325948 0.0417903
0.328338 0.0415665
0.330728 0.0416207
0.335509 0.0416681
0.351276 0.0437096
0.353666 0.0428709
0.357252 0.042012
0.359642 0.0415105
0.362032 0.0414467
0.364423 0.0413909
0.367204 0.041467
0.369594 0.0417836
0.371984 0.0419357
0.374375 0.0421937
0.376765 0.0426695
0.379156 0.0428358
0.381546 0.0432313
0.387361 0.0423274
0.389751 0.0417865
0.392141 0.0414382
0.394532 0.0408834
0.396922 0.040648
0.399312 0.040567
0.401703 0.0403711
0.404093 0.0405747
0.406484 0.0407529
0.408874 0.0407838
0.411264 0.0411858
0.413655 0.0415376
0.416045 0.0419704
0.418436 0.0425991
0.420826 0.0430242
0.423216 0.0435212
0.425607 0.044206
0.427997 0.0446803
0.430388 0.0452202
0.432999 0.0459427
0.435389 0.0461999
0.43778 0.0464249
0.44017 0.0469968
0.44256 0.0473722
0.444951 0.0477007
0.447341 0.0483631
0.449732 0.0489427
0.452122 0.0494498
0.454512 0.0501436
0.456903 0.0507507
0.459293 0.0512818
0.461684 0.0519966
0.464074 0.052747
0.466464 0.0534036
0.468855 0.0542282
0.471245 0.0549497
0.473636 0.055581
0.476026 0.0565083
0.478416 0.0571948
0.480807 0.0577954
0.483197 0.058696
0.485588 0.059484
0.487978 0.0600485
0.490368 0.0609174
0.595546 0.0594278
0.597936 0.0581243
0.600327 0.0569838
0.602717 0.0559858
0.605108 0.0551126
0.607498 0.0543485
0.609888 0.0536799
0.612279 0.0530949
0.614669 0.0525831
0.61706 0.0521352
0.61945 0.0517433
0.62184 0.0514004
0.624231 0.0511003
0.626621 0.0508378
0.629012 0.0506081
0.631402 0.0504071
0.633792 0.0502312
0.636183 0.0500773
0.638573 0.0499426
0.640964 0.0498248
0.643354 0.0495967
0.645744 0.0493971
0.648135 0.0492225
0.650525 0.0490697
0.652916 0.0488109
0.655306 0.0487096
0.657696 0.0486209
0.660087 0.0485433
0.662477 0.0484754
0.664867 0.0482909
0.667258 0.0482546
0.669648 0.0482228
0.672039 0.0481949
0.674429 0.0481705
0.676819 0.0480242
0.67921 0.0480212
0.6816 0.0480185
0.683991 0.0478912
0.686381 0.0479048
0.688771 0.0479167
0.691162 0.0479271
0.693552 0.0481862
0.695943 0.048413
0.698333 0.0486113
0.700723 0.0487849
0.703114 0.0490618
0.705504 0.0491791
0.707895 0.0492817
0.710285 0.0493715
0.712675 0.04945
0.715066 0.0496438
0.717456 0.0496883
0.719862 0.0497273
0.722252 0.0497614
0.724642 0.0497912
0.727033 0.0499423
0.729423 0.0499495
0.731814 0.0499558
0.734204 0.0500863
0.736594 0.0500755
0.738985 0.0500661
0.741375 0.0500578
0.743766 0.0500506
0.746156 0.0501693
0.74859 0.0501481
0.75098 0.0501296
0.75337 0.0501134
0.755761 0.0500992
0.758151 0.0502118
0.760542 0.0501853
0.762932 0.0501622
0.765322 0.0501419
0.767713 0.0501242
0.770103 0.0502336
0.772494 0.0502044
0.774884 0.0501789
0.777274 0.0501565
0.779665 0.050137
0.782055 0.0502448
0.784446 0.0502142
0.786836 0.0501875
0.789226 0.050289
0.791617 0.0502529
0.794007 0.0503463
0.796398 0.050303
0.798788 0.0502651
0.801178 0.050357
0.803569 0.0503124
0.805959 0.0502733
0.80835 0.0502391
0.81074 0.0502093
0.81313 0.0503081
0.815564 0.0502696
0.817954 0.0502359
0.820345 0.0502064
0.822735 0.0501806
0.825126 0.050283
0.827516 0.0502476
0.829906 0.0502167
0.832297 0.0501896
0.834687 0.0501659
0.837078 0.0502702
0.839468 0.0502364
0.841858 0.0502068
0.844249 0.050181
0.846639 0.0501584
0.84903 0.0502636
0.85142 0.0502306
0.853825 0.0502018
0.856216 0.0503016
0.858606 0.0502639
0.860996 0.0502309
0.863387 0.050202
0.865777 0.0501768
0.868168 0.0502797
0.870558 0.0502447
0.872948 0.0502141
0.875339 0.0501874
0.877729 0.0501639
0.88012 0.0502684
0.88251 0.0502349
0.8849 0.0502055
0.887291 0.0501798
0.889681 0.0501574
0.892072 0.0502627
0.894462 0.0502299
0.896852 0.0502011
0.899243 0.050551
0.901633 0.0507321
0.904024 0.0510156
0.906414 0.0512636
0.908804 0.0513557
0.911195 0.0515612
0.913585 0.0517411
0.915976 0.0517734
0.918366 0.0519268
0.920815 0.0519359
0.923205 0.0520689
0.925595 0.0521853
0.927986 0.0521621
0.930376 0.0522669
0.932767 0.0522335
0.935157 0.0523293
0.937547 0.0524132
0.939938 0.0523615
0.942328 0.0524413
0.944719 0.0523862
0.947109 0.0524629
0.949499 0.05253
0.95189 0.0524638
0.95428 0.0525308
0.956671 0.0524645
0.959061 0.0525314
0.961451 0.05259
0.963842 0.0525162
0.966232 0.0525767
0.968623 0.0526296
0.971013 0.0526759
0.973403 0.0527164
0.975794 0.0526269
0.978184 0.0526735
0.980575 0.0527143
0.983165 0.05275
0.985555 0.0527813
0.987946 0.0526836
0.990336 0.0527232
0.992726 0.0527578
0.995117 0.052788
0.997507 0.0528145
0.999898 0.0527127
1.00229 0.0527486
1.00468 0.0527801
1.00707 0.0528075
1.07504 0.0508316
1.07743 0.0489776
1.07982 0.0473554
1.08221 0.045936
1.0846 0.044694
1.08699 0.0436073
1.0898 0.0426564
1.09219 0.0419493
1.09458 0.0412056
1.09697 0.0405549
1.10993 0.0413606
1.11232 0.0408155
1.11471 0.0403386
1.11722 0.0400462
1.11961 0.0396655
1.12227 0.0394573
1.12469 0.0392751
1.12708 0.0391157
1.12947 0.0388513
1.13186 0.0386199
1.14482 0.0397924
1.14721 0.0395683
1.1496 0.0392473
1.15211 0.0390914
1.1545 0.0388299
1.15716 0.0387262
1.15958 0.0385104
1.16197 0.0383216
1.16436 0.0381564
1.16675 0.0380119
1.17971 0.0392604
1.1821 0.0391028
1.18449 0.03884
1.18688 0.03861
1.18927 0.0384087
1.19166 0.0382326
1.19405 0.0380786
1.19644 0.0379437
1.19883 0.0378258
1.20122 0.0377226
1.20361 0.0376322
1.21579 0.0374282
1.21818 0.0372497
1.22057 0.0370935
1.22297 0.0369568
1.22536 0.0368372
1.22775 0.0367325
1.23014 0.036641
1.23253 0.0365608
1.23492 0.0364907
1.23731 0.0364294
1.2397 0.0363757
1.25188 0.0363288
1.25427 0.0362877
1.25739 0.0363767
1.25978 0.0364546
1.26217 0.0368978
1.26456 0.0371606
1.26695 0.0373905
1.26934 0.0375917
1.27173 0.0377677
1.27413 0.0380468
1.27652 0.0381659
1.28677 0.0392702
1.28916 0.0391114
1.29267 0.0389725
1.29506 0.0388509
1.29745 0.0387445
1.29984 0.0385265
1.30223 0.0384607
1.30462 0.0384031
1.30701 0.0383527
1.30941 0.0383086
1.3118 0.038145
1.32166 0.0390019
1.32444 0.0388767
1.32756 0.0387671
1.32995 0.0385462
1.33234 0.0383529
1.33473 0.0381838
1.33712 0.0381608
1.33951 0.0380157
1.3419 0.0378888
1.34429 0.0377777
1.34669 0.0376805
1.34908 0.0377204
1.35774 0.0375053
1.36091 0.0373172
1.36365 0.0371525
1.36604 0.0371335
1.36843 0.0369918
1.37082 0.0368678
1.37321 0.0367593
1.3756 0.0366644
1.37799 0.0365814
1.38038 0.0365087
1.38277 0.0364451
1.38516 0.0363895
1.39422 0.0364658
1.397 0.0364076
1.40007 0.0364816
1.40246 0.0364214
1.40485 0.0363687
1.40724 0.0364476
1.40963 0.0363917
1.41202 0.0367177
1.41441 0.037003
1.4168 0.0372526
1.41919 0.0374711
1.42158 0.0376622
1.4295 0.0384544
1.43189 0.0382726
1.43496 0.0382385
1.43735 0.0380837
1.43974 0.0379482
1.44213 0.0379547
1.44452 0.0378354
1.44691 0.037731
1.4493 0.0376396
1.45169 0.0375596
1.45408 0.0376147
1.45647 0.0375378
1.46439 0.0382206
1.46678 0.038068
1.46985 0.0380595
1.47224 0.0380521
1.47463 0.0379206
1.47728 0.0379305
1.47969 0.0378142
1.48208 0.0378374
1.48447 0.0378577
1.48686 0.0377505
1.48925 0.0377817
1.49175 0.037684
1.49414 0.0377235
1.50047 0.0375081
1.50297 0.0373195
1.50593 0.0371546
1.50832 0.0370103
1.51071 0.036884
1.51375 0.0367735
1.51614 0.0368018
1.52092 0.0367016
1.52331 0.0367389
1.5257 0.0366465
1.52809 0.0366907
1.53049 0.0366044
1.53656 0.0365288
1.53906 0.0365877
1.54201 0.0366393
1.54441 0.0365593
1.5468 0.0364894
1.54984 0.0364282
1.55223 0.0363747
1.55954 0.0367029
1.5621 0.03699
1.56464 0.0372413
1.56703 0.0374611
1.56942 0.0379035
1.57181 0.0382905
1.5742 0.0382542
1.5769 0.0380974
1.57929 0.0379603
1.58169 0.0378402
1.58473 0.0378602
1.58723 0.0378777
1.59482 0.038393
1.59721 0.0383438
1.5996 0.0385509
1.60199 0.038607
1.60438 0.0387811
1.60677 0.0388085
1.60916 0.0389574
1.61237 0.0392127
1.67298 0.0388112
1.67539 0.0384598
1.67778 0.0381523
1.68017 0.0378833
1.68256 0.0376478
1.6851 0.0374419
1.70787 0.0397616
1.71035 0.0395414
1.71278 0.0392237
1.71517 0.0390708
1.71756 0.0388119
1.71999 0.0385854
1.74276 0.0408873
1.74524 0.0405264
1.74805 0.0402106
1.75044 0.0399342
1.75283 0.0395675
1.75522 0.0393715
1.7777 0.0417001
1.78013 0.0412376
1.78252 0.0407079
1.78491 0.0401194
1.7873 0.0397295
1.78969 0.0393883
1.79261 0.0390897
1.81379 0.0387035
1.81621 0.0383656
1.8186 0.0380699
1.82099 0.0378112
1.82338 0.0375848
1.82577 0.0373867
1.82901 0.0373383
1.84987 0.037171
1.85229 0.0370247
1.8547 0.0368966
1.85709 0.0369095
1.85948 0.0371708
1.86187 0.0372745
1.86437 0.0374902
1.88476 0.0396789
1.88755 0.039469
1.88994 0.0391604
1.89233 0.0390153
1.89472 0.0387634
1.89711 0.038668
1.89965 0.0385845
1.91967 0.0406364
1.92244 0.0403069
1.92483 0.0398935
1.92734 0.0396568
1.92975 0.0393247
1.93214 0.0391591
1.93453 0.0388892
1.93692 0.0386531
1.95575 0.0383214
1.95861 0.0380313
1.961 0.0379024
1.96342 0.0376646
1.96623 0.0375815
1.96862 0.0373838
1.97101 0.0373358
1.9734 0.0372939
1.99208 0.0372571
1.99725 0.0371
1.99965 0.0369625
2.00231 0.0368422
2.0047 0.0367369
2.00709 0.0366448
2.00948 0.0368142
2.02697 0.0388374
2.03253 0.0389827
2.03493 0.0387349
2.03732 0.038893
2.03971 0.0390314
2.0421 0.0391525
2.14811 0.0391334
2.22298 0.0387417
2.25907 0.038524
2.29515 0.0382085
2.33072 0.0423075
2.366 0.045769
2.40128 0.0489229
2.40367 0.0475575
2.43775 0.0461128
2.44014 0.0449737
2.47423 0.043977
2.47662 0.0429799
2.51031 0.0421074
2.5127 0.041594
2.54561 0.0450197
2.548 0.0440173
2.58049 0.0470151
2.58327 0.0458882
2.58566 0.0449022
2.61658 0.0437894
2.61973 0.0428157
2.62212 0.0420888
2.65266 0.0413277
2.65582 0.0406617
2.65821 0.040079
2.68755 0.0431941
2.69071 0.0425449
2.6931 0.0419767
2.72244 0.0447297
2.7256 0.0438884
2.72799 0.0430274
2.75733 0.045649
2.76049 0.0446928
2.76288 0.0437312
2.76527 0.0430148
2.79342 0.042138
2.79657 0.0413707
2.79896 0.0406994
2.80135 0.040112
2.8295 0.039598
2.83266 0.0391482
2.83505 0.0388797
2.83744 0.0388947
2.86439 0.0419079
2.86755 0.0414194
2.86994 0.040867
2.8725 0.0403836
2.89928 0.0430857
2.90244 0.0424499
2.90483 0.0417687
2.90739 0.0412976
2.93417 0.0438854
2.93656 0.0430247
2.93895 0.0421466
2.94134 0.0415033
2.94373 0.0408154
2.97026 0.0402135
2.97265 0.0396868
2.97516 0.0393509
2.97755 0.0389321
2.97994 0.0385656
3.00643 0.0382449
3.00882 0.0379643
3.01122 0.0380937
3.01361 0.038082
3.04171 0.0410718
3.0441 0.0406878
3.04649 0.0403518
3.04889 0.0399328
3.0766 0.0428162
3.07899 0.0420892
3.08138 0.0418281
3.08377 0.0414745
3.08617 0.0412902
3.11188 0.0440039
3.11427 0.0432535
3.11666 0.0425968
3.11905 0.0420222
3.12145 0.0415194
3.12384 0.0409545
3.14849 0.0404602
3.15088 0.0399026
3.15327 0.0395398
3.15566 0.0390973
3.15805 0.0388352
3.16044 0.0386058
3.18457 0.0382801
3.18696 0.037995
3.18936 0.0381207
3.19175 0.0381056
3.19414 0.0382174
3.19653 0.0381902
3.21946 0.0407914
3.22185 0.0403175
3.22424 0.0400278
3.22664 0.0396493
3.22903 0.0394432
3.23142 0.0391378
3.25435 0.0414956
3.25674 0.0409336
3.25924 0.0405669
3.26163 0.040121
3.26402 0.0398559
3.26641 0.0394989
3.2688 0.0391866
3.29044 0.0387882
3.29283 0.0384397
3.29532 0.0381347
3.29771 0.0378679
3.3001 0.0376344
3.30249 0.0374301
3.30488 0.0372513
3.32652 0.0370949
3.32891 0.0369581
3.3314 0.0368383
3.3338 0.0367335
3.33619 0.0366418
3.33858 0.0368116
3.34097 0.0369601
3.36141 0.0394651
3.3638 0.039157
3.36629 0.0390124
3.36868 0.0387608
3.3711 0.0386657
3.37349 0.0384575
3.37588 0.0382753
3.3963 0.0404909
3.39869 0.0400545
3.40118 0.0397977
3.40357 0.039448
3.40599 0.039142
3.40838 0.0388742
3.41077 0.03864
3.41316 0.03856
3.43239 0.03824
3.43478 0.03796
3.43727 0.037715
3.43966 0.0375006
3.44207 0.037438
3.44485 0.0372583
3.44724 0.037226
3.44963 0.0370727
3.46847 0.0369387
3.47086 0.0368213
3.47335 0.0367187
3.47574 0.0366288
3.47816 0.0365502
3.48132 0.0366064
3.48371 0.0365306
3.4861 0.0365893
3.50336 0.0387656
3.50575 0.0385449
3.50824 0.0384768
3.51063 0.0382922
3.51305 0.0382557
3.51621 0.0382237
3.5186 0.0380708
3.52099 0.0379369
3.53832 0.0396948
3.54071 0.039358
3.54313 0.0391882
3.54552 0.0389147
3.54833 0.0388003
3.5511 0.0387003
3.55349 0.0384878
3.55588 0.0383018
3.57321 0.0401391
3.5756 0.0397467
3.57799 0.0394033
3.5804 0.0391029
3.5828 0.0388401
3.58519 0.0386101
3.58758 0.0382838
3.58997 0.0379983
3.59236 0.0378735
3.60929 0.0376393
3.61168 0.0374344
3.61408 0.0373801
3.61688 0.0372076
3.61939 0.0371817
3.62178 0.0370339
3.62417 0.0370297
3.62656 0.037026
3.62895 0.0368977
3.64538 0.0367855
3.64777 0.0366873
3.65016 0.0366014
3.65305 0.0366512
3.65544 0.0369448
3.65783 0.0370767
3.66022 0.0373171
3.66261 0.0374025
3.665 0.0376022
3.68187 0.0395269
3.7336 0.039086
3.73599 0.0387003
3.75361 0.0383628
3.756 0.0380674
3.76969 0.037809
3.77208 0.0377079
3.79008 0.0376194
3.79248 0.037542
3.80577 0.0373492
3.80816 0.0375556
3.82536 0.0394861
3.82776 0.0391753
3.84068 0.0402784
3.84315 0.0399936
3.86064 0.0414944
3.86304 0.0410576
3.87557 0.0419254
3.87804 0.0414347
3.88043 0.0408804
3.89685 0.0402703
3.89924 0.0397366
3.91165 0.0392695
3.91413 0.0388608
3.91652 0.0385032
3.9333 0.0383153
3.93569 0.0380259
3.94774 0.0377726
3.95021 0.0375511
3.9526 0.0373572
3.96938 0.0371875
3.97177 0.0372891
3.98268 0.038503
3.9851 0.0384401
3.98788 0.0382601
4.00427 0.0399776
4.00666 0.0396054
4.01757 0.0404047
4.01999 0.0399791
4.02316 0.0397317
4.03916 0.0412653
4.04155 0.0407321
4.04394 0.0402656
4.05366 0.0397324
4.05607 0.0393908
4.05925 0.038967
4.07558 0.0385961
4.07797 0.0382716
4.08036 0.0381126
4.08974 0.0378486
4.09216 0.0376175
4.09572 0.0374153
4.11167 0.0372384
4.11406 0.0372086
4.11661 0.0370575
4.12622 0.0370503
4.12861 0.037294
4.131 0.0375073
4.14656 0.0391939
4.14895 0.0389196
4.15187 0.0386797
4.16111 0.0394697
4.1635 0.039161
4.16589 0.0388909
4.18144 0.0402795
4.18384 0.0398696
4.18676 0.0396359
4.196 0.0401814
4.19887 0.0397837
4.20126 0.0395608
4.20365 0.0393657
4.21753 0.038945
4.21992 0.0385768
4.22284 0.0382547
4.23208 0.0380979
4.23535 0.0379607
4.23774 0.0377156
4.24013 0.0376261
4.25361 0.0374229
4.256 0.03737
4.25893 0.0371987
4.26847 0.0370489
4.27143 0.0369178
4.27382 0.0368031
4.27621 0.0367027
4.2885 0.0381148
4.29089 0.0379755
4.29381 0.0378536
4.30375 0.0387469
4.30632 0.0386535
4.30871 0.0384468
4.3111 0.038391
4.32339 0.0394671
4.32578 0.0391587
4.3287 0.0390139
4.33903 0.0398871
4.34142 0.0396512
4.34381 0.0393198
4.3462 0.0391549
4.35828 0.0401355
4.36104 0.0398686
4.36343 0.039635
4.36582 0.0393056
4.37512 0.0388924
4.37751 0.0385309
4.3799 0.0382145
4.38229 0.0379377
4.39437 0.0376955
4.39712 0.0374835
4.39951 0.0372981
4.4019 0.0371358
4.4112 0.0369939
4.41359 0.0368696
4.41598 0.0367609
4.4184 0.0366658
4.43045 0.0365826
4.43362 0.0365098
4.43601 0.036571
4.4384 0.0368747
4.44649 0.0378903
4.44888 0.037779
4.45366 0.0378067
4.46534 0.0389558
4.4709 0.0387113
4.47368 0.0384974
4.48138 0.0390602
4.48377 0.0388027
4.48861 0.0389524
4.491 0.0388333
4.50062 0.0398542
4.50818 0.0396224
4.51057 0.0396696
4.51627 0.0400859
4.51866 0.0397002
4.5235 0.0397376
4.52589 0.0393954
4.52828 0.039096
4.53671 0.038709
4.54428 0.0383704
4.54667 0.0383241
4.55117 0.0386586
4.61526 0.0383262
4.61777 0.0380355
4.62216 0.037781
4.62455 0.0375584
4.65135 0.0373636
4.65385 0.0371932
4.65824 0.037044
4.66063 0.0369135
4.68743 0.0367993
4.68993 0.0366994
4.69433 0.036612
4.69672 0.0365355
4.72352 0.0364685
4.72591 0.03666
4.72922 0.0370775
4.73221 0.0371928
4.75871 0.0402937
4.7611 0.040007
4.76411 0.0398811
4.76749 0.039646
4.79359 0.0423152
4.79599 0.0416508
4.79838 0.0410695
4.80077 0.0404358
4.80358 0.0398813
4.82968 0.0393961
4.83207 0.0390966
4.83567 0.0388345
4.90704 0.0386052
4.90943 0.0384046
4.94349 0.038104
4.94588 0.037841
4.98196 0.0376109
5.01805 0.0375345
5.02044 0.0377177
5.0533 0.042003
5.05569 0.0413776
5.08819 0.0447054
5.09058 0.0437422
5.12325 0.0467745
5.12564 0.0455526
5.12803 0.0446086
5.15972 0.0435325
5.16211 0.0427159
5.1645 0.0418764
5.1958 0.0411419
5.19819 0.0404991
5.20058 0.0399368
5.23079 0.0431947
5.23322 0.0425453
5.23561 0.0418522
5.26568 0.0447456
5.26849 0.0439024
5.27088 0.0430396
5.30057 0.0457847
5.30296 0.0446866
5.30535 0.0437258
5.30778 0.042885
5.33665 0.0420244
5.33904 0.0413964
5.34143 0.0407218
5.34387 0.0401316
5.37274 0.0396151
5.37525 0.0391632
5.37764 0.0387678
5.38003 0.0387969
5.40772 0.0419473
5.41174 0.0415788
5.48515 0.0408815
5.51766 0.0441463
5.55255 0.047003
5.55494 0.0457526
5.58864 0.0445336
5.59104 0.0435919
5.62472 0.0426429
5.62712 0.0418125
5.66081 0.041086
5.6632 0.0408252
5.69581 0.0442221
5.6982 0.0434443
5.7307 0.0463888
5.73309 0.0453402
5.73548 0.0442976
5.76716 0.0433854
5.76955 0.0424623
5.77194 0.0416545
5.80325 0.0409477
5.80564 0.0403292
5.80803 0.0399131
5.83942 0.0394239
5.84181 0.0392459
5.84422 0.0392152
5.8747 0.0425633
5.87709 0.0419929
5.8795 0.0414938
5.90959 0.044432
5.91199 0.043503
5.91438 0.0426902
5.91678 0.0419789
5.94567 0.0412315
5.94847 0.0407026
5.95086 0.0401148
5.95335 0.0397254
5.98176 0.0392597
5.98465 0.0388523
5.98704 0.0386207
5.98943 0.0386681
6.01742 0.0418346
6.01982 0.0413553
6.02222 0.0409359
6.02462 0.0404439
6.05231 0.0432634
6.05509 0.0426055
6.05748 0.0420298
6.05987 0.0414011
6.08756 0.0441009
6.08995 0.0432133
6.09234 0.0424367
6.09473 0.0417571
6.09712 0.0412874
6.12403 0.0407515
6.12642 0.0402826
6.12881 0.0397472
6.1312 0.0394038
6.13359 0.0389784
6.16051 0.0386061
6.1629 0.0382803
6.16529 0.0383703
6.16768 0.038449
6.17007 0.0385179
6.19552 0.0414531
6.19791 0.0408965
6.2003 0.0405344
6.20269 0.0400926
6.20508 0.039831
6.2308 0.0423522
6.23319 0.0418081
6.23558 0.0413321
6.23797 0.0407906
6.24036 0.0404418
6.24275 0.0400116
6.26727 0.0396351
6.26966 0.0391807
6.27205 0.0389081
6.27445 0.0386696
6.27684 0.0383359
6.27923 0.0381689
6.30336 0.0378978
6.30575 0.0376606
6.30814 0.037453
6.31053 0.0372714
6.31292 0.0371125
6.31531 0.0373484
6.33825 0.0400549
6.34064 0.039673
6.34303 0.0394639
6.34542 0.0391559
6.34782 0.0388864
6.35021 0.0387756
6.37314 0.0411786
6.37553 0.0406563
6.37792 0.0401993
6.38031 0.0397994
6.3831 0.0395744
6.38549 0.0393776
6.40803 0.0417054
6.41078 0.0411173
6.41317 0.0407276
6.41556 0.0403866
6.41795 0.0399633
6.42035 0.0395929
6.42274 0.0392688
6.44411 0.0388602
6.44723 0.0386277
6.44963 0.0382992
6.45204 0.0381368
6.45443 0.0379947
6.45682 0.0377454
6.45921 0.0376522
6.4802 0.0374457
6.48334 0.037265
6.48573 0.0371068
6.48812 0.0373435
6.49051 0.0374255
6.4929 0.0374974
6.49529 0.0376852
6.51509 0.0399745
6.51862 0.0397277
6.52113 0.0395118
6.52352 0.0393228
6.52591 0.0390324
6.5283 0.0389034
6.53069 0.0387905
6.55041 0.0408167
6.55366 0.0404646
6.55645 0.0401565
6.55884 0.0397619
6.56123 0.0395417
6.56362 0.039349
6.56601 0.0391804
6.5684 0.0390328
6.58689 0.0386537
6.59014 0.038447
6.59254 0.0381411
6.59493 0.0378735
6.59732 0.0376393
6.59971 0.0374344
6.6021 0.0372551
6.60449 0.0370982
6.62297 0.0369609
6.62622 0.0368408
6.62862 0.0367357
6.63101 0.0367687
6.6334 0.0366727
6.63618 0.0367136
6.63857 0.0369994
6.64096 0.0371245
6.65827 0.0392339
6.66145 0.0392047
6.66387 0.0389291
6.66626 0.0388129
6.66865 0.0385863
6.67107 0.038513
6.67346 0.0383239
6.67585 0.0381584
6.69355 0.0400136
6.69671 0.0397619
6.6991 0.0395417
6.70149 0.039349
6.70393 0.0390553
6.70632 0.0389234
6.70871 0.038683
6.7111 0.0385976
6.71349 0.0385229
6.73002 0.0383326
6.7328 0.038041
6.73519 0.0377859
6.73762 0.0375626
6.74001 0.0374923
6.74241 0.0373058
6.7448 0.0371425
6.74719 0.0369997
6.74958 0.0368748
6.76611 0.0367654
6.76908 0.0367947
6.77147 0.0366954
6.77426 0.0367335
6.77665 0.0366418
6.77904 0.0366866
6.78143 0.0367257
6.78382 0.036635
6.78621 0.0366806
6.801 0.0384706
6.80397 0.0382867
6.80636 0.0381259
6.80915 0.0381102
6.81154 0.0379714
6.81393 0.03785
6.81753 0.0378687
6.88288 0.0376351
6.95826 0.0376807
6.99322 0.0415956
7.0285 0.0451462
7.06378 0.0482529
7.09871 0.0509713
7.1011 0.0493499
7.13519 0.0478062
7.13758 0.0463304
7.17127 0.0450391
7.17366 0.0439092
7.2062 0.0470455
7.20859 0.0457899
7.24148 0.0485661
7.24387 0.0471204
7.27676 0.0497303
7.27915 0.048264
7.28154 0.046981
7.31292 0.0456084
7.31531 0.0444073
7.3177 0.0433564
7.34903 0.0425619
7.35142 0.0417416
7.35381 0.0410239
7.38392 0.0441459
7.38631 0.0432527
7.3887 0.0424711
7.41881 0.0452872
7.4212 0.0443763
7.42359 0.0434543
7.45408 0.0462725
7.45647 0.0452384
7.45886 0.0442086
7.46125 0.0434325
7.49053 0.0425035
7.49292 0.0416905
7.49531 0.0411042
7.4977 0.0404662
7.52662 0.0399079
7.52901 0.0395444
7.5314 0.0391014
7.53379 0.0389637
7.56151 0.0420932
7.56403 0.0415816
7.56642 0.0410089
7.56916 0.0406328
7.5964 0.0434287
7.59892 0.0426251
7.60165 0.041922
7.60405 0.0414317
7.60644 0.0408777
7.63248 0.040268
7.635 0.0398595
7.63774 0.0393771
7.64014 0.0389549
7.64253 0.0385856
7.66869 0.0382624
7.67109 0.0379796
7.67398 0.0377321
7.67637 0.0375156
7.67876 0.0373262
7.7055 0.0372854
7.70789 0.0374997
7.71028 0.0376873
7.71267 0.0378513
7.71506 0.0379949
7.74039 0.0409956
7.74278 0.0404961
7.74517 0.0401841
7.74756 0.0397861
7.74995 0.0394378
7.77528 0.0420081
7.77767 0.0413821
7.78006 0.0409593
7.78251 0.0404644
7.7853 0.0401564
7.78769 0.0398868
7.81137 0.039401
7.81376 0.0389758
7.81615 0.0386039
7.81859 0.0382784
7.82175 0.0379936
7.82414 0.0378694
7.84782 0.0376357
7.85023 0.0375562
7.85262 0.0373617
7.85501 0.0373165
7.8574 0.0375269
7.85979 0.0375861
7.88312 0.0402628
7.88551 0.03998
7.8879 0.0396075
7.89029 0.0394065
7.89268 0.0391057
7.89507 0.0389675
7.91801 0.0414716
7.9204 0.0409126
7.92518 0.0405485
7.92757 0.040105
7.92996 0.0397168
7.93235 0.0393772
7.95418 0.0389551
7.95657 0.0385857
7.96137 0.0382625
7.96377 0.0382297
7.96616 0.038326
7.96855 0.0384102
7.97094 0.0383589
7.99065 0.0380641
7.99305 0.0379311
7.99746 0.0376897
7.99985 0.0374785
8.00224 0.0372937
8.00465 0.037132
8.00705 0.0371155
8.02674 0.036976
8.02913 0.037229
8.03235 0.0374504
8.03474 0.0373941
8.03752 0.0374698
8.03993 0.0374111
8.04233 0.0374847
8.06163 0.0395491
8.06402 0.0393555
8.06762 0.039186
8.07001 0.0390378
8.0728 0.0389081
8.07519 0.0387946
8.07758 0.0386952
8.09688 0.0406083
8.09927 0.0402823
8.10285 0.039997
8.10529 0.0397474
8.10768 0.039404
8.11007 0.0392285
8.11246 0.0389499
8.11485 0.0387062
8.13297 0.0383679
8.13536 0.0380719
8.13899 0.0378129
8.14178 0.0375863
8.14417 0.037513
8.14656 0.0373239
8.14895 0.0371584
8.15134 0.0371386
8.16905 0.0371213
8.17144 0.0369811
8.17508 0.0369835
8.17823 0.0369855
8.18062 0.0372373
8.18301 0.0374577
8.1854 0.0376505
8.18779 0.0378192
8.20394 0.0395918
8.20633 0.0392678
8.21036 0.0392343
8.21312 0.03908
8.21551 0.03882
8.2179 0.0385925
8.22029 0.0383935
8.22268 0.0382193
8.23883 0.0398169
8.24161 0.0395898
8.24525 0.039516
8.24836 0.0393265
8.25075 0.0390357
8.25314 0.0389062
8.25553 0.038793
8.25792 0.0385688
8.26031 0.0384977
8.27525 0.0383105
8.27809 0.0381467
8.28167 0.0378784
8.28445 0.0376436
8.28684 0.0374381
8.28923 0.0372584
8.29162 0.0371011
8.29401 0.0370884
8.2964 0.0369524
8.31137 0.0368333
8.31417 0.0367292
8.31776 0.036638
8.32069 0.0365583
8.32308 0.0366135
8.32547 0.0365368
8.32787 0.0364697
8.33026 0.036786
8.33265 0.0369377
8.34704 0.0386955
8.34943 0.0386086
8.35265 0.0385325
8.35558 0.0384659
8.35797 0.0382827
8.36036 0.0381224
8.36275 0.0379821
8.36515 0.0379843
8.36792 0.0378613
8.38193 0.0392536
8.38432 0.0389719
8.38754 0.0388504
8.39047 0.0387441
8.39286 0.0385261
8.39525 0.0384603
8.39764 0.0382778
8.40003 0.0382431
8.4032 0.0382127
8.40559 0.0381861
8.41801 0.0380378
8.4204 0.0377831
8.42362 0.0375602
8.42656 0.0373652
8.42895 0.0371945
8.43134 0.0370452
8.43373 0.0369146
8.43612 0.0368002
8.43929 0.0367002
8.44168 0.0366127
8.4541 0.0365361
8.45649 0.0364691
8.45971 0.0364105
8.46298 0.0363591
8.46537 0.0364393
8.46776 0.0363843
8.47015 0.0364613
8.47254 0.0364036
8.47537 0.0363532
8.47776 0.036309
8.49018 0.0362704
8.49257 0.0364866
8.49496 0.0366758
8.49787 0.0368413
8.50026 0.0369861
8.50265 0.0369879
8.50504 0.0371144
8.50743 0.0371001
8.51065 0.0372126
8.51304 0.037311
8.52507 0.0386471
8.52746 0.0384412
8.52985 0.0382611
8.53276 0.0382284
8.53515 0.0381999
8.5379 0.0380499
8.54029 0.0380437
8.54268 0.0379132
8.5459 0.0379241
8.54829 0.0379335
8.55996 0.0389419
8.56235 0.0386991
8.56479 0.0384867
8.56718 0.0384259
8.56957 0.0382477
8.57196 0.0379667
8.57435 0.0378459
8.57675 0.0376151
8.57914 0.0375382
8.58198 0.037346
8.58437 0.0371777
8.59605 0.0371555
8.59844 0.0370111
8.60088 0.0368847
8.60327 0.0367741
8.60566 0.0366773
8.60805 0.0367177
8.61049 0.036628
8.61294 0.0365495
8.61533 0.0364808
8.61807 0.0365457
8.62046 0.0364775
8.63334 0.0365428
8.68749 0.0364749
8.68988 0.0364156
8.69227 0.0363636
8.70433 0.0363182
8.70672 0.0362784
8.72386 0.0362436
8.72625 0.0363381
8.72864 0.0362959
8.74042 0.0362589
8.74281 0.0362265
8.75994 0.0361982
8.76233 0.0365484
8.76489 0.0367299
8.77531 0.0380136
8.7777 0.0378869
8.79483 0.0396511
8.79722 0.0394447
8.79978 0.0391391
8.81057 0.0399967
8.81298 0.0396221
8.82972 0.0411694
8.83211 0.0407732
8.83466 0.0403015
8.83705 0.0400138
8.84705 0.0396371
8.84954 0.0393075
8.86581 0.038894
8.8682 0.0385323
8.87075 0.0382157
8.87314 0.0379388
8.88313 0.0376964
8.88563 0.0374844
8.90189 0.0372988
8.90428 0.0371365
8.90683 0.0369944
8.90922 0.0368701
8.91812 0.0378863
8.92051 0.0377756
8.93678 0.0394286
8.93917 0.03925
8.94172 0.0389688
8.94411 0.0388477
8.95301 0.0394917
8.9554 0.0391803
8.97167 0.0406577
8.97406 0.0403255
8.97661 0.0399098
8.979 0.0396711
8.9879 0.0400872
8.99029 0.0397013
8.99268 0.0393636
9.00775 0.0389432
9.01015 0.0385753
9.01308 0.0383784
9.01547 0.0380811
9.02398 0.0378209
9.02637 0.0375933
9.02903 0.0375192
9.04505 0.0375793
9.10122 0.0373819
9.11679 0.0372091
9.11929 0.037183
9.13739 0.0370351
9.1531 0.0370307
9.15549 0.0369019
9.17347 0.0367891
9.18799 0.0384405
9.19038 0.0382604
9.20836 0.0401029
9.22288 0.041215
9.22527 0.0408131
9.24325 0.0423365
9.25777 0.0431694
9.26016 0.0425233
9.26255 0.0418328
9.27942 0.0411037
9.29386 0.0404658
9.29625 0.0399076
9.299 0.0395441
9.31589 0.0391011
9.32994 0.0387135
9.33233 0.0383743
9.33587 0.0380775
9.35117 0.0398178
9.36483 0.0409656
9.36761 0.0405949
9.37076 0.0402705
9.38606 0.0416117
9.39975 0.0424102
9.40289 0.041859
9.40575 0.0413766
9.42095 0.0424545
9.42334 0.0417727
9.43584 0.0410511
9.43898 0.0404197
9.44184 0.0398673
9.45712 0.0395088
9.45951 0.0390702
9.47231 0.0388115
9.47506 0.038585
9.47792 0.0382619
9.4932 0.0379792
9.49559 0.0377318
9.5085 0.0375153
9.51089 0.0375759
9.51328 0.0376289
9.52835 0.0393003
9.53074 0.0390127
9.54365 0.0401362
9.54604 0.0398691
9.54846 0.0396355
9.56348 0.0409311
9.56587 0.0404397
9.57893 0.0413847
9.58135 0.0409616
9.58374 0.0404664
9.58613 0.0401581
9.59995 0.0396384
9.60234 0.0393086
9.61543 0.03902
9.61782 0.0386425
9.62021 0.0384372
9.6226 0.0381325
9.63643 0.037991
9.63882 0.0377421
9.65172 0.0375243
9.65413 0.0374588
9.65652 0.0372764
9.65891 0.0371169
9.67132 0.0386023
9.67383 0.038402
9.68661 0.0396017
9.68902 0.0394015
9.69141 0.0391013
9.6938 0.0388387
9.70629 0.0399838
9.70872 0.0396109
9.72189 0.0406595
9.72428 0.0403271
9.72667 0.0399112
9.72906 0.0396723
9.74155 0.0407132
9.74394 0.0402491
9.74633 0.039968
9.75797 0.039472
9.76036 0.039038
9.76275 0.0386582
9.76514 0.0383259
9.778 0.0381602
9.78039 0.0380152
9.78278 0.0377633
9.79406 0.0376679
9.79645 0.0374594
9.79884 0.037277
9.80123 0.0371173
9.81408 0.0369777
9.81648 0.0368555
9.81887 0.0367485
9.82933 0.03803
9.83172 0.0379012
9.83411 0.0379136
9.8365 0.0379244
9.84936 0.0391838
9.85175 0.0389108
9.85414 0.038797
9.86422 0.0396974
9.86661 0.0393602
9.86901 0.0391902
9.8714 0.0389164
9.8847 0.0400518
9.88709 0.0397954
9.88948 0.0395709
9.89911 0.0402496
9.9015 0.0398434
9.90389 0.039488
9.90632 0.039177
9.90871 0.0389048
9.92078 0.0385417
9.92317 0.038224
9.92557 0.037946
9.93519 0.0377028
9.93758 0.0374899
9.93997 0.0373037
9.9428 0.0371407
9.94519 0.0371231
9.95687 0.0369827
9.95926 0.0368599
9.96165 0.0367524
9.97128 0.0366584
9.97367 0.0365761
9.97606 0.0366291
9.97845 0.0369254
9.98084 0.0370597
9.99176 0.0381773
9.99415 0.0381551
9.99654 0.0380107
10.0062 0.0388844
10.0086 0.0386488
10.0109 0.0384427
10.0133 0.0382624
10.0157 0.0381046
10.0266 0.0390915
10.029 0.0389551
10.0314 0.0387107
10.0411 0.0394969
10.0434 0.0391847
10.0458 0.0389117
10.0482 0.0387977
10.051 0.038698
10.0534 0.0386107
10.0627 0.0382844
10.0651 0.0379988
10.0675 0.037749
10.0771 0.0375304
10.0799 0.0373391
10.0823 0.0372967
10.0847 0.0371346
10.0871 0.0369928
10.0895 0.0368687
10.0988 0.0367601
10.1012 0.0366651
10.1036 0.0365819
10.1132 0.0365092
10.116 0.0364456
10.1184 0.0363899
10.1208 0.0363411
10.1232 0.0362985
10.1256 0.0362612
10.1337 0.0372285
10.1361 0.037325
10.1385 0.0372843
10.1481 0.0382488
10.1509 0.0380927
10.1533 0.0380811
10.1561 0.038071
10.1585 0.0380621
10.1608 0.0379293
10.1686 0.0385632
10.171 0.0383678
10.1734 0.0381968
10.183 0.0390472
10.1862 0.0389163
10.1886 0.0388018
10.1913 0.0387015
10.1937 0.0384888
10.1961 0.0384277
10.2035 0.0389993
10.2059 0.0387494
10.2083 0.0386557
10.2107 0.0384487
10.2191 0.0381426
10.2223 0.0378748
10.2246 0.0376405
10.2274 0.0374354
10.2298 0.037256
10.2322 0.037099
10.2396 0.0369616
10.242 0.0368414
10.2444 0.0367362
10.2467 0.0366442
10.2556 0.0365637
10.2583 0.0364932
10.2607 0.0364316
10.2635 0.0363776
10.2659 0.0363304
10.2683 0.0362891
10.276 0.036253
10.2784 0.0363463
10.2808 0.0363031
10.2832 0.0366402
10.2908 0.0375602
10.3518 0.0373651
10.3542 0.0371945
10.3626 0.0370452
10.365 0.0369145
10.3867 0.0393002
10.3895 0.0391377
10.3979 0.0396205
10.4003 0.0394179
10.4216 0.0416157
10.424 0.0411637
10.4264 0.0406433
10.434 0.0400628
10.4364 0.039555
10.4581 0.0392356
10.4605 0.0388312
10.4629 0.0384773
10.47 0.0382926
10.4724 0.038006
10.4942 0.0377553
10.4966 0.0375359
10.4993 0.0374689
10.5049 0.0380353
10.5073 0.0379059
10.5294 0.0402926
10.5318 0.0398811
10.5342 0.0396459
10.5398 0.0396902
10.5422 0.0394789
10.5647 0.041669
10.5671 0.0412104
10.5695 0.0408091
10.5747 0.040708
10.5771 0.0403695
10.5795 0.0399483
10.6012 0.0395798
10.6036 0.0391323
10.606 0.0387407
10.6108 0.0383982
10.6133 0.0380984
10.6157 0.0378361
10.6378 0.0376066
10.6402 0.0375308
10.6426 0.0374644
10.6469 0.0372814
10.6494 0.0371212
10.6518 0.036981
10.6727 0.0394834
10.6751 0.039298
10.6775 0.0390107
10.6818 0.0390094
10.6843 0.0388832
10.6867 0.0386478
10.7076 0.0408168
10.71 0.0403397
10.7124 0.0399223
10.7167 0.039807
10.7193 0.0395811
10.7221 0.0393835
10.7425 0.0414605
10.7449 0.040903
10.7474 0.0405401
10.7497 0.0400976
10.753 0.0395854
10.7558 0.0391372
10.7582 0.0387451
10.7786 0.0384019
10.781 0.0381017
10.7834 0.037839
10.7859 0.0376091
10.789 0.037533
10.7918 0.0373413
10.7942 0.0371737
10.8146 0.037027
10.817 0.0370236
10.8195 0.0368956
10.8231 0.0372837
10.8929 0.0372482
10.8957 0.0370922
10.9246 0.0403307
10.929 0.0399143
10.9317 0.039425
10.9607 0.0389969
10.9654 0.0386223
10.9682 0.0386695
10.9963 0.0419608
11.0011 0.0418407
11.0035 0.0413606
11.0316 0.0440656
11.0363 0.0435574
11.0387 0.0427377
11.0411 0.0421455
11.068 0.0415023
11.0728 0.0408145
11.0752 0.0403377
11.0776 0.0397955
11.1045 0.039321
11.1093 0.0390309
11.1117 0.038652
11.1141 0.0384455
11.141 0.0381398
11.1446 0.0383724
11.147 0.0382008
11.1494 0.0381757
11.1759 0.0410288
11.1795 0.0407752
11.1819 0.0403033
11.1842 0.0400154
11.2108 0.0426384
11.2156 0.0423086
11.2873 0.0416451
11.2897 0.0409394
11.3234 0.040322
11.3258 0.0397817
11.3596 0.039309
11.362 0.0390204
11.396 0.0387678
11.3984 0.0387969
11.4309 0.0424473
11.4333 0.0417663
11.4659 0.0449206
11.4683 0.0440555
11.4707 0.0431735
11.5024 0.0424019
11.5048 0.0416016
11.5072 0.0410264
11.5389 0.0403981
11.5413 0.0399734
11.5436 0.0394767
11.5766 0.0392921
11.65 0.0390056
11.6865 0.0386299
11.7226 0.0383011
11.7578 0.0423885
11.7927 0.0458399
11.8276 0.0488599
11.83 0.0475025
11.8637 0.0460646
11.8661 0.0448066
11.8998 0.0437057
11.9022 0.0427425
11.9359 0.0418997
11.9383 0.0415372
11.9708 0.0448451
11.9732 0.0439895
12.0779 0.0429908
12.1139 0.0421169
12.15 0.0414773
12.1863 0.0407926
12.2216 0.0445686
12.2568 0.0477475
12.2921 0.0506541
12.2945 0.0490723
12.3289 0.0474383
12.3313 0.0461335
12.3654 0.0449918
12.3678 0.0438678
12.4019 0.0428843
12.4043 0.0423988
12.4372 0.0458489
12.4395 0.0448678
12.4724 0.0477593
12.4748 0.0464144
12.4772 0.0453626
12.5089 0.0441923
12.5113 0.0432933
12.5137 0.0423816
12.545 0.0415839
12.5474 0.0408859
12.5498 0.0402752
12.5799 0.0434908
12.5823 0.0428044
12.5847 0.0420789
12.6148 0.044944
12.6172 0.044076
12.6196 0.0431915
12.6497 0.0459176
12.6521 0.0449279
12.6544 0.0439369
12.657 0.0431948
12.6857 0.0422954
12.6881 0.0415085
12.6905 0.0408199
12.6935 0.0402174
12.7218 0.0396903
12.7242 0.039229
12.7266 0.0388254
12.729 0.0388472
12.7567 0.0418663
12.7591 0.041383
12.7615 0.0408351
12.7639 0.0403557
12.7916 0.0430613
12.794 0.0424286
12.7969 0.04175
12.7993 0.0412813
12.8265 0.0439961
12.8289 0.0431216
12.8313 0.0423564
12.8337 0.0416869
12.8361 0.041101
12.8626 0.0404634
12.8654 0.0400304
12.8678 0.0395266
12.8701 0.0392108
12.8725 0.0388095
12.8987 0.0384583
12.9018 0.038151
12.9042 0.0382571
12.9066 0.03835
12.9092 0.0384312
12.9336 0.0412523
12.9369 0.0408458
12.9393 0.0404901
12.9417 0.0400538
12.9441 0.0397971
12.969 0.0421974
12.9722 0.0417978
12.9746 0.041323
12.977 0.0407827
12.9794 0.0404348
12.9817 0.0400055
13.0051 0.0396298
13.0083 0.0391761
13.0107 0.0387791
13.0131 0.0385567
13.0154 0.0382371
13.0178 0.0379575
13.0412 0.0377128
13.0444 0.0374987
13.0469 0.0373113
13.0493 0.0371474
13.0517 0.037004
13.0541 0.0372535
13.0761 0.0399718
13.0792 0.0397253
13.0818 0.0393847
13.0842 0.0392116
13.0866 0.0389351
13.089 0.0386932
13.1109 0.0408566
13.1141 0.0404995
13.1167 0.0400621
13.1191 0.0398043
13.1215 0.0394538
13.1239 0.0391471
13.1458 0.0413787
13.1482 0.0409563
13.1506 0.0403368
13.153 0.0399197
13.1554 0.0394297
13.1578 0.039001
13.1602 0.0387509
13.1819 0.038407
13.1843 0.0381061
13.1867 0.0378429
13.1891 0.0376125
13.1915 0.037411
13.1939 0.0372346
13.1963 0.0370803
13.218 0.0370702
13.2204 0.0369364
13.2228 0.0370694
13.2252 0.0373107
13.2276 0.0373969
13.23 0.0374723
13.2323 0.0376632
13.2529 0.0399553
13.2553 0.0395859
13.2577 0.0392627
13.2601 0.0391048
13.2625 0.0388417
13.2653 0.0387365
13.2677 0.0386445
13.2878 0.0406889
13.2902 0.0403528
13.2926 0.0399337
13.295 0.039567
13.2973 0.0392461
13.2997 0.0389653
13.3021 0.0387197
13.3045 0.0385047
13.3239 0.0381916
13.3263 0.0379177
13.3287 0.037678
13.331 0.0375932
13.3335 0.0373941
13.3359 0.0372198
13.3383 0.0370673
13.3407 0.0369339
13.36 0.0368172
13.3623 0.036715
13.3647 0.0366256
13.3671 0.0365474
13.37 0.036479
13.3724 0.0367941
13.3748 0.0370699
13.3772 0.0373111
13.3948 0.0393972
13.3972 0.0392226
13.3996 0.0389448
13.402 0.0388267
13.4049 0.0385983
13.4073 0.0385235
13.4097 0.0383331
13.4121 0.0382915
13.4297 0.040005
13.4325 0.0397544
13.4349 0.0394101
13.4373 0.0392338
13.4398 0.0389546
13.4422 0.0388353
13.4446 0.0386059
13.4469 0.0384051
13.4493 0.0382295
13.4658 0.0379508
13.469 0.037707
13.4714 0.0376186
13.4738 0.0374163
13.4763 0.0373642
13.4786 0.0371937
13.481 0.0371695
13.4842 0.0372733
13.5496 0.0371141
13.552 0.0370999
13.5552 0.0369624
13.5708 0.0384671
13.5857 0.0381587
13.5881 0.0378889
13.5913 0.0376528
13.6069 0.0374462
13.6218 0.0372654
13.6274 0.0371072
13.643 0.0370938
13.6579 0.0369571
13.6626 0.0374625
13.665 0.0375296
13.6779 0.0390884
13.6928 0.0403274
13.6975 0.0402865
13.6999 0.0398757
13.7128 0.0407662
13.7277 0.0419204
13.7325 0.0416804
13.7349 0.0410953
13.7373 0.0407084
13.7489 0.0401199
13.7638 0.0396049
13.769 0.0392793
13.7714 0.0389944
13.7738 0.0386201
13.785 0.0384176
13.7998 0.0381154
13.8051 0.0378509
13.8075 0.0376196
13.8099 0.0374171
13.8211 0.03724
13.8347 0.03871
13.84 0.0388712
13.8425 0.0386373
13.8449 0.0384327
13.856 0.0393786
13.8696 0.0404563
13.8749 0.0403992
13.8774 0.0400993
13.8801 0.0398369
13.8909 0.0406073
13.9046 0.0416564
13.907 0.0411993
13.911 0.0405494
13.9135 0.0399807
13.9162 0.0394831
13.927 0.0390478
13.9411 0.0387918
13.9435 0.0384428
13.9472 0.0382625
13.9496 0.0379796
13.9523 0.0377322
13.9632 0.0376407
13.9772 0.0374356
13.9796 0.0372561
13.9832 0.0370991
13.9856 0.0372117
13.988 0.0374353
13.9985 0.0385059
14.0125 0.0398176
14.0149 0.0394654
14.0184 0.0394072
14.0208 0.0391063
14.0232 0.038968
14.0333 0.039722
14.0477 0.0408818
14.0501 0.0405216
14.0533 0.0403314
14.0557 0.0399149
14.0581 0.0396756
14.0605 0.0393411
14.0694 0.0389235
14.0838 0.0385581
14.0862 0.0382383
14.0894 0.0379585
14.0918 0.0377137
14.0942 0.0374995
14.0966 0.037312
14.1055 0.037148
14.1199 0.0370045
14.1223 0.036879
14.1255 0.0367691
14.1279 0.036673
14.1303 0.0365888
14.1326 0.0365152
14.1404 0.0374508
14.1548 0.0388945
14.1572 0.0387827
14.1604 0.0386848
14.1628 0.0384742
14.1651 0.0384149
14.1675 0.0382381
14.1753 0.0388333
14.1897 0.0401042
14.1921 0.0398411
14.1953 0.039611
14.1976 0.0392846
14.2 0.039124
14.2024 0.0388585
14.2106 0.0393762
14.2246 0.0405792
14.227 0.0401318
14.2294 0.0397403
14.2317 0.0392728
14.2341 0.0389887
14.2365 0.0386151
14.2389 0.0382882
14.247 0.0381272
14.2607 0.0378613
14.2631 0.0377536
14.2655 0.0375344
14.2679 0.0373426
14.2703 0.0371748
14.2727 0.0370279
14.2751 0.0370244
14.2831 0.0368964
14.2967 0.0367843
14.2991 0.0366863
14.3015 0.0368505
14.3039 0.0369942
14.3063 0.0372449
14.3087 0.0373393
14.3111 0.0375469
14.318 0.0382285
14.3316 0.03945
14.334 0.0392687
14.3364 0.0389851
14.3388 0.038737
14.3412 0.0386449
14.3436 0.0384393
14.346 0.0382593
14.3533 0.0387269
14.3665 0.0398861
14.3689 0.0395253
14.3713 0.0392096
14.3737 0.0389334
14.3761 0.0388168
14.3785 0.0385897
14.381 0.038391
14.3834 0.0383421
14.3898 0.0380493
14.4026 0.0377932
14.4051 0.037694
14.4075 0.0374823
14.4099 0.037297
14.4123 0.0371349
14.4147 0.036993
14.4171 0.0369939
14.4195 0.0368696
14.4259 0.0367609
14.4387 0.0366658
14.4412 0.0365826
14.4436 0.0365098
14.446 0.036446
14.4488 0.0363903
14.4512 0.0367165
14.4535 0.0370019
14.4559 0.0371267
14.4608 0.0376109
14.4736 0.0389095
14.4761 0.0387958
14.4785 0.0385713
14.4809 0.0383749
14.484 0.0384531
14.4864 0.0383964
14.4888 0.0382219
14.4912 0.0381941
14.4956 0.0384199
14.5085 0.0396174
14.511 0.0392902
14.5134 0.0390039
14.5158 0.0387534
14.5189 0.0386593
14.5213 0.0384519
14.5237 0.0382704
14.5261 0.0382366
14.5285 0.038082
14.5317 0.0378218
14.5447 0.037594
14.5471 0.0375198
14.5499 0.0373298
14.5523 0.0372886
14.555 0.0372525
14.5574 0.0370959
14.5598 0.0369589
14.5622 0.0368391
14.5646 0.0367342
14.5678 0.0366424
14.5807 0.0365621
14.5832 0.0364919
14.5863 0.0365554
14.5887 0.0364859
14.5911 0.0364252
14.5935 0.0363721
14.5959 0.0363255
14.5983 0.0362849
14.6007 0.0362492
14.6032 0.0365931
14.6157 0.038019
14.6181 0.0380166
14.6212 0.0380145
14.6236 0.0378877
14.626 0.0379017
14.6284 0.037789
14.6308 0.0376904
14.6332 0.0377291
14.6356 0.037638
14.6381 0.0376832
14.6509 0.0388478
14.6533 0.0387418
14.6561 0.0386491
14.6589 0.038443
14.6613 0.0383876
14.6637 0.0382141
14.666 0.0381874
14.6684 0.038164
14.6708 0.0380185
14.6732 0.0380161
14.6756 0.0378891
14.6874 0.037778
14.6898 0.0375557
14.6926 0.0373613
14.6954 0.0373161
14.6977 0.0371516
14.7001 0.0371326
14.7025 0.0369911
14.7049 0.0368672
14.7073 0.0368838
14.7097 0.0367733
14.7121 0.0368016
14.7239 0.0367014
14.7263 0.0367388
14.7287 0.0366464
14.7314 0.0365656
14.7338 0.0364949
14.7362 0.036433
14.7386 0.0363789
14.741 0.0363316
14.7434 0.0362901
14.7458 0.0362538
14.7482 0.0362221
14.76 0.0361943
14.7624 0.0365451
14.7648 0.0367269
14.7671 0.0370111
14.7695 0.0371347
14.7719 0.0372428
14.7743 0.0373375
14.7767 0.0374203
14.7791 0.0376178
14.7815 0.0376655
14.7839 0.0377073
14.7949 0.0387439
14.7973 0.0386509
14.7996 0.0384446
14.802 0.038389
14.8044 0.0382154
14.8068 0.0380634
14.8092 0.0380555
14.8116 0.0379236
14.814 0.0378081
14.8166 0.0377071
14.819 0.0376187
14.8298 0.0386664
14.8321 0.0385831
14.8345 0.0383852
14.8369 0.038212
14.8393 0.0380605
14.8417 0.037928
14.8441 0.037937
14.8465 0.0378199
14.8489 0.0377174
14.8513 0.0377527
14.8537 0.0376586
14.856 0.0377013
14.8662 0.0376136
14.8686 0.0374119
14.871 0.0372354
14.8734 0.037206
14.8758 0.0370552
14.8782 0.0370483
14.8805 0.0369173
14.8829 0.0368026
14.8854 0.0368273
14.8877 0.0367239
14.8901 0.0367584
14.8925 0.0366636
14.9023 0.0365807
14.9047 0.0365081
14.9074 0.0365696
14.9098 0.0364984
14.9122 0.0368111
14.9146 0.0370847
14.917 0.0373241
14.9194 0.0375336
14.9218 0.0377169
14.9242 0.0378773
14.9266 0.0380176
14.929 0.0380154
14.9372 0.0388885
14.9396 0.0386524
14.9423 0.0385709
14.9447 0.0383745
14.9471 0.0383277
14.9495 0.0381617
14.9519 0.0380165
14.9543 0.0378895
14.9567 0.0377783
14.9591 0.037806
14.9615 0.0377052
14.964 0.0377421
14.9721 0.0385243
14.9745 0.0383338
14.9772 0.0382921
14.9796 0.0381305
14.982 0.0381142
14.9848 0.037975
14.9872 0.0379781
14.9897 0.0379808
14.9922 0.0379832
14.9945 0.0379853
14.9969 0.0378622
14.9993 0.0378794
15.0017 0.0377695
15.0082 0.0375483
15.0105 0.0373547
15.0133 0.0371854
15.0157 0.0370372
15.0181 0.0369076
15.021 0.0369191
15.0234 0.0368042
15.0258 0.0367037
15.0282 0.0366157
15.0306 0.0365388
15.033 0.0365964
15.0354 0.0365219
15.0378 0.0364566
15.0446 0.0363996
15.047 0.0363496
15.0494 0.0363059
15.0518 0.0362677
15.0542 0.0362342
15.0571 0.0362049
15.0595 0.0361793
15.0619 0.0361569
15.0643 0.0365123
15.0667 0.0366983
15.0691 0.036986
15.0715 0.0371127
15.0739 0.0372236
15.0799 0.0378207
15.0822 0.0378431
15.0846 0.0378627
15.087 0.0378799
15.0894 0.0378949
15.092 0.037908
15.0944 0.0377945
15.0968 0.0376952
15.0995 0.0377333
15.102 0.0376416
15.1044 0.0376864
15.1067 0.0376006
15.1091 0.0376506
15.1147 0.0380692
15.1171 0.0380606
15.1195 0.037928
15.122 0.037812
15.1244 0.0377105
15.1269 0.0376217
15.1293 0.037544
15.1317 0.037476
15.1344 0.0375415
15.1368 0.0374738
15.1392 0.0375396
15.1416 0.0374721
15.144 0.0375381
15.1464 0.0374708
15.1508 0.037287
15.1532 0.0371261
15.1562 0.0371103
15.1586 0.0370966
15.161 0.0369595
15.1634 0.0369645
15.1658 0.036844
15.1681 0.0368635
15.1705 0.0367555
15.1729 0.0366611
15.1753 0.0365785
15.1777 0.0365062
15.1801 0.0364429
15.1825 0.0363875
15.1869 0.0363391
15.1893 0.0362967
15.1923 0.0362596
15.1947 0.0362272
15.1971 0.0363238
15.1994 0.0362833
15.2018 0.0362479
15.2042 0.0362169
15.2066 0.0361898
15.209 0.0362911
15.2114 0.0362547
15.2138 0.0364728
15.2162 0.0367887
15.2186 0.0369401
15.2222 0.0373226
15.2246 0.0374073
15.2272 0.0374814
15.2296 0.0374212
15.2319 0.0373686
15.2343 0.0373225
15.2367 0.0372822
15.2391 0.0373719
15.2415 0.0373254
15.2439 0.0372847
15.2463 0.0372491
15.2487 0.037218
15.2511 0.0373158
15.2535 0.0372763
15.2575 0.0374917
15.2599 0.0374303
15.2623 0.0375015
15.2648 0.0374388
15.2676 0.037509
15.27 0.0375703
15.2724 0.037624
15.2747 0.037671
15.2771 0.0377122
15.2795 0.0377481
15.2819 0.0377796
15.2843 0.0378072
15.2867 0.0378313
15.2891 0.0378524
15.2915 0.0378708
15.2939 0.037637
15.2963 0.0375573
15.2986 0.0373627
15.301 0.0373173
15.3037 0.0371527
15.306 0.0371336
15.3084 0.0369919
15.3108 0.0368679
15.3132 0.0367594
15.3156 0.0366645
15.318 0.0365814
15.3204 0.0365087
15.3228 0.0364452
15.383 0.0365145
15.3854 0.0364502
15.3878 0.0363939
15.3906 0.0363447
15.393 0.0363016
15.3954 0.0363889
15.3978 0.0363403
15.4191 0.0362977
15.4215 0.0362605
15.4239 0.036228
15.4267 0.0361995
15.4291 0.0362995
15.4315 0.0362621
15.4339 0.0362293
15.4556 0.0362007
15.458 0.0361756
15.4603 0.0362786
15.4628 0.0362438
15.4652 0.0362133
15.468 0.0361867
15.4703 0.0362883
15.492 0.0363773
15.4944 0.0367051
15.4968 0.036992
15.4992 0.037243
15.5016 0.0374626
15.504 0.0375298
15.5064 0.0377136
15.5269 0.0399994
15.5293 0.0396244
15.5317 0.0392964
15.5341 0.0391343
15.5365 0.0388675
15.5389 0.0386341
15.5413 0.0385548
15.5618 0.0406105
15.5642 0.0402842
15.567 0.0399987
15.5694 0.0397488
15.5719 0.0394052
15.5743 0.0392296
15.5767 0.0390759
15.5791 0.0389414
15.5979 0.0385737
15.6003 0.038252
15.6031 0.0379705
15.6055 0.0377242
15.608 0.0376337
15.6104 0.0374295
15.6128 0.0372508
15.6152 0.0370944
15.6873 0.0369576
15.7038 0.0387129
15.7078 0.0384988
15.7186 0.0394365
15.8784 0.0431319
15.9133 0.0463654
15.9482 0.0493197
15.983 0.0519048
16.0179 0.0540417
16.0203 0.0519115
16.054 0.0500475
16.0564 0.0482916
16.0901 0.0467551
16.0926 0.0454107
16.125 0.0482344
16.1278 0.0468301
16.1599 0.0493513
16.1627 0.0479324
16.1948 0.0503159
16.198 0.0489014
16.2004 0.0475387
16.2309 0.0460964
16.2345 0.0448343
16.2369 0.04373
16.2674 0.0428888
16.271 0.0420277
16.2734 0.0413992
16.3027 0.0444743
16.3059 0.043665
16.3082 0.0429569
16.3375 0.0455873
16.3407 0.0446389
16.3431 0.043809
16.3724 0.0463329
16.376 0.0452913
16.3784 0.0443799
16.3808 0.0434574
16.4089 0.0425252
16.4121 0.0418346
16.4145 0.0411052
16.4169 0.0404671
16.445 0.0399087
16.4483 0.0394201
16.4507 0.0389926
16.4531 0.0389935
16.48 0.0419943
16.4832 0.04162
16.4856 0.0410425
16.488 0.0406622
16.5149 0.0432044
16.5181 0.0426789
16.5205 0.041969
16.5229 0.0413479
16.5253 0.0408044
16.551 0.0402039
16.5542 0.0396784
16.5566 0.0392186
16.559 0.0388163
16.5614 0.0384642
16.5871 0.0382812
16.5903 0.037996
16.5927 0.0377465
16.5951 0.0376532
16.5976 0.0374466
16.6231 0.0372657
16.6255 0.0373575
16.6279 0.0373128
16.6303 0.0373987
16.6327 0.0373489
16.658 0.0403053
16.6604 0.0398921
16.6628 0.0395306
16.6652 0.0393393
16.6676 0.0390469
16.6929 0.041666
16.6955 0.0410828
16.6978 0.0405724
16.7003 0.0402509
16.7027 0.0398445
16.7051 0.0396139
16.729 0.0392872
16.7315 0.0388763
16.7339 0.0385168
16.7364 0.0382022
16.7392 0.0380519
16.7416 0.0377954
16.7651 0.037571
16.7676 0.0373746
16.77 0.0373278
16.7729 0.0371618
16.7753 0.0373916
16.7776 0.0374676
16.8 0.0400342
16.8025 0.0396549
16.8049 0.039323
16.8082 0.0391577
16.8106 0.039013
16.813 0.0388863
16.8349 0.0411505
16.8374 0.0407567
16.8398 0.0402871
16.8431 0.0401262
16.8455 0.0397355
16.8479 0.0393935
16.8503 0.0390943
16.8709 0.0387075
16.8735 0.0383691
16.8759 0.038073
16.8792 0.0378138
16.8816 0.0375871
16.884 0.0373887
16.8864 0.0372151
16.9072 0.0371882
16.9096 0.0370397
16.912 0.0369097
16.9152 0.036796
16.9181 0.0368215
16.9205 0.0368438
16.9228 0.0367384
16.9425 0.0391461
16.9448 0.0388778
16.9472 0.0387681
16.9501 0.0387971
16.953 0.0385724
16.9553 0.0383759
16.9577 0.0382039
16.9777 0.0403034
16.9801 0.0400155
16.9825 0.0397635
16.985 0.0395431
16.9878 0.0392252
16.9902 0.0390721
16.9926 0.0388131
17.013 0.0409614
17.0154 0.0405912
17.0178 0.0401423
17.0202 0.0398745
17.0226 0.0395152
17.025 0.0392008
17.0274 0.0389257
17.0297 0.038685
17.0491 0.0383494
17.0517 0.0380557
17.0541 0.0379237
17.0565 0.0376833
17.0589 0.0374729
17.0612 0.0374138
17.0636 0.037237
17.066 0.0372074
17.0852 0.0370565
17.0878 0.0369244
17.0902 0.0368089
17.0926 0.0369578
17.0949 0.037088
17.0973 0.037327
17.0997 0.0374112
17.1021 0.0376098
17.1201 0.0396585
17.1227 0.0393262
17.1251 0.0391604
17.1274 0.0388904
17.1298 0.0386541
17.1322 0.0385723
17.1347 0.0383758
17.1371 0.0383288
17.2068 0.0380377
17.2093 0.037783
17.2265 0.0375601
17.2393 0.0387401
17.2429 0.0383976
17.2458 0.0380979
17.2626 0.0378357
17.2754 0.0376062
17.279 0.0374054
17.2819 0.0372297
17.2986 0.037076
17.3119 0.0369415
17.3151 0.0369488
17.3175 0.0372052
17.3336 0.0390546
17.3472 0.0402978
17.35 0.0400105
17.3523 0.0396342
17.3684 0.0410549
17.382 0.0420481
17.3854 0.0415421
17.3878 0.0410993
17.3901 0.0407119
17.4045 0.0401229
17.4181 0.0396075
17.4214 0.0391566
17.4238 0.038762
17.4262 0.0384168
17.4406 0.0381147
17.4542 0.0378503
17.4575 0.037619
17.4599 0.0374167
17.4623 0.0372396
17.4767 0.0370846
17.4891 0.0385741
17.4924 0.0385023
17.4948 0.0383145
17.4972 0.0382752
17.5116 0.0396158
17.524 0.0405388
17.5273 0.0402215
17.5297 0.0398188
17.5321 0.0395914
17.5465 0.0407675
17.5589 0.0415466
17.5613 0.0411032
17.5637 0.0404653
17.5661 0.0400322
17.5684 0.0395281
17.5826 0.0390871
17.595 0.0387012
17.5974 0.0383636
17.6683 0.0380681
17.6708 0.0378096
17.7032 0.0413334
17.7056 0.0407917
17.7381 0.0441928
17.7405 0.0432937
17.773 0.046382
17.7754 0.0452092
17.7778 0.0441831
17.8091 0.0431602
17.8115 0.0422652
17.8139 0.041482
17.8452 0.0407968
17.8476 0.0401972
17.85 0.0396725
17.8801 0.0430885
17.8825 0.0423274
17.8849 0.0416615
17.915 0.0445788
17.9174 0.0436314
17.9198 0.0428025
17.9499 0.0455772
17.9523 0.04463
17.955 0.0438013
17.9574 0.0430761
17.9859 0.0421916
17.9883 0.0414177
17.9915 0.0407405
17.9939 0.0401479
18.022 0.0397544
18.0244 0.0392851
18.0276 0.0388745
18.03 0.0387652
18.0573 0.0419195
18.0597 0.0413046
18.0625 0.0408915
18.0649 0.0404051
18.0922 0.0432294
18.0946 0.0424508
18.0974 0.0418944
18.0999 0.0412826
18.1272 0.0439973
18.1296 0.0431226
18.132 0.0423573
18.1344 0.0416876
18.1367 0.0411017
18.1637 0.040464
18.166 0.040031
18.1684 0.0396521
18.1708 0.0391956
18.1732 0.0389211
18.2001 0.038681
18.2025 0.0383459
18.2049 0.0383026
18.2073 0.0383898
18.2097 0.0384661
18.2354 0.0414078
18.2378 0.0408568
18.2402 0.0404997
18.245 0.0400623
18.2703 0.0426795
18.2727 0.0419695
18.2751 0.0414734
18.2799 0.0411642
18.2823 0.0407687
18.2846 0.0406726
18.3064 0.0400885
18.3088 0.0395774
18.3112 0.0391303
18.3159 0.038739
18.3183 0.0383966
18.3207 0.038097
18.3425 0.0378349
18.3449 0.0376055
18.3472 0.0374048
18.352 0.0373542
18.3548 0.037185
18.3572 0.0371618
18.3777 0.0396416
18.3801 0.0394364
18.3825 0.0392569
18.3869 0.0392247
18.3901 0.0390717
18.3925 0.0389377
18.4126 0.0409455
18.415 0.0404523
18.4174 0.0400208
18.4218 0.0398932
18.425 0.0396565
18.4274 0.0393245
18.4475 0.0412839
18.4499 0.0407484
18.4523 0.0404049
18.4547 0.0399792
18.4583 0.0396068
18.4615 0.039281
18.4638 0.0388709
18.4836 0.038512
18.486 0.038198
18.4884 0.0379233
18.4912 0.0378078
18.4944 0.0375819
18.4975 0.0373841
18.4999 0.0372111
18.5196 0.0370597
18.5224 0.0370523
18.5248 0.0369207
18.5272 0.0371806
18.5296 0.0372831
18.5324 0.0373727
18.5348 0.0373261
18.5545 0.0395353
18.5573 0.0393434
18.5597 0.0390505
18.5621 0.0389192
18.5645 0.0386793
18.5673 0.0385944
18.5697 0.0383951
18.5894 0.0404707
18.5926 0.0401618
18.595 0.0397666
18.5978 0.0395458
18.6002 0.0393526
18.6026 0.0391835
18.605 0.0389106
18.6074 0.0387967
18.6259 0.0384471
18.6287 0.0381413
18.6311 0.0379986
18.6339 0.0377488
18.6363 0.0375302
18.6387 0.0373389
18.6411 0.0372965
18.6434 0.0371345
18.6623 0.0371177
18.6651 0.037103
18.6676 0.0369651
18.67 0.0368444
18.6724 0.0367389
18.6747 0.0366465
18.6773 0.0369407
18.6797 0.0370731
18.6972 0.039189
18.7 0.0390404
18.7025 0.0387853
18.705 0.0385621
18.7073 0.0384919
18.7097 0.0383054
18.7122 0.0382672
18.7145 0.0381088
18.7321 0.0399702
18.7349 0.0395989
18.7374 0.0392741
18.7398 0.0389898
18.7422 0.0388661
18.7446 0.0386328
18.747 0.0385537
18.7494 0.0383595
18.7518 0.0381896
18.7682 0.0379159
18.771 0.0376764
18.7739 0.0374668
18.7763 0.0374085
18.7787 0.0372324
18.7811 0.0372034
18.7835 0.0370529
18.7859 0.0369213
18.7883 0.0369312
18.8043 0.0368148
18.8071 0.0368379
18.81 0.0368582
18.8124 0.0367509
18.8149 0.036657
18.8173 0.0365749
18.8197 0.036503
18.8221 0.0365652
18.8245 0.0364945
18.8404 0.0364327
18.843 0.0366286
18.8454 0.0368
18.8478 0.036825
18.8502 0.0369719
18.8525 0.0371004
18.8549 0.0370879
18.8573 0.0372019
18.8597 0.0371766
18.8753 0.0389046
18.8779 0.0386665
18.8803 0.0385832
18.8827 0.0383853
18.885 0.0383371
18.8874 0.03817
18.8898 0.0380237
18.8922 0.0380208
18.8946 0.0378932
18.9102 0.0395315
18.9131 0.0393401
18.9155 0.0391726
18.9179 0.038901
18.9203 0.0387884
18.9227 0.0385648
18.9251 0.0384942
18.9275 0.0384324
18.9299 0.0382534
18.9323 0.0382217
18.9462 0.037944
18.9492 0.037701
18.9516 0.0374884
18.954 0.0374273
18.9564 0.0372489
18.959 0.0370928
18.9613 0.0369562
18.9637 0.0368367
18.9661 0.0368571
18.9685 0.03675
18.9827 0.0366562
18.9853 0.0365742
18.9877 0.0365024
18.9901 0.0364396
18.9925 0.0366347
18.9949 0.0368053
18.9973 0.0370797
18.9997 0.0371947
19.0021 0.0374204
19.0044 0.0374928
19.0176 0.0389312
19.0202 0.0388148
19.0226 0.038588
19.025 0.0383895
19.0274 0.0382158
19.0298 0.0380638
19.0322 0.0380558
19.0345 0.0379239
19.0369 0.0378084
19.0397 0.0377073
19.0525 0.0389939
19.0551 0.0388697
19.0575 0.038636
19.0599 0.0384315
19.0623 0.0383775
19.0647 0.0382053
19.067 0.0381797
19.0694 0.0380322
19.0718 0.0379032
19.0742 0.0379153
19.0766 0.0378009
19.0886 0.0375758
19.0912 0.0373788
19.0939 0.0372064
19.0963 0.0371806
19.0987 0.0370331
19.1011 0.0370289
19.1035 0.0369003
19.1059 0.0367878
19.1082 0.0368143
19.1106 0.0367125
19.113 0.0367484
19.1247 0.0366549
19.1273 0.036573
19.13 0.0365014
19.1324 0.0364387
19.1348 0.0363839
19.1372 0.0363359
19.1396 0.0362939
19.142 0.0365072
19.1444 0.0368188
19.1468 0.0369664
19.1493 0.0372206
19.1595 0.038318
19.1622 0.0382783
19.1649 0.0381185
19.1673 0.0381037
19.1697 0.0379657
19.1721 0.03797
19.1744 0.0378488
19.1798 0.0378677
19.1822 0.0378842
19.1846 0.0378987
19.1944 0.0387863
19.197 0.0386881
19.1998 0.038477
19.2022 0.0384174
19.2046 0.0382402
19.2069 0.0380852
19.2093 0.0379496
19.2147 0.0382059
19.217 0.0381801
19.2194 0.0384076
19.2218 0.0384817
19.2242 0.0386715
19.2305 0.0383375
19.2334 0.0380453
19.2359 0.0377897
19.2382 0.037566
19.241 0.0374952
19.2434 0.0374333
19.2458 0.0372541
19.2507 0.0370974
19.2531 0.0369602
19.2555 0.0368402
19.2579 0.0367352
19.2603 0.0366433
19.2666 0.0365629
19.2695 0.0364925
19.2719 0.0364309
19.2743 0.0363771
19.2775 0.0363299
19.2799 0.0362887
19.2823 0.0363776
19.2868 0.0363304
19.2896 0.0362891
19.292 0.036253
19.2944 0.0363463
19.2968 0.036303
19.3015 0.0368902
19.3044 0.0370289
19.3068 0.0370253
19.3092 0.0371471
19.3124 0.0372537
19.3148 0.037222
19.3172 0.0373193
19.3217 0.0375294
19.3245 0.0375882
19.3269 0.0375147
19.3293 0.0375753
19.3317 0.0375034
19.3364 0.0378155
19.3393 0.0378385
19.3421 0.0378587
19.3445 0.0378764
19.3473 0.0378918
19.3509 0.0379054
19.4115 0.0377922
19.4837 0.0375682
19.4861 0.0376221
19.5186 0.0412944
19.521 0.0408826
19.5535 0.0441473
19.5559 0.0432538
19.5884 0.0462221
19.5908 0.0450694
19.5933 0.0441857
19.6245 0.0431625
19.6269 0.0422672
19.6294 0.0414838
19.6606 0.0407983
19.6629 0.0401985
19.6654 0.0396737
19.6954 0.0429645
19.6978 0.0422189
19.7003 0.0416916
19.7304 0.0446051
19.7328 0.0436545
19.7352 0.0429477
19.7653 0.0457042
19.7677 0.0446162
19.7701 0.0437892
19.7725 0.0429405
19.8014 0.0420729
19.8038 0.0413138
19.8062 0.0406496
19.8086 0.0400684
19.8375 0.0395598
19.8399 0.0391149
19.8422 0.0387255
19.8446 0.0386348
19.8724 0.0418055
19.8747 0.0412048
19.8771 0.0408042
19.8799 0.0403287
19.9072 0.0431626
19.9096 0.0423923
19.912 0.0418432
19.9148 0.0412378
19.9421 0.0439581
19.9445 0.0430883
19.9469 0.0423273
19.9494 0.0416614
19.9518 0.0410787
19.9782 0.0404439
19.981 0.0398884
19.9834 0.0395273
19.9859 0.0390864
19.9882 0.0388256
20.0143 0.0384724
20.0171 0.0382884
20.0195 0.0383773
20.0219 0.0383302
20.0242 0.0384139
20.0492 0.0412371
20.052 0.0407075
20.0544 0.0402441
20.057 0.0398386
20.0594 0.0396087
20.0841 0.0421576
20.0869 0.0415129
20.0892 0.0410738
20.0919 0.0405646
20.0942 0.040244
20.0966 0.0398385
20.1202 0.0393587
20.1233 0.0390639
20.1257 0.0386809
20.1281 0.0384708
20.1304 0.0381619
20.1328 0.0378917
20.1563 0.0376552
20.1594 0.0374483
20.1618 0.0372673
20.1641 0.0371089
20.1669 0.0369703
20.1693 0.037224
20.1911 0.039946
20.1943 0.0397027
20.1966 0.0393649
20.1992 0.0391943
20.2018 0.03892
20.2044 0.038805
20.2261 0.0410794
20.2291 0.0406944
20.2315 0.0402326
20.2341 0.0399536
20.2367 0.0395844
20.2393 0.0393863
20.2609 0.041463
20.2633 0.0409052
20.2657 0.040292
20.2682 0.0398805
20.2706 0.0393954
20.273 0.038971
20.2754 0.0385996
20.297 0.0383997
20.2994 0.0380997
20.3018 0.0378373
20.3043 0.0376076
20.3067 0.0374066
20.3094 0.0373558
20.3118 0.0371863
20.3331 0.037038
20.3355 0.0369083
20.3379 0.0370448
20.3403 0.0372892
20.3427 0.037378
20.3452 0.0375808
20.3476 0.0376332
20.3682 0.040054
20.3706 0.0396723
20.3729 0.0393382
20.3753 0.039171
20.3777 0.0388996
20.3801 0.0387871
20.3825 0.0385637
20.4031 0.0407433
20.4054 0.0402754
20.4078 0.0398659
20.4102 0.0396327
20.4126 0.0393036
20.4152 0.0391407
20.4176 0.0388731
20.42 0.0387639
20.4391 0.0384184
20.4415 0.0381161
20.4439 0.0378516
20.4463 0.0376202
20.4487 0.0374176
20.4517 0.0372404
20.4541 0.0372104
20.4565 0.0370591
20.4752 0.0369267
20.478 0.0368109
20.4804 0.0368345
20.4828 0.0367302
20.4852 0.0367639
20.4884 0.0371684
20.5553 0.0371474
20.5586 0.037129
20.561 0.0371128
20.5906 0.0403487
20.5934 0.0400551
20.5959 0.0396732
20.6255 0.0427141
20.6279 0.0419998
20.6303 0.0413748
20.6327 0.040828
20.6616 0.0402245
20.664 0.0396964
20.6664 0.0392344
20.6688 0.0388301
20.6979 0.0384763
20.7003 0.0382918
20.7027 0.0380053
20.7051 0.0381296
20.7328 0.0413634
20.7352 0.040943
20.7376 0.0404501
20.74 0.0400189
20.7677 0.0427665
20.7701 0.0421707
20.7725 0.0415244
20.7749 0.0409588
20.7773 0.040589
20.8038 0.0400153
20.8062 0.0395134
20.8086 0.0390742
20.8109 0.03869
20.8133 0.0383537
20.8399 0.0380595
20.8422 0.0378021
20.8446 0.0375768
20.847 0.0375047
20.8494 0.0373166
20.8759 0.037152
20.8783 0.037383
20.8807 0.0374602
20.8831 0.0376526
20.8855 0.0376961
20.9108 0.040609
20.9132 0.0402829
20.9156 0.0398725
20.9185 0.0396385
20.9209 0.0393087
20.9457 0.0418951
20.9481 0.0414082
20.9506 0.0408572
20.953 0.040375
20.9554 0.0399531
20.9578 0.039584
20.9819 0.039136
20.9843 0.038744
20.9871 0.038526
20.9895 0.0383353
20.9919 0.0380433
20.9942 0.0379129
21.018 0.0376738
21.0203 0.0374646
21.0232 0.0372815
21.0257 0.0371213
21.0281 0.0373562
21.0304 0.0375616
21.0532 0.0402414
21.0556 0.0399613
21.058 0.0397161
21.0609 0.0393766
21.0633 0.0392045
21.0657 0.0389289
21.0885 0.0413128
21.0909 0.0407737
21.0933 0.040427
21.0961 0.0401236
21.0985 0.0398582
21.1009 0.0395009
21.1033 0.0393133
21.1246 0.0388991
21.127 0.0386617
21.1294 0.038329
21.1322 0.0380379
21.1346 0.0377832
21.137 0.0376853
21.1394 0.0374746
21.1607 0.0372903
21.1631 0.037129
21.1659 0.0369879
21.1683 0.0368644
21.1707 0.0367563
21.1731 0.0366618
21.1755 0.0365791
21.196 0.0390067
21.1984 0.0388808
21.2685 0.0385207
21.271 0.0382056
21.2734 0.0379299
21.3047 0.0376887
21.3075 0.0376026
21.3099 0.0374023
21.3408 0.037227
21.3432 0.0374486
21.3456 0.0375175
21.3757 0.0410779
21.3781 0.0406931
21.3805 0.0402315
21.4106 0.0433275
21.413 0.0425366
21.4154 0.0418445
21.4177 0.041239
21.4467 0.0405841
21.449 0.0401361
21.4514 0.0396191
21.4539 0.0391667
21.4828 0.0387708
21.4852 0.0384245
21.4876 0.0381214
21.49 0.0379813
21.5177 0.0412336
21.5201 0.0408294
21.5229 0.0403507
21.5253 0.0400569
21.5526 0.0427998
21.5554 0.0421998
21.5582 0.0416748
21.5606 0.0412155
21.5879 0.0438135
21.5903 0.0430868
21.5926 0.042326
21.595 0.0416602
21.5974 0.0410777
21.6263 0.040443
21.6287 0.0398876
21.6311 0.0394017
21.6335 0.0389765
21.6624 0.0386044
21.6649 0.0385288
21.6673 0.0385877
21.6697 0.0385143
21.6721 0.038825
21.6973 0.0419719
21.7002 0.0414754
21.7026 0.041041
21.705 0.0405358
21.7074 0.0402189
21.7322 0.0426915
21.7351 0.0421051
21.7375 0.0414669
21.7403 0.0410336
21.7427 0.0406544
21.745 0.0403226
21.7683 0.0397822
21.7712 0.0393095
21.7737 0.0388958
21.7767 0.0385338
21.7791 0.0383421
21.7816 0.0380493
21.8047 0.0377932
21.8075 0.037569
21.8099 0.0373729
21.8131 0.0373263
21.8155 0.0371605
21.8179 0.0370154
21.8412 0.0370135
21.8436 0.0372618
21.846 0.0373541
21.8484 0.0375598
21.8508 0.0374898
21.8531 0.0375536
21.8761 0.0402344
21.8785 0.0398301
21.8809 0.0394763
21.8836 0.0392918
21.886 0.0391303
21.8884 0.038989
21.9109 0.0412404
21.9138 0.0407104
21.9162 0.0403716
21.9185 0.0400751
21.9209 0.0396907
21.9233 0.0393544
21.9257 0.0390601
21.947 0.0388026
21.9498 0.0384523
21.9522 0.0381457
21.9546 0.0378775
21.957 0.0377678
21.9594 0.0375468
21.9618 0.0373535
21.9831 0.0371843
21.9859 0.0370363
21.9883 0.0369067
21.9907 0.0367934
21.9931 0.0370692
21.9955 0.0371856
21.9979 0.0372874
22.018 0.0397514
22.0212 0.0395325
22.0235 0.0393409
22.0259 0.0390483
22.0283 0.0389173
22.0982 0.0385526
22.1007 0.0382335
22.1031 0.0380794
22.1331 0.0413194
22.1359 0.0407795
22.1383 0.0404321
22.168 0.0435031
22.1708 0.0426902
22.1732 0.0421039
22.2029 0.0448409
22.2057 0.0438608
22.2081 0.0431282
22.2105 0.0423622
22.2394 0.0416919
22.2418 0.0409804
22.2442 0.0403579
22.2466 0.0398131
22.2758 0.0393365
22.2782 0.0390444
22.2806 0.0386639
22.283 0.0385809
22.3107 0.0417583
22.3131 0.0412885
22.3155 0.0407524
22.318 0.0402834
22.3456 0.043123
22.348 0.0423576
22.3504 0.0416879
22.3533 0.0412269
22.3805 0.0439485
22.3829 0.04308
22.3853 0.042445
22.3877 0.0417643
22.3901 0.0411688
22.4169 0.0405227
22.4193 0.0400824
22.4218 0.0395721
22.4241 0.0392506
22.4265 0.0388442
22.453 0.0386137
22.4554 0.038287
22.4578 0.0382511
22.4602 0.0383447
22.4879 0.0411766
22.4907 0.0406546
22.4932 0.0403227
22.4956 0.0400324
22.5228 0.0427783
22.5252 0.0421811
22.5276 0.0419084
22.53 0.0415449
22.5324 0.0412268
22.5581 0.0439484
22.5605 0.0432049
22.5629 0.0424293
22.5653 0.0418756
22.5677 0.0413911
22.57 0.0409673
22.5946 0.0403463
22.597 0.0398031
22.5993 0.0394527
22.6017 0.0390211
22.6041 0.0387684
22.6065 0.0384224
22.631 0.0382446
22.6334 0.038089
22.6358 0.0382029
22.6382 0.0383025
22.6406 0.0383897
22.643 0.038341
22.6659 0.0409234
22.6683 0.040433
22.6707 0.0400038
22.6731 0.0397534
22.6755 0.0394092
22.6779 0.039108
22.7008 0.0414695
22.7032 0.0410358
22.7056 0.0405314
22.708 0.0400899
22.7104 0.0397037
22.7128 0.0393657
22.7152 0.039195
22.7369 0.0387956
22.7393 0.0384462
22.7417 0.0381404
22.7441 0.0379979
22.7465 0.0377481
22.7489 0.0375296
22.7512 0.0373384
22.7731 0.0372961
22.7755 0.0371341
22.7779 0.0369923
22.7803 0.0368683
22.7827 0.0367598
22.7851 0.0370398
22.7874 0.0372848
22.808 0.0396242
22.8104 0.0392962
22.8128 0.0390092
22.8152 0.038883
22.8176 0.0386476
22.8199 0.0384417
22.8224 0.0382615
22.8429 0.0403538
22.8453 0.0400596
22.8477 0.0396771
22.8501 0.0394675
22.8524 0.039159
22.8549 0.0388892
22.8577 0.038778
22.8601 0.0386808
22.8789 0.0383457
22.8814 0.0380525
22.8838 0.0377959
22.8861 0.0375714
22.8886 0.037375
22.891 0.0373281
22.8938 0.0371621
22.8962 0.0370168
22.915 0.0370147
22.9174 0.0368879
22.9198 0.0367769
22.9222 0.0366798
22.9251 0.0367198
22.9275 0.0366298
22.9299 0.0365511
22.9323 0.0364822
22.9511 0.0364219
22.9535 0.0366192
22.9559 0.0367918
22.9583 0.0370678
22.9619 0.0373093
23.0285 0.0372707
23.0321 0.0373618
23.0345 0.0371916
23.0634 0.0404177
23.0674 0.0402404
23.0697 0.0398354
23.0983 0.042856
23.1007 0.042124
23.1038 0.0413585
23.1062 0.0408137
23.1344 0.040212
23.1367 0.0396855
23.1399 0.0392248
23.1423 0.0388217
23.1708 0.038469
23.1732 0.0382853
23.176 0.0379997
23.1784 0.0381247
23.2057 0.0412341
23.2081 0.0408299
23.2109 0.0403511
23.2133 0.0400572
23.2406 0.0428001
23.243 0.0420751
23.2458 0.0414407
23.2482 0.0410106
23.2506 0.0405093
23.2771 0.0400706
23.2795 0.0396868
23.2819 0.0392259
23.2843 0.0388227
23.2866 0.0384699
23.3132 0.0381611
23.3155 0.037891
23.3179 0.0376546
23.3203 0.0374478
23.3227 0.0372668
23.3492 0.0371085
23.3516 0.0372199
23.354 0.0374424
23.3564 0.0376371
23.3588 0.0376825
23.3841 0.0407222
23.3865 0.0402569
23.3889 0.0398498
23.3913 0.0394936
23.3937 0.0391819
23.419 0.0419091
23.4214 0.0412955
23.4238 0.0407586
23.4266 0.0404137
23.429 0.039987
23.4314 0.0397386
23.4551 0.0392713
23.4575 0.0388624
23.4599 0.0385046
23.4632 0.0383165
23.4655 0.038152
23.4679 0.037883
23.4912 0.0376476
23.4939 0.0374416
23.4964 0.0373864
23.4992 0.0372131
23.5016 0.0373115
23.504 0.0375226
23.5261 0.0402072
23.5288 0.0398063
23.5313 0.0395805
23.5341 0.039383
23.5365 0.0390851
23.5389 0.0388245
23.561 0.0409714
23.5637 0.040475
23.5661 0.0401656
23.569 0.0398949
23.5714 0.039533
23.5741 0.0393414
23.5765 0.0391737
23.5971 0.038902
23.5998 0.0385393
23.6026 0.0382219
23.6055 0.0379441
23.6079 0.0377011
23.6106 0.0374885
23.613 0.0373024
23.6335 0.0371396
23.6359 0.0369972
23.6387 0.0368725
23.6416 0.0367634
23.644 0.036668
23.6467 0.0365845
23.649 0.0366364
23.6688 0.0390569
23.6712 0.0389248
23.6736 0.0388092
23.6765 0.038708
23.6789 0.0384945
23.6819 0.0384327
23.6843 0.0383786
23.7037 0.0403313
23.7061 0.0400399
23.7089 0.0396599
23.7114 0.0394524
23.7137 0.0391459
23.7172 0.0391276
23.7196 0.0389867
23.7389 0.0408633
23.7413 0.0405054
23.7437 0.0400672
23.7461 0.0398088
23.7485 0.0394577
23.7509 0.0391505
23.7534 0.0387567
23.7558 0.0384121
23.775 0.0382356
23.7774 0.0379561
23.7798 0.0377116
23.7822 0.0374977
23.7846 0.0373105
23.787 0.0371467
23.7895 0.0370033
23.7919 0.0368779
23.8111 0.0367682
23.8135 0.0366721
23.8159 0.0365881
23.8183 0.0368896
23.8207 0.0370284
23.8231 0.0372749
23.8255 0.0374905
23.8279 0.0375542
23.846 0.0397349
23.8484 0.039393
23.8508 0.0390939
23.8532 0.0389572
23.8556 0.0387125
23.858 0.0384985
23.8604 0.0383112
23.8627 0.0381473
23.8812 0.0401289
23.8836 0.0397377
23.886 0.0393955
23.8884 0.0392211
23.8908 0.0389434
23.8932 0.0388255
23.8955 0.0387223
23.8979 0.038507
23.9003 0.0384437
23.9173 0.0381382
23.9197 0.0378709
23.9221 0.0377621
23.9245 0.0375418
23.9268 0.0373491
23.9292 0.0371804
23.9316 0.0370329
23.9342 0.0370288
23.9366 0.0369002
23.9534 0.0367877
23.9559 0.0366892
23.9583 0.036603
23.9607 0.0365277
23.9631 0.0365867
23.9655 0.0365134
23.9679 0.0366992
23.9703 0.0369868
23.9726 0.0371134
23.9883 0.0389743
23.9912 0.0388525
23.9936 0.0387459
23.996 0.0385277
23.9983 0.0384617
24.0007 0.038279
24.0031 0.0382441
24.0055 0.0382136
24.0079 0.0380619
24.0231 0.0396792
24.0261 0.0394693
24.0285 0.0391606
24.0308 0.0388905
24.0332 0.0387792
24.0356 0.0385568
24.038 0.0384872
24.0405 0.0383013
24.0429 0.0381386
24.0453 0.0381213
24.0592 0.0378562
24.0621 0.0376241
24.0646 0.0374211
24.067 0.0373685
24.0694 0.0371974
24.0718 0.0370477
24.0742 0.0369168
24.077 0.0369272
24.0794 0.0369363
24.0818 0.0368192
24.0953 0.0367168
24.0982 0.0366272
24.1011 0.0366738
24.1035 0.0365896
24.1059 0.0365159
24.1083 0.0365764
24.1107 0.0365044
24.1131 0.0364413
24.1155 0.0363861
24.1179 0.0365879
24.1302 0.0381394
24.1331 0.038122
24.136 0.0381067
24.1384 0.0379684
24.1408 0.0378473
24.1432 0.0378664
24.1456 0.0377581
24.1484 0.0377883
24.1508 0.0376898
24.1532 0.0377286
24.1651 0.0390125
24.168 0.0388859
24.1709 0.0386502
24.1741 0.0385689
24.1765 0.0384978
24.1789 0.0384356
24.1812 0.0383811
24.1837 0.0383335
24.186 0.0382918
24.1884 0.0382553
24.2 0.0392234
24.2024 0.0389455
24.2048 0.0385773
24.2072 0.0383801
24.2102 0.0380826
24.2126 0.0378223
24.2153 0.0377195
24.2177 0.0375046
24.2201 0.0374415
24.2225 0.0372613
24.2249 0.0371036
24.2361 0.0370907
24.2385 0.0369544
24.2412 0.0369601
24.2436 0.03684
24.2462 0.036735
24.2486 0.0366432
24.254 0.0365628
24.2564 0.0364924
24.2588 0.0364309
24.2612 0.036502
24.2722 0.0364393
24.2749 0.0363843
24.2773 0.0363363
24.2799 0.0365443
24.2823 0.0368512
24.2847 0.0369948
24.2889 0.0373705
24.2913 0.0374492
24.2937 0.037768
24.2962 0.038047
24.2986 0.0382911
24.307 0.0392547
24.3098 0.0389729
24.3124 0.0388513
24.3148 0.0386199
24.3172 0.0385424
24.3196 0.0383496
24.3238 0.0384309
24.3262 0.038377
24.3286 0.0382049
24.3311 0.0381793
24.3335 0.0380319
24.3419 0.0386529
24.3447 0.0384463
24.3473 0.0383905
24.3497 0.0382167
24.3521 0.0381896
24.3545 0.0380409
24.3569 0.0379108
24.3599 0.0376719
24.3622 0.0374629
24.365 0.0372801
24.3674 0.0371201
24.3698 0.0369801
24.378 0.0369825
24.381 0.0368597
24.3834 0.0367523
24.3858 0.0366582
24.3882 0.036576
24.3931 0.036629
24.3959 0.0365503
24.3983 0.0364815
24.4011 0.0365464
24.4035 0.0364781
24.4059 0.0364183
24.4141 0.036366
24.4171 0.0364453
24.4195 0.0363896
24.4219 0.0363409
24.4243 0.0362983
24.4292 0.036261
24.4315 0.0364784
24.4339 0.0366686
24.4363 0.03721
24.4387 0.0375588
24.4411 0.0378639
24.4435 0.0381309
24.449 0.0388646
24.452 0.0386315
24.4544 0.0384275
24.4568 0.0382491
24.4592 0.038218
24.4643 0.0384407
24.4667 0.0382606
24.4691 0.0382281
24.4714 0.0381995
24.4738 0.0380496
24.4762 0.0380434
24.4786 0.037913
24.4843 0.0382989
24.4869 0.0381365
24.4893 0.0381194
24.4917 0.0379795
24.4941 0.0379821
24.4992 0.0382343
24.5016 0.03808
24.5039 0.037945
24.5063 0.0378269
24.5087 0.0377235
24.5111 0.0377581
24.5135 0.0376633
24.5159 0.0375804
24.5206 0.0373829
24.5229 0.03721
24.5253 0.0370587
24.5278 0.0369264
24.5301 0.0368106
24.5352 0.0367093
24.5376 0.0366206
24.54 0.036668
24.5424 0.0365845
24.545 0.0366365
24.5474 0.0365569
24.5498 0.0364873
24.5522 0.0365514
24.557 0.0366075
24.5594 0.0366565
24.5618 0.0365745
24.5642 0.0366277
24.5666 0.0365492
24.5713 0.0364805
24.5737 0.0364205
24.5761 0.0363679
24.5785 0.0363219
24.5811 0.0362817
24.5835 0.0362465
24.5859 0.0364657
24.5883 0.0367825
24.5919 0.0370596
24.5943 0.0370522
24.5967 0.0370457
24.5991 0.037165
24.6015 0.0371443
24.6062 0.0375013
24.6086 0.0374386
24.611 0.0375088
24.6146 0.0375702
24.6728 0.0373739
24.6772 0.0372022
24.6796 0.0370519
24.6822 0.0370454
24.6862 0.0370397
24.6886 0.0369098
24.709 0.0369211
24.7133 0.0368059
24.7157 0.0367052
24.7182 0.036617
24.7222 0.0365399
24.7246 0.0364724
24.7451 0.0364134
24.7482 0.0367367
24.7506 0.0367696
24.7535 0.0369234
24.7571 0.037183
24.7595 0.0371601
24.78 0.0395151
24.7831 0.0393257
24.7855 0.039035
24.7884 0.0389056
24.7921 0.0389174
24.7945 0.0386777
24.8149 0.040718
24.818 0.0402533
24.8207 0.0398466
24.8231 0.0396158
24.8255 0.0392888
24.8282 0.0388777
24.8306 0.038518
24.851 0.0382032
24.8544 0.0380528
24.8568 0.0377962
24.8592 0.0375717
24.8616 0.0373752
24.8643 0.0372033
24.8667 0.0370529
24.8871 0.0370463
24.8905 0.0369155
24.8929 0.0368011
24.8953 0.0367009
24.8977 0.0368633
24.9001 0.0371304
24.9025 0.0372391
24.9222 0.0395842
24.9258 0.0393862
24.9282 0.0392129
24.9306 0.0390613
24.933 0.0388036
24.9354 0.0387032
24.9377 0.0384903
24.9575 0.040554
24.9612 0.0403597
24.9636 0.0400648
24.966 0.0396817
24.9683 0.0394715
24.9731 0.0392875
24.9755 0.0391266
24.9936 0.0387358
24.9976 0.0383938
25 0.0382196
25.0024 0.0380671
25.0048 0.0378087
25.0092 0.0375826
25.0116 0.0376348
25.014 0.0376805
25.0297 0.0374704
25.0337 0.0372866
25.0361 0.0371258
25.0385 0.0369851
25.0409 0.0368619
25.0453 0.0367542
25.0477 0.0366599
25.0501 0.0367024
25.0645 0.0384896
25.0686 0.0385534
25.071 0.0384842
25.0734 0.0382987
25.0758 0.0381364
25.0802 0.0383693
25.0826 0.0381982
25.085 0.0380484
25.0994 0.0394173
25.1035 0.0393652
25.1059 0.0390695
25.1083 0.0388108
25.1107 0.0385845
25.1151 0.0387614
25.1175 0.0385412
25.1199 0.0383486
25.1343 0.039805
25.1384 0.0397044
25.1408 0.0393663
25.1432 0.0391955
25.1456 0.0389211
25.148 0.038681
25.1512 0.0383458
25.1539 0.0380526
25.1563 0.037921
25.1704 0.0376809
25.1745 0.0374708
25.1769 0.0372869
25.1793 0.0371261
25.1816 0.0369853
25.184 0.0369871
25.1876 0.0368638
25.1904 0.0368808
25.1928 0.0367707
25.2065 0.0366744
25.2109 0.0365901
25.2133 0.0366413
25.2157 0.0369361
25.2181 0.0371941
25.2205 0.0374199
25.2229 0.0374924
25.2253 0.0375558
25.2277 0.0374863
25.2414 0.0389256
25.2462 0.0390599
25.2486 0.0389274
25.251 0.0386865
25.2534 0.0386006
25.2557 0.0384006
25.2581 0.0383505
25.2605 0.0383067
25.2629 0.0381433
25.2763 0.0395004
25.2811 0.0395629
25.2835 0.0392425
25.2859 0.0389622
25.2884 0.0388419
25.2908 0.0386117
25.2932 0.0385352
25.2956 0.0383433
25.298 0.0381754
25.3004 0.0381535
25.3124 0.0378843
25.3172 0.0376488
25.3196 0.0374427
25.322 0.0373873
25.3248 0.0372139
25.3272 0.0371872
25.3296 0.0370388
25.332 0.0370339
25.3344 0.0370297
25.3368 0.036901
25.3484 0.0367884
25.3537 0.0366898
25.3561 0.0367286
25.3585 0.0366375
25.361 0.0365578
25.3633 0.0364881
25.3657 0.0366771
25.3681 0.0369674
25.3705 0.0370965
25.3729 0.0372094
25.3833 0.0384333
25.3886 0.0386291
25.391 0.0384255
25.3934 0.0382473
25.3958 0.0380914
25.3982 0.03808
25.4006 0.037945
25.403 0.0379518
25.4054 0.0378329
25.4078 0.0377287
25.4182 0.0387627
25.4239 0.0389173
25.4263 0.0388027
25.4291 0.0388273
25.4315 0.0387239
25.4339 0.0386334
25.4363 0.0385542
25.4387 0.038485
25.4411 0.0384243
25.4435 0.0383713
25.4458 0.0383249
25.4543 0.0380343
25.4599 0.03778
25.4623 0.0375575
25.4652 0.0373628
25.4676 0.0371925
25.47 0.0370434
25.4724 0.036913
25.4772 0.0367988
25.4795 0.036699
25.4819 0.0366116
25.4904 0.0365352
25.4964 0.0365933
25.4988 0.0365191
25.5013 0.0364542
25.5037 0.0363974
25.5061 0.0364728
25.5085 0.0364137
25.5132 0.036362
25.5157 0.0365667
25.5181 0.0368709
25.5205 0.037137
25.5253 0.0379949
25.5313 0.0383705
25.5337 0.0381992
25.5365 0.0381743
25.5389 0.0380275
25.5413 0.0380241
25.5437 0.0378961
25.5481 0.0381591
25.551 0.0381392
25.5534 0.0381218
25.5558 0.0379816
25.5602 0.0382339
25.5666 0.0385796
25.569 0.0383822
25.5714 0.0383344
25.5738 0.0381676
25.5762 0.0381466
25.5786 0.0380033
25.5842 0.0383779
25.6436 0.0380807
25.646 0.0378206
25.6484 0.037593
25.654 0.0378939
25.6564 0.0376571
25.6785 0.03995
25.6809 0.0395813
25.6833 0.0393836
25.6893 0.0395856
25.6917 0.0392624
25.7138 0.0414796
25.7162 0.0410447
25.7186 0.0406641
25.7242 0.0407061
25.7266 0.0402428
25.7487 0.0423375
25.7515 0.0417953
25.7538 0.0411959
25.7562 0.0407964
25.7603 0.0401968
25.7627 0.0396722
25.7848 0.0392132
25.7875 0.0388116
25.7899 0.0384601
25.7923 0.0381526
25.7968 0.0378835
25.7992 0.0377731
25.8208 0.0375514
25.8236 0.0373575
25.826 0.0373128
25.8285 0.0371487
25.8317 0.0373801
25.8341 0.0374576
25.8557 0.0397754
25.8585 0.0395535
25.8609 0.0392343
25.8634 0.038955
25.8666 0.0388356
25.8689 0.0386062
25.8906 0.0407804
25.8934 0.0404329
25.8958 0.0400037
25.8983 0.0397533
25.9014 0.0395341
25.9038 0.0392174
25.9063 0.0390652
25.9267 0.038682
25.9299 0.0383468
25.9323 0.0381784
25.9347 0.0379061
25.9375 0.0376679
25.9399 0.0374594
25.9424 0.037277
25.9629 0.0371173
25.9663 0.0371027
25.9687 0.0369648
25.9711 0.0369692
25.9736 0.0368481
25.976 0.0368671
25.9785 0.0367587
25.9981 0.0391638
26.0013 0.0391434
26.0037 0.0388754
26.0061 0.038766
26.0085 0.0385453
26.0109 0.0383521
26.0133 0.0381831
26.0334 0.0402852
26.0362 0.0399996
26.0386 0.0396246
26.041 0.0394215
26.0434 0.0391188
26.0458 0.038854
26.0482 0.0387472
26.0687 0.0407788
26.1199 0.0401815
26.1397 0.0396588
26.1421 0.0393264
26.1549 0.0401606
26.1746 0.0420156
26.177 0.0413886
26.1898 0.04209
26.2095 0.0437038
26.2119 0.0428658
26.2247 0.0435076
26.2444 0.0449441
26.2467 0.0439511
26.2491 0.0432072
26.2608 0.0423063
26.2804 0.041518
26.2828 0.0408283
26.2852 0.0402247
26.2969 0.0396966
26.3165 0.0392346
26.319 0.0388302
26.3214 0.0388515
26.3322 0.03987
26.3514 0.0417613
26.3539 0.0411661
26.3563 0.0407704
26.3671 0.0414241
26.3863 0.0429961
26.3888 0.0422465
26.3912 0.0417157
26.4025 0.0422513
26.4049 0.0415949
26.4224 0.0408955
26.4249 0.0402836
26.4273 0.0397481
26.4385 0.0392796
26.4413 0.0389946
26.4585 0.0386203
26.4609 0.0382928
26.4634 0.0380062
26.4746 0.0377554
26.4774 0.037536
26.4934 0.039344
26.4959 0.039051
26.4983 0.0389196
26.5099 0.0398047
26.5123 0.0395791
26.5283 0.0410067
26.532 0.0407559
26.605 0.0401614
26.6073 0.0397662
26.6375 0.0429204
26.6411 0.0421804
26.6723 0.0450328
26.676 0.0442787
26.7073 0.0469939
26.7113 0.0459946
26.7137 0.0448703
26.7438 0.0437615
26.7474 0.0427913
26.7498 0.0419424
26.7799 0.0411996
26.7839 0.0405497
26.7862 0.040106
26.8148 0.0432177
26.8189 0.0426905
26.8213 0.0421042
26.85 0.0448412
26.8541 0.044236
26.8565 0.0434565
26.8853 0.0460244
26.889 0.0451464
26.8914 0.0441281
26.8938 0.0432371
26.9214 0.0423324
26.9251 0.0415409
26.9275 0.0408483
26.93 0.0403672
26.9575 0.0398213
26.9612 0.0393437
26.9636 0.0389257
26.966 0.03881
26.9925 0.0417087
26.9961 0.0413702
26.9985 0.0408239
27.0009 0.0403459
27.0274 0.0430527
27.031 0.0424211
27.0334 0.0417434
27.0358 0.0411505
27.0622 0.0437567
27.0646 0.0429121
27.0671 0.0421731
27.0694 0.0414015
27.0718 0.0407263
27.0983 0.0401355
27.1007 0.0396186
27.1031 0.0391662
27.1055 0.0387705
27.1079 0.0384241
27.1344 0.0381211
27.1368 0.037856
27.1392 0.037999
27.1428 0.0381241
27.2139 0.0378586
27.2163 0.0376263
27.2504 0.037548
27.2528 0.0373545
27.2868 0.0371852
27.2894 0.037412
27.3222 0.0414855
27.3246 0.0410498
27.3571 0.0444186
27.3595 0.0434913
27.3619 0.0426799
27.3932 0.0418449
27.3956 0.0411143
27.398 0.0406
27.4296 0.040025
27.432 0.0396469
27.4344 0.039191
27.4657 0.0387921
27.4681 0.0388181
27.4705 0.0387158
27.5006 0.0421264
27.503 0.0416106
27.5054 0.0410342
27.5355 0.04403
27.5379 0.0431512
27.5403 0.0423823
27.5427 0.0417095
27.5716 0.0409958
27.574 0.0403714
27.5764 0.0398249
27.5788 0.0393468
27.6077 0.0389285
27.6101 0.0386874
27.6125 0.0383515
27.6148 0.0380575
27.6426 0.0413004
27.645 0.0407628
27.6474 0.0402925
27.6499 0.0398809
27.6774 0.0427708
27.6798 0.0420494
27.6827 0.0415433
27.6851 0.0411003
27.7123 0.0438378
27.7151 0.0431081
27.7175 0.0424696
27.7199 0.0417859
27.7223 0.0411876
27.7484 0.0405392
27.7516 0.0399718
27.754 0.0394753
27.7564 0.0391659
27.7588 0.0387702
27.7845 0.0384239
27.7877 0.0381209
27.7903 0.0379808
27.7927 0.0381082
27.7951 0.0382197
27.8196 0.0410672
27.8228 0.0406838
27.8256 0.0403483
27.828 0.0399298
27.8304 0.0396886
27.8545 0.0421025
27.8581 0.0417147
27.8605 0.0412503
27.8629 0.0407191
27.8652 0.0403792
27.8676 0.0399568
27.8909 0.0394622
27.8946 0.0390294
27.897 0.0387757
27.8994 0.0385538
27.9018 0.0382345
27.9042 0.0380802
27.9275 0.0379452
27.9311 0.037827
27.9335 0.0375987
27.9359 0.0373988
27.9383 0.037349
27.9407 0.0371804
27.9627 0.0397828
27.966 0.039685
27.9684 0.0393493
27.9708 0.0390557
27.9732 0.0389237
27.9756 0.0386832
27.9976 0.0409728
28.0009 0.0406012
28.0033 0.0401511
28.0057 0.0397572
28.0081 0.0395375
28.0105 0.0392204
28.0326 0.0414428
28.0349 0.0408875
28.0373 0.0404015
28.0397 0.0398513
28.0421 0.0394949
28.0445 0.0390581
28.0469 0.0386758
28.069 0.0384663
28.0714 0.038283
28.0738 0.0379977
28.0762 0.0378729
28.0786 0.0376388
28.081 0.037434
28.0834 0.0373797
28.1051 0.0372073
28.1075 0.0370564
28.1099 0.0369243
28.1123 0.0371838
28.1147 0.0372858
28.1171 0.0375001
28.1195 0.0376876
28.14 0.0401016
28.1424 0.0397139
28.1449 0.0393747
28.1473 0.0392028
28.1497 0.0389275
28.1521 0.0388115
28.1545 0.0385851
28.1749 0.040637
28.1773 0.0401823
28.1802 0.0399096
28.1826 0.0396709
28.185 0.039337
28.1874 0.0391699
28.1898 0.0388986
28.1921 0.0387863
28.211 0.038438
28.2134 0.0381333
28.2163 0.0378666
28.2187 0.0376333
28.2211 0.0375541
28.2235 0.0373599
28.2259 0.0371899
28.2284 0.0370411
28.2471 0.037036
28.2495 0.0369065
28.2524 0.0367932
28.2549 0.036694
28.2573 0.0366073
28.2597 0.0365314
28.2621 0.0368399
28.2644 0.03711
28.2819 0.0390962
28.2843 0.0388342
28.2873 0.0387299
28.2898 0.0385137
28.2924 0.0384495
28.2948 0.0382683
28.2972 0.0382347
28.2996 0.0380804
28.3168 0.0398203
28.3192 0.0395928
28.3225 0.0393937
28.3249 0.0390945
28.3273 0.0389577
28.3301 0.038838
28.3325 0.0387332
28.3349 0.0385166
28.3373 0.038452
28.353 0.0381455
28.3554 0.0378773
28.3586 0.0376426
28.361 0.0374373
28.3634 0.0372576
28.3662 0.0371004
28.3686 0.0369629
28.371 0.0368425
28.3734 0.0367372
28.3891 0.0367701
28.4447 0.0366738
28.4592 0.0380896
28.4616 0.0378284
28.4652 0.0377248
28.4811 0.0376342
28.4953 0.0374299
28.4977 0.0372512
28.5013 0.0370948
28.5172 0.036958
28.5302 0.0384632
28.5326 0.0382803
28.5366 0.0383703
28.5521 0.039949
28.5659 0.0409554
28.5683 0.0405859
28.5718 0.0403877
28.5872 0.0417142
28.6008 0.0425
28.6031 0.0419375
28.6055 0.0413203
28.6079 0.0406552
28.6232 0.0400733
28.6368 0.0395642
28.6396 0.0391186
28.642 0.0388538
28.6444 0.0386221
28.6593 0.0382943
28.6734 0.0381325
28.6758 0.037866
28.6782 0.0376327
28.6806 0.0376786
28.6946 0.0392188
28.7083 0.0404415
28.7107 0.0400113
28.7131 0.0397599
28.7155 0.0394149
28.7299 0.040613
28.7432 0.0416614
28.7456 0.0410787
28.748 0.0405689
28.7508 0.0401228
28.7532 0.0398574
28.7659 0.0393752
28.7793 0.0389533
28.7817 0.0385842
28.7841 0.0383861
28.7872 0.0382129
28.7896 0.0379363
28.802 0.0378192
28.8154 0.0375918
28.8177 0.0373928
28.8202 0.0372187
28.8237 0.0370664
28.8261 0.0370581
28.8381 0.0369258
28.8506 0.0383101
28.853 0.0382713
28.8554 0.0382374
28.8586 0.0382077
28.861 0.0381818
28.8734 0.0392841
28.8855 0.0402485
28.888 0.0399675
28.8904 0.0395965
28.8939 0.039397
28.8963 0.0392224
28.9087 0.0401946
28.9208 0.0410452
28.9232 0.0406646
28.9255 0.0402065
28.9279 0.0398057
28.9303 0.039455
28.9327 0.0390231
28.945 0.0386452
28.9572 0.0384396
28.9596 0.0381346
28.962 0.0379928
28.9644 0.0378687
28.9668 0.0376351
28.9692 0.0375557
28.9811 0.0374863
28.9937 0.0373005
28.9961 0.0372629
28.9985 0.037105
29.0009 0.0372169
29.0033 0.0374398
29.0057 0.0376348
29.0161 0.0388055
29.0286 0.0398298
29.031 0.0394761
29.0334 0.0391666
29.0358 0.0388957
29.0382 0.0387838
29.0406 0.0385608
29.051 0.0393657
29.0635 0.04032
29.0659 0.039905
29.0683 0.0396669
29.0707 0.0393335
29.0731 0.0391668
29.0759 0.038896
29.0783 0.038784
29.0874 0.038561
29.0996 0.0382408
29.102 0.0380857
29.1044 0.037825
29.1068 0.0375969
29.1092 0.0373973
29.1124 0.0373476
29.1148 0.0371792
29.1237 0.0370318
29.1357 0.0369028
29.1381 0.03679
29.207 0.0368162
29.2099 0.0368392
29.2122 0.0368593
29.2419 0.0401269
29.2447 0.039736
29.2471 0.039519
29.2769 0.0425791
29.2793 0.0420067
29.2817 0.0413809
29.2841 0.0408333
29.313 0.0403541
29.3158 0.0398099
29.3182 0.0394586
29.3206 0.0390263
29.3495 0.038648
29.3519 0.038317
29.3543 0.0380274
29.3567 0.038024
29.3844 0.041271
29.3868 0.0407371
29.3897 0.040395
29.3921 0.0400956
29.4193 0.0429586
29.4229 0.0423388
29.4939 0.0415465
29.4963 0.0408531
29.53 0.0402465
29.5324 0.0397157
29.5661 0.0393762
29.5684 0.0389542
29.6021 0.0385849
29.6045 0.0385118
29.637 0.0423228
29.6394 0.0416575
29.6719 0.0448253
29.6743 0.0438471
29.6767 0.0429912
29.708 0.0422423
29.7104 0.041462
29.7128 0.0407793
29.7441 0.0401819
29.7466 0.0396591
29.749 0.0392017
29.7802 0.0388015
29.7826 0.0387013
29.785 0.0386137
29.8155 0.042162
29.8178 0.0415167
29.8202 0.0410771
29.8503 0.0441925
29.8527 0.0432934
29.8551 0.0426317
29.8575 0.0419278
29.8868 0.0411868
29.8892 0.0406635
29.8916 0.0400805
29.894 0.0395705
29.9233 0.0392491
29.9257 0.038843
29.9281 0.0386126
29.9305 0.038411
29.9586 0.0417347
29.961 0.0411428
29.9633 0.04075
29.9657 0.0402812
29.9938 0.0431211
29.9962 0.0424809
29.9986 0.0419208
30.001 0.0414307
30.0291 0.0442519
30.0315 0.0434704
30.0339 0.0426616
30.0363 0.0420789
30.0387 0.041444
30.0656 0.0407635
30.068 0.0401681
30.0704 0.0397721
30.0728 0.0393006
30.0752 0.039013
