0.230217 1
0.263149 1441
0.297362 4321
0.33172 7201
0.36461 10081
0.367 12961
0.398711 15841
0.401101 18721
0.403492 21601
0.432796 24481
0.435186 27361
0.437576 30241
0.439967 33121
0.46604 36001
0.468431 38881
0.470821 41761
0.473212 44641
0.475602 47521
0.477992 50401
0.499108 53281
0.501498 56161
0.503888 59041
0.506279 61921
0.508669 64801
0.51106 67681
0.51345 70561
0.51584 73441
0.518231 76321
0.531997 79201
0.534388 82081
0.536778 84961
0.539168 87841
0.541559 90721
0.543949 93601
0.54634 96481
0.54873 99361
0.55112 102241
0.553511 105121
0.555901 108001
0.558292 110881
0.560682 113761
0.563072 116641
0.566082 119521
0.568472 122401
0.571218 125281
0.573608 128161
0.575999 131041
0.579244 132481
0.638159 204481
0.646117 207361
0.648507 210241
0.652315 211681
0.689144 247681
0.704884 250561
0.713106 253441
0.715497 256321
0.719658 259201
0.722049 262081
0.739343 264961
0.747191 267841
0.749582 270721
0.753743 273601
0.756134 276481
0.773427 279361
0.780081 282241
0.782471 285121
0.786633 288001
0.789023 290881
0.806317 293761
0.81297 296641
0.816571 298081
0.853622 318241
0.882766 321121
0.885331 324001
0.915656 326881
0.918221 329761
0.948546 332641
0.951111 335521
0.981766 338401
1.02021 349921
1.05312 352801
1.08759 355681
1.12167 358561
1.15576 361441
1.18867 364321
1.22156 367201
1.2548 370081
1.25719 372961
1.28896 375841
1.29135 378721
1.32304 381601
1.32543 384481
1.35714 387361
1.35953 390241
1.39003 393121
1.39242 396001
1.42292 398881
1.42531 401761
1.4277 404641
1.45706 407521
1.45945 410401
1.46184 413281
1.49115 416161
1.49354 419041
1.49593 421921
1.52404 424801
1.52643 427681
1.52882 430561
1.55693 433441
1.55934 436321
1.5619 439201
1.59013 442081
1.59252 444961
1.59491 447841
1.5973 450721
1.62422 453601
1.62661 456481
1.62911 459361
1.6315 462241
1.6583 465121
1.66069 468001
1.66319 470881
1.66558 473761
1.69119 476641
1.69358 479521
1.69643 482401
1.69882 485281
1.72408 488161
1.72647 491041
1.72932 493921
1.73171 496801
1.75697 499681
1.75942 502561
1.76181 505441
1.76432 508321
1.76676 511201
1.79121 514081
1.79365 516961
1.79604 519841
1.79873 522721
1.8012 525601
1.82562 528481
1.82849 531361
1.83088 534241
1.83327 537121
1.83566 540001
1.85886 542881
1.86138 545761
1.86377 548641
1.86616 551521
1.86855 554401
1.89178 557281
1.89427 560161
1.89666 563041
1.89905 565921
1.90144 568801
1.90383 571681
1.92594 574561
1.92835 577441
1.93074 580321
1.93313 583201
1.93553 586081
1.93792 588961
1.9604 591841
1.96282 594721
1.96521 597601
1.9676 600481
1.96999 603361
1.97238 606241
1.99347 609121
1.99586 612001
1.99825 614881
2.00091 617761
2.0033 620641
2.00569 623521
2.02636 626401
2.02875 629281
2.03114 632161
2.03433 635041
2.03672 637921
2.03911 640801
2.05925 643681
2.06165 646561
2.06404 649441
2.06682 652321
2.06921 655201
2.0716 658081
2.07399 660961
2.09334 663841
2.09574 666721
2.09813 669601
2.10103 672481
2.10342 675361
2.10581 678241
2.10821 681121
2.12742 684001
2.12982 686881
2.13221 689761
2.1346 692641
2.13699 695521
2.13938 698401
2.14177 701281
2.16031 704161
2.16271 707041
2.1651 709921
2.16749 712801
2.16988 715681
2.17227 718561
2.17466 721441
2.1932 724321
2.1956 727201
2.19799 730081
2.20038 732961
2.20277 735841
2.20516 738721
2.20755 741601
2.20994 744481
2.22729 747361
2.22969 750241
2.23208 753121
2.23447 756001
2.23686 758881
2.23925 761761
2.24164 764641
2.24403 767521
2.26137 770401
2.26377 773281
2.26616 776161
2.26855 779041
2.27094 781921
2.27333 784801
2.27572 787681
2.27811 790561
2.29495 793441
2.29734 796321
2.29973 799201
2.30212 802081
2.30451 804961
2.3069 807841
2.30929 810721
2.31168 813601
2.32812 816481
2.33051 819361
2.3329 822241
2.33529 825121
2.33768 828001
2.34007 830881
2.34246 833761
2.34485 836641
2.34724 839521
2.36221 842401
2.3646 845281
2.36699 848161
2.36938 851041
2.37177 853921
2.37416 856801
2.37655 859681
2.37894 862561
2.38133 865441
2.39629 868321
2.39868 871201
2.40107 874081
2.40346 876961
2.40585 879841
2.40824 882721
2.41063 885601
2.41302 888481
2.41541 891361
2.42918 894241
2.43157 897121
2.43396 900001
2.43635 902881
2.43874 905761
2.44113 908641
2.44352 911521
2.44591 914401
2.4483 917281
2.46207 920161
2.46446 923041
2.46685 925921
2.46924 928801
2.47163 931681
2.47523 933121
2.5121 964801
2.53623 967681
2.53862 970561
2.54142 973441
2.54381 976321
2.56912 979201
2.57151 982081
2.57431 984961
2.5767 987841
2.60201 990721
2.6044 993601
2.6072 996481
2.60959 999361
2.6349 1002241
2.63729 1005121
2.63968 1008001
2.64207 1010881
2.64448 1013761
2.66898 1016641
2.67137 1019521
2.67377 1022401
2.67616 1025281
2.67856 1028161
2.70307 1031041
2.70546 1033921
2.70785 1036801
2.71024 1039681
2.71263 1042561
2.73596 1045441
2.73835 1048321
2.74074 1051201
2.74313 1054081
2.74552 1056961
2.76885 1059841
2.77124 1062721
2.77363 1065601
2.77602 1068481
2.77841 1071361
2.7808 1074241
2.80293 1077121
2.80532 1080001
2.80771 1082881
2.8101 1085761
2.81249 1088641
2.81489 1091521
2.83702 1094401
2.84062 1095841
2.87709 1117441
2.90679 1120321
2.90918 1123201
2.93968 1126081
2.94207 1128961
2.97257 1131841
2.97496 1134721
2.97735 1137601
3.00703 1140481
3.00942 1143361
3.01182 1146241
3.04111 1149121
3.0435 1152001
3.0459 1154881
3.074 1157761
3.07639 1160641
3.07879 1163521
3.10689 1166401
3.10928 1169281
3.11168 1172161
3.13978 1175041
3.14217 1177921
3.14456 1180801
3.14709 1183681
3.17398 1186561
3.17637 1189441
3.17876 1192321
3.18118 1195201
3.20807 1198081
3.21046 1200961
3.21285 1203841
3.21524 1206721
3.24096 1209601
3.24335 1212481
3.24574 1215361
3.24813 1218241
3.27384 1221121
3.27624 1224001
3.27863 1226881
3.28102 1229761
3.28341 1232641
3.30793 1235521
3.34561 1252801
3.37647 1255681
3.37886 1258561
3.41056 1261441
3.41295 1264321
3.44464 1267201
3.44703 1270081
3.47875 1272961
3.48114 1275841
3.51164 1278721
3.51403 1281601
3.54492 1284481
3.54731 1287361
3.5497 1290241
3.57901 1293121
3.5814 1296001
3.58379 1298881
3.61347 1301761
3.61586 1304641
3.61825 1307521
3.64757 1310401
3.64996 1313281
3.65245 1316161
3.68285 1321921
3.68566 1324801
3.71574 1327681
3.71813 1330561
3.72052 1333441
3.72291 1336321
3.74982 1339201
3.75221 1342081
3.7546 1344961
3.75699 1347841
3.78391 1350721
3.7863 1353601
3.78869 1356481
3.79108 1359361
3.81799 1362241
3.82038 1365121
3.82277 1368001
3.82516 1370881
3.85088 1373761
3.85327 1376641
3.85566 1379521
3.85805 1382401
3.88377 1385281
3.88616 1388161
3.88855 1391041
3.89094 1393921
3.89346 1396801
3.91785 1399681
3.92035 1402561
3.92274 1405441
3.92513 1408321
3.92754 1411201
3.9524 1414081
3.95479 1416961
3.95718 1419841
3.95957 1422721
3.96196 1425601
3.98529 1428481
3.98768 1431361
3.99007 1434241
3.99246 1437121
3.99485 1440001
4.01818 1442881
4.02058 1445761
4.02297 1448641
4.02536 1451521
4.02775 1454401
4.03014 1457281
4.05226 1460161
4.05467 1463041
4.05745 1465921
4.05984 1468801
4.06223 1471681
4.06462 1474561
4.08635 1477441
4.08914 1480321
4.09156 1483201
4.09395 1486081
4.09634 1488961
4.09873 1491841
4.12044 1494721
4.12283 1497601
4.12562 1500481
4.12801 1503361
4.1304 1506241
4.18623 1527841
4.19747 1530721
4.19986 1533601
4.23036 1536481
4.23275 1539361
4.26349 1542241
4.26588 1545121
4.26827 1548001
4.29757 1550881
4.29996 1553761
4.30235 1556641
4.33166 1559521
4.33434 1562401
4.33673 1565281
4.36485 1568161
4.36724 1571041
4.36963 1573921
4.39774 1576801
4.40013 1579681
4.40252 1582561
4.43063 1585441
4.43302 1588321
4.43541 1591201
4.4378 1594081
4.46474 1596961
4.46713 1599841
4.46952 1602721
4.47191 1605601
4.49883 1608481
4.50122 1611361
4.50361 1614241
4.5076 1615681
4.56581 1631521
4.59785 1634401
4.63074 1637281
4.66363 1640161
4.66611 1643041
4.69772 1645921
4.7002 1648801
4.73201 1651681
4.7344 1654561
4.7663 1657441
4.76869 1660321
4.79937 1663201
4.80178 1666081
4.83226 1668961
4.83505 1671841
4.83744 1674721
4.86636 1677601
4.86915 1680481
4.87155 1683361
4.90083 1686241
4.90323 1689121
4.90564 1692001
4.93492 1694881
4.93731 1697761
4.9397 1700641
4.96781 1703521
4.97141 1704961
5.00908 1719361
5.04079 1722241
5.07368 1725121
5.10657 1728001
5.13946 1730881
5.17235 1733761
5.17481 1736641
5.20652 1739521
5.20893 1742401
5.24061 1745281
5.24301 1748161
5.2735 1751041
5.2759 1753921
5.30639 1756801
5.30879 1759681
5.33963 1762561
5.34207 1765441
5.34446 1768321
5.37385 1771201
5.37624 1774081
5.37863 1776961
5.40831 1779841
5.4107 1782721
5.41309 1785601
5.4412 1788481
5.44359 1791361
5.44603 1794241
5.47409 1797121
5.47648 1800001
5.47892 1802881
5.50698 1805761
5.50937 1808641
5.51183 1811521
5.51427 1814401
5.54116 1817281
5.54355 1820161
5.54594 1823041
5.54836 1825921
5.57525 1828801
5.57764 1831681
5.58003 1834561
5.58242 1837441
5.60814 1840321
5.61053 1843201
5.61292 1846081
5.61533 1848961
5.64103 1851841
5.64342 1854721
5.64581 1857601
5.64822 1860481
5.65061 1863361
5.67511 1866241
5.6775 1869121
5.67989 1872001
5.68231 1874881
5.6847 1877761
5.7092 1880641
5.71159 1883521
5.71398 1886401
5.71639 1889281
5.71878 1892161
5.74328 1895041
5.74567 1897921
5.74806 1900801
5.75045 1903681
5.75284 1906561
5.77617 1909441
5.77856 1912321
5.78095 1915201
5.78344 1918081
5.80906 1923841
5.81153 1926721
5.81392 1929601
5.81633 1932481
5.81872 1935361
5.84362 1938241
5.84601 1941121
5.8484 1944001
5.85079 1946881
5.85318 1949761
5.85557 1952641
5.87771 1955521
5.8801 1958401
5.88249 1961281
5.88488 1964161
5.88727 1967041
5.88969 1969921
5.9106 1972801
5.91299 1975681
5.91538 1978561
5.91778 1981441
5.92028 1984321
5.92267 1987201
5.94388 1990081
5.94627 1992961
5.94877 1995841
5.95116 1998721
5.95355 2001601
5.95594 2004481
5.97677 2007361
5.97916 2010241
5.98155 2013121
5.98405 2016001
5.98644 2018881
5.98913 2021761
5.99152 2024641
6.01324 2030401
6.01602 2033281
6.01881 2036161
6.0212 2039041
6.02359 2041921
6.02598 2044801
6.04769 2047681
6.05008 2050561
6.0525 2053441
6.05489 2056321
6.05728 2059201
6.05967 2062081
6.06206 2064961
6.08058 2067841
6.08297 2070721
6.08539 2073601
6.08815 2076481
6.09054 2079361
6.09293 2082241
6.09532 2085121
6.11347 2088001
6.11586 2090881
6.11828 2093761
6.12104 2096641
6.12343 2099521
6.12582 2102401
6.12821 2105281
6.1306 2108161
6.14756 2111041
6.14995 2113921
6.15236 2116801
6.15513 2119681
6.15752 2122561
6.15991 2125441
6.1623 2128321
6.16469 2131201
6.18164 2134081
6.18403 2136961
6.18645 2139841
6.18934 2142721
6.19173 2145601
6.19412 2148481
6.19651 2151361
6.1989 2154241
6.21453 2157121
6.21692 2160001
6.21934 2162881
6.22223 2165761
6.22462 2168641
6.22701 2171521
6.2294 2174401
6.23179 2177281
6.24742 2180161
6.24981 2183041
6.25222 2185921
6.25512 2188801
6.25751 2191681
6.2599 2194561
6.26229 2197441
6.26468 2200321
6.28031 2203201
6.28391 2204641
6.32039 2233441
6.33234 2236321
6.34761 2239201
6.3509 2242081
6.35329 2244961
6.36642 2247841
6.3817 2250721
6.38498 2253601
6.38737 2256481
6.40051 2259361
6.41616 2262241
6.41974 2265121
6.42213 2268001
6.43459 2270881
6.44905 2273761
6.45263 2276641
6.45502 2279521
6.46748 2282401
6.48194 2285281
6.48552 2288161
6.48791 2291041
6.50037 2293921
6.51483 2296801
6.51722 2299681
6.51973 2302561
6.52212 2305441
6.53446 2308321
6.54901 2311201
6.5514 2314081
6.55426 2316961
6.55665 2319841
6.56857 2322721
6.5831 2325601
6.58549 2328481
6.58834 2331361
6.59074 2334241
6.60189 2337121
6.61603 2340001
6.61842 2342881
6.62123 2345761
6.62363 2348641
6.63478 2351521
6.64892 2354401
6.65131 2357281
6.65412 2360161
6.65687 2363041
6.65926 2365921
6.66924 2368801
6.683 2371681
6.68539 2374561
6.68854 2377441
6.69095 2380321
6.69334 2383201
6.70333 2386081
6.71709 2388961
6.71948 2391841
6.72264 2394721
6.72504 2397601
6.72743 2400481
6.73741 2403361
6.74998 2406241
6.75237 2409121
6.75553 2412001
6.7583 2414881
6.76069 2417761
6.77087 2420641
6.78287 2423521
6.78526 2426401
6.78878 2429281
6.79119 2432161
6.79358 2435041
6.80376 2437921
6.81612 2440801
6.81851 2443681
6.8209 2446561
6.82329 2449441
6.82568 2452321
6.82807 2455201
6.83785 2458081
6.8502 2460961
6.8526 2463841
6.85499 2466721
6.85738 2469601
6.85977 2472481
6.86216 2475361
6.87229 2478241
6.88466 2481121
6.88705 2484001
6.88944 2486881
6.89184 2489761
6.89423 2492641
6.89662 2495521
6.90518 2498401
6.91755 2501281
6.91999 2504161
6.92238 2507041
6.92477 2509921
6.92716 2512801
6.92955 2515681
6.93807 2518561
6.95044 2521441
6.95288 2524321
6.95527 2527201
6.95766 2530081
6.96005 2532961
6.96254 2535841
6.96493 2538721
6.97215 2541601
6.98453 2544481
6.98697 2547361
6.98936 2550241
6.99182 2553121
6.99421 2556001
6.99663 2558881
6.99902 2561761
7.00624 2564641
7.01871 2567521
7.0211 2570401
7.02349 2573281
7.02591 2576161
7.0283 2579041
7.03071 2581921
7.0331 2584801
7.03913 2587681
7.0516 2590561
7.05399 2593441
7.05638 2596321
7.0588 2599201
7.06119 2602081
7.06402 2604961
7.06641 2607841
7.07202 2610721
7.08449 2613601
7.08688 2616481
7.08927 2619361
7.09171 2622241
7.0941 2625121
7.09691 2628001
7.0993 2630881
7.10491 2633761
7.1073 2636641
7.11858 2639521
7.12099 2642401
7.12338 2645281
7.1258 2648161
7.12819 2651041
7.131 2653921
7.13339 2656801
7.17429 2685601
7.19679 2688481
7.19918 2691361
7.2048 2694241
7.20719 2697121
7.23125 2700001
7.23364 2702881
7.23889 2705761
7.24128 2708641
7.26534 2711521
7.26773 2714401
7.27297 2717281
7.27536 2720161
7.29942 2723041
7.30181 2725921
7.30586 2728801
7.30825 2731681
7.33231 2734561
7.3347 2737441
7.33875 2740321
7.34114 2743201
7.3652 2746081
7.36759 2748961
7.37002 2751841
7.37283 2754721
7.37522 2757601
7.3993 2760481
7.40181 2763361
7.4042 2766241
7.40692 2769121
7.40931 2772001
7.43339 2774881
7.43589 2777761
7.43828 2780641
7.441 2783521
7.4446 2784961
7.50038 2803681
7.51164 2806561
7.53328 2809441
7.54573 2812321
7.56737 2815201
7.57981 2818081
7.60025 2820961
7.6127 2823841
7.63321 2826721
7.64559 2829601
7.6661 2832481
7.66849 2835361
7.67967 2838241
7.70018 2841121
7.70291 2844001
7.71413 2846881
7.73427 2849761
7.73699 2852641
7.74822 2855521
7.76716 2858401
7.76988 2861281
7.78111 2864161
7.80005 2867041
7.80277 2869921
7.81435 2872801
7.83294 2875681
7.83533 2878561
7.83807 2881441
7.84843 2884321
7.86735 2887201
7.86974 2890081
7.87251 2892961
7.88252 2895841
7.90179 2898721
7.90421 2901601
7.9066 2904481
7.91541 2907361
7.93468 2910241
7.93709 2913121
7.93949 2916001
7.9483 2918881
7.96794 2921761
7.97033 2924641
7.97273 2927521
7.98126 2930401
7.98365 2933281
8.00203 2936161
8.00445 2939041
8.00684 2941921
8.01535 2944801
8.01774 2947681
8.03612 2950561
8.03892 2953441
8.04131 2956321
8.04943 2959201
8.05182 2962081
8.07061 2964961
8.073 2967841
8.07539 2970721
8.08232 2973601
8.08471 2976481
8.1047 2977921
8.14118 2996641
8.17204 2999521
8.17448 3002401
8.20613 3005281
8.20856 3008161
8.24021 3011041
8.24261 3013921
8.27345 3016801
8.27585 3019681
8.30634 3022561
8.30877 3025441
8.31116 3028321
8.34043 3031201
8.34286 3034081
8.34564 3036961
8.37451 3039841
8.37731 3042721
8.37973 3045601
8.4086 3048481
8.41099 3051361
8.41338 3054241
8.44149 3057121
8.44388 3060001
8.44627 3062881
8.47477 3065761
8.47716 3068641
8.47955 3071521
8.48194 3074401
8.50922 3077281
8.51161 3080161
8.514 3083041
8.51639 3085921
8.54331 3088801
8.5457 3091681
8.54809 3094561
8.55048 3097441
8.5762 3100321
8.57859 3103201
8.58138 3106081
8.58377 3108961
8.60909 3111841
8.61154 3114721
8.61462 3117601
8.61701 3120481
8.64234 3123361
8.64473 3126241
8.64712 3129121
8.64951 3132001
8.6519 3134881
8.67642 3137761
8.67881 3140641
8.6812 3143521
8.68359 3146401
8.68598 3149281
8.71051 3152161
8.7129 3155041
8.71529 3157921
8.71768 3160801
8.72007 3163681
8.7434 3166561
8.74579 3169441
8.74818 3172321
8.75057 3175201
8.75296 3178081
8.77629 3180961
8.77869 3183841
8.78108 3186721
8.78347 3189601
8.78586 3192481
8.78825 3195361
8.81037 3198241
8.81277 3201121
8.81516 3204001
8.81767 3206881
8.82006 3209761
8.82271 3212641
8.84446 3215521
8.84735 3218401
8.84974 3221281
8.85213 3224161
8.85452 3227041
8.85691 3229921
8.87742 3232801
8.88023 3235681
8.88263 3238561
8.88502 3241441
8.88741 3244321
8.88983 3247201
8.91031 3250081
8.91312 3252961
8.91553 3255841
8.91792 3258721
8.92031 3261601
8.92272 3264481
8.94351 3267361
8.9459 3270241
8.94829 3273121
8.95068 3276001
8.95546 3281761
8.95785 3284641
8.9776 3287521
8.97999 3290401
8.98238 3293281
8.98477 3296161
8.98969 3299041
8.99208 3301921
8.99447 3304801
9.01168 3307681
9.01407 3310561
9.01885 3316321
9.02258 3319201
9.02497 3322081
9.02764 3324961
9.04483 3327841
9.04722 3330721
9.05174 3333601
9.05453 3336481
9.05692 3339361
9.05931 3342241
9.0617 3345121
9.07772 3348001
9.08011 3350881
9.085 3353761
9.08742 3356641
9.08981 3359521
9.0922 3362401
9.09474 3365281
9.09713 3368161
9.14719 3394081
9.16173 3396961
9.16447 3399841
9.17899 3402721
9.19495 3405601
9.19736 3408481
9.21188 3411361
9.23025 3417121
9.24477 3420001
9.26314 3422881
9.26553 3425761
9.27802 3428641
9.28041 3431521
9.29761 3434401
9.3 3437281
9.31211 3440161
9.3145 3443041
9.33213 3445921
9.33452 3448801
9.34619 3451681
9.34858 3454561
9.36502 3457441
9.36741 3460321
9.37908 3463201
9.38147 3466081
9.39791 3468961
9.40034 3471841
9.41197 3474721
9.41436 3477601
9.4308 3480481
9.43323 3483361
9.43563 3486241
9.44631 3489121
9.4487 3492001
9.46491 3494881
9.46732 3497761
9.46972 3500641
9.48061 3503521
9.483 3506401
9.49926 3509281
9.50175 3512161
9.50414 3515041
9.51377 3517921
9.51616 3520801
9.53215 3523681
9.53464 3526561
9.53703 3529441
9.54666 3532321
9.54905 3535201
9.56527 3538081
9.56766 3540961
9.57005 3543841
9.57955 3546721
9.58194 3549601
9.58433 3552481
9.59935 3555361
9.60174 3558241
9.60413 3561121
9.61363 3564001
9.61602 3566881
9.61865 3569761
9.63344 3572641
9.63583 3575521
9.63822 3578401
9.64793 3581281
9.65032 3584161
9.65273 3587041
9.66633 3589921
9.66872 3592801
9.67123 3595681
9.68082 3598561
9.68321 3601441
9.686 3604321
9.69932 3607201
9.70171 3610081
9.70412 3612961
9.71371 3615841
9.7161 3618721
9.71889 3621601
9.73221 3624481
9.7346 3627361
9.73699 3630241
9.73938 3633121
9.74779 3636001
9.75018 3638881
9.75298 3641761
9.76629 3644641
9.76868 3647521
9.77107 3650401
9.77346 3653281
9.78218 3656161
9.78457 3659041
9.78706 3661921
9.80063 3664801
9.80302 3667681
9.80541 3670561
9.8078 3673441
9.81507 3676321
9.81746 3679201
9.81995 3682081
9.83352 3684961
9.83591 3687841
9.8383 3690721
9.84069 3693601
9.84796 3696481
9.85035 3699361
9.8997 3725281
9.91621 3728161
9.91899 3731041
9.92138 3733921
9.9491 3736801
9.95188 3739681
9.95427 3742561
9.98199 3745441
9.98477 3748321
9.98719 3751201
10.0155 3754081
10.018 3756961
10.0204 3759841
10.0228 3762721
10.0496 3765601
10.0524 3768481
10.0548 3771361
10.0572 3774241
10.0837 3777121
10.0865 3780001
10.0889 3782881
10.0913 3785761
10.1166 3788641
10.1194 3791521
10.1218 3794401
10.1242 3797281
10.1495 3800161
10.1527 3803041
10.1551 3805921
10.1574 3808801
10.1824 3811681
10.1848 3814561
10.1872 3817441
10.1896 3820321
10.192 3823201
10.2165 3826081
10.2189 3828961
10.2217 3831841
10.224 3834721
10.2264 3837601
10.2506 3840481
10.253 3843361
10.2554 3846241
10.2578 3849121
10.2601 3852001
10.2835 3854881
10.2859 3857761
10.2883 3860641
10.2906 3863521
10.293 3866401
10.3164 3869281
10.3187 3872161
10.3211 3875041
10.3235 3877921
10.3259 3880801
10.3283 3883681
10.3504 3886561
10.3528 3889441
10.3552 3892321
10.3576 3895201
10.36 3898081
10.3624 3900961
10.3845 3903841
10.3873 3906721
10.3897 3909601
10.3921 3912481
10.3945 3915361
10.3969 3918241
10.4174 3921121
10.4202 3924001
10.4226 3926881
10.425 3929761
10.4274 3932641
10.4298 3935521
10.4503 3938401
10.4531 3941281
10.4555 3944161
10.4579 3947041
10.4603 3949921
10.4627 3952801
10.4832 3955681
10.4856 3958561
10.4904 3964321
10.4928 3967201
10.4951 3970081
10.4975 3972961
10.5173 3975841
10.5197 3978721
10.5244 3981601
10.5268 3984481
10.5292 3987361
10.5316 3990241
10.534 3993121
10.5514 3996001
10.5537 3998881
10.5585 4001761
10.5609 4004641
10.5633 4007521
10.5657 4010401
10.5681 4013281
10.5842 4016161
10.5866 4019041
10.5914 4021921
10.5938 4024801
10.5962 4027681
10.5986 4030561
10.601 4033441
10.6171 4036321
10.6195 4039201
10.6243 4042081
10.6267 4044961
10.6291 4047841
10.6315 4050721
10.6339 4053601
10.6364 4056481
10.6512 4059361
10.6536 4062241
10.6584 4065121
10.6608 4068001
10.6632 4070881
10.6657 4073761
10.6681 4076641
10.6705 4079521
10.6853 4082401
10.6877 4085281
10.6926 4088161
10.695 4091041
10.6974 4093921
10.6998 4096801
10.7022 4099681
10.7046 4102561
10.7187 4105441
10.7211 4108321
10.7255 4111201
10.7279 4114081
10.7303 4116961
10.7327 4119841
10.7351 4122721
10.7374 4125601
10.7516 4128481
10.754 4131361
10.7584 4134241
10.7607 4137121
10.7631 4140001
10.7656 4142881
10.7679 4145761
10.7703 4148641
10.7727 4151521
10.7856 4154401
10.7884 4157281
10.7924 4160161
10.7948 4163041
10.7972 4165921
10.7996 4168801
10.802 4171681
10.8044 4174561
10.8068 4177441
10.8201 4180321
10.8225 4183201
10.8265 4186081
10.8289 4188961
10.8313 4191841
10.8337 4194721
10.8361 4197601
10.8385 4200481
10.8409 4203361
10.8542 4206241
10.8566 4209121
10.8598 4212001
10.8622 4214881
10.8646 4217761
10.867 4220641
10.8694 4223521
10.8718 4226401
10.8741 4229281
10.8871 4232161
10.8895 4235041
10.8931 4237921
10.8955 4240801
10.8979 4243681
10.9002 4246561
10.9026 4249441
10.905 4252321
10.9074 4255201
10.92 4258081
10.9224 4260961
10.9252 4263841
10.9276 4266721
10.93 4269601
10.9323 4272481
10.9347 4275361
10.9371 4278241
10.9395 4281121
10.9419 4284001
10.9541 4286881
10.9565 4289761
10.9593 4292641
10.9616 4295521
10.964 4298401
10.9668 4301281
10.9692 4304161
10.9716 4307041
10.974 4309921
10.9764 4312801
10.9882 4315681
10.9906 4318561
10.9937 4321441
10.9961 4324321
10.9985 4327201
11.0009 4330081
11.0033 4332961
11.0056 4335841
11.008 4338721
11.0104 4341601
11.021 4344481
11.0234 4347361
11.0266 4350241
11.029 4353121
11.0314 4356001
11.0338 4358881
11.0361 4361761
11.0385 4364641
11.0409 4367521
11.0433 4370401
11.0539 4373281
11.0563 4376161
11.0595 4379041
11.0619 4381921
11.0643 4384801
11.0666 4387681
11.069 4390561
11.0714 4393441
11.0738 4396321
11.0762 4399201
11.0786 4402081
11.088 4404961
11.0904 4407841
11.0936 4410721
11.0959 4413601
11.0983 4416481
11.1007 4419361
11.1031 4422241
11.1055 4425121
11.1079 4428001
11.1115 4429441
11.1538 4465441
11.1713 4468321
11.1737 4471201
11.1765 4474081
11.1789 4476961
11.1867 4479841
11.2054 4482721
11.2078 4485601
11.2106 4488481
11.2131 4491361
11.2209 4494241
11.2395 4497121
11.2419 4500001
11.2443 4502881
11.2466 4505761
11.2538 4508641
11.2724 4511521
11.2748 4514401
11.2771 4517281
11.2795 4520161
11.2867 4523041
11.3053 4525921
11.3076 4528801
11.31 4531681
11.3124 4534561
11.3148 4537441
11.3208 4540321
11.3393 4543201
11.3417 4546081
11.3441 4548961
11.3465 4551841
11.3489 4554721
11.355 4557601
11.3734 4560481
11.3758 4563361
11.3782 4566241
11.3807 4569121
11.3831 4572001
11.3879 4574881
11.4063 4577761
11.4088 4580641
11.4112 4583521
11.4136 4586401
11.416 4589281
11.4208 4592161
11.4393 4595041
11.4417 4597921
11.4441 4600801
11.4465 4603681
11.4489 4606561
11.4513 4609441
11.4549 4612321
11.4733 4615201
11.4758 4618081
11.4781 4620961
11.4806 4623841
11.4829 4626721
11.5219 4649761
11.549 4652641
11.5514 4655521
11.5548 4658401
11.5831 4661281
11.5855 4664161
11.5888 4667041
11.6172 4669921
11.6197 4672801
11.6233 4675681
11.6514 4678561
11.6538 4681441
11.6562 4684321
11.6844 4687201
11.6871 4690081
11.6895 4692961
11.7173 4695841
11.72 4698721
11.7224 4701601
11.7247 4704481
11.7513 4707361
11.7541 4710241
11.7564 4713121
11.759 4716001
11.7854 4718881
11.7882 4721761
11.7906 4724641
11.7933 4727521
11.8183 4730401
11.8211 4733281
11.8235 4736161
11.8262 4739041
11.8512 4741921
11.854 4744801
11.8564 4747681
11.8591 4750561
11.8841 4753441
11.8865 4756321
11.8889 4759201
11.8913 4762081
11.8937 4764961
11.9182 4767841
11.9206 4770721
11.923 4773601
11.9253 4776481
11.9277 4779361
11.9523 4782241
11.9546 4785121
11.957 4788001
11.9594 4790881
11.9618 4793761
11.9851 4796641
11.9875 4799521
11.9899 4802401
11.9923 4805281
11.9947 4808161
12.018 4811041
12.0204 4813921
12.0228 4816801
12.0252 4819681
12.0276 4822561
12.03 4825441
12.0521 4828321
12.0545 4831201
12.0569 4834081
12.0593 4836961
12.0617 4839841
12.0641 4842721
12.0862 4845601
12.0886 4848481
12.091 4851361
12.0934 4854241
12.0958 4857121
12.0982 4860001
12.1191 4862881
12.1215 4865761
12.1239 4868641
12.1263 4871521
12.1287 4874401
12.131 4877281
12.152 4880161
12.1544 4883041
12.1568 4885921
12.1592 4888801
12.1615 4891681
12.1639 4894561
12.1849 4897441
12.1873 4900321
12.1897 4903201
12.192 4906081
12.1944 4908961
12.1968 4911841
12.1992 4914721
12.219 4917601
12.2214 4920481
12.2237 4923361
12.2261 4926241
12.2285 4929121
12.2309 4932001
12.2333 4934881
12.253 4937761
12.2554 4940641
12.2578 4943521
12.2602 4946401
12.2626 4949281
12.265 4952161
12.2678 4955041
12.2859 4957921
12.2883 4960801
12.2907 4963681
12.2931 4966561
12.2959 4969441
12.2982 4972321
12.3007 4975201
12.3188 4978081
12.3215 4980961
12.3239 4983841
12.3263 4986721
12.3287 4989601
12.3311 4992481
12.3335 4995361
12.3359 4998241
12.3532 5001121
12.3556 5004001
12.358 5006881
12.3604 5009761
12.3628 5012641
12.3652 5015521
12.3676 5018401
12.37 5021281
12.3873 5024161
12.3897 5027041
12.3921 5029921
12.3945 5032801
12.3969 5035681
12.3993 5038561
12.4017 5041441
12.4041 5044321
12.4202 5047201
12.4226 5050081
12.425 5052961
12.4274 5055841
12.4298 5058721
12.4322 5061601
12.4346 5064481
12.4369 5067361
12.4531 5070241
12.4555 5073121
12.4579 5076001
12.4603 5078881
12.4627 5081761
12.4651 5084641
12.4674 5087521
12.4698 5090401
12.4722 5093281
12.4872 5096161
12.4896 5099041
12.492 5101921
12.4944 5104801
12.4968 5107681
12.5344 5136481
12.5602 5139361
12.5625 5142241
12.565 5145121
12.5673 5148001
12.5942 5150881
12.5966 5153761
12.599 5156641
12.6014 5159521
12.6283 5162401
12.6331 5168161
12.6355 5171041
12.6624 5173921
12.666 5176801
12.6684 5179681
12.6708 5182561
12.6953 5185441
12.6989 5188321
12.7013 5191201
12.7037 5194081
12.7284 5196961
12.7318 5199841
12.7342 5202721
12.7367 5205601
12.7393 5208481
12.7625 5211361
12.7661 5214241
12.7686 5217121
12.771 5220001
12.7734 5222881
12.7967 5225761
12.8003 5228641
12.8027 5231521
12.8051 5234401
12.8075 5237281
12.8299 5240161
12.8335 5243041
12.8359 5245921
12.8382 5248801
12.8406 5251681
12.8628 5254561
12.8664 5257441
12.8687 5260321
12.8711 5263201
12.8735 5266081
12.8957 5268961
12.8981 5271841
12.9005 5274721
12.9028 5277601
12.9052 5280481
12.9078 5283361
12.9297 5286241
12.9322 5289121
12.9345 5292001
12.9375 5294881
12.9399 5297761
12.9425 5300641
12.964 5303521
13.0017 5325121
13.031 5328001
13.0334 5330881
13.0639 5333761
13.0663 5336641
13.0968 5339521
13.0992 5342401
13.1016 5345281
13.1309 5348161
13.1333 5351041
13.1356 5353921
13.165 5356801
13.1673 5359681
13.1697 5362561
13.1978 5365441
13.2002 5368321
13.2026 5371201
13.2307 5374081
13.2331 5376961
13.2359 5379841
13.2639 5382721
13.2663 5385601
13.2687 5388481
13.2711 5391361
13.298 5394241
13.3004 5397121
13.3028 5400001
13.3052 5402881
13.3321 5405761
13.3345 5408641
13.3369 5411521
13.3393 5414401
13.3653 5417281
13.3677 5420161
13.3701 5423041
13.3725 5425921
13.3982 5428801
13.4006 5431681
13.403 5434561
13.4055 5437441
13.4079 5440321
13.4323 5443201
13.4347 5446081
13.4384 5447521
13.4752 5464801
13.5057 5467681
13.5081 5470561
13.5398 5473441
13.5422 5476321
13.5739 5479201
13.5762 5482081
13.6079 5484961
13.6103 5487841
13.6412 5490721
13.6436 5493601
13.6741 5496481
13.6765 5499361
13.679 5502241
13.7435 5513761
13.7764 5516641
13.8105 5519521
13.8446 5522401
13.8787 5525281
13.9117 5528161
13.9446 5531041
13.9778 5533921
13.9802 5536801
14.0119 5539681
14.0142 5542561
14.0459 5545441
14.0483 5548321
14.08 5551201
14.0824 5554081
14.1129 5556961
14.1153 5559841
14.1458 5562721
14.1482 5565601
14.1506 5568481
14.1799 5571361
14.1827 5574241
14.1851 5577121
14.2144 5580001
14.2168 5582881
14.2192 5585761
14.2472 5588641
14.2497 5591521
14.252 5594401
14.2801 5597281
14.2825 5600161
14.2849 5603041
14.313 5605921
14.3154 5608801
14.3178 5611681
14.3202 5614561
14.3471 5617441
14.3495 5620321
14.3519 5623201
14.3543 5626081
14.3816 5628961
14.384 5631841
14.3864 5634721
14.3888 5637601
14.4145 5640481
14.4169 5643361
14.4193 5646241
14.4216 5649121
14.4474 5652001
14.4498 5654881
14.4521 5657761
14.4545 5660641
14.4803 5663521
14.4827 5666401
14.4851 5669281
14.4875 5672161
14.4898 5675041
14.5144 5677921
14.5168 5680801
14.5195 5683681
14.5219 5686561
14.5243 5689441
14.5485 5692321
14.5509 5695201
14.5532 5698081
14.5556 5700961
14.558 5703841
14.5814 5706721
14.5838 5709601
14.5862 5712481
14.5885 5715361
14.5909 5718241
14.6143 5721121
14.6166 5724001
14.619 5726881
14.6218 5729761
14.6242 5732641
14.6266 5735521
14.6483 5738401
14.6507 5741281
14.6531 5744161
14.6559 5747041
14.6587 5749921
14.6611 5752801
14.6824 5755681
14.6848 5758561
14.6872 5761441
14.69 5764321
14.6928 5767201
14.6952 5770081
14.7153 5772961
14.7177 5775841
14.7201 5778721
14.7229 5781601
14.7257 5784481
14.7281 5787361
14.7482 5790241
14.7506 5793121
14.753 5796001
14.7558 5798881
14.7586 5801761
14.761 5804641
14.7811 5807521
14.7835 5810401
14.7859 5813281
14.7883 5816161
14.7907 5819041
14.793 5821921
14.7955 5824801
14.8152 5827681
14.8176 5830561
14.82 5833441
14.8224 5836321
14.8247 5839201
14.8271 5842081
14.8295 5844961
14.8495 5847841
14.8519 5850721
14.8542 5853601
14.8566 5856481
14.859 5859361
14.8614 5862241
14.8638 5865121
14.8824 5868001
14.8847 5870881
14.8871 5873761
14.8895 5876641
14.8919 5879521
14.8943 5882401
14.8967 5885281
14.9152 5888161
14.9176 5891041
14.92 5893921
14.9224 5896801
14.9248 5899681
14.9272 5902561
14.9296 5905441
14.932 5908321
14.9493 5911201
14.9517 5914081
14.9541 5916961
14.9565 5919841
14.9589 5922721
14.9614 5925601
14.9639 5928481
14.9663 5931361
14.9838 5934241
14.9862 5937121
14.9886 5940001
14.991 5942881
14.9934 5945761
14.9958 5948641
14.9982 5951521
15.0005 5954401
15.0167 5957281
15.0192 5960161
15.0216 5963041
15.024 5965921
15.0264 5968801
15.0288 5971681
15.0312 5974561
15.0336 5977441
15.05 5980321
15.0524 5983201
15.0548 5986081
15.0596 5991841
15.062 5994721
15.0643 5997601
15.0667 6000481
15.0691 6003361
15.0841 6006241
15.0865 6009121
15.0889 6012001
15.0938 6014881
15.0962 6017761
15.0989 6020641
15.1014 6023521
15.1037 6026401
15.1061 6029281
15.1181 6032161
15.1206 6035041
15.1612 6065281
15.1855 6068161
15.1879 6071041
15.1953 6076801
15.2196 6079681
15.222 6082561
15.2293 6085441
15.2317 6088321
15.2541 6091201
15.2564 6094081
15.2622 6096961
15.265 6099841
15.2869 6102721
15.2893 6105601
15.2957 6108481
15.2981 6111361
15.3198 6114241
15.3222 6117121
15.3286 6120001
15.331 6122881
15.3334 6125761
15.3539 6128641
15.3563 6131521
15.3631 6134401
15.3655 6137281
15.3679 6140161
15.3884 6143041
15.3908 6145921
15.3972 6148801
15.3996 6151681
15.402 6154561
15.4213 6157441
15.4237 6160321
15.4301 6163201
15.4325 6166081
15.4349 6168961
15.4542 6171841
15.4566 6174721
15.4634 6177601
15.4658 6180481
15.4681 6183361
15.4874 6186241
15.4898 6189121
15.4922 6192001
15.4974 6194881
15.4998 6197761
15.5022 6200641
15.5215 6203521
15.5239 6206401
15.5263 6209281
15.5315 6212161
15.5339 6215041
15.5363 6217921
15.5568 6219361
15.5933 6240961
15.625 6246721
15.6579 6249601
15.6603 6252481
15.6908 6255361
15.6932 6258241
15.6956 6261121
15.7249 6264001
15.7273 6266881
15.7297 6269761
15.759 6272641
15.7614 6275521
15.7638 6278401
15.7931 6281281
15.7955 6284161
15.799 6285601
15.8625 6300001
15.8954 6302881
15.9283 6305761
15.9612 6308641
15.9941 6311521
16.0269 6314401
16.0293 6317281
16.061 6320161
16.0634 6323041
16.0952 6325921
16.0976 6328801
16.1284 6331681
16.1308 6334561
16.1613 6337441
16.1637 6340321
16.1942 6343201
16.1966 6346081
16.199 6348961
16.2283 6351841
16.2307 6354721
16.2331 6357601
16.2624 6360481
16.2648 6363361
16.2672 6366241
16.2953 6369121
16.2977 6372001
16.3001 6374881
16.3282 6377761
16.3306 6380641
16.333 6383521
16.3611 6386401
16.3635 6389281
16.3658 6392161
16.3682 6395041
16.3951 6397921
16.3975 6400801
16.3999 6403681
16.4023 6406561
16.4292 6409441
16.4316 6412321
16.434 6415201
16.4364 6418081
16.4621 6420961
16.4645 6423841
16.4669 6426721
16.4693 6429601
16.495 6432481
16.4974 6435361
16.4998 6438241
16.5023 6441121
16.5047 6444001
16.5292 6446881
16.5316 6449761
16.534 6452641
16.5364 6455521
16.5388 6458401
16.5633 6461281
16.5657 6464161
16.5693 6465601
16.6058 6484321
16.6716 6492961
16.7045 6495841
16.7386 6498721
16.7727 6501601
16.8071 6504481
16.84 6507361
16.8729 6510241
16.9058 6513121
16.9082 6516001
16.9399 6518881
16.9422 6521761
16.9739 6524641
16.9763 6527521
17.008 6530401
17.0104 6533281
17.0409 6536161
17.0433 6539041
17.0738 6541921
17.0762 6544801
17.0788 6547681
17.1081 6550561
17.1104 6553441
17.1129 6556321
17.1421 6559201
17.1445 6562081
17.1469 6564961
17.175 6567841
17.1774 6570721
17.1798 6573601
17.2079 6576481
17.2103 6579361
17.2127 6582241
17.2411 6585121
17.2435 6588001
17.2459 6590881
17.2483 6593761
17.2752 6596641
17.2776 6599521
17.2801 6602401
17.2825 6605281
17.3093 6608161
17.3117 6611041
17.3145 6613921
17.3169 6616801
17.3422 6619681
17.3446 6622561
17.3474 6625441
17.3497 6628321
17.3751 6631201
17.3774 6634081
17.3803 6636961
17.383 6639841
17.4079 6642721
17.4103 6645601
17.4127 6648481
17.4151 6651361
17.4175 6654241
17.442 6657121
17.4444 6660001
17.4468 6662881
17.4857 6681601
17.5162 6684481
17.5186 6687361
17.5503 6690241
17.5527 6693121
17.5844 6696001
17.5868 6698881
17.6173 6701761
17.6196 6704641
17.6501 6707521
17.6525 6710401
17.6549 6713281
17.6842 6716161
17.6866 6719041
17.689 6721921
17.7183 6724801
17.7207 6727681
17.7231 6730561
17.7524 6733441
17.7548 6736321
17.7572 6739201
17.7853 6742081
17.7877 6744961
17.7901 6747841
17.8182 6750721
17.8206 6753601
17.823 6756481
17.8253 6759361
17.8523 6762241
17.8547 6765121
17.857 6768001
17.8594 6770881
17.8867 6773761
17.889 6776641
17.8914 6779521
17.8938 6782401
17.9195 6785281
17.9219 6788161
17.9243 6791041
17.9267 6793921
17.9524 6796801
17.9548 6799681
17.9572 6802561
17.9596 6805441
17.9853 6808321
17.9877 6811201
17.9901 6814081
17.9925 6816961
17.9949 6819841
18.0194 6822721
18.0218 6825601
18.0242 6828481
18.027 6831361
18.0294 6834241
18.0535 6837121
18.0559 6840001
18.0587 6842881
18.0611 6845761
18.0635 6848641
18.0864 6851521
18.0888 6854401
18.0916 6857281
18.094 6860161
18.0968 6863041
18.1193 6865921
18.1217 6868801
18.1246 6871681
18.127 6874561
18.1294 6877441
18.1318 6880321
18.1534 6883201
18.1558 6886081
18.1587 6888961
18.1611 6891841
18.1635 6894721
18.1658 6897601
18.1875 6900481
18.1899 6903361
18.1928 6906241
18.1951 6909121
18.1975 6912001
18.1999 6914881
18.2203 6917761
18.2227 6920641
18.2256 6923521
18.228 6926401
18.2304 6929281
18.2328 6932161
18.2532 6935041
18.2556 6937921
18.2585 6940801
18.2609 6943681
18.2633 6946561
18.2657 6949441
18.2861 6952321
18.2885 6955201
18.291 6958081
18.2934 6960961
18.2958 6963841
18.2982 6966721
18.3006 6969601
18.3205 6972481
18.3229 6975361
18.3253 6978241
18.3277 6981121
18.3301 6984001
18.3325 6986881
18.3349 6989761
18.3546 6992641
18.357 6995521
18.3594 6998401
18.3618 7001281
18.3642 7004161
18.3666 7007041
18.369 7009921
18.3875 7012801
18.3899 7015681
18.3923 7018561
18.3947 7021441
18.3971 7024321
18.3995 7027201
18.4019 7030081
18.4204 7032961
18.4228 7035841
18.4256 7038721
18.428 7041601
18.4304 7044481
18.4327 7047361
18.4351 7050241
18.4375 7053121
18.4545 7056001
18.4569 7058881
18.4597 7061761
18.462 7064641
18.4644 7067521
18.4668 7070401
18.4692 7073281
18.4716 7076161
18.4889 7079041
18.4913 7081921
18.4938 7084801
18.4962 7087681
18.4985 7090561
18.5009 7093441
18.5033 7096321
18.5057 7099201
18.5218 7102081
18.5242 7104961
18.5266 7107841
18.529 7110721
18.5318 7113601
18.5342 7116481
18.5366 7119361
18.539 7122241
18.5547 7125121
18.5571 7128001
18.5595 7130881
18.5619 7133761
18.5651 7136641
18.5675 7139521
18.5699 7142401
18.5723 7145281
18.5747 7148161
18.5888 7151041
18.5912 7153921
18.5944 7156801
18.5968 7159681
18.5992 7162561
18.6016 7165441
18.604 7168321
18.6064 7171201
18.6087 7174081
18.6233 7176961
18.6257 7179841
18.6285 7182721
18.6309 7185601
18.6333 7188481
18.6357 7191361
18.6381 7194241
18.6417 7195681
18.6783 7225921
18.7032 7228801
18.7055 7231681
18.709 7234561
18.7116 7237441
18.7372 7240321
18.7396 7243201
18.7431 7246081
18.7456 7248961
18.7716 7251841
18.774 7254721
18.7764 7257601
18.7789 7260481
18.8045 7263361
18.8069 7266241
18.8094 7269121
18.8118 7272001
18.8374 7274881
18.8398 7277761
18.8424 7280641
18.8448 7283521
18.8472 7286401
18.8715 7289281
18.8739 7292161
18.8765 7295041
18.8789 7297921
18.8813 7300801
18.9055 7303681
18.9079 7306561
18.9107 7309441
18.9131 7312321
18.9155 7315201
18.9384 7318081
18.9408 7320961
18.9436 7323841
18.946 7326721
18.9486 7329601
18.9713 7332481
18.9737 7335361
18.9765 7338241
18.9789 7341121
18.9817 7344001
18.9841 7346881
19.0054 7349761
19.0078 7352641
19.0108 7355521
19.0132 7358401
19.0158 7361281
19.0182 7364161
19.0395 7367041
19.0419 7369921
19.0449 7372801
19.0473 7375681
19.0499 7378561
19.0523 7381441
19.0736 7384321
19.076 7387201
19.0784 7390081
19.0808 7392961
19.0832 7395841
19.0856 7398721
19.1065 7401601
19.1089 7404481
19.1113 7407361
19.1137 7410241
19.1161 7413121
19.1185 7416001
19.1394 7418881
19.1418 7421761
19.1442 7424641
19.1466 7427521
19.1491 7430401
19.1515 7433281
19.1539 7436161
19.1738 7439041
19.2115 7462081
19.2396 7464961
19.242 7467841
19.2444 7470721
19.2737 7473601
19.2761 7476481
19.2785 7479361
19.3078 7482241
19.3102 7485121
19.313 7488001
19.3419 7490881
19.3443 7493761
19.3467 7496641
19.3748 7499521
19.3772 7502401
19.3796 7505281
19.4077 7508161
19.4104 7511041
19.4127 7513921
19.4151 7516801
19.4418 7519681
19.4444 7522561
19.4823 7528321
19.5128 7536961
19.5152 7538401
19.5457 7541281
19.5786 7544161
19.6115 7547041
19.6444 7549921
19.6467 7552801
19.6784 7555681
19.6808 7558561
19.7125 7561441
19.7149 7564321
19.7454 7567201
19.7478 7570081
19.7783 7572961
19.8444 7583041
19.8773 7585921
19.9114 7588801
19.9455 7591681
19.9796 7594561
20.0125 7597441
20.0454 7600321
20.0783 7603201
20.0807 7606081
20.1124 7608961
20.1151 7611841
20.1468 7614721
20.1492 7617601
20.1809 7620481
20.1833 7623361
20.2137 7626241
20.2161 7629121
20.2466 7632001
20.249 7634881
20.2514 7637761
20.2807 7640641
20.2831 7643521
20.2855 7646401
20.3148 7649281
20.3173 7652161
20.3197 7655041
20.348 7657921
20.3504 7660801
20.3528 7663681
20.3809 7666561
20.3833 7669441
20.3857 7672321
20.4138 7675201
20.4162 7678081
20.4186 7680961
20.421 7683841
20.4481 7686721
20.4505 7689601
20.4529 7692481
20.4553 7695361
20.4822 7698241
20.4846 7701121
20.487 7704001
20.4894 7706881
20.5151 7709761
20.5175 7712641
20.5199 7715521
20.5223 7718401
20.548 7721281
20.5504 7724161
20.5528 7727041
20.5551 7729921
20.5809 7732801
20.5833 7735681
20.5858 7738561
20.5881 7741441
20.5905 7744321
20.615 7747201
20.6174 7750081
20.6198 7752961
20.6222 7755841
20.6249 7758721
20.6491 7761601
20.6515 7764481
20.6539 7767361
20.6563 7770241
20.6587 7773121
20.682 7776001
20.6844 7778881
20.6868 7781761
20.6892 7784641
20.6916 7787521
20.7149 7790401
20.7173 7793281
20.7197 7796161
20.7221 7799041
20.7245 7801921
20.7269 7804801
20.749 7807681
20.7514 7810561
20.7538 7813441
20.7562 7816321
20.7586 7819201
20.7609 7822081
20.7831 7824961
20.7855 7827841
20.7879 7830721
20.7903 7833601
20.7926 7836481
20.795 7839361
20.816 7842241
20.8184 7845121
20.8207 7848001
20.8231 7850881
20.8255 7853761
20.8279 7856641
20.8489 7859521
20.8512 7862401
20.8536 7865281
20.856 7868161
20.8584 7871041
20.8609 7873921
20.8817 7876801
20.8841 7879681
20.8865 7882561
20.889 7885441
20.8914 7888321
20.8938 7891201
20.8962 7894081
20.9163 7896961
20.9187 7899841
20.9211 7902721
20.9235 7905601
20.9259 7908481
20.9283 7911361
20.9307 7914241
20.9504 7917121
20.9528 7920001
20.9552 7922881
20.9576 7925761
20.96 7928641
20.9623 7931521
20.9647 7934401
20.9836 7937281
20.986 7940161
20.9884 7943041
20.9908 7945921
20.9932 7948801
20.9955 7951681
20.9979 7954561
21.0165 7957441
21.0189 7960321
21.0214 7963201
21.0237 7966081
21.0263 7968961
21.0286 7971841
21.031 7974721
21.0334 7977601
21.0506 7980481
21.053 7983361
21.0558 7986241
21.0582 7989121
21.0606 7992001
21.063 7994881
21.0654 7997761
21.0678 8000641
21.0847 8003521
21.0871 8006401
21.0899 8009281
21.0923 8012161
21.0947 8015041
21.0971 8017921
21.0995 8020801
21.1019 8023681
21.1176 8026561
21.12 8029441
21.1228 8032321
21.1252 8035201
21.1276 8038081
21.1304 8040961
21.1328 8043841
21.1352 8046721
21.1505 8049601
21.1529 8052481
21.1557 8055361
21.1581 8058241
21.1605 8061121
21.1633 8064001
21.1657 8066881
21.1681 8069761
21.1704 8072641
21.1846 8075521
21.187 8078401
21.1898 8081281
21.1925 8084161
21.1949 8087041
21.1977 8089921
21.2002 8092801
21.2026 8095681
21.205 8098561
21.2187 8101441
21.2211 8104321
21.2242 8107201
21.2266 8110081
21.229 8112961
21.2319 8115841
21.2343 8118721
21.2367 8121601
21.2391 8124481
21.2515 8127361
21.254 8130241
21.2571 8133121
21.2595 8136001
21.2619 8138881
21.2648 8141761
21.2671 8144641
21.2696 8147521
21.272 8150401
21.2844 8153281
21.2869 8156161
21.29 8159041
21.2924 8161921
21.2948 8164801
21.2976 8167681
21.3 8170561
21.3029 8173441
21.3053 8176321
21.3173 8179201
21.3197 8182081
21.3221 8184961
21.3245 8187841
21.3269 8190721
21.3294 8193601
21.3318 8196481
21.3342 8199361
21.337 8202241
21.3394 8205121
21.3514 8208001
21.3538 8210881
21.3563 8213761
21.3587 8216641
21.3611 8219521
21.3635 8222401
21.3659 8225281
21.3683 8228161
21.3711 8231041
21.3735 8233921
21.3856 8236801
21.388 8239681
21.3904 8242561
21.3928 8245441
21.3952 8248321
21.3976 8251201
21.4 8254081
21.4024 8256961
21.4047 8259841
21.4071 8262721
21.4185 8265601
21.4209 8268481
21.4233 8271361
21.4257 8274241
21.4281 8277121
21.4305 8280001
21.4329 8282881
21.4352 8285761
21.4376 8288641
21.44 8291521
21.4514 8294401
21.4538 8297281
21.4562 8300161
21.4586 8303041
21.461 8305921
21.4634 8308801
21.4657 8311681
21.4681 8314561
21.4705 8317441
21.4729 8320321
21.4753 8323201
21.4858 8326081
21.4882 8328961
21.4906 8331841
21.493 8334721
21.4954 8337601
21.4978 8340481
21.5002 8343361
21.5026 8346241
21.505 8349121
21.5074 8352001
21.5097 8354881
21.5199 8357761
21.5223 8360641
21.5247 8363521
21.5271 8366401
21.5295 8369281
21.5319 8372161
21.5343 8375041
21.5367 8377921
21.5391 8380801
21.5414 8383681
21.545 8385121
21.5873 8421121
21.604 8424001
21.6064 8426881
21.609 8429761
21.6126 8432641
21.6205 8435521
21.6383 8438401
21.6406 8441281
21.643 8444161
21.6546 8449921
21.6727 8452801
21.6751 8455681
21.6775 8458561
21.6875 8461441
21.6899 8464321
21.7056 8467201
21.708 8470081
21.7104 8472961
21.7204 8475841
21.7228 8478721
21.7389 8481601
21.7413 8484481
21.7436 8487361
21.746 8490241
21.7545 8493121
21.7569 8496001
21.7731 8498881
21.7755 8501761
21.7779 8504641
21.7803 8507521
21.7886 8510401
21.791 8513281
21.8073 8516161
21.8113 8517601
21.8478 8539201
21.8771 8542081
21.8795 8544961
21.9116 8546401
21.9492 8557921
21.9825 8560801
22.0166 8563681
22.0507 8566561
22.0848 8569441
22.1177 8572321
22.1506 8575201
22.1834 8578081
22.1858 8580961
22.2175 8583841
22.2199 8586721
22.2516 8589601
22.254 8592481
22.2857 8595361
22.2881 8598241
22.3186 8601121
22.321 8604001
22.3515 8606881
22.3539 8609761
22.3563 8612641
22.3859 8615521
22.3883 8618401
22.3906 8621281
22.42 8624161
22.4223 8627041
22.4247 8629921
22.4528 8632801
22.4552 8635681
22.4576 8638561
22.4857 8641441
22.4885 8644321
22.4909 8647201
22.5187 8650081
22.5214 8652961
22.5238 8655841
22.5262 8658721
22.5531 8661601
22.5555 8664481
22.5579 8667361
22.5603 8670241
22.5872 8673121
22.5896 8676001
22.592 8678881
22.5944 8681761
22.6201 8684641
22.6225 8687521
22.6249 8690401
22.6273 8693281
22.6529 8696161
22.6554 8699041
22.6578 8701921
22.6601 8704801
22.6858 8707681
22.6882 8710561
22.6906 8713441
22.693 8716321
22.6954 8719201
22.7199 8722081
22.7223 8724961
22.7247 8727841
22.7271 8730721
22.7295 8733601
22.754 8736481
22.7564 8739361
22.7588 8742241
22.7612 8745121
22.7636 8748001
22.7869 8750881
22.7893 8753761
22.7917 8756641
22.7941 8759521
22.7965 8762401
22.8198 8765281
22.8222 8768161
22.8246 8771041
22.8271 8773921
22.8295 8776801
22.8543 8782561
22.8567 8785441
22.8591 8788321
22.8615 8791201
22.8639 8794081
22.8884 8796961
22.8908 8799841
22.8932 8802721
22.8956 8805601
22.898 8808481
22.9004 8811361
22.9228 8814241
22.9252 8817121
22.9276 8820001
22.93 8822881
22.9324 8825761
22.9348 8828641
22.9557 8831521
22.9581 8834401
22.9605 8837281
22.9629 8840161
22.9653 8843041
22.9677 8845921
22.989 8848801
22.9914 8851681
22.9938 8854561
22.9962 8857441
22.9986 8860321
23.0009 8863201
23.0033 8866081
23.0231 8868961
23.0255 8871841
23.0279 8874721
23.0307 8877601
23.0331 8880481
23.0355 8883361
23.0378 8886241
23.0572 8889121
23.0595 8892001
23.062 8894881
23.0648 8897761
23.0671 8900641
23.0695 8903521
23.0719 8906401
23.09 8909281
23.0924 8912161
23.0949 8915041
23.0977 8917921
23.1001 8920801
23.1024 8923681
23.1048 8926561
23.1229 8929441
23.1253 8932321
23.1279 8935201
23.1306 8938081
23.1329 8940961
23.1353 8943841
23.1381 8946721
23.1405 8949601
23.1572 8952481
23.1595 8955361
23.1619 8958241
23.1646 8961121
23.167 8964001
23.1694 8966881
23.1722 8969761
23.1746 8972641
23.1912 8975521
23.1936 8978401
23.196 8981281
23.1987 8984161
23.2011 8987041
23.2035 8989921
23.2063 8992801
23.2087 8995681
23.2241 8998561
23.2265 9001441
23.2289 9004321
23.2316 9007201
23.234 9010081
23.2364 9012961
23.2392 9015841
23.2416 9018721
23.257 9021601
23.2594 9024481
23.2618 9027361
23.2645 9030241
23.2673 9033121
23.2696 9036001
23.2721 9038881
23.2745 9041761
23.2899 9044641
23.2923 9047521
23.2947 9050401
23.2971 9053281
23.2995 9056161
23.3019 9059041
23.3042 9061921
23.3066 9064801
23.309 9067681
23.324 9070561
23.3264 9073441
23.3288 9076321
23.3312 9079201
23.3336 9082081
23.3359 9084961
23.3383 9087841
23.3407 9090721
23.3431 9093601
23.3582 9096481
23.3606 9099361
23.363 9102241
23.3654 9105121
23.3678 9108001
23.3702 9110881
23.3725 9113761
23.3751 9116641
23.3775 9119521
23.3911 9122401
23.3935 9125281
23.3959 9128161
23.3983 9131041
23.4007 9133921
23.4032 9136801
23.4056 9139681
23.408 9142561
23.4104 9145441
23.424 9148321
23.4264 9151201
23.4288 9154081
23.4313 9156961
23.4337 9159841
23.4361 9162721
23.4384 9165601
23.4408 9168481
23.4432 9171361
23.4456 9174241
23.4581 9177121
23.4609 9180001
23.4633 9182881
23.4657 9185761
23.468 9188641
23.4728 9194401
23.4752 9197281
23.4776 9200161
23.48 9203041
23.4925 9205921
23.495 9208801
23.4974 9211681
23.4998 9214561
23.5022 9217441
23.5069 9220321
23.5093 9223201
23.5117 9226081
23.5141 9228961
23.5165 9231841
23.5255 9234721
23.5282 9237601
23.5306 9240481
23.533 9243361
23.5354 9246241
23.5398 9249121
23.5422 9252001
23.5446 9254881
23.547 9257761
23.5494 9260641
23.5584 9263521
23.5611 9266401
23.5635 9269281
23.5659 9272161
23.5684 9275041
23.5727 9277921
23.5751 9280801
23.5775 9283681
23.5799 9286561
23.5823 9289441
23.5846 9292321
23.5925 9295201
23.5953 9298081
23.598 9300961
23.6004 9303841
23.6028 9306721
23.6069 9309601
23.6093 9312481
23.6117 9315361
23.6141 9318241
23.6164 9321121
23.6188 9324001
23.6269 9326881
23.6293 9329761
23.6321 9332641
23.6345 9335521
23.6369 9338401
23.641 9341281
23.6434 9344161
23.6461 9347041
23.6484 9349921
23.6508 9352801
23.6532 9355681
23.6598 9358561
23.6622 9361441
23.665 9364321
23.6674 9367201
23.6702 9370081
23.6742 9372961
23.6766 9375841
23.679 9378721
23.6813 9381601
23.6837 9384481
23.6861 9387361
23.6927 9390241
23.6951 9393121
23.6979 9396001
23.7003 9398881
23.7031 9401761
23.7071 9404641
23.7095 9407521
23.7119 9410401
23.7143 9413281
23.7167 9416161
23.7191 9419041
23.7256 9421921
23.728 9424801
23.7303 9427681
23.7327 9430561
23.7351 9433441
23.7375 9436321
23.7415 9439201
23.7439 9442081
23.7463 9444961
23.7487 9447841
23.7511 9450721
23.7535 9453601
23.7596 9456481
23.762 9459361
23.7644 9462241
23.7668 9465121
23.7692 9468001
23.7716 9470881
23.8109 9509761
23.8326 9512641
23.835 9515521
23.8374 9518401
23.8398 9521281
23.8426 9524161
23.8655 9527041
23.8679 9529921
23.8703 9532801
23.873 9535681
23.8755 9538561
23.8987 9541441
23.9011 9544321
23.9035 9547201
23.9059 9550081
23.9083 9552961
23.9107 9555841
23.9328 9558721
23.9352 9561601
23.9376 9564481
23.94 9567361
23.9424 9570241
23.9448 9573121
23.9673 9576001
23.972 9581761
23.9744 9584641
23.9768 9587521
23.9792 9590401
24.0002 9593281
24.0049 9596161
24.0073 9599041
24.0099 9601921
24.0123 9604801
24.0146 9607681
24.033 9610561
24.038 9613441
24.0403 9616321
24.0428 9619201
24.0451 9622081
24.0475 9624961
24.0499 9627841
24.0676 9630721
24.0724 9633601
24.0748 9636481
24.0772 9639361
24.0796 9642241
24.082 9645121
24.0844 9648001
24.1017 9650881
24.1065 9653761
24.1089 9656641
24.1113 9659521
24.1137 9662401
24.1161 9665281
24.1189 9668161
24.1346 9671041
24.1394 9673921
24.1418 9676801
24.1442 9679681
24.147 9682561
24.1494 9685441
24.1518 9688321
24.1675 9691201
24.1723 9694081
24.1747 9696961
24.1775 9699841
24.1799 9702721
24.1823 9705601
24.1851 9708481
24.2006 9711361
24.2054 9714241
24.2101 9720001
24.2125 9722881
24.2149 9725761
24.2173 9728641
24.2197 9731521
24.2347 9734401
24.2394 9737281
24.2445 9740161
24.2468 9743041
24.2492 9745921
24.2516 9748801
24.254 9751681
24.2564 9754561
24.2687 9757441
24.2735 9760321
24.2785 9763201
24.3166 9790561
24.3405 9793441
24.3816 9806401
24.4147 9809281
24.4488 9812161
24.4829 9815041
24.5159 9817921
24.5492 9820801
24.5821 9823681
24.5845 9826561
24.6166 9829441
24.619 9832321
24.6507 9835201
24.6531 9838081
24.6851 9840961
24.6875 9843841
24.718 9846721
24.7204 9849601
24.7512 9852481
24.7537 9855361
24.7561 9858241
24.7853 9861121
24.7878 9864001
24.7902 9866881
24.8193 9869761
24.8221 9872641
24.8245 9875521
24.8526 9878401
24.855 9881281
24.8574 9884161
24.8855 9887041
24.8879 9889921
24.8903 9892801
24.9184 9895681
24.9208 9898561
24.9232 9901441
24.9256 9904321
24.9525 9907201
24.9549 9910081
24.9574 9912961
24.9598 9915841
24.9866 9918721
24.989 9921601
24.9918 9924481
24.9942 9927361
25.0195 9930241
25.0219 9933121
25.0247 9936001
25.0271 9938881
25.0523 9941761
25.0548 9944641
25.0576 9947521
25.0599 9950401
25.0856 9953281
25.088 9956161
25.0903 9959041
25.0927 9961921
25.0951 9964801
25.1196 9967681
25.122 9970561
25.1244 9973441
25.1268 9976321
25.1292 9979201
25.1537 9982081
25.1561 9984961
25.1585 9987841
25.1609 9990721
25.1633 9993601
25.187 9996481
25.1894 9999361
25.1918 10002241
25.1942 10005121
25.1966 10008001
25.2199 10010881
25.2223 10013761
25.2247 10016641
25.2271 10019521
25.2295 10022401
25.232 10025281
25.254 10028161
25.2564 10031041
25.2589 10033921
25.2613 10036801
25.2637 10039681
25.2661 10042561
25.2882 10045441
25.2918 10046881
25.3287 10068481
25.358 10071361
25.3604 10074241
25.3908 10077121
25.3932 10080001
25.4245 10082881
25.4268 10085761
25.4292 10088641
25.4586 10091521
25.4609 10094401
25.4634 10097281
25.4926 10100161
25.495 10103041
25.4978 10105921
25.5259 10108801
25.5283 10111681
25.5307 10114561
25.5588 10117441
25.5616 10120321
25.564 10123201
25.5921 10126081
25.5945 10128961
25.5968 10131841
25.5992 10134721
25.6261 10137601
25.6285 10140481
25.6309 10143361
25.6333 10146241
25.6602 10149121
25.6626 10152001
25.665 10154881
25.6674 10157761
25.6931 10160641
25.6955 10163521
25.6979 10166401
25.7003 10169281
25.726 10172161
25.7284 10175041
25.7308 10177921
25.7332 10180801
25.7356 10183681
25.7601 10186561
25.7625 10189441
25.7649 10192321
25.7673 10195201
25.793 10196641
25.8295 10213921
25.8603 10216801
25.8628 10219681
25.8944 10222561
25.8969 10225441
25.9285 10228321
25.9314 10231201
25.9627 10234081
25.965 10236961
25.9955 10239841
25.9979 10242721
26.0284 10245601
26.0308 10248481
26.0332 10251361
26.0625 10254241
26.0649 10257121
26.0673 10260001
26.0966 10262881
26.099 10265761
26.1014 10268641
26.1307 10271521
26.1331 10274401
26.1355 10277281
26.1636 10280161
26.166 10283041
26.1684 10285921
26.1965 10288801
26.1989 10291681
26.2012 10294561
26.2036 10297441
26.2306 10300321
26.2329 10303201
26.2353 10306081
26.2377 10308961
26.2646 10311841
26.267 10314721
26.2694 10317601
26.2718 10320481
26.2975 10323361
26.2999 10326241
26.3023 10329121
26.3047 10332001
26.3304 10334881
26.3328 10337761
26.3352 10340641
26.3376 10343521
26.3633 10346401
26.3657 10349281
26.3681 10352161
26.3705 10355041
26.373 10357921
26.3974 10360801
26.3999 10363681
26.4023 10366561
26.4047 10369441
26.4074 10372321
26.4316 10375201
26.4343 10378081
26.4367 10380961
26.4391 10383841
26.4415 10386721
26.4644 10389601
26.4672 10392481
26.4696 10395361
26.472 10398241
26.4744 10401121
26.4977 10404001
26.5001 10406881
26.5025 10409761
26.5049 10412641
26.5073 10415521
26.5097 10418401
26.5318 10421281
26.5342 10424161
26.5366 10427041
26.539 10429921
26.5414 10432801
26.5438 10435681
26.5659 10438561
26.5683 10441441
26.5711 10444321
26.5735 10447201
26.5759 10450081
26.5783 10452961
26.5988 10455841
26.6012 10458721
26.6041 10461601
26.6065 10464481
26.6088 10467361
26.6112 10470241
26.6317 10473121
26.6341 10476001
26.637 10478881
26.6393 10481761
26.6417 10484641
26.6441 10487521
26.6646 10490401
26.667 10493281
26.6694 10496161
26.6718 10499041
26.6742 10501921
26.6766 10504801
26.679 10507681
26.6987 10510561
26.7011 10513441
26.7035 10516321
26.7059 10519201
26.7083 10522081
26.7107 10524961
26.7131 10527841
26.7328 10530721
26.7352 10533601
26.7376 10536481
26.74 10539361
26.7424 10542241
26.746 10543681
26.7828 10568161
26.8094 10571041
26.8134 10573921
26.8157 10576801
26.8434 10579681
26.8474 10582561
26.8498 10585441
26.8779 10588321
26.8803 10591201
26.8827 10594081
26.9108 10596961
26.9132 10599841
26.9156 10602721
26.9437 10605601
26.9461 10608481
26.9485 10611361
26.9509 10614241
26.9778 10617121
26.9802 10620001
26.9826 10622881
26.9854 10625761
27.0123 10628641
27.0146 10631521
27.017 10634401
27.0196 10637281
27.0451 10640161
27.0475 10643041
27.0499 10645921
27.0524 10648801
27.078 10651681
27.0804 10654561
27.0828 10657441
27.0853 10660321
27.1109 10663201
27.1133 10666081
27.1157 10668961
27.1181 10671841
27.1205 10674721
27.145 10677601
27.1474 10680481
27.1498 10683361
27.1523 10686241
27.1547 10689121
27.1796 10692001
27.182 10694881
27.1844 10697761
27.1868 10700641
27.1892 10703521
27.2125 10706401
27.2149 10709281
27.2173 10712161
27.2197 10715041
27.2221 10717921
27.2454 10720801
27.2478 10723681
27.2502 10726561
27.2526 10729441
27.2549 10732321
27.2573 10735201
27.2795 10738081
27.2819 10740961
27.2843 10743841
27.2866 10746721
27.2892 10749601
27.2915 10752481
27.3136 10755361
27.316 10758241
27.3184 10761121
27.3208 10764001
27.3236 10766881
27.326 10769761
27.3465 10772641
27.3489 10775521
27.3513 10778401
27.3537 10781281
27.3565 10784161
27.3589 10787041
27.3794 10789921
27.3818 10792801
27.3842 10795681
27.3866 10798561
27.3894 10801441
27.3918 10804321
27.4123 10807201
27.4147 10810081
27.4171 10812961
27.4195 10815841
27.4219 10818721
27.4243 10821601
27.4266 10824481
27.4464 10827361
27.4488 10830241
27.4512 10833121
27.4536 10836001
27.4559 10838881
27.4583 10841761
27.4607 10844641
27.4805 10847521
27.4829 10850401
27.4853 10853281
27.4876 10856161
27.49 10859041
27.4924 10861921
27.4948 10864801
27.5134 10867681
27.5158 10870561
27.5181 10873441
27.5205 10876321
27.5229 10879201
27.5253 10882081
27.5277 10884961
27.5463 10887841
27.5486 10890721
27.551 10893601
27.5534 10896481
27.5558 10899361
27.5582 10902241
27.5606 10905121
27.5634 10908001
27.5803 10910881
27.5827 10913761
27.5851 10916641
27.5875 10919521
27.5903 10922401
27.5927 10925281
27.5951 10928161
27.5975 10931041
27.6144 10933921
27.6172 10936801
27.6196 10939681
27.6219 10942561
27.6244 10945441
27.6267 10948321
27.6291 10951201
27.6315 10954081
27.6473 10956961
27.6504 10959841
27.6528 10962721
27.6552 10965601
27.6576 10968481
27.66 10971361
27.6624 10974241
27.6648 10977121
27.6808 10980001
27.6833 10982881
27.6857 10985761
27.6881 10988641
27.6905 10991521
27.6929 10994401
27.6953 10997281
27.6977 11000161
27.7002 11003041
27.7149 11005921
27.7177 11008801
27.7201 11011681
27.7225 11014561
27.7604 11043361
27.7859 11046241
27.7885 11049121
27.7909 11052001
27.7933 11054881
27.8202 11057761
27.8226 11060641
27.825 11063521
27.8274 11066401
27.8543 11069281
27.8567 11072161
27.8591 11075041
27.8614 11077921
27.8884 11080801
27.8907 11083681
27.8932 11086561
27.8956 11089441
27.9212 11092321
27.9236 11095201
27.9265 11098081
27.9289 11100961
27.9542 11103841
27.9566 11106721
27.959 11109601
27.9614 11112481
27.9638 11115361
27.9883 11118241
27.9907 11121121
27.9931 11124001
27.9955 11126881
27.9982 11129761
28.0224 11132641
28.0248 11135521
28.0272 11138401
28.0296 11141281
28.0319 11144161
28.0553 11147041
28.0577 11149921
28.0601 11152801
28.0624 11155681
28.0648 11158561
28.0882 11161441
28.0906 11164321
28.0929 11167201
28.0953 11170081
28.0977 11172961
28.1001 11175841
28.1223 11178721
28.1246 11181601
28.127 11184481
28.1294 11187361
28.1318 11190241
28.1342 11193121
28.1563 11196001
28.1587 11198881
28.1611 11201761
28.1635 11204641
28.1659 11207521
28.1683 11210401
28.1904 11213281
28.1928 11216161
28.1952 11219041
28.1977 11221921
28.2001 11224801
28.2028 11227681
28.2233 11230561
28.2258 11233441
28.2282 11236321
28.2309 11239201
28.2332 11242081
28.2357 11244961
28.2567 11247841
28.2593 11250721
28.2617 11253601
28.2641 11256481
28.2665 11259361
28.2689 11262241
28.2713 11265121
28.2934 11270881
28.2958 11273761
28.2982 11276641
28.3006 11279521
28.303 11282401
28.3054 11285281
28.3279 11288161
28.3303 11291041
28.3327 11293921
28.3351 11296801
28.3374 11299681
28.3398 11302561
28.3422 11305441
28.3608 11308321
28.3632 11311201
28.3656 11314081
28.368 11316961
28.3708 11319841
28.3731 11322721
28.3755 11325601
28.3937 11328481
28.3961 11331361
28.3992 11334241
28.4016 11337121
28.404 11340001
28.4064 11342881
28.4088 11345761
28.4112 11348641
28.4281 11351521
28.4305 11354401
28.4337 11357281
28.4361 11360161
28.4385 11363041
28.4408 11365921
28.4432 11368801
28.4456 11371681
28.4622 11374561
28.4646 11377441
28.4678 11380321
28.4702 11383201
28.4725 11386081
28.4749 11388961
28.4773 11391841
28.4797 11394721
28.4975 11400481
28.5007 11403361
28.5031 11406241
28.5055 11409121
28.5079 11412001
28.5103 11414881
28.5127 11417761
28.5312 11420641
28.5336 11423521
28.536 11426401
28.5384 11429281
28.5408 11432161
28.5431 11435041
28.5455 11437921
28.5479 11440801
28.5645 11443681
28.5673 11446561
28.5696 11449441
28.572 11452321
28.5744 11455201
28.5768 11458081
28.5792 11460961
28.5816 11463841
28.584 11466721
28.5986 11469601
28.6014 11472481
28.6037 11475361
28.6061 11478241
28.6085 11481121
28.6109 11484001
28.6133 11486881
28.6157 11489761
28.6182 11492641
28.6343 11494081
28.6708 11524321
28.684 11527201
28.6864 11530081
28.7013 11532961
28.7037 11535841
28.7181 11538721
28.7205 11541601
28.7354 11544481
28.7378 11547361
28.7526 11550241
28.7549 11553121
28.7683 11556001
28.7707 11558881
28.7854 11561761
28.7878 11564641
28.8014 11567521
28.8038 11570401
28.8184 11573281
28.8207 11576161
28.8231 11579041
28.8355 11581921
28.8379 11584801
28.8524 11587681
28.8548 11590561
28.8572 11593441
28.8696 11596321
28.872 11599201
28.8866 11602081
28.889 11604961
28.8917 11607841
28.9037 11610721
28.9061 11613601
28.9202 11616481
28.9226 11619361
28.9249 11622241
28.9366 11625121
28.939 11628001
28.9531 11630881
28.9554 11633761
28.9578 11636641
28.9721 11642401
28.9745 11645281
28.9871 11648161
28.9895 11651041
28.9919 11653921
29.0062 11656801
29.0086 11659681
29.0109 11662561
29.0212 11665441
29.0236 11668321
29.026 11671201
29.0404 11674081
29.0427 11676961
29.0451 11679841
29.0554 11682721
29.0578 11685601
29.0601 11688481
29.0733 11691361
29.0757 11694241
29.0781 11697121
29.0883 11700001
29.0906 11702881
29.093 11705761
29.1062 11708641
29.1086 11711521
29.111 11714401
29.1211 11717281
29.1235 11720161
29.1259 11723041
29.1283 11725921
29.1403 11728801
29.1427 11731681
29.1451 11734561
29.1552 11737441
29.1576 11740321
29.16 11743201
29.1624 11746081
29.1744 11748961
29.1768 11751841
29.1791 11754721
29.1893 11757601
29.1917 11760481
29.1941 11763361
29.1965 11766241
29.2085 11769121
29.2109 11772001
29.2133 11774881
29.2222 11777761
29.2246 11780641
29.227 11783521
29.2294 11786401
29.2414 11789281
29.2441 11792161
29.2465 11795041
29.2904 11820961
29.3128 11823841
29.3152 11826721
29.3221 11829601
29.3457 11832481
29.3481 11835361
29.355 11838241
29.3786 11841121
29.381 11844001
29.3879 11846881
29.4115 11849761
29.4139 11852641
29.4163 11855521
29.4223 11858401
29.4456 11861281
29.448 11864161
29.4504 11867041
29.4564 11869921
29.4797 11872801
29.4821 11875681
29.4844 11878561
29.4893 11881441
29.5126 11884321
29.5149 11887201
29.5173 11890081
29.5221 11892961
29.5454 11895841
29.5478 11898721
29.5502 11901601
29.555 11904481
29.5783 11907361
29.5807 11910241
29.5831 11913121
29.5855 11916001
29.5891 11918881
29.6124 11921761
29.6148 11924641
29.6172 11927521
29.6196 11930401
29.6232 11933281
29.6465 11936161
29.6489 11939041
29.6513 11941921
29.6537 11944801
29.6561 11947681
29.6794 11950561
29.6818 11953441
29.6842 11956321
29.6866 11959201
29.689 11962081
29.7123 11964961
29.7147 11967841
29.7171 11970721
29.7195 11973601
29.7218 11976481
29.7242 11979361
29.7464 11982241
29.7488 11985121
29.7512 11988001
29.7535 11990881
29.7559 11993761
29.7583 11996641
29.7808 11999521
29.7832 12002401
29.7855 12005281
29.7879 12008161
29.7903 12011041
29.7927 12013921
29.8137 12016801
29.816 12019681
29.8184 12022561
29.8208 12025441
29.8232 12028321
29.8256 12031201
29.8465 12034081
29.8489 12036961
29.8513 12039841
29.8537 12042721
29.8561 12045601
29.8585 12048481
29.8794 12051361
29.8818 12054241
29.8842 12057121
29.8866 12060001
29.889 12062881
29.8914 12065761
29.8938 12068641
29.9135 12071521
29.9159 12074401
29.9183 12077281
29.9207 12080161
29.9231 12083041
29.9255 12085921
29.9279 12088801
29.9476 12091681
29.95 12094561
29.9524 12097441
29.9548 12100321
29.9572 12103201
29.9596 12106081
29.9619 12108961
29.9805 12111841
29.9829 12114721
29.9853 12117601
29.9877 12120481
29.9901 12123361
29.9924 12126241
29.9948 12129121
30.0134 12132001
30.0158 12134881
30.0182 12137761
30.0206 12140641
30.0229 12143521
30.0253 12146401
30.0277 12149281
30.0301 12152161
30.0475 12155041
30.0499 12157921
30.0522 12160801
30.0558 12162241
30.0923 12168001
