0.224217 1440
0.351149 2880
0.479234 4320
0.607319 5760
0.734209 7200
0.736599 8640
0.862293 10080
0.864684 11520
0.867074 12960
0.990378 14400
0.992769 15840
0.995159 17280
0.997549 18720
1.11764 20160
1.12003 21600
1.12242 23040
1.12481 24480
1.1272 25920
1.1296 27360
1.24453 28800
1.24692 30240
1.24931 31680
1.2517 33120
1.25409 34560
1.25648 36000
1.25888 37440
1.26127 38880
1.26366 40320
1.37142 41760
1.37381 43200
1.3762 44640
1.37859 46080
1.38098 47520
1.38338 48960
1.38577 50400
1.38816 51840
1.39055 53280
1.39294 54720
1.39533 56160
1.39772 57600
1.40011 59040
1.4025 60480
1.49951 61920
1.5019 63360
1.50429 64800
1.50669 66240
1.50908 67680
1.51147 69120
1.51386 70560
1.51625 72000
1.51864 73440
1.52103 74880
1.52342 76320
1.52581 77760
1.5285 79200
1.53089 80640
1.53328 82080
1.53567 83520
1.53806 84960
1.54045 86400
1.54284 87840
1.54523 89280
1.54762 90720
1.6276 92160
1.62999 93600
1.63238 95040
1.63477 96480
1.63716 97920
1.63955 99360
1.64194 100800
1.64433 102240
1.64672 103680
1.64911 105120
1.6515 106560
1.65389 108000
1.65628 109440
1.65867 110880
1.66106 112320
1.66345 113760
1.66585 115200
1.66824 116640
1.67063 118080
1.67302 119520
1.67541 120960
1.6778 122400
1.68019 123840
1.68297 125280
1.68536 126720
1.68775 128160
1.69014 129600
1.69253 131040
1.69492 132480
1.69731 133920
1.6997 135360
1.75458 136800
1.75697 138240
1.75936 139680
1.76175 141120
1.76414 142560
1.76653 144000
1.76892 145440
1.77131 146880
1.7737 148320
1.77609 149760
1.77849 151200
1.78088 152640
1.78327 154080
1.78566 155520
1.78805 156960
1.79044 158400
1.79283 159840
1.79552 161280
1.79791 162720
1.8003 164160
1.80269 165600
1.80508 167040
1.80747 168480
1.80986 169920
1.81225 171360
1.81464 172800
1.81703 174240
1.81942 175680
1.82181 177120
1.8242 178560
1.82659 180000
1.82898 181440
1.83137 182880
1.83377 184320
1.83616 185760
1.83855 187200
1.84094 188640
1.84333 190080
1.84572 191520
1.84811 192960
1.8505 194400
1.85289 195840
1.85528 197280
1.85767 198720
1.86006 200160
1.86245 201600
1.86484 203040
1.88267 204480
1.88506 205920
1.88745 207360
1.88984 208800
1.89223 210240
1.89462 211680
1.89701 213120
1.8994 214560
1.90179 216000
1.90418 217440
1.90657 218880
1.90896 220320
1.91135 221760
1.91374 223200
1.91613 224640
1.91852 226080
1.92091 227520
1.9233 228960
1.92569 230400
1.92808 231840
1.93047 233280
1.93286 234720
1.93525 236160
1.93765 237600
1.94004 239040
1.94243 240480
1.94482 241920
1.94721 243360
1.9496 244800
1.95199 246240
1.95438 247680
1.95677 249120
1.95916 250560
1.96155 252000
1.96394 253440
1.96633 254880
1.96872 256320
1.97111 257760
1.9735 259200
1.97589 260640
1.97828 262080
1.98106 263520
1.98345 264960
1.98584 266400
1.98823 267840
1.99062 269280
1.99301 270720
1.9954 272160
1.99779 273600
2.00018 275040
2.00257 276480
2.00497 277920
2.00736 279360
2.00975 280800
2.01214 282240
2.01453 283680
2.01692 285120
2.01931 286560
2.0217 288000
2.02409 289440
2.02648 290880
2.02887 292320
2.03126 293760
2.03365 295200
2.03604 296640
2.03843 298080
2.04082 299520
2.04321 300960
2.0456 302400
2.04799 303840
2.05038 305280
2.05277 306720
2.05516 308160
2.05755 309600
2.05994 311040
2.06233 312480
2.06473 313920
2.06712 315360
2.06951 316800
2.0719 318240
2.07429 319680
2.07668 321120
2.07907 322560
2.08146 324000
2.08385 325440
2.08624 326880
2.08863 328320
2.09102 329760
2.09341 331200
2.0958 332640
2.09819 334080
2.10058 335520
2.10297 336960
2.10536 338400
2.10775 339840
2.11014 341280
2.11253 342720
2.11492 344160
2.11731 345600
2.1197 347040
2.12209 348480
2.12449 349920
2.12688 351360
2.12927 352800
2.13166 354240
2.13405 355680
2.13644 357120
2.13883 358560
2.14122 360000
2.14361 361440
2.146 362880
2.14839 364320
2.15078 365760
2.15317 367200
2.15556 368640
2.15795 370080
2.16034 371520
2.16273 372960
2.16512 374400
2.16751 375840
2.1699 377280
2.17229 378720
2.17468 380160
2.17707 381600
2.17946 383040
2.18185 384480
2.18425 385920
2.18664 387360
2.19024 192240
2.6514 95040
2.86554 95061
2.86793 95082
2.87032 95103
2.87271 95124
2.8751 95145
2.87788 95166
2.88106 95187
2.88345 95208
2.88584 95229
2.88823 95250
2.89062 95271
2.89301 95292
2.8966 95313
2.89899 95334
2.90138 95355
2.90377 95376
2.90616 95397
2.90855 95418
2.91094 95439
2.91333 95460
2.91572 95481
2.91811 95502
2.9206 95523
2.92299 95544
2.92538 95565
2.92777 95586
2.93016 95607
2.93255 95628
2.93494 95649
2.93733 95670
2.93972 95691
2.94211 95712
2.9445 95733
2.99362 95754
2.99601 95775
2.9984 95796
3.00079 95817
3.00318 95838
3.00596 95859
3.00915 95880
3.01154 95901
3.01393 95922
3.01632 95943
3.01871 95964
3.0211 95985
3.02468 96006
3.02707 96027
3.02946 96048
3.03185 96069
3.03424 96090
3.03664 96111
3.0393 96132
3.04169 96153
3.04411 96174
3.0465 96195
3.04908 96216
3.05147 96237
3.05386 96258
3.05625 96279
3.05885 96300
3.06124 96321
3.06363 96342
3.06602 96363
3.06841 96384
3.0708 96405
3.0732 96426
3.1221 96447
3.12449 96468
3.12688 96489
3.12927 96510
3.13166 96531
3.13405 96552
3.13729 96573
3.13968 96594
3.14207 96615
3.14446 96636
3.14685 96657
3.14924 96678
3.15277 96699
3.15516 96720
3.15755 96741
3.15994 96762
3.16233 96783
3.16472 96804
3.16738 96825
3.16977 96846
3.1722 96867
3.17459 96888
3.17739 96909
3.17977 96930
3.18216 96951
3.18455 96972
3.18694 96993
3.18933 97014
3.19172 97035
3.19411 97056
3.1965 97077
3.19889 97098
3.20128 97119
3.25019 97140
3.25258 97161
3.25497 97182
3.25736 97203
3.25975 97224
3.26214 97245
3.26453 97266
3.26692 97287
3.26931 97308
3.2717 97329
3.27409 97350
3.27648 97371
3.27997 97392
3.28276 97413
3.28515 97434
3.28754 97455
3.28993 97476
3.29232 97497
3.29471 97518
3.2971 97539
3.29949 97560
3.30188 97581
3.30428 97602
3.30667 97623
3.30906 97644
3.31145 97665
3.31384 97686
3.31623 97707
3.31862 97728
3.32101 97749
3.3234 97770
3.32579 97791
3.32818 97812
3.37708 97833
3.37983 97854
3.38223 97875
3.38546 97896
3.38785 46800
3.55963 46844
3.56202 46888
3.56441 46932
3.5668 46976
3.56919 47020
3.57158 47064
3.57397 47108
3.57636 47152
3.57875 47195
3.58125 47238
3.58364 47281
3.63206 47324
3.63534 47367
3.63773 47410
3.64045 47453
3.64284 47496
3.68771 47539
3.6901 47582
3.69249 47625
3.69489 47668
3.69728 47711
3.69979 47754
3.70218 47797
3.70458 47840
3.70697 47883
3.70936 47926
3.71175 47969
3.76015 48012
3.76344 48055
3.76583 48098
3.76853 48141
3.77092 48184
3.8158 48227
3.81819 48269
3.82058 48311
3.82297 48353
3.82536 48395
3.82775 48437
3.83014 48479
3.83253 48521
3.83492 48563
3.83731 48605
3.8397 48647
3.88741 48689
3.89033 48731
3.89272 48773
3.89542 48815
3.89781 48857
3.94269 48899
3.94508 48941
3.94747 48983
3.94986 49025
3.95225 49067
3.95464 49109
3.95703 49151
3.95942 49193
3.96181 49235
3.9642 49277
3.96659 49319
4.0143 49361
4.01722 49403
4.01961 49444
4.02231 49485
4.0247 49526
4.06958 49567
4.07197 49608
4.07436 49649
4.07675 49690
4.07914 49731
4.08153 49772
4.08401 49813
4.08641 49854
4.0888 49895
4.09119 49936
4.09358 49977
4.09605 50018
4.14248 50059
4.14531 50100
4.1477 50141
4.15039 50182
4.15279 50223
4.19776 50264
4.20019 50305
4.20258 50346
4.20497 50387
4.20736 50428
4.20975 50469
4.21214 50510
4.21453 50551
4.21692 50592
4.21931 50632
4.2217 50672
4.22414 50712
4.27057 50752
4.27339 50792
4.27578 50832
4.27848 50872
4.28087 50912
4.32585 50952
4.32829 50992
4.33099 51032
4.33338 51072
4.33577 51112
4.33816 51152
4.34055 51192
4.34294 51232
4.34533 51272
4.34772 51312
4.35011 51352
4.3525 51392
4.3979 51432
4.40029 51472
4.40268 51512
4.40537 51552
4.40776 51592
4.45278 51632
4.45518 51672
4.45788 51712
4.46027 51752
4.46266 51792
4.46505 51832
4.46744 51872
4.46983 51911
4.47222 51950
4.47461 51989
4.477 52028
4.47939 52067
4.52479 52106
4.52718 52145
4.52957 52184
4.53226 52223
4.53465 52262
4.57967 52301
4.58207 52340
4.58476 52379
4.58716 52418
4.58955 52457
4.59194 52496
4.59433 52535
4.59672 52574
4.59911 52613
4.6015 52652
4.60389 52691
4.60628 52730
4.60867 52769
4.65287 52808
4.65535 52847
4.65774 52886
4.66034 52925
4.66273 52964
4.70808 53003
4.71047 53042
4.71286 53081
4.71525 53120
4.71764 53159
4.72003 53198
4.72242 53236
4.72481 53274
4.7272 53312
4.72959 53350
4.73198 53388
4.73437 53426
4.73676 53464
4.78124 53502
4.78363 53540
4.78602 53578
4.78843 53616
4.79082 53654
4.83652 53692
4.83891 53730
4.8413 53768
4.84369 53806
4.84608 53844
4.84847 53882
4.85086 53920
4.85325 53958
4.85564 53996
4.85803 54034
4.86042 54072
4.86281 54110
4.8652 54148
4.90813 54186
4.91052 54224
4.91291 54262
4.91532 54300
4.91771 54338
4.96341 54376
4.9658 54414
4.96819 54452
4.97058 54490
4.97297 54528
4.97536 54566
4.97779 54604
4.98018 54641
4.98257 54678
4.98496 54715
4.98735 54752
4.98974 54789
4.99213 54826
5.03502 54863
5.03741 54900
5.0398 54937
5.04221 54974
5.0446 55011
5.0903 55048
5.09269 55085
5.09508 55122
5.09748 55159
5.09987 55196
5.10226 55233
5.10468 55270
5.10707 55307
5.10946 55344
5.11185 55381
5.11424 55418
5.11663 55455
5.11902 55492
5.12141 55529
5.1631 55566
5.16671 55603
5.16911 25920
5.36445 26000
5.36684 26079
5.36923 26158
5.37162 26237
5.37401 26316
5.37657 26394
5.4184 26472
5.42203 26550
5.42442 26628
5.49253 26705
5.49492 26782
5.49731 26859
5.4997 26936
5.50209 27012
5.50466 27088
5.54648 27164
5.55012 27240
5.55251 27316
5.6232 11520
5.80435 11700
5.80674 11877
5.87467 12051
5.87706 12223
5.93244 12392
5.93483 12559
6.00275 12724
6.00514 12886
6.06065 13046
6.06304 13204
6.13111 13361
6.1335 13516
6.18874 13669
6.19113 13820
6.258 13970
6.26039 14118
6.31563 14264
6.31802 14409
6.38489 14552
6.38728 14694
6.44252 14835
6.44491 14974
6.4473 15112
6.51297 15249
6.51536 15384
6.5706 15518
6.57301 15651
6.5754 15783
6.64166 15914
6.64405 16044
6.69893 16173
6.70132 16301
6.70371 16428
6.76978 16554
6.7724 16679
6.82582 16803
6.82821 16926
6.8306 17048
6.89667 17169
6.89929 17289
6.95271 17408
6.95537 17527
6.95776 17645
7.02379 17762
7.02618 17878
7.02866 17993
7.08115 18108
7.08354 18222
7.08593 18335
7.15188 18448
7.15427 18560
7.15675 18671
7.20924 18782
7.21163 18892
7.21402 19001
7.27996 19110
7.28235 19218
7.28483 19325
7.33755 19432
7.33994 19538
7.34233 19644
7.40685 19749
7.40924 19853
7.41172 19957
7.46444 20060
7.46683 20163
7.46922 20265
7.5338 20367
7.53619 20468
7.53861 20569
7.59133 20669
7.59372 20769
7.59611 20868
7.5985 20967
7.66205 21065
7.66471 21163
7.6671 21260
7.71941 21357
7.7218 21454
7.72419 21550
7.72658 21646
7.79014 21741
7.79279 21836
7.79518 21930
7.84786 22024
7.85025 22118
7.85264 22211
7.85503 22304
7.91703 22396
7.91973 22488
7.92217 22580
7.97475 22671
7.97714 22762
7.97953 22853
7.98192 22943
8.04423 23033
8.04662 23123
8.04906 23212
8.1019 23301
8.10429 23389
8.10669 23477
8.10908 23565
8.17112 23652
8.17351 23739
8.1759 23826
8.17829 23913
8.22999 23999
8.23238 24085
8.23477 24171
8.23716 24256
8.29921 24341
8.3016 24426
8.30399 24510
8.30638 24594
8.35809 24678
8.36048 24762
8.36287 24845
8.36526 24928
8.4273 25011
8.42969 25093
8.43208 25175
8.43447 25257
8.48498 25339
8.48737 25420
8.48976 25501
8.49215 25582
8.55419 25663
8.55658 25743
8.55897 25823
8.56147 25903
8.61187 25983
8.61426 26062
8.61665 26141
8.61904 26220
8.68141 26299
8.6838 26377
8.68619 26455
8.68858 26533
8.73876 26611
8.74115 26688
8.74354 26765
8.74593 26842
8.74832 26919
8.80949 26996
8.81188 27072
8.81427 27148
8.81666 27224
8.86685 27300
8.86924 27375
8.87163 27450
8.87402 27525
8.87641 27600
8.93758 27675
8.93997 27749
8.94236 27823
8.94478 27897
8.99516 27971
8.99755 28045
9.00006 28118
9.00245 28191
9.00484 28264
9.06447 28337
9.06686 28410
9.06925 28482
9.07167 28554
9.12205 28626
9.12444 28698
9.12695 28770
9.12934 28842
9.13173 28913
9.19136 28984
9.19375 29055
9.19614 29126
9.19856 29197
9.24894 29268
9.25133 29338
9.25384 29408
9.25623 29478
9.25862 29548
9.26101 29618
9.31968 29688
9.32207 29757
9.32726 12960
9.5162 13120
9.57474 13278
9.57714 13434
9.57963 13588
9.64349 13740
9.70185 13890
9.70424 14039
9.70663 14186
9.77072 14332
9.82874 14476
9.83113 14619
9.83352 14760
9.89761 14900
9.95565 15039
9.95804 15176
9.96043 15312
9.96282 15447
10.0257 15581
10.0837 15714
10.0861 15845
10.0885 15975
10.0909 16104
10.1538 16232
10.2118 16359
10.2143 16485
10.2167 16610
10.2191 16734
10.2807 16857
10.3387 16980
10.3415 17102
10.3439 17223
10.3463 17343
10.4079 17462
10.4656 17580
10.4684 17697
10.4708 17814
10.4732 17930
10.4756 18045
10.536 18159
10.5937 18273
10.5965 18386
10.5989 18498
10.6013 18610
10.6037 18721
10.6641 18831
10.7218 18941
10.7246 19050
10.727 19158
10.7294 19266
10.7318 19373
10.791 19480
10.8489 19586
10.8515 19691
10.8539 19796
10.8563 19900
10.8586 20004
10.9179 20107
10.9758 20210
10.9787 20312
10.9811 20414
10.9839 20515
10.9863 20616
11.0451 20716
11.103 20816
11.1054 20915
11.1078 21014
11.1102 21112
11.1126 21210
11.115 21307
11.1732 21404
11.2311 21500
11.2335 21596
11.236 21692
11.2384 21787
11.2408 21882
11.2435 21976
11.3015 22070
11.3592 22163
11.3617 22256
11.3641 22349
11.3665 22441
11.3689 22533
11.3713 22625
11.4285 22716
11.4862 22807
11.4886 22897
11.491 22987
11.4934 23077
11.4958 23166
11.4982 23255
11.5554 23344
11.6134 23432
11.6158 23520
11.6182 23608
11.6206 23695
11.623 23782
11.6254 23869
11.6278 23955
11.6835 24041
11.7416 24127
11.744 24212
11.7464 24297
11.7488 24382
11.7512 24467
11.7536 24551
11.7559 24635
11.8119 24719
11.87 24802
11.8724 24885
11.8748 24968
11.8772 25051
11.8796 25133
11.882 25215
11.8844 25297
11.9388 25378
11.9969 25459
11.9993 25540
12.0017 25621
12.0041 25701
12.0065 25781
12.0089 25861
12.0112 25941
12.0657 26020
12.1238 26099
12.1262 26178
12.1286 26257
12.131 26335
12.1334 26413
12.1357 26491
12.1381 26569
12.1405 26647
12.1938 26724
12.2519 26801
12.2543 26878
12.2567 26955
12.2591 27031
12.2615 27107
12.2639 27183
12.2663 27259
12.2687 27335
12.3219 27410
12.38 27485
12.3824 27560
12.3848 27635
12.3872 27710
12.3896 27784
12.392 27858
12.3943 27932
12.3967 28006
12.4503 28080
12.5069 28153
12.5092 28226
12.5117 28299
12.5141 28372
12.5165 28445
12.5188 28517
12.5212 28589
12.5236 28661
12.5772 28733
12.6341 28805
12.6365 28876
12.6389 28947
12.6413 29018
12.6437 29089
12.6461 29160
12.6485 29231
12.6508 29301
12.7041 29371
12.7613 29441
12.7637 29511
12.7661 29581
12.7686 29651
12.771 29720
12.7734 29789
12.7757 29858
12.7781 29927
12.7805 29996
12.8322 30065
12.8895 30133
12.8919 30201
12.8943 30269
12.897 30337
12.8994 30405
12.9018 30473
12.9042 30541
12.9066 30608
12.909 30675
12.9603 30742
13.0176 30809
13.02 30876
13.0224 30943
13.0247 31010
13.0271 31076
13.0295 31142
13.0319 31208
13.0343 31274
13.0367 31340
13.0872 31406
13.1445 31472
13.1469 31537
13.1492 31602
13.1516 31667
13.154 31732
13.1568 31797
13.1592 31862
13.1616 31927
13.164 31991
13.2146 32055
13.2714 32119
13.2737 32183
13.2761 32247
13.2785 32311
13.2809 32375
13.2833 32439
13.2857 32502
13.2881 32565
13.2905 32628
13.2929 32691
13.3427 32754
13.3994 32817
13.4018 32880
13.4042 32943
13.4066 33005
13.409 33067
13.4114 33129
13.4138 33191
13.4162 33253
13.4186 33315
13.421 33377
13.4707 33439
13.5275 33501
13.5299 33562
13.5323 33623
13.5347 33684
13.5371 33745
13.5395 33806
13.5419 33867
13.5443 33928
13.5467 33989
13.5491 34050
13.5976 34110
13.6544 34170
13.6568 34230
13.6592 34290
13.6616 34350
13.664 34410
13.6664 34470
13.6688 34530
13.6713 34590
13.6737 34649
13.6762 34708
13.7245 34767
13.7813 34826
13.7839 34885
13.7863 34944
13.7887 35003
13.7911 35062
13.7935 35121
13.7961 35180
13.7988 35238
13.8012 35296
13.8036 35354
13.806 35412
13.8529 35470
13.9094 35528
13.9122 35586
13.9146 35644
13.917 35702
13.9194 35760
13.9218 35817
13.9242 35874
13.9269 35931
13.9293 35988
13.9317 36045
13.9341 36102
13.981 36159
14.0375 36216
14.0403 36273
14.0427 36330
14.0451 36387
14.0475 36443
14.0499 36499
14.0525 36555
14.0553 36611
14.0577 36667
14.0601 36723
14.0625 36779
14.1082 36835
14.1644 36891
14.1672 36947
14.1696 37003
14.172 37059
14.1744 37114
14.1768 37169
14.1794 37224
14.1822 37279
14.1846 37334
14.187 37389
14.1894 37444
14.2351 37499
14.2916 37554
14.2941 37609
14.2965 37664
14.2989 37719
14.3016 37773
14.304 37827
14.3064 37881
14.3091 37935
14.3115 37989
14.3139 38043
14.3163 38097
14.3187 38151
14.3632 38205
14.4197 38259
14.4222 38313
14.4246 38367
14.4272 38421
14.43 38474
14.4325 38527
14.4348 38580
14.4372 38633
14.4398 38686
14.4422 38739
14.4446 38792
14.447 38845
14.4916 38898
14.5481 38951
14.5505 39004
14.5529 39057
14.5553 39110
14.5585 39163
14.5609 39215
14.5633 39267
14.5656 39319
14.568 39371
14.5704 39423
14.5731 39475
14.5755 39527
14.6197 39579
14.675 39631
14.6774 39683
14.6798 39735
14.6822 39787
14.6854 39839
14.6878 39891
14.6901 39942
14.6925 39993
14.6949 40044
14.6973 40095
14.7002 40146
14.7026 40197
14.747 40248
14.8023 40299
14.8047 40350
14.8072 40401
14.8096 40452
14.8123 40503
14.8146 40554
14.817 40605
14.8194 40656
14.8218 40707
14.8242 40757
14.8271 40807
14.8295 40857
14.8742 40907
14.9292 40957
14.9316 41007
14.934 41057
14.9364 41107
14.9388 41157
14.9411 41207
14.9435 41257
14.9459 41307
14.9483 41357
14.9507 41407
14.9531 41457
14.9555 41507
14.9579 41556
15.0023 41605
15.0573 41654
15.0597 41703
15.0621 41752
15.0644 41801
15.0668 41850
15.0692 41899
15.0716 41948
15.074 41997
15.0764 42046
15.0788 42095
15.0812 42144
15.0836 42193
15.086 42242
15.1304 42291
15.1854 42340
15.1881 42388
15.1905 42436
15.1929 42484
15.1953 42532
15.1977 42580
15.2001 42628
15.2025 42676
15.2048 42724
15.2072 42772
15.2096 42820
15.212 42868
15.2144 42916
15.2573 42964
15.3122 43012
15.3152 43060
15.3176 43108
15.32 43156
15.3224 43204
15.3247 43251
15.3271 43298
15.3295 43345
15.3319 43392
15.3343 43439
15.3367 43486
15.3391 43533
15.3415 43580
15.3842 43627
15.4391 43674
15.4421 43721
15.4445 43768
15.4469 43815
15.4492 43862
15.4516 43909
15.454 43956
15.4564 44003
15.4588 44050
15.4615 44097
15.4639 44144
15.4663 44190
15.4687 44236
15.4711 44282
15.5123 44328
15.5673 44374
15.5702 44420
15.5726 44466
15.5749 44512
15.5773 44558
15.5797 44604
15.5821 44650
15.5845 44696
15.5869 44742
15.5896 44788
15.592 44834
15.5944 44880
15.5968 44926
15.5992 44972
15.641 45018
15.6954 45064
15.6982 45110
15.7007 45155
15.7032 45200
15.7056 45245
15.708 45290
15.7104 45335
15.7128 45380
15.7152 45425
15.7175 45470
15.7199 45515
15.7223 45560
15.7247 45605
15.7272 45650
15.7681 45695
15.8223 45740
15.8251 45785
15.8276 45830
15.8303 45875
15.8327 45920
15.8351 45965
15.8375 46010
15.8399 46055
15.8423 46100
15.8447 46144
15.8471 46188
15.8495 46232
15.8519 46276
15.8543 46320
15.895 46364
15.9491 46408
15.952 46452
15.9545 46496
15.9574 46540
15.9598 46584
15.9622 46628
15.9646 46672
15.967 46716
15.9693 46760
15.9717 46804
15.9741 46848
15.9765 46892
15.9789 46936
15.9813 46980
15.9837 47024
16.0231 47068
16.0772 47112
16.0801 47156
16.083 47199
16.0855 47242
16.0879 47285
16.0903 47328
16.0926 47371
16.095 47414
16.0974 47457
16.1 47500
16.1024 47543
16.1048 47586
16.1071 47629
16.1095 47672
16.1119 47715
16.1517 47758
16.2058 47801
16.2082 47844
16.2113 47887
16.2141 47930
16.2165 47973
16.2189 48016
16.2213 48059
16.2237 48102
16.2261 48145
16.2285 48188
16.2309 48231
16.2332 48273
16.2356 48315
16.238 48357
16.2404 48399
16.2786 48441
16.3326 48483
16.3384 22320
16.4887 22412
16.4912 22504
16.4936 22596
16.496 22687
16.5335 22778
16.5876 22869
16.5901 22959
16.6156 23049
16.6181 23138
16.6205 23227
16.6229 23316
16.6604 23404
16.7145 23492
16.717 23580
16.7428 23667
16.7452 23754
16.7476 23841
16.7502 23927
16.7526 24013
16.7885 24099
16.8429 24185
16.8453 24270
16.8709 24355
16.8733 24440
16.8757 24524
16.8783 24608
16.8807 24692
16.9166 24775
16.971 24858
16.9734 24941
16.9991 25024
17.0015 25106
17.0039 25188
17.0063 25270
17.0088 25352
17.0436 25433
17.0979 25514
17.1003 25595
17.126 25676
17.1287 25756
17.1311 25836
17.1335 25916
17.1359 25996
17.1705 26075
17.2248 26154
17.2272 26233
17.2529 26312
17.2556 26390
17.258 26468
17.2604 26546
17.2628 26624
17.2652 26701
17.2989 26778
17.3534 26855
17.3558 26932
17.381 27008
17.3838 27084
17.3862 27160
17.3886 27236
17.391 27312
17.3934 27387
17.427 27462
17.4815 27537
17.4839 27612
17.5093 27687
17.5119 27761
17.5143 27835
17.5167 27909
17.5191 27983
17.5215 28057
17.5539 28130
17.6084 28203
17.6108 28276
17.6362 28349
17.6388 28422
17.6416 28494
17.6439 28566
17.6463 28638
17.6487 28710
17.6808 28782
17.7353 28854
17.7377 28925
17.7631 28996
17.7659 29067
17.7684 29138
17.7708 29209
17.7732 29279
17.7756 29349
17.8077 29419
17.8622 29489
17.8647 29559
17.8671 29629
17.8914 29698
17.894 29767
17.8965 29836
17.8989 29905
17.9013 29974
17.9037 30043
17.9358 30112
17.9903 30180
17.9931 30248
17.9955 30316
18.0194 30384
18.0221 30452
18.0246 30520
18.0274 30587
18.0298 30654
18.0322 30721
18.0639 30788
18.1184 30855
18.1212 30922
18.1236 30989
18.1463 31055
18.1492 31121
18.1516 31187
18.1545 31253
18.1569 31319
18.1593 31385
18.1908 31451
18.2452 31516
18.2485 31581
18.2509 31646
18.2732 31711
18.2761 31776
18.2785 31841
18.2814 31906
18.2838 31970
18.2862 32034
18.3176 32098
18.3721 32162
18.3754 32226
18.3778 32290
18.4005 32354
18.4029 32418
18.4053 32481
18.4077 32544
18.4101 32607
18.4125 32670
18.4148 32733
18.4457 32796
18.5006 32859
18.5035 32922
18.5059 32984
18.5286 33046
18.531 33108
18.5334 33170
18.5358 33232
18.5382 33294
18.5405 33356
18.5429 33418
18.5741 33480
18.6287 33541
18.6318 33602
18.6342 33663
18.6567 33724
18.6591 33785
18.6615 33846
18.6638 33907
18.6665 33968
18.6689 34029
18.6713 34089
18.701 34149
18.7556 34209
18.7587 34269
18.7611 34329
18.7839 34389
18.7863 34449
18.7887 34509
18.7911 34569
18.7936 34628
18.796 34687
18.7984 34746
18.8279 34805
18.8825 34864
18.8856 34923
18.888 34982
18.9108 35041
18.9132 35100
18.9156 35159
18.918 35217
18.9204 35275
18.9228 35333
18.9253 35391
18.9277 35449
18.956 35507
19.0105 35565
19.0137 35623
19.0161 35681
19.0389 35739
19.0416 35797
19.0439 35854
19.0463 35911
19.0487 35968
19.0511 36025
19.0535 36082
19.0559 36139
19.0841 36196
19.139 36253
19.1419 36310
19.1443 36367
19.1671 36424
19.1698 36480
19.1724 36536
19.1748 36592
19.1772 36648
19.1796 36704
19.182 36760
19.1844 36816
19.211 36872
19.2659 36928
19.2688 36984
19.2712 37040
19.2941 37095
19.297 37150
19.2994 37205
19.3018 37260
19.3042 37315
19.3066 37370
19.309 37425
19.3114 37480
19.3379 37535
19.3933 37590
19.3957 37645
19.3981 37700
19.421 37755
19.4243 37809
19.4267 37863
19.4291 37917
19.4314 37971
19.4339 38025
19.4366 38079
19.439 38133
19.4414 38187
19.466 38241
19.5214 38295
19.5239 38349
19.5265 38403
19.5492 38456
19.5524 38509
19.5548 38562
19.5571 38615
19.5595 38668
19.5623 38721
19.5647 38774
19.5671 38827
19.5695 38880
19.5943 38933
19.6495 38986
19.652 39039
19.6546 39092
19.6774 39145
19.6806 39197
19.683 39249
19.6854 39301
19.6879 39353
19.6904 39405
19.6928 39457
19.6952 39509
19.6976 39561
19.7214 39613
19.7764 39665
19.7788 39717
19.7814 39769
19.8042 39821
19.8079 39873
19.8103 39925
19.8126 39976
19.815 40027
19.8174 40078
19.82 40129
19.8224 40180
19.8248 40231
19.8486 40282
19.9032 40333
19.9058 40384
19.9083 40435
19.9311 40486
19.9348 40537
19.9371 40588
19.9395 40639
19.9419 40690
19.9443 40740
19.9469 40790
19.9494 40840
19.952 40890
19.9755 40940
20.0301 40990
20.0328 41040
20.0352 41090
20.0376 41140
20.0592 41190
20.0628 41240
20.0652 41290
20.0676 41340
20.07 41390
20.0724 41440
20.0749 41490
20.0775 41539
20.0801 41588
20.1036 41637
20.1582 41686
20.1609 41735
20.1633 41784
20.1659 41833
20.1875 41882
20.1911 41931
20.1936 41980
20.1959 42029
20.1985 42078
20.2009 42127
20.2033 42176
20.2056 42225
20.2082 42274
20.2317 42323
20.2867 42371
20.2891 42419
20.2915 42467
20.2938 42515
20.3144 42563
20.318 42611
20.3205 42659
20.3229 42707
20.3254 42755
20.3278 42803
20.3301 42851
20.3326 42899
20.3352 42947
20.3586 42995
20.4136 43043
20.416 43091
20.4183 43139
20.4207 43187
20.4413 43235
20.4449 43282
20.4474 43329
20.4498 43376
20.4523 43423
20.4546 43470
20.457 43517
20.4595 43564
20.4621 43611
20.4854 43658
20.5405 43705
20.5428 43752
20.5452 43799
20.5476 43846
20.5682 43893
20.5706 43940
20.5729 43987
20.5755 44034
20.5779 44081
20.5803 44128
20.5827 44174
20.5851 44220
20.5875 44266
20.5902 44312
20.6135 44358
20.6685 44404
20.6709 44450
20.6733 44496
20.6759 44542
20.6962 44588
20.6986 44634
20.701 44680
20.7035 44726
20.7059 44772
20.7084 44818
20.7108 44864
20.7132 44910
20.7156 44956
20.7182 45002
20.7416 45048
20.7966 45094
20.799 45139
20.8014 45184
20.8041 45229
20.8243 45274
20.8267 45319
20.8291 45364
20.8315 45409
20.8339 45454
20.8363 45499
20.8387 45544
20.8411 45589
20.8435 45634
20.8459 45679
20.8685 45724
20.9235 45769
20.9259 45814
20.9283 45859
20.931 45904
20.9512 45949
20.9536 45994
20.956 46039
20.9584 46084
20.9608 46128
20.9632 46172
20.9656 46216
20.968 46260
20.9704 46304
20.9728 46348
20.9954 46392
21.0504 46436
21.0528 46480
21.0552 46524
21.0579 46568
21.0781 46612
21.0805 46656
21.0829 46700
21.0856 46744
21.088 46788
21.0905 46832
21.0929 46876
21.0953 46920
21.0976 46964
21.1 47008
21.1024 47052
21.124 47096
21.1785 47140
21.1809 47183
21.1833 47226
21.186 47269
21.2062 47312
21.2086 47355
21.211 47398
21.2137 47441
21.2161 47484
21.2186 47527
21.221 47570
21.2233 47613
21.2257 47656
21.2281 47699
21.2305 47742
21.2521 47785
21.3066 47828
21.309 47871
21.3114 47914
21.3141 47957
21.3343 48000
21.3367 48043
21.3391 48086
21.3418 48129
21.3442 48172
21.3466 48215
21.349 48258
21.3514 48300
21.3538 48342
21.3562 48384
21.3586 48426
21.379 48468
21.4335 48510
21.4359 48552
21.4383 48594
21.441 48636
21.4612 48678
21.4636 48720
21.466 48762
21.4688 48804
21.4712 48846
21.4735 48888
21.4759 48930
21.4783 48972
21.4807 49014
21.4831 49056
21.4855 49098
21.5059 49140
21.5604 49182
21.5628 49224
21.5652 49266
21.5679 49308
21.5885 49350
21.5908 49392
21.5932 49433
21.5957 49474
21.598 49515
21.6004 49556
21.6028 49597
21.6052 49638
21.6076 49679
21.61 49720
21.6124 49761
21.6148 49802
21.634 49843
21.6885 49884
21.6909 49925
21.6936 49966
21.696 50007
21.7166 50048
21.719 50089
21.7216 50130
21.724 50171
21.7264 50212
21.7288 50253
21.7312 50294
21.7336 50335
21.736 50376
21.7384 50417
21.7408 50458
21.7431 50499
21.7621 50540
21.8165 50581
21.8189 50621
21.8217 50661
21.8241 50701
21.8451 50741
21.8474 50781
21.8498 50821
21.8522 50861
21.8546 50901
21.857 50941
21.8594 50981
21.8618 51021
21.8642 51061
21.8666 51101
21.869 51141
21.8713 51181
21.889 51221
21.9434 51261
21.9458 51301
21.9486 51341
21.951 51381
21.9719 51421
21.9743 51461
21.9767 51501
21.9791 51541
21.9815 51581
21.9839 51621
21.9863 51661
21.9888 51701
21.9914 51741
21.9938 51781
21.9962 51821
21.9986 51861
22.0158 51900
22.0703 51939
22.0727 51978
22.0756 52017
22.078 52056
22.0988 52095
22.1012 52134
22.1036 52173
22.106 52212
22.1084 52251
22.1108 52290
22.1132 52329
22.1157 52368
22.1183 52407
22.1207 52446
22.1231 52485
22.1255 52524
22.1279 52563
22.1439 52602
22.1984 52641
22.2008 52680
22.2037 52719
22.2061 52758
22.227 52797
22.2294 52836
22.2318 52875
22.2342 52914
22.2366 52953
22.239 52992
22.2414 53031
22.2437 53070
22.2464 53109
22.2488 53148
22.2512 53187
22.2536 53225
22.256 53263
22.272 53301
22.3265 53339
22.3289 53377
22.3318 53415
22.3342 53453
22.3551 53491
22.3578 53529
22.3603 53567
22.3627 53605
22.3651 53643
22.3674 53681
22.3698 53719
22.3722 53757
22.3746 53795
22.377 53833
22.3794 53871
22.3818 53909
22.3842 53947
22.4001 53985
22.4534 54023
22.4558 54061
22.4587 54099
22.4611 54137
22.482 54175
22.4847 54213
22.4872 54251
22.4895 54289
22.4923 54327
22.4947 54365
22.4971 54403
22.4995 54441
22.5019 54479
22.5043 54517
22.5066 54555
22.5092 54593
22.5115 54630
22.527 54667
22.5803 54704
22.5827 54741
22.5856 54778
22.588 54815
22.6089 54852
22.6115 54889
22.614 54926
22.6165 54963
22.6192 55000
22.6216 55037
22.624 55074
22.6264 55111
22.6288 55148
22.6311 55185
22.6335 55222
22.636 55259
22.6384 55296
22.6539 55333
22.7074 55370
22.7098 55407
22.7122 55444
22.7146 55481
22.717 55518
22.737 55555
22.7396 55592
22.7421 55629
22.7446 55666
22.7473 55703
22.7497 55740
22.7521 55777
22.7545 55814
22.7568 55851
22.7592 55888
22.7616 55925
22.7644 55962
22.767 55999
22.782 56036
22.8355 56073
22.8379 56109
22.8403 56145
22.8427 56181
22.8451 56217
22.865 56253
22.8677 56289
22.8702 56325
22.8727 56361
22.8754 56397
22.8778 56433
22.8801 56469
22.8825 56505
22.8849 56541
22.8873 56577
22.8897 56613
22.8928 56649
22.8952 56685
22.91 56721
22.9636 56757
22.966 56793
22.9684 56829
22.9708 56865
22.9732 56901
22.9919 56937
22.9946 56973
22.9971 57009
22.9999 57045
23.0023 57081
23.0047 57117
23.007 57153
23.0094 57189
23.0118 57225
23.0142 57261
23.0166 57297
23.0197 57333
23.0221 57369
23.0371 57405
23.0908 57441
23.0932 57477
23.0956 57513
23.098 57549
23.1004 57585
23.1188 57621
23.1215 57656
23.124 57691
23.1268 57726
23.1292 57761
23.1315 57796
23.1342 57831
23.1365 57866
23.1389 57901
23.1413 57936
23.1437 57971
23.1466 58006
23.149 58041
23.164 58076
23.2177 58111
23.2201 58146
23.2225 58181
23.2249 58216
23.2273 58251
23.246 58286
23.2484 58321
23.2508 58356
23.2532 58391
23.2556 58426
23.258 58461
23.2604 58496
23.2628 58531
23.2652 58566
23.2676 58601
23.2699 58636
23.2723 58671
23.2747 58706
23.2771 58741
23.2921 58776
23.3458 58811
23.3482 58846
23.3506 58881
23.353 58916
23.3554 58951
23.3741 58986
23.3765 59021
23.3789 59056
23.3812 59091
23.3836 59126
23.3861 59161
23.3885 59196
23.3909 59231
23.3932 59266
23.3956 59300
23.398 59334
23.4004 59368
23.4028 59402
23.4052 59436
23.4202 59470
23.4739 59504
23.4763 59538
23.4787 59572
23.481 59606
23.4834 59640
23.5022 59674
23.5046 59708
23.507 59742
23.5094 59776
23.5118 59810
23.5143 59844
23.5166 59878
23.519 59912
23.5214 59946
23.5238 59980
23.5262 60014
23.5286 60048
23.531 60082
23.5334 60116
23.5471 60150
23.6008 60184
23.6032 60218
23.6055 60252
23.6079 60286
23.6104 60320
23.6291 60354
23.6315 60388
23.6339 60422
23.6363 60456
23.6387 60490
23.6411 60524
23.6435 60558
23.6459 60592
23.6483 60626
23.6507 60660
23.6531 60694
23.6555 60728
23.6579 60762
23.6603 60796
23.674 60830
23.7277 60864
23.73 60898
23.7324 60932
23.7348 60966
23.7373 61000
23.756 61033
23.7584 61066
23.7608 61099
23.7632 61132
23.7656 61165
23.7679 61198
23.7703 61231
23.7727 61264
23.7751 61297
23.7775 61330
23.7799 61363
23.7825 61396
23.7849 61429
23.7873 61462
23.7898 61495
23.8021 61528
23.8562 61561
23.8586 61594
23.861 61627
23.8634 61660
23.8658 61693
23.8844 61726
23.8868 61759
23.8892 61792
23.8916 61825
23.894 61858
23.8963 61891
23.8987 61924
23.9011 61957
23.9035 61990
23.9059 62023
23.9083 62056
23.9107 62089
23.9131 62122
23.9155 62155
23.9179 62188
23.9302 62221
23.9843 62254
23.9867 62287
23.9891 62320
23.9915 62353
23.9939 62386
24.0125 62419
24.0149 62452
24.0174 62485
24.0198 62518
24.0222 62551
24.0246 62584
24.027 62617
24.0294 62650
24.0318 62683
24.0342 62716
24.0366 62749
24.039 62782
24.0413 62815
24.0437 62848
24.0461 62880
24.0571 62912
24.1112 62944
24.1136 62976
24.116 63008
24.1184 63040
24.1208 63072
24.1394 63104
24.1418 63136
24.1443 63168
24.1467 63200
24.1491 63232
24.1515 63264
24.1539 63296
24.1569 63328
24.1593 63360
24.1617 63392
24.1641 63424
24.1665 63456
24.1688 63488
24.1712 63520
24.1736 63552
24.184 63584
24.2381 63616
24.2405 63648
24.2429 63680
24.2453 63712
24.2477 63744
24.2663 63776
24.2687 63808
24.2712 63840
24.2736 63872
24.276 63904
24.2784 63936
24.2808 63968
24.2839 64000
24.2863 64032
24.2887 64064
24.291 64096
24.2934 64128
24.2958 64160
24.2982 64192
24.3006 64224
24.303 64256
24.3121 64288
24.3661 64320
24.3686 64352
24.371 64384
24.3733 64416
24.3758 64448
24.3944 64480
24.3968 64512
24.3993 64544
24.4017 64576
24.4041 64608
24.4065 64640
24.4089 64672
24.412 64704
24.4143 64736
24.4167 64768
24.4191 64800
24.4215 64832
24.4239 64863
24.4263 64894
24.4287 64925
24.4311 64956
24.4401 64987
24.4942 65018
24.4967 65049
24.499 65080
24.5014 65111
24.5039 65142
24.5225 65173
24.5249 65204
24.5274 65235
24.5298 65266
24.5323 65297
24.5347 65328
24.5371 65359
24.5406 65390
24.543 65421
24.5454 65452
24.5478 65483
24.5502 65514
24.5526 65545
24.555 65576
24.5574 65607
24.5598 65638
24.567 65669
24.6211 65700
24.6239 65731
24.6263 65762
24.6287 65793
24.6311 65824
24.6494 65855
24.6518 65886
24.6543 65917
24.6567 65948
24.6592 65979
24.6616 66010
24.6639 66041
24.6675 66072
24.6699 66103
24.6723 66134
24.6747 66165
24.6772 66196
24.6796 66227
24.682 66258
24.6844 66289
24.6868 66320
24.694 66351
24.748 66382
24.7508 66413
24.7536 66444
24.756 66475
24.7584 66506
24.7763 66537
24.7787 66568
24.7812 66599
24.7836 66630
24.7861 66661
24.7884 66692
24.7908 66723
24.7944 66754
24.7968 66785
24.7992 66816
24.8016 66847
24.8041 66878
24.8065 66909
24.8089 66939
24.8113 66969
24.8137 66999
24.8161 67029
24.822 67059
24.8761 67089
24.8789 67119
24.8817 67149
24.8841 67179
24.8865 67209
24.9046 67239
24.907 67269
24.9094 67299
24.9118 67329
24.9141 67359
24.9168 67389
24.9192 67419
24.9225 67449
24.9249 67479
24.9273 67509
24.9297 67539
24.9322 67569
24.9346 67599
24.937 67629
24.9394 67659
24.9418 67689
24.9442 67719
24.9503 67749
25.0044 67779
25.007 67809
25.0098 67839
25.0124 67869
25.0148 67899
25.0327 67929
25.0351 67959
25.0375 67989
25.0398 68019
25.0422 68049
25.0449 68079
25.0473 68109
25.0506 68139
25.053 68169
25.0554 68199
25.0578 68229
25.0603 68259
25.0627 68289
25.0651 68319
25.0675 68349
25.0698 68379
25.0722 68409
25.0772 68439
25.1313 68469
25.1342 68499
25.1366 68529
25.1393 68559
25.1417 68589
25.1596 68619
25.162 68649
25.1643 68679
25.1667 68709
25.1692 68739
25.1718 68769
25.1742 68799
25.1776 68829
25.18 68859
25.1824 68889
25.1848 68919
25.1872 68949
25.1896 68979
25.192 69009
25.1943 69039
25.1967 69069
25.1991 69099
25.2041 69129
25.2582 69158
25.2611 69187
25.2635 69216
25.2665 69245
25.2689 69274
25.2867 69303
25.2892 69332
25.2916 69361
25.294 69390
25.2964 69419
25.2988 69448
25.3012 69477
25.3045 69506
25.3069 69535
25.3093 69564
25.3117 69593
25.3141 69622
25.3165 69651
25.3188 69680
25.3212 69709
25.3236 69738
25.326 69767
25.331 69796
25.3334 69825
25.3863 69854
25.3895 69883
25.3919 69912
25.3946 69941
25.397 69970
25.4148 69999
25.4173 70028
25.4197 70057
25.4221 70086
25.4245 70115
25.4268 70144
25.4292 70173
25.4326 70202
25.435 70231
25.4374 70260
25.4399 70289
25.4423 70318
25.4448 70347
25.4472 70376
25.4496 70405
25.452 70434
25.4544 70463
25.4594 70492
25.4621 70521
25.5143 70550
25.5176 70579
25.52 70608
25.5227 70637
25.5251 70666
25.5429 70695
25.5454 70724
25.5478 70753
25.5502 70782
25.5525 70811
25.5549 70840
25.5573 70869
25.5607 70898
25.5631 70927
25.5655 70956
25.568 70985
25.5704 71014
25.5729 71043
25.5753 71072
25.5777 71101
25.5801 71130
25.5825 71159
25.5877 71188
25.5903 71217
25.6424 71246
25.6457 71275
25.6481 71304
25.6507 71333
25.6531 71362
25.6698 71391
25.6723 71420
25.675 71449
25.6774 71478
25.6798 71507
25.6822 71535
25.6846 71563
25.6876 71591
25.69 71619
25.6924 71647
25.6949 71675
25.6973 71703
25.6998 71731
25.7022 71759
25.7047 71787
25.7072 71815
25.7096 71843
25.7146 71871
25.7172 71899
25.7693 71927
25.7729 71955
25.7753 71983
25.7777 72011
25.7801 72039
25.7967 72067
25.7994 72095
25.8019 72123
25.8043 72151
25.8067 72179
25.8091 72207
25.8116 72235
25.8145 72263
25.8169 72291
25.8193 72319
25.8218 72347
25.8242 72375
25.8267 72403
25.8291 72431
25.8316 72459
25.8341 72487
25.8365 72515
25.8415 72543
25.8441 72571
25.8962 72599
25.8998 72627
25.9022 72655
25.9046 72683
25.907 72711
25.9096 72739
25.9248 72767
25.9275 72795
25.93 72823
25.9324 72851
25.9348 72879
25.9371 72907
25.9397 72935
25.9426 72963
25.945 72991
25.9474 73019
25.9503 73047
25.9526 73075
25.955 73103
25.9574 73131
25.9598 73159
25.9622 73187
25.9646 73215
25.9696 73243
25.9722 73271
26.0245 73299
26.0284 73327
26.0308 73355
26.0332 73383
26.0356 73411
26.0379 73439
26.0528 73467
26.0557 73495
26.0581 73523
26.0605 73551
26.0629 73579
26.0653 73607
26.0678 73635
26.0707 73663
26.0731 73691
26.0755 73719
26.0786 73747
26.081 73775
26.0834 73803
26.0858 73831
26.0882 73859
26.0906 73887
26.093 73915
26.098 73943
26.1007 73971
26.1526 73999
26.1565 74027
26.1589 74055
26.1612 74083
26.1636 74110
26.166 74137
26.1809 74164
26.1833 74191
26.1857 74218
26.1881 74245
26.1905 74272
26.1929 74299
26.1953 74326
26.1977 74353
26.2001 74380
26.2024 74407
26.2058 74434
26.2082 74461
26.2106 74488
26.213 74515
26.2154 74542
26.2178 74569
26.2202 74596
26.2249 74623
26.2276 74650
26.2795 74677
26.2834 74704
26.2857 74731
26.2881 74758
26.2905 74785
26.2929 74812
26.3078 74839
26.3102 74866
26.3126 74893
26.315 74920
26.3174 74947
26.3198 74974
26.3222 75001
26.3246 75028
26.3273 75055
26.3297 75082
26.333 75109
26.3354 75136
26.3378 75163
26.3402 75190
26.3426 75217
26.345 75244
26.3473 75271
26.3518 75298
26.3547 75325
26.4067 75352
26.4103 75379
26.4126 75406
26.415 75433
26.4174 75460
26.4198 75487
26.4347 75514
26.4371 75541
26.4395 75568
26.442 75595
26.4445 75622
26.4468 75649
26.4492 75676
26.4516 75703
26.454 75730
26.4564 75757
26.4588 75784
26.4612 75811
26.4636 75838
26.466 75865
26.4684 75892
26.4707 75919
26.4731 75946
26.4755 75973
26.4802 76000
26.4828 76027
26.5348 76054
26.5383 76081
26.5407 76108
26.5431 76135
26.5455 76162
26.5479 76189
26.563 76216
26.5654 76243
26.5678 76270
26.5702 76297
26.5725 76324
26.5749 76351
26.5773 76378
26.5797 76405
26.5824 76432
26.5848 76459
26.5872 76486
26.5896 76513
26.592 76540
26.5944 76567
26.5968 76594
26.5992 76621
26.6016 76648
26.604 76675
26.6083 76702
26.6109 76729
26.663 76756
26.6666 76783
26.6689 76810
26.6713 76836
26.6737 76862
26.6761 76888
26.6911 76914
26.6935 76940
26.6958 76966
26.6982 76992
26.7006 77018
26.703 77044
26.7054 77070
26.7078 77096
26.7102 77122
26.7127 77148
26.7151 77174
26.7174 77200
26.7198 77226
26.7222 77252
26.7246 77278
26.727 77304
26.7294 77330
26.7318 77356
26.7352 77382
26.7378 77408
26.7902 77434
26.7934 77460
26.7958 77486
26.7982 77512
26.8006 77538
26.8032 77564
26.818 77590
26.8203 77616
26.8227 77642
26.8251 77668
26.8275 77694
26.8299 77720
26.8323 77746
26.8347 77772
26.8371 77798
26.8396 77824
26.8421 77850
26.8445 77876
26.8469 77902
26.8493 77928
26.8517 77954
26.854 77980
26.8564 78006
26.8588 78032
26.8621 78058
26.8647 78084
26.9171 78110
26.9203 78136
26.9227 78162
26.9251 78188
26.9275 78214
26.9307 78240
26.9448 78266
26.9472 78292
26.9496 78318
26.9525 78344
26.9549 78370
26.9573 78396
26.9597 78422
26.9621 78448
26.9645 78474
26.9669 78500
26.9692 78526
26.9716 78552
26.974 78578
26.9764 78604
26.9788 78630
26.9812 78656
26.9836 78682
26.986 78708
26.9884 78734
26.9908 78760
26.9931 78786
27.0453 78812
27.0484 78838
27.0508 78864
27.0532 78890
27.0556 78916
27.0588 78942
27.0729 78968
27.0753 78994
27.0777 79020
27.0808 79046
27.0832 79072
27.0856 79098
27.0879 79124
27.0903 79150
27.0927 79176
27.0951 79202
27.0975 79228
27.0999 79254
27.1023 79280
27.1047 79306
27.1071 79332
27.1095 79358
27.1118 79384
27.1142 79410
27.1166 79436
27.119 79462
27.1214 79488
27.1733 79514
27.1765 79540
27.1789 79566
27.1813 79592
27.1837 79618
27.1873 79644
27.201 79670
27.2034 79696
27.2058 79722
27.2091 79748
27.2115 79774
27.2139 79799
27.2163 79824
27.2186 79849
27.221 79874
27.2234 79899
27.2258 79924
27.2282 79949
27.2306 79974
27.233 79999
27.2354 80024
27.2378 80049
27.2402 80074
27.2425 80099
27.2449 80124
27.2473 80149
27.2497 80174
27.3002 80199
27.3034 80224
27.3058 80249
27.3082 80274
27.3106 80299
27.3142 80324
27.3283 80349
27.3307 80374
27.3331 80399
27.336 80424
27.3384 80449
27.3408 80474
27.3431 80499
27.3455 80524
27.3479 80549
27.3503 80574
27.3527 80599
27.3551 80624
27.3575 80649
27.3599 80674
27.3623 80699
27.3647 80724
27.367 80749
27.3694 80774
27.3718 80799
27.3743 80824
27.3767 80849
27.4275 80874
27.4303 80899
27.4327 80924
27.4351 80949
27.4375 80974
27.441 80999
27.4552 81024
27.4576 81049
27.46 81074
27.4629 81099
27.4653 81124
27.4676 81149
27.47 81174
27.4724 81199
27.4748 81224
27.4772 81249
27.4796 81274
27.4832 81299
27.4856 38880
27.709 38933
27.7114 38986
27.7137 39039
27.7169 39092
27.7193 39145
27.7221 39197
27.7245 39249
27.7269 39301
27.7293 39353
27.7317 39405
27.7341 39457
27.7373 39509
27.7396 39561
27.8362 39613
27.8386 39665
27.841 39717
27.8438 39769
27.8462 39821
27.8494 39873
27.8518 39925
27.8542 39976
27.8566 40027
27.8592 40078
27.8616 40129
27.8641 40180
27.8665 40231
27.9631 40282
27.9655 40333
27.9679 40384
27.9707 40435
27.9731 40486
27.9765 40537
27.9801 40588
27.9825 18720
28.2229 18830
28.2253 18940
28.2277 19049
28.2307 19157
28.2342 19265
28.2366 19372
28.3502 19479
28.3526 19585
28.355 19690
28.3575 19795
28.3611 19899
28.3635 20003
28.4771 20106
28.4795 20209
28.4818 20311
28.4844 20413
28.488 20514
28.4904 20615
28.604 20715
28.6063 20815
28.6087 20914
28.6111 21013
28.6135 21111
28.6161 21209
28.6185 21306
28.732 21403
28.7344 21499
28.7368 21595
28.7392 21691
28.7416 21786
28.7442 21881
28.7466 21975
28.8601 22069
28.8625 22162
28.8649 22255
28.8673 22348
28.8697 22440
28.8721 22532
28.8745 22624
28.9872 22715
28.9896 22806
28.992 22896
28.9944 22986
28.9968 23076
28.9992 23165
29.0016 23254
29.1141 23343
29.1165 23431
29.1189 23519
29.1213 23607
29.1237 23694
29.1261 23781
29.1284 23868
29.1308 23954
29.2424 24040
29.2448 24126
29.2471 24211
29.2495 24296
29.2519 24381
29.2543 24466
29.2567 24550
29.2591 24634
29.3705 24718
29.3728 24801
29.3752 24884
29.3776 24967
29.38 25050
29.3824 25132
29.3848 25214
29.3872 25296
29.4979 25377
29.5002 25458
29.5026 25539
29.505 25620
29.5074 25700
29.5098 25780
29.5122 25860
29.5146 25940
29.6247 26019
29.6271 26098
29.6295 26177
29.6319 26256
29.6343 26334
29.6367 26412
29.6391 26490
29.6415 26568
29.644 26646
29.7528 26723
29.7552 26800
29.7576 26877
29.76 26954
29.7624 27030
29.7648 27106
29.7672 27182
29.7696 27258
29.772 27334
29.8812 27409
29.8836 27484
29.886 27559
29.8884 27634
29.8908 27709
29.8932 27783
29.8956 27857
29.898 27931
29.9003 28005
30.0093 28079
30.0117 28152
30.0141 28225
30.0165 28298
30.0189 28371
30.0213 28444
30.0237 28516
30.0261 28588
30.0284 28660
