0.298217 1
0.399149 1441
0.501234 4321
0.603319 7201
0.704209 10081
0.706599 12961
0.806293 15841
0.808684 18721
0.811074 21601
0.908378 24481
0.910769 27361
0.913519 30241
0.915909 33121
1.00927 36001
1.01166 38881
1.01405 41761
1.01644 44641
1.01883 47521
1.02122 50401
1.11033 53281
1.11272 56161
1.11511 59041
1.1175 61921
1.11989 64801
1.12228 67681
1.12467 70561
1.12706 73441
1.12945 76321
1.21122 79201
1.21361 82081
1.216 84961
1.21839 87841
1.22078 90721
1.22317 93601
1.22556 96481
1.22795 99361
1.23034 102241
1.23273 105121
1.23512 108001
1.23751 110881
1.2399 113761
1.24229 116641
1.31351 119521
1.3159 122401
1.31829 125281
1.32068 128161
1.32307 131041
1.32546 133921
1.32785 136801
1.33145 138241
1.44463 213121
1.51924 216001
1.52203 218881
1.52442 221761
1.52681 224641
1.5292 227521
1.5316 230401
1.53399 233281
1.53638 236161
1.53877 239041
1.54116 241921
1.54355 244801
1.54594 247681
1.62133 250561
1.62418 253441
1.62657 256321
1.62936 259201
1.63175 262081
1.63414 264961
1.63653 267841
1.63892 270721
1.64131 273601
1.6437 276481
1.64609 279361
1.64848 282241
1.72368 285121
1.72627 288001
1.72866 290881
1.73164 293761
1.73404 296641
1.73669 299521
1.73908 302401
1.74147 305281
1.74386 308161
1.74625 311041
1.74864 313921
1.75103 316801
1.82633 319681
1.82872 322561
1.83111 325441
1.8335 328321
1.83589 331201
1.83828 334081
1.84067 336961
1.84306 339841
1.84545 342721
1.84784 345601
1.85023 348481
1.85262 351361
1.92752 354241
1.92991 357121
1.9323 360001
1.93469 362881
1.93708 365761
1.93947 368641
1.94187 371521
1.94426 374401
1.94665 377281
1.94904 380161
1.95143 383041
1.95382 385921
2.02841 388801
2.0308 391681
2.03319 394561
2.03558 397441
2.03797 400321
2.04036 403201
2.04275 406081
2.04515 408961
2.04754 411841
2.04993 414721
2.05232 417601
2.05471 420481
2.0571 423361
2.13111 426241
2.1335 429121
2.13589 432001
2.13828 434881
2.14067 437761
2.14306 440641
2.14545 443521
2.14784 446401
2.15023 449281
2.15262 452161
2.15501 455041
2.1574 457921
2.15979 460801
2.23349 463681
2.23588 466561
2.23827 469441
2.24067 472321
2.24306 475201
2.24545 478081
2.24784 480961
2.25023 483841
2.25262 486721
2.25501 489601
2.2574 492481
2.25979 495361
2.26218 498241
2.33438 501121
2.33677 504001
2.33916 506881
2.34155 509761
2.34395 512641
2.34634 515521
2.34873 518401
2.35112 521281
2.35351 524161
2.3559 527041
2.35829 529921
2.36068 532801
2.36307 535681
2.43588 538561
2.43827 541441
2.44066 544321
2.54664 587521
2.56576 590401
2.56815 593281
2.63917 596161
2.64156 599041
2.64395 601921
2.64635 604801
2.66665 607681
2.66904 610561
2.74066 613441
2.74305 616321
2.74544 619201
2.74783 622081
2.76815 624961
2.77054 627841
2.84185 630721
2.84424 633601
2.84663 636481
2.84902 639361
2.86934 642241
2.87173 645121
2.87412 648001
2.94393 650881
2.94633 653761
2.94872 656641
2.95111 659521
2.97142 662401
2.97381 665281
2.97621 668161
3.04663 671041
3.04902 673921
3.05141 676801
3.0538 679681
3.07412 682561
3.07651 685441
3.0789 688321
3.14902 691201
3.15141 694081
3.1538 696961
3.15619 699841
3.17531 702721
3.1777 705601
3.18009 708481
3.24991 711361
3.2523 714241
3.25469 717121
3.25708 720001
3.2762 722881
3.27859 725761
3.28098 728641
3.35114 731521
3.35353 734401
3.35592 737281
3.35831 740161
3.3607 743041
3.37875 745921
3.38114 748801
3.38353 751681
3.45322 754561
3.45561 757441
3.458 760321
3.4604 763201
3.46279 766081
3.48083 768961
3.48322 771841
3.48561 774721
3.55531 777601
3.5577 780481
3.56009 783361
3.56248 786241
3.56487 789121
3.58172 792001
3.58411 794881
3.5865 797761
3.65635 800641
3.65874 803521
3.66113 806401
3.66352 809281
3.66591 812161
3.68298 815041
3.68537 817921
3.68776 820801
3.75724 823681
3.75963 826561
3.76202 829441
3.76441 832321
3.7668 835201
3.76919 838081
3.78562 840961
3.78801 843841
3.7904 846721
3.85933 849601
3.86172 852481
3.86411 855361
3.8665 858241
3.86889 861121
3.87128 864001
3.88779 866881
3.89018 869761
3.89281 872641
3.9616 875521
3.96399 878401
3.96643 881281
3.96882 884161
3.97121 887041
3.9736 889921
3.98987 892801
3.99226 895681
3.99465 898561
4.06249 901441
4.06488 904321
4.06732 907201
4.06971 910081
4.0721 912961
4.07449 915841
4.09092 918721
4.09331 921601
4.0957 924481
4.16338 927361
4.16577 930241
4.16821 933121
4.1706 936001
4.17299 938881
4.17538 941761
4.19181 944641
4.19457 947521
4.19696 950401
4.19935 953281
4.26548 956161
4.26787 959041
4.27029 961921
4.27268 964801
4.27507 967681
4.27746 970561
4.29389 973441
4.29665 976321
4.29904 979201
4.30143 982081
4.36792 984961
4.37031 987841
4.3727 990721
4.37509 993601
4.37748 996481
4.37988 999361
4.39598 1002241
4.39874 1005121
4.40113 1008001
4.40352 1010881
4.46901 1013761
4.4714 1016641
4.47379 1019521
4.47618 1022401
4.47857 1025281
4.48096 1028161
4.49687 1031041
4.49995 1033921
4.50234 1036801
4.50473 1039681
4.5699 1042561
4.57229 1045441
4.57468 1048321
4.57707 1051201
4.57946 1054081
4.58185 1056961
4.59825 1059841
4.60084 1062721
4.60323 1065601
4.60562 1068481
4.67102 1071361
4.67341 1074241
4.6758 1077121
4.67819 1080001
4.68058 1082881
4.68297 1085761
4.68536 1088641
4.70073 1091521
4.70312 1094401
4.70552 1097281
4.70791 1100161
4.7731 1103041
4.77549 1105921
4.77788 1108801
4.78028 1111681
4.7827 1114561
4.78512 1117441
4.78751 1120321
4.8034 1123201
4.80579 1126081
4.80818 1128961
4.81057 1131841
4.87522 1134721
4.87761 1137601
4.88 1140481
4.88239 1143361
4.88478 1146241
4.88717 1149121
4.88956 1152001
4.90441 1154881
4.90681 1157761
4.9092 1160641
4.91159 1163521
4.97636 1166401
4.97875 1169281
4.98114 1172161
4.98353 1175041
4.98592 1177921
4.98831 1180801
4.9907 1183681
5.00543 1186561
5.00782 1189441
5.01021 1192321
5.0126 1195201
5.07725 1198081
5.07964 1200961
5.08203 1203841
5.08442 1206721
5.08681 1209601
5.0892 1212481
5.09159 1215361
5.09398 1218241
5.10751 1221121
5.11027 1224001
5.11266 1226881
5.11505 1229761
5.17933 1232641
5.18173 1235521
5.18412 1238401
5.18651 1241281
5.1889 1244161
5.19129 1247041
5.19368 1249921
5.19607 1252801
5.2096 1255681
5.21236 1258561
5.21475 1261441
5.21714 1264321
5.28142 1267201
5.28381 1270081
5.2862 1272961
5.28859 1275841
5.29098 1278721
5.29337 1281601
5.29576 1284481
5.29815 1287361
5.31049 1290241
5.31359 1293121
5.31598 1296001
5.31837 1298881
5.38231 1301761
5.3847 1304641
5.38709 1307521
5.38948 1310401
5.39187 1313281
5.39426 1316161
5.39665 1319041
5.39904 1321921
5.41138 1324801
5.41448 1327681
5.41687 1330561
5.41926 1333441
5.48329 1336321
5.48569 1339201
5.48808 1342081
5.49047 1344961
5.49286 1347841
5.49525 1350721
5.49764 1353601
5.50003 1356481
5.50242 1359361
5.51346 1362241
5.51656 1365121
5.51895 1368001
5.52134 1370881
5.58538 1373761
5.58817 1376641
5.59056 1379521
5.59295 1382401
5.59534 1385281
5.59773 1388161
5.60012 1391041
5.60251 1393921
5.6049 1396801
5.61571 1399681
5.61871 1402561
5.6211 1405441
5.62349 1408321
5.68746 1411201
5.69025 1414081
5.69264 1416961
5.69503 1419841
5.69742 1422721
5.69981 1425601
5.7022 1428481
5.70459 1431361
5.70698 1434241
5.71784 1437121
5.72023 1440001
5.72262 1442881
5.72536 1445761
5.78835 1448641
5.79127 1451521
5.79366 1454401
5.79605 1457281
5.79844 1460161
5.80083 1463041
5.80322 1465921
5.80561 1468801
5.808 1471681
5.81873 1474561
5.82112 1477441
5.82351 1480321
5.82625 1483201
5.88946 1486081
5.89216 1488961
5.89474 1491841
5.89713 1494721
5.89952 1497601
5.90191 1500481
5.9043 1503361
5.90669 1506241
5.90908 1509121
5.91962 1512001
5.92201 1514881
5.9244 1517761
5.92679 1520641
5.92918 1523521
5.99155 1526401
5.99424 1529281
5.99682 1532161
5.99921 1535041
6.0016 1537921
6.00399 1540801
6.00638 1543681
6.00877 1546561
6.01116 1549441
6.0217 1552321
6.02409 1555201
6.02649 1558081
6.02888 1560961
6.03127 1563841
6.09363 1566721
6.09661 1569601
6.09927 1572481
6.10166 1575361
6.10405 1578241
6.10644 1581121
6.10883 1584001
6.11122 1586881
6.11361 1589761
6.12379 1592641
6.12618 1595521
6.12857 1598401
6.13096 1601281
6.13335 1604161
6.19477 1607041
6.1975 1609921
6.20016 1612801
6.20265 1615681
6.20507 1618561
6.20746 1621441
6.20985 1624321
6.21224 1627201
6.21463 1630081
6.22468 1632961
6.22707 1635841
6.22946 1638721
6.23185 1641601
6.23424 1644481
6.29566 1647361
6.29839 1650241
6.30105 1653121
6.30354 1656001
6.30596 1658881
6.30835 1661761
6.31102 1664641
6.31341 1667521
6.3158 1670401
6.32557 1673281
6.32796 1676161
6.33035 1679041
6.33274 1681921
6.33513 1684801
6.39655 1687681
6.39894 1690561
6.40133 1693441
6.40372 1696321
6.40611 1699201
6.4085 1702081
6.41089 1704961
6.41328 1707841
6.41567 1710721
6.41806 1713601
6.42765 1716481
6.43004 1719361
6.43243 1722241
6.43482 1725121
6.43721 1728001
6.49886 1730881
6.50125 1733761
6.50364 1736641
6.50603 1739521
6.50842 1742401
6.51081 1745281
6.5132 1748161
6.51559 1751041
6.51798 1753921
6.52037 1756801
6.52974 1759681
6.53213 1762561
6.53452 1765441
6.53691 1768321
6.5393 1771201
6.60095 1774081
6.60334 1776961
6.60573 1779841
6.60812 1782721
6.61051 1785601
6.6129 1788481
6.61529 1791361
6.61768 1794241
6.62007 1797121
6.62246 1800001
6.63063 1802881
6.63302 1805761
6.63541 1808641
6.6378 1811521
6.64019 1814401
6.70184 1817281
6.70423 1820161
6.70662 1823041
6.70901 1825921
6.7114 1828801
6.71379 1831681
6.71618 1834561
6.71857 1837441
6.72096 1840321
6.72335 1843201
6.73152 1846081
6.73391 1848961
6.7363 1851841
6.73869 1854721
6.74108 1857601
6.80273 1860481
6.80512 1863361
6.80751 1866241
6.8099 1869121
6.81229 1872001
6.81468 1874881
6.81707 1877761
6.81946 1880641
6.82185 1883521
6.82424 1886401
6.82663 1889281
6.8336 1892161
6.83599 1895041
6.83838 1897921
6.84077 1900801
6.84316 1903681
6.90481 1906561
6.9072 1909441
6.90959 1912321
6.91198 1915201
6.91437 1918081
6.91676 1920961
6.91915 1923841
6.92154 1926721
6.92393 1929601
6.92632 1932481
6.92871 1935361
6.93569 1938241
6.93808 1941121
6.94047 1944001
6.94286 1946881
6.94525 1949761
7.00689 1952641
7.00929 1955521
7.01168 1958401
7.01407 1961281
7.01646 1964161
7.01885 1967041
7.02124 1969921
7.02369 1972801
7.02608 1975681
7.02847 1978561
7.03086 1981441
7.03658 1984321
7.03897 1987201
7.04136 1990081
7.04375 1992961
7.04614 1995841
7.10778 1998721
7.11017 2001601
7.11257 2004481
7.11496 2007361
7.11735 2010241
7.11974 2013121
7.12213 2016001
7.12458 2018881
7.12697 2021761
7.12936 2024641
7.13175 2027521
7.13747 2030401
7.13986 2033281
7.14225 2036161
7.14464 2039041
7.14703 2041921
7.20867 2044801
7.21106 2047681
7.21345 2050561
7.21585 2053441
7.21824 2056321
7.22063 2059201
7.22302 2062081
7.22547 2064961
7.22786 2067841
7.23025 2070721
7.23264 2073601
7.23503 2076481
7.23955 2079361
7.24194 2082241
7.24433 2085121
7.24672 2088001
7.24911 2090881
7.31076 2093761
7.31315 2096641
7.31554 2099521
7.31793 2102401
7.32032 2105281
7.32271 2108161
7.3251 2111041
7.32756 2113921
7.32995 2116801
7.33234 2119681
7.33473 2122561
7.33712 2125441
7.34164 2128321
7.34403 2131201
7.34642 2134081
7.34881 2136961
7.3512 2139841
7.41284 2142721
7.41523 2145601
7.41762 2148481
7.42001 2151361
7.42241 2154241
7.4248 2157121
7.42719 2160001
7.42964 2162881
7.43203 2165761
7.43442 2168641
7.43681 2171521
7.4392 2174401
7.44253 2177281
7.44492 2180161
7.44731 2183041
7.4497 2185921
7.45209 2188801
7.51373 2191681
7.51612 2194561
7.51851 2197441
7.5209 2200321
7.52329 2203201
7.52569 2206081
7.52808 2208961
7.53053 2211841
7.53292 2214721
7.53531 2217601
7.5377 2220481
7.54009 2223361
7.54341 2226241
7.54581 2229121
7.5482 2232001
7.55059 2234881
7.55298 2237761
7.61462 2240641
7.61701 2243521
7.6194 2246401
7.62179 2249281
7.62418 2252161
7.62897 2257921
7.63142 2260801
7.63381 2263681
7.6362 2266561
7.63859 2269441
7.64098 2272321
7.6443 2275201
7.64669 2278081
7.64909 2280961
7.65148 2283841
7.65387 2286721
7.65626 2289601
7.71671 2292481
7.7191 2295361
7.72149 2298241
7.72388 2301121
7.72627 2304001
7.73108 2306881
7.7335 2309761
7.73589 2312641
7.73829 2315521
7.74068 2318401
7.74307 2321281
7.74546 2324161
7.74785 2327041
7.75024 2329921
7.75263 2332801
7.75502 2335681
7.75741 2338561
7.7598 2341441
7.81879 2344321
7.82118 2347201
7.82357 2350081
7.82596 2352961
7.82835 2355841
7.83316 2358721
7.83559 2361601
7.83798 2364481
7.84037 2367361
7.84276 2370241
7.84515 2373121
7.84754 2376001
7.84993 2378881
7.85232 2381761
7.85471 2384641
7.8571 2387521
7.85949 2390401
7.86188 2393281
7.91968 2396161
7.92207 2399041
7.92446 2401921
7.92685 2404801
7.92924 2407681
7.93405 2410561
7.93648 2413441
7.93887 2416321
7.94126 2419201
7.94365 2422081
7.94604 2424961
7.94843 2427841
7.95082 2430721
7.95321 2433601
7.9556 2436481
7.95799 2439361
7.96038 2442241
7.96287 2445121
8.02057 2448001
8.02296 2450881
8.02535 2453761
8.02774 2456641
8.03013 2459521
8.03494 2462401
8.03737 2465281
8.03976 2468161
8.04215 2471041
8.04454 2473921
8.04693 2476801
8.04932 2479681
8.05171 2482561
8.0541 2485441
8.05649 2488321
8.05888 2491201
8.06127 2494081
8.06376 2496961
8.06615 2499841
8.12266 2502721
8.12505 2505601
8.12744 2508481
8.12983 2511361
8.13222 2514241
8.13703 2517121
8.13945 2520001
8.14184 2522881
8.14423 2525761
8.14662 2528641
8.14901 2531521
8.15141 2534401
8.1538 2537281
8.15619 2540161
8.15858 2543041
8.16097 2545921
8.16336 2548801
8.16584 2551681
8.16823 2554561
8.22474 2557441
8.22713 2560321
8.22952 2563201
8.23191 2566081
8.2343 2568961
8.23911 2571841
8.24154 2574721
8.24393 2577601
8.24632 2580481
8.24871 2583361
8.2511 2586241
8.25349 2589121
8.25588 2592001
8.25827 2594881
8.26066 2597761
8.26305 2600641
8.26544 2603521
8.26793 2606401
8.27032 2609281
8.32683 2612161
8.32922 2615041
8.33161 2617921
8.334 2620801
8.33639 2623681
8.34 2626561
8.34243 2629441
8.34482 2632321
8.34721 2635201
8.3496 2638081
8.35199 2640961
8.35438 2643841
8.35677 2646721
8.35916 2649601
8.36155 2652481
8.46748 2711521
8.54926 2714401
8.55165 2717281
8.55404 2720161
8.55643 2723041
8.55882 2725921
8.56121 2728801
8.5636 2731681
8.56599 2734561
8.56862 2737441
8.65134 2740321
8.65373 2743201
8.65612 2746081
8.65851 2748961
8.6609 2751841
8.66329 2754721
8.66568 2757601
8.66814 2760481
8.6707 2763361
8.75343 2766241
8.75582 2769121
8.75821 2772001
8.7606 2774881
8.76299 2777761
8.76538 2780641
8.76777 2783521
8.77016 2786401
8.77255 2789281
8.85432 2792161
8.85671 2795041
8.8591 2797921
8.86149 2800801
8.86388 2803681
8.86627 2806561
8.86866 2809441
8.87105 2812321
8.87344 2815201
8.95521 2818081
8.9576 2820961
8.95999 2823841
8.96238 2826721
8.96477 2829601
8.96716 2832481
8.96955 2835361
8.97194 2838241
8.97433 2841121
8.97672 2844001
9.05729 2846881
9.05968 2849761
9.06207 2852641
9.06446 2855521
9.06685 2858401
9.06924 2861281
9.07163 2864161
9.07402 2867041
9.07641 2869921
9.0788 2872801
9.15938 2875681
9.16177 2878561
9.16416 2881441
9.16655 2884321
9.16894 2887201
9.17133 2890081
9.17372 2892961
9.17611 2895841
9.1785 2898721
9.18089 2901601
9.26048 2904481
9.26287 2907361
9.26526 2910241
9.26765 2913121
9.27004 2916001
9.27243 2918881
9.27482 2921761
9.27721 2924641
9.2796 2927521
9.28199 2930401
9.36137 2933281
9.36376 2936161
9.36615 2939041
9.36854 2941921
9.37093 2944801
9.37338 2947681
9.37578 2950561
9.37817 2953441
9.38074 2956321
9.38313 2959201
9.38552 2962081
9.46367 2964961
9.46606 2967841
9.46845 2970721
9.47084 2973601
9.47323 2976481
9.47562 2979361
9.47801 2982241
9.4804 2985121
9.48282 2988001
9.48522 2990881
9.48761 2993761
9.56575 2996641
9.56814 2999521
9.57053 3002401
9.57292 3005281
9.57531 3008161
9.5777 3011041
9.5801 3013921
9.58249 3016801
9.58488 3019681
9.58727 3022561
9.58966 3025441
9.66664 3028321
9.66903 3031201
9.67142 3034081
9.67381 3036961
9.6762 3039841
9.67859 3042721
9.68098 3045601
9.68338 3048481
9.68577 3051361
9.68816 3054241
9.69055 3057121
9.76753 3060001
9.76992 3062881
9.77231 3065761
9.7747 3068641
9.77709 3071521
9.77948 3074401
9.78187 3077281
9.78426 3080161
9.78666 3083041
9.78905 3085921
9.79144 3088801
9.79383 3091681
9.86981 3094561
9.8722 3097441
9.87459 3100321
9.87698 3103201
9.87937 3106081
9.88176 3108961
9.88415 3111841
9.88654 3114721
9.88893 3117601
9.89132 3120481
9.89371 3123361
9.8961 3126241
9.97189 3129121
9.97428 3132001
9.97667 3134881
9.97906 3137761
9.98145 3140641
9.98384 3143521
9.98623 3146401
9.98863 3149281
9.99102 3152161
9.99341 3155041
9.9958 3157921
9.99819 3160801
10.0728 3163681
10.0752 3166561
10.0777 3169441
10.08 3172321
10.0824 3175201
10.0848 3178081
10.0872 3180961
10.0896 3183841
10.092 3186721
10.0944 3189601
10.0968 3192481
10.0992 3195361
10.1737 3198241
10.1761 3201121
10.1785 3204001
10.1809 3206881
10.1833 3209761
10.1857 3212641
10.1881 3215521
10.1905 3218401
10.1929 3221281
10.1953 3224161
10.1977 3227041
10.2001 3229921
10.2746 3232801
10.277 3235681
10.2793 3238561
10.2817 3241441
10.2841 3244321
10.2865 3247201
10.2889 3250081
10.2913 3252961
10.2937 3255841
10.2961 3258721
10.2985 3261601
10.3009 3264481
10.3032 3267361
10.3766 3270241
10.379 3273121
10.3814 3276001
10.3838 3278881
10.3862 3281761
10.3886 3284641
10.391 3287521
10.3934 3290401
10.3958 3293281
10.3982 3296161
10.4005 3299041
10.4029 3301921
10.4053 3304801
10.4787 3307681
10.4811 3310561
10.4835 3313441
10.4859 3316321
10.4883 3319201
10.4907 3322081
10.4931 3324961
10.4955 3327841
10.4979 3330721
10.5002 3333601
10.5026 3336481
10.505 3339361
10.5074 3342241
10.5796 3345121
10.582 3348001
10.5844 3350881
10.5868 3353761
10.5892 3356641
10.5916 3359521
10.594 3362401
10.5964 3365281
10.5987 3368161
10.6011 3371041
10.6035 3373921
10.6059 3376801
10.6083 3379681
10.6805 3382561
10.6829 3385441
10.6853 3388321
10.6877 3391201
10.6901 3394081
10.6925 3396961
10.6949 3399841
10.6972 3402721
10.6996 3405601
10.702 3408481
10.7044 3411361
10.7068 3414241
10.7092 3417121
10.7116 3420001
10.7826 3422881
10.7853 3425761
10.7877 3428641
10.7902 3431521
10.7925 3434401
10.7949 3437281
10.7973 3440161
10.7997 3443041
10.8021 3445921
10.8045 3448801
10.8069 3451681
10.8093 3454561
10.8117 3457441
10.8141 3460321
10.8847 3463201
10.8874 3466081
10.8898 3468961
10.8922 3471841
10.8946 3474721
10.897 3477601
10.8994 3480481
10.9022 3483361
10.9046 3486241
10.907 3489121
10.9094 3492001
10.9118 3494881
10.9141 3497761
10.9165 3500641
10.9856 3503521
10.9883 3506401
10.9907 3509281
10.9931 3512161
10.9955 3515041
10.9979 3517921
11.0003 3520801
11.0032 3523681
11.0056 3526561
11.008 3529441
11.0104 3532321
11.0127 3535201
11.0151 3538081
11.0175 3540961
11.0865 3543841
11.0892 3546721
11.0916 3549601
11.094 3552481
11.0964 3555361
11.0988 3558241
11.1012 3561121
11.1041 3564001
11.1065 3566881
11.1092 3569761
11.1116 3572641
11.114 3575521
11.1164 3578401
11.1188 3581281
11.1212 3584161
11.1885 3587041
11.1913 3589921
11.1936 3592801
11.1961 3595681
11.1985 3598561
11.2009 3601441
11.2033 3604321
11.2062 3607201
11.2085 3610081
11.2113 3612961
11.2137 3615841
11.2161 3618721
11.2185 3621601
11.2209 3624481
11.2234 3627361
11.291 3630241
11.2934 3633121
11.2958 3636001
11.2982 3638881
11.3006 3641761
11.303 3644641
11.3054 3647521
11.3082 3650401
11.3106 3653281
11.313 3656161
11.3154 3659041
11.3178 3661921
11.3202 3664801
11.3226 3667681
11.325 3670561
11.392 3673441
11.3944 3676321
11.3968 3679201
11.3992 3682081
11.4015 3684961
11.4039 3687841
11.4063 3690721
11.4091 3693601
11.4115 3696481
11.4139 3699361
11.4163 3702241
11.4187 3705121
11.4211 3708001
11.4235 3710881
11.4259 3713761
11.4931 3716641
11.4955 3719521
11.4979 3722401
11.5003 3725281
11.5026 3728161
11.505 3731041
11.5074 3733921
11.51 3736801
11.5124 3739681
11.5148 3742561
11.5172 3745441
11.5196 3748321
11.522 3751201
11.5244 3754081
11.5268 3756961
11.5291 3759841
11.5952 3762721
11.5976 3765601
11.6 3768481
11.6023 3771361
11.6047 3774241
11.6071 3777121
11.6095 3780001
11.6124 3782881
11.6148 3785761
11.6171 3788641
11.6195 3791521
11.6219 3794401
11.6243 3797281
11.6267 3800161
11.6291 3803041
11.6315 3805921
11.6975 3808801
11.6999 3811681
11.7023 3814561
11.7047 3817441
11.7071 3820321
11.7095 3823201
11.7119 3826081
11.7144 3828961
11.7168 3831841
11.7192 3834721
11.7216 3837601
11.724 3840481
11.7264 3843361
11.7288 3846241
11.7312 3849121
11.7336 3852001
11.7984 3854881
11.8008 3857761
11.8032 3860641
11.8056 3863521
11.808 3866401
11.8104 3869281
11.8127 3872161
11.8153 3875041
11.8177 3877921
11.8201 3880801
11.8225 3883681
11.8249 3886561
11.8273 3889441
11.8297 3892321
11.8321 3895201
11.8345 3898081
11.8994 3900961
11.9017 3903841
11.9041 3906721
11.9065 3909601
11.9089 3912481
11.9113 3915361
11.9137 3918241
11.9162 3921121
11.9186 3924001
11.921 3926881
11.9234 3929761
11.9258 3932641
11.9282 3935521
11.9306 3938401
11.933 3941281
11.9353 3944161
11.9377 3947041
12.0014 3949921
12.0038 3952801
12.0062 3955681
12.0086 3958561
12.011 3961441
12.0134 3964321
12.0158 3967201
12.0183 3970081
12.0207 3972961
12.0231 3975841
12.0255 3978721
12.0279 3981601
12.0303 3984481
12.0327 3987361
12.035 3990241
12.0374 3993121
12.0398 3996001
12.1035 3998881
12.1059 4001761
12.1083 4004641
12.1107 4007521
12.1131 4010401
12.1155 4013281
12.1179 4016161
12.1204 4019041
12.1228 4021921
12.1252 4024801
12.1276 4027681
12.13 4030561
12.1323 4033441
12.1347 4036321
12.1371 4039201
12.1395 4042081
12.1419 4044961
12.2047 4047841
12.2071 4050721
12.2095 4053601
12.2119 4056481
12.2143 4059361
12.2167 4062241
12.2191 4065121
12.2215 4068001
12.2239 4070881
12.2263 4073761
12.2286 4076641
12.231 4079521
12.2334 4082401
12.2358 4085281
12.2382 4088161
12.2406 4091041
12.243 4093921
12.3056 4096801
12.308 4099681
12.3104 4102561
12.3128 4105441
12.3152 4108321
12.3176 4111201
12.32 4114081
12.3224 4116961
12.3248 4119841
12.3271 4122721
12.3295 4125601
12.3319 4128481
12.3343 4131361
12.3367 4134241
12.3391 4137121
12.3415 4140001
12.3442 4142881
12.4065 4145761
12.4089 4148641
12.4113 4151521
12.4137 4154401
12.4161 4157281
12.4185 4160161
12.4209 4163041
12.4233 4165921
12.4256 4168801
12.428 4171681
12.4305 4174561
12.4329 4177441
12.4353 4180321
12.4377 4183201
12.4401 4186081
12.4424 4188961
12.4448 4191841
12.4472 4194721
12.5088 4197601
12.5112 4200481
12.5136 4203361
12.516 4206241
12.5184 4209121
12.5208 4212001
12.5231 4214881
12.5255 4217761
12.5279 4220641
12.5303 4223521
12.5327 4226401
12.5351 4229281
12.5375 4232161
12.5399 4235041
12.5423 4237921
12.5447 4240801
12.5471 4243681
12.5494 4246561
12.611 4249441
12.6133 4252321
12.6157 4255201
12.6181 4258081
12.6205 4260961
12.6229 4263841
12.6253 4266721
12.6277 4269601
12.6301 4272481
12.6325 4275361
12.6351 4278241
12.6375 4281121
12.6399 4284001
12.6423 4286881
12.6447 4289761
12.6471 4292641
12.6495 4295521
12.6519 4298401
12.7118 4301281
12.7142 4304161
12.7166 4307041
12.719 4309921
12.7214 4312801
12.7238 4315681
12.7262 4318561
12.7286 4321441
12.731 4324321
12.7334 4327201
12.736 4330081
12.7384 4332961
12.7408 4335841
12.7432 4338721
12.7456 4341601
12.748 4344481
12.7504 4347361
12.7528 4350241
12.813 4353121
12.8154 4356001
12.8177 4358881
12.8201 4361761
12.8225 4364641
12.8249 4367521
12.8273 4370401
12.8297 4373281
12.8321 4376161
12.8345 4379041
12.8369 4381921
12.8393 4384801
12.8417 4387681
12.844 4390561
12.8464 4393441
12.8488 4396321
12.8512 4399201
12.8536 4402081
12.856 4404961
12.9152 4407841
12.9175 4410721
12.9199 4413601
12.9223 4416481
12.9247 4419361
12.9271 4422241
12.9295 4425121
12.9319 4428001
12.9343 4430881
12.9367 4433761
12.939 4436641
12.9414 4439521
12.9438 4442401
12.9462 4445281
12.9486 4448161
12.951 4451041
12.9534 4453921
12.9558 4456801
12.9582 4459681
13.0173 4462561
13.02 4465441
13.0224 4468321
13.0248 4471201
13.0272 4474081
13.0296 4476961
13.032 4479841
13.0344 4482721
13.0367 4485601
13.0391 4488481
13.0415 4491361
13.0439 4494241
13.0467 4497121
13.0491 4500001
13.0515 4502881
13.0539 4505761
13.0562 4508641
13.0586 4511521
13.061 4514401
13.1182 4517281
13.1209 4520161
13.1233 4523041
13.1257 4525921
13.1281 4528801
13.1305 4531681
13.1329 4534561
13.1352 4537441
13.1377 4540321
13.1401 4543201
13.1425 4546081
13.1449 4548961
13.1476 4551841
13.1501 4554721
13.1524 4557601
13.1548 4560481
13.1572 4563361
13.1596 4566241
13.162 4569121
13.2191 4572001
13.2221 4574881
13.2245 4577761
13.2269 4580641
13.2292 4583521
13.2316 4586401
13.234 4589281
13.2364 4592161
13.2388 4595041
13.2412 4597921
13.2436 4600801
13.246 4603681
13.2484 4606561
13.2508 4609441
13.2531 4612321
13.2555 4615201
13.2579 4618081
13.2603 4620961
13.2627 4623841
13.2651 4626721
13.3212 4629601
13.3242 4632481
13.3268 4635361
13.3292 4638241
13.3315 4641121
13.3339 4644001
13.3363 4646881
13.3387 4649761
13.3411 4652641
13.3435 4655521
13.3459 4658401
13.3483 4661281
13.3507 4664161
13.3531 4667041
13.3556 4669921
13.358 4672801
13.3604 4675681
13.3628 4678561
13.3652 4681441
13.3676 4684321
13.4233 4687201
13.4263 4690081
13.4288 4692961
13.4312 4695841
13.4336 4698721
13.436 4701601
13.4384 4704481
13.4408 4707361
13.4432 4710241
13.4456 4713121
13.448 4716001
13.4504 4718881
13.4528 4721761
13.4551 4724641
13.4575 4727521
13.4599 4730401
13.4626 4733281
13.465 4736161
13.4674 4739041
13.4698 4741921
13.5242 4744801
13.5272 4747681
13.5297 4750561
13.5321 4753441
13.5345 4756321
13.5369 4759201
13.5393 4762081
13.5417 4764961
13.5441 4767841
13.5465 4770721
13.5489 4773601
13.5513 4776481
13.5536 4779361
13.556 4782241
13.5584 4785121
13.5608 4788001
13.5635 4790881
13.5659 4793761
13.5683 4796641
13.5707 4799521
13.6254 4802401
13.6281 4805281
13.6306 4808161
13.6333 4811041
13.6357 4813921
13.6381 4816801
13.6405 4819681
13.6429 4822561
13.6453 4825441
13.6477 4828321
13.6501 4831201
13.6525 4834081
13.6549 4836961
13.6572 4839841
13.6596 4842721
13.662 4845601
13.6644 4848481
13.6668 4851361
13.6692 4854241
13.6716 4857121
13.674 4860001
13.7275 4862881
13.7303 4865761
13.7327 4868641
13.7354 4871521
13.7378 4874401
13.7402 4877281
13.7428 4880161
13.7452 4883041
13.7476 4885921
13.75 4888801
13.7523 4891681
13.7547 4894561
13.7571 4897441
13.7595 4900321
13.7619 4903201
13.7643 4906081
13.7667 4908961
13.7691 4911841
13.7715 4914721
13.7739 4917601
13.7763 4920481
13.8296 4923361
13.8324 4926241
13.8348 4929121
13.8375 4932001
13.8401 4934881
13.8425 4937761
13.8452 4940641
13.8476 4943521
13.85 4946401
13.8523 4949281
13.8547 4952161
13.8571 4955041
13.8595 4957921
13.8619 4960801
13.8643 4963681
13.8667 4966561
13.8691 4969441
13.8715 4972321
13.8739 4975201
13.8763 4978081
13.8786 4980961
13.9305 4983841
13.9333 4986721
13.9357 4989601
13.9384 4992481
13.9409 4995361
13.9433 4998241
13.9461 5001121
13.9485 5004001
13.9508 5006881
13.9532 5009761
13.9556 5012641
13.9581 5015521
13.9605 5018401
13.9629 5021281
13.9653 5024161
13.9677 5027041
13.9701 5029921
13.9725 5032801
13.9749 5035681
13.9773 5038561
13.9797 5041441
14.0314 5044321
14.0342 5047201
14.0366 5050081
14.0393 5052961
14.0418 5055841
14.0442 5058721
14.047 5061601
14.0493 5064481
14.0517 5067361
14.0541 5070241
14.0565 5073121
14.0594 5076001
14.0618 5078881
14.0642 5081761
14.0666 5084641
14.069 5087521
14.0713 5090401
14.0737 5093281
14.0761 5096161
14.0785 5099041
14.0809 5101921
14.0833 5104801
14.1334 5107681
14.1363 5110561
14.1387 5113441
14.1414 5116321
14.1439 5119201
14.1463 5122081
14.149 5124961
14.1514 5127841
14.1538 5130721
14.1562 5133601
14.1586 5136481
14.1617 5139361
14.164 5142241
14.1664 5145121
14.1688 5148001
14.1712 5150881
14.1736 5153761
14.176 5156641
14.1784 5159521
14.1808 5162401
14.1832 5165281
14.1856 5168161
14.2355 5171041
14.2384 5173921
14.2408 5176801
14.2435 5179681
14.246 5182561
14.2484 5185441
14.2511 5188321
14.2535 5191201
14.2559 5194081
14.2583 5196961
14.2607 5199841
14.2637 5202721
14.2661 5205601
14.2685 5208481
14.2709 5211361
14.2733 5214241
14.2757 5217121
14.2781 5220001
14.2805 5222881
14.2829 5225761
14.2853 5228641
14.2876 5231521
14.3364 5234401
14.3398 5237281
14.3422 5240161
14.3446 5243041
14.3469 5245921
14.3493 5248801
14.352 5251681
14.3544 5254561
14.3568 5257441
14.3592 5260321
14.3616 5263201
14.3646 5266081
14.367 5268961
14.3694 5271841
14.3718 5274721
14.3742 5277601
14.3766 5280481
14.379 5283361
14.3814 5286241
14.3837 5289121
14.3861 5292001
14.3885 5294881
14.4373 5297761
14.4408 5300641
14.4432 5303521
14.4457 5306401
14.4481 5309281
14.5541 5378401
14.5843 5381281
14.5867 5384161
14.5891 5387041
14.5915 5389921
14.6403 5392801
14.6427 5395681
14.6455 5398561
14.6478 5401441
14.6502 5404321
14.6526 5407201
14.655 5410081
14.6866 5412961
14.689 5415841
14.6914 5418721
14.6938 5421601
14.7424 5424481
14.7448 5427361
14.7475 5430241
14.7499 5433121
14.7523 5436001
14.7547 5438881
14.7571 5441761
14.7887 5444641
14.7911 5447521
14.7935 5450401
14.7959 5453281
14.8445 5456161
14.8469 5459041
14.8496 5461921
14.852 5464801
14.8544 5467681
14.8568 5470561
14.8592 5473441
14.8908 5476321
14.8932 5479201
14.8956 5482081
14.898 5484961
14.9454 5487841
14.9477 5490721
14.9505 5493601
14.9529 5496481
14.9553 5499361
14.9577 5502241
14.9601 5505121
14.9917 5508001
14.9941 5510881
14.9965 5513761
14.9989 5516641
15.0462 5519521
15.0486 5522401
15.0514 5525281
15.0538 5528161
15.0562 5531041
15.0586 5533921
15.061 5536801
15.0926 5539681
15.095 5542561
15.0974 5545441
15.0997 5548321
15.1021 5551201
15.1483 5554081
15.151 5556961
15.1535 5559841
15.1559 5562721
15.1583 5565601
15.1607 5568481
15.163 5571361
15.1947 5574241
15.197 5577121
15.1994 5580001
15.2018 5582881
15.2042 5585761
15.2504 5588641
15.2531 5591521
15.2556 5594401
15.258 5597281
15.2604 5600161
15.2627 5603041
15.2651 5605921
15.2967 5608801
15.2991 5611681
15.3015 5614561
15.3039 5617441
15.3063 5620321
15.3513 5623201
15.3539 5626081
15.3565 5628961
15.3589 5631841
15.3612 5634721
15.3636 5637601
15.366 5640481
15.3983 5643361
15.4007 5646241
15.4031 5649121
15.4055 5652001
15.4078 5654881
15.4522 5657761
15.4548 5660641
15.4574 5663521
15.4597 5666401
15.4621 5669281
15.4645 5672161
15.4669 5675041
15.4992 5677921
15.5016 5680801
15.5044 5683681
15.5068 5686561
15.5092 5689441
15.5532 5692321
15.5556 5695201
15.558 5698081
15.5604 5700961
15.5628 5703841
15.5652 5706721
15.5676 5709601
15.57 5712481
15.6014 5715361
15.6038 5718241
15.6065 5721121
15.6089 5724001
15.6113 5726881
15.6553 5729761
15.6577 5732641
15.6601 5735521
15.6625 5738401
15.6649 5741281
15.6673 5744161
15.6697 5747041
15.6721 5749921
15.7035 5752801
15.7059 5755681
15.7086 5758561
15.711 5761441
15.7134 5764321
15.7577 5767201
15.7601 5770081
15.7625 5772961
15.7649 5775841
15.7673 5778721
15.7697 5781601
15.7721 5784481
15.7745 5787361
15.8044 5790241
15.8068 5793121
15.8095 5796001
15.8119 5798881
15.8143 5801761
15.8586 5804641
15.8611 5807521
15.8637 5810401
15.8663 5813281
15.8687 5816161
15.871 5819041
15.8734 5821921
15.8758 5824801
15.9053 5827681
15.9077 5830561
15.9104 5833441
15.9128 5836321
15.9152 5839201
15.9595 5842081
15.9621 5844961
15.9646 5847841
15.9672 5850721
15.9695 5853601
15.9719 5856481
15.9743 5859361
15.9767 5862241
15.9791 5865121
16.0074 5868001
16.0098 5870881
16.0125 5873761
16.0149 5876641
16.0173 5879521
16.0616 5882401
16.0642 5885281
16.0666 5888161
16.0692 5891041
16.0716 5893921
16.074 5896801
16.0764 5899681
16.0788 5902561
16.0812 5905441
16.1095 5908321
16.1119 5911201
16.1146 5914081
16.117 5916961
16.1193 5919841
16.1637 5922721
16.1662 5925601
16.1687 5928481
16.1713 5931361
16.1737 5934241
16.1761 5937121
16.1785 5940001
16.1809 5942881
16.1833 5945761
16.2104 5948641
16.2128 5951521
16.2155 5954401
16.2178 5957281
16.2202 5960161
16.2646 5963041
16.2671 5965921
16.2696 5968801
16.2722 5971681
16.2746 5974561
16.277 5977441
16.2794 5980321
16.2818 5983201
16.2842 5986081
16.3113 5988961
16.3136 5991841
16.3163 5994721
16.3187 5997601
16.3211 6000481
16.3655 6003361
16.368 6006241
16.3705 6009121
16.3731 6012001
16.3755 6014881
16.3779 6017761
16.3803 6020641
16.3827 6023521
16.3851 6026401
16.3874 6029281
16.4133 6032161
16.4157 6035041
16.4184 6037921
16.4208 6040801
16.4232 6043681
16.4676 6046561
16.4701 6049441
16.4726 6052321
16.4752 6055201
16.4776 6058081
16.48 6060961
16.4824 6063841
16.4848 6066721
16.4871 6069601
16.4895 6072481
16.5154 6075361
16.5178 6078241
16.5205 6081121
16.5229 6084001
16.5253 6086881
16.5698 6089761
16.5722 6092641
16.5747 6095521
16.5773 6098401
16.5797 6101281
16.5821 6104161
16.5844 6107041
16.5868 6109921
16.5892 6112801
16.5916 6115681
16.6163 6118561
16.6187 6121441
16.6214 6124321
16.6238 6127201
16.6262 6130081
16.6707 6132961
16.6731 6135841
16.6756 6138721
16.6782 6141601
16.6806 6144481
16.6829 6147361
16.6853 6150241
16.6877 6153121
16.6901 6156001
16.6925 6158881
16.7172 6161761
16.7196 6164641
16.7223 6167521
16.7247 6170401
16.7271 6173281
16.7716 6176161
16.774 6179041
16.7765 6181921
16.7791 6184801
16.7814 6187681
16.7838 6190561
16.7862 6193441
16.7886 6196321
16.791 6199201
16.7934 6202081
16.8181 6204961
16.8205 6207841
16.8229 6210721
16.8253 6213601
16.8277 6216481
16.83 6219361
16.8737 6222241
16.8761 6225121
16.8785 6228001
16.8811 6230881
16.8835 6233761
16.8859 6236641
16.8883 6239521
16.8907 6242401
16.8931 6245281
16.8955 6248161
16.9202 6251041
16.9226 6253921
16.925 6256801
17.0308 6305761
17.0937 6308641
17.0961 6311521
17.0985 6314401
17.1232 6317281
17.1256 6320161
17.1279 6323041
17.1305 6325921
17.1946 6328801
17.197 6331681
17.1994 6334561
17.2241 6337441
17.2264 6340321
17.2288 6343201
17.2314 6346081
17.2955 6348961
17.2979 6351841
17.3003 6354721
17.325 6357601
17.3274 6360481
17.3298 6363361
17.3326 6366241
17.3964 6369121
17.3987 6372001
17.4011 6374881
17.4035 6377761
17.4271 6380641
17.4295 6383521
17.4319 6386401
17.4347 6389281
17.4984 6392161
17.5011 6395041
17.5035 6397921
17.5059 6400801
17.5292 6403681
17.5316 6406561
17.534 6409441
17.5369 6412321
17.6005 6415201
17.6032 6418081
17.6056 6420961
17.608 6423841
17.6301 6426721
17.6325 6429601
17.6349 6432481
17.6377 6435361
17.7014 6438241
17.7041 6441121
17.7065 6444001
17.7088 6446881
17.731 6449761
17.7337 6452641
17.7361 6455521
17.7389 6458401
17.8023 6461281
17.805 6464161
17.8073 6467041
17.8097 6469921
17.8319 6472801
17.8342 6475681
17.8366 6478561
17.839 6481441
17.8414 6484321
17.9044 6487201
17.907 6490081
17.9094 6492961
17.9118 6495841
17.9339 6498721
17.9363 6501601
17.9387 6504481
17.9411 6507361
17.9435 6510241
18.0065 6513121
18.0091 6516001
18.0115 6518881
18.0139 6521761
18.0363 6524641
18.0386 6527521
18.041 6530401
18.0434 6533281
18.0458 6536161
18.1074 6539041
18.11 6541921
18.1124 6544801
18.1148 6547681
18.1371 6550561
18.1395 6553441
18.1419 6556321
18.1443 6559201
18.1467 6562081
18.209 6564961
18.2115 6567841
18.2139 6570721
18.2162 6573601
18.238 6576481
18.2404 6579361
18.2428 6582241
18.2452 6585121
18.2476 6588001
18.25 6590881
18.3111 6593761
18.3135 6596641
18.3159 6599521
18.3185 6602401
18.3404 6605281
18.3428 6608161
18.3452 6611041
18.3476 6613921
18.35 6616801
18.3524 6619681
18.4132 6622561
18.4156 6625441
18.418 6628321
18.4206 6631201
18.4426 6634081
18.4452 6636961
18.4476 6639841
18.4501 6642721
18.4525 6645601
18.4549 6648481
18.5143 6651361
18.5167 6654241
18.5191 6657121
18.5218 6660001
18.5435 6662881
18.546 6665761
18.5485 6668641
18.551 6671521
18.5534 6674401
18.5558 6677281
18.6152 6680161
18.6175 6683041
18.6199 6685921
18.6227 6688801
18.6444 6691681
18.6469 6694561
18.6494 6697441
18.6523 6700321
18.6547 6703201
18.6571 6706081
18.716 6708961
18.7184 6711841
18.7208 6714721
18.7232 6717601
18.7256 6720481
18.7465 6723361
18.7493 6726241
18.7517 6729121
18.7544 6732001
18.7569 6734881
18.7593 6737761
18.8185 6740641
18.8209 6743521
18.8233 6746401
18.8257 6749281
18.8281 6752161
18.8485 6755041
18.8514 6757921
18.8538 6760801
18.8565 6763681
18.859 6766561
18.8614 6769441
18.9206 6772321
18.923 6775201
18.9254 6778081
18.9278 6780961
18.9302 6783841
18.9494 6786721
18.9523 6789601
18.9547 6792481
18.9574 6795361
18.9599 6798241
18.9622 6801121
19.0215 6804001
19.0239 6806881
19.0263 6809761
19.0291 6812641
19.0314 6815521
19.0506 6818401
19.0532 6821281
19.0556 6824161
19.0582 6827041
19.0607 6829921
19.0631 6832801
19.1224 6835681
19.1248 6838561
19.1272 6841441
19.1299 6844321
19.1323 6847201
19.1347 6850081
19.1531 6852961
19.1555 6855841
19.1579 6858721
19.1603 6861601
19.1628 6864481
19.1652 6867361
19.2245 6870241
19.2269 6873121
19.2293 6876001
19.2323 6878881
19.2346 6881761
19.237 6884641
19.2552 6887521
19.2576 6890401
19.26 6893281
19.2624 6896161
19.2652 6899041
19.2676 6901921
19.3266 6904801
19.329 6907681
19.3313 6910561
19.3343 6913441
19.3367 6916321
19.3394 6919201
19.3573 6922081
19.3597 6924961
19.3621 6927841
19.3645 6930721
19.3668 6933601
19.3692 6936481
19.4275 6939361
19.4298 6942241
19.4322 6945121
19.4352 6948001
19.4376 6950881
19.4406 6953761
19.4582 6956641
19.4606 6959521
19.463 6962401
19.4653 6965281
19.4677 6968161
19.4701 6971041
19.5283 6973921
19.5307 6976801
19.5331 6979681
19.5361 6982561
19.5385 6985441
19.5415 6988321
19.5591 6991201
19.5615 6994081
19.5638 6996961
19.5662 6999841
19.5686 7002721
19.571 7005601
19.5734 7008481
19.6304 7011361
19.6328 7014241
19.6352 7017121
19.6382 7020001
19.6406 7022881
19.6436 7025761
19.6611 7028641
19.6635 7031521
19.6659 7034401
19.6695 7035841
19.7752 7077601
19.8632 7080481
19.8656 7083361
19.868 7086241
19.8713 7089121
19.8737 7092001
19.8761 7094881
19.9653 7097761
19.9677 7100641
19.9701 7103521
19.9737 7106401
19.9761 7109281
19.9785 7112161
20.0674 7115041
20.0698 7117921
20.0722 7120801
20.0746 7123681
20.077 7126561
20.0794 7129441
20.1683 7132321
20.1707 7135201
20.1731 7138081
20.1755 7140961
20.1779 7143841
20.1803 7146721
20.2692 7149601
20.2716 7152481
20.274 7155361
20.2763 7158241
20.2787 7161121
20.2811 7164001
20.2835 7166881
20.3713 7169761
20.3737 7172641
20.376 7175521
20.3784 7178401
20.3808 7181281
20.3832 7184161
20.3856 7187041
20.4736 7189921
20.4759 7192801
20.4783 7195681
20.4807 7198561
20.4831 7201441
20.4855 7204321
20.4879 7207201
20.5744 7210081
20.5768 7212961
20.5795 7215841
20.5819 7218721
20.5843 7221601
20.5867 7224481
20.5891 7227361
20.6753 7230241
20.6777 7233121
20.6804 7236001
20.6828 7238881
20.6852 7241761
20.6876 7244641
20.69 7247521
20.6924 7250401
20.7777 7253281
20.7801 7256161
20.7828 7259041
20.7852 7261921
20.7876 7264801
20.79 7267681
20.7923 7270561
20.7947 7273441
20.8798 7276321
20.8822 7279201
20.8849 7282081
20.8873 7284961
20.8896 7287841
20.892 7290721
20.8944 7293601
20.8968 7296481
20.9807 7299361
20.9831 7302241
20.9861 7305121
20.9884 7308001
20.9908 7310881
20.9932 7313761
20.9956 7316641
20.998 7319521
21.0816 7322401
21.084 7325281
21.0869 7328161
21.0895 7331041
21.0919 7333921
21.0943 7336801
21.0968 7339681
21.0992 7342561
21.1825 7345441
21.1849 7348321
21.1872 7351201
21.1896 7354081
21.192 7356961
21.1944 7359841
21.1968 7362721
21.1992 7365601
21.2016 7368481
21.2846 7371361
21.2869 7374241
21.2893 7377121
21.2917 7380001
21.2941 7382881
21.2965 7385761
21.2989 7388641
21.3013 7391521
21.3037 7394401
21.3866 7397281
21.389 7400161
21.3914 7403041
21.3938 7405921
21.3962 7408801
21.3986 7411681
21.401 7414561
21.4034 7417441
21.4058 7420321
21.4875 7423201
21.4899 7426081
21.4923 7428961
21.4947 7431841
21.4971 7434721
21.4999 7437601
21.5023 7440481
21.5047 7443361
21.507 7446241
21.5884 7449121
21.5908 7452001
21.5932 7454881
21.5956 7457761
21.598 7460641
21.6004 7463521
21.6028 7466401
21.6052 7469281
21.6075 7472161
21.6099 7475041
21.6905 7477921
21.6929 7480801
21.6953 7483681
21.6977 7486561
21.7001 7489441
21.7025 7492321
21.7048 7495201
21.7072 7498081
21.7096 7500961
21.712 7503841
21.7926 7506721
21.795 7509601
21.7974 7512481
21.7998 7515361
21.8021 7518241
21.8045 7521121
21.8069 7524001
21.8093 7526881
21.8117 7529761
21.8141 7532641
21.8935 7535521
21.8959 7538401
21.8983 7541281
21.9006 7544161
21.903 7547041
21.9054 7549921
21.9078 7552801
21.9102 7555681
21.9126 7558561
21.915 7561441
21.9944 7564321
21.9968 7567201
21.9991 7570081
22.0015 7572961
22.0039 7575841
22.0063 7578721
22.0087 7581601
22.0111 7584481
22.0135 7587361
22.0159 7590241
22.0183 7593121
22.0968 7596001
22.0992 7598881
22.1016 7601761
22.1039 7604641
22.1063 7607521
22.1087 7610401
22.1111 7613281
22.1135 7616161
22.1159 7619041
22.1183 7621921
22.1207 7624801
22.1989 7627681
22.2013 7630561
22.2036 7633441
22.206 7636321
22.2084 7639201
22.2108 7642081
22.2133 7644961
22.2157 7647841
22.218 7650721
22.2211 7653601
22.2235 7656481
22.2998 7659361
22.3021 7662241
22.3045 7665121
22.3069 7668001
22.3093 7670881
22.3117 7673761
22.3142 7676641
22.3165 7679521
22.3189 7682401
22.322 7685281
22.3245 7688161
22.4008 7691041
22.4032 7693921
22.4056 7696801
22.408 7699681
22.4104 7702561
22.4128 7705441
22.4152 7708321
22.4176 7711201
22.42 7714081
22.4229 7716961
22.4253 7719841
22.4277 7722721
22.5029 7725601
22.5053 7728481
22.5077 7731361
22.5101 7734241
22.5125 7737121
22.5149 7740001
22.5173 7742881
22.5197 7745761
22.522 7748641
22.525 7751521
22.5274 7754401
22.5298 7757281
22.605 7760161
22.6074 7763041
22.6098 7765921
22.6122 7768801
22.6146 7771681
22.617 7774561
22.6194 7777441
22.6217 7780321
22.6241 7783201
22.6271 7786081
22.6294 7788961
22.6318 7791841
22.7062 7794721
22.7086 7797601
22.711 7800481
22.7134 7803361
22.7158 7806241
22.7182 7809121
22.7206 7812001
22.723 7814881
22.7253 7817761
22.7279 7820641
22.7303 7823521
22.7327 7826401
22.8071 7829281
22.8095 7832161
22.8119 7835041
22.8145 7837921
22.8168 7840801
22.8192 7843681
22.8216 7846561
22.824 7849441
22.8264 7852321
22.8288 7855201
22.8312 7858081
22.8336 7860961
22.908 7863841
22.9104 7866721
22.9129 7869601
22.9153 7872481
22.9177 7875361
22.9201 7878241
22.9225 7881121
22.9249 7884001
22.9273 7886881
22.9297 7889761
22.9321 7892641
22.9345 7895521
22.9369 7898401
23.0101 7901281
23.0125 7904161
23.015 7907041
23.0174 7909921
23.0198 7912801
23.1266 7954561
23.2155 7957441
23.218 7960321
23.2203 7963201
23.2227 7966081
23.2251 7968961
23.2275 7971841
23.3176 7974721
23.32 7977601
23.3224 7980481
23.3248 7983361
23.3272 7986241
23.3296 7989121
23.4196 7992001
23.422 7994881
23.4244 7997761
23.4268 8000641
23.4292 8003521
23.4316 8006401
23.5206 8009281
23.523 8012161
23.5254 8015041
23.5277 8017921
23.5301 8020801
23.5325 8023681
23.6215 8026561
23.6239 8029441
23.6262 8032321
23.6286 8035201
23.631 8038081
23.6334 8040961
23.6358 8043841
23.7236 8046721
23.7259 8049601
23.7283 8052481
23.7307 8055361
23.7331 8058241
23.7355 8061121
23.7379 8064001
23.8258 8066881
23.8282 8069761
23.8306 8072641
23.833 8075521
23.8354 8078401
23.8378 8081281
23.8402 8084161
23.9267 8087041
23.9291 8089921
23.9315 8092801
23.9339 8095681
24.0399 8120161
24.1357 8123041
24.1387 8125921
24.1411 8128801
24.2378 8131681
24.2408 8134561
24.2432 8137441
24.3403 8140321
24.3427 8143201
24.3451 8146081
24.4412 8148961
24.4437 8151841
24.4465 8154721
24.5423 8157601
24.545 8160481
24.5473 8163361
24.5497 8166241
24.6443 8169121
24.647 8172001
24.6497 8174881
24.6521 8177761
24.7464 8180641
24.7491 8183521
24.7517 8186401
24.7541 8189281
24.8473 8192161
24.85 8195041
24.8529 8197921
24.8553 8200801
24.9485 8203681
24.9509 8206561
24.9538 8209441
24.9562 8212321
25.0494 8215201
25.0518 8218081
25.0542 8220961
25.0566 8223841
25.059 8226721
25.1521 8229601
25.1545 8232481
25.1569 8235361
25.1593 8238241
25.1617 8241121
25.2545 8244001
25.2569 8246881
25.2593 8249761
25.2617 8252641
25.264 8255521
25.3554 8258401
25.3578 8261281
25.3602 8264161
25.3625 8267041
25.3649 8269921
25.4565 8272801
25.4589 8275681
25.4613 8278561
25.4636 8281441
25.466 8284321
25.4684 8287201
25.5586 8290081
25.561 8292961
25.5633 8295841
25.5657 8298721
25.5681 8301601
25.5705 8304481
25.6609 8307361
25.6632 8310241
25.6656 8313121
25.668 8316001
25.6704 8318881
25.6728 8321761
25.7617 8324641
25.7641 8327521
25.7665 8330401
25.7689 8333281
25.7713 8336161
25.7737 8339041
25.8632 8341921
25.8656 8344801
25.868 8347681
25.8704 8350561
25.8728 8353441
25.8752 8356321
25.9644 8359201
25.9668 8362081
25.9692 8364961
25.9716 8367841
25.974 8370721
25.9764 8373601
25.9788 8376481
26.0665 8379361
26.0689 8382241
26.0713 8385121
26.0737 8388001
26.0761 8390881
26.0785 8393761
26.0809 8396641
26.1686 8399521
26.171 8402401
26.1734 8405281
26.1758 8408161
26.1782 8411041
26.1806 8413921
26.1829 8416801
26.2695 8419681
26.2719 8422561
26.2743 8425441
26.2767 8428321
26.2791 8431201
26.2814 8434081
26.2838 8436961
26.3704 8439841
26.3728 8442721
26.3764 8444161
26.4809 8470081
26.5746 8472961
26.5782 8475841
26.5806 8478721
26.6755 8481601
26.6791 8484481
26.6815 8487361
26.7763 8490241
26.7799 8493121
26.7823 8496001
26.8772 8498881
26.8808 8501761
26.8832 8504641
26.8856 8507521
26.9793 8510401
26.9829 8513281
26.9853 8516161
26.9877 8519041
27.0816 8521921
27.085 8524801
27.0874 8527681
27.0898 8530561
27.1825 8533441
27.1859 8536321
27.1883 8539201
27.1907 8542081
27.2834 8544961
27.2868 8547841
27.2892 8550721
27.2916 8553601
27.3843 8556481
27.387 8559361
27.3894 8562241
27.3917 8565121
27.3941 8568001
27.4864 8570881
27.489 8573761
27.4917 8576641
27.494 8579521
27.4964 8582401
27.5885 8585281
27.5911 8588161
27.5935 8591041
27.5959 8593921
27.5983 8596801
27.6894 8599681
27.692 8602561
27.6944 8605441
27.6968 8608321
27.6992 8611201
27.7902 8614081
27.7929 8616961
27.7953 8619841
27.7977 8622721
27.8001 8625601
27.8025 8628481
27.8923 8631361
27.895 8634241
27.8974 8637121
27.8998 8640001
27.9022 8642881
27.9046 8645761
27.9948 8648641
27.9973 8651521
27.9997 8654401
28.0021 8657281
28.0045 8660161
28.0069 8663041
28.0957 8665921
28.0982 8668801
28.1007 8671681
28.1031 8674561
28.1054 8677441
28.108 8680321
28.197 8683201
28.1994 8686081
28.2017 8688961
28.2041 8691841
28.2065 8694721
28.2089 8697601
28.2978 8700481
28.3002 8703361
28.3026 8706241
28.305 8709121
28.3074 8712001
28.3098 8714881
28.3122 8717761
28.3999 8720641
28.4023 8723521
28.4047 8726401
28.4071 8729281
28.4095 8732161
28.4119 8735041
28.4143 8737921
28.502 8740801
28.5044 8743681
28.5068 8746561
28.5092 8749441
28.5116 8752321
28.514 8755201
28.5164 8758081
28.6029 8760961
28.6053 8763841
28.6077 8766721
28.6101 8769601
28.6125 8772481
28.6149 8775361
28.6173 8778241
28.7038 8781121
28.7062 8784001
28.7086 8786881
28.711 8789761
28.7134 8792641
28.7158 8795521
28.7206 8801281
28.8059 8804161
28.8084 8807041
28.8108 8809921
28.8132 8812801
28.8156 8815681
28.8179 8818561
28.8226 8821441
28.825 8824321
28.9082 8827201
28.9106 8830081
28.913 8832961
28.9154 8835841
28.9179 8838721
28.9203 8841601
28.9247 8844481
28.9271 8847361
29.0091 8850241
29.0118 8853121
29.0142 8856001
29.0166 8858881
29.019 8861761
29.0214 8864641
29.0256 8867521
29.028 8870401
29.11 8873281
29.113 8876161
29.1154 8879041
29.1178 8881921
29.1201 8884801
29.1225 8887681
29.1265 8890561
29.1289 8893441
29.1313 8896321
29.2121 8899201
29.2151 8902081
29.2174 8904961
29.2198 8907841
29.2222 8910721
29.2246 8913601
29.2286 8916481
29.231 8919361
29.2334 8922241
29.3142 8925121
29.3171 8928001
29.3199 8930881
29.3222 8933761
29.3246 8936641
29.327 8939521
29.3307 8942401
29.3331 8945281
29.3355 8948161
29.4163 8951041
29.4188 8953921
29.4212 8956801
29.4236 8959681
29.426 8962561
29.4284 8965441
29.4316 8968321
29.434 8971201
29.4363 8974081
29.5172 8976961
29.5197 8979841
29.5221 8982721
29.5248 8985601
29.5272 8988481
29.5296 8991361
29.5328 8994241
29.5352 8997121
29.5376 9000001
29.6181 9002881
29.6207 9005761
29.6231 9008641
29.6255 9011521
29.6279 9014401
29.6303 9017281
29.6327 9020161
29.6351 9023041
29.6375 9025921
29.6399 9028801
29.7202 9031681
29.7228 9034561
29.7252 9037441
29.7276 9040321
29.73 9043201
29.7324 9046081
29.7348 9048961
29.7372 9051841
29.7399 9054721
29.7423 9057601
29.8223 9060481
29.8249 9063361
29.8273 9066241
29.8297 9069121
29.8321 9072001
29.8345 9074881
29.8369 9077761
29.8393 9080641
29.8417 9083521
29.8441 9086401
29.9232 9089281
29.9258 9092161
29.9282 9095041
29.9306 9097921
29.933 9100801
29.9354 9103681
29.9378 9106561
29.9401 9109441
29.9426 9112321
29.945 9115201
30.024 9118081
30.0267 9120961
30.0291 9123841
30.0315 9126721
30.0339 9129601
30.0363 9132481
30.0386 9135361
30.041 9138241
30.0434 9141121
30.0458 9144001
30.0482 9146881
