0.214217 1
0.331149 1441
0.449234 4321
0.567319 7201
0.684471 10081
0.686861 12961
0.802796 15841
0.805186 18721
0.807576 21601
0.92112 24481
0.923511 27361
0.925901 30241
0.928291 33121
1.03825 36001
1.04064 38881
1.04303 41761
1.04542 44641
1.04781 47521
1.0502 50401
1.15538 53281
1.15777 56161
1.16016 59041
1.16255 61921
1.16494 64801
1.16733 67681
1.16972 70561
1.17211 73441
1.1745 76321
1.27251 79201
1.2749 82081
1.27729 84961
1.27968 87841
1.28207 90721
1.28446 93601
1.28685 96481
1.28924 99361
1.29163 102241
1.29402 105121
1.29641 108001
1.2988 110881
1.30119 113761
1.30358 116641
1.39083 119521
1.39322 122401
1.39561 125281
1.398 128161
1.4004 131041
1.40279 133921
1.40518 136801
1.40757 139681
1.40996 142561
1.41235 145441
1.41474 148321
1.41713 151201
1.41952 154081
1.42191 156961
1.42439 159841
1.42678 162721
1.42917 165601
1.43156 168481
1.43635 174241
1.43874 177121
1.50892 180001
1.51131 182881
1.5137 185761
1.51609 188641
1.51848 191521
1.52087 194401
1.52326 197281
1.52565 200161
1.52804 203041
1.53043 205921
1.53289 208801
1.53528 211681
1.53767 214561
1.54006 217441
1.54246 220321
1.54485 223201
1.54724 226081
1.54963 228961
1.55202 231841
1.55441 234721
1.5568 237601
1.55919 240481
1.5618 243361
1.56419 246241
1.56658 249121
1.56897 252001
1.57136 254881
1.57375 257761
1.57614 260641
1.57853 263521
1.58092 266401
1.627 269281
1.62973 272161
1.63212 275041
1.63451 277921
1.6369 280801
1.63929 283681
1.64168 286561
1.64407 289441
1.64646 292321
1.64885 295201
1.65124 298081
1.65363 300961
1.65602 303841
1.65841 306721
1.6608 309601
1.66319 312481
1.66558 315361
1.66797 318241
1.67036 321121
1.67276 324001
1.67515 326881
1.67754 329761
1.67993 332641
1.68232 335521
1.68471 338401
1.6871 341281
1.68949 344161
1.69188 347041
1.69427 349921
1.69666 352801
1.69905 355681
1.70144 358561
1.70383 361441
1.70622 364321
1.70861 367201
1.711 370081
1.71339 372961
1.71578 375841
1.71817 378721
1.72056 381601
1.72295 384481
1.72534 387361
1.72773 390241
1.73012 393121
1.73251 396001
1.73506 398881
1.74389 401761
1.74628 404641
1.74867 407521
1.75106 410401
1.75345 413281
1.75584 416161
1.75824 419041
1.76063 421921
1.76302 424801
1.76541 427681
1.7678 430561
1.77019 433441
1.77258 436321
1.77497 439201
1.77736 442081
1.77975 444961
1.78214 447841
1.78453 450721
1.78692 453601
1.78931 456481
1.7917 459361
1.79409 462241
1.79648 465121
1.79887 468001
1.80126 470881
1.80365 473761
1.80604 476641
1.80843 479521
1.81082 482401
1.81321 485281
1.8156 488161
1.81799 491041
1.82039 493921
1.82278 496801
1.82517 499681
1.82756 502561
1.82995 505441
1.83234 508321
1.83473 511201
1.83712 514081
1.83951 516961
1.8419 519841
1.84429 522721
1.84668 525601
1.84907 528481
1.85146 531361
1.85385 534241
1.85624 537121
1.85863 540001
1.86102 542881
1.86341 545761
1.8658 548641
1.86819 551521
1.87058 554401
1.87297 557281
1.87536 560161
1.87775 563041
1.88015 565921
1.88254 568801
1.88493 571681
1.88732 574561
1.88971 577441
1.8921 580321
1.89449 583201
1.89688 586081
1.89927 588961
1.90166 591841
1.90405 594721
1.90644 597601
1.90883 600481
1.91122 603361
1.91361 606241
1.916 609121
1.91839 612001
1.92078 614881
1.92317 617761
1.92556 620641
1.92795 623521
1.93034 626401
1.93273 629281
1.93512 632161
1.93751 635041
1.93991 637921
1.9423 640801
1.94469 643681
1.94708 646561
1.94947 649441
1.95186 652321
1.95425 655201
1.95664 658081
1.95903 660961
1.96142 663841
1.96381 666721
1.9662 669601
1.96859 672481
1.97098 675361
1.97337 678241
1.97576 681121
1.97815 684001
1.98054 686881
1.98293 689761
1.98532 692641
1.98771 695521
1.9901 698401
1.99249 701281
1.99488 704161
1.99727 707041
1.99967 709921
2.00206 712801
2.00445 715681
2.00684 718561
2.00923 721441
2.01162 724321
2.01401 727201
2.0164 730081
2.01879 732961
2.02119 734401
2.32241 856801
2.32361 918721
2.3248 950401
2.34761 967681
2.36195 987841
2.37867 1048321
2.42885 1103041
2.48142 1283041
2.48382 1285921
2.48621 1288801
2.4886 1291681
2.49099 1294561
2.49338 1297441
2.49577 1300321
2.49816 1303201
2.50055 1306081
2.50294 1307521
2.50533 1310401
2.50772 1313281
2.51011 1316161
2.5125 1319041
2.51489 1321921
2.51728 1324801
2.52087 1327681
2.52326 1330561
2.52565 1333441
2.52804 1336321
2.53043 1339201
2.53282 1342081
2.53521 1344961
2.53879 1347841
2.54118 1350721
2.54358 1353601
2.54597 1356481
2.54836 1359361
2.55075 1362241
2.55314 1365121
2.55553 1368001
2.55792 1370881
2.56031 1373761
2.5627 1376641
2.56509 1379521
2.56748 1382401
2.56987 1385281
2.57226 1388161
2.57465 1391041
2.57704 1393921
2.57943 1396801
2.58182 1399681
2.58421 1402561
2.5866 1405441
2.59019 1408321
2.59258 1411201
2.59497 1414081
2.59736 1416961
2.59975 1419841
2.60214 1422721
2.60453 1425601
2.60692 1428481
2.60931 1431361
2.6117 1434241
2.61409 1437121
2.61648 1440001
2.61887 1442881
2.62126 1445761
2.62365 1448641
2.62604 1451521
2.62843 1454401
2.63082 1457281
2.63322 1460161
2.63561 1463041
2.638 1465921
2.64039 1468801
2.64278 1471681
2.64517 1474561
2.64757 1477441
2.64996 1480321
2.65235 1483201
2.65474 1486081
2.65713 1488961
2.65952 1491841
2.66191 1494721
2.66431 1497601
2.6667 1500481
2.66909 1503361
2.67148 1506241
2.67387 1509121
2.67626 1512001
2.67865 1514881
2.68104 1517761
2.68343 1520641
2.68582 1523521
2.68821 1526401
2.6906 1529281
2.69299 1532161
2.69538 1535041
2.69777 1537921
2.70016 1540801
2.70255 1543681
2.70494 1546561
2.70733 1549441
2.70972 1552321
2.71211 1555201
2.7145 1558081
2.71689 1560961
2.71928 1563841
2.72167 1566721
2.72407 1569601
2.72646 1572481
2.72885 1575361
2.73124 1578241
2.73363 1581121
2.73602 1584001
2.73841 1586881
2.7408 1589761
2.74319 1592641
2.74558 1595521
2.74797 1598401
2.75036 1601281
2.75275 1604161
2.75514 1607041
2.75753 1609921
2.75992 1612801
2.76231 1615681
2.7647 1618561
2.76709 1621441
2.76948 1624321
2.77187 1627201
2.77426 1630081
2.77665 1632961
2.77904 1635841
2.78143 1638721
2.78383 1641601
2.78622 1644481
2.78861 1647361
2.791 1650241
2.79339 1653121
2.79578 1656001
2.79817 1658881
2.80056 1661761
2.80295 1664641
2.80534 1667521
2.80773 1670401
2.81012 1673281
2.81251 1676161
2.8149 1679041
2.81729 1681921
2.81968 1684801
2.82207 1687681
2.82446 1690561
2.82685 1693441
2.82924 1696321
2.83163 1699201
2.83402 1702081
2.83641 1704961
2.8388 1707841
2.84119 1710721
2.84359 1713601
2.84598 1716481
2.84837 1719361
2.85076 1722241
2.85315 1725121
2.85554 1728001
2.85793 1730881
2.86032 1733761
2.86271 1736641
2.8651 1739521
2.86749 1742401
2.86988 1745281
2.87227 1748161
2.87466 1751041
2.87705 1753921
2.87944 1756801
2.88183 1759681
2.88422 1762561
2.88661 1765441
2.889 1768321
2.89139 1771201
2.89378 1774081
2.89617 1776961
2.89856 1779841
2.90095 1782721
2.90335 1785601
2.90574 1788481
2.90813 1791361
2.91052 1794241
2.91291 1797121
2.9153 1800001
2.91769 1802881
2.92008 1805761
2.92247 1808641
2.92486 1811521
2.92725 1814401
2.92964 1817281
2.93203 1820161
2.93442 1823041
2.93681 1825921
2.9392 1828801
2.94159 1831681
2.94398 1834561
2.94637 1837441
2.94876 1840321
2.95115 1843201
2.95354 1846081
2.95593 1848961
2.95832 1851841
2.96071 1854721
2.96311 1857601
2.9655 1860481
2.96789 1863361
2.97028 1866241
2.97267 1869121
2.97506 1872001
2.97745 1874881
2.97984 1877761
2.98223 1880641
2.98462 1883521
2.98701 1886401
2.9894 1889281
2.99179 1892161
2.99418 1895041
2.99657 1897921
2.99896 1900801
3.00135 1903681
3.00374 1906561
3.00613 1909441
3.00852 1912321
3.01091 1915201
3.0133 1918081
3.01569 1920961
3.01808 1923841
3.02047 1926721
3.02286 1929601
3.02526 1932481
3.02765 1935361
3.03004 1938241
3.03243 1941121
3.03482 1944001
3.03721 1946881
3.0396 1949761
3.04199 1952641
3.04438 1955521
3.04677 1958401
3.04916 1961281
3.05155 1964161
3.05394 1967041
3.05633 1969921
3.05872 1972801
3.06111 1975681
3.0646 1977121
3.21877 2164321
3.26309 2167201
3.26548 2170081
3.26787 2172961
3.27026 2175841
3.27265 2178721
3.27504 2181601
3.27743 2184481
3.27982 2187361
3.28221 2190241
3.2846 2193121
3.28699 2196001
3.28938 2198881
3.29177 2201761
3.29416 2204641
3.29655 2207521
3.29894 2210401
3.30133 2213281
3.30372 2216161
3.30611 2219041
3.3085 2221921
3.31089 2224801
3.31328 2227681
3.31567 2230561
3.31806 2233441
3.32045 2236321
3.32285 2239201
3.32524 2242081
3.32763 2244961
3.33002 2247841
3.33241 2250721
3.3348 2253601
3.37997 2256481
3.38237 2259361
3.38476 2262241
3.38715 2265121
3.38954 2268001
3.39193 2270881
3.39432 2273761
3.39671 2276641
3.3991 2279521
3.40149 2282401
3.40388 2285281
3.40627 2288161
3.40866 2291041
3.41105 2293921
3.41367 2296801
3.41606 2299681
3.41845 2302561
3.42084 2305441
3.42323 2308321
3.42562 2311201
3.42801 2314081
3.4304 2316961
3.43287 2319841
3.43526 2322721
3.43765 2325601
3.44004 2328481
3.44243 2331361
3.44482 2334241
3.44721 2337121
3.4496 2340001
3.45199 2342881
3.49686 2345761
3.49925 2348641
3.50165 2351521
3.50404 2354401
3.50643 2357281
3.50882 2360161
3.51121 2363041
3.5136 2365921
3.51599 2368801
3.51838 2371681
3.52077 2374561
3.52316 2377441
3.52555 2380321
3.52794 2383201
3.53056 2386081
3.53295 2388961
3.53534 2391841
3.53773 2394721
3.54012 2397601
3.54251 2400481
3.5449 2403361
3.54729 2406241
3.54976 2409121
3.55215 2412001
3.55454 2414881
3.55693 2417761
3.55932 2420641
3.56171 2423521
3.5641 2426401
3.56649 2429281
3.56889 2432161
3.61375 2435041
3.61614 2437921
3.61853 2440801
3.62097 2443681
3.62336 2446561
3.62575 2449441
3.62814 2452321
3.63053 2455201
3.63292 2458081
3.63531 2460961
3.6377 2463841
3.64009 2466721
3.64248 2469601
3.64488 2472481
3.64727 2475361
3.64966 2478241
3.65205 2481121
3.65444 2484001
3.65683 2486881
3.65922 2489761
3.66161 2492641
3.664 2495521
3.66639 2498401
3.66878 2501281
3.67117 2504161
3.67356 2507041
3.67595 2509921
3.67834 2512801
3.68073 2515681
3.68312 2518561
3.68551 2521441
3.6879 2524321
3.73184 2527201
3.73423 2530081
3.73662 2532961
3.73906 2535841
3.74145 2538721
3.74384 2541601
3.74623 2544481
3.74862 2547361
3.75101 2550241
3.7534 2553121
3.75579 2556001
3.75818 2558881
3.76057 2561761
3.76296 2564641
3.76564 2567521
3.76803 2570401
3.77042 2573281
3.77281 2576161
3.7756 2579041
3.77799 2581921
3.78038 2584801
3.78277 2587681
3.78516 2590561
3.78755 2593441
3.78994 2596321
3.79233 2599201
3.79472 2602081
3.79711 2604961
3.7995 2607841
3.80189 2610721
3.80428 2613601
3.80667 2616481
3.84992 2619361
3.85231 2622241
3.8547 2625121
3.85714 2628001
3.85953 2630881
3.86192 2633761
3.86431 2636641
3.8667 2639521
3.86909 2642401
3.87148 2645281
3.87387 2648161
3.87626 2651041
3.87888 2653921
3.88127 2656801
3.88366 2659681
3.88605 2662561
3.88844 2665441
3.89083 2668321
3.89322 2671201
3.89561 2674081
3.898 2676961
3.90041 2679841
3.90281 2682721
3.9052 2685601
3.90763 2688481
3.91002 2691361
3.91241 2694241
3.9148 2697121
3.91719 2700001
3.91958 2702881
3.92197 2705761
3.92436 2708641
3.96681 2711521
3.9692 2714401
3.97159 2717281
3.97403 2720161
3.97642 2723041
3.97881 2725921
3.9812 2728801
3.98359 2731681
3.98598 2734561
3.98837 2737441
3.99076 2740321
3.99315 2743201
3.99577 2746081
3.99827 2748961
4.00066 2751841
4.00305 2754721
4.00544 2757601
4.00783 2760481
4.01022 2763361
4.01261 2766241
4.015 2769121
4.01739 2772001
4.01978 2774881
4.02217 2777761
4.02456 2780641
4.02695 2783521
4.02934 2786401
4.03173 2789281
4.03412 2792161
4.03652 2795041
4.03891 2797921
4.0413 2800801
4.08408 2803681
4.08647 2806561
4.08886 2809441
4.09125 2812321
4.09364 2815201
4.09604 2818081
4.09843 2820961
4.10082 2823841
4.10321 2826721
4.1056 2829601
4.10799 2832481
4.11038 2835361
4.11277 2838241
4.11516 2841121
4.11755 2844001
4.11994 2846881
4.12233 2849761
4.12472 2852641
4.12711 2855521
4.1295 2858401
4.13189 2861281
4.13428 2864161
4.13667 2867041
4.13906 2869921
4.14145 2872801
4.14384 2875681
4.14623 2878561
4.14862 2881441
4.15101 2884321
4.1534 2887201
4.1558 2890081
4.15819 2892961
4.16058 2895841
4.20217 2898721
4.20456 2901601
4.20695 2904481
4.20934 2907361
4.21173 2910241
4.21412 2913121
4.21651 2916001
4.2189 2918881
4.22129 2921761
4.22368 2924641
4.22607 2927521
4.22846 2930401
4.23085 2933281
4.23324 2936161
4.23563 2939041
4.23802 2941921
4.24041 2944801
4.2428 2947681
4.2452 2950561
4.24759 2953441
4.24998 2956321
4.25237 2959201
4.25476 2962081
4.25715 2964961
4.25954 2967841
4.26193 2970721
4.26432 2973601
4.26671 2976481
4.2691 2979361
4.27149 2982241
4.27388 2985121
4.27627 2988001
4.27869 2990881
4.32025 2993761
4.32264 2996641
4.32503 2999521
4.32742 3002401
4.32981 3005281
4.3322 3008161
4.3346 3011041
4.33699 3013921
4.33938 3016801
4.34177 3019681
4.34658 3025441
4.34897 3028321
4.35136 3031201
4.35375 3034081
4.35634 3036961
4.35873 3039841
4.36112 3042721
4.36351 3045601
4.3659 3048481
4.36829 3051361
4.37068 3054241
4.37313 3057121
4.37552 3060001
4.37792 3062881
4.38031 3065761
4.3827 3068641
4.38509 3071521
4.38748 3074401
4.38987 3077281
4.39226 3080161
4.39465 3083041
4.39704 3085921
4.43714 3088801
4.43953 3091681
4.44192 3094561
4.44431 3097441
4.4467 3100321
4.44909 3103201
4.45148 3106081
4.45388 3108961
4.45627 3111841
4.45866 3114721
4.46347 3117601
4.46586 3120481
4.46825 3123361
4.47064 3126241
4.47303 3129121
4.47542 3132001
4.47781 3134881
4.4802 3137761
4.48259 3140641
4.48498 3143521
4.48737 3146401
4.48976 3149281
4.49215 3152161
4.49454 3155041
4.49693 3157921
4.49959 3160801
4.50198 3163681
4.50437 3166561
4.50686 3169441
4.50955 3172321
4.51194 3175201
4.51433 3178081
4.51672 3180961
4.55406 3183841
4.55655 3186721
4.55894 3189601
4.56133 3192481
4.56372 3195361
4.56611 3198241
4.5685 3201121
4.57089 3204001
4.57328 3206881
4.57568 3209761
4.58069 3212641
4.58308 3215521
4.58547 3218401
4.58786 3221281
4.59025 3224161
4.59264 3227041
4.59503 3229921
4.59742 3232801
4.59981 3235681
4.6022 3238561
4.60459 3241441
4.60698 3244321
4.60937 3247201
4.61176 3250081
4.61416 3252961
4.61655 3255841
4.61894 3258721
4.62133 3261601
4.62372 3264481
4.62611 3267361
4.6285 3270241
4.63089 3273121
4.63328 3276001
4.63567 3278881
4.67215 3281761
4.67464 3284641
4.67703 3287521
4.67942 3290401
4.68181 3293281
4.6842 3296161
4.68659 3299041
4.68898 3301921
4.69137 3304801
4.69376 3307681
4.69877 3310561
4.82078 3411361
4.86349 3414241
4.86588 3417121
4.86827 3420001
4.87066 3422881
4.90721 3425761
4.90963 3428641
4.91202 3431521
4.91441 3434401
4.9168 3437281
4.91919 3440161
4.92158 3443041
4.92432 3445921
4.92696 3448801
4.92935 3451681
4.9341 3454561
4.93649 3457441
4.98038 3460321
4.98277 3463201
4.98516 3466081
4.98755 3468961
5.02409 3471841
5.02652 3474721
5.02891 3477601
5.0313 3480481
5.0349 3481921
5.15539 3525121
5.2699 3548161
5.27244 3551041
5.33766 3553921
5.34005 3556801
5.37599 3559681
5.37841 3562561
5.38109 3565441
5.3859 3568321
5.38952 3571201
5.45455 3574081
5.45694 3576961
5.49289 3579841
5.49558 3582721
5.49797 3585601
5.50279 3588481
5.62591 3614401
5.73296 3617281
5.73778 3620161
5.74141 3623041
5.84985 3625921
5.85467 3628801
5.8583 3631681
5.96674 3634561
5.97156 3637441
6.20054 3651841
6.21025 3654721
6.32714 3657601
6.44442 3660481
6.56134 3663361
6.67823 3666241
6.68062 3669121
6.79631 3672001
6.7987 3674881
6.9144 3677761
6.91679 3680641
7.03129 3683521
7.03368 3686401
7.14825 3689281
7.15065 3692161
7.26514 3695041
7.26753 3697921
7.26993 3700801
7.38323 3703681
7.38562 3706561
7.38801 3709441
7.50131 3712321
7.5037 3715201
7.50609 3718081
7.6182 3720961
7.62059 3723841
7.62302 3726721
7.73509 3729601
7.73748 3732481
7.73991 3735361
7.85235 3738241
7.85474 3741121
7.85713 3744001
7.85953 3746881
7.97047 3749761
7.97286 3752641
7.97525 3755521
7.97764 3758401
8.08855 3761281
8.09094 3764161
8.09333 3767041
8.09572 3769921
8.20544 3772801
8.20783 3775681
8.21022 3778561
8.21261 3781441
8.32233 3784321
8.32472 3787201
8.32711 3790081
8.3295 3792961
8.33189 3795841
8.44045 3798721
8.44284 3801601
8.44523 3804481
8.44762 3807361
8.45001 3810241
8.55885 3813121
8.56124 3816001
8.56363 3818881
8.56602 3821761
8.56841 3824641
8.67694 3827521
8.67959 3830401
8.68198 3833281
8.68437 3836161
8.68676 3839041
8.79382 3841921
8.79648 3844801
8.79887 3847681
8.80126 3850561
8.80365 3853441
8.91101 3856321
8.9134 3859201
8.91579 3862081
8.91818 3864961
8.92057 3867841
8.92296 3870721
9.02909 3873601
9.03148 3876481
9.03387 3879361
9.03626 3882241
9.03866 3885121
9.04105 3888001
9.14721 3890881
9.1496 3893761
9.15199 3896641
9.15438 3899521
9.15682 3902401
9.15948 3905281
9.2641 3908161
9.26649 3911041
9.26888 3913921
9.27145 3916801
9.27384 3919681
9.27637 3922561
9.38099 3925441
9.38338 3928321
9.38577 3931201
9.38834 3934081
9.39073 3936961
9.39312 3939841
9.39551 3942721
9.49907 3945601
9.50146 3948481
9.50385 3951361
9.50643 3954241
9.50882 3957121
9.51121 3960001
9.5136 3962881
9.61737 3965761
9.61976 3968641
9.62215 3971521
9.62454 3974401
9.62693 3977281
9.62932 3980161
9.63171 3983041
9.73426 3985921
9.73665 3988801
9.73904 3991681
9.74143 3994561
9.74382 3997441
9.74621 4000321
9.7486 4003201
9.85115 4006081
9.85354 4008961
9.85593 4011841
9.85832 4014721
9.86071 4017601
9.8631 4020481
9.86549 4023361
9.96804 4026241
9.97043 4029121
9.97282 4032001
9.97521 4034881
9.9776 4037761
9.98029 4040641
9.98268 4043521
9.98507 4046401
10.0865 4049281
10.0888 4052161
10.0912 4055041
10.0936 4057921
10.096 4060801
10.0984 4063681
10.1008 4066561
10.1032 4069441
10.2049 4072321
10.2073 4075201
10.2097 4078081
10.212 4080961
10.2144 4083841
10.2168 4086721
10.2192 4089601
10.2216 4092481
10.3218 4095361
10.3242 4098241
10.3265 4101121
10.3289 4104001
10.3313 4106881
10.3337 4109761
10.3361 4112641
10.3385 4115521
10.4387 4118401
10.441 4121281
10.4435 4124161
10.4459 4127041
10.4483 4129921
10.4507 4132801
10.4531 4135681
10.4555 4138561
10.4578 4141441
10.5567 4144321
10.5591 4147201
10.5616 4150081
10.564 4152961
10.5664 4155841
10.5688 4158721
10.5711 4161601
10.5735 4164481
10.5759 4167361
10.6748 4170241
10.6772 4173121
10.6797 4176001
10.6821 4178881
10.6845 4181761
10.6868 4184641
10.6892 4187521
10.6916 4190401
10.694 4193281
10.7917 4196161
10.7941 4199041
10.7966 4201921
10.799 4204801
10.8013 4207681
10.8037 4210561
10.8061 4213441
10.8085 4216321
10.8109 4219201
10.9086 4222081
10.911 4224961
10.9138 4227841
10.9162 4230721
10.9186 4233601
10.921 4236481
10.9233 4239361
10.9257 4242241
10.9281 4245121
10.9305 4248001
11.027 4250881
11.0294 4253761
11.0319 4256641
11.0343 4259521
11.0367 4262401
11.0391 4265281
11.0415 4268161
11.0439 4271041
11.0462 4273921
11.0486 4276801
11.1451 4279681
11.1475 4282561
11.15 4285441
11.1524 4288321
11.1548 4291201
11.1572 4294081
11.1595 4296961
11.1619 4299841
11.1643 4302721
11.1669 4305601
11.262 4308481
11.2644 4311361
11.2669 4314241
11.2695 4317121
11.2719 4320001
11.2743 4322881
11.2767 4325761
11.2791 4328641
11.2815 4331521
11.2839 4334401
11.379 4337281
11.3814 4340161
11.3838 4343041
11.3864 4345921
11.3888 4348801
11.3912 4351681
11.3936 4354561
11.396 4357441
11.3984 4360321
11.4008 4363201
11.4959 4366081
11.4983 4368961
11.5007 4371841
11.5031 4374721
11.5055 4377601
11.5079 4380481
11.5102 4383361
11.5126 4386241
11.515 4389121
11.5174 4392001
11.5198 4394881
11.6143 4397761
11.6167 4400641
11.6191 4403521
11.6215 4406401
11.6239 4409281
11.6263 4412161
11.6287 4415041
11.6311 4417921
11.6334 4420801
11.6358 4423681
11.6382 4426561
11.7328 4429441
11.7352 4432321
11.7376 4435201
11.74 4438081
11.7424 4440961
11.7448 4443841
11.7471 4446721
11.7495 4449601
11.7519 4452481
11.7543 4455361
11.7567 4458241
11.8497 4461121
11.8521 4464001
11.8545 4466881
11.8569 4469761
11.8593 4472641
11.8616 4475521
11.864 4478401
11.8664 4481281
11.8688 4484161
11.8712 4487041
11.8736 4489921
11.9666 4492801
11.969 4495681
11.9714 4498561
11.9738 4501441
11.9762 4504321
11.9786 4507201
11.981 4510081
11.9833 4512961
11.9857 4515841
11.9881 4518721
11.9905 4521601
11.9929 4524481
12.0847 4527361
12.0871 4530241
12.0895 4533121
12.0919 4536001
12.0943 4538881
12.0966 4541761
12.099 4544641
12.1014 4547521
12.1038 4550401
12.1062 4553281
12.1086 4556161
12.111 4559041
12.2028 4561921
12.2052 4564801
12.2076 4567681
12.21 4570561
12.2124 4573441
12.2148 4576321
12.2172 4579201
12.2196 4582081
12.2219 4584961
12.2243 4587841
12.2267 4590721
12.2291 4593601
12.32 4596481
12.3224 4599361
12.3248 4602241
12.3272 4605121
12.3296 4608001
12.332 4610881
12.3347 4613761
12.3371 4616641
12.3395 4619521
12.3419 4622401
12.3443 4625281
12.3467 4628161
12.4369 4631041
12.4393 4633921
12.4417 4636801
12.4441 4639681
12.4465 4642561
12.4488 4645441
12.452 4648321
12.4544 4651201
12.4568 4654081
12.4591 4656961
12.4615 4659841
12.4639 4662721
12.4663 4665601
12.5553 4668481
12.5577 4671361
12.5601 4674241
12.5625 4677121
12.5649 4680001
12.5673 4682881
12.5701 4685761
12.5724 4688641
12.5748 4691521
12.5772 4694401
12.5796 4697281
12.582 4700161
12.5844 4703041
12.6734 4705921
12.6758 4708801
12.6782 4711681
12.6806 4714561
12.683 4717441
12.6854 4720321
12.6881 4723201
12.6905 4726081
12.6929 4728961
12.6953 4731841
12.6977 4734721
12.7001 4737601
12.7025 4740481
12.7903 4743361
12.7927 4746241
12.7951 4749121
12.7975 4752001
12.7999 4754881
12.8023 4757761
12.8054 4760641
12.8078 4763521
12.8102 4766401
12.8126 4769281
12.8149 4772161
12.8173 4775041
12.8197 4777921
12.9072 4780801
12.9096 4783681
12.912 4786561
12.9144 4789441
12.9168 4792321
12.9192 4795201
12.9223 4798081
12.925 4800961
12.9274 4803841
12.9298 4806721
12.9322 4809601
12.9346 4812481
12.937 4815361
12.9394 4818241
13.0257 4821121
13.0284 4824001
13.0308 4826881
13.0332 4829761
13.0356 4832641
13.038 4835521
13.0404 4838401
13.0431 4841281
13.0455 4844161
13.0479 4847041
13.0503 4849921
13.0527 4852801
13.0551 4855681
13.0575 4858561
13.1438 4861441
13.1465 4864321
13.1489 4867201
13.1513 4870081
13.1537 4872961
13.1561 4875841
13.1589 4878721
13.1612 4881601
13.1636 4884481
13.166 4887361
13.1684 4890241
13.1708 4893121
13.1732 4896001
13.1756 4898881
13.2607 4901761
13.2637 4904641
13.2661 4907521
13.2685 4910401
13.2709 4913281
13.2733 4916161
13.2757 4919041
13.2781 4921921
13.2805 4924801
13.2829 4927681
13.2853 4930561
13.2877 4933441
13.2901 4936321
13.2925 4939201
13.3776 4942081
13.3806 4944961
13.3833 4947841
13.3857 4950721
13.388 4953601
13.3904 4956481
13.3928 4959361
13.3952 4962241
13.3976 4965121
13.4 4968001
13.4024 4970881
13.4048 4973761
13.4072 4976641
13.4096 4979521
13.4946 4982401
13.497 4985281
13.4994 4988161
13.5018 4991041
13.5042 4993921
13.5066 4996801
13.5089 4999681
13.5113 5002561
13.5137 5005441
13.5161 5008321
13.5187 5011201
13.5211 5014081
13.5234 5016961
13.5258 5019841
13.5282 5022721
13.6127 5025601
13.6151 5028481
13.6175 5031361
13.6199 5034241
13.6222 5037121
13.6246 5040001
13.627 5042881
13.6294 5045761
13.6318 5048641
13.6342 5051521
13.6367 5054401
13.6391 5057281
13.6417 5060161
13.6442 5063041
13.6466 5065921
13.7308 5068801
13.7332 5071681
13.7359 5074561
13.7383 5077441
13.7407 5080321
13.7431 5083201
13.7454 5086081
13.7478 5088961
13.7502 5091841
13.7526 5094721
13.755 5097601
13.7574 5100481
13.7598 5103361
13.7622 5106241
13.7646 5109121
13.8477 5112001
13.8501 5114881
13.8528 5117761
13.8552 5120641
13.8576 5123521
13.8599 5126401
13.8623 5129281
13.8647 5132161
13.8671 5135041
13.8695 5137921
13.8719 5140801
13.8743 5143681
13.8767 5146561
13.8791 5149441
13.8815 5152321
13.9646 5155201
13.9669 5158081
13.97 5160961
13.9724 5163841
13.9748 5166721
13.9772 5169601
13.9796 5172481
13.982 5175361
13.9843 5178241
13.9867 5181121
13.9891 5184001
13.9915 5186881
13.9939 5189761
13.9963 5192641
13.9987 5195521
14.0011 5198401
14.083 5201281
14.0854 5204161
14.0881 5207041
14.0905 5209921
14.0929 5212801
14.0953 5215681
14.0977 5218561
14.1001 5221441
14.1025 5224321
14.1049 5227201
14.1073 5230081
14.1097 5232961
14.1121 5235841
14.1144 5238721
14.1168 5241601
14.1192 5244481
14.2011 5247361
14.2034 5250241
14.2062 5253121
14.2086 5256001
14.211 5258881
14.2134 5261761
14.2158 5264641
14.2183 5267521
14.2207 5270401
14.2231 5273281
14.2255 5276161
14.2278 5279041
14.2302 5281921
14.2326 5284801
14.235 5287681
14.2374 5290561
14.3179 5293441
14.3204 5296321
14.3231 5299201
14.3255 5302081
14.3279 5304961
14.3303 5307841
14.3327 5310721
14.3352 5313601
14.3376 5316481
14.34 5319361
14.3423 5322241
14.3452 5325121
14.3486 5326561
14.4691 5378401
14.569 5381281
14.5714 5384161
14.5738 5387041
14.5761 5389921
14.5785 5392801
14.5809 5395681
14.5836 5398561
14.586 5401441
14.6874 5404321
14.6898 5407201
14.6922 5410081
14.6946 5412961
14.697 5415841
14.6994 5418721
14.702 5421601
14.7044 5424481
14.8055 5427361
14.8079 5430241
14.8103 5433121
14.8127 5436001
14.8151 5438881
14.8175 5441761
14.8201 5444641
14.8225 5447521
14.9236 5450401
14.926 5453281
14.9284 5456161
14.9308 5459041
14.9332 5461921
14.9356 5464801
14.9379 5467681
14.9407 5470561
15.0405 5473441
15.0429 5476321
15.0453 5479201
15.0477 5482081
15.0501 5484961
15.0524 5487841
15.0548 5490721
15.0576 5493601
15.1574 5496481
15.1598 5499361
15.1622 5502241
15.1646 5505121
15.1669 5508001
15.1693 5510881
15.1718 5513761
15.1742 5516641
15.1766 5519521
15.2755 5522401
15.2779 5525281
15.2802 5528161
15.2826 5531041
15.285 5533921
15.2874 5536801
15.2899 5539681
15.2923 5542561
15.2947 5545441
15.3936 5548321
15.3959 5551201
15.3983 5554081
15.4007 5556961
15.4035 5559841
15.4059 5562721
15.4083 5565601
15.4107 5568481
15.4131 5571361
15.5104 5574241
15.5128 5577121
15.5152 5580001
15.5176 5582881
15.5204 5585761
15.5228 5588641
15.5252 5591521
15.5276 5594401
15.5299 5597281
15.6273 5600161
15.6297 5603041
15.6321 5605921
15.6345 5608801
15.6373 5611681
15.6397 5614561
15.6421 5617441
15.6445 5620321
15.6469 5623201
15.6493 5626081
15.7454 5628961
15.7478 5631841
15.7502 5634721
15.7526 5637601
15.7554 5640481
15.7578 5643361
15.7602 5646241
15.7626 5649121
15.7649 5652001
15.7675 5654881
15.8635 5657761
15.8659 5660641
15.8683 5663521
15.8709 5666401
15.8735 5669281
15.8759 5672161
15.8783 5675041
15.8806 5677921
15.883 5680801
15.8854 5683681
15.9804 5686561
15.9828 5689441
15.9852 5692321
15.9878 5695201
15.9904 5698081
15.9927 5700961
15.9951 5703841
15.9975 5706721
15.9999 5709601
16.0023 5712481
16.0973 5715361
16.0997 5718241
16.1021 5721121
16.1047 5724001
16.1072 5726881
16.1096 5729761
16.112 5732641
16.1144 5735521
16.1168 5738401
16.1192 5741281
16.1218 5744161
16.2154 5747041
16.2178 5749921
16.2202 5752801
16.2227 5755681
16.2253 5758561
16.2278 5761441
16.2302 5764321
16.2326 5767201
16.235 5770081
16.2374 5772961
16.2398 5775841
16.3335 5778721
16.3359 5781601
16.3383 5784481
16.3408 5787361
16.3434 5790241
16.3459 5793121
16.3483 5796001
16.3507 5798881
16.3531 5801761
16.3555 5804641
16.3579 5807521
16.4504 5810401
16.4528 5813281
16.4551 5816161
16.4577 5819041
16.4605 5821921
16.4629 5824801
16.4653 5827681
16.4677 5830561
16.4701 5833441
16.4725 5836321
16.4749 5839201
16.5673 5842081
16.5696 5844961
16.572 5847841
16.5746 5850721
16.5774 5853601
16.5798 5856481
16.5822 5859361
16.5846 5862241
16.587 5865121
16.5894 5868001
16.592 5870881
16.6841 5873761
16.6866 5876641
16.689 5879521
16.6913 5882401
16.6941 5885281
16.6965 5888161
16.6989 5891041
16.7013 5893921
16.7037 5896801
16.7061 5899681
16.7085 5902561
16.7109 5905441
16.8022 5908321
16.8046 5911201
16.807 5914081
16.8094 5916961
16.8122 5919841
16.8146 5922721
16.817 5925601
16.8194 5928481
16.8219 5931361
16.8243 5934241
16.8267 5937121
16.8291 5940001
16.9203 5942881
16.9227 5945761
16.9251 5948641
16.9275 5951521
16.9299 5954401
16.9323 5957281
16.9347 5960161
16.9371 5963041
16.9395 5965921
16.9419 5968801
16.9442 5971681
16.9466 5974561
17.0372 5977441
17.0396 5980321
17.042 5983201
17.0444 5986081
17.0468 5988961
17.0492 5991841
17.0516 5994721
17.054 5997601
17.0564 6000481
17.0587 6003361
17.0611 6006241
17.0635 6009121
17.1541 6012001
17.1565 6014881
17.1589 6017761
17.1613 6020641
17.1637 6023521
17.1661 6026401
17.1685 6029281
17.1709 6032161
17.1732 6035041
17.1756 6037921
17.178 6040801
17.1805 6043681
17.1829 6046561
17.2722 6049441
17.2746 6052321
17.277 6055201
17.2797 6058081
17.2821 6060961
17.2845 6063841
17.2869 6066721
17.2893 6069601
17.2917 6072481
17.2941 6075361
17.2965 6078241
17.2989 6081121
17.3013 6084001
17.3906 6086881
17.393 6089761
17.3954 6092641
17.3978 6095521
17.4002 6098401
17.4026 6101281
17.405 6104161
17.4074 6107041
17.4098 6109921
17.4122 6112801
17.4146 6115681
17.4169 6118561
17.4193 6121441
17.5075 6124321
17.5099 6127201
17.5123 6130081
17.5147 6132961
17.5171 6135841
17.5195 6138721
17.5219 6141601
17.5243 6144481
17.5267 6147361
17.5291 6150241
17.5315 6153121
17.5339 6156001
17.5368 6158881
17.6244 6161761
17.6268 6164641
17.6292 6167521
17.6316 6170401
17.634 6173281
17.6364 6176161
17.6389 6179041
17.6413 6181921
17.6437 6184801
17.6461 6187681
17.6485 6190561
17.6509 6193441
17.6533 6196321
17.6557 6199201
17.7425 6202081
17.7449 6204961
17.7473 6207841
17.7497 6210721
17.7521 6213601
17.7545 6216481
17.757 6219361
17.7594 6222241
17.7617 6225121
17.7642 6228001
17.7666 6230881
17.769 6233761
17.7714 6236641
17.7738 6239521
17.8606 6242401
17.8629 6245281
17.8653 6248161
17.8678 6251041
17.8702 6253921
17.8726 6256801
17.875 6259681
17.8774 6262561
17.8798 6265441
17.8823 6268321
17.8847 6271201
17.8871 6274081
17.8895 6276961
17.8919 6279841
17.9774 6282721
17.9798 6285601
17.9822 6288481
17.9849 6291361
17.9874 6294241
17.9898 6297121
17.9922 6300001
17.9946 6302881
17.9969 6305761
17.9993 6308641
18.0017 6311521
18.0041 6314401
18.0065 6317281
18.0089 6320161
18.0943 6323041
18.0969 6325921
18.0993 6328801
18.1018 6331681
18.1043 6334561
18.1067 6337441
18.1091 6340321
18.1114 6343201
18.1138 6346081
18.1162 6348961
18.1188 6351841
18.1212 6354721
18.1236 6357601
18.126 6360481
18.1284 6363361
18.2124 6366241
18.215 6369121
18.2174 6372001
18.2199 6374881
18.2224 6377761
18.2248 6380641
18.2271 6383521
18.2295 6386401
18.2319 6389281
18.2343 6392161
18.2369 6395041
18.2393 6397921
18.2417 6400801
18.2441 6403681
18.2468 6406561
18.3305 6409441
18.3331 6412321
18.3355 6415201
18.3379 6418081
18.3404 6420961
18.3428 6423841
18.3452 6426721
18.3476 6429601
18.3501 6432481
18.3525 6435361
18.355 6438241
18.3574 6441121
18.3598 6444001
18.3622 6446881
18.3646 6449761
18.4474 6452641
18.4502 6455521
18.4526 6458401
18.455 6461281
18.4574 6464161
18.4598 6467041
18.4621 6469921
18.4645 6472801
18.467 6475681
18.4694 6478561
18.4719 6481441
18.4743 6484321
18.4767 6487201
18.4792 6490081
18.4816 6492961
18.5643 6495841
18.5671 6498721
18.5695 6501601
18.5719 6504481
18.5743 6507361
18.5766 6510241
18.579 6513121
18.5814 6516001
18.5839 6518881
18.5863 6521761
18.5888 6524641
18.5911 6527521
18.5936 6530401
18.5961 6533281
18.5985 6536161
18.6009 6539041
18.6824 6541921
18.6852 6544801
18.6876 6547681
18.69 6550561
18.6923 6553441
18.6947 6556321
18.6971 6559201
18.6995 6562081
18.702 6564961
18.7044 6567841
18.7068 6570721
18.7092 6573601
18.7117 6576481
18.7142 6579361
18.7166 6582241
18.719 6585121
18.8005 6588001
18.8033 6590881
18.8056 6593761
18.808 6596641
18.8106 6599521
18.813 6602401
18.8154 6605281
18.8178 6608161
18.8202 6611041
18.8226 6613921
18.825 6616801
18.8273 6619681
18.8301 6622561
18.8325 6625441
18.8349 6628321
18.8373 6631201
18.9186 6634081
18.921 6636961
18.9233 6639841
18.9257 6642721
18.9282 6645601
18.9306 6648481
18.933 6651361
18.9354 6654241
18.9378 6657121
18.9402 6660001
18.9426 6662881
18.9449 6665761
18.9473 6668641
18.9497 6671521
18.9521 6674401
18.9545 6677281
19.0355 6680161
19.0378 6683041
19.0402 6685921
19.0426 6688801
19.0451 6691681
19.0475 6694561
19.0499 6697441
19.0535 6698881
19.174 6750721
19.274 6753601
19.2764 6756481
19.2788 6759361
19.2812 6762241
19.2836 6765121
19.286 6768001
19.2885 6770881
19.2911 6773761
19.3921 6776641
19.3945 6779521
19.3969 6782401
19.3995 6785281
19.4019 6788161
19.4042 6791041
19.4066 6793921
19.4092 6796801
19.5102 6799681
19.5126 6802561
19.515 6805441
19.5176 6808321
19.5199 6811201
19.5223 6814081
19.5247 6816961
19.5273 6819841
19.6283 6822721
19.6307 6825601
19.6331 6828481
19.6355 6831361
19.6378 6834241
19.6402 6837121
19.6426 6840001
19.6454 6842881
19.7452 6845761
19.7476 6848641
19.75 6851521
19.7523 6854401
19.7547 6857281
19.7571 6860161
19.7595 6863041
19.7623 6865921
19.8621 6868801
19.8645 6871681
19.8668 6874561
19.8692 6877441
19.8716 6880321
19.874 6883201
19.8764 6886081
19.8788 6888961
19.8812 6891841
19.9802 6894721
19.9825 6897601
19.9849 6900481
19.9873 6903361
19.9897 6906241
19.9921 6909121
19.9945 6912001
19.9969 6914881
19.9993 6917761
20.0982 6920641
20.1006 6923521
20.103 6926401
20.1054 6929281
20.1078 6932161
20.1102 6935041
20.1126 6937921
20.115 6940801
20.1174 6943681
20.2151 6946561
20.2175 6949441
20.2199 6952321
20.2223 6955201
20.2247 6958081
20.2271 6960961
20.2295 6963841
20.2319 6966721
20.2343 6969601
20.332 6972481
20.3344 6975361
20.3368 6978241
20.3392 6981121
20.3416 6984001
20.344 6986881
20.3464 6989761
20.3488 6992641
20.3512 6995521
20.3536 6998401
20.4501 7001281
20.4525 7004161
20.4549 7007041
20.4573 7009921
20.4597 7012801
20.4621 7015681
20.4645 7018561
20.4669 7021441
20.4693 7024321
20.4716 7027201
20.5682 7030081
20.5706 7032961
20.573 7035841
20.5754 7038721
20.5778 7041601
20.5802 7044481
20.5828 7047361
20.5852 7050241
20.5879 7053121
20.5903 7056001
20.6853 7058881
20.6878 7061761
20.6902 7064641
20.6926 7067521
20.695 7070401
20.6974 7073281
20.7 7076161
20.7024 7079041
20.7048 7081921
20.7072 7084801
20.8022 7087681
20.8047 7090561
20.8071 7093441
20.8095 7096321
20.8119 7099201
20.8143 7102081
20.8169 7104961
20.8193 7107841
20.8217 7110721
20.8241 7113601
20.8265 7116481
20.9203 7119361
20.9228 7122241
20.9252 7125121
20.9276 7128001
20.93 7130881
20.9323 7133761
20.935 7136641
20.9374 7139521
20.9398 7142401
20.9422 7145281
20.9446 7148161
21.0384 7151041
21.0409 7153921
21.0433 7156801
21.0456 7159681
21.048 7162561
21.0504 7165441
21.0531 7168321
21.0555 7171201
21.0579 7174081
21.0603 7176961
21.0627 7179841
21.1556 7182721
21.1581 7185601
21.1605 7188481
21.1629 7191361
21.1653 7194241
21.1676 7197121
21.17 7200001
21.1724 7202881
21.1748 7205761
21.1772 7208641
21.1796 7211521
21.2725 7214401
21.275 7217281
21.2774 7220161
21.2798 7223041
21.2821 7225921
21.2845 7228801
21.2869 7231681
21.2893 7234561
21.2918 7237441
21.2941 7240321
21.2965 7243201
21.3894 7246081
21.3918 7248961
21.3942 7251841
21.3966 7254721
21.3989 7257601
21.4013 7260481
21.4038 7263361
21.4062 7266241
21.4086 7269121
21.411 7272001
21.4134 7274881
21.4158 7277761
21.5075 7280641
21.5099 7283521
21.5123 7286401
21.5146 7289281
21.517 7292161
21.5194 7295041
21.5219 7297921
21.5243 7300801
21.5267 7303681
21.5291 7306561
21.5314 7309441
21.5338 7312321
21.6256 7315201
21.6279 7318081
21.6303 7320961
21.6327 7323841
21.6351 7326721
21.6375 7329601
21.6399 7332481
21.6423 7335361
21.6447 7338241
21.6471 7341121
21.6495 7344001
21.6519 7346881
21.7425 7349761
21.7449 7352641
21.7473 7355521
21.7496 7358401
21.752 7361281
21.7544 7364161
21.7568 7367041
21.7592 7369921
21.7616 7372801
21.764 7375681
21.7664 7378561
21.7688 7381441
21.8594 7384321
21.8618 7387201
21.8641 7390081
21.8666 7392961
21.869 7395841
21.8714 7398721
21.8738 7401601
21.8762 7404481
21.8786 7407361
21.881 7410241
21.8833 7413121
21.8857 7416001
21.8881 7418881
21.9774 7421761
21.9798 7424641
21.9822 7427521
21.9847 7430401
21.9871 7433281
21.9895 7436161
21.9921 7439041
21.9945 7441921
21.9969 7444801
21.9993 7447681
22.0017 7450561
22.0044 7453441
22.0067 7456321
22.0955 7459201
22.0979 7462081
22.1003 7464961
22.1028 7467841
22.1052 7470721
22.1076 7473601
22.1102 7476481
22.1126 7479361
22.115 7482241
22.1174 7485121
22.1198 7488001
22.1222 7490881
22.1246 7493761
22.2124 7496641
22.2148 7499521
22.2172 7502401
22.2197 7505281
22.2221 7508161
22.2245 7511041
22.2271 7513921
22.2295 7516801
22.2319 7519681
22.2343 7522561
22.2367 7525441
22.2391 7528321
22.2415 7531201
22.3293 7534081
22.3321 7536961
22.3345 7539841
22.3369 7542721
22.3393 7545601
22.3416 7548481
22.344 7551361
22.3464 7554241
22.3488 7557121
22.3512 7560001
22.3536 7562881
22.356 7565761
22.3584 7568641
22.3608 7571521
22.4474 7574401
22.4502 7577281
22.4526 7580161
22.4549 7583041
22.4573 7585921
22.4597 7588801
22.4621 7591681
22.4645 7594561
22.4669 7597441
22.4693 7600321
22.4717 7603201
22.4741 7606081
22.4765 7608961
22.4789 7611841
22.5655 7614721
22.5683 7617601
22.5706 7620481
22.573 7623361
22.5754 7626241
22.5778 7629121
22.5802 7632001
22.5826 7634881
22.585 7637761
22.5874 7640641
22.5898 7643521
22.5922 7646401
22.5945 7649281
22.5969 7652161
22.6824 7655041
22.6851 7657921
22.6875 7660801
22.6899 7663681
22.6923 7666561
22.6947 7669441
22.6971 7672321
22.6995 7675201
22.7019 7678081
22.7043 7680961
22.7067 7683841
22.709 7686721
22.7118 7689601
22.7142 7692481
22.7993 7695361
22.8021 7698241
22.8045 7701121
22.8068 7704001
22.8092 7706881
22.8116 7709761
22.814 7712641
22.8167 7715521
22.8191 7718401
22.8215 7721281
22.824 7724161
22.8264 7727041
22.8288 7729921
22.8312 7732801
22.8336 7735681
22.9176 7738561
22.9205 7741441
22.9229 7744321
22.9253 7747201
22.9277 7750081
22.93 7752961
22.9324 7755841
22.9348 7758721
22.9372 7761601
22.9396 7764481
22.9421 7767361
22.9445 7770241
22.9469 7773121
22.9493 7776001
22.9517 7778881
23.0359 7781761
23.0386 7784641
23.041 7787521
23.0433 7790401
23.0457 7793281
23.0481 7796161
23.0505 7799041
23.0531 7801921
23.0555 7804801
23.0579 7807681
23.0602 7810561
23.0626 7813441
23.065 7816321
23.0674 7819201
23.0698 7822081
23.1528 7824961
23.1555 7827841
23.1578 7830721
23.1602 7833601
23.1626 7836481
23.165 7839361
23.1674 7842241
23.17 7845121
23.1724 7848001
23.1747 7850881
23.1771 7853761
23.1795 7856641
23.1819 7859521
23.1843 7862401
23.1867 7865281
23.27 7868161
23.2724 7871041
23.2748 7873921
23.2772 7876801
23.2795 7879681
23.2819 7882561
23.2843 7885441
23.2872 7888321
23.2896 7891201
23.292 7894081
23.2944 7896961
23.2968 7899841
23.2992 7902721
23.3015 7905601
23.3039 7908481
23.3063 7911361
23.3881 7914241
23.3905 7917121
23.3929 7920001
23.3953 7922881
23.3977 7925761
23.4 7928641
23.4024 7931521
23.4053 7934401
23.4077 7937281
23.4101 7940161
23.4125 7943041
23.4148 7945921
23.4172 7948801
23.4196 7951681
23.422 7954561
23.4244 7957441
23.5062 7960321
23.5086 7963201
23.511 7966081
23.5133 7968961
23.5157 7971841
23.5181 7974721
23.5205 7977601
23.5234 7980481
23.5258 7983361
23.5282 7986241
23.5306 7989121
23.533 7992001
23.5354 7994881
23.5377 7997761
23.5401 8000641
23.5425 8003521
23.6243 8006401
23.6267 8009281
23.6291 8012161
23.6315 8015041
23.6338 8017921
23.6362 8020801
23.6386 8023681
23.641 8026561
23.6434 8029441
23.6458 8032321
23.6482 8035201
23.6506 8038081
23.653 8040961
23.6554 8043841
23.6578 8046721
23.6601 8049601
23.7415 8052481
23.7439 8055361
23.7463 8058241
23.7487 8061121
23.7511 8064001
23.7535 8066881
23.7559 8069761
23.7582 8072641
23.8811 8124481
23.9813 8127361
23.9837 8130241
23.9861 8133121
23.9885 8136001
23.9909 8138881
23.9933 8141761
23.9957 8144641
23.998 8147521
24.0994 8150401
24.1018 8153281
24.1042 8156161
24.1066 8159041
24.109 8161921
24.1114 8164801
24.1138 8167681
24.1162 8170561
24.2175 8173441
24.2199 8176321
24.2223 8179201
24.2247 8182081
24.2271 8184961
24.2295 8187841
24.2319 8190721
24.2342 8193601
24.3357 8196481
24.3381 8199361
24.3405 8202241
24.3431 8205121
24.3455 8208001
24.3479 8210881
24.3503 8213761
24.3527 8216641
24.4529 8219521
24.4553 8222401
24.4577 8225281
24.4601 8228161
24.4625 8231041
24.4649 8233921
24.4673 8236801
24.4696 8239681
24.5698 8242561
24.5722 8245441
24.5746 8248321
24.577 8251201
24.5794 8254081
24.5818 8256961
24.5841 8259841
24.5865 8262721
24.5889 8265601
24.6879 8268481
24.6903 8271361
24.6927 8274241
24.6951 8277121
24.6975 8280001
24.6999 8282881
24.7023 8285761
24.7046 8288641
24.707 8291521
24.806 8294401
24.8084 8297281
24.8108 8300161
24.8132 8303041
24.8156 8305921
24.818 8308801
24.8203 8311681
24.8227 8314561
24.8251 8317441
24.9231 8320321
24.9254 8323201
24.9278 8326081
24.9302 8328961
24.9326 8331841
24.935 8334721
24.9374 8337601
24.9398 8340481
24.9422 8343361
25.0402 8346241
25.0426 8349121
25.045 8352001
25.0474 8354881
25.0497 8357761
25.0521 8360641
25.0545 8363521
25.0569 8366401
25.0594 8369281
25.0618 8372161
25.1585 8375041
25.1609 8377921
25.1633 8380801
25.1657 8383681
25.1681 8386561
25.1705 8389441
25.1728 8392321
25.1752 8395201
25.1776 8398081
25.18 8400961
25.2768 8403841
25.2792 8406721
25.2816 8409601
25.284 8412481
25.2864 8415361
25.2888 8418241
25.2912 8421121
25.2936 8424001
25.296 8426881
25.2983 8429761
25.394 8432641
25.3964 8435521
25.3987 8438401
25.4011 8441281
25.4035 8444161
25.4059 8447041
25.4083 8449921
25.4107 8452801
25.4131 8455681
25.4155 8458561
25.5111 8461441
25.5147 8462881
25.6354 8497441
25.6497 8500321
25.6521 8503201
25.7465 8506081
25.7501 8508961
25.7525 8511841
25.7681 8514721
25.7705 8517601
25.8649 8520481
25.8685 8523361
25.8708 8526241
25.8864 8529121
25.8888 8532001
25.9836 8534881
25.9872 8537761
25.9896 8540641
26.0047 8543521
26.0071 8546401
26.1005 8549281
26.1041 8552161
26.1065 8555041
26.1218 8557921
26.1242 8560801
26.2174 8563681
26.221 8566561
26.2233 8569441
26.2387 8572321
26.2411 8575201
26.2435 8578081
26.3355 8580961
26.339 8583841
26.3414 8586721
26.3568 8589601
26.3592 8592481
26.3616 8595361
26.4535 8598241
26.4571 8601121
26.4595 8604001
26.4749 8606881
26.4773 8609761
26.4797 8612641
26.5716 8615521
26.574 8618401
26.5764 8621281
26.5918 8624161
26.5942 8627041
26.5966 8629921
26.6887 8632801
26.691 8635681
26.6934 8638561
26.7087 8641441
26.7111 8644321
26.7135 8647201
26.8057 8650081
26.8081 8652961
26.8105 8655841
26.8129 8658721
26.8268 8661601
26.8293 8664481
26.8317 8667361
26.9238 8670241
26.9262 8673121
26.9286 8676001
26.931 8678881
26.9449 8681761
26.9473 8684641
26.9497 8687521
27.0419 8690401
27.0443 8693281
27.0467 8696161
27.0491 8699041
27.0618 8701921
27.0642 8704801
27.0666 8707681
27.1588 8710561
27.1612 8713441
27.1635 8716321
27.166 8719201
27.1787 8722081
27.1811 8724961
27.1835 8727841
27.2757 8730721
27.2781 8733601
27.2805 8736481
27.2829 8739361
27.2956 8742241
27.298 8745121
27.3004 8748001
27.3028 8750881
27.3942 8753761
27.3967 8756641
27.3991 8759521
27.4015 8762401
27.4137 8765281
27.4161 8768161
27.4188 8771041
27.4212 8773921
27.5123 8776801
27.5148 8779681
27.5172 8782561
27.5195 8785441
27.5318 8788321
27.5342 8791201
27.5369 8794081
27.5393 8796961
27.6295 8799841
27.6319 8802721
27.6343 8805601
27.6368 8808481
27.6486 8811361
27.6511 8814241
27.6538 8817121
27.6562 8820001
27.7464 8822881
27.7488 8825761
27.7512 8828641
27.7536 8831521
27.7655 8834401
27.768 8837281
27.7707 8840161
27.773 8843041
27.8634 8845921
27.8658 8848801
27.8682 8851681
27.8706 8854561
27.873 8857441
27.884 8860321
27.8864 8863201
27.8887 8866081
27.8912 8868961
27.9815 8871841
27.9839 8874721
27.9863 8877601
27.9887 8880481
27.991 8883361
28.002 8886241
28.0045 8889121
28.0069 8892001
28.0093 8894881
28.0996 8897761
28.102 8900641
28.1046 8903521
28.1071 8906401
28.1095 8909281
28.1189 8912161
28.1214 8915041
28.1238 8917921
28.1262 8920801
28.2165 8923681
28.219 8926561
28.2215 8929441
28.224 8932321
28.2264 8935201
28.2358 8938081
28.2383 8940961
28.2407 8943841
28.2431 8946721
28.3334 8949601
28.3359 8952481
28.3384 8955361
28.3409 8958241
28.3432 8961121
28.3457 8964001
28.354 8966881
28.3564 8969761
28.3588 8972641
28.3612 8975521
28.4515 8978401
28.454 8981281
28.4565 8984161
28.4589 8987041
28.4613 8989921
28.4638 8992801
28.4721 8995681
28.4745 8998561
28.4772 9001441
28.4796 9004321
28.5695 9007201
28.5721 9010081
28.5749 9012961
28.5773 9015841
28.5796 9018721
28.582 9021601
28.589 9024481
28.5914 9027361
28.5941 9030241
28.5965 9033121
28.6866 9036001
28.689 9038881
28.6918 9041761
28.6941 9044641
28.6965 9047521
28.6989 9050401
28.7059 9053281
28.7083 9056161
28.711 9059041
28.7134 9061921
28.8035 9064801
28.8059 9067681
28.8086 9070561
28.811 9073441
28.8135 9076321
28.816 9079201
28.8231 9082081
28.8255 9084961
28.8278 9087841
28.8302 9090721
28.8326 9093601
28.9217 9096481
28.924 9099361
28.9267 9102241
28.9291 9105121
28.9319 9108001
28.9347 9110881
28.9412 9113761
28.9435 9116641
28.9459 9119521
28.9483 9122401
28.9507 9125281
29.0397 9128161
29.0421 9131041
29.0448 9133921
29.0472 9136801
29.0501 9139681
29.0528 9142561
29.0592 9145441
29.0616 9148321
29.064 9151201
29.0665 9154081
29.0689 9156961
29.1569 9159841
29.1593 9162721
29.1617 9165601
29.1641 9168481
29.1669 9171361
29.1697 9174241
29.1761 9177121
29.1785 9180001
29.1809 9182881
29.1834 9185761
29.1858 9188641
29.2738 9191521
29.2762 9194401
29.279 9197281
29.2814 9200161
29.2838 9203041
29.2866 9205921
29.2931 9208801
29.2954 9211681
29.2978 9214561
29.3003 9217441
29.3027 9220321
29.3051 9223201
29.3919 9226081
29.3943 9228961
29.3972 9231841
29.3996 9234721
29.402 9237601
29.4047 9240481
29.4111 9243361
29.4135 9246241
29.4159 9249121
29.4187 9252001
29.4211 9254881
29.4235 9257761
29.51 9260641
29.5124 9263521
29.5154 9266401
29.5178 9269281
29.5202 9272161
29.5228 9275041
29.5293 9277921
29.5317 9280801
29.5344 9283681
29.5368 9286561
29.5392 9289441
29.5416 9292321
29.6272 9295201
29.6295 9298081
29.6326 9300961
29.635 9303841
29.6374 9306721
29.6398 9309601
29.6462 9312481
29.6486 9315361
29.6513 9318241
29.6537 9321121
29.6561 9324001
29.6585 9326881
29.7444 9329761
29.7471 9332641
29.7495 9335521
29.7519 9338401
29.7543 9341281
29.7567 9344161
29.7631 9347041
29.7655 9349921
29.7683 9352801
29.7707 9355681
29.7731 9358561
29.7755 9361441
29.8613 9364321
29.8641 9367201
29.9858 9407521
30.0072 9410401
30.0096 9413281
30.0951 9416161
30.0979 9419041
