0.240217 1440
0.283149 2880
0.327234 4320
0.371423 5760
0.414312 7200
0.416703 8640
0.458397 10080
0.460788 11520
0.463178 12960
0.502506 14400
0.504896 15840
0.507287 17280
0.509677 18720
0.545533 20160
0.547924 21600
0.550314 23040
0.552704 24480
0.555095 25920
0.557485 27360
0.58856 28800
0.590951 30240
0.593341 31680
0.595732 33120
0.598122 34560
0.600512 36000
0.602903 37440
0.605293 38880
0.607684 40320
0.631588 41760
0.633978 43200
0.636368 44640
0.638759 46080
0.641149 47520
0.64354 48960
0.64593 50400
0.64832 51840
0.650711 53280
0.653101 54720
0.655492 56160
0.657882 57600
0.660272 59040
0.662663 60480
0.67581 61920
0.6782 63360
0.680591 64800
0.682981 66240
0.685372 67680
0.687762 69120
0.690152 70560
0.692543 72000
0.694933 73440
0.697324 74880
0.699714 76320
0.702104 77760
0.704495 79200
0.706885 80640
0.709276 82080
0.711666 83520
0.714056 84960
0.716447 86400
0.718837 87840
0.721228 89280
0.723618 90720
0.726008 92160
0.728399 93600
0.731999 95040
0.73439 46080
0.819234 46125
0.821624 46169
0.824015 46213
0.826405 46257
0.828795 46301
0.831186 46345
0.833576 46389
0.835967 46433
0.838357 46477
0.840747 46521
0.843138 46565
0.845528 46609
0.847919 46653
0.850309 46697
0.852699 46741
0.85509 46785
0.863456 46829
0.865847 46873
0.868237 46917
0.870627 46961
0.873018 47005
0.875408 47049
0.877799 47093
0.880189 47137
0.882579 47180
0.88497 47223
0.88736 47266
0.889751 47309
0.892141 47352
0.894531 47395
0.896922 47438
0.899312 47481
0.907679 47524
0.910069 47567
0.912459 47610
0.91485 47653
0.91724 47696
0.919631 47739
0.922021 47782
0.924411 47825
0.926802 47868
0.929192 47911
0.931583 47954
0.933973 47997
0.936363 48040
0.938754 48083
0.941144 48126
0.943535 48169
0.951901 48212
0.954291 48255
0.956682 48297
0.959072 48339
0.961463 48381
0.963853 48423
0.966243 48465
0.968634 48507
0.971024 48549
0.973414 48591
0.975805 48633
0.978195 48675
0.980586 48717
0.982976 48759
0.985366 48801
0.987757 48843
0.994928 48885
0.997318 48927
0.999709 48969
1.0021 49011
1.00449 49053
1.00688 49095
1.00927 49137
1.01166 49179
1.01405 49221
1.01644 49263
1.01883 49305
1.02122 49347
1.02361 49389
1.026 49430
1.02839 49471
1.03078 49512
1.03796 49553
1.04035 49594
1.04274 49635
1.04513 49676
1.04752 49717
1.04991 49758
1.0523 49799
1.05469 49840
1.05708 49881
1.05947 49922
1.06186 49963
1.06425 50004
1.06664 50045
1.06903 50086
1.07142 50127
1.07381 50168
1.0762 50209
1.08218 50250
1.08457 50291
1.08696 50332
1.08935 50373
1.09174 50414
1.09413 50455
1.09652 50496
1.09891 50537
1.1013 50578
1.10369 50618
1.10608 50658
1.10847 50698
1.11086 50738
1.11325 50778
1.11564 50818
1.11803 50858
1.12042 50898
1.1264 50938
1.12879 50978
1.13118 51018
1.13357 51058
1.13596 51098
1.13835 51138
1.14074 51178
1.14313 51218
1.14552 51258
1.14791 51298
1.1503 51338
1.15269 51378
1.15508 51418
1.15748 51458
1.15987 51498
1.16226 51538
1.16465 51578
1.16943 51618
1.17182 51658
1.17421 51698
1.1766 51738
1.17899 51778
1.18138 51818
1.18377 51858
1.18616 51897
1.18855 51936
1.19094 51975
1.19333 52014
1.19572 52053
1.19811 52092
1.2005 52131
1.20289 52170
1.20528 52209
1.20767 52248
1.21245 52287
1.21484 52326
1.21724 52365
1.21963 52404
1.22202 52443
1.22441 52482
1.2268 52521
1.22919 52560
1.23158 52599
1.23397 52638
1.23636 52677
1.23875 52716
1.24114 52755
1.24353 52794
1.24592 52833
1.24831 52872
1.2507 52911
1.25309 52950
1.25668 52989
1.25907 53028
1.26146 53067
1.26385 53106
1.26624 53145
1.26863 53184
1.27102 53222
1.27341 53260
1.2758 53298
1.27819 53336
1.28058 53374
1.28297 53412
1.28536 53450
1.28775 53488
1.29014 53526
1.29253 53564
1.29492 53602
1.29731 53640
1.3009 53678
1.30329 53716
1.30568 53754
1.30807 53792
1.31046 53830
1.31285 53868
1.31524 53906
1.31763 53944
1.32002 53982
1.32241 54020
1.3248 54058
1.32719 54096
1.32958 54134
1.33197 54172
1.33436 54210
1.33675 54248
1.33915 54286
1.34154 54324
1.34393 54362
1.34632 54400
1.34871 54438
1.3511 54476
1.35349 54514
1.35588 54552
1.35827 54590
1.36066 54627
1.36305 54664
1.36544 54701
1.36783 54738
1.37022 54775
1.37261 54812
1.375 54849
1.37739 54886
1.37978 54923
1.38217 54960
1.38456 54997
1.38695 55034
1.38934 55071
1.39173 55108
1.39412 55145
1.39651 55182
1.39891 55219
1.4013 55256
1.40395 55293
1.40634 55330
1.40873 55367
1.41113 55404
1.41352 55441
1.41591 55478
1.4183 55515
1.42069 55552
1.42308 55589
1.42547 55626
1.42786 55663
1.43025 55700
1.43264 55737
1.43503 55774
1.43742 55811
1.43981 55848
1.4422 55885
1.44459 55922
1.44711 55959
1.4495 55996
1.45189 56033
1.45428 56070
1.45667 56106
1.45906 56142
1.46145 56178
1.46505 56214
1.46745 26640
1.53664 26717
1.53903 26794
1.54142 26871
1.54381 26948
1.5462 27024
1.54859 27100
1.55098 27176
1.55337 27252
1.55576 27328
1.58097 27403
1.58336 27478
1.58575 27553
1.58815 27628
1.59054 27703
1.59293 27777
1.59532 27851
1.59771 27925
1.6001 27999
1.62545 28073
1.62784 28146
1.63023 28219
1.63262 28292
1.63501 28365
1.6374 28438
1.63979 28510
1.64218 28582
1.64457 28654
1.66873 28726
1.67112 28798
1.67351 28870
1.6759 28941
1.67829 29012
1.68068 29083
1.68307 29154
1.68546 29225
1.68785 29295
1.71201 29365
1.7144 29435
1.71679 29505
1.71918 29575
1.72157 29645
1.72396 29714
1.72635 29783
1.72874 29852
1.73113 29921
1.73352 29990
1.75667 30059
1.75906 30127
1.76145 30195
1.76384 30263
1.76623 30331
1.76862 30399
1.77101 30467
1.7734 30535
1.77579 30602
1.77818 30669
1.80114 30736
1.80353 30803
1.80592 30870
1.80831 30937
1.81071 31004
1.8131 31070
1.81549 31136
1.81788 31202
1.82027 31268
1.82266 31334
1.84403 31400
1.84642 31466
1.84881 31531
1.8512 31596
1.85359 31661
1.85599 31726
1.85838 31791
1.86078 31856
1.86355 31921
1.86595 31985
1.88706 32049
1.89184 32113
1.89423 32177
1.89662 32241
1.89901 32305
1.9014 32369
1.90405 32433
1.90644 32496
1.90883 32559
1.91123 32622
1.93154 32685
1.93593 32748
1.93832 32811
1.94071 32874
1.9431 32937
1.94549 32999
1.94788 33061
1.95027 33123
1.95266 33185
1.95505 33247
1.95744 33309
1.97562 33371
1.98001 33433
1.9824 33495
1.98479 33556
1.98718 33617
1.98957 33678
1.99196 33739
1.99474 33800
1.99713 33861
1.99952 33922
2.00191 33983
2.01851 34044
2.0229 34104
2.02529 34164
2.02768 34224
2.03045 34284
2.03284 34344
2.03523 34404
2.03802 34464
2.04041 34524
2.0428 34584
2.04519 34643
2.0614 34702
2.06579 34761
2.06818 34820
2.07057 34879
2.07373 34938
2.07612 34997
2.07851 35056
2.08091 35115
2.0833 35174
2.08569 35232
2.08808 35290
2.09047 35348
2.10548 35406
2.11001 35464
2.11266 35522
2.11505 35580
2.11782 35638
2.12021 35696
2.1226 35754
2.125 35811
2.12739 35868
2.12978 35925
2.13217 35982
2.13456 36039
2.14957 36096
2.15449 36153
2.15688 36210
2.1595 36267
2.1619 36324
2.16429 36381
2.16668 36437
2.16908 36493
2.17147 36549
2.17386 36605
2.17664 36661
2.17903 36717
2.19246 36773
2.19777 36829
2.20016 36885
2.20255 36941
2.20494 36997
2.20734 37053
2.20973 37108
2.21212 37163
2.21451 37218
2.2169 37273
2.21953 37328
2.22192 37383
2.23548 37438
2.24066 37493
2.24305 37548
2.24544 37603
2.24783 37658
2.25022 37713
2.25262 37767
2.25501 37821
2.2574 37875
2.25979 37929
2.26242 37983
2.26481 38037
2.27862 38091
2.28355 38145
2.28594 38199
2.28834 38253
2.29073 38307
2.29312 38361
2.2979 38415
2.30029 38468
2.30268 38521
2.30507 38574
2.30746 38627
2.30986 38680
2.32326 38733
2.32831 38786
2.3307 38839
2.33309 38892
2.33548 38945
2.33787 38998
2.34238 39051
2.34477 39104
2.34716 39157
2.34955 39209
2.35194 39261
2.35433 39313
2.35672 39365
2.36735 39417
2.37239 39469
2.37492 39521
2.37731 39573
2.3797 39625
2.3821 39677
2.38527 39729
2.38766 39781
2.39005 39833
2.39244 39885
2.39483 39936
2.39722 39987
2.39961 40038
2.41063 40089
2.41584 40140
2.41846 40191
2.42085 40242
2.42324 40293
2.42563 40344
2.4282 40395
2.43059 40446
2.43298 40497
2.43537 40548
2.43777 40599
2.44016 40650
2.44255 40701
2.45352 40751
2.45912 40801
2.46151 40851
2.46415 40901
2.46654 40951
2.47133 18720
2.54052 18830
2.5465 18940
2.54889 19049
2.55153 19157
2.55392 19265
2.55671 19372
2.58375 19479
2.58973 19585
2.59212 19690
2.59451 19795
2.5969 19899
2.5996 20003
2.62703 20106
2.63301 20209
2.6354 20311
2.63779 20413
2.64018 20514
2.64288 20615
2.67031 20715
2.67629 20815
2.67868 20914
2.68107 21013
2.68346 21111
2.68585 21209
2.68824 21306
2.71478 21403
2.72076 21499
2.72315 21595
2.72554 21691
2.72793 21786
2.73032 21881
2.73271 21975
2.75887 22069
2.76485 22162
2.76724 22255
2.76963 22348
2.77202 22440
2.77441 22532
2.7768 22624
2.80176 22715
2.80774 22806
2.81013 22896
2.81252 22986
2.81491 23076
2.8173 23165
2.81969 23254
2.84513 23343
2.8534 23431
2.85579 23519
2.85818 23607
2.86058 23694
2.86297 23781
2.86536 23868
2.8896 23954
2.89749 24040
2.89988 24126
2.90227 24211
2.90466 24296
2.90705 24381
2.90944 24466
2.91183 24550
2.93409 24634
2.94166 24718
2.94405 24801
2.94644 24884
2.94883 24967
2.95122 25050
2.95361 25132
2.956 25214
2.97698 25296
2.98455 25377
2.98694 25458
2.98933 25539
2.99172 25620
2.99411 25700
2.9965 25780
2.99889 25860
3.01989 25940
3.02744 26019
3.02983 26098
3.03222 26177
3.03461 26256
3.037 26334
3.03939 26412
3.04178 26490
3.06278 26568
3.06517 26646
3.07158 26723
3.07397 26800
3.07636 26877
3.07875 26954
3.08114 27030
3.08386 27106
3.08625 27182
3.10691 27258
3.1093 27334
3.11567 27409
3.11806 27484
3.1208 27559
3.12319 27634
3.12558 27709
3.12797 27783
3.13036 27857
3.15099 27931
3.15339 28005
3.15975 28079
3.16214 28152
3.16453 28225
3.16692 28298
3.16931 28371
3.1717 28444
3.17441 28516
3.19388 28588
3.19627 28660
3.20267 28732
3.20506 28804
3.20745 28875
3.20984 28946
3.21223 29017
3.21462 29088
3.21769 29159
3.23677 29230
3.23919 29300
3.24555 29370
3.24795 29440
3.25034 29510
3.25273 29580
3.25551 29650
3.2579 29719
3.26029 29788
3.26268 29857
3.28086 29926
3.28327 29995
3.28964 30064
3.29203 30132
3.29442 30200
3.29681 30268
3.29998 30336
3.30237 30404
3.30476 30472
3.30715 30540
3.32494 30607
3.32736 30674
3.33372 30741
3.33611 30808
3.33851 30875
3.3409 30942
3.34329 31009
3.34568 31075
3.34807 31141
3.35046 31207
3.36783 31273
3.37025 31339
3.37661 31405
3.379 31471
3.38179 31536
3.38418 31601
3.38657 31666
3.38896 31731
3.39135 31796
3.39374 31861
3.41072 31926
3.41314 31990
3.4195 32054
3.42189 32118
3.4251 32182
3.42749 32246
3.42989 32310
3.43228 32374
3.43467 32438
3.43706 32501
3.43945 32564
3.45481 32627
3.45722 32690
3.46359 32753
3.46637 32816
3.46919 32879
3.47158 32942
3.47434 33004
3.47673 33066
3.47912 33128
3.48151 33190
3.4839 33252
3.49889 33314
3.50131 33376
3.50806 33438
3.51045 33500
3.51327 33561
3.51566 33622
3.51881 33683
3.5212 33744
3.52359 33805
3.52598 33866
3.52837 33927
3.54178 33988
3.5442 34049
3.55134 34109
3.55373 34169
3.55616 34229
3.55855 34289
3.56175 34349
3.56414 34409
3.56653 34469
3.56892 34529
3.57131 34589
3.58467 34648
3.58709 34707
3.59462 34766
3.59701 34825
3.5994 34884
3.60179 34943
3.60464 35002
3.60703 35061
3.60979 35120
3.61218 35179
3.61457 35237
3.61697 35295
3.62876 35353
3.63117 35411
3.63909 35469
3.64148 35527
3.64387 35585
3.64626 35643
3.64872 35701
3.65111 35759
3.65627 35816
3.65866 35873
3.66105 35930
3.67286 35987
3.67526 36044
3.68318 36101
3.68557 36158
3.68796 36215
3.69035 36272
3.69281 36329
3.6952 36386
3.70035 36442
3.70274 36498
3.70513 36554
3.70753 36610
3.71733 36666
3.71972 36722
3.72607 36778
3.72846 36834
3.73085 36890
3.73324 36946
3.7357 37002
3.73809 37058
3.74324 37113
3.74563 37168
3.74802 37223
3.75041 37278
3.76061 37333
3.763 37388
3.76934 37443
3.77173 37498
3.77412 37553
3.77651 37608
3.7789 37663
3.78129 37718
3.78613 37772
3.78852 37826
3.79091 37880
3.7933 37934
3.80389 37988
3.80628 38042
3.81223 38096
3.81462 38150
3.81701 38204
3.8194 38258
3.82179 38312
3.82418 38366
3.82657 38420
3.83022 38473
3.83261 38526
3.835 38579
3.83761 38632
3.84798 38685
3.85037 38738
3.85631 38791
3.8587 38844
3.86109 38897
3.86348 38950
3.86587 39003
3.86826 39056
3.87065 39109
3.8743 39162
3.87669 39214
3.87908 39266
3.88228 39318
3.89206 39370
3.89445 39422
3.9004 39474
3.90279 39526
3.90518 39578
3.90757 39630
3.90996 39682
3.91235 39734
3.91474 39786
3.91719 39838
3.91958 39890
3.92197 39941
3.92556 39992
3.93534 40043
3.93773 40094
3.94329 40145
3.94568 40196
3.94807 40247
3.95046 40298
3.95285 40349
3.95524 40400
3.95763 40451
3.96008 40502
3.96285 40553
3.96525 40604
3.96883 40655
3.97879 40706
3.98118 40756
3.98618 40806
3.98857 40856
3.99096 40906
3.99335 40956
3.99574 41006
3.99813 41056
4.00052 41106
4.00291 41156
4.0053 41206
4.00769 41256
4.01008 41306
4.01331 41356
4.02288 41406
4.02527 41456
4.03026 41506
4.03265 41555
4.03504 41604
4.03743 41653
4.03982 41702
4.04221 41751
4.04463 41800
4.04702 41849
4.04941 41898
4.05181 41947
4.0542 41996
4.05778 42045
4.06696 42094
4.06935 42143
4.07435 42192
4.07674 42241
4.07913 42290
4.08152 42339
4.08391 42387
4.0863 42435
4.08911 42483
4.0915 42531
4.09389 42579
4.09628 42627
4.09867 42675
4.10106 42723
4.10989 42771
4.11228 42819
4.11723 42867
4.11963 42915
4.12202 42963
4.12441 43011
4.1268 43059
4.12919 43107
4.132 43155
4.13439 43203
4.13917 43250
4.14156 43297
4.14395 43344
4.15278 43391
4.15517 43438
4.16012 43485
4.16251 43532
4.16491 43579
4.1673 43626
4.17007 43673
4.17246 43720
4.17489 43767
4.17728 43814
4.17967 43861
4.18325 43908
4.18564 43955
4.18804 44002
4.19043 44049
4.19686 44096
4.19925 44143
4.20421 44189
4.2066 44235
4.20899 44281
4.21138 44327
4.21454 44373
4.21693 44419
4.21932 44465
4.22171 44511
4.22411 44557
4.22734 44603
4.22973 44649
4.23212 44695
4.23451 44741
4.24095 44787
4.24334 44833
4.24853 44879
4.25092 44925
4.25331 44971
4.2557 45017
4.25863 45063
4.26102 45109
4.26341 45154
4.2658 45199
4.26819 45244
4.27142 45289
4.27381 45334
4.2762 45379
4.2786 45424
4.28384 45469
4.28623 45514
4.29142 45559
4.29396 45604
4.29635 45649
4.29874 45694
4.30155 45739
4.30394 45784
4.30633 45829
4.30872 45874
4.31111 45919
4.3147 45964
4.31709 46009
4.31948 46054
4.32187 46099
4.32673 46143
4.32912 46187
4.3343 46231
4.33751 46275
4.3399 46319
4.34229 46363
4.34468 46407
4.34707 46451
4.34946 46495
4.35185 46539
4.35424 46583
4.35759 46627
4.35998 46671
4.36237 46715
4.36476 46759
4.36715 46803
4.37081 46847
4.3732 46891
4.37839 46935
4.38198 46979
4.38437 47023
4.38676 47067
4.38915 47111
4.39154 47155
4.39394 47198
4.39633 47241
4.39872 47284
4.40167 47327
4.40406 47370
4.40645 47413
4.40884 47456
4.41123 47499
4.4149 47542
4.41729 47585
4.42247 47628
4.42607 47671
4.42886 47714
4.43125 47757
4.43364 47800
4.43603 47843
4.43842 47886
4.44081 47929
4.4432 47972
4.44576 48015
4.44815 48058
4.45054 48101
4.45293 48144
4.45532 48187
4.45898 48230
4.46137 48272
4.46576 48314
4.46935 48356
4.47175 48398
4.47414 48440
4.47654 48482
4.47893 48524
4.48132 48566
4.48371 48608
4.4861 48650
4.48864 48692
4.49104 48734
4.49343 48776
4.49582 48818
4.49821 48860
4.50225 48902
4.50464 48944
4.50865 48986
4.51224 49028
4.51464 49070
4.51703 49112
4.51942 49154
4.52182 49196
4.52421 49238
4.5266 49280
4.52899 49322
4.53153 49364
4.53392 49406
4.53632 49447
4.53871 49488
4.5411 49529
4.54553 49570
4.54792 49611
4.55154 49652
4.55393 49693
4.55632 49734
4.55872 49775
4.56151 49816
4.5639 49857
4.56629 49898
4.56868 49939
4.57107 49980
4.57346 50021
4.57585 50062
4.57824 50103
4.58063 50144
4.58302 50185
4.58541 50226
4.58961 50267
4.592 50308
4.59563 50349
4.59802 50390
4.60041 50431
4.60281 50472
4.60559 50513
4.60798 50554
4.61038 50595
4.61277 50635
4.61516 50675
4.61755 50715
4.61994 50755
4.62233 50795
4.62472 50835
4.62735 50875
4.62974 50915
4.6337 50955
4.63609 50995
4.63971 51035
4.6421 51075
4.64451 51115
4.64728 51155
4.64967 51195
4.65206 51235
4.65445 51275
4.65684 51315
4.65923 51355
4.66162 51395
4.66401 51435
4.6664 51475
4.66879 51515
4.67118 51555
4.67358 51595
4.67658 51635
4.67898 51675
4.6826 51715
4.68499 51755
4.6874 51795
4.69017 51835
4.69256 51875
4.69495 51914
4.69734 51953
4.69973 51992
4.70212 52031
4.70455 52070
4.70694 52109
4.70933 52148
4.71172 52187
4.71411 52226
4.7165 52265
4.71947 52304
4.72186 52343
4.72549 52382
4.72788 52421
4.73029 52460
4.73307 52499
4.73546 52538
4.73785 52577
4.74024 52616
4.74263 52655
4.74502 52694
4.74741 52733
4.75005 52772
4.75244 52811
4.75483 52850
4.75722 52889
4.75961 52928
4.762 52967
4.76439 53006
4.76678 53045
4.76958 53084
4.77197 53123
4.77438 53162
4.77754 53201
4.77993 53239
4.78232 53277
4.78471 53315
4.7871 53353
4.78949 53391
4.79188 53429
4.79452 53467
4.79691 53505
4.7993 53543
4.80169 53581
4.80408 53619
4.80648 53657
4.80887 53695
4.81126 53733
4.81366 53771
4.81605 53809
4.81846 53847
4.82163 53885
4.82402 53923
4.82641 53961
4.8288 53999
4.83119 54037
4.83358 54075
4.83597 54113
4.83836 54151
4.84075 54189
4.8434 54227
4.8458 54265
4.84819 54303
4.85058 54341
4.85297 54379
4.85536 54417
4.85775 54455
4.86014 54493
4.86253 54531
4.86492 54569
4.86731 54606
4.8697 54643
4.87209 54680
4.87448 54717
4.87687 54754
4.87926 54791
4.88165 54828
4.88404 54865
4.88643 54902
4.88882 54939
4.89121 54976
4.8936 55013
4.89599 55050
4.89838 55087
4.90077 55124
4.90316 55161
4.90556 55198
4.90795 55235
4.91034 55272
4.91273 55309
4.91512 55346
4.91751 55383
4.9199 55420
4.92229 55457
4.92468 55494
4.92707 55531
4.92946 55568
4.93185 55605
4.93438 55642
4.93677 55679
4.93916 55716
4.94155 55753
4.94394 55790
4.94633 55827
4.94872 55864
4.95111 55901
4.9535 55938
4.95589 55975
4.95828 56012
4.96067 56049
4.96306 56085
4.96545 56121
4.96784 56157
4.97024 56193
4.97263 56229
4.97502 56265
4.97741 56301
4.9798 56337
4.98219 56373
4.98458 56409
4.98697 56445
4.98936 56481
4.99175 56517
4.99414 56553
4.99653 56589
4.99892 56625
5.00131 56661
5.0037 56697
5.00609 56733
5.00848 56769
5.01087 56805
5.01326 56841
5.01565 56877
5.01804 56913
5.02043 56949
5.02282 56985
5.02521 57021
5.0276 57057
5.03 57093
5.03239 57129
5.03478 57165
5.03717 57201
5.03956 57237
5.04195 57273
5.04434 57309
5.04673 57345
5.04912 57381
5.05151 57417
5.0539 57453
5.05629 57489
5.05868 57525
5.06107 57561
5.06346 57597
5.06585 57633
5.06824 57668
5.07063 57703
5.07302 57738
5.07541 57773
5.0778 57808
5.08019 57843
5.08258 57878
5.08497 57913
5.08736 57948
5.08976 57983
5.09215 58018
5.09454 58053
5.09693 58088
5.09932 58123
5.10171 58158
5.1041 58193
5.10649 58228
5.10888 58263
5.11127 58298
5.11366 58333
5.11605 58368
5.11844 58403
5.12083 58438
5.1233 58473
5.12569 58508
5.12808 58543
5.13048 58578
5.13287 58613
5.13526 58648
5.13765 58683
5.14004 58718
5.14243 58753
5.14482 58788
5.14721 58823
5.1496 58858
5.15199 58893
5.15438 58928
5.15762 58963
5.16001 27360
5.22919 27435
5.23158 27510
5.23397 27585
5.23685 27660
5.23924 27734
5.24163 27808
5.24402 27882
5.24641 27956
5.2488 28030
5.27208 28103
5.27447 28176
5.27686 28249
5.27974 28322
5.28213 28395
5.28452 28468
5.28691 28540
5.2893 28612
5.29169 28684
5.31497 28756
5.31775 28828
5.32014 28899
5.32263 28970
5.32502 29041
5.32741 29112
5.3298 29183
5.3322 29254
5.33459 29324
5.35786 29394
5.36103 29464
5.36342 29534
5.36581 29604
5.3682 29674
5.37059 29743
5.37298 29812
5.37537 29881
5.37776 29950
5.38015 30019
5.40195 30088
5.40511 30156
5.4075 30224
5.40989 30292
5.41228 30360
5.41467 30428
5.41706 30496
5.41945 30563
5.42184 30630
5.42423 30697
5.44641 30764
5.4492 30831
5.45159 30898
5.45398 30965
5.45637 31031
5.45876 31097
5.46115 31163
5.46354 31229
5.46593 31295
5.46832 31361
5.4893 31427
5.49209 31492
5.49448 31557
5.49687 31622
5.49964 31687
5.50203 31752
5.50442 31817
5.50681 31882
5.5092 31947
5.51159 32011
5.53219 32075
5.53497 32139
5.53737 32203
5.53976 32267
5.54292 32331
5.54531 32395
5.5477 32459
5.55009 32522
5.55248 32585
5.55487 32648
5.55726 32711
5.57635 32774
5.57909 32837
5.58148 32900
5.58387 32963
5.587 33025
5.58939 33087
5.59178 33149
5.59417 33211
5.59657 33273
5.59896 33335
5.60135 33397
5.62043 33459
5.62353 33520
5.62592 33581
5.62831 33642
5.63109 33703
5.63348 33764
5.63587 33825
5.64065 33886
5.64304 33947
5.64543 34008
5.66332 34068
5.66681 34128
5.66928 34188
5.67167 34248
5.67405 34308
5.67644 34368
5.67883 34428
5.68354 34488
5.68593 34548
5.68832 34608
5.69071 34667
5.7065 34726
5.7097 34785
5.71256 34844
5.71495 34903
5.71734 34962
5.71974 35021
5.72213 35080
5.72643 35139
5.72882 35198
5.73148 35256
5.73387 35314
5.73626 35372
5.75098 35430
5.75384 35488
5.75665 35546
5.75904 35604
5.76143 35662
5.76382 35720
5.76621 35778
5.77051 35835
5.7729 35892
5.77596 35949
5.77835 36006
5.78074 36063
5.79506 36120
5.79792 36177
5.80073 36234
5.80312 36291
5.80551 36348
5.8079 36405
5.8103 36461
5.8146 36517
5.81699 36573
5.82004 36629
5.82243 36685
5.82482 36741
5.83795 36797
5.84081 36853
5.84362 36909
5.84601 36965
5.8484 37021
5.85079 37077
5.85318 37132
5.85787 37187
5.86026 37242
5.86293 37297
5.86532 37352
5.86771 37407
5.88084 37462
5.8837 37517
5.88651 37572
5.8889 37627
5.89129 37682
5.89368 37737
5.89637 37791
5.90076 37845
5.90315 37899
5.90582 37953
5.90821 38007
5.9106 38061
5.92373 38115
5.92612 38169
5.92851 38223
5.9309 38277
5.93329 38331
5.93568 38385
5.93845 38439
5.94096 38492
5.94485 38545
5.94724 38598
5.9499 38651
5.95229 38704
5.95468 38757
5.96781 38810
5.97021 38863
5.9726 38916
5.97499 38969
5.97738 39022
5.97977 39075
5.98293 39128
5.98544 39180
5.98893 39232
5.99132 39284
5.99399 39336
5.99638 39388
5.99877 39440
6.0119 39492
6.01429 39544
6.01668 39596
6.01907 39648
6.02146 39700
6.02423 39752
6.02662 39804
6.02901 39856
6.03194 39908
6.03433 39959
6.03741 40010
6.0398 40061
6.04219 40112
6.05479 40163
6.05718 40214
6.05957 40265
6.06234 40316
6.06473 40367
6.06712 40418
6.06951 40469
6.0719 40520
6.07483 40571
6.07722 40622
6.08069 40673
6.08308 40723
6.08547 40773
6.09768 40823
6.10007 40873
6.10246 40923
6.10562 40973
6.10801 41023
6.1104 41073
6.11279 41123
6.11518 41173
6.11757 41223
6.11997 41273
6.12236 41323
6.12478 41373
6.12717 41423
6.12956 41473
6.14176 41522
6.14415 41571
6.14654 41620
6.14971 41669
6.15219 41718
6.15458 41767
6.15697 41816
6.15936 41865
6.16175 41914
6.16414 41963
6.16654 42012
6.16925 42061
6.17164 42110
6.17403 42159
6.18585 42208
6.18862 42257
6.19101 42306
6.19379 42355
6.19628 42403
6.19867 42451
6.20106 42499
6.20348 42547
6.20616 42595
6.20855 42643
6.21094 42691
6.21333 42739
6.21572 42787
6.21811 42835
6.22874 42883
6.23151 42931
6.2339 42979
6.23668 43027
6.23917 43075
6.24156 43123
6.24395 43171
6.24637 43219
6.24905 43266
6.25144 43313
6.25383 43360
6.25622 43407
6.25861 43454
6.261 43501
6.27201 43548
6.2744 43595
6.27679 43642
6.27957 43689
6.28206 43736
6.28445 43783
6.28684 43830
6.28926 43877
6.292 43924
6.29439 43971
6.29678 44018
6.29917 44065
6.30156 44112
6.30395 44159
6.30634 44205
6.31665 44251
6.31904 44297
6.32143 44343
6.32382 44389
6.32621 44435
6.32891 44481
6.3313 44527
6.33373 44573
6.33648 44619
6.33887 44665
6.34126 44711
6.34365 44757
6.34604 44803
6.34843 44849
6.35082 44895
6.36112 44941
6.36351 44987
6.3659 45033
6.36829 45079
6.37068 45124
6.37307 45169
6.37546 45214
6.37785 45259
6.38056 45304
6.38295 45349
6.38534 45394
6.38773 45439
6.39012 45484
6.39251 45529
6.3949 45574
6.40402 45619
6.40641 45664
6.4088 45709
6.41119 45754
6.41358 45799
6.41597 45844
6.41836 45889
6.42075 45934
6.42345 45979
6.42584 46024
6.42823 46069
6.43062 46114
6.43301 46158
6.4354 46202
6.43818 46246
6.44691 46290
6.4493 46334
6.45209 46378
6.45448 46422
6.45687 46466
6.45926 46510
6.46165 46554
6.46404 46598
6.46643 46642
6.46882 46686
6.47121 46730
6.4736 46774
6.47599 46818
6.47867 46862
6.48106 46906
6.48346 46950
6.49102 46994
6.49377 47038
6.49656 47082
6.49895 47126
6.50134 47170
6.50373 47213
6.50612 47256
6.50851 47299
6.5109 47342
6.51329 47385
6.5165 47428
6.5189 21600
6.58955 21696
6.59194 21791
6.59433 21886
6.59672 21980
6.59911 22074
6.60268 22167
6.60507 22260
6.63244 22353
6.63483 22445
6.63722 22537
6.63961 22629
6.64238 22720
6.64596 22811
6.64835 22901
6.67536 22991
6.67775 23081
6.68014 23170
6.68371 23259
6.68687 10080
6.76792 10285
6.77031 10486
6.7727 10683
6.81081 10877
6.81356 11067
6.81635 11254
6.85412 11438
6.85684 11619
6.8593 11797
6.89701 11972
6.89981 12145
6.9022 12315
6.90458 12483
6.94109 12649
6.94389 12812
6.94667 12973
6.94906 13132
6.98518 13289
6.98798 13445
6.99094 13599
6.99333 13751
7.02845 13901
7.03087 14050
7.03422 14197
7.03685 14343
7.07134 14487
7.07376 14630
7.07711 14771
7.07974 14911
7.11423 15050
7.11662 15187
7.11901 15323
7.1214 15458
7.12382 15592
7.15831 15724
7.16088 15855
7.16327 15985
7.16566 16114
7.16805 16242
7.2024 16369
7.20497 16495
7.20736 16620
7.20975 16744
7.21214 16867
7.24529 16989
7.24786 17111
7.25025 17232
7.25264 17352
7.25503 17471
7.28818 17589
7.29074 17706
7.29314 17823
7.29553 17939
7.29792 18054
7.30031 18168
7.33226 18282
7.33483 18395
7.33722 18507
7.33961 18619
7.342 18730
7.34439 18840
7.37671 18950
7.3791 19059
7.38149 19167
7.38388 19275
7.38627 19382
7.38866 19488
7.4196 19594
7.42199 19699
7.42438 19804
7.42677 19908
7.42916 20012
7.43155 20115
7.46249 20218
7.46488 20320
7.46727 20422
7.46966 20523
7.47205 20624
7.47464 20724
7.50562 20824
7.50801 20923
7.5104 21022
7.51279 21120
7.51518 21218
7.51757 21315
7.51996 21412
7.54971 21508
7.5521 21604
7.55449 21699
7.55703 21794
7.55942 21889
7.56181 21983
7.5642 22077
7.59379 22170
7.59618 22263
7.59857 22356
7.60096 22448
7.60335 22540
7.60574 22631
7.60813 22722
7.63671 22813
7.6391 22903
7.64185 22993
7.64424 23083
7.64663 23172
7.64902 23261
7.65141 23350
7.6796 23438
7.68199 23526
7.68516 23614
7.68755 23701
7.68994 23788
7.69233 23875
7.69472 23961
7.69711 24047
7.72368 24133
7.72644 24218
7.72927 24303
7.73166 24388
7.7344 24473
7.7368 24557
7.73919 24641
7.74158 24725
7.76776 24808
7.77056 24891
7.77372 24974
7.77651 25057
7.7789 25139
7.78129 25221
7.78368 25303
7.78607 25384
7.81144 25465
7.81384 25546
7.81661 25627
7.81982 25707
7.82221 25787
7.8246 25867
7.82699 25947
7.82938 26026
7.85433 26105
7.85673 26184
7.85953 26263
7.86308 26341
7.86547 26419
7.86789 26497
7.87028 26575
7.87505 11520
7.95487 11700
7.95726 11877
7.95966 12051
7.96205 12223
7.99934 12392
8.00213 12559
8.00452 12724
8.00691 12886
8.04384 13046
8.04623 13204
8.04862 13361
8.05101 13516
8.08792 13669
8.0907 13820
8.0931 13970
8.09549 14118
8.13081 14264
8.13359 14409
8.13599 14552
8.13838 14694
8.1737 14835
8.1765 14974
8.17889 15112
8.18128 15249
8.18402 15384
8.21778 15518
8.22096 15651
8.22335 15783
8.22575 15914
8.22814 16044
8.26187 16173
8.26543 16301
8.26782 16428
8.27021 16554
8.2726 16679
8.30512 16803
8.30833 16926
8.31073 17048
8.31352 17169
8.31591 17289
8.34801 17408
8.35122 17527
8.35362 17645
8.35641 17762
8.35881 17878
8.3612 17993
8.3921 18108
8.39533 18222
8.39772 18335
8.4005 18448
8.40289 18560
8.40529 18671
8.43621 18782
8.43941 18892
8.44218 19001
8.44458 19110
8.44698 19218
8.44937 19325
8.4803 19432
8.48307 19538
8.48546 19644
8.48785 19749
8.49024 19853
8.49264 19957
8.52358 20060
8.52653 20163
8.52892 20265
8.53131 20367
8.5337 20468
8.53609 20569
8.56662 20669
8.56942 20769
8.57181 20868
8.5742 20967
8.57659 21065
8.57898 21163
8.58137 21260
8.61071 21357
8.61392 21454
8.61631 21550
8.6187 21646
8.62109 21741
8.62348 21836
8.62585 21930
8.65479 22024
8.658 22118
8.66039 22211
8.66278 22304
8.66517 22396
8.66756 22488
8.66995 22580
8.69768 22671
8.70089 22762
8.70328 22853
8.70567 22943
8.70806 23033
8.71045 23123
8.71284 23212
8.74057 23301
8.74378 23389
8.74617 23477
8.74856 23565
8.75095 23652
8.75334 23739
8.75573 23826
8.75812 23913
8.78466 23999
8.78787 24085
8.79026 24171
8.79265 24256
8.79504 24341
8.79743 24426
8.79982 24510
8.80222 24594
8.82874 24678
8.83195 24762
8.83434 24845
8.83673 24928
8.83912 25011
8.84151 25093
8.8439 25175
8.84629 25257
8.87163 25339
8.87484 25420
8.87723 25501
8.87962 25582
8.88201 25663
8.8844 25743
8.88679 25823
8.88919 25903
8.91452 25983
8.91773 26062
8.92012 26141
8.92251 26220
8.9249 26299
8.92768 26377
8.93007 26455
8.93247 26533
8.95741 26611
8.9598 26688
8.96219 26765
8.96458 26842
8.96697 26919
8.96936 26996
8.97216 27072
8.97455 27148
8.97735 27224
9.00149 27300
9.00389 27375
9.00628 27450
9.00867 27525
9.01106 27600
9.01345 27675
9.01624 27749
9.01863 27823
9.02181 27897
9.04558 27971
9.04797 28045
9.05076 28118
9.05315 28191
9.05554 28264
9.05793 28337
9.06032 28410
9.06271 28482
9.0651 28554
9.08847 28626
9.09086 28698
9.09365 28770
9.09604 28842
9.09843 28913
9.10082 28984
9.10321 29055
9.1056 29126
9.10799 29197
9.1315 29268
9.13415 29338
9.13654 29408
9.13893 29478
9.14132 29548
9.14371 29618
9.1461 29688
9.14849 29757
9.15088 29826
9.15327 29895
9.17598 29964
9.17837 30033
9.18076 30102
9.18315 30170
9.18554 30238
9.18793 30306
9.19057 30374
9.19296 30442
9.19535 30510
9.19774 30577
9.22006 30644
9.22245 30711
9.22485 30778
9.22724 30845
9.22963 30912
9.23202 30979
9.23441 31045
9.2368 31111
9.23919 31177
9.24158 31243
9.26335 31309
9.26574 31375
9.26813 31441
9.27052 31506
9.27291 31571
9.2753 31636
9.27769 31701
9.28009 31766
9.28248 31831
9.28487 31896
9.30624 31961
9.30863 32025
9.31103 32089
9.31342 32153
9.31581 32217
9.3182 32281
9.32059 32345
9.32298 32409
9.32537 32472
9.32776 32535
9.33015 32598
9.35037 32661
9.35276 32724
9.35548 32787
9.35787 32850
9.36026 32913
9.36265 32976
9.36504 33038
9.36743 33100
9.36982 33162
9.37221 33224
9.37461 33286
9.39446 33348
9.40117 33410
9.40356 15120
9.4634 15257
9.48217 15392
9.4882 15526
9.49057 15659
9.49296 15791
9.50788 15922
9.52626 16052
9.53228 16181
9.53467 16309
9.53706 16436
9.55196 16562
9.56915 16687
9.57517 16811
9.57756 16934
9.57995 17056
9.59485 17177
9.61209 17297
9.61806 17416
9.62084 17535
9.62323 17653
9.63774 17770
9.65537 17886
9.65776 18001
9.66214 18116
9.66493 18230
9.66732 18343
9.68183 18456
9.69985 18568
9.70224 18679
9.70623 18790
9.70901 18900
9.7114 19009
9.72591 19118
9.74393 19226
9.74632 19333
9.75031 19440
9.7527 19546
9.7551 19652
9.7688 19757
9.78682 19861
9.78921 19965
9.7932 20068
9.79559 20171
9.79798 20273
9.81175 20375
9.82971 20476
9.8321 20577
9.83609 20677
9.83887 20777
9.84366 8640
9.97154 8880
10.0089 9113
10.0121 9340
10.0156 9562
10.0533 9778
10.0561 9990
10.0597 10197
10.0974 10400
10.1002 10599
10.104 10794
10.1403 10986
10.1431 11174
10.1472 11359
10.1832 11541
10.186 11720
10.1901 11896
10.2261 12070
10.2285 12241
10.2309 12410
10.2342 12577
10.2702 12741
10.2726 12903
10.275 13063
10.2783 13221
10.3143 13377
10.3167 13532
10.3191 13685
10.3215 13836
10.3572 13985
10.3596 14133
10.362 14279
10.3643 14424
10.4001 14567
10.4024 14709
10.4048 14849
10.4072 14988
10.4096 15126
10.4445 15263
10.4469 15398
10.4493 15532
10.4517 15665
10.4541 15797
10.4886 15928
10.491 16058
10.4934 16187
10.4958 16315
10.4982 16442
10.5327 16568
10.5351 16693
10.5375 16817
10.5398 16940
10.5424 17062
10.5756 17183
10.578 17303
10.5803 17422
10.5827 17541
10.586 17659
10.6185 17776
10.6208 17892
10.6232 18007
10.6256 18122
10.6284 18236
10.6308 18349
10.6625 18462
10.6649 18574
10.6673 18685
10.6697 18795
10.6729 18905
10.6753 19014
10.7066 19123
10.709 19231
10.7114 19338
10.7138 19445
10.7162 19551
10.719 19657
10.7495 19762
10.7523 19866
10.7547 19970
10.7571 20073
10.7595 20176
10.7622 20278
10.7924 20380
10.7952 20481
10.7976 20582
10.8 20682
10.8024 20782
10.8048 20881
10.8072 20980
10.8365 21078
10.8393 21176
10.8417 21273
10.8441 21370
10.8465 21467
10.8492 21563
10.8516 21659
10.8806 21754
10.8837 21849
10.8861 21943
10.8885 22037
10.8909 22131
10.8933 22224
10.8957 22317
10.9235 22409
10.9266 22501
10.929 22593
10.9314 22684
10.9338 22775
10.9362 22866
10.9386 22956
10.9664 23046
10.9695 23135
10.9719 23224
10.9743 23313
10.9767 23401
10.9791 23489
11.0093 10080
11.0641 10285
11.0665 10486
11.0689 10683
11.107 10877
11.1094 11067
11.1118 11254
11.1499 11438
11.1523 11619
11.1547 11797
11.1928 11972
11.1952 12145
11.1976 12315
11.1999 12483
11.2369 12649
11.2392 12812
11.2416 12973
11.244 13132
11.2809 13289
11.2833 13445
11.2857 13599
11.2881 13751
11.3238 13901
11.3262 14050
11.3286 14197
11.331 14343
11.3667 14487
11.3691 14630
11.3715 14771
11.3739 14911
11.4096 15050
11.412 15187
11.4144 15323
11.4168 15458
11.4192 15592
11.4537 15724
11.4561 15855
11.4589 15985
11.4613 16114
11.4637 16242
11.4978 16369
11.5002 16495
11.5026 16620
11.5049 16744
11.5073 16867
11.5413 16989
11.5437 17111
11.5461 17232
11.5485 17352
11.5508 17471
11.5846 17589
11.587 17706
11.5893 17823
11.5917 17939
11.5941 18054
11.5965 18168
11.6287 18282
11.631 18395
11.6334 18507
11.6358 18619
11.6382 18730
11.6406 18840
11.6727 18950
11.6751 19059
11.6775 19167
11.6799 19275
11.6823 19382
11.6847 19488
11.7156 19594
11.718 19699
11.7204 19804
11.7228 19908
11.7252 20012
11.7276 20115
11.7585 20218
11.7609 20320
11.7633 20422
11.7657 20523
11.7681 20624
11.7705 20724
11.8014 20824
11.8038 20923
11.8062 21022
11.8086 21120
11.811 21218
11.8134 21315
11.8158 21412
11.8455 21508
11.8479 21604
11.8503 21699
11.8527 21794
11.8551 21889
11.8574 21983
11.8598 22077
11.8896 22170
11.892 22263
11.8944 22356
11.8968 22448
11.8991 22540
11.9015 22631
11.9039 22722
11.9325 22813
11.9349 22903
11.9373 22993
11.9396 23083
11.942 23172
11.9444 23261
11.9468 23350
11.9754 23438
11.9778 23526
11.9801 23614
11.9825 23701
11.9849 23788
11.9873 23875
11.9897 23961
11.9921 24047
12.0194 24133
12.0218 24218
12.0242 24303
12.0266 24388
12.029 24473
12.0314 24557
12.0338 24641
12.0362 24725
12.0635 24808
12.0659 24891
12.0683 24974
12.0707 25057
12.0731 25139
12.0755 25221
12.0779 25303
12.0803 25384
12.1064 25465
12.1088 25546
12.1112 25627
12.1136 25707
12.116 25787
12.1184 25867
12.1212 25947
12.1235 26026
12.1493 26105
12.1517 26184
12.1541 26263
12.1565 26341
12.1589 26419
12.1613 26497
12.164 26575
12.1688 26653
12.1934 26730
12.1958 26807
12.1982 26884
12.2006 26961
12.203 27037
12.2053 27113
12.2081 27189
12.2129 27265
12.2153 27341
12.2375 27416
12.2399 27491
12.2423 27566
12.245 27641
12.2474 27716
12.2498 27790
12.2522 27864
12.257 27938
12.2818 12240
12.339 12409
12.3428 12576
12.3452 12740
12.368 12902
12.3831 13062
12.3869 13220
12.3893 13376
12.412 13531
12.4272 13684
12.4298 13835
12.4322 13984
12.4553 14132
12.4701 14278
12.4727 14423
12.4751 14566
12.4982 14708
12.513 14848
12.5155 14987
12.5179 15125
12.5203 15262
12.5423 15397
12.5571 15531
12.5596 15664
12.562 15796
12.5644 15927
12.5864 16057
12.6011 16186
12.6039 16314
12.6063 16441
12.6087 16567
12.6293 16692
12.644 16816
12.6468 16939
12.6492 17061
12.6518 17182
12.6722 17302
12.6869 17421
12.6897 17540
12.6921 17658
12.6947 17775
12.7151 17891
12.7175 18006
12.731 18121
12.7338 18235
12.7362 18348
12.7388 18461
12.7592 18573
12.7615 18684
12.7751 18794
12.7779 18904
12.7803 19013
12.7831 19122
12.8032 19230
12.8056 19337
12.8192 19444
12.822 19550
12.8244 19656
12.8268 19761
12.8461 19865
12.8485 19969
12.8621 20072
12.8653 20175
12.8677 20277
12.87 20379
12.889 20480
12.8914 20581
12.905 20681
12.9082 20781
12.9105 20880
12.913 20979
12.9153 21077
12.9333 21175
12.9357 21272
12.9491 21369
12.9523 21466
12.9547 21562
12.9571 21658
12.9595 21753
12.9774 21848
12.9798 21942
12.9932 22036
12.9964 22130
12.9991 22223
13.0015 22316
13.0039 22408
13.0203 22500
13.0226 22592
13.0361 22683
13.0393 22774
13.0421 22865
13.0445 22955
13.0469 23045
13.0632 23134
13.0656 23223
13.079 23312
13.0822 23400
13.085 23488
13.0874 23576
13.0901 23663
13.0925 23750
13.1073 23837
13.1097 23923
13.123 24009
13.1262 24095
13.1291 24181
13.1315 24266
13.1342 24351
13.1366 24436
13.1514 24520
13.1537 24604
13.1671 24688
13.1703 24771
13.1731 24854
13.1755 24937
13.1783 25020
13.1807 25102
13.1958 25184
13.1982 25266
13.21 25348
13.2132 25429
13.216 25510
13.2184 25591
13.2212 25672
13.2236 25752
13.2391 25832
13.2415 25912
13.2529 25992
13.2561 26071
13.2589 26150
13.2613 26229
13.2641 26308
13.2665 26386
13.2824 26464
13.2848 26542
13.296 26620
13.2984 26697
13.3007 26774
13.3031 26851
13.3055 26928
13.3082 27005
13.3106 27081
13.3269 27157
13.3293 27233
13.34 27309
13.3424 27384
13.3448 27459
13.3472 27534
13.3496 27609
13.3523 27684
13.3547 27758
13.3709 27832
13.3733 27906
13.3841 27980
13.3865 28054
13.3889 28127
13.3913 28200
13.3937 28273
13.3961 28346
13.3985 28419
13.4138 28491
13.4162 28563
13.427 28635
13.4294 28707
13.4318 28779
13.4342 28851
13.4366 28922
13.439 28993
13.4414 29064
13.4567 29135
13.4591 29206
13.4699 29276
13.4723 29346
13.4751 29416
13.4775 29486
13.4799 29556
13.4823 29626
13.4847 29695
13.4871 29764
13.5008 29833
13.5032 29902
13.514 29971
13.5164 30040
13.5192 30109
13.5216 30177
13.524 30245
13.5268 30313
13.5292 30381
13.5316 30449
13.5449 30517
13.5473 30584
13.5581 30651
13.5605 30718
13.5633 30785
13.5657 30852
13.5681 30919
13.5705 30986
13.5729 31052
13.5753 31118
13.5878 31184
13.5902 31250
13.601 31316
13.6034 31382
13.6062 31448
13.6086 31513
13.611 31578
13.6134 31643
13.6158 31708
13.6182 31773
13.6307 31838
13.6331 31903
13.6439 31967
13.6463 32031
13.6491 32095
13.6519 32159
13.6543 32223
13.6566 32287
13.659 32351
13.6614 32415
13.6638 32478
13.6748 32541
13.6772 32604
13.688 32667
13.6904 32730
13.6932 32793
13.6963 32856
13.6987 32919
13.7011 32981
13.7035 33043
13.7059 33105
13.7083 33167
13.7189 33229
13.7212 33291
13.7321 33353
13.7344 33415
13.7372 33477
13.7404 33538
13.7428 33599
13.7452 33660
13.7476 33721
13.75 33782
13.7524 33843
13.7617 33904
13.7641 33965
13.7753 34026
13.7777 34086
13.7801 34146
13.7833 34206
13.7857 34266
13.7885 34326
13.7909 34386
13.7953 15120
13.8715 15257
13.8743 15392
13.8767 15526
13.8791 15659
13.8815 15791
13.916 15922
13.9184 16052
13.9208 16181
13.9232 16309
13.9256 16436
13.9601 16562
13.9625 16687
13.9648 16811
13.9672 16934
13.9696 17056
14.003 17177
14.0053 17297
14.0077 17416
14.0101 17535
14.0125 17653
14.0458 17770
14.0482 17886
14.0506 18001
14.053 18116
14.0554 18230
14.0578 18343
14.0899 18456
14.0923 18568
14.0947 18679
14.0971 18790
14.0995 18900
14.1019 19009
14.1344 19118
14.1368 19226
14.1392 19333
14.1416 19440
14.144 19546
14.1464 19652
14.1773 19757
14.1797 19861
14.1821 19965
14.1845 20068
14.1869 20171
14.1893 20273
14.2202 20375
14.2226 20476
14.225 20577
14.2274 20677
14.2298 20777
14.2321 20876
14.2345 20975
14.2643 21073
14.2667 21171
14.2695 21268
14.2718 21365
14.2742 21462
14.2766 21558
14.279 21654
14.3084 21749
14.3107 21844
14.3135 21938
14.3159 22032
14.3183 22126
14.3207 22219
14.3231 22312
14.3512 22404
14.3536 22496
14.3564 22588
14.3588 22679
14.3616 22770
14.364 22861
14.3664 22951
14.3943 23041
14.3967 23130
14.3993 23219
14.4017 23308
14.4045 23396
14.4069 23484
14.4093 23572
14.4372 23659
14.4396 23746
14.442 23833
14.4444 23920
14.4468 24006
14.4492 24092
14.4518 24178
14.4542 24263
14.4813 24348
14.4837 24433
14.4861 24517
14.4885 24601
14.4909 24685
14.4935 24769
14.4959 24852
14.4983 24935
14.5254 25018
14.5278 25100
14.5302 25182
14.5326 25264
14.535 25346
14.5374 25427
14.5398 25508
14.5422 25589
14.5683 25670
14.5707 25750
14.5735 25830
14.5759 25910
14.5786 25990
14.581 26069
14.5834 26148
14.5858 26227
14.6112 26306
14.6136 26384
14.6164 26462
14.6192 26540
14.6216 26618
14.624 26695
14.6264 26772
14.6288 26849
14.6311 26926
14.6553 27003
14.6577 27079
14.6605 27155
14.6637 27231
14.6664 27307
14.6688 27382
14.6712 27457
14.6736 27532
14.676 27607
14.6994 27682
14.7018 27756
14.705 27830
14.7082 27904
14.7105 27978
14.7133 28052
14.7157 28125
14.7181 28198
14.7205 28271
14.7423 28344
14.7451 28417
14.7479 28489
14.7514 28561
14.7538 28633
14.7566 28705
14.759 28777
14.7614 28849
14.7637 28920
14.7852 28991
14.7883 29062
14.7908 29133
14.7947 29204
14.7971 29275
14.7995 29345
14.8019 29415
14.8043 29485
14.8067 29555
14.8091 29625
14.8296 29694
14.8324 29763
14.8348 29832
14.8392 29901
14.8416 29970
14.844 30039
14.8464 30108
14.8488 30176
14.8511 30244
14.8535 30312
14.8741 30380
14.8765 30448
14.8789 30516
14.8833 30583
14.8857 30650
14.8881 30717
14.8905 30784
14.8928 30851
14.8952 30918
14.8976 30985
14.9172 31051
14.9202 31117
14.9226 31183
14.9262 31249
14.9298 31315
14.9322 13680
15.0087 13831
15.012 13980
15.0156 14128
15.018 14274
15.052 14419
15.0549 14562
15.0585 14704
15.0608 14845
15.0951 14984
15.0975 15122
15.0999 15259
15.1025 15394
15.1049 15528
15.1392 15661
15.1416 15793
15.144 15924
15.1466 16054
15.149 16183
15.1833 16311
15.1857 16438
15.1881 16564
15.1904 16689
15.1928 16813
15.2262 16936
15.2286 17058
15.2309 17179
15.2333 17299
15.2357 17418
15.2694 17537
15.2718 17655
15.2742 17772
15.2766 17888
15.279 18003
15.2814 18118
15.3135 18232
15.3159 18345
15.3183 18458
15.3207 18570
15.3231 18681
15.3255 18792
15.3576 18902
15.36 19011
15.3648 19120
15.3672 19228
15.3696 19335
15.4006 19442
15.403 19548
15.4081 19654
15.4105 19759
15.4129 19863
15.4152 19967
15.4435 20070
15.4459 20173
15.4514 20275
15.4538 20377
15.4562 20478
15.4585 20579
15.4864 20679
15.4888 20779
15.4912 20878
15.4958 20977
15.4982 21075
15.5006 21173
15.503 21270
15.5309 21367
15.5333 21464
15.5357 21560
15.54 21656
15.5423 21751
15.5447 21846
15.5471 21940
15.5757 22034
15.5781 22128
15.5805 22221
15.5841 22314
15.5865 22406
15.5889 22498
15.5913 22590
15.619 22681
15.6214 22772
15.6238 22863
15.6274 22953
15.6298 23043
15.6322 23132
15.6346 23221
15.6623 23310
15.6647 23398
15.6671 23486
15.6706 23574
15.6734 23661
15.6758 23748
15.6782 23835
15.6806 23921
15.7069 24007
15.7093 24093
15.7117 24179
15.7147 24264
15.7179 24349
15.7203 24434
15.7227 24518
15.7251 24602
15.7514 24686
15.7541 24769
15.7564 24852
15.7588 24935
15.7624 25018
15.7648 25100
15.7672 25182
15.7696 25264
15.7947 25346
15.7974 25427
15.7998 25508
15.8022 25589
15.8057 25670
15.8082 25750
15.8106 25830
15.813 25910
15.8375 25990
15.8407 26069
15.8431 26148
15.8455 26227
15.8486 26306
15.8518 26384
15.8542 26462
15.8566 26540
15.8805 26618
15.8832 26695
15.8856 26772
15.888 26849
15.8904 26926
15.8928 27003
15.8959 27079
15.8983 27155
15.9007 27231
15.9249 27307
15.9273 27382
15.9297 27457
15.9321 27532
15.9345 27607
15.9369 27682
15.94 27756
15.9424 27830
15.9448 27904
15.9694 27978
15.9718 28052
15.9742 28125
15.9766 28198
15.979 28271
15.9814 28344
15.9838 28417
15.9862 28489
15.9885 28561
16.0123 28633
16.0147 28705
16.0171 28777
16.0195 28849
16.0219 28920
16.0243 28991
16.0267 29062
16.0291 29133
16.0317 29204
16.0552 29275
16.0576 29345
16.06 29415
16.0628 29485
16.0652 29555
16.0675 29625
16.0699 29694
16.0723 29763
16.0747 29832
16.0771 29901
16.0993 29970
16.1021 30039
16.1045 30108
16.1069 30176
16.1092 30244
16.1117 30312
16.114 30380
16.1164 30448
16.1188 30516
16.1212 30583
16.1434 30650
16.1462 30717
16.1485 30784
16.1509 30851
16.1533 30918
16.1557 30985
16.1581 31051
16.1605 31117
16.1629 31183
16.1653 31249
16.1862 31315
16.189 31381
16.1914 31447
16.1938 31512
16.1966 31577
16.199 31642
16.2014 31707
16.2038 31772
16.2062 31837
16.2086 31902
16.2291 31966
16.2319 32030
16.2343 32094
16.2367 32158
16.2399 32222
16.2423 32286
16.2447 32350
16.2471 32414
16.2494 32477
16.2518 32540
16.2542 32603
16.2732 32666
16.276 32729
16.2784 32792
16.2808 32855
16.284 32918
16.2864 32980
16.2888 33042
16.2924 33104
16.2947 14400
16.3726 14544
16.375 14686
16.3785 14827
16.3809 14966
16.4135 15104
16.417 15241
16.4194 15377
16.423 15511
16.4254 15644
16.4579 15776
16.4615 15907
16.4639 16037
16.4675 16166
16.4699 16294
16.5024 16421
16.506 16547
16.5084 16672
16.5108 16796
16.5132 16919
16.5453 17041
16.5489 17162
16.5513 17282
16.5537 17401
16.556 17520
16.5882 17638
16.5918 17755
16.5942 17871
16.5965 17987
16.5989 18102
16.6013 18216
16.6324 18329
16.6359 18442
16.6382 18554
16.6406 18665
16.643 18776
16.6454 18886
16.6765 18995
16.68 19104
16.6823 19212
16.6847 19319
16.6871 19426
16.6895 19532
16.7193 19638
16.7228 19743
16.7252 19848
16.728 19952
16.7304 20055
16.7328 20158
16.7622 20260
16.7657 20362
16.7681 20463
16.771 20564
16.7734 20664
16.7758 20764
16.8051 20863
16.8075 20962
16.8099 21060
16.8126 21158
16.8154 21256
16.8178 21353
16.8206 21450
16.8493 21546
16.8517 21642
16.8541 21737
16.8567 21832
16.8599 21926
16.8623 22020
16.8651 22114
16.8934 22207
16.8957 22300
16.8984 22392
16.9008 22484
16.9032 22576
16.906 22667
16.9083 22758
16.9362 22849
16.9386 22939
16.9417 23029
16.9441 23119
16.9465 23208
16.9489 23297
16.9513 23386
16.9791 23474
16.9815 23562
16.9846 23650
16.9869 23737
16.9893 23824
16.9917 23911
16.9941 23997
16.9965 24083
17.0236 24169
17.026 24254
17.0286 24339
17.031 24424
17.0334 24508
17.0362 24592
17.0386 24676
17.041 24760
17.0677 24843
17.0701 24926
17.0727 25009
17.0751 25091
17.0775 25173
17.0799 25255
17.0823 25337
17.0847 25418
17.1106 25499
17.113 25580
17.1156 25661
17.118 25741
17.1204 25821
17.1228 25901
17.1252 25981
17.1276 26060
17.1539 26139
17.1562 26218
17.1589 26297
17.1613 26375
17.1637 26453
17.1661 26531
17.1684 26609
17.1708 26686
17.1732 26763
17.1979 26840
17.2003 26917
17.203 26994
17.2054 27070
17.2078 27146
17.2101 27222
17.2125 27298
17.2149 27373
17.2173 27448
17.242 27523
17.2447 27598
17.2471 27673
17.2494 27747
17.2518 27821
17.2542 27895
17.2566 27969
17.259 28043
17.2614 28116
17.2849 28189
17.2879 28262
17.2903 28335
17.2927 28408
17.2951 28480
17.2975 28552
17.2999 28624
17.3023 28696
17.3047 28768
17.3278 28840
17.3308 28911
17.3332 28982
17.3356 29053
17.338 29124
17.3404 29195
17.3428 29266
17.3452 29336
17.3476 29406
17.3707 29476
17.3731 29546
17.3755 29616
17.3779 29686
17.3803 29755
17.3826 29824
17.385 29893
17.3874 29962
17.3898 30031
17.3922 30100
17.4148 30168
17.4172 30236
17.4196 30304
17.422 30372
17.4244 30440
17.4267 30508
17.4291 30575
17.4315 30642
17.4339 30709
17.4363 30776
17.4593 30843
17.4616 30910
17.464 30977
17.4664 31043
17.4688 31109
17.4712 31175
17.4736 31241
17.476 31307
17.4784 31373
17.4808 31439
17.5026 31504
17.505 31569
17.5074 31634
17.5098 31699
17.5122 31764
17.5145 31829
17.5169 31894
17.5193 31959
17.5217 32023
17.5241 32087
17.5455 32151
17.5479 32215
17.5503 32279
17.5527 32343
17.5551 32407
17.5574 32470
17.5598 32533
17.5624 32596
17.5648 32659
17.5672 32722
17.5696 32785
17.59 32848
17.5924 32911
17.5947 32974
17.5971 33036
17.5995 33098
17.6019 33160
17.6043 33222
17.6069 33284
17.6093 33346
17.6117 33408
17.614 33470
17.6344 33531
17.6368 33592
17.6391 33653
17.6415 33714
17.6439 33775
17.6463 33836
17.6487 33897
17.6511 33958
17.6535 34019
17.6559 34079
17.6583 34139
17.6773 34199
17.6796 34259
17.682 34319
17.6844 34379
17.6868 34439
17.6892 34499
17.6916 34559
17.694 34619
17.6964 34678
17.6988 34737
17.7012 34796
17.7201 34855
17.7225 34914
17.7249 34973
17.7274 35032
17.7301 35091
17.7325 35150
17.7349 35208
17.7373 35266
17.7397 35324
17.742 35382
17.7444 35440
17.7468 35498
17.7642 35556
17.7666 35614
17.769 35672
17.7719 35730
17.7746 35788
17.777 35845
17.7794 35902
17.7817 35959
17.7841 36016
17.7865 36073
17.7889 36130
17.7913 36187
17.8083 36244
17.8107 36301
17.8132 36358
17.816 36415
17.8187 36471
17.821 36527
17.8234 36583
17.8258 36639
17.8282 36695
17.8306 36751
17.833 36807
17.8354 36863
17.8512 36919
17.854 36975
17.8565 37031
17.8589 37086
17.8615 37141
17.8639 37196
17.8663 37251
17.8687 37306
17.8711 37361
17.8735 37416
17.8759 37471
17.8783 37526
17.8941 37581
17.8994 17280
17.9605 17400
17.9633 17519
17.9657 17637
17.9807 17754
17.983 17870
17.9854 17986
18.0046 18101
18.0074 18215
18.0097 18328
18.0251 18441
18.0275 18553
18.0299 18664
18.0487 18775
18.0514 18885
18.0538 18994
18.0696 19103
18.072 19211
18.0744 19318
18.0927 19425
18.0951 19531
18.0975 19637
18.1129 19742
18.1153 19847
18.1177 19951
18.1356 20054
18.138 20157
18.1404 20259
18.1562 20361
18.1586 20462
18.1609 20563
18.1785 20663
18.1809 20763
18.1835 20862
18.1859 20961
18.2006 21059
18.203 21157
18.2226 21255
18.225 21352
18.228 21449
18.2304 21545
18.2447 21641
18.2471 21736
18.2667 21831
18.2695 21925
18.2719 22019
18.2742 22113
18.2766 22206
18.2888 22299
18.2912 22391
18.3096 22483
18.3127 22575
18.3175 9360
18.3989 9581
18.4013 9797
18.4037 10008
18.4434 10215
18.4458 10417
18.4482 10616
18.4879 10811
18.4903 11002
18.4926 11190
18.5311 11375
18.5335 11557
18.5359 11736
18.5744 11912
18.5768 12086
18.5792 12257
18.5816 12426
18.6185 12592
18.6209 12756
18.6233 12918
18.6257 13078
18.6626 13236
18.665 13392
18.6674 13546
18.6698 13699
18.7056 13850
18.7079 13999
18.7103 14147
18.7127 14293
18.7488 14438
18.7512 14581
18.7536 14723
18.756 14863
18.7917 15002
18.7941 15140
18.7965 15276
18.7989 15411
18.8013 15545
18.8362 15678
18.8386 15810
18.841 15941
18.8434 16071
18.8458 16200
18.8803 16328
18.8827 16454
18.8851 16580
18.8875 16705
18.8899 16829
18.9232 16952
18.9256 17074
18.928 17195
18.9304 17315
18.9329 17434
18.9661 17552
18.9685 17670
18.9709 17787
18.9733 17903
18.9756 18018
18.978 18133
19.0102 18247
19.0126 18360
19.0153 18472
19.0177 18584
19.0201 18695
19.0225 18805
19.0543 18915
19.0566 19024
19.0598 19132
19.0622 19240
19.0646 19347
19.067 19454
19.0971 19560
19.0995 19666
19.1031 19771
19.1055 19875
19.1083 19979
19.1107 20082
19.1404 20185
19.1428 20287
19.1464 20389
19.1488 20490
19.1516 20591
19.154 20691
19.1837 20791
19.1861 20890
19.1885 20989
19.1909 21087
19.1933 21185
19.1957 21282
19.1981 21379
19.2282 21475
19.2306 21571
19.233 21667
19.2353 21762
19.2377 21857
19.2401 21951
19.2425 22045
19.2726 22139
19.275 22232
19.2774 22325
19.2798 22417
19.2822 22509
19.2846 22601
19.287 22692
19.3159 22783
19.3183 22874
19.3207 22964
19.3231 23054
19.3255 23143
19.3279 23232
19.3303 23321
19.3592 23409
19.3616 23497
19.364 23585
19.3664 23672
19.3688 23759
19.3712 23846
19.3735 23932
19.3759 24018
19.4033 24104
19.4057 24190
19.4081 24275
19.4105 24360
19.4129 24445
19.4152 24529
19.4176 24613
19.42 24697
19.4474 24780
19.4498 24863
19.4522 24946
19.4545 25029
19.4569 25111
19.4593 25193
19.4617 25275
19.4641 25357
19.4904 25438
19.4928 25519
19.4952 25600
19.4976 25681
19.5 25761
19.5024 25841
19.5048 25921
19.5072 26000
19.5337 26079
19.5361 26158
19.5385 26237
19.5409 26316
19.5433 26394
19.5457 26472
19.5481 26550
19.5504 26628
19.5528 26705
19.5782 26782
19.5806 26859
19.583 26936
19.5854 27012
19.5878 27088
19.5901 27164
19.5925 27240
19.5949 27316
19.5973 27391
19.6223 27466
19.6247 27541
19.6271 27616
19.6295 27691
19.6318 27765
19.6342 27839
19.6366 27913
19.639 27987
19.6414 28061
19.6656 28134
19.6683 28207
19.6707 28280
19.6731 28353
19.6755 28426
19.6779 28498
19.6803 28570
19.6827 28642
19.6851 28714
19.7089 28786
19.7113 28858
19.7137 28929
19.716 29000
19.7184 29071
19.7208 29142
19.7232 29213
19.7256 29283
19.728 29353
19.7522 29423
19.7545 29493
19.7569 29563
19.7597 29633
19.7621 29702
19.7645 29771
19.7669 29840
19.7693 29909
19.7717 29978
19.7741 30047
19.7962 30116
19.7986 30184
19.801 30252
19.8042 30320
19.8066 30388
19.809 30456
19.8114 30524
19.8138 30591
19.8162 30658
19.8186 30725
19.8407 30792
19.8435 30859
19.8459 30926
19.8483 30993
19.8507 31059
19.8531 31125
19.8555 31191
19.8578 31257
19.8602 31323
19.8626 31389
19.884 31455
19.8864 31520
19.8888 31585
19.8912 31650
19.8936 31715
19.8963 31780
19.8987 31845
19.9011 31910
19.9035 31974
19.9059 32038
19.9273 32102
19.9298 32166
19.9322 32230
19.9346 32294
19.937 32358
19.9394 32422
19.9418 32485
19.9442 32548
19.9465 32611
19.9489 32674
19.9513 32737
19.9714 32800
19.9742 32863
19.9766 32926
19.979 32988
19.9814 33050
19.9838 33112
19.9862 33174
19.9886 33236
19.991 33298
19.9934 33360
19.9957 33422
20.0155 33484
20.0183 33545
20.0207 33606
20.0232 33667
20.0256 33728
20.028 33789
20.0303 33850
20.0327 33911
20.0351 33972
20.0375 34033
20.0399 34093
20.0585 34153
20.0612 34213
20.0636 34273
20.0661 34333
20.0685 34393
20.0708 34453
20.0732 34513
20.0756 34573
20.078 34632
20.0804 34691
20.0828 34750
20.1015 34809
20.1041 34868
20.1065 34927
20.1093 34986
20.1117 35045
20.1141 35104
20.1165 35163
20.1189 35221
20.1212 35279
20.1236 35337
20.126 35395
20.1284 35453
20.1457 35511
20.1482 35569
20.1506 35627
20.1534 35685
20.1558 35743
20.1582 35801
20.1606 35858
20.163 35915
20.1654 35972
20.1678 36029
20.1702 36086
20.1726 36143
20.19 36200
20.1924 36257
20.1947 36314
20.1975 36371
20.1999 36428
20.2023 36484
20.2047 36540
20.2071 36596
20.2095 36652
20.2119 36708
20.2143 36764
20.2167 36820
20.233 36876
20.2354 36932
20.2378 36988
20.2404 37044
20.2428 37099
20.2455 37154
20.2479 37209
20.2503 37264
20.2527 37319
20.2551 37374
20.2575 37429
20.2599 37484
20.276 37539
20.2784 37594
20.2808 37649
20.2832 37704
20.2856 37758
20.2884 37812
20.2908 37866
20.2933 37920
20.2957 37974
20.2981 38028
20.3005 38082
20.3029 38136
20.3052 38190
20.3202 38244
20.3226 38298
20.325 38352
20.3274 38406
20.3298 38459
20.3325 38512
20.3349 38565
20.3374 38618
20.3398 38671
20.3422 38724
20.3446 38777
20.3469 38830
20.3493 38883
20.3649 38936
20.3673 38989
20.3696 39042
20.372 39095
20.3744 39148
20.3768 39200
20.3792 39252
20.3816 39304
20.3843 39356
20.3866 39408
20.389 39460
20.3914 39512
20.3938 39564
20.4078 39616
20.4102 39668
20.4126 39720
20.415 39772
20.4173 39824
20.4197 39876
20.4221 39928
20.4245 39979
20.4271 40030
20.4296 40081
20.432 40132
20.4343 40183
20.4367 40234
20.4507 40285
20.4531 40336
20.4554 40387
20.4578 40438
20.4602 40489
20.4626 40540
20.465 40591
20.4674 40642
20.47 40693
20.4725 40743
20.4748 40793
20.4772 40843
20.4796 40893
20.4939 40943
20.4963 40993
20.4987 41043
20.5011 41093
20.5035 41143
20.5059 41193
20.5083 41243
20.5107 41293
20.5131 41343
20.5155 41393
20.5178 41443
20.5202 41493
20.5226 41542
20.525 41591
20.5381 41640
20.5404 41689
20.5429 41738
20.5453 41787
20.5477 41836
20.5501 41885
20.5525 41934
20.556 41983
20.5584 19440
21.556 1440
21.8419 2880
21.8861 4320
21.9302 5760
21.9731 7200
21.9755 8640
22.0172 10080
22.0172 10285
22.0196 10486
22.022 10683
22.0613 10877
22.0637 11067
22.066 11254
22.1042 11438
22.1065 11619
22.1089 11797
22.147 11972
22.1494 12145
22.153 12315
22.1899 4320
22.2415 4800
22.2844 5232
22.3274 5628
22.3703 5996
22.4132 6341
22.4156 6668
22.4573 6978
22.4596 7275
22.5019 7560
22.5043 7834
22.5448 8098
22.5472 8354
22.5881 8602
22.5904 8843
22.6309 9077
22.6333 9305
22.6357 9527
22.675 9744
22.6774 9956
22.6798 10164
22.7191 10368
22.7215 10568
22.7239 10764
22.762 10956
22.7648 11145
22.7672 11331
22.8049 11514
22.8081 11694
22.8105 11871
22.8478 12045
22.851 12217
22.8533 12386
22.8557 12553
22.8923 12718
22.895 12881
22.8974 13041
22.8998 13200
22.9363 13357
22.9391 13512
22.9415 13665
22.9439 13816
22.9792 13966
22.982 14114
22.9844 14260
22.9868 14405
23.0221 14548
23.0249 14690
23.0273 14831
23.0297 14970
23.0321 15108
23.0662 15245
23.069 15381
23.0714 15515
23.0742 15648
23.0766 15780
23.1103 15911
23.1131 16041
23.1155 16170
23.1186 16298
23.121 16425
23.1548 16551
23.1572 16676
23.1595 16800
23.1619 16923
23.1643 17045
23.1976 17166
23.2 17286
23.2024 17405
23.2048 17524
23.2072 17642
23.2405 17759
23.2429 17875
23.2453 17991
23.2477 18106
23.2501 18220
23.2525 18333
23.2848 18446
23.2872 18558
23.2896 18669
23.292 18780
23.2946 18890
23.297 18999
23.3289 19108
23.3313 19216
23.3339 19323
23.3363 19430
23.3387 19536
23.3411 19642
23.3718 19747
23.3742 19852
23.3768 19956
23.3792 20059
23.3816 20162
23.384 20264
23.4147 20366
23.4171 20467
23.4202 20568
23.4226 20668
23.425 20768
23.4274 20867
23.4298 20966
23.4603 21064
23.4631 8640
23.5172 8880
23.5482 9113
23.5506 9340
23.5613 9562
23.5923 9778
23.5946 9990
23.6053 10197
23.6371 10400
23.6395 10599
23.6494 10794
23.68 10986
23.6828 11174
23.6923 11359
23.7233 11541
23.7257 11720
23.7352 11896
23.7666 12070
23.769 12241
23.7714 12410
23.7793 12577
23.8111 12741
23.8135 12903
23.8159 13063
23.8234 13221
23.8552 13377
23.8576 13532
23.86 13685
23.8663 13836
23.8981 13985
23.9005 14133
23.9029 14279
23.9092 14424
23.941 14567
23.9433 14709
23.9457 14849
23.9521 14988
23.9545 15126
23.985 15263
23.9874 15398
23.9898 15532
23.9962 15665
23.9986 15797
24.0291 15928
24.0315 16058
24.0339 16187
24.0403 16315
24.0427 16442
24.0732 16568
24.0756 16693
24.078 16817
24.0836 16940
24.086 17062
24.1161 17183
24.1185 17303
24.1209 17422
24.1269 17541
24.1292 17659
24.1591 17776
24.1615 17892
24.1642 18007
24.1666 18122
24.1713 18236
24.1737 18349
24.2032 18462
24.2056 18574
24.2086 18685
24.211 18795
24.2154 18905
24.2178 19014
24.2473 19123
24.2497 19231
24.2527 19338
24.2551 19445
24.2583 19551
24.2607 19657
24.2907 19762
24.2931 19866
24.2956 19970
24.298 20073
24.3012 20176
24.3036 20278
24.334 20380
24.3363 20481
24.3387 20582
24.3411 20682
24.3441 20782
24.3465 20881
24.3489 20980
24.3783 21078
24.3807 21176
24.3831 21273
24.3855 21370
24.3882 21467
24.3906 21563
24.393 21659
24.423 21754
24.4253 21849
24.4277 21943
24.4301 22037
24.4325 22131
24.435 22224
24.4374 22317
24.4658 22409
24.4682 22501
24.4706 22593
24.473 22684
24.4758 22775
24.4783 22866
24.4807 22956
24.5091 23046
24.5115 23135
24.5139 23224
24.5167 23313
24.5191 23401
24.5215 23489
24.5238 23577
24.552 23664
24.5544 23751
24.5568 23838
24.5596 23924
24.562 24010
24.5644 24096
24.5667 24182
24.5691 24267
24.5961 24352
24.5985 24437
24.6009 24521
24.6037 24605
24.6064 24689
24.6088 24772
24.6112 24855
24.6136 24938
24.6402 25021
24.643 25103
24.6454 25185
24.6477 25267
24.6501 25349
24.6525 25430
24.6549 25511
24.6573 25592
24.6831 25673
24.6862 25753
24.6886 25833
24.691 25913
24.6934 25993
24.6958 26072
24.6982 26151
24.7006 26230
24.726 26309
24.7291 26387
24.7316 26465
24.734 26543
24.7364 26621
24.7387 26698
24.7411 26775
24.7435 26852
24.7459 26929
24.7705 27006
24.7732 27082
24.7757 27158
24.7781 27234
24.7804 27310
24.7828 27385
24.7852 27460
24.7876 27535
24.79 27610
24.8145 27685
24.8173 27759
24.8197 27833
24.8221 27907
24.8245 27981
24.8269 28055
24.8297 28128
24.8321 28201
24.8345 28274
24.8574 28347
24.8602 28420
24.8626 28492
24.865 28564
24.8674 28636
24.8698 28708
24.873 28780
24.8754 28852
24.8778 28923
24.9003 28994
24.9031 29065
24.9055 29136
24.9079 29207
24.9103 29277
24.9127 29347
24.9159 29417
24.9183 29487
24.9207 29557
24.9234 29627
24.9444 29696
24.9472 29765
24.9496 29834
24.952 29903
24.9548 29972
24.9572 30041
24.96 30110
24.9624 30178
24.9648 30246
24.9675 30314
24.9885 30382
24.9913 30450
24.9937 30518
24.9961 30585
24.9989 30652
25.0012 30719
25.0045 30786
25.0069 30853
25.0092 30920
25.0116 30987
25.0314 31053
25.0341 31119
25.0366 31185
25.0394 31251
25.0418 31317
25.0442 31383
25.0473 31449
25.0501 31514
25.0525 31579
25.0549 31644
25.0743 31709
25.077 31774
25.0795 31839
25.0822 31904
25.085 31968
25.0874 32032
25.0902 32096
25.093 32160
25.0958 32224
25.0982 32288
25.1175 32352
25.1227 32416
25.1251 32479
25.1275 32542
25.1299 32605
25.1323 32668
25.1347 32731
25.1371 32794
25.1399 32857
25.1423 32920
25.1616 32982
25.1668 33044
25.1692 33106
25.1716 33168
25.1739 33230
25.1763 33292
25.1787 33354
25.1811 33416
25.1835 33478
25.186 33539
25.1884 33600
25.2057 33661
25.2115 33722
25.2139 33783
25.2163 33844
25.2187 33905
25.2211 33966
25.2235 34027
25.2258 34087
25.2282 34147
25.2306 34207
25.233 34267
25.249 34327
25.2548 34387
25.2572 34447
25.2596 34507
25.262 34567
25.2643 34626
25.2667 34685
25.2691 34744
25.2715 34803
25.2739 34862
25.2763 34921
25.2921 34980
25.2981 35039
25.3005 35098
25.3028 35157
25.3052 35215
25.3076 35273
25.31 35331
25.3124 35389
25.3148 35447
25.3172 35505
25.3196 35563
25.322 35621
25.3366 35679
25.3425 35737
25.3449 35795
25.3473 35852
25.3497 35909
25.3521 35966
25.3545 36023
25.3569 36080
25.3593 36137
25.3617 36194
25.3641 36251
25.3664 36308
25.3806 36365
25.3866 36422
25.3892 36478
25.3916 36534
25.394 36590
25.3963 36646
25.3987 36702
25.4011 36758
25.4035 36814
25.4059 36870
25.4083 36926
25.4107 36982
25.4239 37038
25.4295 37093
25.4327 37148
25.4351 37203
25.4375 37258
25.4399 37313
25.4423 37368
25.4447 37423
25.4471 37478
25.4494 37533
25.4518 37588
25.4542 37643
25.4672 37698
25.4728 37753
25.4756 37807
25.478 37861
25.4805 37915
25.4829 37969
25.4853 38023
25.4877 38077
25.4901 38131
25.4925 38185
25.495 38239
25.4974 38293
25.4997 38347
25.5118 38401
25.5169 38454
25.5201 38507
25.5225 38560
25.5249 38613
25.5273 38666
25.5297 38719
25.5321 38772
25.5344 38825
25.5368 38878
25.5392 38931
25.5416 38984
25.5442 39037
25.5562 39090
25.561 39143
25.5642 39195
25.5669 39247
25.5693 39299
25.5717 39351
25.5741 39403
25.5767 39455
25.5791 39507
25.5815 39559
25.5839 39611
25.5863 39663
25.5887 39715
25.5991 39767
25.6043 39819
25.6075 39871
25.6099 39923
25.6123 39974
25.6147 40025
25.6172 40076
25.6196 40127
25.622 40178
25.6256 40229
25.628 18000
25.702 18115
25.7044 18229
25.707 18342
25.7094 18455
25.7134 18567
25.7158 18678
25.7465 18789
25.7489 18899
25.7516 19008
25.754 19117
25.7575 19225
25.7599 19332
25.7906 19439
25.793 19545
25.7954 19651
25.7978 19756
25.8008 19860
25.8032 19964
25.8343 20067
25.8367 20170
25.8391 20272
25.8415 20374
25.8439 20475
25.8463 20576
25.8772 20676
25.8796 20776
25.882 20875
25.8844 20974
25.8868 21072
25.8892 21170
25.8915 21267
25.9213 21364
25.9241 21461
25.9265 21557
25.9288 21653
25.9312 21748
25.9336 21843
25.936 21937
25.9654 22031
25.9681 22125
25.9705 22218
25.9729 22311
25.9753 22403
25.9777 22495
25.9801 22587
26.0083 22678
26.0115 22769
26.0138 22860
26.0162 22950
26.0186 23040
26.021 23130
26.0234 23219
26.0511 23308
26.0547 23396
26.0571 23484
26.0595 23572
26.0619 23659
26.0643 23746
26.0667 23833
26.0691 23920
26.0956 24006
26.0988 24092
26.1012 24178
26.1036 24263
26.106 24348
26.1084 24433
26.1108 24517
26.1132 24601
26.1397 24685
26.1429 24769
26.1453 24852
26.1477 24935
26.1501 25018
26.1529 25100
26.1553 25182
26.1577 25264
26.1828 25346
26.1858 25427
26.1882 25508
26.1906 25589
26.193 25670
26.1958 25750
26.1982 25830
26.2005 25910
26.2256 25990
26.2287 26069
26.2311 26148
26.2335 26227
26.2363 26306
26.2387 26384
26.2411 26462
26.2438 26540
26.2685 26618
26.2709 26695
26.2733 26772
26.2757 26849
26.2781 26926
26.2805 27003
26.2829 27079
26.2853 27155
26.2879 27231
26.3126 27307
26.315 27382
26.3174 27457
26.3198 27532
26.3222 27607
26.3248 27682
26.3273 27756
26.3297 27830
26.3321 27904
26.3567 27978
26.3591 28052
26.3615 28125
26.3639 28198
26.3663 28271
26.3687 28344
26.371 28417
26.3734 28489
26.3758 28561
26.3996 28633
26.402 28705
26.4044 28777
26.4068 28849
26.4095 28920
26.4119 28991
26.4143 29062
26.4167 29133
26.4191 29204
26.4425 29275
26.4449 29345
26.4473 29415
26.4497 29485
26.4521 29555
26.4544 29625
26.4568 29694
26.4592 29763
26.4616 29832
26.464 29901
26.4866 29970
26.489 30039
26.4917 30108
26.4941 30176
26.4969 30244
26.4993 30312
26.5017 30380
26.5041 30448
26.5065 30516
26.5089 30583
26.5307 30650
26.5331 30717
26.5362 30784
26.5386 30851
26.541 30918
26.5434 30985
26.5458 31051
26.5482 31117
26.5506 31183
26.553 31249
26.5736 31315
26.5759 31381
26.5791 31447
26.5815 31512
26.5843 31577
26.5867 31642
26.5891 31707
26.5915 31772
26.5938 31837
26.5962 31902
26.6168 31966
26.6192 32030
26.622 32094
26.6246 32158
26.6272 32222
26.6296 32286
26.632 32350
26.6343 32414
26.6367 32477
26.6391 32540
26.6415 32603
26.6614 32666
26.6638 32729
26.6662 32792
26.669 32855
26.6717 32918
26.674 32980
26.6764 33042
26.6788 33104
26.6812 33166
26.6836 33228
26.686 33290
26.7055 33352
26.7081 33414
26.7105 33476
26.7131 33537
26.7164 33598
26.7188 33659
26.7212 33720
26.7236 33781
26.726 33842
26.7284 33903
26.7308 33964
26.7484 34025
26.7509 34085
26.7533 34145
26.756 34205
26.7593 34265
26.7617 34325
26.7641 34385
26.7665 34445
26.7689 34505
26.7713 34565
26.7737 34624
26.7914 34683
26.7938 34742
26.7962 34801
26.7989 34860
26.8022 34919
26.805 34978
26.8074 35037
26.8098 35096
26.8122 35155
26.8145 35213
26.8169 35271
26.8193 35329
26.8359 35387
26.8383 35445
26.8407 35503
26.8431 35561
26.8467 35619
26.8495 35677
26.8519 35735
26.8542 35793
26.8566 35850
26.859 35907
26.8614 35964
26.8638 36021
26.88 36078
26.8824 36135
26.8848 36192
26.8872 36249
26.8911 36306
26.8935 36363
26.8959 36420
26.8983 36476
26.9007 36532
26.9031 36588
26.9055 36644
26.908 36700
26.9229 36756
26.9253 36812
26.9277 36868
26.9301 36924
26.934 36980
26.9367 37036
26.9391 37091
26.9415 37146
26.9439 37201
26.9463 37256
26.9487 37311
26.9512 37366
26.9658 37421
26.9682 37476
26.9706 37531
26.973 37586
26.9773 37641
26.9797 37696
26.9821 37751
26.9845 37805
26.9869 37859
26.9893 37913
26.9917 37967
26.9941 38021
27.0087 38075
27.0111 38129
27.0138 38183
27.0162 38237
27.0186 38291
27.0218 38345
27.0242 38399
27.0266 38453
27.029 38506
27.0314 38559
27.0338 38612
27.0362 38665
27.0385 38718
27.0528 38771
27.0551 38824
27.0583 38877
27.0607 38930
27.0631 38983
27.0659 39036
27.0683 39089
27.0707 39142
27.0735 39194
27.0759 39246
27.0782 39298
27.0806 39350
27.083 39402
27.0968 39454
27.0992 39506
27.1024 39558
27.1048 39610
27.1072 39662
27.1096 39714
27.112 39766
27.1144 39818
27.1168 39870
27.1192 39922
27.1215 39973
27.1239 40024
27.1263 40075
27.1401 40126
27.1425 40177
27.1457 40228
27.1481 40279
27.1505 40330
27.1529 40381
27.1552 40432
27.1576 40483
27.16 40534
27.1624 40585
27.1648 40636
27.1672 40687
27.1696 40737
27.1836 40787
27.186 40837
27.1886 40887
27.191 40937
27.1934 40987
27.1957 41037
27.1981 41087
27.2005 41137
27.2029 41187
27.2057 41237
27.2081 41287
27.2105 41337
27.2129 41387
27.2153 41437
27.228 41487
27.2304 41536
27.2328 41585
27.2352 41634
27.2376 41683
27.24 41732
27.2424 41781
27.2448 41830
27.2472 41879
27.2502 41928
27.2526 41977
27.255 42026
27.2574 42075
27.2598 42124
27.2725 42173
27.2749 42222
27.2773 42271
27.2797 42320
27.2821 42368
27.2845 42416
27.2869 42464
27.2893 42512
27.2917 42560
27.294 42608
27.2964 42656
27.2988 42704
27.3012 42752
27.3036 42800
27.3154 42848
27.3178 42896
27.3202 42944
27.3228 42992
27.3252 43040
27.3276 43088
27.33 43136
27.3324 43184
27.3347 43232
27.3371 43279
27.3395 43326
27.3419 43373
27.3443 43420
27.3467 43467
27.3583 43514
27.3607 43561
27.3631 43608
27.366 43655
27.3684 43702
27.3708 43749
27.3732 43796
27.3756 43843
27.378 43890
27.3804 43937
27.3827 43984
27.3851 44031
27.3875 44078
27.3899 44125
27.3923 44171
27.4025 44217
27.4049 44263
27.4076 44309
27.4101 44355
27.4128 44401
27.4151 44447
27.4175 44493
27.4199 44539
27.4223 44585
27.4247 44631
27.4271 44677
27.4295 44723
27.4319 44769
27.4345 44815
27.4369 44861
27.4466 44907
27.449 44953
27.4517 44999
27.4544 45045
27.4572 45091
27.4596 45136
27.462 45181
27.4644 45226
27.4668 45271
27.4692 45316
27.4716 45361
27.474 45406
27.4764 45451
27.4787 45496
27.4811 45541
27.4895 45586
27.4919 45631
27.4946 45676
27.4973 45721
27.5001 45766
27.5025 45811
27.5049 45856
27.5073 45901
27.5097 45946
27.5121 45991
27.5145 46036
27.5171 46081
27.5194 46125
27.5218 46169
27.5242 46213
27.5326 46257
27.535 46301
27.5376 46345
27.5402 46389
27.543 46433
27.5454 46477
27.5478 46521
27.5502 46565
27.5526 46609
27.555 46653
27.5574 46697
27.5603 46741
27.5627 46785
27.5651 46829
27.5675 46873
27.5699 46917
27.5767 46961
27.5791 47005
27.5817 47049
27.5843 47093
27.5871 47137
27.5895 47180
27.5919 47223
27.5943 47266
27.5967 47309
27.599 47352
27.6014 47395
27.6044 47438
27.6068 47481
27.6092 47524
27.6116 47567
27.614 47610
27.6208 47653
27.6232 47696
27.6258 47739
27.6284 47782
27.6312 47825
27.6336 47868
27.636 47911
27.6384 47954
27.6411 47997
27.6435 48040
27.6459 48083
27.6485 48126
27.6509 48169
27.6533 48212
27.6557 48255
27.6581 48297
27.6637 48339
27.6661 48381
27.6687 48423
27.6715 48465
27.6741 48507
27.6765 48549
27.6789 48591
27.6813 48633
27.6844 48675
27.6868 48717
27.6892 48759
27.6916 48801
27.694 48843
27.6964 48885
27.6987 48927
27.7011 48969
27.7066 49011
27.709 49053
27.7116 49095
27.7146 49137
27.717 49179
27.7194 49221
27.7218 49263
27.7241 49305
27.7273 49347
27.7297 49389
27.7321 49430
27.7345 49471
27.7369 49512
27.7392 49553
27.7416 49594
27.744 49635
27.7464 49676
27.7507 49717
27.7531 49758
27.7559 49799
27.7587 49840
27.7611 49881
27.7635 49922
27.7662 49963
27.7686 50004
27.7714 50045
27.774 50086
27.7764 50127
27.7787 50168
27.7811 50209
27.7835 50250
27.7859 50291
27.7883 50332
27.7907 50373
27.7948 50414
27.7972 50455
27.8 50496
27.8027 50537
27.8051 50578
27.8075 50618
27.8103 50658
27.8127 50698
27.8155 50738
27.8184 50778
27.8208 50818
27.8232 50858
27.8256 50898
27.828 50938
27.8304 50978
27.8328 51018
27.8352 51058
27.8388 51098
27.8412 51138
27.8436 51178
27.846 51218
27.8484 51258
27.8508 51298
27.8536 51338
27.856 51378
27.8584 51418
27.8613 51458
27.8637 51498
27.8661 51538
27.8685 51578
27.8709 51618
27.8733 51658
27.8757 51698
27.8781 51738
27.8817 51778
27.8841 51818
27.8865 51858
27.8889 51897
27.8913 51936
27.8937 51975
27.8965 52014
27.8989 52053
27.9013 52092
27.9042 52131
27.9066 52170
27.909 52209
27.9114 52248
27.9138 52287
27.9162 52326
27.9186 52365
27.921 52404
27.9246 52443
27.927 52482
27.9294 52521
27.9318 52560
27.9342 52599
27.9366 52638
27.939 52677
27.9414 52716
27.9438 52755
27.9462 52794
27.9486 52833
27.9509 52872
27.9533 52911
27.9557 52950
27.9581 52989
27.9605 53028
27.9629 53067
27.9653 53106
27.9687 53145
27.9711 53184
27.9735 53222
27.9759 53260
27.9783 53298
27.9807 53336
27.9831 53374
27.9855 53412
27.9879 53450
27.9903 53488
27.9927 53526
27.995 53564
27.9974 53602
27.9998 53640
28.0022 53678
28.0046 53716
28.007 53754
28.0094 53792
28.0128 53830
28.0156 53868
28.018 53906
28.0204 53944
28.0228 53982
28.0252 54020
28.0276 54058
28.0299 54096
28.0323 54134
28.0347 54172
28.0371 54210
28.0395 54248
28.0419 54286
28.0443 54324
28.0467 54362
28.0491 54400
28.0515 54438
28.0538 54476
28.0562 54514
28.0589 54552
28.0613 54590
28.0636 54627
28.0661 54664
28.0684 54701
28.0732 25200
28.1412 25282
28.1436 25364
28.146 25445
28.1484 25526
28.1508 25607
28.1532 25687
28.1556 25767
28.158 25847
28.1843 25927
28.1867 26006
28.1891 26085
28.1915 26164
28.1939 26243
28.1963 26322
28.1987 26400
28.2011 26478
28.2276 26556
28.23 26634
28.2324 26711
28.2348 26788
28.2372 26865
28.2396 26942
28.242 27018
28.2443 27094
28.2467 27170
28.2719 27246
28.2743 27322
28.2767 27397
28.2791 27472
28.2815 27547
28.2839 27622
28.2862 27697
28.2886 27771
28.291 27845
28.3164 27919
28.3188 27993
28.3212 28067
28.3236 28140
28.3259 28213
28.3283 28286
28.3307 28359
28.3331 28432
28.3355 28504
28.3597 28576
28.3621 28648
28.3645 28720
28.3668 28792
28.3692 28864
28.3716 28935
28.374 29006
28.3764 29077
28.3788 29148
28.403 29219
28.4053 29289
28.4077 29359
28.4101 29429
28.4125 29499
28.4149 29569
28.4173 29639
28.4197 29708
28.4221 29777
28.4245 29846
28.447 29915
28.4494 29984
28.4518 30053
28.4542 30121
28.4566 30189
28.459 30257
28.4614 30325
28.4638 30393
28.4662 30461
28.4686 30529
28.4915 30596
28.4939 30663
28.4963 30730
28.4987 30797
28.5011 30864
28.5035 30931
28.5059 30998
28.5083 31064
28.5107 31130
28.513 31196
28.5345 31262
28.5368 31328
28.5396 31394
28.542 31460
28.5444 31525
28.5468 31590
28.5492 31655
28.5515 31720
28.5539 31785
28.5563 31850
28.5773 31915
28.5797 31979
28.5825 32043
28.5849 32107
28.5873 32171
28.5897 32235
28.5921 32299
28.5945 32363
28.5968 32427
28.5994 32490
28.6018 32553
28.6218 32616
28.6242 32679
28.6266 32742
28.629 32805
28.6314 32868
28.6338 32931
28.6362 32993
28.6386 33055
28.6411 33117
28.6435 33179
28.6459 33241
28.6659 33303
28.6683 33365
28.6707 33427
28.6731 33489
28.6758 33550
28.6783 33611
28.6807 33672
28.683 33733
28.6854 33794
28.6884 33855
28.6908 33916
28.7088 33977
28.7112 34038
28.7136 34098
28.716 34158
28.7187 34218
28.7212 34278
28.7236 34338
28.7259 34398
28.7283 34458
28.7315 34518
28.7339 34578
28.7517 34637
28.7541 34696
28.7565 34755
28.7589 34814
28.7617 34873
28.7645 34932
28.7669 34991
28.7692 35050
28.7716 35109
28.7744 35168
28.7769 35226
28.7793 35284
28.7958 35342
28.7982 35400
28.8006 35458
28.803 35516
28.8062 35574
28.8085 35632
28.8109 35690
28.8133 35748
28.8157 35806
28.8185 35863
28.8217 35920
28.8241 35977
28.8399 36034
28.8423 36091
28.8447 36148
28.847 36205
28.8506 36262
28.853 36319
28.8554 36376
28.8578 36433
28.8602 36489
28.863 36545
28.8658 36601
28.8682 36657
28.8839 36713
28.8863 36769
28.8887 36825
28.8911 36881
28.8939 36937
28.8963 36993
28.8987 37049
28.9011 37104
28.9035 37159
28.9063 37214
28.9087 37269
28.9111 37324
28.9268 37379
28.9292 37434
28.9316 37489
28.934 37544
28.9368 37599
28.9392 37654
28.9416 37709
28.9444 37763
28.9468 37817
28.9496 37871
28.9519 37925
28.9543 37979
28.9697 38033
28.9725 38087
28.9749 38141
28.9773 38195
28.9797 38249
28.9821 38303
28.9844 38357
28.9868 38411
28.9892 38464
28.9916 38517
28.994 38570
28.9964 38623
28.9988 38676
29.0138 38729
29.0172 38782
29.0195 38835
29.0219 38888
29.0243 38941
29.0267 38994
29.0291 39047
29.0315 39100
29.0339 39153
29.0363 39205
29.0387 39257
29.0411 39309
29.0435 39361
29.0583 39413
29.0612 39465
29.0636 39517
29.066 39569
29.0684 39621
29.0708 39673
29.0732 39725
29.0756 39777
29.078 39829
29.0804 39881
29.0828 39932
29.0851 39983
29.0875 40034
29.1013 40085
29.1044 40136
29.1068 40187
29.1092 40238
29.1116 40289
29.1139 40340
29.1163 40391
29.1187 40442
29.1211 40493
29.1235 40544
29.1259 40595
29.1283 40646
29.1307 40697
29.1445 40747
29.1474 40797
29.1498 40847
29.1522 40897
29.1546 40947
29.157 40997
29.1594 41047
29.1618 41097
29.1642 41147
29.1666 41197
29.1689 41247
29.1713 41297
29.1737 41347
29.1761 41397
29.1889 41447
29.1915 41497
29.1941 41546
29.1965 41595
29.1989 41644
29.2013 41693
29.2037 41742
29.2061 41791
29.2085 41840
29.2109 41889
29.2132 41938
29.2156 41987
29.218 42036
29.2204 42085
29.233 42134
29.2356 42183
29.2386 42232
29.241 42281
29.2434 42330
29.2458 42378
29.2482 42426
29.2506 42474
29.2529 42522
29.2553 42570
29.2577 42618
29.2601 42666
29.2625 42714
29.2649 42762
29.2761 42810
29.2785 42858
29.2815 42906
29.2839 42954
29.2863 43002
29.2887 43050
29.2911 43098
29.2934 43146
29.2958 43194
29.2982 43242
29.3006 43289
29.303 43336
29.3054 43383
29.3078 43430
29.3194 43477
29.3218 43524
29.3244 43571
29.3268 43618
29.3296 43665
29.3319 43712
29.3343 43759
29.3367 43806
29.3391 43853
29.3415 43900
29.3439 43947
29.3463 43994
29.3487 44041
29.3535 44088
29.3638 44135
29.3662 44181
29.3686 44227
29.371 44273
29.374 44319
29.3764 44365
29.3788 44411
29.3812 44457
29.3836 44503
29.386 44549
29.3884 44595
29.3908 44641
29.3931 44687
29.3975 44733
29.3999 44779
29.4079 44825
29.4103 44871
29.4127 44917
29.4151 44963
29.4181 45009
29.4205 45055
29.4229 45101
29.4253 45146
29.4277 45191
29.4301 45236
29.4325 45281
29.4348 45326
29.4372 45371
29.4408 45416
29.4432 45461
29.451 45506
29.4534 45551
29.4558 45596
29.4582 45641
29.461 45686
29.4634 45731
29.4658 45776
29.4682 45821
29.471 45866
29.4733 45911
29.4757 45956
29.4781 46001
29.4805 46046
29.4837 46091
29.4861 46135
29.4945 46179
29.4969 46223
29.4993 46267
29.5017 46311
29.5041 46355
29.5065 46399
29.5089 46443
29.5112 46487
29.5142 46531
29.5166 46575
29.519 46619
29.5214 46663
29.5238 46707
29.5266 46751
29.529 46795
29.5314 46839
29.5386 46883
29.541 46927
29.5434 46971
29.5458 47015
29.5482 47059
29.5505 47103
29.5529 47147
29.5553 47190
29.5583 47233
29.5607 47276
29.5631 47319
29.5655 47362
29.5679 47405
29.5711 47448
29.5735 47491
29.5759 47534
29.5831 47577
29.5855 47620
29.5879 47663
29.5903 47706
29.5927 47749
29.595 47792
29.5974 47835
29.5998 47878
29.6024 47921
29.6048 47964
29.6072 48007
29.6096 48050
29.612 48093
29.6156 48136
29.618 48179
29.6203 48222
29.6263 48265
29.6287 48307
29.6311 48349
29.6335 48391
29.6361 48433
29.6385 48475
29.6409 48517
29.6433 48559
29.6457 48601
29.6481 48643
29.6505 48685
29.6529 48727
29.6552 48769
29.6585 48811
29.6608 48853
29.6632 48895
29.6692 48937
29.6716 48979
29.6744 49021
29.6768 49063
29.6792 49105
29.6816 49147
29.6839 49189
29.6863 49231
29.6887 49273
29.6934 23040
29.7637 23130
29.7661 23219
29.7689 23308
29.7713 23396
29.7737 23484
29.7761 23572
29.7785 23659
29.7809 23746
29.8078 23833
29.8102 23920
29.813 24006
29.8154 24092
29.8178 24178
29.8202 24263
29.8226 24348
29.825 24433
29.8519 24517
29.8547 24601
29.8575 24685
29.8599 24769
29.8623 24852
29.8647 24935
29.8671 25018
29.8695 25100
29.8964 25182
29.8988 25264
29.9012 25346
29.9036 25427
29.906 25508
29.9084 25589
29.9107 25670
29.9131 25750
29.9393 25830
29.9417 25910
29.9441 25990
29.9465 26069
29.9492 26148
29.9516 26227
29.954 26306
29.9564 26384
29.9822 26462
29.9846 26540
29.987 26618
29.9893 26695
29.9917 26772
29.9941 26849
29.9965 26926
29.9989 27003
30.0013 27079
30.0267 27155
30.0291 27231
30.0315 27307
30.0338 27382
30.0362 27457
30.0386 27532
30.041 27607
30.0434 27682
30.0458 27756
30.0707 27830
30.0731 27904
30.0755 27978
30.0779 28052
30.0803 28125
30.0827 28198
30.0855 28271
30.0879 28344
30.0903 28417
