0.0422165 1
0.0871493 1441
0.133234 4321
0.179319 7201
0.224209 10081
0.226599 12961
0.270293 15841
0.272684 18721
0.275074 21601
0.316378 24481
0.318769 27361
0.321159 30241
0.323549 33121
0.361268 36001
0.363658 38881
0.366048 41761
0.368439 44641
0.370829 47521
0.37322 50401
0.406157 53281
0.408548 56161
0.410938 59041
0.413328 61921
0.415719 64801
0.418109 67681
0.4205 70561
0.42289 73441
0.42528 76321
0.451047 79201
0.453437 82081
0.455828 84961
0.4586 87841
0.460991 90721
0.463381 93601
0.465772 96481
0.468162 99361
0.470552 102241
0.472943 105121
0.475333 108001
0.477724 110881
0.480114 113761
0.482504 116641
0.497132 119521
0.499522 122401
0.501912 125281
0.504303 128161
0.506693 131041
0.509084 133921
0.511474 136801
0.513864 139681
0.516255 142561
0.518645 145441
0.521036 148321
0.523426 151201
0.525816 154081
0.528207 156961
0.530597 159841
0.532988 162721
0.535378 165601
0.537768 168481
0.540159 171361
0.542549 174241
0.54494 177121
0.54733 180001
0.54972 182881
0.552111 185761
0.554501 188641
0.556892 191521
0.559282 194401
0.561672 197281
0.564063 200161
0.566453 203041
0.568844 205921
0.571234 208801
0.573624 211681
0.576015 214561
0.578405 217441
0.580796 220321
0.583186 223201
0.585576 226081
0.587967 228961
0.590357 231841
0.592748 234721
0.595138 237601
0.597528 240481
0.599919 243361
0.602309 246241
0.6047 249121
0.60709 252001
0.60948 254881
0.611871 257761
0.614261 260641
0.616652 263521
0.619042 266401
0.621432 269281
0.623823 272161
0.626213 275041
0.628604 277921
0.630994 280801
0.633384 283681
0.635775 286561
0.638165 289441
0.640556 292321
0.642946 295201
0.645336 298081
0.647727 300961
0.650117 303841
0.652508 306721
0.654898 309601
0.657288 312481
0.659679 315361
0.662069 318241
0.66446 321121
0.66685 324001
0.66924 326881
0.671631 329761
0.674021 332641
0.676412 335521
0.678802 338401
0.681192 341281
0.683583 344161
0.685973 347041
0.688364 349921
0.690754 352801
0.693144 355681
0.695535 358561
0.697925 361441
0.700316 364321
0.702706 367201
0.705096 370081
0.707487 372961
0.709877 375841
0.712268 378721
0.714658 381601
0.717048 384481
0.719439 387361
0.721829 390241
0.72422 393121
0.72661 396001
0.729 398881
0.731391 401761
0.733781 404641
0.736171 407521
0.738562 410401
0.740952 413281
0.743343 416161
0.745733 419041
0.748123 421921
0.750514 424801
0.752904 427681
0.755295 430561
0.757685 433441
0.760075 436321
0.762466 439201
0.764856 442081
0.767247 444961
0.769637 447841
0.772027 450721
0.774418 453601
0.776808 456481
0.779199 459361
0.781589 462241
0.783979 465121
0.78637 468001
0.78876 470881
0.791166 472321
0.988388 594721
0.989569 656641
1.04095 774721
1.04334 777601
1.04573 780481
1.04812 783361
1.05051 786241
1.0529 789121
1.05529 792001
1.05768 794881
1.06007 797761
1.06246 800641
1.06485 803521
1.06724 806401
1.06963 809281
1.07202 812161
1.07441 815041
1.0768 817921
1.07919 820801
1.08158 823681
1.08397 826561
1.08636 828001
1.08876 829441
1.09115 832321
1.09354 835201
1.09593 838081
1.09832 840961
1.10071 843841
1.1031 846721
1.10549 849601
1.10788 852481
1.11027 855361
1.11266 858241
1.11505 861121
1.11744 864001
1.11983 866881
1.12222 869761
1.12461 872641
1.127 875521
1.12939 878401
1.13178 881281
1.13417 884161
1.13656 887041
1.13895 889921
1.14134 892801
1.24174 1013761
1.24413 1016641
1.24652 1019521
1.24891 1022401
1.2513 1025281
1.25369 1028161
1.25608 1031041
1.25847 1033921
1.26086 1036801
1.26325 1039681
1.26564 1042561
1.26804 1045441
1.27043 1048321
1.27282 1051201
1.27521 1054081
1.2776 1056961
1.27999 1059841
1.28238 1062721
1.28477 1065601
1.28716 1068481
1.28955 1071361
1.29194 1074241
1.29433 1077121
1.29672 1080001
1.29911 1082881
1.3015 1085761
1.30389 1088641
1.30628 1091521
1.30867 1094401
1.31106 1097281
1.31345 1100161
1.31584 1103041
1.31823 1105921
1.32062 1108801
1.32301 1111681
1.3254 1114561
1.32779 1117441
1.33019 1120321
1.33258 1123201
1.33497 1126081
1.33736 1128961
1.33975 1131841
1.34214 1134721
1.34453 1137601
1.34692 1140481
1.34931 1143361
1.3517 1146241
1.35409 1149121
1.35648 1152001
1.35887 1154881
1.36126 1157761
1.36365 1160641
1.36604 1163521
1.36843 1166401
1.37082 1169281
1.37321 1172161
1.3756 1175041
1.37799 1177921
1.38038 1180801
1.38277 1183681
1.38516 1186561
1.38755 1189441
1.38995 1192321
1.39234 1195201
1.39473 1198081
1.39712 1200961
1.39951 1203841
1.4019 1206721
1.40456 1209601
1.40695 1212481
1.40934 1215361
1.41173 1218241
1.41412 1221121
1.41651 1224001
1.4189 1226881
1.42129 1229761
1.42368 1232641
1.42607 1235521
1.42846 1238401
1.43085 1241281
1.43324 1244161
1.43563 1247041
1.43802 1249921
1.44041 1252801
1.4428 1255681
1.44519 1258561
1.44758 1261441
1.44997 1264321
1.45236 1267201
1.45475 1270081
1.45714 1272961
1.45953 1275841
1.46193 1278721
1.46432 1281601
1.46671 1284481
1.4691 1287361
1.47149 1290241
1.47388 1293121
1.47627 1296001
1.47866 1298881
1.48105 1301761
1.48344 1304641
1.48583 1307521
1.48822 1310401
1.49061 1313281
1.493 1316161
1.49539 1319041
1.49778 1321921
1.50017 1324801
1.50256 1327681
1.50495 1330561
1.50734 1333441
1.50973 1336321
1.51212 1339201
1.51451 1342081
1.5169 1344961
1.51929 1347841
1.52168 1350721
1.52408 1353601
1.52647 1356481
1.52886 1359361
1.53125 1362241
1.53364 1365121
1.53603 1368001
1.53843 1370881
1.54082 1373761
1.54321 1376641
1.5456 1379521
1.548 1382401
1.55039 1385281
1.55278 1388161
1.55517 1391041
1.55756 1393921
1.55995 1396801
1.56234 1399681
1.56473 1402561
1.56712 1405441
1.56951 1408321
1.5719 1411201
1.57429 1414081
1.57668 1416961
1.57907 1419841
1.58146 1422721
1.58385 1425601
1.58624 1428481
1.58863 1431361
1.59102 1434241
1.59341 1437121
1.5958 1440001
1.59819 1442881
1.60058 1445761
1.60297 1448641
1.60536 1451521
1.60776 1454401
1.61015 1457281
1.61254 1460161
1.61493 1463041
1.61732 1465921
1.61971 1468801
1.6221 1471681
1.62449 1474561
1.62688 1477441
1.62927 1480321
1.63166 1483201
1.63405 1486081
1.63644 1488961
1.63883 1491841
1.64122 1494721
1.64361 1497601
1.646 1500481
1.64839 1503361
1.65078 1506241
1.65317 1509121
1.65556 1512001
1.65795 1514881
1.66034 1517761
1.66273 1520641
1.66512 1523521
1.66752 1526401
1.67013 1529281
1.67252 1532161
1.67491 1535041
1.6773 1537921
1.67969 1540801
1.68208 1543681
1.68447 1546561
1.68686 1549441
1.68925 1552321
1.69164 1555201
1.69403 1558081
1.69642 1560961
1.69881 1563841
1.7012 1566721
1.70359 1569601
1.70598 1572481
1.70837 1575361
1.71076 1578241
1.71341 1581121
1.7158 1584001
1.71819 1586881
1.72058 1589761
1.72297 1592641
1.72536 1595521
1.72775 1598401
1.73014 1601281
1.73253 1604161
1.73492 1607041
1.73731 1609921
1.79273 1676161
1.8153 1679041
1.81769 1681921
1.82008 1684801
1.82247 1687681
1.82486 1690561
1.82725 1693441
1.82964 1696321
1.83203 1699201
1.83442 1702081
1.83681 1704961
1.86019 1707841
1.86258 1710721
1.86535 1713601
1.86774 1716481
1.87013 1719361
1.87252 1722241
1.87491 1725121
1.8773 1728001
1.87969 1730881
1.88208 1733761
1.90544 1736641
1.90783 1739521
1.91024 1742401
1.91263 1745281
1.91502 1748161
1.91741 1751041
1.9198 1753921
1.92219 1756801
1.92458 1759681
1.92697 1762561
1.95087 1765441
1.95326 1768321
1.95565 1771201
1.95804 1774081
1.96043 1776961
1.96282 1779841
1.96521 1782721
1.9676 1785601
1.96999 1788481
1.97238 1791361
1.97477 1794241
1.99734 1797121
1.99973 1800001
2.00212 1802881
2.00451 1805761
2.0069 1808641
2.00929 1811521
2.01168 1814401
2.01407 1817281
2.01646 1820161
2.01885 1823041
2.02124 1825921
2.0442 1828801
2.04659 1831681
2.04898 1834561
2.05137 1837441
2.05376 1840321
2.05615 1843201
2.05854 1846081
2.06094 1848961
2.06333 1851841
2.06572 1854721
2.06811 1857601
2.08948 1860481
2.09187 1863361
2.09426 1866241
2.09665 1869121
2.09904 1872001
2.10143 1874881
2.10382 1877761
2.10622 1880641
2.10861 1883521
2.111 1886401
2.11339 1889281
2.13476 1892161
2.13715 1895041
2.13954 1897921
2.14193 1900801
2.14432 1903681
2.14671 1906561
2.1491 1909441
2.1515 1912321
2.15389 1915201
2.15628 1918081
2.15867 1920961
2.16106 1923841
2.18163 1926721
2.18402 1929601
2.18641 1932481
2.1888 1935361
2.19119 1938241
2.19358 1941121
2.19597 1944001
2.19836 1946881
2.20075 1949761
2.20314 1952641
2.20553 1955521
2.20792 1958401
2.22771 1961281
2.2301 1964161
2.23249 1967041
2.23488 1969921
2.23754 1972801
2.23993 1975681
2.24246 1978561
2.24485 1981441
2.24724 1984321
2.24963 1987201
2.25202 1990081
2.25441 1992961
2.2726 1995841
2.27499 1998721
2.27738 2001601
2.28002 2004481
2.28242 2007361
2.28495 2010241
2.28735 2013121
2.28974 2016001
2.29213 2018881
2.29452 2021761
2.29691 2024641
2.2993 2027521
2.31749 2030401
2.31988 2033281
2.32227 2036161
2.32491 2039041
2.32731 2041921
2.33063 2044801
2.33302 2047681
2.33541 2050561
2.3851 2090881
2.41826 2093761
2.42066 2096641
2.42305 2099521
2.42544 2102401
2.42783 2105281
2.43022 2108161
2.46435 2111041
2.46674 2113921
2.46913 2116801
2.47152 2119681
2.47391 2122561
2.4763 2125441
2.51122 2128321
2.51361 2131201
2.51601 2134081
2.51839 2136961
2.52078 2139841
2.52317 2142721
2.55732 2145601
2.55971 2148481
2.5621 2151361
2.56449 2154241
2.56688 2157121
2.5696 2160001
2.6022 2162881
2.6046 2165761
2.60699 2168641
2.60938 2171521
2.61177 2174401
2.61449 2177281
2.64746 2180161
2.64985 2183041
2.65224 2185921
2.65463 2188801
2.65702 2191681
2.65941 2194561
2.6618 2197441
2.69356 2200321
2.69595 2203201
2.69834 2206081
2.70073 2208961
2.70312 2211841
2.70551 2214721
2.7079 2217601
2.73965 2220481
2.7424 2223361
2.74479 2226241
2.74718 2229121
2.74957 2232001
2.75196 2234881
2.75436 2237761
2.78454 2240641
2.78729 2243521
2.78968 2246401
2.79207 2249281
2.79446 2252161
2.79685 2255041
2.79924 2257921
2.82943 2260801
2.83256 2263681
2.83496 2266561
2.83735 2269441
2.83974 2272321
2.84213 2275201
2.84452 2278081
2.84691 2280961
2.87589 2283841
2.87865 2286721
2.88104 2289601
2.88343 2292481
2.88582 2295361
2.88821 2298241
2.891 2301121
2.89339 2304001
2.92198 2306881
2.92473 2309761
2.92712 2312641
2.92951 2315521
2.93191 2318401
2.9343 2321281
2.93747 2324161
2.93986 2327041
2.96687 2329921
2.96962 2332801
2.97201 2335681
2.9744 2338561
2.97679 2341441
2.97958 2344321
2.98236 2347201
2.98475 2350081
3.01176 2352961
3.01491 2355841
3.0173 2358721
3.01969 2361601
3.02208 2364481
3.02447 2367361
3.02725 2370241
3.03003 2373121
3.05665 2376001
3.05904 2378881
3.06143 2381761
3.06418 2384641
3.06657 2387521
3.06896 2390401
3.07135 2393281
3.07374 2396161
3.07651 2399041
3.10273 2401921
3.10512 2404801
3.10751 2407681
3.11065 2410561
3.11304 2413441
3.11543 2416321
3.11782 2419201
3.12021 2422081
3.1226 2424961
3.14882 2427841
3.15121 2430721
3.1536 2433601
3.15599 2436481
3.15838 2439361
3.16115 2442241
3.16354 2445121
3.16593 2448001
3.16832 2450881
3.19371 2453761
3.19648 2456641
3.19887 2459521
3.20126 2462401
3.20365 2465281
3.20643 2468161
3.20882 2471041
3.21121 2473921
3.2136 2476801
3.23859 2479681
3.24176 2482561
3.24415 2485441
3.24654 2488321
3.24893 2491201
3.25132 2494081
3.25371 2496961
3.2561 2499841
3.25849 2502721
3.26088 2505601
3.28468 2508481
3.28784 2511361
3.29023 2514241
3.29262 2517121
3.29501 2520001
3.2974 2522881
3.30019 2525761
3.30258 2528641
3.30497 2531521
3.30736 2534401
3.33076 2537281
3.33393 2540161
3.33632 2543041
3.33871 2545921
3.38916 2579041
3.42568 2581921
3.42885 2584801
3.43124 2587681
3.43363 2590561
3.47099 2593441
3.47374 2596321
3.47613 2599201
3.47852 2602081
3.51627 2604961
3.51902 2607841
3.52141 2610721
3.5238 2613601
3.52619 2616481
3.6104 2633761
3.65251 2636641
3.6553 2639521
3.6986 2642401
3.70175 2645281
3.74468 2648161
3.74823 2651041
3.79112 2653921
3.79351 2656801
3.8364 2659681
3.83901 2662561
3.88129 2665441
3.88428 2668321
3.88667 2671201
3.92815 2674081
3.93054 2676961
3.93293 2679841
3.97461 2682721
3.977 2685601
3.97939 2688481
4.0207 2691361
4.02309 2694241
4.11049 2707201
4.15538 2710081
4.20185 2712961
4.24793 2715841
4.29282 2718721
4.33771 2721601
4.383 2724481
4.38539 2727361
4.42946 2730241
4.43185 2733121
4.47554 2736001
4.47793 2738881
4.52202 2741761
4.52441 2744641
4.61536 2754721
4.66026 2757601
4.70635 2760481
4.75264 2763361
4.79912 2766241
4.84401 2769121
4.8889 2772001
4.93379 2774881
4.93618 2777761
4.97987 2780641
4.98226 2783521
5.02634 2786401
5.02873 2789281
5.07242 2792161
5.07481 2795041
5.11731 2797921
5.1197 2800801
5.16259 2803681
5.16498 2806561
5.16737 2809441
5.20906 2812321
5.21145 2815201
5.21384 2818081
5.25514 2820961
5.25753 2823841
5.25992 2826721
5.30242 2832481
5.30481 2835361
5.34731 2838241
5.3497 2841121
5.35209 2844001
5.3922 2846881
5.39459 2849761
5.39698 2852641
5.43828 2858401
5.44068 2861281
5.44307 2864161
5.48475 2867041
5.53479 2881441
5.5785 2884321
5.62339 2887201
5.66828 2890081
5.71317 2892961
5.75806 2895841
5.76045 2898721
5.80452 2901601
5.80691 2904481
5.851 2907361
5.85339 2910241
5.89628 2913121
5.89896 2916001
5.94117 2918881
5.94385 2921761
5.98645 2924641
5.98913 2927521
5.99152 2930401
6.03254 2933281
6.03561 2936161
6.038 2939041
6.07862 2941921
6.08209 2944801
6.08448 2947681
6.1239 2950561
6.12737 2953441
6.12976 2956321
6.16945 2959201
6.17304 2962081
6.17543 2964961
6.21481 2967841
6.21839 2970721
6.22078 2973601
6.22317 2976481
6.2612 2979361
6.26479 2982241
6.26718 2985121
6.26957 2988001
6.30739 2990881
6.31087 2993761
6.31349 2996641
6.31588 2999521
6.35228 3002401
6.35576 3005281
6.35853 3008161
6.36132 3011041
6.3975 3013921
6.40065 3016801
6.40342 3019681
6.4066 3022561
6.40899 3025441
6.44396 3028321
6.44674 3031201
6.44951 3034081
6.45269 3036961
6.45508 3039841
6.49005 3042721
6.49282 3045601
6.49637 3048481
6.49877 3051361
6.50116 3054241
6.53651 3057121
6.5389 3060001
6.54129 3062881
6.54368 3065761
6.54607 3068641
6.5814 3071521
6.58379 3074401
6.58618 3077281
6.58857 3080161
6.59096 3083041
6.62629 3085921
6.62868 3088801
6.63107 3091681
6.63384 3094561
6.63623 3097441
6.63862 3100321
6.67237 3103201
6.67476 3106081
6.67715 3108961
6.68031 3111841
6.6827 3114721
6.6851 3117601
6.71846 3120481
6.72085 3123361
6.72324 3126241
6.72678 3129121
6.72917 3132001
6.73156 3134881
6.76335 3137761
6.76574 3140641
6.76852 3143521
6.77168 3146401
6.77407 3149281
6.77646 3152161
6.80824 3155041
6.81063 3157921
6.81341 3160801
6.81695 3163681
6.81934 3166561
6.82173 3169441
6.82412 3172321
6.85432 3175201
6.85671 3178081
6.8595 3180961
6.86303 3183841
6.86543 3186721
6.86782 3189601
6.87047 3192481
6.9008 3195361
6.90319 3198241
6.90631 3201121
6.90912 3204001
6.91151 3206881
6.9139 3209761
6.91655 3212641
6.94608 3215521
6.94847 3218401
6.9512 3221281
6.95401 3224161
6.9564 3227041
6.95879 3229921
6.96144 3232801
6.99097 3235681
6.99353 3238561
6.99609 3241441
6.9989 3244321
7.00129 3247201
7.00368 3250081
7.00633 3252961
7.03585 3255841
7.03881 3258721
7.0412 3261601
7.04359 3264481
7.04598 3267361
7.04838 3270241
7.05077 3273121
7.05316 3276001
7.08233 3278881
7.0849 3281761
7.08729 3284641
7.08968 3287521
7.09207 3290401
7.09446 3293281
7.09685 3296161
7.12841 3301921
7.13098 3304801
7.13337 3307681
7.13576 3310561
7.13815 3313441
7.14054 3316321
7.14332 3319201
7.1733 3322081
7.17569 3324961
7.17808 3327841
7.18048 3330721
7.18301 3333601
7.1854 3336481
7.1878 3339361
7.19019 3342241
7.21819 3345121
7.22058 3348001
7.22297 3350881
7.22536 3353761
7.2279 3356641
7.23029 3359521
7.23268 3362401
7.23508 3365281
7.23747 3368161
7.26428 3371041
7.26667 3373921
7.26906 3376801
7.27145 3379681
7.27437 3382561
7.27676 3385441
7.27915 3388321
7.28154 3391201
7.28393 3394081
7.31075 3396961
7.31314 3399841
7.31553 3402721
7.31792 3405601
7.32046 3408481
7.32285 3411361
7.32525 3414241
7.32764 3417121
7.33003 3420001
7.35564 3422881
7.35803 3425761
7.36042 3428641
7.36281 3431521
7.36535 3434401
7.36774 3437281
7.37051 3440161
7.3729 3443041
7.37529 3445921
7.40091 3448801
7.4033 3451681
7.40808 3457441
7.41047 3460321
7.41286 3463201
7.4154 3466081
7.41779 3468961
7.42018 3471841
7.4458 3474721
7.44819 3477601
7.45058 3480481
7.45416 3483361
7.45655 3486241
7.45894 3489121
7.46133 3492001
7.46389 3494881
7.46628 3497761
7.46867 3500641
7.49188 3503521
7.49427 3506401
7.49666 3509281
7.50025 3512161
7.50264 3515041
7.50503 3517921
7.50742 3520801
7.51036 3523681
7.51276 3526561
7.51515 3529441
7.53835 3532321
7.54074 3535201
7.54313 3538081
7.54633 3540961
7.54872 3543841
7.55111 3546721
7.5535 3549601
7.55589 3552481
7.55843 3555361
7.56082 3558241
7.58324 3561121
7.58563 3564001
7.58802 3566881
7.59122 3569761
7.594 3572641
7.59639 3575521
7.59878 3578401
7.60117 3581281
7.60396 3584161
7.60635 3587041
7.62813 3589921
7.63052 3592801
7.63291 3595681
7.63611 3598561
7.63928 3601441
7.64206 3604321
7.64445 3607201
7.64684 3610081
7.64923 3612961
7.65162 3615841
7.65401 3618721
7.67421 3621601
7.6766 3624481
7.67899 3627361
7.68259 3630241
7.68536 3633121
7.68892 3636001
7.69131 3638881
7.6937 3641761
7.69609 3644641
7.69848 3647521
7.70087 3650401
7.7203 3653281
7.72269 3656161
7.72508 3659041
7.72904 3661921
7.73184 3664801
7.73501 3667681
7.7374 3670561
7.73979 3673441
7.74218 3676321
7.74457 3679201
7.74696 3682081
7.76557 3684961
7.76797 3687841
7.77036 3690721
7.77393 3693601
7.77711 3696481
7.77991 3699361
7.7823 3702241
7.78469 3705121
7.78708 3708001
7.78946 3710881
7.79185 3713761
7.81085 3716641
7.81365 3719521
7.81604 3722401
7.81921 3725281
7.82201 3728161
7.8248 3731041
7.82719 3733921
7.82958 3736801
7.83197 3739681
7.83436 3742561
7.83675 3745441
7.83914 3748321
7.85693 3751201
7.85973 3754081
7.86212 3756961
7.86568 3759841
7.8681 3762721
7.87165 3765601
7.87404 3768481
7.87643 3771361
7.87882 3774241
7.88121 3777121
7.8836 3780001
7.88599 3782881
7.90341 3785761
7.9066 3788641
7.90899 3791521
7.91215 3794401
7.91497 3797281
7.91774 3800161
7.92013 3803041
7.92252 3805921
7.92491 3808801
7.9273 3811681
7.92969 3814561
7.93208 3817441
7.94868 3820321
7.95149 3823201
7.95388 3826081
7.95745 3828961
7.95986 3831841
7.96263 3834721
7.96502 3837601
7.96741 3840481
7.9698 3843361
7.97219 3846241
7.97496 3849121
7.97735 3852001
7.99357 3854881
7.99676 3857761
7.99955 3860641
8.00234 3863521
8.00514 3866401
8.00753 3869281
8.00992 3872161
8.01231 3875041
8.0147 3877921
8.01709 3880801
8.02009 3883681
8.02248 3886561
8.02487 3889441
8.04004 3892321
8.04284 3895201
8.04641 3898081
8.04881 3900961
8.05122 3903841
8.05362 3906721
8.05601 3909601
8.05876 3912481
8.06115 3915361
8.06354 3918241
8.06632 3921121
8.06896 3924001
8.07135 3926881
8.08612 3929761
8.08932 3932641
8.0925 3935521
8.0949 3938401
8.09808 3941281
8.10047 3944161
8.10286 3947041
8.10525 3949921
8.10764 3952801
8.11004 3955681
8.11243 3958561
8.11504 3961441
8.11744 3964321
8.13221 3967201
8.13499 3970081
8.13739 3972961
8.14018 3975841
8.14297 3978721
8.14536 3981601
8.14814 3984481
8.15053 3987361
8.15292 3990241
8.15531 3993121
8.1577 3996001
8.16032 3998881
8.16271 4001761
8.1771 4004641
8.18027 4007521
8.18266 4010401
8.18542 4013281
8.18786 4016161
8.19025 4019041
8.19303 4021921
8.19542 4024801
8.19781 4027681
8.2002 4030561
8.20259 4033441
8.20521 4036321
8.2076 4039201
8.22235 4042081
8.22516 4044961
8.22755 4047841
8.22994 4050721
8.23233 4053601
8.23512 4056481
8.23751 4059361
8.2399 4062241
8.24229 4065121
8.24468 4068001
8.24707 4070881
8.24946 4073761
8.25185 4076641
8.25424 4079521
8.26884 4082401
8.27124 4085281
8.27363 4088161
8.27602 4091041
8.27841 4093921
8.2812 4096801
8.28359 4099681
8.28598 4102561
8.28837 4105441
8.29076 4108321
8.29315 4111201
8.29554 4114081
8.29793 4116961
8.30032 4119841
8.31492 4122721
8.31771 4125601
8.3201 4128481
8.32249 4131361
8.32488 4134241
8.32727 4137121
8.32966 4140001
8.33205 4142881
8.33444 4145761
8.33683 4148641
8.33922 4151521
8.34161 4154401
8.344 4157281
8.3464 4160161
8.36021 4163041
8.3626 4165921
8.36499 4168801
8.36738 4171681
8.36977 4174561
8.37216 4177441
8.37455 4180321
8.37694 4183201
8.37933 4186081
8.38174 4188961
8.38413 4191841
8.38652 4194721
8.38911 4197601
8.3915 4200481
8.40549 4203361
8.40788 4206241
8.41027 4209121
8.41266 4212001
8.41505 4214881
8.41744 4217761
8.41983 4220641
8.42222 4223521
8.42461 4226401
8.427 4229281
8.42939 4232161
8.43178 4235041
8.43417 4237921
8.43656 4240801
8.43895 4243681
8.45196 4246561
8.45435 4249441
8.45674 4252321
8.45913 4255201
8.46153 4258081
8.46392 4260961
8.46631 4263841
8.4687 4266721
8.47109 4269601
8.47348 4272481
8.47587 4275361
8.47826 4278241
8.48065 4281121
8.48304 4284001
8.48567 4286881
8.49805 4289761
8.50044 4292641
8.50283 4295521
8.50522 4298401
8.50761 4301281
8.51 4304161
8.51239 4307041
8.51478 4309921
8.51717 4312801
8.51956 4315681
8.52195 4318561
8.52498 4321441
8.52737 4324321
8.52976 4327201
8.53215 4330081
8.54294 4332961
8.54533 4335841
8.54772 4338721
8.55011 4341601
8.55288 4344481
8.55527 4347361
8.55766 4350241
8.56005 4353121
8.56244 4356001
8.56483 4358881
8.56722 4361761
8.56987 4364641
8.57226 4367521
8.57465 4370401
8.57704 4373281
8.63512 4422241
8.65741 4425121
8.6598 4428001
8.66219 4430881
8.66458 4433761
8.66697 4436641
8.66936 4439521
8.6792 4442401
8.7023 4445281
8.70469 4448161
8.70708 4451041
8.70947 4453921
8.71186 4456801
8.71425 4459681
8.72409 4462561
8.74757 4465441
8.74996 4468321
8.75235 4471201
8.75474 4474081
8.75713 4476961
8.75952 4479841
8.76936 4482721
8.79285 4485601
8.79524 4488481
8.79763 4491361
8.80002 4494241
8.80242 4497121
8.80481 4500001
8.8072 4502881
8.81545 4505761
8.83933 4508641
8.84172 4511521
8.84451 4514401
8.8469 4517281
8.84929 4520161
8.85168 4523041
8.85407 4525921
8.86153 4528801
8.8858 4531681
8.88819 4534561
8.89059 4537441
8.89298 4540321
8.89537 4543201
8.89776 4546081
8.90015 4548961
8.90642 4551841
8.93147 4554721
8.93387 4557601
8.93626 4560481
8.93865 4563361
8.94104 4566241
8.94343 4569121
8.94582 4572001
8.95131 4574881
8.97675 4577761
8.97914 4580641
8.98153 4583521
8.98392 4586401
8.98631 4589281
8.9887 4592161
8.99109 4595041
8.99348 4597921
8.99739 4600801
9.0232 4603681
9.02559 4606561
9.02798 4609441
9.03037 4612321
9.03277 4615201
9.03516 4618081
9.03755 4620961
9.03994 4623841
9.04348 4626721
9.06929 4629601
9.07168 4632481
9.07407 4635361
9.07646 4638241
9.07885 4641121
9.08124 4644001
9.08363 4646881
9.08602 4649761
9.08841 4652641
9.11456 4655521
9.11695 4658401
9.11934 4661281
9.12173 4664161
9.12412 4667041
9.12651 4669921
9.1289 4672801
9.13129 4675681
9.13368 4678561
9.15945 4681441
9.16184 4684321
9.16423 4687201
9.16662 4690081
9.16901 4692961
9.1714 4695841
9.17379 4698721
9.17618 4701601
9.17857 4704481
9.18096 4707361
9.20553 4710241
9.20793 4713121
9.21032 4716001
9.21271 4718881
9.21548 4721761
9.26555 4753441
9.3013 4756321
9.3037 4759201
9.30647 4762081
9.30886 4764961
9.34619 4767841
9.34858 4770721
9.35173 4773601
9.35412 4776481
9.39108 4779361
9.44152 4795201
9.4852 4798081
9.53047 4800961
9.57536 4803841
9.57776 4806721
9.62144 4809601
9.62425 4812481
9.66753 4815361
9.71282 4816801
9.76167 4826881
9.80658 4829761
9.85266 4832641
9.89875 4835521
9.94483 4838401
9.9901 4841281
10.0351 4844161
10.08 4847041
10.0824 4849921
10.1261 4852801
10.1285 4855681
10.1722 4858561
10.1746 4861441
10.2183 4864321
10.2207 4867201
10.2632 4870081
10.2656 4872961
10.3081 4875841
10.3104 4878721
10.3128 4881601
10.3541 4884481
10.3565 4887361
10.3589 4890241
10.4002 4893121
10.4027 4896001
10.405 4898881
10.4451 4901761
10.4479 4904641
10.4503 4907521
10.49 4910401
10.4928 4913281
10.4952 4916161
10.5353 4919041
10.5377 4921921
10.5401 4924801
10.5806 4926241
10.6298 4940641
10.6743 4943521
10.7192 4946401
10.7645 4949281
10.8093 4952161
10.8542 4955041
10.8566 4957921
10.9003 4960801
10.9027 4963681
10.9464 4966561
10.9488 4969441
10.9913 4972321
10.9937 4975201
11.0362 4978081
11.0386 4980961
11.0811 4983841
11.0835 4986721
11.0859 4989601
11.1275 4992481
11.1299 4995361
11.1323 4998241
11.1736 5001121
11.176 5004001
11.1784 5006881
11.2189 5009761
11.2213 5012641
11.2237 5015521
11.2638 5018401
11.2662 5021281
11.2686 5024161
11.3087 5027041
11.3111 5029921
11.3135 5032801
11.3158 5035681
11.3548 5038561
11.3571 5041441
11.3595 5044321
11.3619 5047201
11.4008 5050081
11.4032 5052961
11.4056 5055841
11.408 5058721
11.4457 5061601
11.4481 5064481
11.4505 5067361
11.4529 5070241
11.4906 5073121
11.493 5076001
11.4954 5078881
11.498 5081761
11.5004 5084641
11.5367 5087521
11.5391 5090401
11.5415 5093281
11.5448 5096161
11.5472 5099041
11.5832 5101921
11.586 5104801
11.5884 5107681
11.5909 5110561
11.5933 5113441
11.6293 5116321
11.6316 5119201
11.634 5122081
11.6364 5124961
11.6388 5127841
11.6741 5130721
11.6765 5133601
11.6789 5136481
11.6813 5139361
11.6837 5142241
11.7194 5145121
11.7218 5148001
11.7242 5150881
11.7266 5153761
11.729 5156641
11.7314 5159521
11.7659 5162401
11.7683 5165281
11.7707 5168161
11.7731 5171041
11.7755 5173921
11.7778 5176801
11.8124 5179681
11.8148 5182561
11.8172 5185441
11.8195 5188321
11.8219 5191201
11.8243 5194081
11.8577 5196961
11.86 5199841
11.8648 5205601
11.8672 5208481
11.8696 5211361
11.9029 5214241
11.9053 5217121
11.9097 5220001
11.9121 5222881
11.9145 5225761
11.9169 5228641
11.9193 5231521
11.9494 5234401
11.9518 5237281
11.9562 5240161
11.9586 5243041
11.961 5245921
11.9634 5248801
11.9657 5251681
11.9955 5254561
11.9983 5257441
12.0023 5260321
12.0047 5263201
12.007 5266081
12.0094 5268961
12.0118 5271841
12.0416 5274721
12.044 5277601
12.0472 5280481
12.0495 5283361
12.0519 5286241
12.0543 5289121
12.0567 5292001
12.0865 5294881
12.0889 5297761
12.092 5300641
12.0944 5303521
12.0968 5306401
12.0992 5309281
12.1016 5312161
12.1314 5315041
12.1337 5317921
12.1369 5320801
12.1393 5323681
12.1417 5326561
12.1441 5329441
12.1465 5332321
12.1489 5335201
12.1774 5338081
12.1798 5340961
12.183 5343841
12.1854 5346721
12.1878 5349601
12.1902 5352481
12.1926 5355361
12.195 5358241
12.2235 5361121
12.2259 5364001
12.2291 5366881
12.2315 5369761
12.2339 5372641
12.2363 5375521
12.2389 5378401
12.2413 5381281
12.2684 5384161
12.2708 5387041
12.274 5389921
12.2764 5392801
12.2788 5395681
12.2812 5398561
12.2842 5401441
12.2865 5404321
12.3133 5407201
12.3157 5410081
12.3189 5412961
12.3213 5415841
12.3237 5418721
12.3261 5421601
12.3284 5424481
12.3308 5427361
12.3332 5430241
12.3594 5433121
12.3618 5436001
12.365 5438881
12.3674 5441761
12.3697 5444641
12.3721 5447521
12.3745 5450401
12.3769 5453281
12.3793 5456161
12.4055 5459041
12.4079 5461921
12.4111 5464801
12.4134 5467681
12.4158 5470561
12.4182 5473441
12.4206 5476321
12.423 5479201
12.4254 5482081
12.4504 5484961
12.4528 5487841
12.4567 5490721
12.4591 5493601
12.4615 5496481
12.4639 5499361
12.4663 5502241
12.4687 5505121
12.4711 5508001
12.4953 5510881
12.4976 5513761
12.5016 5516641
12.504 5519521
12.5064 5522401
12.5088 5525281
12.5112 5528161
12.5136 5531041
12.516 5533921
12.5183 5536801
12.5417 5539681
12.5441 5542561
12.5477 5545441
12.5501 5548321
12.5525 5551201
12.5549 5554081
12.5573 5556961
12.5598 5559841
12.5622 5562721
12.5646 5565601
12.5878 5568481
12.5902 5571361
12.5938 5574241
12.5962 5577121
12.5986 5580001
12.6013 5582881
12.6037 5585761
12.6063 5588641
12.6087 5591521
12.6111 5594401
12.6339 5597281
12.6363 5600161
12.6387 5603041
12.6411 5605921
12.6435 5608801
12.6466 5611681
12.649 5614561
12.6514 5617441
12.6538 5620321
12.6562 5623201
12.6788 5626081
12.6812 5628961
12.6836 5631841
12.6859 5634721
12.6883 5637601
12.6915 5640481
12.6939 5643361
12.6963 5646241
12.6987 5649121
12.7011 5652001
12.7237 5654881
12.7261 5657761
12.7284 5660641
12.7312 5663521
12.7336 5666401
12.736 5669281
12.7384 5672161
12.7408 5675041
12.7432 5677921
12.7456 5680801
12.748 5683681
12.7698 5686561
12.7721 5689441
12.7745 5692321
12.7777 5695201
12.7801 5698081
12.7825 5700961
12.7849 5703841
12.7873 5706721
12.7897 5709601
12.792 5712481
12.7944 5715361
12.8158 5718241
12.8182 5721121
12.8206 5724001
12.8238 5726881
12.8262 5729761
12.8286 5732641
12.831 5735521
12.8333 5738401
12.8357 5741281
12.8381 5744161
12.8405 5747041
12.8607 5749921
12.8635 5752801
12.8659 5755681
12.8687 5758561
12.8711 5761441
12.8735 5764321
12.8758 5767201
12.8782 5770081
12.8806 5772961
12.883 5775841
12.8854 5778721
12.9056 5781601
12.956 5819041
12.9728 5821921
12.9752 5824801
12.9776 5827681
12.9966 5830561
12.9997 5833441
13.0177 5836321
13.0201 5839201
13.0228 5842081
13.0419 5844961
13.0446 5847841
13.0626 5850721
13.065 5853601
13.0681 5856481
13.0868 5859361
13.0895 5862241
13.1075 5865121
13.1099 5868001
13.1123 5870881
13.1148 5873761
13.1329 5876641
13.1356 5879521
13.1539 5882401
13.1563 5885281
13.1587 5888161
13.1611 5891041
13.1789 5893921
13.1821 5896801
13.2008 5899681
13.2032 5902561
13.2056 5905441
13.208 5908321
13.2238 5911201
13.227 5914081
13.2457 5916961
13.2481 5919841
13.2505 5922721
13.2529 5925601
13.2691 5928481
13.2718 5931361
13.2906 5934241
13.293 5937121
13.2954 5940001
13.2978 5942881
13.314 5945761
13.3164 5948641
13.3188 5951521
13.3367 5954401
13.3391 5957281
13.3415 5960161
13.3438 5963041
13.3601 5965921
13.3628 5968801
13.3652 5971681
13.3828 5974561
13.3855 5977441
13.3879 5980321
13.3903 5983201
13.4062 5986081
13.4089 5988961
13.4112 5991841
13.4276 5994721
13.4308 5997601
13.4332 6000481
13.4356 6003361
13.451 6006241
13.4541 6009121
13.4565 6012001
13.4725 6014881
13.4757 6017761
13.4781 6020641
13.4805 6023521
13.4959 6026401
13.499 6029281
13.5014 6032161
13.5178 6035041
13.5202 6037921
13.5226 6040801
13.525 6043681
13.5274 6046561
13.542 6049441
13.5451 6052321
13.5475 6055201
13.5639 6058081
13.5663 6060961
13.5687 6063841
13.5711 6066721
13.5735 6069601
13.5881 6072481
13.5916 6075361
13.594 6078241
13.61 6081121
13.6124 6084001
13.6148 6086881
13.6172 6089761
13.6195 6092641
13.6333 6095521
13.6365 6098401
13.6389 6101281
13.6556 6104161
13.658 6107041
13.6604 6109921
13.6628 6112801
13.6652 6115681
13.6786 6118561
13.6814 6121441
13.6838 6124321
13.7013 6127201
13.7037 6130081
13.7061 6132961
13.7085 6135841
13.7109 6138721
13.7133 6141601
13.7246 6144481
13.7274 6147361
13.7298 6150241
13.7478 6153121
13.7502 6156001
13.7526 6158881
13.755 6161761
13.7574 6164641
13.7597 6167521
13.7707 6170401
13.7735 6173281
13.7759 6176161
13.7943 6179041
13.7967 6181921
13.7991 6184801
13.8014 6187681
13.8038 6190561
13.8062 6193441
13.8156 6196321
13.8184 6199201
13.8208 6202081
13.8392 6204961
13.8416 6207841
13.8439 6210721
13.8463 6213601
13.8487 6216481
13.8511 6219361
13.8605 6222241
13.8637 6225121
13.8661 6228001
13.884 6230881
13.8864 6233761
13.8888 6236641
13.8912 6239521
13.8936 6242401
13.896 6245281
13.9054 6248161
13.9078 6251041
13.9102 6253921
13.9126 6256801
13.9301 6259681
13.9325 6262561
13.9349 6265441
13.9373 6268321
13.9397 6271201
13.9421 6274081
13.9515 6276961
13.9539 6279841
13.9563 6282721
13.9586 6285601
13.9762 6288481
13.9786 6291361
13.981 6294241
13.9834 6297121
13.9858 6300001
13.9882 6302881
13.9979 6305761
14.0003 6308641
14.0027 6311521
14.0051 6314401
14.0211 6317281
14.0235 6320161
14.0259 6323041
14.0283 6325921
14.0307 6328801
14.0331 6331681
14.0428 6334561
14.0452 6337441
14.0476 6340321
14.05 6343201
14.066 6346081
14.0684 6348961
14.0708 6351841
14.0732 6354721
14.0756 6357601
14.078 6360481
14.0877 6363361
14.0901 6366241
14.0925 6369121
14.0949 6372001
14.1109 6374881
14.1133 6377761
14.1157 6380641
14.1181 6383521
14.1208 6386401
14.1232 6389281
14.1256 6392161
14.1338 6395041
14.1366 6397921
14.139 6400801
14.1414 6403681
14.157 6406561
14.1594 6409441
14.1618 6412321
14.1641 6415201
14.1669 6418081
14.1693 6420961
14.1717 6423841
14.1799 6426721
14.1827 6429601
14.1851 6432481
14.1875 6435361
14.2031 6438241
14.2054 6441121
14.2078 6444001
14.2102 6446881
14.2126 6449761
14.215 6452641
14.2174 6455521
14.2252 6458401
14.2276 6461281
14.23 6464161
14.2324 6467041
14.2483 6469921
14.2507 6472801
14.2531 6475681
14.2555 6478561
14.2579 6481441
14.2603 6484321
14.2627 6487201
14.2701 6490081
14.2729 6492961
14.2752 6495841
14.2776 6498721
14.2932 6501601
14.2956 6504481
14.298 6507361
14.3004 6510241
14.3028 6513121
14.3052 6516001
14.3076 6518881
14.31 6521761
14.3161 6524641
14.3189 6527521
14.3213 6530401
14.3237 6533281
14.3393 6536161
14.3417 6539041
14.3441 6541921
14.3465 6544801
14.3489 6547681
14.3513 6550561
14.3538 6553441
14.3562 6556321
14.3626 6559201
14.365 6562081
14.3674 6564961
14.3702 6567841
14.3854 6570721
14.3878 6573601
14.3902 6576481
14.3926 6579361
14.395 6582241
14.3973 6585121
14.3997 6588001
14.4021 6590881
14.4075 6593761
14.4099 6596641
14.4123 6599521
14.4151 6602401
14.4303 6605281
14.4327 6608161
14.4351 6611041
14.4374 6613921
14.4398 6616801
14.4422 6619681
14.4446 6622561
14.447 6625441
14.4524 6628321
14.4548 6631201
14.4572 6634081
14.4604 6636961
14.4752 6639841
14.4776 6642721
14.4799 6645601
14.4827 6648481
14.4851 6651361
14.4875 6654241
14.4899 6657121
14.4923 6660001
14.4949 6662881
14.4985 6665761
14.5009 6668641
14.5033 6671521
14.5065 6674401
14.5213 6677281
14.5236 6680161
14.526 6683041
14.5292 6685921
14.5316 6688801
14.534 6691681
14.5364 6694561
14.5388 6697441
14.5411 6700321
14.5451 6703201
14.5475 6706081
14.5499 6708961
14.5525 6711841
14.5673 6714721
14.5697 6717601
14.5721 6720481
14.5753 6723361
14.5781 6726241
14.5804 6729121
14.5828 6732001
14.5852 6734881
14.5876 6737761
14.59 6740641
14.5924 6743521
14.5948 6746401
14.5974 6749281
14.6126 6752161
14.615 6755041
14.6174 6757921
14.6205 6760801
14.6229 6763681
14.6253 6766561
14.6277 6769441
14.6301 6772321
14.6325 6775201
14.6349 6778081
14.6373 6780961
14.6397 6783841
14.6423 6786721
14.6579 6789601
14.6603 6792481
14.6627 6795361
14.6654 6798241
14.6678 6801121
14.6702 6804001
14.6726 6806881
14.675 6809761
14.6774 6812641
14.6798 6815521
14.6822 6818401
14.6846 6821281
14.687 6824161
14.6894 6827041
14.7044 6829921
14.7068 6832801
14.7091 6835681
14.7119 6838561
14.7147 6841441
14.7171 6844321
14.7195 6847201
14.7219 6850081
14.7243 6852961
14.7267 6855841
14.729 6858721
14.7314 6861601
14.7338 6864481
14.7362 6867361
14.7509 6870241
14.7532 6873121
14.7556 6876001
14.7584 6878881
14.7612 6881761
14.7636 6884641
14.766 6887521
14.7683 6890401
14.7707 6893281
14.7731 6896161
14.7755 6899041
14.7779 6901921
14.7803 6904801
14.7827 6907681
14.7961 6910561
14.7985 6913441
14.8009 6916321
14.8033 6919201
14.8061 6922081
14.8085 6924961
14.8108 6927841
14.8132 6930721
14.8156 6933601
14.818 6936481
14.8204 6939361
14.8228 6942241
14.8252 6945121
14.8278 6948001
14.8418 6950881
14.8442 6953761
14.8466 6956641
14.849 6959521
14.8514 6962401
14.8537 6965281
14.8561 6968161
14.8585 6971041
14.8609 6973921
14.8633 6976801
14.8657 6979681
14.8681 6982561
14.8705 6985441
14.8729 6988321
14.8755 6991201
14.8883 6994081
14.8907 6996961
14.893 6999841
14.8954 7002721
14.8978 7005601
14.9002 7008481
14.9026 7011361
14.905 7014241
14.9074 7017121
14.9098 7020001
14.9122 7022881
14.9146 7025761
14.917 7028641
14.9193 7031521
14.9217 7034401
14.9347 7037281
14.9371 7040161
14.9395 7043041
14.9419 7045921
14.9443 7048801
14.9467 7051681
14.9491 7054561
14.9515 7057441
14.9539 7060321
14.9563 7063201
14.9586 7066081
14.961 7068961
14.9634 7071841
14.9658 7074721
14.9682 7077601
14.9808 7080481
14.9832 7083361
14.9856 7086241
14.988 7089121
14.9904 7092001
14.9928 7094881
14.9952 7097761
14.9976 7100641
14.9999 7103521
15.0023 7106401
15.0047 7109281
15.0074 7112161
15.0101 7115041
15.0125 7117921
15.0149 7120801
15.0257 7123681
15.0281 7126561
15.0305 7129441
15.0329 7132321
15.0353 7135201
15.0377 7138081
15.0401 7140961
15.0424 7143841
15.0448 7146721
15.0472 7149601
15.0496 7152481
15.0522 7155361
15.055 7158241
15.0574 7161121
15.0599 7164001
15.0706 7166881
15.073 7169761
15.0754 7172641
15.0782 7175521
15.0805 7178401
15.0829 7181281
15.0853 7184161
15.0877 7187041
15.0901 7189921
15.0925 7192801
15.0949 7195681
15.0973 7198561
15.0997 7201441
15.1021 7204321
15.1045 7207201
15.1068 7210081
15.1167 7212961
15.1191 7215841
15.1215 7218721
15.1242 7221601
15.1266 7224481
15.129 7227361
15.1314 7230241
15.1338 7233121
15.1362 7236001
15.1386 7238881
15.141 7241761
15.1434 7244641
15.1458 7247521
15.1481 7250401
15.1505 7253281
15.1529 7256161
15.1628 7259041
15.1652 7261921
15.1676 7264801
15.1707 7267681
15.1731 7270561
15.1755 7273441
15.1779 7276321
15.1803 7279201
15.1827 7282081
15.1851 7284961
15.1874 7287841
15.1898 7290721
15.1922 7293601
15.1946 7296481
15.197 7299361
15.1994 7302241
15.208 7305121
15.2104 7308001
15.2128 7310881
15.2156 7313761
15.218 7316641
15.2204 7319521
15.2228 7322401
15.2252 7325281
15.2276 7328161
15.23 7331041
15.2323 7333921
15.2347 7336801
15.2371 7339681
15.2395 7342561
15.2419 7345441
15.2443 7348321
15.2529 7351201
15.2553 7354081
15.2577 7356961
15.2605 7359841
15.2629 7362721
15.2653 7365601
15.2677 7368481
15.2701 7371361
15.2724 7374241
15.2748 7377121
15.2772 7380001
15.2796 7382881
15.282 7385761
15.2844 7388641
15.2868 7391521
15.2892 7394401
15.2916 7397281
15.299 7400161
15.3014 7403041
15.3038 7405921
15.3067 7408801
15.3091 7411681
15.3115 7414561
15.3139 7417441
15.3162 7420321
15.3186 7423201
15.321 7426081
15.3234 7428961
15.3261 7431841
15.3285 7434721
15.3309 7437601
15.3333 7440481
15.3356 7443361
15.338 7446241
15.3455 7449121
15.3479 7452001
15.3503 7454881
15.3528 7457761
15.3552 7460641
15.3578 7463521
15.3602 7466401
15.3626 7469281
15.365 7472161
15.3674 7475041
15.3698 7477921
15.3722 7480801
15.3746 7483681
15.3769 7486561
15.3793 7489441
15.3817 7492321
15.3841 7495201
15.3904 7498081
15.3928 7500961
15.3952 7503841
15.3977 7506721
15.4001 7509601
15.4031 7512481
15.4055 7515361
15.4079 7518241
15.4107 7521121
15.4131 7524001
15.4154 7526881
15.4178 7529761
15.4202 7532641
15.4226 7535521
15.425 7538401
15.4274 7541281
15.4298 7544161
15.4353 7547041
15.4377 7549921
15.44 7552801
15.4426 7555681
15.4449 7558561
15.4961 7613281
15.5204 7616161
15.5228 7619041
15.5263 7621921
15.5286 7624801
15.531 7627681
15.5347 7630561
15.5371 7633441
15.5395 7636321
15.5653 7639201
15.5676 7642081
15.5711 7644961
15.5735 7647841
15.5759 7650721
15.5804 7653601
15.5828 7656481
15.5852 7659361
15.6101 7662241
15.6125 7665121
15.6164 7668001
15.6188 7670881
15.6216 7673761
15.6252 7676641
15.6276 7679521
15.63 7682401
15.655 7685281
15.6574 7688161
15.6598 7691041
15.6625 7693921
15.6649 7696801
15.6685 7699681
15.672 7702561
15.6745 7705441
15.6768 7708321
15.7011 7711201
15.7035 7714081
15.7059 7716961
15.7094 7719841
15.7118 7722721
15.7149 7725601
15.7181 7728481
15.7209 7731361
15.7233 7734241
15.7476 7737121
15.75 7740001
15.7528 7742881
15.7555 7745761
15.7578 7748641
15.7602 7751521
15.7635 7754401
15.7659 7757281
15.8374 7787521
15.8537 7790401
15.8561 7793281
15.8585 7796161
15.8826 7799041
15.8998 7801921
15.9022 7804801
15.9046 7807681
15.9287 7810561
15.9461 7813441
15.9485 7816321
15.9509 7819201
15.9744 7822081
15.991 7824961
15.9934 7827841
15.9958 7830721
16.0197 7833601
16.0363 7836481
16.0387 7839361
16.0411 7842241
16.0435 7845121
16.0662 7848001
16.0824 7850881
16.0848 7853761
16.0872 7856641
16.0896 7859521
16.1123 7862401
16.1285 7865281
16.1309 7868161
16.1333 7871041
16.1357 7873921
16.1571 7876801
16.1738 7879681
16.1761 7882561
16.1785 7885441
16.1809 7888321
16.2028 7891201
16.2186 7894081
16.221 7896961
16.2234 7899841
16.2258 7902721
16.2485 7905601
16.2508 7908481
16.2651 7911361
16.2675 7914241
16.2699 7917121
16.2723 7920001
16.2949 7922881
16.2973 7925761
16.3112 7928641
16.3136 7931521
16.316 7934401
16.3187 7937281
16.3414 7940161
16.3438 7943041
16.3573 7945921
16.3597 7948801
16.3624 7951681
16.3648 7954561
16.3863 7957441
16.3887 7960321
16.4022 7963201
16.4046 7966081
16.4073 7968961
16.4316 7974721
16.4339 7977601
16.4471 7980481
16.4494 7983361
16.4518 7986241
16.4542 7989121
16.4776 7992001
16.48 7994881
16.4824 7997761
16.4931 8000641
16.4955 8003521
16.4979 8006401
16.5003 8009281
16.5241 8012161
16.5265 8015041
16.5289 8017921
16.5396 8020801
16.542 8023681
16.5444 8026561
16.5471 8029441
16.5702 8032321
16.5726 8035201
16.575 8038081
16.5845 8040961
16.5869 8043841
16.5896 8046721
16.592 8049601
16.6155 8052481
16.6179 8055361
16.6203 8058241
16.6294 8061121
16.6318 8064001
16.6345 8066881
16.6373 8069761
16.6604 8072641
16.6628 8075521
16.6652 8078401
16.6675 8081281
16.6755 8084161
16.6779 8087041
16.6806 8089921
16.6837 8092801
16.7068 8095681
16.7092 8098561
16.7116 8101441
16.714 8104321
16.7219 8107201
16.7243 8110081
16.7267 8112961
16.7298 8115841
16.7529 8118721
16.7553 8121601
16.7577 8124481
16.7601 8127361
16.7671 8130241
16.7695 8133121
16.7719 8136001
16.7747 8138881
16.7978 8141761
16.8002 8144641
16.8026 8147521
16.805 8150401
16.812 8153281
16.8144 8156161
16.8168 8159041
16.82 8161921
16.8427 8164801
16.8451 8167681
16.8475 8170561
16.8499 8173441
16.8573 8176321
16.8601 8179201
16.8637 8180641
16.9125 8209441
16.9491 8212321
16.9515 8215201
16.955 8218081
16.9574 8220961
16.9955 8223841
16.9979 8226721
17.0011 8229601
17.0035 8232481
17.0424 8235361
17.0448 8238241
17.0472 8241121
17.0496 8244001
17.0889 8246881
17.0913 8249761
17.0936 8252641
17.096 8255521
17.1338 8258401
17.1361 8261281
17.1385 8264161
17.1409 8267041
17.1786 8269921
17.181 8272801
17.1834 8275681
17.1858 8278561
17.1882 8281441
17.2247 8284321
17.2271 8287201
17.2295 8290081
17.2319 8292961
17.2343 8295841
17.2708 8298721
17.2736 8301601
17.276 8304481
17.2784 8307361
17.2808 8310241
17.3157 8313121
17.3185 8316001
17.3209 8318881
17.3236 8321761
17.326 8324641
17.3606 8327521
17.3637 8330401
17.3661 8333281
17.3685 8336161
17.3709 8339041
17.3737 8341921
17.4071 8344801
17.4098 8347681
17.4122 8350561
17.415 8353441
17.4174 8356321
17.4198 8359201
17.4531 8362081
17.4563 8364961
17.4587 8367841
17.4615 8370721
17.4639 8373601
17.4662 8376481
17.4996 8379361
17.502 8382241
17.5044 8385121
17.5068 8388001
17.5565 8409601
17.5982 8412481
17.6005 8415361
17.643 8418241
17.6454 8421121
17.6882 8424001
17.6906 8426881
17.693 8429761
17.7351 8432641
17.7375 8435521
17.7399 8438401
17.7819 8441281
17.7843 8444161
17.7867 8447041
17.8272 8449921
17.8296 8452801
17.832 8455681
17.8725 8458561
17.8749 8461441
17.8773 8464321
17.9178 8467201
17.9202 8470081
17.9226 8472961
17.925 8475841
17.9639 8478721
17.9663 8481601
17.9687 8484481
18.0088 8485921
18.0576 8501761
18.1015 8504641
18.1464 8507521
18.1913 8510401
18.1937 8513281
18.2374 8516161
18.2398 8519041
18.2839 8521921
18.2862 8524801
18.3299 8527681
18.3323 8530561
18.3748 8533441
18.3772 8536321
18.4197 8539201
18.4221 8542081
18.4245 8544961
18.4658 8547841
18.4682 8550721
18.4706 8553601
18.5119 8556481
18.5143 8559361
18.5167 8562241
18.558 8565121
18.5604 8568001
18.5628 8570881
18.6032 8573761
18.6056 8576641
18.608 8579521
18.6481 8582401
18.6505 8585281
18.6529 8588161
18.6553 8591041
18.6946 8593921
18.697 8596801
18.6994 8599681
18.7018 8602561
18.7407 8605441
18.7431 8608321
18.7455 8611201
18.7479 8614081
18.786 8616961
18.7883 8619841
18.7907 8622721
18.7931 8625601
18.8308 8628481
18.8332 8631361
18.8356 8634241
18.8384 8637121
18.8761 8640001
18.8785 8642881
18.8809 8645761
18.8833 8648641
18.8857 8651521
18.9222 8654401
18.9246 8657281
18.927 8660161
18.9294 8663041
18.9318 8665921
18.9687 8668801
18.9711 8671681
18.9735 8674561
18.9759 8677441
18.9782 8680321
19.014 8683201
19.0167 8686081
19.0191 8688961
19.0215 8691841
19.0239 8694721
19.0588 8697601
19.0624 8700481
19.0648 8703361
19.0672 8706241
19.0696 8709121
19.072 8712001
19.1057 8714881
19.1085 8717761
19.1109 8720641
19.1133 8723521
19.1157 8726401
19.1181 8729281
19.1522 8732161
19.1554 8735041
19.1578 8737921
19.1601 8740801
19.1625 8743681
19.1649 8746561
19.1971 8749441
19.2003 8752321
19.2026 8755201
19.205 8758081
19.2074 8760961
19.2098 8763841
19.2427 8766721
19.2451 8769601
19.2475 8772481
19.2499 8775361
19.2523 8778241
19.2547 8781121
19.2884 8784001
19.2908 8786881
19.2932 8789761
19.2956 8792641
19.2979 8795521
19.3003 8798401
19.3027 8801281
19.3349 8804161
19.3372 8807041
19.3396 8809921
19.342 8812801
19.3444 8815681
19.3468 8818561
19.3492 8821441
19.3809 8824321
19.3833 8827201
19.3857 8830081
19.3881 8832961
19.3905 8835841
19.3929 8838721
19.3953 8841601
19.4258 8844481
19.4282 8847361
19.4306 8850241
19.433 8853121
19.4354 8856001
19.4378 8858881
19.4402 8861761
19.4707 8864641
19.4731 8867521
19.4759 8870401
19.4783 8873281
19.4807 8876161
19.4831 8879041
19.4854 8881921
19.4878 8884801
19.5168 8887681
19.5192 8890561
19.522 8893441
19.5244 8896321
19.5267 8899201
19.5291 8902081
19.5315 8904961
19.5339 8907841
19.5629 8910721
19.5653 8913601
19.5684 8916481
19.5708 8919361
19.5732 8922241
19.5756 8925121
19.5784 8928001
19.5808 8930881
19.6082 8933761
19.6106 8936641
19.6133 8939521
19.6157 8942401
19.6181 8945281
19.6205 8948161
19.6237 8951041
19.6261 8953921
19.653 8956801
19.6554 8959681
19.6582 8962561
19.6606 8965441
19.663 8968321
19.6654 8971201
19.6689 8974081
19.6713 8976961
19.6737 8979841
19.6991 8982721
19.7015 8985601
19.7047 8988481
19.7071 8991361
19.7095 8994241
19.7119 8997121
19.715 9000001
19.7174 9002881
19.7198 9005761
19.7456 9008641
19.748 9011521
19.7508 9014401
19.7536 9017281
19.7559 9020161
19.7583 9023041
19.7611 9025921
19.7635 9028801
19.7659 9031681
19.7905 9034561
19.7929 9037441
19.7957 9040321
19.7988 9043201
19.8012 9046081
19.8036 9048961
19.8068 9051841
19.8092 9054721
19.8116 9057601
19.8354 9060481
19.8378 9063361
19.8409 9066241
19.8441 9069121
19.8465 9072001
19.8489 9074881
19.8517 9077761
19.8541 9080641
19.8565 9083521
19.8803 9086401
19.8827 9089281
19.8854 9092161
19.8878 9095041
19.8902 9097921
19.8926 9100801
19.895 9103681
19.8981 9106561
19.9005 9109441
19.9029 9112321
19.9264 9115201
19.9287 9118081
19.9316 9120961
19.934 9123841
19.9368 9126721
19.9392 9129601
19.9416 9132481
19.9442 9135361
19.9466 9138241
19.949 9141121
19.9728 9144001
19.9752 9146881
19.9777 9149761
19.9801 9152641
19.9825 9155521
19.9849 9158401
19.9873 9161281
19.9896 9164161
19.992 9167041
19.9944 9169921
20.0177 9172801
20.0201 9175681
20.0226 9178561
20.025 9181441
20.0274 9184321
20.0298 9187201
20.0321 9190081
20.0345 9192961
20.0369 9195841
20.0393 9198721
20.0626 9201601
20.065 9204481
20.0679 9207361
20.0703 9210241
20.0726 9213121
20.075 9216001
20.0774 9218881
20.0798 9221761
20.0822 9224641
20.0846 9227521
20.087 9230401
20.1091 9233281
20.1115 9236161
20.1139 9239041
20.1163 9241921
20.1187 9244801
20.1211 9247681
20.1235 9250561
20.1259 9253441
20.1283 9256321
20.1307 9259201
20.1331 9262081
20.1552 9264961
20.1576 9267841
20.16 9270721
20.1624 9273601
20.1648 9276481
20.1672 9279361
20.1696 9282241
20.172 9285121
20.1744 9288001
20.1768 9290881
20.1792 9293761
20.2001 9296641
20.2025 9299521
20.2053 9302401
20.2077 9305281
20.2101 9308161
20.2125 9311041
20.2149 9313921
20.2173 9316801
20.2197 9319681
20.222 9322561
20.2244 9325441
20.2453 9328321
20.2478 9331201
20.2502 9334081
20.2526 9336961
20.255 9339841
20.2574 9342721
20.2598 9345601
20.2622 9348481
20.2645 9351361
20.2669 9354241
20.2693 9357121
20.2717 9360001
20.2914 9362881
20.2939 9365761
20.2963 9368641
20.2987 9371521
20.3011 9374401
20.3035 9377281
20.3058 9380161
20.3082 9383041
20.3106 9385921
20.313 9388801
20.3154 9391681
20.3178 9394561
20.3376 9397441
20.3404 9400321
20.3428 9403201
20.3452 9406081
20.3476 9408961
20.3499 9411841
20.3523 9414721
20.3547 9417601
20.3571 9420481
20.3595 9423361
20.3619 9426241
20.3643 9429121
20.3829 9432001
20.3853 9434881
20.3877 9437761
20.3901 9440641
20.3924 9443521
20.3948 9446401
20.3972 9449281
20.3996 9452161
20.402 9455041
20.4044 9457921
20.4068 9460801
20.4092 9463681
20.4277 9466561
20.4302 9469441
20.4326 9472321
20.4349 9475201
20.4373 9478081
20.4397 9480961
20.4421 9483841
20.4445 9486721
20.4469 9489601
20.4493 9492481
20.4521 9495361
20.4545 9498241
20.4568 9501121
20.4738 9504001
20.4766 9506881
20.479 9509761
20.4814 9512641
20.4838 9515521
20.4862 9518401
20.4886 9521281
20.491 9524161
20.4934 9527041
20.4958 9529921
20.4985 9532801
20.5009 9535681
20.5033 9538561
20.5201 9541441
20.5227 9544321
20.5251 9547201
20.5748 9588961
20.5944 9591841
20.61 9594721
20.6129 9597601
20.6153 9600481
20.6177 9603361
20.62 9606241
20.6405 9609121
20.6561 9612001
20.659 9614881
20.6613 9617761
20.6637 9620641
20.6661 9623521
20.687 9626401
20.7013 9629281
20.7038 9632161
20.7062 9635041
20.7086 9637921
20.711 9640801
20.7319 9643681
20.7462 9646561
20.7491 9649441
20.7515 9652321
20.7539 9655201
20.7563 9658081
20.7768 9660961
20.7911 9663841
20.7935 9666721
20.7959 9669601
20.7983 9672481
20.8007 9675361
20.803 9678241
20.8229 9681121
20.8376 9684001
20.84 9686881
20.8423 9689761
20.8447 9692641
20.8471 9695521
20.8495 9698401
20.869 9701281
20.8836 9704161
20.886 9707041
20.8884 9709921
20.8908 9712801
20.8932 9715681
20.8956 9718561
20.9139 9721441
20.9289 9724321
20.9313 9727201
20.9337 9730081
20.9361 9732961
20.9385 9735841
20.9409 9738721
20.9591 9741601
20.9738 9744481
20.9762 9747361
20.9786 9750241
20.981 9753121
20.9834 9756001
20.9858 9758881
20.9882 9761761
21.0052 9764641
21.0199 9767521
21.0223 9770401
21.0251 9773281
21.0275 9776161
21.0299 9779041
21.0322 9781921
21.0346 9784801
21.0517 9787681
21.066 9790561
21.0684 9793441
21.0712 9796321
21.0735 9799201
21.0759 9802081
21.0783 9804961
21.0807 9807841
21.0966 9810721
21.1109 9813601
21.1133 9816481
21.1161 9819361
21.1185 9822241
21.1208 9825121
21.1232 9828001
21.1256 9830881
21.1415 9833761
21.1558 9836641
21.1582 9839521
21.1613 9842401
21.1637 9845281
21.1661 9848161
21.1685 9851041
21.1709 9853921
21.1864 9856801
21.1888 9859681
21.2019 9862561
21.2046 9865441
21.2074 9868321
21.2098 9871201
21.2122 9874081
21.2146 9876961
21.217 9879841
21.2325 9882721
21.2349 9885601
21.2483 9888481
21.2507 9891361
21.2539 9894241
21.2563 9897121
21.2587 9900001
21.2611 9902881
21.2635 9905761
21.2786 9908641
21.281 9911521
21.2932 9914401
21.296 9917281
21.2988 9920161
21.3012 9923041
21.3036 9925921
21.306 9928801
21.3084 9931681
21.3235 9934561
21.3259 9937441
21.3385 9940321
21.3409 9943201
21.3437 9946081
21.3461 9948961
21.3485 9951841
21.3509 9954721
21.3533 9957601
21.3684 9960481
21.3712 9963361
21.3834 9966241
21.3858 9969121
21.3882 9972001
21.3906 9974881
21.393 9977761
21.3954 9980641
21.3977 9983521
21.4001 9986401
21.4149 9989281
21.4173 9992161
21.4294 9995041
21.4319 9997921
21.4343 10000801
21.4367 10003681
21.439 10006561
21.4414 10009441
21.4438 10012321
21.4462 10015201
21.461 10018081
21.4634 10020961
21.4755 10023841
21.478 10026721
21.4804 10029601
21.4827 10032481
21.4851 10035361
21.4875 10038241
21.4899 10041121
21.4923 10044001
21.5062 10046881
21.5086 10049761
21.5204 10052641
21.5229 10055521
21.5252 10058401
21.5276 10061281
21.53 10064161
21.5324 10067041
21.5348 10069921
21.5373 10072801
21.5511 10075681
21.5535 10078561
21.5653 10081441
21.5677 10084321
21.5701 10087201
21.5725 10090081
21.5749 10092961
21.5773 10095841
21.5797 10098721
21.5821 10101601
21.5845 10104481
21.5972 10107361
21.5996 10110241
21.6114 10113121
21.6138 10116001
21.6162 10118881
21.6186 10121761
21.621 10124641
21.6234 10127521
21.6258 10130401
21.6282 10133281
21.6306 10136161
21.6433 10139041
21.6457 10141921
21.6575 10144801
21.6599 10147681
21.6627 10150561
21.6651 10153441
21.6675 10156321
21.6699 10159201
21.6722 10162081
21.6746 10164961
21.677 10167841
21.6882 10170721
21.6906 10173601
21.7024 10176481
21.7048 10179361
21.7076 10182241
21.71 10185121
21.7124 10188001
21.7147 10190881
21.7171 10193761
21.7195 10196641
21.7219 10199521
21.7331 10202401
21.7355 10205281
21.7473 10208161
21.7497 10211041
21.7528 10213921
21.7552 10216801
21.7576 10219681
21.76 10222561
21.7624 10225441
21.7648 10228321
21.7672 10231201
21.7696 10234081
21.7792 10236961
21.7816 10239841
21.7933 10242721
21.7962 10245601
21.7989 10248481
21.8013 10251361
21.8037 10254241
21.8061 10257121
21.8085 10260001
21.8109 10262881
21.8133 10265761
21.8156 10268641
21.8252 10271521
21.8276 10274401
21.8394 10277281
21.8422 10280161
21.8454 10283041
21.8478 10285921
21.8501 10288801
21.8525 10291681
21.8549 10294561
21.8573 10297441
21.8597 10300321
21.8621 10303201
21.8701 10306081
21.8725 10308961
21.8843 10311841
21.8878 10314721
21.8903 10317601
21.8926 10320481
21.895 10323361
21.8974 10326241
21.8998 10329121
21.9022 10332001
21.9046 10334881
21.907 10337761
21.9154 10340641
21.9178 10343521
21.9292 10346401
21.9328 10349281
21.9352 10352161
21.9376 10355041
21.94 10357921
21.9423 10360801
21.9447 10363681
21.9471 10366561
21.9495 10369441
21.9519 10372321
21.9603 10375201
21.9627 10378081
21.9651 10380961
21.9757 10383841
21.9789 10386721
21.9813 10389601
21.9837 10392481
21.986 10395361
21.9884 10398241
21.9908 10401121
21.9936 10404001
21.996 10406881
21.9984 10409761
22.0068 10412641
22.0092 10415521
22.0115 10418401
22.0222 10421281
22.025 10424161
22.0273 10427041
22.0297 10429921
22.0321 10432801
22.0345 10435681
22.0369 10438561
22.0396 10441441
22.0421 10444321
22.0445 10447201
22.1005 10488961
22.1282 10491841
22.1306 10494721
22.133 10497601
22.1354 10500481
22.143 10503361
22.1454 10506241
22.1743 10509121
22.1767 10512001
22.1791 10514881
22.1815 10517761
22.1891 10520641
22.1915 10523521
22.2208 10526401
22.2232 10529281
22.2256 10532161
22.228 10535041
22.2342 10537921
22.2366 10540801
22.2657 10543681
22.2681 10546561
22.2705 10549441
22.2729 10552321
22.2791 10555201
22.2815 10558081
22.3106 10560961
22.313 10563841
22.3154 10566721
22.3177 10569601
22.3201 10572481
22.3256 10575361
22.328 10578241
22.3567 10581121
22.359 10584001
22.3614 10586881
22.3638 10589761
22.3662 10592641
22.3717 10595521
22.3741 10598401
22.4027 10601281
22.4051 10604161
22.4075 10607041
22.4099 10609921
22.4123 10612801
22.4174 10615681
22.4198 10618561
22.4476 10621441
22.45 10624321
22.4524 10627201
22.4548 10630081
22.4575 10632961
22.4623 10635841
22.4646 10638721
22.4929 10641601
22.4953 10644481
22.4977 10647361
22.5001 10650241
22.5027 10653121
22.5051 10656001
22.5083 10658881
22.5107 10661761
22.539 10664641
22.5414 10667521
22.5438 10670401
22.5462 10673281
22.5488 10676161
22.5512 10679041
22.5544 10681921
22.5568 10684801
22.5854 10687681
22.5878 10690561
22.5902 10693441
22.5926 10696321
22.595 10699201
22.5974 10702081
22.6005 10704961
22.6029 10707841
22.6303 10710721
22.6327 10713601
22.6351 10716481
22.6375 10719361
22.6399 10722241
22.6423 10725121
22.6454 10728001
22.6478 10730881
22.6752 10733761
22.6776 10736641
22.68 10739521
22.6824 10742401
22.6848 10745281
22.6872 10748161
22.6903 10751041
22.6927 10753921
22.7205 10756801
22.7229 10759681
22.7253 10762561
22.7277 10765441
22.7301 10768321
22.7325 10771201
22.7349 10774081
22.7372 10776961
22.7396 10779841
22.7674 10782721
22.7698 10785601
22.7722 10788481
22.7746 10791361
22.7769 10794241
22.7793 10797121
22.7817 10800001
22.7841 10802881
22.7865 10805761
22.8139 10808641
22.8162 10811521
22.8186 10814401
22.821 10817281
22.8234 10820161
22.8258 10823041
22.8282 10825921
22.8306 10828801
22.833 10831681
22.8587 10834561
22.8611 10837441
22.8635 10840321
22.8659 10843201
22.8683 10846081
22.8707 10848961
22.8731 10851841
22.8755 10854721
22.8779 10857601
22.9036 10860481
22.906 10863361
22.9084 10866241
22.9108 10869121
22.9132 10872001
22.9156 10874881
22.918 10877761
22.9204 10880641
22.9228 10883521
22.9251 10886401
22.9501 10889281
22.9525 10892161
22.9549 10895041
22.9573 10897921
22.9597 10900801
22.9621 10903681
22.9644 10906561
22.9668 10909441
22.9692 10912321
22.9716 10915201
22.9962 10918081
22.9986 10920961
23.001 10923841
23.0034 10926721
23.0057 10929601
23.0081 10932481
23.0105 10935361
23.0129 10938241
23.0153 10941121
23.0177 10944001
23.0414 10946881
23.0438 10949761
23.0462 10952641
23.0486 10955521
23.051 10958401
23.0534 10961281
23.0558 10964161
23.0582 10967041
23.0606 10969921
23.063 10972801
23.0863 10975681
23.0887 10978561
23.0911 10981441
23.0935 10984321
23.0959 10987201
23.0983 10990081
23.1007 10992961
23.1031 10995841
23.1055 10998721
23.1078 11001601
23.1105 11004481
23.1324 11007361
23.1348 11010241
23.1372 11013121
23.14 11016001
23.1424 11018881
23.1448 11021761
23.1471 11024641
23.1495 11027521
23.1519 11030401
23.1543 11033281
23.1574 11036161
23.1785 11039041
23.1809 11041921
23.1833 11044801
23.1861 11047681
23.1884 11050561
23.1908 11053441
23.1932 11056321
23.1956 11059201
23.198 11062081
23.2004 11064961
23.2028 11067841
23.2234 11070721
23.2258 11073601
23.2282 11076481
23.2309 11079361
23.2333 11082241
23.2357 11085121
23.2381 11088001
23.2405 11090881
23.2431 11093761
23.2455 11096641
23.2479 11099521
23.2683 11102401
23.2707 11105281
23.2731 11108161
23.2758 11111041
23.2782 11113921
23.281 11116801
23.2834 11119681
23.2858 11122561
23.2884 11125441
23.2908 11128321
23.2932 11131201
23.296 11134081
23.3144 11136961
23.3168 11139841
23.3191 11142721
23.3219 11145601
23.3243 11148481
23.3271 11151361
23.3295 11154241
23.3319 11157121
23.3345 11160001
23.3369 11162881
23.3393 11165761
23.3422 11168641
23.3604 11171521
23.3628 11174401
23.3652 11177281
23.368 11180161
23.3704 11183041
23.3732 11185921
23.3756 11188801
23.3782 11191681
23.3806 11194561
23.383 11197441
23.3854 11200321
23.3883 11203201
23.4053 11206081
23.4077 11208961
23.4101 11211841
23.4129 11214721
23.4153 11217601
23.4184 11220481
23.4208 11223361
23.4232 11226241
23.4259 11229121
23.4283 11232001
23.4306 11234881
23.4336 11237761
23.4502 11240641
23.4526 11243521
23.455 11246401
23.4578 11249281
23.4602 11252161
23.4633 11255041
23.4657 11257921
23.4681 11260801
23.4711 11263681
23.4735 11266561
23.4759 11269441
23.4785 11272321
23.4951 11275201
23.4975 11278081
23.4999 11280961
23.5023 11283841
23.505 11286721
23.5074 11289601
23.5098 11292481
23.5122 11295361
23.5146 11298241
23.5174 11301121
23.5198 11304001
23.5222 11306881
23.5246 11309761
23.5412 11312641
23.5436 11315521
23.546 11318401
23.5484 11321281
23.5511 11324161
23.5535 11327041
23.5559 11329921
23.5583 11332801
23.5607 11335681
23.5638 11338561
23.5662 11341441
23.5686 11344321
23.571 11347201
23.5877 11350081
23.5901 11352961
23.5925 11355841
23.5948 11358721
23.5972 11361601
23.5996 11364481
23.602 11367361
23.6044 11370241
23.6068 11373121
23.6092 11376001
23.6116 11378881
23.614 11381761
23.6164 11384641
23.6326 11387521
23.635 11390401
23.6381 11393281
23.6405 11396161
23.6429 11399041
23.6453 11401921
23.6477 11404801
23.6501 11407681
23.6525 11410561
23.6549 11413441
23.6573 11416321
23.6596 11419201
23.662 11422081
23.6774 11424961
23.6798 11427841
23.6834 11430721
23.6858 11433601
23.6882 11436481
23.6906 11439361
23.693 11442241
23.6954 11445121
23.6977 11448001
23.7001 11450881
23.7025 11453761
23.7049 11456641
23.7073 11459521
23.7097 11462401
23.7235 11465281
23.7259 11468161
23.7295 11471041
23.7319 11473921
23.7343 11476801
23.7367 11479681
23.739 11482561
23.7414 11485441
23.7438 11488321
23.7462 11491201
23.7486 11494081
23.751 11496961
23.7536 11499841
23.756 11502721
23.7704 11505601
23.7728 11508481
23.7756 11511361
23.778 11514241
23.7807 11517121
23.7831 11520001
23.7855 11522881
23.7879 11525761
23.7903 11528641
23.7926 11531521
23.795 11534401
23.7974 11537281
23.7998 11540161
23.8022 11543041
23.8157 11545921
23.8181 11548801
23.8205 11551681
23.8229 11554561
23.8256 11557441
23.828 11560321
23.8304 11563201
23.8328 11566081
23.8354 11568961
23.8378 11571841
23.8402 11574721
23.8426 11577601
23.845 11580481
23.8474 11583361
23.8606 11586241
23.863 11589121
23.8654 11592001
23.8677 11594881
23.8705 11597761
23.8729 11600641
23.8753 11603521
23.8776 11606401
23.8803 11609281
23.8827 11612161
23.8851 11615041
23.8875 11617921
23.8898 11620801
23.8922 11623681
23.8946 11626561
23.9067 11629441
23.909 11632321
23.9118 11635201
23.9142 11638081
23.9166 11640961
23.919 11643841
23.9214 11646721
23.9238 11649601
23.9264 11652481
23.9288 11655361
23.9312 11658241
23.9335 11661121
23.9363 11664001
23.9387 11666881
23.9411 11669761
23.9527 11672641
23.9551 11675521
23.9582 11678401
23.9606 11681281
23.963 11684161
23.9654 11687041
23.9678 11689921
23.9702 11692801
23.9726 11695681
23.975 11698561
23.9774 11701441
23.9798 11704321
23.9821 11707201
23.9845 11710081
23.9869 11712961
23.9976 11715841
24.0004 11718721
24.0031 11721601
24.0055 11724481
24.0079 11727361
24.0103 11730241
24.0127 11733121
24.0151 11736001
24.0175 11738881
24.0199 11741761
24.0223 11744641
24.0246 11747521
24.027 11750401
24.0294 11753281
24.0318 11756161
24.0429 11759041
24.0453 11761921
24.048 11764801
24.0504 11767681
24.0528 11770561
24.0552 11773441
24.0576 11776321
24.06 11779201
24.0627 11782081
24.0651 11784961
24.0675 11787841
24.0699 11790721
24.0723 11793601
24.0747 11796481
24.0771 11799361
24.0795 11802241
24.0894 11805121
24.0918 11808001
24.0942 11810881
24.0965 11813761
24.0989 11816641
24.1013 11819521
24.1037 11822401
24.1061 11825281
24.1088 11828161
24.1112 11831041
24.1136 11833921
24.116 11836801
24.1187 11839681
24.1211 11842561
24.1235 11845441
24.1259 11848321
24.1355 11851201
24.1379 11854081
24.1402 11856961
24.1426 11859841
24.145 11862721
24.1474 11865601
24.1498 11868481
24.1522 11871361
24.1549 11874241
24.1573 11877121
24.1597 11880001
24.1621 11882881
24.1656 11885761
24.168 11888641
24.1703 11891521
24.1727 11894401
24.1804 11897281
24.1827 11900161
24.1855 11903041
24.1879 11905921
24.1903 11908801
24.1927 11911681
24.1951 11914561
24.1975 11917441
24.2475 11940481
24.2753 11964961
24.3226 11989441
24.325 11992321
24.3274 11995201
24.3298 11998081
24.3324 12000961
24.3354 12003841
24.3392 12006721
24.3663 12009601
24.3699 12012481
24.3723 12015361
24.3747 12018241
24.3773 12021121
24.3806 12024001
24.3842 12026881
24.4112 12029761
24.4148 12032641
24.4172 12035521
24.4196 12038401
24.422 12041281
24.4243 12044161
24.4267 12047041
24.4303 12049921
24.4577 12052801
24.4613 12055681
24.4636 12058561
24.466 12061441
24.4684 12064321
24.4708 12067201
24.4732 12070081
24.4764 12072961
24.5038 12075841
24.5073 12078721
24.5097 12081601
24.5121 12084481
24.5145 12087361
24.5173 12090241
24.5197 12093121
24.5221 12096001
24.5486 12098881
24.5522 12101761
24.5546 12104641
24.557 12107521
24.5598 12110401
24.5622 12113281
24.5646 12116161
24.5669 12119041
24.5935 12121921
24.5975 12124801
24.5999 12127681
24.6023 12130561
24.605 12133441
24.6075 12136321
24.6098 12139201
24.6122 12142081
24.6146 12144961
24.6396 12147841
24.6444 12150721
24.6468 12153601
24.6491 12156481
24.6515 12159361
24.6539 12162241
24.6563 12165121
24.6587 12168001
24.6611 12170881
24.6861 12173761
24.6908 12176641
24.6932 12179521
24.6956 12182401
24.698 12185281
24.7004 12188161
24.7028 12191041
24.7052 12193921
24.7076 12196801
24.731 12199681
24.7357 12202561
24.7381 12205441
24.7405 12208321
24.7429 12211201
24.7453 12214081
24.7477 12216961
24.7501 12219841
24.7525 12222721
24.7759 12225601
24.7806 12228481
24.783 12231361
24.7854 12234241
24.7878 12237121
24.7902 12240001
24.7926 12242881
24.795 12245761
24.7974 12248641
24.7998 12251521
24.8223 12254401
24.8271 12257281
24.8295 12260161
24.8323 12263041
24.8347 12265921
24.8371 12268801
24.8395 12271681
24.8419 12274561
24.8442 12277441
24.8466 12280321
24.8688 12283201
24.8736 12286081
24.876 12288961
24.8792 12291841
24.8815 12294721
24.8839 12297601
24.8863 12300481
24.8887 12303361
24.8911 12306241
24.8935 12309121
24.9141 12312001
24.9189 12314881
24.9213 12317761
24.924 12320641
24.9264 12323521
24.9288 12326401
24.9312 12329281
24.9338 12332161
24.9362 12335041
24.9386 12337921
24.959 12340801
24.9638 12343681
24.9662 12346561
24.9689 12349441
24.9713 12352321
24.9737 12355201
24.9761 12358081
24.9787 12360961
24.9813 12363841
24.9837 12366721
25.0047 12369601
25.0091 12372481
25.0114 12375361
25.0138 12378241
25.0162 12381121
25.0186 12384001
25.021 12386881
25.0234 12389761
25.0258 12392641
25.0282 12395521
25.0306 12398401
25.0515 12401281
25.0551 12404161
25.0576 12407041
25.0601 12409921
25.0625 12412801
25.0649 12415681
25.0672 12418561
25.0696 12421441
25.072 12424321
25.0744 12427201
25.0769 12430081
25.0976 12432961
25.1016 12435841
25.104 12438721
25.1064 12441601
25.1088 12444481
25.1112 12447361
25.1136 12450241
25.116 12453121
25.1183 12456001
25.1207 12458881
25.1231 12461761
25.1425 12464641
25.1465 12467521
25.1489 12470401
25.1513 12473281
25.1537 12476161
25.1561 12479041
25.1585 12481921
25.1608 12484801
25.1634 12487681
25.1658 12490561
25.1682 12493441
25.1874 12496321
25.1914 12499201
25.1938 12502081
25.1962 12504961
25.1986 12507841
25.201 12510721
25.2033 12513601
25.2059 12516481
25.2087 12519361
25.2111 12522241
25.2135 12525121
25.2158 12528001
25.2338 12530881
25.2375 12533761
25.2399 12536641
25.2423 12539521
25.2446 12542401
25.247 12545281
25.2496 12548161
25.2526 12551041
25.255 12553921
25.2574 12556801
25.2598 12559681
25.2622 12562561
25.2799 12565441
25.2836 12568321
25.286 12571201
25.2887 12574081
25.2911 12576961
25.2935 12579841
25.2959 12582721
25.2983 12585601
25.3007 12588481
25.3031 12591361
25.3055 12594241
25.3078 12597121
25.3247 12600001
25.3284 12602881
25.3308 12605761
25.3337 12608641
25.3368 12611521
25.3392 12614401
25.3415 12617281
25.3439 12620161
25.3463 12623041
25.3487 12625921
25.3511 12628801
25.3535 12631681
25.3696 12634561
25.3737 12637441
25.3761 12640321
25.3786 12643201
25.382 12646081
25.3844 12648961
25.3868 12651841
25.3894 12654721
25.3918 12657601
25.3942 12660481
25.3965 12663361
25.3989 12666241
25.4013 12669121
25.4157 12672001
25.4198 12674881
25.4222 12677761
25.4253 12680641
25.4281 12683521
25.4309 12686401
25.4333 12689281
25.4362 12692161
25.4386 12695041
25.441 12697921
25.4434 12700801
25.4458 12703681
25.4482 12706561
25.4622 12709441
25.4659 12712321
25.4686 12715201
25.4714 12718081
25.4742 12720961
25.4774 12723841
25.4798 12726721
25.4823 12729601
25.4847 12732481
25.4871 12735361
25.4895 12738241
25.4919 12741121
25.4944 12744001
25.5071 12746881
25.5108 12749761
25.5138 12752641
25.5163 12755521
25.5191 12758401
25.5226 12761281
25.525 12764161
25.5274 12767041
25.5298 12769921
25.5322 12772801
25.5345 12775681
25.5369 12778561
25.5393 12781441
25.5523 12784321
25.5565 12787201
25.5588 12790081
25.5612 12792961
25.5644 12795841
25.5675 12798721
25.5699 12801601
25.5723 12804481
25.5747 12807361
25.5773 12810241
25.5797 12813121
25.5821 12816001
25.5845 12818881
25.5869 12821761
25.5984 12824641
25.6033 12827521
25.6057 12830401
25.6081 12833281
25.6109 12836161
25.6136 12839041
25.616 12841921
25.6186 12844801
25.621 12847681
25.6234 12850561
25.6258 12853441
25.6282 12856321
25.6306 12859201
25.633 12862081
25.6446 12864961
25.6498 12867841
25.6522 12870721
25.6546 12873601
25.657 12876481
25.6597 12879361
25.662 12882241
25.6647 12885121
25.6675 12888001
25.6699 12890881
25.6723 12893761
25.6747 12896641
25.6771 12899521
25.6795 12902401
25.6895 12905281
25.6947 12908161
25.6971 12911041
25.6995 12913921
25.7022 12916801
25.7046 12919681
25.7072 12922561
25.7096 12925441
25.7128 12928321
25.7152 12931201
25.7176 12934081
25.72 12936961
25.7224 12939841
25.7248 12942721
25.7344 12945601
25.7396 12948481
25.742 12951361
25.7444 12954241
25.7474 12957121
25.7498 12960001
25.7529 12962881
25.7553 12965761
25.7577 12968641
25.7601 12971521
25.7625 12974401
25.7649 12977281
25.7673 12980161
25.7697 12983041
25.7793 12985921
25.7845 12988801
25.7872 12991681
25.7896 12994561
25.792 12997441
25.7944 13000321
25.7968 13003201
25.7992 13006081
25.8016 13008961
25.8042 13011841
25.8066 13014721
25.8089 13017601
25.8113 13020481
25.8137 13023361
25.8161 13026241
25.8254 13029121
25.8305 13032001
25.8337 13034881
25.8361 13037761
25.8389 13040641
25.8413 13043521
25.8437 13046401
25.8461 13049281
25.8484 13052161
25.8508 13055041
25.8532 13057921
25.8556 13060801
25.858 13063681
25.8604 13066561
25.8628 13069441
25.8715 13072321
25.877 13075201
25.8798 13078081
25.8822 13080961
25.8846 13083841
25.887 13086721
25.8894 13089601
25.8917 13092481
25.8941 13095361
25.8965 13098241
25.8989 13101121
25.9013 13104001
25.9037 13106881
25.9061 13109761
25.9085 13112641
25.9163 13115521
25.9219 13118401
25.9255 13121281
25.9279 13124161
25.9302 13127041
25.9326 13129921
25.935 13132801
25.9374 13135681
25.9398 13138561
25.9422 13141441
25.9446 13144321
25.947 13147201
25.9494 13150081
25.9518 13152961
25.9541 13155841
25.9612 13158721
25.9668 13161601
25.9707 13164481
25.9731 13167361
25.9755 13170241
25.9779 13173121
25.9803 13176001
25.9827 13178881
25.9851 13181761
25.9875 13184641
25.9899 13187521
25.9923 13190401
25.9946 13193281
25.997 13196161
25.9994 13199041
26.0018 13201921
26.0073 13204801
26.0129 13207681
26.0172 13210561
26.0196 13213441
26.022 13216321
26.0244 13219201
26.0268 13222081
26.0292 13224961
26.0316 13227841
26.034 13230721
26.0363 13233601
26.0387 13236481
26.0411 13239361
26.0435 13242241
26.0459 13245121
26.0483 13248001
26.0537 13250881
26.0593 13253761
26.0633 13256641
26.0657 13259521
26.0681 13262401
26.0705 13265281
26.0729 13268161
26.0753 13271041
26.0776 13273921
26.08 13276801
26.0824 13279681
26.0852 13282561
26.0876 13285441
26.09 13288321
26.0924 13291201
26.0948 13294081
26.099 13296961
26.1042 13299841
26.1086 13302721
26.111 13305601
26.1134 13308481
26.1158 13311361
26.1181 13314241
26.1205 13317121
26.1229 13320001
26.1253 13322881
26.1277 13325761
26.1301 13328641
26.1325 13331521
26.1351 13334401
26.1375 13337281
26.1399 13340161
26.1443 13343041
26.1491 13345921
26.1535 13348801
26.1559 13351681
26.1583 13354561
26.1606 13357441
26.163 13360321
26.1658 13363201
26.1682 13366081
26.1706 13368961
26.173 13371841
26.1753 13374721
26.1777 13377601
26.1801 13380481
26.1825 13383361
26.1849 13386241
26.1873 13389121
26.1908 13392001
26.1956 13394881
26.1996 13397761
26.2019 13400641
26.2043 13403521
26.2067 13406401
26.2091 13409281
26.2119 13412161
26.2143 13415041
26.2167 13417921
26.2193 13420801
26.2217 13423681
26.2241 13426561
26.2265 13429441
26.2289 13432321
26.2313 13435201
26.2337 13438081
26.2369 13440961
26.2417 13443841
26.2464 13446721
26.2488 13449601
26.2512 13452481
26.2536 13455361
26.256 13458241
26.2584 13461121
26.2608 13464001
26.2632 13466881
26.2679 13472641
26.2703 13475521
26.2727 13478401
26.2751 13481281
26.2775 13484161
26.2799 13487041
26.2823 13489921
26.2867 13492801
26.2913 13495681
26.2937 13498561
26.2961 13501441
26.2985 13504321
26.3009 13507201
26.3033 13510081
26.3057 13512961
26.308 13515841
26.3128 13518721
26.3152 13521601
26.3176 13524481
26.32 13527361
26.3224 13530241
26.3248 13533121
26.3274 13536001
26.3299 13538881
26.3323 13541761
26.3366 13544641
26.339 13547521
26.3414 13550401
26.3438 13553281
26.3461 13556161
26.3485 13559041
26.3509 13561921
26.3533 13564801
26.3581 13567681
26.3605 13570561
26.3629 13573441
26.3653 13576321
26.3677 13579201
26.3701 13582081
26.3724 13584961
26.3748 13587841
26.3772 13590721
26.3796 13593601
26.3827 13596481
26.3851 13599361
26.3875 13602241
26.3898 13605121
26.3922 13608001
26.3946 13610881
26.397 13613761
26.3994 13616641
26.4046 13619521
26.407 13622401
26.4097 13625281
26.4121 13628161
26.4145 13631041
26.4169 13633921
26.4193 13636801
26.4217 13639681
26.4241 13642561
26.4265 13645441
26.4289 13648321
26.4313 13651201
26.4336 13654081
26.436 13656961
26.4384 13659841
26.4408 13662721
26.4432 13665601
26.4456 13668481
26.451 13671361
26.4534 13674241
26.4562 13677121
26.4586 13680001
26.461 13682881
26.4634 13685761
26.4658 13688641
26.4682 13691521
26.4706 13694401
26.473 13697281
26.4754 13700161
26.4777 13703041
26.4801 13705921
26.4825 13708801
26.4849 13711681
26.4873 13714561
26.4897 13717441
26.4921 13720321
26.4963 13723201
26.4987 13726081
26.5011 13728961
26.5035 13731841
26.5059 13734721
26.5083 13737601
26.5107 13740481
26.5131 13743361
26.5155 13746241
26.5179 13749121
26.5202 13752001
26.5226 13754881
26.525 13757761
26.5274 13760641
26.5298 13763521
26.5322 13766401
26.5349 13769281
26.5376 13772161
26.5412 13775041
26.5436 13777921
26.5464 13780801
26.5488 13783681
26.5512 13786561
26.5536 13789441
26.556 13792321
26.5584 13795201
26.5607 13798081
26.5631 13800961
26.5655 13803841
26.5679 13806721
26.5703 13809601
26.5727 13812481
26.5751 13815361
26.5775 13818241
26.5799 13821121
26.5823 13824001
26.5846 13826881
26.5881 13829761
26.5905 13832641
26.5929 13835521
26.5952 13838401
26.5976 13841281
26.6 13844161
26.6024 13847041
26.6048 13849921
26.6072 13852801
26.6096 13855681
26.612 13858561
26.6144 13861441
26.6168 13864321
26.6194 13867201
26.6218 13870081
26.6242 13872961
26.6266 13875841
26.629 13878721
26.6314 13881601
26.6346 13884481
26.6369 13887361
26.6393 13890241
26.6417 13893121
26.6441 13896001
26.6465 13898881
26.6489 13901761
26.6513 13904641
26.6537 13907521
26.6561 13910401
26.6585 13913281
26.6608 13916161
26.6632 13919041
26.6656 13921921
26.668 13924801
26.6704 13927681
26.6731 13930561
26.6754 13933441
26.6778 13936321
26.6802 13939201
26.6826 13942081
26.685 13944961
26.6874 13947841
26.6898 13950721
26.6922 13953601
26.6946 13956481
26.697 13959361
26.6993 13962241
26.7017 13965121
26.7041 13968001
26.7065 13970881
26.7089 13973761
26.7113 13976641
26.7137 13979521
26.7161 13982401
26.7187 13985281
26.7211 13988161
26.7235 13991041
26.7259 13993921
26.7283 13996801
26.7307 13999681
26.7331 14002561
26.7355 14005441
26.7378 14008321
26.7402 14011201
26.7426 14014081
26.745 14016961
26.7474 14019841
26.7498 14022721
26.7522 14025601
26.7546 14028481
26.757 14031361
26.7594 14034241
26.7617 14037121
26.7641 14040001
26.7689 14045761
26.7713 14048641
26.7737 14051521
26.7761 14054401
26.7785 14057281
26.7809 14060161
26.7833 14063041
26.7857 14065921
26.788 14068801
26.7904 14071681
26.7928 14074561
26.7952 14077441
26.7976 14080321
26.8 14083201
26.8024 14086081
26.8048 14088961
26.8072 14091841
26.81 14093281
26.8619 14155201
26.8865 14158081
26.8889 14160961
26.8913 14163841
26.8937 14166721
26.8961 14169601
26.8985 14172481
26.9009 14175361
26.9033 14178241
26.9057 14181121
26.9315 14184001
26.9342 14186881
26.9366 14189761
26.939 14192641
26.9414 14195521
26.9438 14198401
26.9462 14201281
26.9486 14204161
26.951 14207041
26.9763 14209921
26.9787 14212801
26.9811 14215681
26.9835 14218561
26.9859 14221441
26.9883 14224321
26.9907 14227201
26.9931 14230081
26.9955 14232961
26.9981 14235841
27.0232 14238721
27.0256 14241601
27.028 14244481
27.0304 14247361
27.0328 14250241
27.0352 14253121
27.0376 14256001
27.0399 14258881
27.0423 14261761
27.0447 14264641
27.0697 14267521
27.0721 14270401
27.0749 14273281
27.0773 14276161
27.0796 14279041
27.082 14281921
27.0844 14284801
27.0868 14287681
27.0892 14290561
27.0916 14293441
27.1146 14296321
27.117 14299201
27.1198 14302081
27.1221 14304961
27.1245 14307841
27.1269 14310721
27.1293 14313601
27.1317 14316481
27.1341 14319361
27.1365 14322241
27.1598 14325121
27.1623 14328001
27.1646 14330881
27.167 14333761
27.1694 14336641
27.1718 14339521
27.1742 14342401
27.1766 14345281
27.179 14348161
27.1814 14351041
27.1838 14353921
27.2059 14356801
27.2087 14359681
27.2111 14362561
27.2135 14365441
27.2159 14368321
27.2183 14371201
27.2207 14374081
27.2231 14376961
27.2255 14379841
27.2282 14382721
27.2306 14385601
27.2524 14388481
27.2548 14391361
27.2572 14394241
27.2596 14397121
27.262 14400001
27.2644 14402881
27.2668 14405761
27.2691 14408641
27.2715 14411521
27.2739 14414401
27.2763 14417281
27.2974 14420161
27.2998 14423041
27.3022 14425921
27.3046 14428801
27.3074 14431681
27.3098 14434561
27.3122 14437441
27.3146 14440321
27.3169 14443201
27.3193 14446081
27.3217 14448961
27.3423 14451841
27.3447 14454721
27.3471 14457601
27.3495 14460481
27.3523 14463361
27.3547 14466241
27.3571 14469121
27.3597 14472001
27.3621 14474881
27.3645 14477761
27.3669 14480641
27.3693 14483521
27.3886 14486401
27.391 14489281
27.3934 14492161
27.3958 14495041
27.3987 14497921
27.4011 14500801
27.4035 14503681
27.4062 14506561
27.409 14509441
27.4114 14512321
27.4137 14515201
27.4161 14518081
27.4351 14520961
27.4375 14523841
27.4398 14526721
27.4422 14529601
27.4448 14532481
27.4472 14535361
27.4496 14538241
27.4523 14541121
27.455 14544001
27.4574 14546881
27.4598 14549761
27.4622 14552641
27.48 14555521
27.4823 14558401
27.4847 14561281
27.4871 14564161
27.4909 14565601
27.5398 14604481
27.5721 14607361
27.5745 14610241
27.5769 14613121
27.5811 14616001
27.5835 14618881
27.617 14621761
27.6194 14624641
27.6222 14627521
27.626 14630401
27.6286 14633281
27.6619 14636161
27.6643 14639041
27.6667 14641921
27.6691 14644801
27.6725 14647681
27.6751 14650561
27.708 14653441
27.7104 14656321
27.713 14659201
27.7154 14662081
27.7185 14664961
27.7212 14667841
27.7545 14670721
27.7569 14673601
27.7592 14676481
27.7616 14679361
27.764 14682241
27.7664 14685121
27.7994 14688001
27.8017 14690881
27.8041 14693761
27.8065 14696641
27.8093 14699521
27.8117 14702401
27.8442 14705281
27.8466 14708161
27.849 14711041
27.8514 14713921
27.8538 14716801
27.8562 14719681
27.8586 14722561
27.8903 14725441
27.8927 14728321
27.8951 14731201
27.8979 14734081
27.9003 14736961
27.9027 14739841
27.9051 14742721
27.9372 14745601
27.9396 14748481
27.942 14751361
27.9444 14754241
27.9468 14757121
27.9492 14760001
27.9515 14762881
27.9821 14765761
27.9845 14768641
27.9869 14771521
27.9893 14774401
27.9917 14777281
27.9941 14780161
27.9964 14783041
28.0278 14785921
28.0301 14788801
28.0325 14791681
28.0349 14794561
28.0373 14797441
28.0397 14800321
28.0421 14803201
28.0734 14806081
28.0758 14808961
28.0782 14811841
28.0806 14814721
28.083 14817601
28.0854 14820481
28.0878 14823361
28.0902 14826241
28.1195 14829121
28.1219 14832001
28.1243 14834881
28.1267 14837761
28.1291 14840641
28.1315 14843521
28.1339 14846401
28.1362 14849281
28.1656 14852161
28.168 14855041
28.1704 14857921
28.1728 14860801
28.1752 14863681
28.1775 14866561
28.1799 14869441
28.1827 14872321
28.2105 14875201
28.2129 14878081
28.2153 14880961
28.2177 14883841
28.22 14886721
28.2224 14889601
28.2248 14892481
28.2276 14895361
28.2554 14898241
28.2578 14901121
28.2602 14904001
28.2625 14906881
28.2649 14909761
28.2673 14912641
28.2697 14915521
28.2721 14918401
28.2745 14921281
28.3015 14924161
28.3039 14927041
28.3062 14929921
28.309 14932801
28.3114 14935681
28.3138 14938561
28.3166 14941441
28.319 14944321
28.3214 14947201
28.3475 14950081
28.3499 14952961
28.3523 14955841
28.3551 14958721
28.3575 14961601
28.3599 14964481
28.3623 14967361
28.3647 14970241
28.3671 14973121
28.3924 14976001
28.3948 14978881
28.3972 14981761
28.4004 14984641
28.4028 14987521
28.4056 14990401
28.4079 14993281
28.4103 14996161
28.4127 14999041
28.4377 15001921
28.4401 15004801
28.4425 15007681
28.4453 15010561
28.4477 15013441
28.4508 15016321
28.4532 15019201
28.4556 15022081
28.458 15024961
28.4604 15027841
28.4838 15030721
28.4862 15033601
28.4886 15036481
28.4913 15039361
28.4941 15042241
28.4969 15045121
28.4993 15048001
28.5017 15050881
28.5041 15053761
28.5065 15056641
28.5303 15059521
28.5326 15062401
28.535 15065281
28.5374 15068161
28.5406 15071041
28.543 15073921
28.5454 15076801
28.5478 15079681
28.5502 15082561
28.5526 15085441
28.5751 15088321
28.5775 15091201
28.5799 15094081
28.5823 15096961
28.5855 15099841
28.5879 15102721
28.5903 15105601
28.5927 15108481
28.5951 15111361
28.5975 15114241
28.62 15117121
28.6224 15120001
28.6252 15122881
28.6276 15125761
28.6304 15128641
28.6328 15131521
28.6352 15134401
28.6376 15137281
28.64 15140161
28.6425 15143041
28.6449 15145921
28.6661 15148801
28.6685 15151681
28.6713 15154561
28.6737 15157441
28.6764 15160321
28.6789 15163201
28.6813 15166081
28.6836 15168961
28.686 15171841
28.6886 15174721
28.6918 15177601
28.7126 15180481
28.715 15183361
28.7174 15186241
28.7201 15189121
28.7226 15192001
28.7249 15194881
28.7273 15197761
28.7297 15200641
28.7321 15203521
28.7351 15206401
28.7379 15209281
28.7591 15212161
28.7615 15215041
28.7639 15217921
28.7663 15220801
28.7686 15223681
28.771 15226561
28.7734 15229441
28.7758 15232321
28.7783 15235201
28.7807 15238081
28.7831 15240961
28.8044 15243841
28.8068 15246721
28.8091 15249601
28.8115 15252481
28.8139 15255361
28.8163 15258241
28.8187 15261121
28.8211 15264001
28.8239 15266881
28.8263 15269761
28.8287 15272641
28.8492 15275521
28.852 15278401
28.8544 15281281
28.8568 15284161
28.8592 15287041
28.8616 15289921
28.8644 15292801
28.8668 15295681
28.8691 15298561
28.8715 15301441
28.8739 15304321
28.8763 15307201
28.8989 15312961
28.9013 15315841
28.9037 15318721
28.9061 15321601
28.9085 15324481
28.9108 15327361
28.9132 15330241
28.9156 15333121
28.918 15336001
28.9204 15338881
28.9228 15341761
28.945 15344641
28.9474 15347521
28.9498 15350401
28.9522 15353281
28.9545 15356161
28.9569 15359041
28.9593 15361921
28.9617 15364801
28.9641 15367681
28.9665 15370561
28.9689 15373441
28.9713 15376321
28.9902 15379201
28.9926 15382081
28.995 15384961
28.9974 15387841
28.9998 15390721
29.0022 15393601
29.0046 15396481
29.007 15399361
29.0094 15402241
29.0118 15405121
29.0142 15408001
29.0166 15410881
29.0367 15412321
29.0857 15452641
29.102 15455521
29.105 15458401
29.1074 15461281
29.1097 15464161
29.1283 15467041
29.1307 15469921
29.1482 15472801
29.1515 15475681
29.1539 15478561
29.1562 15481441
29.1743 15484321
29.1767 15487201
29.1943 15490081
29.1977 15492961
29.2001 15495841
29.2025 15498721
29.2204 15501601
29.2228 15504481
29.2412 15507361
29.2436 15510241
29.246 15513121
29.2484 15516001
29.2653 15518881
29.2677 15521761
29.2865 15524641
29.2889 15527521
29.2913 15530401
29.2936 15533281
29.3104 15536161
29.3128 15539041
29.3321 15541921
29.3345 15544801
29.3369 15547681
29.3393 15550561
29.3417 15553441
29.3565 15556321
29.3589 15559201
29.379 15562081
29.3814 15564961
29.3838 15567841
29.3862 15570721
29.3886 15573601
29.4025 15576481
29.4049 15579361
29.4255 15582241
29.4279 15585121
29.4303 15588001
29.4327 15590881
29.4351 15593761
29.4474 15596641
29.4498 15599521
29.4712 15602401
29.4736 15605281
29.4759 15608161
29.4783 15611041
29.4807 15613921
29.4923 15616801
29.4947 15619681
29.5168 15622561
29.5192 15625441
29.5216 15628321
29.524 15631201
29.5264 15634081
29.5372 15636961
29.54 15639841
29.5424 15642721
29.5637 15645601
29.5661 15648481
29.5685 15651361
29.5709 15654241
29.5733 15657121
29.5833 15660001
29.5869 15662881
29.5893 15665761
29.6098 15668641
29.6122 15671521
29.6146 15674401
29.617 15677281
29.6194 15680161
29.6301 15683041
29.6329 15685921
29.6353 15688801
29.6551 15691681
29.6575 15694561
29.6599 15697441
29.6622 15700321
29.6646 15703201
29.675 15706081
29.6778 15708961
29.6804 15711841
29.7 15714721
29.7027 15717601
29.7051 15720481
29.7075 15723361
29.7099 15726241
29.7199 15729121
29.723 15732001
29.7254 15734881
29.7448 15737761
29.7472 15740641
29.7496 15743521
29.752 15746401
29.7544 15749281
29.7568 15752161
29.7663 15755041
29.7691 15757921
29.7715 15760801
29.7913 15763681
29.7937 15766561
29.7961 15769441
29.7984 15772321
29.8008 15775201
29.8032 15778081
29.8128 15780961
29.8156 15783841
29.818 15786721
29.8375 15789601
29.8399 15792481
29.8423 15795361
29.8449 15798241
29.8473 15801121
29.8497 15804001
29.8577 15806881
29.8613 15809761
29.8637 15812641
29.8824 15815521
29.8848 15818401
29.8872 15821281
29.8898 15824161
29.8922 15827041
29.8946 15829921
29.903 15832801
29.9062 15835681
29.9086 15838561
29.9273 15841441
29.9297 15844321
29.9321 15847201
29.9351 15850081
29.9375 15852961
29.9399 15855841
29.9423 15858721
29.9494 15861601
29.953 15864481
29.9554 15867361
29.9734 15870241
29.9762 15873121
29.9786 15876001
29.9812 15878881
29.9836 15881761
29.986 15884641
29.9884 15887521
29.9955 15890401
29.9995 15893281
30.0019 15896161
30.0199 15899041
30.0223 15901921
30.0246 15904801
30.0273 15907681
30.0301 15910561
30.0324 15913441
30.0348 15916321
30.0408 15919201
30.0444 15922081
30.0468 15924961
30.0647 15927841
30.0671 15930721
30.0695 15933601
30.0722 15936481
30.0749 15939361
30.0773 15942241
30.0797 15945121
30.0861 15948001
30.0897 15950881
30.0921 15953761
