0.104217 1
0.211149 1441
0.319607 4321
0.427692 7201
0.534581 10081
0.536972 12961
0.642666 15841
0.645057 18721
0.647447 21601
0.750751 24481
0.753141 27361
0.755532 30241
0.757922 33121
0.858071 36001
0.860461 38881
0.862851 41761
0.865242 44641
0.867632 47521
0.870023 50401
0.96524 53281
0.967631 56161
0.970021 59041
0.972411 61921
0.974802 64801
0.977192 67681
0.979583 70561
0.981973 73441
0.984363 76321
1.07213 79201
1.07452 82081
1.07691 84961
1.0793 87841
1.08169 90721
1.08408 93601
1.08647 96481
1.08886 99361
1.09125 102241
1.09364 105121
1.09603 108001
1.09842 110881
1.10081 113761
1.1032 116641
1.18038 119521
1.18277 122401
1.18516 125281
1.18755 128161
1.18994 131041
1.19233 133921
1.19472 136801
1.19711 139681
1.1995 142561
1.20189 145441
1.20428 148321
1.20667 151201
1.20906 154081
1.21145 156961
1.21384 159841
1.21623 162721
1.21862 165601
1.22101 168481
1.2234 171361
1.22579 174241
1.22818 177121
1.28846 180001
1.29085 182881
1.29324 185761
1.29563 188641
1.29802 191521
1.30041 194401
1.3028 197281
1.30519 200161
1.30758 203041
1.30997 205921
1.31236 208801
1.31476 211681
1.31715 214561
1.31954 217441
1.32193 220321
1.32432 223201
1.32671 226081
1.3291 228961
1.33149 231841
1.33388 234721
1.33627 237601
1.33866 240481
1.34105 243361
1.34344 246241
1.34583 249121
1.34822 252001
1.35061 254881
1.353 257761
1.35539 260641
1.35778 263521
1.36017 266401
1.39551 269281
1.3979 272161
1.40029 275041
1.40268 277921
1.40507 280801
1.40746 283681
1.40985 286561
1.41224 289441
1.41463 292321
1.41703 295201
1.41942 298081
1.42181 300961
1.4242 303841
1.42659 306721
1.42898 309601
1.43137 312481
1.43376 315361
1.43615 318241
1.43854 321121
1.44093 324001
1.44332 326881
1.44571 329761
1.4481 332641
1.45049 335521
1.45288 338401
1.45527 341281
1.45766 344161
1.46005 347041
1.46244 349921
1.46483 352801
1.46722 355681
1.46961 358561
1.472 361441
1.47439 364321
1.47679 367201
1.47918 370081
1.48157 372961
1.48396 375841
1.48635 378721
1.48874 381601
1.49113 384481
1.49352 387361
1.49591 390241
1.4983 393121
1.50069 396001
1.50308 398881
1.50547 401761
1.50786 404641
1.51025 407521
1.51264 410401
1.51503 413281
1.51742 416161
1.51981 419041
1.5222 421921
1.52459 424801
1.52698 427681
1.52937 430561
1.53176 433441
1.53415 436321
1.53655 439201
1.53894 442081
1.54133 444961
1.54372 447841
1.54611 450721
1.5485 453601
1.55089 456481
1.55328 459361
1.55567 462241
1.55806 465121
1.56045 468001
1.56284 470881
1.56523 473761
1.56762 476641
1.57001 479521
1.5724 482401
1.57479 485281
1.57718 488161
1.57957 491041
1.58196 493921
1.58435 496801
1.58674 499681
1.58913 502561
1.59152 505441
1.59391 508321
1.59631 511201
1.5987 514081
1.60109 516961
1.60348 519841
1.60587 522721
1.60826 525601
1.61065 528481
1.61304 531361
1.61543 534241
1.61782 537121
1.62021 540001
1.6226 542881
1.62499 545761
1.62738 548641
1.62977 551521
1.63216 554401
1.63455 557281
1.63694 560161
1.63933 563041
1.64172 565921
1.64411 568801
1.6465 571681
1.64889 574561
1.65128 577441
1.65367 580321
1.65607 583201
1.65846 586081
1.66085 588961
1.66324 591841
1.66563 594721
1.66802 597601
1.67041 600481
1.6728 603361
1.67519 606241
1.67758 609121
1.67997 612001
1.68236 614881
1.68475 617761
1.68714 620641
1.68953 623521
1.69192 626401
1.69431 629281
1.6967 632161
1.69909 635041
1.70148 637921
1.70387 640801
1.70626 643681
1.70865 646561
1.71104 649441
1.71343 652321
1.71583 655201
1.71822 658081
1.72061 660961
1.723 663841
1.72539 666721
1.72778 669601
1.73017 672481
1.73256 675361
1.73495 678241
1.73734 681121
1.73973 684001
1.74212 686881
1.74451 689761
1.7469 692641
1.74929 695521
1.7517 696961
2.03977 819361
2.04096 852481
2.04216 881281
2.04573 950401
2.10308 1010881
2.15327 1180801
2.15566 1183681
2.15805 1186561
2.16044 1189441
2.16283 1192321
2.16522 1195201
2.16761 1198081
2.17 1200961
2.17239 1203841
2.17478 1206721
2.17717 1209601
2.17956 1212481
2.18195 1215361
2.18434 1216801
2.18673 1218241
2.18912 1219681
2.19151 1222561
2.1939 1224001
2.1963 1226881
2.19869 1229761
2.20108 1232641
2.20347 1235521
2.20586 1238401
2.20825 1241281
2.21064 1244161
2.21303 1247041
2.21542 1249921
2.21781 1252801
2.2202 1255681
2.22259 1258561
2.22498 1261441
2.22737 1264321
2.22976 1267201
2.23215 1270081
2.23454 1272961
2.23693 1275841
2.23932 1278721
2.24171 1281601
2.2441 1284481
2.24649 1287361
2.24888 1290241
2.25127 1293121
2.25486 1296001
2.25725 1298881
2.25964 1301761
2.26203 1304641
2.26442 1307521
2.26681 1310401
2.2692 1313281
2.27159 1316161
2.27398 1319041
2.27637 1321921
2.27876 1324801
2.28115 1327681
2.28354 1330561
2.28594 1333441
2.28833 1336321
2.29072 1339201
2.29311 1342081
2.2955 1344961
2.29789 1347841
2.30028 1350721
2.30267 1353601
2.30506 1356481
2.30745 1359361
2.30984 1362241
2.31223 1365121
2.31462 1368001
2.31701 1370881
2.3194 1373761
2.32179 1376641
2.32418 1379521
2.32657 1382401
2.32896 1385281
2.33135 1388161
2.33374 1391041
2.33613 1393921
2.33852 1396801
2.34091 1399681
2.3433 1402561
2.34569 1405441
2.34809 1408321
2.35048 1411201
2.35287 1414081
2.35526 1416961
2.35765 1419841
2.36004 1422721
2.36243 1425601
2.36482 1428481
2.36721 1431361
2.3696 1434241
2.37199 1437121
2.37438 1440001
2.37677 1442881
2.37916 1445761
2.38155 1448641
2.38394 1451521
2.38633 1454401
2.38872 1457281
2.39111 1460161
2.3935 1463041
2.39589 1465921
2.39828 1468801
2.40067 1471681
2.40306 1474561
2.40545 1477441
2.40785 1480321
2.41024 1483201
2.41263 1486081
2.41502 1488961
2.41741 1491841
2.4198 1494721
2.42219 1497601
2.42458 1500481
2.42697 1503361
2.42936 1506241
2.43175 1509121
2.43414 1512001
2.43653 1514881
2.43892 1517761
2.44131 1520641
2.4437 1523521
2.44609 1526401
2.44848 1529281
2.45087 1532161
2.45326 1535041
2.45565 1537921
2.45804 1540801
2.46043 1543681
2.46282 1546561
2.46521 1549441
2.46761 1552321
2.47 1555201
2.47239 1558081
2.47478 1560961
2.47717 1563841
2.47956 1566721
2.48195 1569601
2.48434 1572481
2.48673 1575361
2.48912 1578241
2.49151 1581121
2.4939 1584001
2.49629 1586881
2.49868 1589761
2.50107 1592641
2.50346 1595521
2.50585 1598401
2.50824 1601281
2.51063 1604161
2.51302 1607041
2.51541 1609921
2.5178 1612801
2.52019 1615681
2.52258 1618561
2.52497 1621441
2.52737 1624321
2.52976 1627201
2.53215 1630081
2.53454 1632961
2.53693 1635841
2.53932 1638721
2.54171 1641601
2.5441 1644481
2.54649 1647361
2.54888 1650241
2.55127 1653121
2.55366 1656001
2.55605 1658881
2.55844 1661761
2.56083 1664641
2.56322 1667521
2.56561 1670401
2.568 1673281
2.57039 1676161
2.57278 1679041
2.57517 1681921
2.57756 1684801
2.57995 1687681
2.58234 1690561
2.58473 1693441
2.58713 1696321
2.58952 1699201
2.59191 1702081
2.5943 1704961
2.59669 1707841
2.59908 1710721
2.60147 1713601
2.60386 1716481
2.60625 1719361
2.60864 1722241
2.61103 1725121
2.61342 1728001
2.61581 1730881
2.6182 1733761
2.62059 1736641
2.62298 1739521
2.62537 1742401
2.62776 1745281
2.63015 1748161
2.63254 1751041
2.63493 1753921
2.63732 1756801
2.63971 1759681
2.6421 1762561
2.64449 1765441
2.64689 1768321
2.64928 1771201
2.65167 1774081
2.65406 1776961
2.65645 1779841
2.65884 1782721
2.66123 1785601
2.66362 1788481
2.66601 1791361
2.6684 1794241
2.67079 1797121
2.67318 1800001
2.67557 1802881
2.67796 1805761
2.68035 1808641
2.68274 1811521
2.68513 1814401
2.68752 1817281
2.68991 1820161
2.6923 1823041
2.69469 1825921
2.69708 1828801
2.69947 1831681
2.70186 1834561
2.70425 1837441
2.70665 1840321
2.70904 1843201
2.71143 1846081
2.71382 1848961
2.71742 1850401
2.86441 2028961
2.90199 2031841
2.90438 2034721
2.90678 2037601
2.90917 2040481
2.91171 2043361
2.9141 2046241
2.91649 2049121
2.91888 2052001
2.92127 2054881
2.92366 2057761
2.92605 2060641
2.92844 2063521
2.93083 2066401
2.93322 2069281
2.93561 2072161
2.938 2075041
2.94039 2077921
2.94278 2080801
2.94517 2083681
2.94756 2086561
2.94995 2089441
2.95234 2092321
2.95473 2095201
2.95712 2098081
2.95952 2100961
2.96191 2103841
2.9643 2106721
2.96669 2109601
2.96908 2112481
2.97147 2115361
3.01023 2118241
3.01262 2121121
3.01501 2124001
3.0174 2126881
3.01979 2129761
3.02218 2132641
3.02457 2135521
3.02696 2138401
3.02935 2141281
3.03174 2144161
3.03413 2147041
3.03652 2149921
3.03892 2152801
3.04131 2155681
3.0437 2158561
3.04609 2161441
3.04848 2164321
3.05087 2167201
3.05326 2170081
3.05565 2172961
3.05804 2175841
3.06043 2178721
3.06282 2181601
3.06521 2184481
3.0676 2187361
3.06999 2190241
3.07238 2193121
3.07477 2196001
3.07716 2198881
3.07955 2201761
3.11848 2204641
3.12087 2207521
3.12326 2210401
3.12565 2213281
3.12804 2216161
3.13043 2219041
3.13282 2221921
3.13521 2224801
3.1376 2227681
3.14 2230561
3.14239 2233441
3.14478 2236321
3.14717 2239201
3.14956 2242081
3.15195 2244961
3.15434 2247841
3.15673 2250721
3.15912 2253601
3.16151 2256481
3.1639 2259361
3.16629 2262241
3.16868 2265121
3.17107 2268001
3.17346 2270881
3.17585 2273761
3.17824 2276641
3.18063 2279521
3.18302 2282401
3.18541 2285281
3.1878 2288161
3.2266 2291041
3.22899 2293921
3.23138 2296801
3.23377 2299681
3.23616 2302561
3.23855 2305441
3.24094 2308321
3.24333 2311201
3.24572 2314081
3.24811 2316961
3.25051 2319841
3.2529 2322721
3.25529 2325601
3.25798 2328481
3.26037 2331361
3.26276 2334241
3.26515 2337121
3.26754 2340001
3.26993 2342881
3.27232 2345761
3.27471 2348641
3.2771 2351521
3.27949 2354401
3.28188 2357281
3.28427 2360161
3.28666 2363041
3.28905 2365921
3.29144 2368801
3.29384 2371681
3.29623 2374561
3.33368 2377441
3.33607 2380321
3.33847 2383201
3.34086 2386081
3.34325 2388961
3.34564 2391841
3.34803 2394721
3.35042 2397601
3.35281 2400481
3.3552 2403361
3.35759 2406241
3.35998 2409121
3.36237 2412001
3.36487 2414881
3.36726 2417761
3.36965 2420641
3.37204 2423521
3.37443 2426401
3.37682 2429281
3.37921 2432161
3.3816 2435041
3.38399 2437921
3.38638 2440801
3.38877 2443681
3.39116 2446561
3.39355 2449441
3.39594 2452321
3.39833 2455201
3.40072 2458081
3.40312 2460961
3.44057 2463841
3.44296 2466721
3.44535 2469601
3.44775 2472481
3.45014 2475361
3.45253 2478241
3.45492 2481121
3.45731 2484001
3.4597 2486881
3.46209 2489761
3.46464 2492641
3.46703 2495521
3.46942 2498401
3.47211 2501281
3.4745 2504161
3.47689 2507041
3.47928 2509921
3.48168 2512801
3.48407 2515681
3.48646 2518561
3.48885 2521441
3.49124 2524321
3.49363 2527201
3.49602 2530081
3.49841 2532961
3.5008 2535841
3.50319 2538721
3.50558 2541601
3.50797 2544481
3.51036 2547361
3.51275 2550241
3.54866 2553121
3.55105 2556001
3.55344 2558881
3.55583 2561761
3.55822 2564641
3.56068 2567521
3.56307 2570401
3.56546 2573281
3.56785 2576161
3.57024 2579041
3.57272 2581921
3.57512 2584801
3.57751 2587681
3.5802 2590561
3.58259 2593441
3.58515 2596321
3.58755 2599201
3.58994 2602081
3.59233 2604961
3.59472 2607841
3.59711 2610721
3.5995 2613601
3.60189 2616481
3.60432 2619361
3.60671 2622241
3.6091 2625121
3.61156 2628001
3.61395 2630881
3.61634 2633761
3.61873 2636641
3.62117 2639521
3.65681 2642401
3.6592 2645281
3.66159 2648161
3.66398 2651041
3.66637 2653921
3.66928 2656801
3.67175 2659681
3.67414 2662561
3.67653 2665441
3.67892 2668321
3.68131 2671201
3.6837 2674081
3.68609 2676961
3.68848 2679841
3.69087 2682721
3.69326 2685601
3.69565 2688481
3.69804 2691361
3.70043 2694241
3.70282 2697121
3.70521 2700001
3.7076 2702881
3.70999 2705761
3.71238 2708641
3.71477 2711521
3.71716 2714401
3.82912 2808001
3.90254 2810881
3.90493 2813761
3.90732 2816641
3.90971 2819521
3.9121 2822401
3.91449 2825281
3.91688 2828161
3.91928 2831041
3.92167 2833921
3.92408 2836801
3.92647 2839681
3.92886 2842561
3.93125 2845441
3.93364 2848321
3.93603 2851201
4.01063 2854081
4.01302 2856961
4.01546 2859841
4.01785 2862721
4.02024 2865601
4.02265 2868481
4.02504 2871361
4.02743 2874241
4.02982 2877121
4.03221 2880001
4.0346 2882881
4.03699 2885761
4.03938 2888641
4.04177 2891521
4.04417 2894401
4.11887 2897281
4.12126 2900161
4.12365 2903041
4.12604 2905921
4.12843 2908801
4.13083 2911681
4.13322 2914561
4.13561 2917441
4.138 2920321
4.14039 2923201
4.14278 2926081
4.14517 2928961
4.14756 2931841
4.14995 2934721
4.15234 2937601
4.22576 2940481
4.22815 2943361
4.23054 2946241
4.23293 2949121
4.23532 2952001
4.23771 2954881
4.24011 2957761
4.2425 2960641
4.24489 2963521
4.24733 2966401
4.24972 2969281
4.25211 2972161
4.2545 2975041
4.25689 2977921
4.25928 2980801
4.33265 2983681
4.33504 2986561
4.33743 2989441
4.33982 2992321
4.34221 2995201
4.3446 2998081
4.34702 3000961
4.34941 3003841
4.3518 3006721
4.35419 3009601
4.35658 3012481
4.35897 3015361
4.36136 3018241
4.36375 3021121
4.36614 3024001
4.36853 3026881
4.44112 3029761
4.44351 3032641
4.4459 3035521
4.44829 3038401
4.45068 3041281
4.45307 3044161
4.45546 3047041
4.45785 3049921
4.46024 3052801
4.46263 3055681
4.46502 3058561
4.46741 3061441
4.4698 3064321
4.47219 3067201
4.47458 3070081
4.47697 3072961
4.54935 3075841
4.55174 3078721
4.55413 3081601
4.55652 3084481
4.55891 3087361
4.5613 3090241
4.56369 3093121
4.56608 3096001
4.56847 3098881
4.57086 3101761
4.57325 3104641
4.57564 3107521
4.57804 3110401
4.58043 3113281
4.58282 3116161
4.58521 3119041
4.65624 3121921
4.65863 3124801
4.66102 3127681
4.66341 3130561
4.6658 3133441
4.66819 3136321
4.67058 3139201
4.67297 3142081
4.67536 3144961
4.67775 3147841
4.68014 3150721
4.68253 3153601
4.68492 3156481
4.68732 3159361
4.68971 3162241
4.6921 3165121
4.76358 3168001
4.76597 3170881
4.76836 3173761
4.77075 3176641
4.77314 3179521
4.77553 3182401
4.77792 3185281
4.78031 3188161
4.7827 3191041
4.78509 3193921
4.78748 3196801
4.78988 3199681
4.79227 3202561
4.79466 3205441
4.79705 3208321
4.79944 3211201
4.80183 3214081
4.87172 3216961
4.87425 3219841
4.87664 3222721
4.87903 3225601
4.88142 3228481
4.88386 3231361
4.88625 3234241
4.88864 3237121
4.89103 3240001
4.89342 3242881
4.89586 3245761
4.89825 3248641
4.90064 3251521
4.90303 3254401
4.90542 3257281
4.90781 3260161
4.9102 3263041
4.9798 3265921
4.98233 3268801
4.98472 3271681
4.98712 3274561
4.98951 3277441
4.992 3280321
4.99439 3283201
4.99683 3286081
4.99922 3288961
5.00161 3291841
5.004 3294721
5.00644 3297601
5.00883 3300481
5.01122 3303361
5.01361 3306241
5.016 3309121
5.01839 3312001
5.08679 3314881
5.08922 3317761
5.09161 3320641
5.094 3323521
5.0964 3326401
5.09889 3329281
5.10128 3332161
5.10372 3335041
5.10611 3337921
5.1085 3340801
5.11089 3343681
5.11332 3346561
5.11572 3349441
5.11811 3352321
5.1205 3355201
5.12289 3358081
5.12528 3360961
5.19378 3363841
5.19617 3366721
5.19856 3369601
5.20095 3372481
5.20334 3375361
5.20588 3378241
5.20827 3381121
5.21066 3384001
5.21324 3386881
5.21588 3389761
5.21827 3392641
5.22067 3395521
5.22306 3398401
5.22545 3401281
5.22784 3404161
5.23023 3407041
5.23262 3409921
5.23501 3412801
5.30186 3415681
5.30444 3418561
5.30684 3421441
5.30923 3424321
5.31162 3427201
5.31416 3430081
5.31655 3432961
5.31894 3435841
5.32133 3438721
5.32396 3441601
5.32645 3444481
5.32884 3447361
5.33134 3450241
5.33373 3453121
5.33631 3456001
5.3387 3458881
5.34109 3461761
5.34348 3464641
5.4103 3467521
5.41269 3470401
5.41508 3473281
5.41767 3476161
5.42006 3479041
5.42245 3481921
5.42484 3484801
5.42723 3487681
5.42962 3490561
5.43205 3493441
5.43454 3496321
5.43728 3499201
5.44002 3502081
5.44241 3504961
5.4448 3507841
5.44719 3510721
5.44958 3513601
5.45197 3516481
5.51744 3519361
5.51983 3522241
5.52222 3525121
5.52461 3528001
5.527 3530881
5.52939 3533761
5.53178 3536641
5.53417 3539521
5.53656 3542401
5.53895 3545281
5.54143 3548161
5.54428 3551041
5.54691 3553921
5.5493 3556801
5.55185 3559681
5.55424 3562561
5.55664 3565441
5.55903 3568321
5.62453 3571201
5.62692 3574081
5.62931 3576961
5.6317 3579841
5.63409 3582721
5.63648 3585601
5.63887 3588481
5.64126 3591361
5.64365 3594241
5.64604 3597121
5.64844 3600001
5.65122 3602881
5.6538 3605761
5.65619 3608641
5.65858 3611521
5.66097 3614401
5.66336 3617281
5.66575 3620161
5.66814 3623041
5.73262 3625921
5.73506 3628801
5.73745 3631681
5.73984 3634561
5.74223 3637441
5.74462 3640321
5.74717 3643201
5.74956 3646081
5.75195 3648961
5.75434 3651841
5.75673 3654721
5.75931 3657601
5.76215 3660481
5.76454 3663361
5.76693 3666241
5.76932 3669121
5.77171 3672001
5.7741 3674881
5.83952 3676321
5.95039 3735361
5.97595 3738241
5.97834 3741121
5.98076 3744001
5.98315 3746881
5.98554 3749761
5.98817 3752641
5.99061 3755521
6.05494 3758401
6.05733 3761281
6.08404 3764161
6.08643 3767041
6.08885 3769921
6.09124 3772801
6.09382 3775681
6.09625 3778561
6.09905 3781441
6.16303 3784321
6.16542 3787201
6.19217 3790081
6.19457 3792961
6.19723 3795841
6.19962 3798721
6.20201 3801601
6.2044 3804481
6.20679 3807361
6.26992 3810241
6.27231 3813121
6.29941 3816001
6.30181 3818881
6.30424 3821761
6.30663 3824641
6.30902 3827521
6.31181 3830401
6.3142 3833281
6.37683 3836161
6.37937 3839041
6.4063 3841921
6.40869 3844801
6.41115 3847681
6.41354 3850561
6.41593 3853441
6.41832 3856321
6.42071 3859201
6.42311 3862081
6.48491 3864961
6.48745 3867841
6.51442 3870721
6.51681 3873601
6.51924 3876481
6.52163 3879361
6.52402 3882241
6.52645 3885121
6.52884 3888001
6.53123 3890881
6.593 3893761
6.59554 3896641
6.6225 3899521
6.62499 3902401
6.62742 3905281
6.62982 3908161
6.63221 3911041
6.6346 3913921
6.63699 3916801
6.63938 3919681
6.69989 3922561
6.70243 3925441
6.72939 3928321
6.73187 3931201
6.73431 3934081
6.73671 3936961
6.7391 3939841
6.74149 3942721
6.74388 3945601
6.74627 3948481
6.80678 3951361
6.80932 3954241
6.83628 3957121
6.83876 3960001
6.84119 3962881
6.84364 3965761
6.84606 3968641
6.8486 3971521
6.85099 3974401
6.85338 3977281
6.85577 3980161
6.9154 3983041
6.91779 3985921
6.94436 3988801
6.94685 3991681
6.94928 3994561
6.95173 3997441
6.95437 4000321
6.95676 4003201
6.9592 4006081
6.96159 4008961
6.96398 4011841
7.02348 4014721
7.02587 4017601
7.0527 4020481
7.05509 4023361
7.05748 4026241
7.06037 4029121
7.06276 4032001
7.06515 4034881
7.06754 4037761
7.06993 4040641
7.07232 4043521
7.13049 4046401
7.13288 4049281
7.15964 4052161
7.16203 4055041
7.16442 4057921
7.16754 4060801
7.16993 4063681
7.17232 4066561
7.17471 4069441
7.1771 4072321
7.17949 4075201
7.23738 4078081
7.23977 4080961
7.26674 4083841
7.26913 4086721
7.27152 4089601
7.27448 4092481
7.27687 4095361
7.27926 4098241
7.28165 4101121
7.28404 4104001
7.28643 4106881
7.28883 4109761
7.34563 4112641
7.34802 4115521
7.37488 4118401
7.37727 4121281
7.37966 4124161
7.38268 4127041
7.38507 4129921
7.38746 4132801
7.38985 4135681
7.39224 4138561
7.39463 4141441
7.39702 4144321
7.45371 4147201
7.4561 4150081
7.48296 4152961
7.48535 4155841
7.48775 4158721
7.49076 4161601
7.49315 4164481
7.49554 4167361
7.49793 4170241
7.50032 4173121
7.50271 4176001
7.5051 4178881
7.56179 4181761
7.56419 4184641
7.59002 4187521
7.59241 4190401
7.5948 4193281
7.59765 4196161
7.60029 4199041
7.60277 4201921
7.60516 4204801
7.60755 4207681
7.60994 4210561
7.61233 4213441
7.66898 4216321
7.67137 4219201
7.69691 4222081
7.69966 4224961
7.70214 4227841
7.70454 4230721
7.70717 4233601
7.70966 4236481
7.71205 4239361
7.71444 4242241
7.71683 4245121
7.71922 4248001
7.77587 4250881
7.77831 4253761
7.8038 4256641
7.80619 4259521
7.80858 4262401
7.81097 4265281
7.81336 4268161
7.81575 4271041
7.81814 4273921
7.82053 4276801
7.82292 4279681
7.82531 4282561
7.8277 4285441
7.88395 4288321
7.8864 4291201
7.91194 4294081
7.91433 4296961
7.91672 4299841
7.91911 4302721
7.9215 4305601
7.92389 4308481
7.92668 4311361
7.92907 4314241
7.93146 4317121
7.93385 4320001
7.93624 4322881
7.99204 4325761
7.99448 4328641
8.02002 4331521
8.02241 4334401
8.0248 4337281
8.02719 4340161
8.02958 4343041
8.03197 4345921
8.03436 4348801
8.03675 4351681
8.03914 4354561
8.04153 4357441
8.04417 4360321
8.09903 4363201
8.10142 4366081
8.12692 4368961
8.12931 4371841
8.1317 4374721
8.13409 4377601
8.13672 4380481
8.13911 4383361
8.1415 4386241
8.14389 4389121
8.14628 4392001
8.14867 4394881
8.15106 4397761
8.20592 4400641
8.20831 4403521
8.23381 4406401
8.2362 4409281
8.23859 4412161
8.24098 4415041
8.24341 4417921
8.2458 4420801
8.2482 4423681
8.25083 4426561
8.25322 4429441
8.25561 4432321
8.258 4435201
8.26039 4438081
8.31406 4440961
8.31645 4443841
8.3419 4446721
8.34429 4449601
8.34668 4452481
8.34907 4455361
8.35175 4458241
8.35414 4461121
8.35653 4464001
8.35892 4466881
8.36131 4469761
8.3637 4472641
8.36609 4475521
8.36848 4478401
8.42215 4481281
8.42454 4484161
8.45032 4487041
8.45271 4489921
8.4551 4492801
8.45749 4495681
8.45988 4498561
8.46227 4501441
8.46467 4504321
8.46706 4507201
8.46945 4510081
8.47184 4512961
8.47423 4515841
8.47662 4518721
8.52909 4521601
8.53148 4524481
8.55721 4527361
8.5596 4530241
8.56199 4533121
8.56438 4536001
8.56678 4538881
8.56917 4541761
8.57156 4544641
8.57395 4547521
8.57634 4550401
8.57873 4553281
8.58112 4556161
8.58351 4559041
8.63598 4561921
8.63837 4564801
8.66415 4567681
8.66655 4570561
8.66894 4573441
8.67133 4576321
8.67372 4579201
8.67611 4582081
8.6785 4584961
8.68089 4587841
8.68328 4590721
8.68567 4593601
8.68806 4596481
8.69045 4599361
8.69284 4602241
8.74412 4605121
8.74651 4608001
8.77236 4610881
8.77475 4613761
8.77714 4616641
8.77953 4619521
8.78192 4622401
8.78431 4625281
8.78671 4628161
8.79149 4633921
8.79388 4636801
8.79627 4639681
8.79866 4642561
8.80105 4645441
8.85244 4648321
8.85483 4651201
8.88061 4654081
8.883 4656961
8.88539 4659841
8.88779 4662721
8.89018 4665601
8.89257 4668481
8.89496 4671361
8.89962 4674241
8.90213 4677121
8.90452 4680001
8.90691 4682881
8.9093 4685761
8.91169 4688641
8.95938 4691521
8.96177 4694401
8.9879 4697281
8.99029 4700161
8.99268 4703041
8.99507 4705921
8.99746 4708801
8.99985 4711681
9.00224 4714561
9.00662 4717441
9.00902 4720321
9.01141 4723201
9.0138 4726081
9.01619 4728961
9.01858 4731841
9.06678 4734721
9.06917 4737601
9.09507 4740481
9.09746 4743361
9.09985 4746241
9.10224 4749121
9.10463 4752001
9.10702 4754881
9.10941 4757761
9.11351 4760641
9.11591 4763521
9.1183 4766401
9.12069 4769281
9.12308 4772161
9.12547 4775041
9.12786 4777921
9.17514 4780801
9.17754 4783681
9.20315 4786561
9.20554 4789441
9.20793 4792321
9.21032 4795201
9.21271 4798081
9.2151 4800961
9.21749 4803841
9.22176 4806721
9.22415 4809601
9.22654 4812481
9.22893 4815361
9.23132 4818241
9.23371 4821121
9.2361 4824001
9.2834 4826881
9.28579 4829761
9.3114 4832641
9.31379 4835521
9.31618 4838401
9.31857 4841281
9.32096 4844161
9.32335 4847041
9.32574 4849921
9.33001 4852801
9.3324 4855681
9.33479 4858561
9.33718 4861441
9.33957 4864321
9.34196 4867201
9.34435 4870081
9.39029 4872961
9.39268 4875841
9.41845 4878721
9.42084 4881601
9.42323 4884481
9.42562 4887361
9.42801 4890241
9.43041 4893121
9.4328 4896001
9.4369 4898881
9.43929 4901761
9.44168 4904641
9.44407 4907521
9.44646 4910401
9.44885 4913281
9.45124 4916161
9.49734 4919041
9.49973 4921921
9.52534 4924801
9.52773 4927681
9.53012 4930561
9.53251 4933441
9.5349 4936321
9.53729 4939201
9.53969 4942081
9.54397 4944961
9.54636 4947841
9.54875 4950721
9.55114 4953601
9.55353 4956481
9.55592 4959361
9.55831 4962241
9.60423 4965121
9.60662 4968001
9.60901 4970881
9.63348 4973761
9.63587 4976641
9.63826 4979521
9.64065 4982401
9.64304 4985281
9.64543 4988161
9.64782 4991041
9.65205 4993921
9.65444 4996801
9.65683 4999681
9.65923 5002561
9.66162 5005441
9.66401 5008321
9.6664 5011201
9.71231 5014081
9.7147 5016961
9.71709 5019841
9.74167 5022721
9.74406 5025601
9.74645 5028481
9.74884 5031361
9.75123 5034241
9.75362 5037121
9.75601 5040001
9.76014 5042881
9.76253 5045761
9.76492 5048641
9.76731 5051521
9.7697 5054401
9.77209 5057281
9.77448 5060161
9.8204 5063041
9.82316 5065921
9.82555 5068801
9.84975 5071681
9.85214 5074561
9.85453 5077441
9.85693 5080321
9.85965 5083201
9.86204 5086081
9.86443 5088961
9.86703 5091841
9.86942 5094721
9.87205 5097601
9.87444 5100481
9.87683 5103361
9.87922 5106241
9.88161 5109121
9.92729 5112001
9.93244 5117761
9.95664 5120641
9.95903 5123521
9.96142 5126401
9.96381 5129281
9.96654 5132161
9.96893 5135041
9.97172 5137921
9.97411 5140801
9.9765 5143681
9.97894 5146561
9.98133 5149441
9.98372 5152321
9.98611 5155201
9.9885 5158081
10.0342 5160961
10.0394 5163841
10.0418 5166721
10.0635 5169601
10.0659 5172481
10.0683 5175361
10.0707 5178241
10.0731 5181121
10.0755 5184001
10.0779 5186881
10.0803 5189761
10.0827 5192641
10.0854 5195521
10.0878 5198401
10.0902 5201281
10.0926 5204161
10.095 5207041
10.0974 5209921
10.1423 5212801
10.1475 5215681
10.1499 5218561
10.1717 5221441
10.1741 5224321
10.1765 5227201
10.1789 5230081
10.1813 5232961
10.1837 5235841
10.186 5238721
10.1884 5241601
10.1908 5244481
10.1935 5247361
10.1959 5250241
10.1983 5253121
10.2007 5256001
10.2031 5258881
10.2055 5261761
10.2504 5264641
10.2558 5267521
10.2582 5270401
10.2798 5273281
10.2821 5276161
10.2846 5279041
10.287 5281921
10.2894 5284801
10.2917 5287681
10.2941 5290561
10.2965 5293441
10.2989 5296321
10.3013 5299201
10.3037 5302081
10.3061 5304961
10.3085 5307841
10.3109 5310721
10.3133 5313601
10.3573 5316481
10.3631 5319361
10.3655 5322241
10.3866 5325121
10.389 5328001
10.3915 5330881
10.3942 5333761
10.3966 5336641
10.399 5339521
10.4014 5342401
10.4038 5345281
10.4062 5348161
10.4085 5351041
10.4109 5353921
10.4133 5356801
10.4157 5359681
10.4181 5362561
10.4205 5365441
10.4642 5368321
10.4704 5371201
10.4728 5374081
10.4939 5376961
10.4963 5379841
10.4987 5382721
10.5011 5385601
10.5035 5388481
10.5059 5391361
10.5083 5394241
10.5107 5397121
10.513 5400001
10.5157 5402881
10.5181 5405761
10.5205 5408641
10.5229 5411521
10.5252 5414401
10.5276 5417281
10.53 5420161
10.5724 5423041
10.5785 5425921
10.5809 5428801
10.602 5431681
10.6044 5434561
10.6068 5437441
10.6095 5440321
10.6119 5443201
10.6143 5446081
10.6167 5448961
10.6191 5451841
10.6215 5454721
10.6239 5457601
10.6263 5460481
10.6287 5463361
10.6311 5466241
10.6334 5469121
10.6358 5472001
10.6382 5474881
10.6805 5477761
10.6865 5480641
10.6889 5483521
10.7101 5486401
10.7125 5489281
10.7149 5492161
10.7178 5495041
10.7202 5497921
10.7226 5500801
10.725 5503681
10.7274 5506561
10.7298 5509441
10.7323 5512321
10.7347 5515201
10.7371 5518081
10.7395 5520961
10.7422 5523841
10.7446 5526721
10.747 5529601
10.7875 5532481
10.7935 5535361
10.7959 5538241
10.8173 5541121
10.8197 5544001
10.8221 5546881
10.8247 5549761
10.8271 5552641
10.8295 5555521
10.8319 5558401
10.8343 5561281
10.8367 5564161
10.8395 5567041
10.842 5569921
10.8444 5572801
10.8468 5575681
10.8491 5578561
10.8515 5581441
10.8539 5584321
10.8945 5587201
10.9004 5590081
10.9028 5592961
10.9242 5595841
10.9266 5598721
10.929 5601601
10.9316 5604481
10.934 5607361
10.9364 5610241
10.9388 5613121
10.9412 5616001
10.9435 5618881
10.9464 5621761
10.9489 5624641
10.9513 5627521
10.9536 5630401
10.956 5633281
10.9584 5636161
10.9608 5639041
10.9632 5641921
11.0026 5644801
11.0086 5647681
11.011 5650561
11.0325 5653441
11.0349 5656321
11.0373 5659201
11.0397 5662081
11.0421 5664961
11.0445 5667841
11.0469 5670721
11.0492 5673601
11.0516 5676481
11.0545 5679361
11.057 5682241
11.0593 5685121
11.0617 5688001
11.0641 5690881
11.0665 5693761
11.0689 5696641
11.0713 5699521
11.1107 5702401
11.1167 5705281
11.1191 5708161
11.1406 5711041
11.143 5713921
11.1454 5716801
11.1478 5719681
11.1502 5722561
11.1526 5725441
11.155 5728321
11.1574 5731201
11.1598 5734081
11.1628 5736961
11.1651 5739841
11.1675 5742721
11.1699 5745601
11.1723 5748481
11.1747 5751361
11.1795 5757121
11.2177 5760001
11.2237 5762881
11.2261 5765761
11.2476 5768641
11.25 5771521
11.2524 5774401
11.2548 5777281
11.2572 5780161
11.2596 5783041
11.262 5785921
11.2643 5788801
11.2667 5791681
11.2696 5794561
11.272 5797441
11.2744 5800321
11.2768 5803201
11.2792 5806081
11.2816 5808961
11.2864 5811841
11.2888 5814721
11.3246 5817601
11.3306 5820481
11.333 5823361
11.3545 5826241
11.3569 5829121
11.3593 5832001
11.3617 5834881
11.3641 5837761
11.3665 5840641
11.3688 5843521
11.3712 5846401
11.3736 5849281
11.3767 5852161
11.3791 5855041
11.3815 5857921
11.3839 5860801
11.3863 5863681
11.3886 5866561
11.3934 5869441
11.3958 5872321
11.3982 5875201
11.4329 5878081
11.4388 5880961
11.4412 5883841
11.4628 5886721
11.4651 5889601
11.4675 5892481
11.4699 5895361
11.4723 5898241
11.4747 5901121
11.4771 5904001
11.4795 5906881
11.4819 5909761
11.4849 5912641
11.4873 5915521
11.4897 5918401
11.4921 5921281
11.4945 5924161
11.4969 5927041
11.5015 5929921
11.5039 5932801
11.5063 5935681
11.5411 5938561
11.5469 5941441
11.5493 5944321
11.5708 5947201
11.5732 5950081
11.5756 5952961
11.578 5955841
11.5804 5958721
11.5828 5961601
11.5852 5964481
11.5876 5967361
11.59 5970241
11.593 5973121
11.5954 5976001
11.5978 5978881
11.6002 5981761
11.6026 5984641
11.605 5987521
11.6098 5990401
11.6122 5993281
11.6145 5996161
11.6492 5999041
11.654 6001921
11.6564 6004801
11.6779 6007681
11.6803 6010561
11.6827 6013441
11.6851 6016321
11.6874 6019201
11.6898 6022081
11.6922 6024961
11.6946 6027841
11.697 6030721
11.6999 6033601
11.7023 6036481
11.7047 6039361
11.7071 6042241
11.7095 6045121
11.7119 6048001
11.7166 6050881
11.719 6053761
11.7214 6056641
11.7561 6059521
11.7609 6062401
11.7633 6065281
11.7848 6068161
11.7872 6071041
11.7896 6073921
11.792 6076801
11.7944 6079681
11.7968 6082561
11.7992 6085441
11.8016 6088321
11.804 6091201
11.807 6094081
11.8094 6096961
11.8117 6099841
11.8141 6102721
11.8165 6105601
11.8189 6108481
11.8237 6111361
11.8261 6114241
11.8285 6117121
11.8631 6120001
11.8679 6122881
11.8703 6125761
11.8727 6128641
11.893 6131521
11.8954 6134401
11.8978 6137281
11.9002 6140161
11.9026 6143041
11.905 6145921
11.9074 6148801
11.9098 6151681
11.9121 6154561
11.9151 6157441
11.9174 6160321
11.9198 6163201
11.9222 6166081
11.9246 6168961
11.927 6171841
11.9318 6174721
11.9342 6177601
11.9366 6180481
11.9712 6183361
11.976 6186241
11.9784 6189121
11.9808 6192001
12.0011 6194881
12.0035 6197761
12.0059 6200641
12.0083 6203521
12.0107 6206401
12.0131 6209281
12.0154 6212161
12.0178 6215041
12.0202 6217921
12.0232 6220801
12.0256 6223681
12.0279 6226561
12.0303 6229441
12.0327 6232321
12.0351 6235201
12.04 6238081
12.0424 6240961
12.0448 6243841
12.0793 6246721
12.0841 6249601
12.0865 6252481
12.0889 6255361
12.1092 6258241
12.1116 6261121
12.114 6264001
12.1164 6266881
12.1188 6269761
12.1211 6272641
12.1235 6275521
12.1259 6278401
12.1283 6281281
12.1307 6284161
12.1331 6287041
12.1355 6289921
12.1379 6292801
12.1403 6295681
12.1427 6298561
12.1469 6301441
12.1493 6304321
12.1517 6307201
12.1864 6310081
12.1911 6312961
12.1935 6315841
12.1959 6318721
12.2161 6321601
12.2185 6324481
12.2209 6327361
12.2233 6330241
12.2257 6333121
12.2281 6336001
12.2305 6338881
12.2329 6341761
12.2353 6344641
12.2376 6347521
12.24 6350401
12.2424 6353281
12.2448 6356161
12.2476 6359041
12.25 6361921
12.2538 6364801
12.2562 6367681
12.2585 6370561
12.2933 6373441
12.298 6376321
12.3004 6379201
12.3028 6382081
12.323 6384961
12.3254 6387841
12.3278 6390721
12.3301 6393601
12.3325 6396481
12.3349 6399361
12.3373 6402241
12.3397 6405121
12.3421 6408001
12.3445 6410881
12.3469 6413761
12.3493 6416641
12.3517 6419521
12.3541 6422401
12.3564 6425281
12.3588 6428161
12.3619 6431041
12.3642 6433921
12.3666 6436801
12.4013 6439681
12.4061 6442561
12.4085 6445441
12.4109 6448321
12.4311 6451201
12.4335 6454081
12.4359 6456961
12.4383 6459841
12.4407 6462721
12.4431 6465601
12.4455 6468481
12.4479 6471361
12.4503 6474241
12.4527 6477121
12.4551 6480001
12.4575 6482881
12.4598 6485761
12.4622 6488641
12.4646 6491521
12.467 6494401
12.4699 6497281
12.4723 6500161
12.4747 6503041
12.5094 6505921
12.5142 6508801
12.5178 6510241
12.6455 6580801
12.6765 6583681
12.6789 6586561
12.6812 6589441
12.6836 6592321
12.686 6595201
12.6884 6598081
12.6908 6600961
12.7244 6603841
12.7293 6606721
12.7329 6609601
12.7526 6612481
12.7846 6615361
12.7869 6618241
12.7893 6621121
12.7917 6624001
12.7941 6626881
12.7965 6629761
12.7989 6632641
12.8325 6635521
12.8378 6638401
12.841 6641281
12.8607 6644161
12.8926 6647041
12.895 6649921
12.8975 6652801
12.8999 6655681
12.9023 6658561
12.9047 6661441
12.907 6664321
12.9394 6667201
12.9447 6670081
12.9479 6672961
12.9676 6675841
12.9995 6678721
13.0019 6681601
13.0044 6684481
13.0068 6687361
13.0092 6690241
13.0118 6693121
13.0142 6696001
13.0465 6698881
13.0516 6701761
13.0548 6704641
13.0747 6707521
13.1064 6710401
13.1088 6713281
13.1113 6716161
13.1137 6719041
13.116 6721921
13.1191 6724801
13.1215 6727681
13.1238 6730561
13.1546 6733441
13.1596 6736321
13.1629 6739201
13.1828 6742081
13.2145 6744961
13.2169 6747841
13.2197 6750721
13.2221 6753601
13.2245 6756481
13.2271 6759361
13.2297 6762241
13.2321 6765121
13.2627 6768001
13.2682 6770881
13.271 6773761
13.2909 6776641
13.3226 6779521
13.325 6782401
13.3282 6785281
13.3306 6788161
13.333 6791041
13.3354 6793921
13.3377 6796801
13.3401 6799681
13.3696 6802561
13.3751 6805441
13.3778 6808321
13.3978 6811201
13.4295 6814081
13.4319 6816961
13.4351 6819841
13.4375 6822721
13.4399 6825601
13.4423 6828481
13.4447 6831361
13.4471 6834241
13.5889 6874561
13.6549 6877441
13.6573 6880321
13.6597 6883201
13.6625 6886081
13.6907 6888961
13.6959 6891841
13.763 6894721
13.7654 6897601
13.768 6900481
13.7706 6903361
13.7988 6906241
13.804 6909121
13.8714 6912001
13.8738 6914881
13.8766 6917761
13.879 6920641
13.9069 6923521
13.9123 6926401
13.9797 6929281
13.9821 6932161
13.9845 6935041
13.9868 6937921
14.0138 6940801
14.0192 6943681
14.0866 6946561
14.089 6949441
14.0913 6952321
14.0937 6955201
14.1207 6958081
14.126 6960961
14.1935 6963841
14.1959 6966721
14.1983 6969601
14.2007 6972481
14.2031 6975361
14.2288 6978241
14.2341 6981121
14.3016 6984001
14.3042 6986881
14.3066 6989761
14.309 6992641
14.3114 6995521
14.337 6998401
14.3426 7001281
14.4097 7004161
14.4123 7007041
14.4147 7009921
14.4171 7012801
14.4195 7015681
14.4439 7018561
14.4495 7021441
14.5169 7024321
14.5193 7027201
14.5217 7030081
14.5241 7032961
14.5265 7035841
14.5508 7038721
14.5564 7041601
14.6238 7044481
14.6262 7047361
14.6286 7050241
14.631 7053121
14.6335 7056001
14.6577 7058881
14.6601 7061761
14.6644 7064641
14.7319 7067521
14.7343 7070401
14.7367 7073281
14.7391 7076161
14.7416 7079041
14.7658 7081921
14.7682 7084801
14.7725 7087681
14.8402 7090561
14.8426 7093441
14.845 7096321
14.8474 7099201
14.8498 7102081
14.8739 7104961
14.8763 7107841
14.8794 7110721
14.9471 7113601
14.9495 7116481
14.9519 7119361
14.9543 7122241
14.9566 7125121
14.9808 7128001
14.9832 7130881
14.9863 7133761
15.054 7136641
15.0564 7139521
15.0588 7142401
15.0611 7145281
15.0635 7148161
15.0877 7151041
15.0901 7153921
15.0932 7156801
15.1611 7159681
15.1635 7162561
15.1659 7165441
15.1683 7168321
15.1707 7171201
15.1731 7174081
15.1958 7176961
15.1982 7179841
15.2016 7182721
15.2692 7185601
15.2716 7188481
15.2741 7191361
15.2765 7194241
15.2789 7197121
15.2813 7200001
15.3042 7202881
15.3065 7205761
15.3097 7208641
15.3773 7211521
15.3797 7214401
15.3821 7217281
15.3845 7220161
15.3869 7223041
15.3892 7225921
15.4134 7231681
15.4166 7234561
15.4842 7237441
15.4866 7240321
15.489 7243201
15.4915 7246081
15.4939 7248961
15.4963 7251841
15.5203 7254721
15.5227 7257601
15.5251 7260481
15.5911 7263361
15.5935 7266241
15.5959 7269121
15.5984 7272001
15.6008 7274881
15.6032 7277761
15.6056 7280641
15.6285 7283521
15.6309 7286401
15.6332 7289281
15.6993 7292161
15.7017 7295041
15.7041 7297921
15.7065 7300801
15.7089 7303681
15.7113 7306561
15.7137 7309441
15.7366 7312321
15.7389 7315201
15.7413 7318081
15.8076 7320961
15.81 7323841
15.8124 7326721
15.8148 7329601
15.8172 7332481
15.8196 7335361
15.822 7338241
15.8434 7341121
15.8458 7344001
15.8482 7346881
15.9145 7349761
15.9172 7352641
15.9196 7355521
15.9219 7358401
15.9244 7361281
15.9268 7364161
15.9292 7367041
15.9503 7369921
15.9527 7372801
15.9551 7375681
16.0214 7378561
16.0241 7381441
16.0264 7384321
16.0288 7387201
16.0313 7390081
16.0337 7392961
16.0361 7395841
16.0572 7398721
16.0596 7401601
16.0621 7404481
16.0645 7407361
16.13 7410241
16.1324 7413121
16.1349 7416001
16.1374 7418881
16.1398 7421761
16.1422 7424641
16.1446 7427521
16.1655 7430401
16.1681 7433281
16.1705 7436161
16.173 7439041
16.2383 7441921
16.2407 7444801
16.2431 7447681
16.2455 7450561
16.2479 7453441
16.2505 7456321
16.2529 7459201
16.2736 7462081
16.2764 7464961
16.2788 7467841
16.2812 7470721
16.3452 7473601
16.3476 7476481
16.35 7479361
16.3524 7482241
16.3548 7485121
16.3574 7488001
16.3598 7490881
16.3806 7493761
16.3833 7496641
16.3857 7499521
16.3881 7502401
16.4521 7505281
16.4545 7508161
16.4569 7511041
16.4597 7513921
16.462 7516801
16.4644 7519681
16.4668 7522561
16.4875 7525441
16.4902 7528321
16.4926 7531201
16.495 7534081
16.5591 7536961
16.5615 7539841
16.5639 7542721
16.5662 7545601
16.5686 7548481
16.571 7551361
16.5734 7554241
16.5758 7557121
16.5956 7560001
16.5985 7562881
16.6009 7565761
16.6033 7568641
16.6672 7571521
16.6696 7574401
16.672 7577281
16.6744 7580161
16.6768 7583041
16.6792 7585921
16.6816 7588801
16.684 7591681
16.7037 7594561
16.7066 7597441
16.709 7600321
16.7114 7603201
16.7754 7606081
16.7778 7608961
16.7802 7611841
16.7826 7614721
16.785 7617601
16.7874 7620481
16.7898 7623361
16.7921 7626241
16.8106 7629121
16.8137 7632001
16.816 7634881
16.8184 7637761
16.8823 7640641
16.8847 7643521
16.8871 7646401
16.8895 7649281
16.8919 7652161
16.8943 7655041
16.8966 7657921
16.899 7660801
16.9176 7663681
16.9205 7666561
16.9229 7669441
16.9253 7672321
16.9893 7675201
16.9917 7678081
16.9941 7680961
16.9965 7683841
16.9989 7686721
17.0013 7689601
17.0037 7692481
17.0061 7695361
17.0085 7698241
17.0257 7701121
17.0288 7704001
17.0312 7706881
17.0336 7709761
17.0974 7712641
17.0998 7715521
17.1022 7718401
17.1046 7721281
17.107 7724161
17.1095 7727041
17.1118 7729921
17.1142 7732801
17.1166 7735681
17.134 7738561
17.1369 7741441
17.1393 7744321
17.1417 7747201
17.2057 7750081
17.2081 7752961
17.2105 7755841
17.2129 7758721
17.2152 7761601
17.2176 7764481
17.22 7767361
17.2224 7770241
17.2248 7773121
17.2409 7776001
17.2439 7778881
17.2463 7781761
17.2487 7784641
17.3126 7787521
17.315 7790401
17.3174 7793281
17.3198 7796161
17.3222 7799041
17.3246 7801921
17.327 7804801
17.3294 7807681
17.3317 7810561
17.3479 7813441
17.3508 7816321
17.3532 7819201
17.3556 7822081
17.4196 7824961
17.422 7827841
17.4244 7830721
17.4268 7833601
17.4292 7836481
17.4316 7839361
17.434 7842241
17.4364 7845121
17.4387 7848001
17.4411 7850881
17.456 7853761
17.4591 7856641
17.4615 7859521
17.4638 7862401
17.5277 7865281
17.5301 7868161
17.5325 7871041
17.5349 7873921
17.5373 7876801
17.5397 7879681
17.542 7882561
17.5444 7885441
17.5468 7888321
17.5492 7891201
17.5642 7894081
17.5671 7896961
17.5695 7899841
17.5719 7902721
17.636 7905601
17.6383 7908481
17.6407 7911361
17.6431 7914241
17.6455 7917121
17.6479 7920001
17.6503 7922881
17.6527 7925761
17.6551 7928641
17.6575 7931521
17.6711 7934401
17.6742 7937281
17.6766 7940161
17.679 7943041
17.7428 7945921
17.7452 7948801
17.7476 7951681
17.75 7954561
17.7524 7957441
17.7548 7960321
17.7572 7963201
17.7596 7966081
17.762 7968961
17.7644 7971841
17.7782 7974721
17.7811 7977601
17.7835 7980481
17.7859 7983361
17.8499 7986241
17.8523 7989121
17.8547 7992001
17.8571 7994881
17.8595 7997761
17.8642 8003521
17.8666 8006401
17.869 8009281
17.8714 8012161
17.8851 8015041
17.8875 8017921
17.8899 8020801
17.8922 8023681
17.8946 8026561
17.958 8029441
17.9604 8032321
17.9628 8035201
17.9652 8038081
17.9676 8040961
17.9723 8043841
17.9747 8046721
17.9771 8049601
17.9795 8052481
17.9819 8055361
17.9933 8058241
17.9957 8061121
17.9981 8064001
18.0005 8066881
18.0029 8069761
18.0662 8072641
18.0686 8075521
18.071 8078401
18.0734 8081281
18.0758 8084161
18.0806 8087041
18.083 8089921
18.0853 8092801
18.0877 8095681
18.0901 8098561
18.1015 8101441
18.1038 8104321
18.1062 8107201
18.1086 8110081
18.111 8112961
18.1731 8115841
18.1755 8118721
18.1779 8121601
18.1803 8124481
18.1827 8127361
18.1875 8130241
18.1898 8133121
18.1922 8136001
18.1946 8138881
18.197 8141761
18.2085 8144641
18.2108 8147521
18.2132 8150401
18.2156 8153281
18.218 8156161
18.2802 8159041
18.2826 8161921
18.2849 8164801
18.2873 8167681
18.2897 8170561
18.2945 8173441
18.2969 8176321
18.2993 8179201
18.3017 8182081
18.3041 8184961
18.3154 8187841
18.3178 8190721
18.3202 8193601
18.3226 8196481
18.325 8199361
18.3871 8202241
18.3894 8205121
18.3918 8208001
18.3942 8210881
18.3966 8213761
18.3991 8216641
18.4026 8219521
18.405 8222401
18.4074 8225281
18.4098 8228161
18.4122 8231041
18.4236 8233921
18.426 8236801
18.4284 8239681
18.4308 8242561
18.4331 8245441
18.4953 8248321
18.4977 8251201
18.5001 8254081
18.5025 8256961
18.5049 8259841
18.5073 8262721
18.5108 8265601
18.5132 8268481
18.5156 8271361
18.518 8274241
18.5204 8277121
18.5317 8280001
18.5341 8282881
18.5365 8285761
18.5388 8288641
18.5412 8291521
18.6034 8294401
18.6058 8297281
18.6082 8300161
18.6106 8303041
18.613 8305921
18.6154 8308801
18.6178 8311681
18.6202 8314561
18.6226 8317441
18.625 8320321
18.6273 8323201
18.6387 8326081
18.6411 8328961
18.6435 8331841
18.6459 8334721
18.6483 8337601
18.7104 8340481
18.7128 8343361
18.7152 8346241
18.7176 8349121
18.72 8352001
18.7224 8354881
18.7248 8357761
18.7272 8360641
18.7296 8363521
18.7319 8366401
18.7343 8369281
18.7457 8372161
18.7481 8375041
18.7504 8377921
18.7528 8380801
18.7552 8383681
18.8173 8386561
18.8197 8389441
18.8221 8392321
18.8245 8395201
18.8269 8398081
18.8293 8400961
18.8317 8403841
18.8341 8406721
18.8364 8409601
18.8388 8412481
18.8412 8415361
18.8436 8418241
18.8539 8421121
18.8563 8424001
18.8586 8426881
18.861 8429761
18.8634 8432641
18.9256 8435521
18.928 8438401
18.9304 8441281
18.9327 8444161
18.9351 8447041
18.9375 8449921
18.9399 8452801
18.9423 8455681
18.9447 8458561
18.9471 8461441
18.9495 8464321
18.9519 8467201
18.962 8470081
18.9644 8472961
18.9668 8475841
18.9692 8478721
18.9716 8481601
19.0337 8484481
19.036 8487361
19.0384 8490241
19.0408 8493121
19.0433 8496001
19.0457 8498881
19.0481 8501761
19.0504 8504641
19.0528 8507521
19.0552 8510401
19.0576 8513281
19.06 8516161
19.069 8519041
19.0714 8521921
19.0738 8524801
19.0762 8527681
19.0786 8530561
19.1407 8533441
19.1431 8536321
19.1455 8539201
19.1479 8542081
19.1503 8544961
19.1527 8547841
19.1551 8550721
19.1574 8553601
19.1598 8556481
19.1622 8559361
19.1646 8562241
19.167 8565121
19.1759 8568001
19.1783 8570881
19.1807 8573761
19.1831 8576641
19.1854 8579521
19.2476 8582401
19.25 8585281
19.2524 8588161
19.2548 8591041
19.2572 8593921
19.2596 8596801
19.262 8599681
19.2644 8602561
19.2668 8605441
19.2692 8608321
19.2716 8611201
19.2739 8614081
19.2763 8616961
19.2841 8619841
19.2865 8622721
19.2889 8625601
19.2913 8628481
19.2937 8631361
19.3558 8634241
19.3582 8637121
19.3606 8640001
19.363 8642881
19.3654 8645761
19.3678 8648641
19.3702 8651521
19.3725 8654401
19.3749 8657281
19.3773 8660161
19.3797 8663041
19.3821 8665921
19.3845 8668801
19.3923 8671681
19.3947 8674561
19.3971 8677441
19.3994 8680321
19.4018 8683201
19.4644 8686081
19.4667 8688961
19.4691 8691841
19.4715 8694721
19.4739 8697601
19.4763 8700481
19.4787 8703361
19.4811 8706241
19.4835 8709121
19.4859 8712001
19.4883 8714881
19.4906 8717761
19.493 8720641
19.4992 8723521
19.5015 8726401
19.5039 8729281
19.5063 8732161
19.5087 8735041
19.5712 8737921
19.5738 8740801
19.5762 8743681
19.5786 8746561
19.581 8749441
19.5834 8752321
19.5858 8755201
19.5882 8758081
19.5906 8760961
19.593 8763841
19.5954 8766721
19.5978 8769601
19.6002 8772481
19.6061 8775361
19.6085 8778241
19.6109 8781121
19.6135 8784001
19.6159 8786881
19.6781 8789761
19.6807 8792641
19.6831 8795521
19.6855 8798401
19.6884 8801281
19.6908 8804161
19.6932 8807041
19.6956 8809921
19.698 8812801
19.7003 8815681
19.7027 8818561
19.7051 8821441
19.7075 8824321
19.7099 8827201
19.7144 8830081
19.7168 8832961
19.7192 8835841
19.7216 8838721
19.7241 8841601
19.7862 8844481
19.7888 8847361
19.7912 8850241
19.7936 8853121
19.7965 8856001
19.7989 8858881
19.8013 8861761
19.8037 8864641
19.806 8867521
19.8108 8873281
19.8132 8876161
19.8156 8879041
19.818 8881921
19.8225 8884801
19.8249 8887681
19.8272 8890561
19.8297 8893441
19.8322 8896321
19.8943 8899201
19.8969 8902081
19.8993 8904961
19.9017 8907841
19.9046 8910721
19.907 8913601
19.9093 8916481
19.9117 8919361
19.9141 8922241
19.9189 8925121
19.9213 8928001
19.9237 8930881
19.9261 8933761
19.9285 8936641
19.9309 8939521
19.9332 8942401
19.9356 8945281
19.938 8948161
19.9404 8951041
20.0014 8953921
20.0038 8956801
20.0062 8959681
20.0086 8962561
20.0115 8965441
20.0139 8968321
20.0163 8971201
20.0187 8974081
20.0211 8976961
20.0258 8979841
20.0282 8982721
20.0306 8985601
20.033 8988481
20.0354 8991361
20.0378 8994241
20.0402 8997121
20.0426 9000001
20.045 9002881
20.0474 9005761
20.1083 9008641
20.1107 9011521
20.1131 9014401
20.1155 9017281
20.1185 9020161
20.1209 9023041
20.1233 9025921
20.1257 9028801
20.1281 9031681
20.1328 9034561
20.1352 9037441
20.1376 9040321
20.14 9043201
20.1424 9046081
20.1448 9048961
20.1472 9051841
20.1496 9054721
20.152 9057601
20.1544 9060481
20.1568 9063361
20.2165 9066241
20.2189 9069121
20.2213 9072001
20.2237 9074881
20.2266 9077761
20.229 9080641
20.2314 9083521
20.2338 9086401
20.2362 9089281
20.241 9092161
20.2434 9095041
20.2458 9097921
20.2482 9100801
20.2505 9103681
20.2529 9106561
20.2553 9109441
20.2577 9112321
20.2601 9115201
20.2625 9118081
20.265 9120961
20.3246 9123841
20.327 9126721
20.3294 9129601
20.3318 9132481
20.3348 9135361
20.3372 9138241
20.3396 9141121
20.342 9144001
20.3444 9146881
20.3492 9149761
20.3516 9152641
20.354 9155521
20.3564 9158401
20.3587 9161281
20.3611 9164161
20.3635 9167041
20.3659 9169921
20.3683 9172801
20.3707 9175681
20.3731 9178561
20.4316 9181441
20.434 9184321
20.4364 9187201
20.4388 9190081
20.4417 9192961
20.4441 9195841
20.4465 9198721
20.449 9201601
20.4513 9204481
20.4561 9207361
20.4585 9210241
20.4609 9213121
20.4633 9216001
20.4657 9218881
20.4681 9221761
20.4705 9224641
20.4729 9227521
20.4752 9230401
20.4776 9233281
20.48 9236161
20.5385 9239041
20.5409 9241921
20.5433 9244801
20.5457 9247681
20.5488 9250561
20.5512 9253441
20.5536 9256321
20.5559 9259201
20.5583 9262081
20.5631 9264961
20.5655 9267841
20.5679 9270721
20.5703 9273601
20.5727 9276481
20.5751 9279361
20.5775 9282241
20.5799 9285121
20.5822 9288001
20.5846 9290881
20.587 9293761
20.6456 9296641
20.648 9299521
20.6504 9302401
20.6528 9305281
20.6552 9308161
20.6575 9311041
20.6599 9313921
20.6623 9316801
20.6647 9319681
20.6671 9322561
20.6712 9325441
20.6736 9328321
20.676 9331201
20.6784 9334081
20.6808 9336961
20.6832 9339841
20.6856 9342721
20.688 9345601
20.6904 9348481
20.6928 9351361
20.6952 9354241
20.7537 9357121
20.7561 9360001
20.7585 9362881
20.7609 9365761
20.7633 9368641
20.7657 9371521
20.7681 9374401
20.7705 9377281
20.7728 9380161
20.7752 9383041
20.7795 9385921
20.7818 9388801
20.7842 9391681
20.7866 9394561
20.789 9397441
20.7914 9400321
20.7938 9403201
20.7962 9406081
20.7986 9408961
20.801 9411841
20.8034 9414721
20.8619 9417601
20.8643 9420481
20.8667 9423361
20.8691 9426241
20.8715 9429121
20.8739 9432001
20.8763 9434881
20.8787 9437761
20.881 9440641
20.8834 9443521
20.8864 9446401
20.8888 9449281
20.8912 9452161
20.8936 9455041
20.896 9457921
20.8983 9460801
20.9007 9463681
20.9031 9466561
20.9055 9469441
20.9079 9472321
20.9104 9475201
20.9688 9478081
20.9712 9480961
20.9736 9483841
20.976 9486721
20.9784 9489601
20.9808 9492481
20.9832 9495361
20.9856 9498241
20.988 9501121
20.9904 9504001
20.9934 9506881
20.9958 9509761
20.9982 9512641
21.0006 9515521
21.003 9518401
21.0053 9521281
21.0077 9524161
21.0101 9527041
21.0125 9529921
21.0149 9532801
21.0173 9535681
21.0759 9538561
21.0783 9541441
21.0806 9544321
21.083 9547201
21.0854 9550081
21.0878 9552961
21.0902 9555841
21.0926 9558721
21.095 9561601
21.0974 9564481
21.0998 9567361
21.1022 9570241
21.1045 9573121
21.1069 9576001
21.1093 9578881
21.1117 9581761
21.1141 9584641
21.1165 9587521
21.1189 9590401
21.1213 9593281
21.1241 9596161
21.1265 9599041
21.1841 9601921
21.1865 9604801
21.1889 9607681
21.1913 9610561
21.1937 9613441
21.1961 9616321
21.1985 9619201
21.2008 9622081
21.2032 9624961
21.2056 9627841
21.208 9630721
21.2104 9633601
21.2128 9636481
21.2152 9639361
21.2176 9642241
21.22 9645121
21.2224 9648001
21.2247 9650881
21.2271 9653761
21.2295 9656641
21.2322 9659521
21.2346 9662401
21.2922 9665281
21.2946 9668161
21.2994 9673921
21.3018 9676801
21.3041 9679681
21.3065 9682561
21.3089 9685441
21.3113 9688321
21.3137 9691201
21.3161 9694081
21.3185 9696961
21.3209 9699841
21.3233 9702721
21.3257 9705601
21.3281 9708481
21.3304 9711361
21.3328 9714241
21.3352 9717121
21.3376 9720001
21.34 9722881
21.3424 9725761
21.3992 9728641
21.4015 9731521
21.4063 9734401
21.4087 9737281
21.4111 9740161
21.4136 9743041
21.416 9745921
21.4186 9748801
21.421 9751681
21.4233 9754561
21.4257 9757441
21.4281 9760321
21.4305 9763201
21.4329 9766081
21.4353 9768961
21.4377 9771841
21.4401 9774721
21.4425 9777601
21.4449 9780481
21.4472 9783361
21.4496 9786241
21.452 9789121
21.506 9792001
21.5084 9794881
21.5132 9797761
21.5156 9800641
21.518 9803521
21.5205 9806401
21.5229 9809281
21.5255 9812161
21.5282 9815041
21.5306 9817921
21.533 9820801
21.5354 9823681
21.5378 9826561
21.5401 9829441
21.5425 9832321
21.5449 9835201
21.5473 9838081
21.5497 9840961
21.5521 9843841
21.5545 9846721
21.5569 9849601
21.5593 9852481
21.5617 9855361
21.6144 9858241
21.6168 9861121
21.6217 9864001
21.6241 9866881
21.6265 9869761
21.6289 9872641
21.6313 9875521
21.6336 9878401
21.6363 9881281
21.6387 9884161
21.6413 9887041
21.6437 9889921
21.6461 9892801
21.6485 9895681
21.6509 9898561
21.6533 9901441
21.6557 9904321
21.658 9907201
21.6604 9910081
21.6628 9912961
21.6652 9915841
21.6676 9918721
21.67 9921601
21.7225 9924481
21.7248 9927361
21.7298 9930241
21.7322 9933121
21.7346 9936001
21.7369 9938881
21.7393 9941761
21.7417 9944641
21.7446 9947521
21.747 9950401
21.7494 9953281
21.7518 9956161
21.7542 9959041
21.7566 9961921
21.759 9964801
21.7613 9967681
21.7637 9970561
21.7661 9973441
21.7687 9976321
21.771 9979201
21.7734 9982081
21.7758 9984961
21.7782 9987841
21.8293 9990721
21.8317 9993601
21.8367 9996481
21.8391 9999361
21.8414 10002241
21.8438 10005121
21.8462 10008001
21.8486 10010881
21.8515 10013761
21.8539 10016641
21.8563 10019521
21.8587 10022401
21.8611 10025281
21.8635 10028161
21.866 10031041
21.8684 10033921
21.8708 10036801
21.8732 10039681
21.8756 10042561
21.878 10045441
21.8804 10048321
21.8828 10051201
21.8852 10054081
21.9362 10056961
21.9388 10059841
21.9438 10062721
21.9462 10065601
21.9486 10068481
21.951 10071361
21.9534 10074241
21.9558 10077121
21.9585 10080001
21.9609 10082881
21.9633 10085761
21.9657 10088641
21.9681 10091521
21.9704 10094401
21.9729 10097281
21.9753 10100161
21.9779 10103041
21.9802 10105921
21.9827 10108801
21.9851 10111681
21.9875 10114561
21.9899 10117441
21.9923 10120321
21.9946 10123201
22.0446 10126081
22.047 10128961
22.0518 10131841
22.0543 10134721
22.0567 10137601
22.0591 10140481
22.0615 10143361
22.0638 10146241
22.0666 10149121
22.069 10152001
22.0714 10154881
22.0737 10157761
22.0761 10160641
22.0785 10163521
22.081 10166401
22.0834 10169281
22.086 10172161
22.0884 10175041
22.0908 10177921
22.0932 10180801
22.0956 10183681
22.098 10186561
22.1004 10189441
22.1028 10192321
22.1527 10195201
22.1551 10198081
22.1599 10200961
22.1624 10203841
22.1648 10206721
22.1671 10209601
22.1695 10212481
22.1719 10215361
22.1749 10218241
22.1773 10221121
22.1797 10224001
22.1821 10226881
22.1845 10229761
22.1869 10232641
22.1892 10235521
22.1916 10238401
22.1941 10241281
22.1965 10244161
22.1989 10247041
22.2013 10249921
22.2037 10252801
22.2061 10255681
22.2085 10258561
22.2109 10261441
22.2598 10264321
22.2622 10267201
22.2669 10270081
22.2693 10272961
22.2717 10275841
22.2741 10278721
22.2765 10281601
22.2789 10284481
22.2818 10287361
22.2842 10290241
22.2866 10293121
22.289 10296001
22.2914 10298881
22.2938 10301761
22.2962 10304641
22.2986 10307521
22.301 10310401
22.3034 10313281
22.3058 10316161
22.3082 10319041
22.3106 10321921
22.313 10324801
22.3154 10327681
22.3178 10330561
22.3667 10333441
22.369 10336321
22.3738 10339201
22.3762 10342081
22.3786 10344961
22.381 10347841
22.3834 10350721
22.3858 10353601
22.3888 10356481
22.3912 10359361
22.3936 10362241
22.396 10365121
22.3984 10368001
22.4008 10370881
22.4032 10373761
22.4056 10376641
22.408 10379521
22.4104 10382401
22.4127 10385281
22.4151 10388161
22.4175 10391041
22.4199 10393921
22.4223 10396801
22.4247 10399681
22.4271 10402561
22.4749 10405441
22.4773 10408321
22.4821 10411201
22.4845 10414081
22.4868 10416961
22.4892 10419841
22.4916 10422721
22.494 10425601
22.497 10428481
22.4994 10431361
22.5018 10434241
22.5042 10437121
22.5065 10440001
22.5089 10442881
22.5113 10445761
22.5137 10448641
22.5161 10451521
22.5185 10454401
22.5209 10457281
22.5233 10460161
22.5257 10463041
22.5281 10465921
22.5304 10468801
22.5329 10471681
22.5353 10474561
22.583 10477441
22.5854 10480321
22.5902 10483201
22.5926 10486081
22.595 10488961
22.5974 10491841
22.5998 10494721
22.6022 10497601
22.6052 10500481
22.6076 10503361
22.61 10506241
22.6123 10509121
22.6147 10512001
22.6171 10514881
22.6195 10517761
22.6219 10520641
22.6243 10523521
22.6267 10526401
22.6291 10529281
22.6315 10532161
22.6339 10535041
22.6362 10537921
22.6386 10540801
22.641 10543681
22.6434 10546561
22.69 10549441
22.6924 10552321
22.6972 10555201
22.6996 10558081
22.702 10560961
22.7044 10563841
22.7068 10566721
22.7092 10569601
22.7121 10572481
22.7145 10575361
22.7168 10578241
22.7192 10581121
22.7216 10584001
22.724 10586881
22.7264 10589761
22.7288 10592641
22.7312 10595521
22.7336 10598401
22.736 10601281
22.7384 10604161
22.7408 10607041
22.7432 10609921
22.7456 10612801
22.748 10615681
22.7504 10618561
22.7969 10621441
22.7993 10624321
22.8041 10627201
22.8065 10630081
22.8089 10632961
22.8113 10635841
22.8137 10638721
22.816 10641601
22.8191 10644481
22.8215 10647361
22.8239 10650241
22.8263 10653121
22.8287 10656001
22.8311 10658881
22.8335 10661761
22.8358 10664641
22.8382 10667521
22.8406 10670401
22.843 10673281
22.8454 10676161
22.8478 10679041
22.8502 10681921
22.8526 10684801
22.855 10687681
22.8574 10690561
22.8598 10693441
22.9052 10696321
22.9076 10699201
22.9123 10702081
22.9147 10704961
22.9171 10707841
22.9195 10710721
22.9219 10713601
22.9243 10716481
22.9272 10719361
22.9296 10722241
22.932 10725121
22.9344 10728001
22.9368 10730881
22.9392 10733761
22.9416 10736641
22.944 10739521
22.9464 10742401
22.9488 10745281
22.9512 10748161
22.9535 10751041
22.9559 10753921
22.9583 10756801
22.9607 10759681
22.9631 10762561
22.9655 10765441
22.9679 10768321
23.0133 10771201
23.0156 10774081
23.0204 10776961
23.0228 10779841
23.0252 10782721
23.0276 10785601
23.03 10788481
23.0324 10791361
23.0353 10794241
23.0377 10797121
23.0401 10800001
23.0425 10802881
23.0449 10805761
23.0473 10808641
23.0498 10811521
23.0521 10814401
23.0545 10817281
23.0569 10820161
23.0593 10823041
23.0617 10825921
23.0641 10828801
23.0665 10831681
23.0689 10834561
23.0713 10837441
23.0737 10840321
23.0761 10843201
23.1213 10846081
23.1237 10848961
23.1276 10851841
23.13 10854721
23.1324 10857601
23.1348 10860481
23.1372 10863361
23.1396 10866241
23.1423 10869121
23.1447 10872001
23.1471 10874881
23.1496 10877761
23.152 10880641
23.1543 10883521
23.1567 10886401
23.1591 10889281
23.1615 10892161
23.1639 10895041
23.1663 10897921
23.1687 10900801
23.1711 10903681
23.1735 10906561
23.1759 10909441
23.1782 10912321
23.1806 10915201
23.183 10918081
23.2282 10920961
23.2306 10923841
23.2345 10926721
23.2369 10929601
23.2393 10932481
23.2417 10935361
23.2441 10938241
23.2465 10941121
23.2492 10944001
23.2516 10946881
23.254 10949761
23.2564 10952641
23.2588 10955521
23.2614 10958401
23.2639 10961281
23.2663 10964161
23.2687 10967041
23.2711 10969921
23.2735 10972801
23.2759 10975681
23.2783 10978561
23.2807 10981441
23.2831 10984321
23.2855 10987201
23.2879 10990081
23.2903 10992961
23.3351 10995841
23.3376 10998721
23.3414 11001601
23.3438 11004481
23.3462 11007361
23.3486 11010241
23.3509 11013121
23.3533 11016001
23.3557 11018881
23.3581 11021761
23.3605 11024641
23.3629 11027521
23.3653 11030401
23.3677 11033281
23.3701 11036161
23.3725 11039041
23.3749 11041921
23.3773 11044801
23.3797 11047681
23.382 11050561
23.3844 11053441
23.3868 11056321
23.3892 11059201
23.3916 11062081
23.394 11064961
23.3964 11067841
23.3988 11070721
23.4432 11073601
23.4461 11076481
23.4498 11079361
23.4522 11082241
23.4546 11085121
23.457 11088001
23.4594 11090881
23.4618 11093761
23.4642 11096641
23.4666 11099521
23.469 11102401
23.4714 11105281
23.4738 11108161
23.4761 11111041
23.4785 11113921
23.4809 11116801
23.4833 11119681
23.4857 11122561
23.4881 11125441
23.4905 11128321
23.4929 11131201
23.4953 11134081
23.4977 11136961
23.5001 11139841
23.5025 11142721
23.5049 11145601
23.5073 11148481
23.5513 11151361
23.5541 11154241
23.5579 11157121
23.5603 11160001
23.5627 11162881
23.5651 11165761
23.5675 11168641
23.5699 11171521
23.5727 11174401
23.5751 11177281
23.5775 11180161
23.5799 11183041
23.5822 11185921
23.5846 11188801
23.587 11191681
23.5894 11194561
23.5918 11197441
23.5942 11200321
23.5966 11203201
23.599 11206081
23.6014 11208961
23.6038 11211841
23.6061 11214721
23.6085 11217601
23.6109 11220481
23.6133 11223361
23.6157 11226241
23.6582 11229121
23.661 11232001
23.6648 11234881
23.6672 11237761
23.6696 11240641
23.672 11243521
23.6746 11246401
23.677 11249281
23.6796 11252161
23.682 11255041
23.6844 11257921
23.6867 11260801
23.6891 11263681
23.6915 11266561
23.6943 11269441
23.6967 11272321
23.6991 11275201
23.7014 11278081
23.7038 11280961
23.7062 11283841
23.711 11289601
23.7134 11292481
23.7158 11295361
23.7182 11298241
23.7206 11301121
23.723 11304001
23.7651 11306881
23.7679 11309761
23.7717 11312641
23.7741 11315521
23.7765 11318401
23.7789 11321281
23.7815 11324161
23.7839 11327041
23.7865 11329921
23.7889 11332801
23.7912 11335681
23.7936 11338561
23.796 11341441
23.7984 11344321
23.8008 11347201
23.8032 11350081
23.8056 11352961
23.808 11355841
23.8104 11358721
23.8128 11361601
23.8151 11364481
23.8191 11367361
23.8215 11370241
23.8239 11373121
23.8263 11376001
23.8287 11378881
23.8311 11381761
23.8334 11384641
23.8735 11387521
23.876 11390401
23.8798 11393281
23.8822 11396161
23.8846 11399041
23.887 11401921
23.8895 11404801
23.8919 11407681
23.8945 11410561
23.8969 11413441
23.8996 11416321
23.902 11419201
23.9044 11422081
23.9068 11424961
23.9092 11427841
23.9116 11430721
23.914 11433601
23.9164 11436481
23.9188 11439361
23.9212 11442241
23.9235 11445121
23.9272 11448001
23.9296 11450881
23.9322 11453761
23.9346 11456641
23.937 11459521
23.9394 11462401
23.9418 11465281
23.9818 11468161
23.9842 11471041
23.9879 11473921
23.9903 11476801
23.9927 11479681
23.9951 11482561
23.9976 11485441
24 11488321
24.0026 11491201
24.005 11494081
24.0077 11496961
24.0101 11499841
24.0127 11502721
24.0151 11505601
24.0177 11508481
24.0201 11511361
24.0225 11514241
24.0249 11517121
24.0273 11520001
24.0297 11522881
24.0321 11525761
24.0345 11528641
24.0369 11531521
24.0392 11534401
24.0416 11537281
24.044 11540161
24.0464 11543041
24.0488 11545921
24.0887 11548801
24.0911 11551681
24.0948 11554561
24.0972 11557441
24.0996 11560321
24.1019 11563201
24.1048 11566081
24.1072 11568961
24.1096 11571841
24.112 11574721
24.1146 11577601
24.117 11580481
24.1199 11583361
24.1223 11586241
24.1247 11589121
24.1271 11592001
24.1295 11594881
24.1318 11597761
24.1342 11600641
24.1366 11603521
24.139 11606401
24.1414 11609281
24.1438 11612161
24.1462 11615041
24.1486 11617921
24.151 11620801
24.1534 11623681
24.1558 11626561
24.1957 11629441
24.198 11632321
24.2017 11635201
24.2041 11638081
24.2064 11640961
24.2088 11643841
24.2117 11646721
24.2142 11649601
24.2168 11652481
24.2192 11655361
24.2216 11658241
24.2239 11661121
24.2268 11664001
24.2292 11666881
24.2316 11669761
24.234 11672641
24.2363 11675521
24.2387 11678401
24.2411 11681281
24.2435 11684161
24.2459 11687041
24.2483 11689921
24.2507 11692801
24.2531 11695681
24.2555 11698561
24.2579 11701441
24.2603 11704321
24.2626 11707201
24.265 11710081
24.3037 11712961
24.3061 11715841
24.3097 11718721
24.3123 11721601
24.3147 11724481
24.3171 11727361
24.32 11730241
24.3224 11733121
24.3249 11736001
24.3273 11738881
24.3296 11741761
24.332 11744641
24.4443 11831041
24.5176 11833921
24.52 11836801
24.5235 11839681
24.5261 11842561
24.5285 11845441
24.5309 11848321
24.5338 11851201
24.5361 11854081
24.5387 11856961
24.541 11859841
24.5434 11862721
24.5458 11865601
24.5491 11868481
24.5515 11871361
24.6257 11874241
24.6281 11877121
24.6316 11880001
24.6342 11882881
24.6366 11885761
24.639 11888641
24.6418 11891521
24.6442 11894401
24.6467 11897281
24.6491 11900161
24.6515 11903041
24.6539 11905921
24.6574 11908801
24.6599 11911681
24.7337 11914561
24.7361 11917441
24.7397 11920321
24.7423 11923201
24.7447 11926081
24.7471 11928961
24.7499 11931841
24.7523 11934721
24.7548 11937601
24.7572 11940481
24.7596 11943361
24.762 11946241
24.7656 11949121
24.768 11952001
24.8418 11954881
24.8446 11957761
24.847 11960641
24.8494 11963521
24.8518 11966401
24.8542 11969281
24.8568 11972161
24.8592 11975041
24.8617 11977921
24.8641 11980801
24.8665 11983681
24.8689 11986561
24.8725 11989441
24.8749 11992321
24.9487 11995201
24.9515 11998081
24.9539 12000961
24.9568 12003841
24.9593 12006721
24.9617 12009601
24.964 12012481
24.9664 12015361
24.9688 12018241
24.9713 12021121
24.9737 12024001
24.976 12026881
24.9794 12029761
24.9818 12032641
25.0556 12035521
25.0585 12038401
25.0609 12041281
25.0633 12044161
25.0657 12047041
25.0681 12049921
25.0705 12052801
25.0728 12055681
25.0752 12058561
25.0776 12061441
25.08 12064321
25.0824 12067201
25.0848 12070081
25.0875 12072961
25.0899 12075841
25.1637 12078721
25.1666 12081601
25.169 12084481
25.1714 12087361
25.1738 12090241
25.1761 12093121
25.1785 12096001
25.1809 12098881
25.1833 12101761
25.1857 12104641
25.1881 12107521
25.1905 12110401
25.1929 12113281
25.1956 12116161
25.1979 12119041
25.2718 12121921
25.2747 12124801
25.2771 12127681
25.2795 12130561
25.2819 12133441
25.2843 12136321
25.2867 12139201
25.2891 12142081
25.2915 12144961
25.2938 12147841
25.2964 12150721
25.2988 12153601
25.3014 12156481
25.3038 12159361
25.3062 12162241
25.3788 12165121
25.3816 12168001
25.384 12170881
25.3864 12173761
25.3888 12176641
25.3912 12179521
25.3936 12182401
25.396 12185281
25.3983 12188161
25.4007 12191041
25.4036 12193921
25.406 12196801
25.4087 12199681
25.4111 12202561
25.4135 12205441
25.4857 12208321
25.4885 12211201
25.4909 12214081
25.4933 12216961
25.4957 12219841
25.4981 12222721
25.5005 12225601
25.5028 12228481
25.5052 12231361
25.5076 12234241
25.51 12237121
25.5124 12240001
25.5148 12242881
25.5172 12245761
25.5199 12248641
25.5223 12251521
25.5937 12254401
25.5966 12257281
25.599 12260161
25.6014 12263041
25.6038 12265921
25.6062 12268801
25.6086 12271681
25.611 12274561
25.6134 12277441
25.6158 12280321
25.6182 12283201
25.6205 12286081
25.6229 12288961
25.6253 12291841
25.628 12294721
25.6304 12297601
25.7018 12300481
25.7047 12303361
25.7071 12306241
25.7095 12309121
25.7119 12312001
25.7143 12314881
25.7167 12317761
25.7191 12320641
25.7215 12323521
25.7238 12326401
25.7262 12329281
25.7286 12332161
25.731 12335041
25.7334 12337921
25.7358 12340801
25.7382 12343681
25.8087 12346561
25.8117 12349441
25.8141 12352321
25.8164 12355201
25.8188 12358081
25.8216 12360961
25.824 12363841
25.8264 12366721
25.8288 12369601
25.8312 12372481
25.8336 12375361
25.836 12378241
25.8384 12381121
25.8408 12384001
25.8431 12386881
25.8455 12389761
25.9157 12392641
25.9186 12395521
25.9209 12398401
25.9233 12401281
25.9257 12404161
25.9285 12407041
25.9309 12409921
25.9333 12412801
25.9357 12415681
25.9381 12418561
25.9405 12421441
25.9429 12424321
25.9452 12427201
25.9476 12430081
25.95 12432961
25.9524 12435841
25.9549 12438721
26.0237 12441601
26.0266 12444481
26.029 12447361
26.0314 12450241
26.0338 12453121
26.0367 12456001
26.0391 12458881
26.0415 12461761
26.0439 12464641
26.0462 12467521
26.0486 12470401
26.051 12473281
26.0534 12476161
26.0558 12479041
26.0582 12481921
26.0606 12484801
26.063 12487681
26.1319 12490561
26.1347 12493441
26.1371 12496321
26.1395 12499201
26.1419 12502081
26.1451 12504961
26.1475 12507841
26.1499 12510721
26.1523 12513601
26.1547 12516481
26.1571 12519361
26.1595 12522241
26.1619 12525121
26.1643 12528001
26.1667 12530881
26.169 12533761
26.1714 12536641
26.2388 12539521
26.2416 12542401
26.244 12545281
26.2464 12548161
26.2488 12551041
26.2522 12553921
26.2546 12556801
26.2569 12559681
26.2593 12562561
26.2617 12565441
26.2641 12568321
26.2665 12571201
26.2689 12574081
26.2713 12576961
26.2737 12579841
26.2761 12582721
26.2785 12585601
26.3457 12588481
26.3485 12591361
26.3509 12594241
26.3533 12597121
26.3557 12600001
26.359 12602881
26.3615 12605761
26.3639 12608641
26.3662 12611521
26.3686 12614401
26.371 12617281
26.3734 12620161
26.3758 12623041
26.3782 12625921
26.3806 12628801
26.383 12631681
26.3854 12634561
26.3878 12637441
26.4538 12640321
26.4566 12643201
26.459 12646081
26.4614 12648961
26.4638 12651841
26.4674 12654721
26.4698 12657601
26.4722 12660481
26.4746 12663361
26.477 12666241
26.4794 12669121
26.4817 12672001
26.4841 12674881
26.4865 12677761
26.4889 12680641
26.4913 12683521
26.4937 12686401
26.4961 12689281
26.5619 12692161
26.565 12695041
26.5674 12697921
26.5698 12700801
26.5722 12703681
26.5755 12706561
26.5779 12709441
26.5803 12712321
26.5827 12715201
26.585 12718081
26.5876 12720961
26.59 12723841
26.5924 12726721
26.5948 12729601
26.5971 12732481
26.5995 12735361
26.6019 12738241
26.6043 12741121
26.6688 12744001
26.6721 12746881
26.6745 12749761
26.6769 12752641
26.6793 12755521
26.6824 12758401
26.6848 12761281
26.6872 12764161
26.6895 12767041
26.6919 12769921
26.6945 12772801
26.6969 12775681
26.6995 12778561
26.7019 12781441
26.7043 12784321
26.7067 12787201
26.7091 12790081
26.7115 12792961
26.7757 12795841
26.7793 12798721
26.7817 12801601
26.784 12804481
26.7864 12807361
26.7893 12810241
26.7917 12813121
26.794 12816001
26.7964 12818881
26.7988 12821761
26.8014 12824641
26.8038 12827521
26.8066 12830401
26.809 12833281
26.8118 12836161
26.8142 12839041
26.8166 12841921
26.8189 12844801
26.8213 12847681
26.8838 12850561
26.8874 12853441
26.8897 12856321
26.8921 12859201
26.8945 12862081
26.8973 12864961
26.8997 12867841
26.9023 12870721
26.9047 12873601
26.9071 12876481
26.9095 12879361
26.9119 12882241
26.9146 12885121
26.9171 12888001
26.9199 12890881
26.9222 12893761
26.9246 12896641
26.927 12899521
26.9294 12902401
26.9918 12905281
26.9954 12908161
26.9978 12911041
27.0005 12913921
27.0029 12916801
27.0054 12919681
27.0078 12922561
27.0104 12925441
27.0128 12928321
27.0152 12931201
27.0176 12934081
27.02 12936961
27.0227 12939841
27.0252 12942721
27.0279 12945601
27.0303 12948481
27.0327 12951361
27.0351 12954241
27.0375 12957121
27.0999 12960001
27.1027 12962881
27.1051 12965761
27.1074 12968641
27.1098 12971521
27.1126 12974401
27.115 12977281
27.1174 12980161
27.1198 12983041
27.1223 12985921
27.1247 12988801
27.1271 12991681
27.1296 12994561
27.132 12997441
27.1348 13000321
27.1372 13003201
27.1396 13006081
27.142 13008961
27.1444 13011841
27.2068 13014721
27.2096 13017601
27.2119 13020481
27.2143 13023361
27.2167 13026241
27.2196 13029121
27.222 13032001
27.2245 13034881
27.2269 13037761
27.2293 13040641
27.2317 13043521
27.2341 13046401
27.2365 13049281
27.2389 13052161
27.2417 13055041
27.2441 13057921
27.2465 13060801
27.2489 13063681
27.2513 13066561
27.3137 13069441
27.3169 13072321
27.3193 13075201
27.3217 13078081
27.3241 13080961
27.3265 13083841
27.3289 13086721
27.3312 13089601
27.3336 13092481
27.336 13095361
27.3384 13098241
27.3408 13101121
27.3432 13104001
27.3456 13106881
27.348 13109761
27.3504 13112641
27.3528 13115521
27.3552 13118401
27.3575 13121281
27.3599 13124161
27.4219 13127041
27.4252 13129921
27.4276 13132801
27.43 13135681
27.4324 13138561
27.4347 13141441
27.4371 13144321
27.4395 13147201
27.4419 13150081
27.4443 13152961
27.4467 13155841
27.4492 13158721
27.4516 13161601
27.454 13164481
27.4564 13167361
27.4588 13170241
27.4612 13173121
27.4636 13176001
27.466 13178881
27.4684 13181761
27.5302 13184641
27.5333 13187521
27.5357 13190401
27.538 13193281
27.5404 13196161
27.5428 13199041
27.5452 13201921
27.5478 13204801
27.5502 13207681
27.5526 13210561
27.555 13213441
27.5574 13216321
27.5598 13219201
27.5625 13222081
27.5649 13224961
27.5673 13227841
27.5697 13230721
27.5721 13233601
27.5745 13236481
27.5769 13239361
27.6371 13242241
27.6402 13245121
27.6425 13248001
27.6451 13250881
27.6475 13253761
27.6499 13256641
27.6523 13259521
27.6547 13262401
27.6571 13265281
27.6595 13268161
27.6619 13271041
27.6643 13273921
27.6666 13276801
27.6694 13279681
27.6719 13282561
27.6743 13285441
27.6767 13288321
27.6791 13291201
27.6814 13294081
27.6838 13296961
27.7442 13299841
27.7473 13302721
27.7496 13305601
27.752 13308481
27.7545 13311361
27.7569 13314241
27.7592 13317121
27.7616 13320001
27.764 13322881
27.7664 13325761
27.7688 13328641
27.7712 13331521
27.7736 13334401
27.776 13337281
27.7784 13340161
27.7808 13343041
27.7832 13345921
27.7855 13348801
27.7879 13351681
27.7903 13354561
27.7927 13357441
27.8524 13360321
27.8554 13363201
27.8578 13366081
27.8602 13368961
27.8626 13371841
27.865 13374721
27.8674 13377601
27.8697 13380481
27.8721 13383361
27.8745 13386241
27.8769 13389121
27.8793 13392001
27.8817 13394881
27.8841 13397761
27.8865 13400641
27.8889 13403521
27.8913 13406401
27.8937 13409281
27.896 13412161
27.8984 13415041
27.9008 13417921
27.9606 13420801
27.9636 13423681
27.966 13426561
27.9684 13429441
27.9708 13432321
27.9732 13435201
27.9756 13438081
27.978 13440961
27.9804 13443841
27.9828 13446721
27.9852 13449601
27.9875 13452481
27.9899 13455361
27.9923 13458241
27.9947 13461121
27.9971 13464001
27.9995 13466881
28.0019 13469761
28.0043 13472641
28.0067 13475521
28.0091 13478401
28.0675 13481281
28.0705 13484161
28.0729 13487041
28.0753 13489921
28.0777 13492801
28.0801 13495681
28.0825 13498561
28.0849 13501441
28.0873 13504321
28.0897 13507201
28.0924 13510081
28.0948 13512961
28.0972 13515841
28.0996 13518721
28.1019 13521601
28.1043 13524481
28.1067 13527361
28.1091 13530241
28.1115 13533121
28.1139 13536001
28.1163 13538881
28.1743 13541761
28.1774 13544641
28.1798 13547521
28.1822 13550401
28.1846 13553281
28.187 13556161
28.1894 13559041
28.1918 13561921
28.1942 13564801
28.1965 13567681
28.1994 13570561
28.2018 13573441
28.2042 13576321
28.2066 13579201
28.209 13582081
28.2114 13584961
28.2138 13587841
28.2162 13590721
28.2186 13593601
28.221 13596481
28.2234 13599361
28.2257 13602241
28.2824 13605121
28.2855 13608001
28.2879 13610881
28.2903 13613761
28.2927 13616641
28.2951 13619521
28.2975 13622401
28.2998 13625281
28.3022 13628161
28.3046 13631041
28.3076 13633921
28.31 13636801
28.3124 13639681
28.3148 13642561
28.3171 13645441
28.3195 13648321
28.3219 13651201
28.3243 13654081
28.3267 13656961
28.3291 13659841
28.3315 13662721
28.3339 13665601
28.3907 13668481
28.3936 13671361
28.396 13674241
28.3984 13677121
28.4008 13680001
28.4032 13682881
28.4056 13685761
28.408 13688641
28.4104 13691521
28.4128 13694401
28.4158 13697281
28.4182 13700161
28.4206 13703041
28.4229 13705921
28.4253 13708801
28.4277 13711681
28.4301 13714561
28.4325 13717441
28.4349 13720321
28.4373 13723201
28.4397 13726081
28.4421 13728961
28.4977 13731841
28.5006 13734721
28.503 13737601
28.5054 13740481
28.5078 13743361
28.5102 13746241
28.5126 13749121
28.515 13752001
28.5198 13757761
28.5227 13760641
28.5251 13763521
28.5275 13766401
28.5299 13769281
28.5323 13772161
28.5347 13775041
28.5371 13777921
28.5395 13780801
28.5418 13783681
28.5442 13786561
28.5466 13789441
28.549 13792321
28.6046 13795201
28.6076 13798081
28.61 13800961
28.6124 13803841
28.6148 13806721
28.6171 13809601
28.6195 13812481
28.6219 13815361
28.6266 13818241
28.629 13821121
28.6314 13824001
28.6338 13826881
28.6362 13829761
28.6386 13832641
28.641 13835521
28.6434 13838401
28.6458 13841281
28.6482 13844161
28.6506 13847041
28.6529 13849921
28.6553 13852801
28.6577 13855681
28.6601 13858561
28.7127 13861441
28.7158 13864321
28.7182 13867201
28.7206 13870081
28.7229 13872961
28.7257 13875841
28.7281 13878721
28.7305 13881601
28.7349 13884481
28.7373 13887361
28.7397 13890241
28.7421 13893121
28.7445 13896001
28.7468 13898881
28.7492 13901761
28.7516 13904641
28.754 13907521
28.7564 13910401
28.7588 13913281
28.7612 13916161
28.7636 13919041
28.766 13921921
28.7684 13924801
28.821 13927681
28.8239 13930561
28.8263 13933441
28.8287 13936321
28.8311 13939201
28.8341 13942081
28.8365 13944961
28.8389 13947841
28.843 13950721
28.8454 13953601
28.8478 13956481
28.8502 13959361
28.8526 13962241
28.855 13965121
28.8574 13968001
28.8598 13970881
28.8622 13973761
28.8645 13976641
28.8669 13979521
28.8693 13982401
28.8717 13985281
28.8741 13988161
28.8765 13991041
28.9278 13993921
28.9309 13996801
28.9333 13999681
28.9357 14002561
28.9381 14005441
28.941 14008321
28.9434 14011201
28.9458 14014081
28.95 14016961
28.9524 14019841
28.9548 14022721
28.9572 14025601
28.9596 14028481
28.962 14031361
28.9644 14034241
28.9668 14037121
28.9692 14040001
28.9715 14042881
28.9739 14045761
28.9763 14048641
28.9787 14051521
28.9811 14054401
28.9835 14057281
29.0349 14060161
29.038 14063041
29.0404 14065921
29.0427 14068801
29.0451 14071681
29.048 14074561
29.0504 14077441
29.0528 14080321
29.0571 14083201
29.0595 14086081
29.0619 14088961
29.0643 14091841
29.0666 14094721
29.069 14097601
29.0714 14100481
29.0738 14103361
29.0762 14106241
29.0786 14109121
29.081 14112001
29.0834 14114881
29.0858 14117761
29.0882 14120641
29.0906 14123521
29.0929 14126401
29.143 14129281
29.146 14132161
29.1484 14135041
29.1508 14137921
29.1532 14140801
29.1562 14143681
29.1586 14146561
29.161 14149441
29.1652 14152321
29.1676 14155201
29.17 14158081
29.1723 14160961
29.1747 14163841
29.1771 14166721
29.1795 14169601
29.1823 14172481
29.1847 14175361
29.1871 14178241
29.1895 14181121
29.1919 14184001
29.1943 14186881
29.1966 14189761
29.199 14192641
29.2014 14195521
29.2512 14198401
29.2543 14201281
29.2567 14204161
29.2591 14207041
29.2615 14209921
29.2644 14212801
29.2668 14215681
29.2691 14218561
29.2734 14221441
29.2758 14224321
29.2782 14227201
29.2806 14230081
29.283 14232961
29.2854 14235841
29.2878 14238721
29.2907 14241601
29.2931 14244481
29.2954 14247361
29.2978 14250241
29.3002 14253121
29.3026 14256001
29.305 14258881
29.3074 14261761
29.3098 14264641
29.3583 14267521
29.3612 14270401
29.3636 14273281
29.366 14276161
29.3684 14279041
29.3714 14281921
29.3738 14284801
29.3762 14287681
29.3807 14290561
29.3831 14293441
29.3855 14296321
29.3879 14299201
29.3903 14302081
29.3927 14304961
29.395 14307841
29.3976 14310721
29.4 14313601
29.4024 14316481
29.4048 14319361
29.4072 14322241
29.4096 14325121
29.4121 14328001
29.4145 14330881
29.4169 14333761
29.4653 14336641
29.4683 14339521
29.4706 14342401
29.473 14345281
29.4754 14348161
29.4783 14351041
29.4807 14353921
29.4831 14356801
29.4879 14359681
29.4903 14362561
29.4926 14365441
29.495 14368321
29.4974 14371201
29.4998 14374081
29.5022 14376961
29.5046 14379841
29.5071 14382721
29.5095 14385601
29.5119 14388481
29.5143 14391361
29.5167 14394241
29.5191 14397121
29.5215 14400001
29.5239 14402881
29.5724 14405761
29.5752 14408641
29.5776 14411521
29.5799 14414401
29.5823 14417281
29.5847 14420161
29.5871 14423041
29.5895 14425921
29.5919 14428801
29.5963 14431681
29.5987 14434561
29.6011 14437441
29.6035 14440321
29.6058 14443201
29.6082 14446081
29.6106 14448961
29.613 14451841
29.6154 14454721
29.6178 14457601
29.6202 14460481
29.6226 14463361
29.625 14466241
29.6274 14469121
29.6297 14472001
29.6321 14474881
29.6806 14477761
29.6835 14480641
29.6859 14483521
29.6883 14486401
29.6907 14489281
29.6931 14492161
29.6955 14495041
29.6979 14497921
29.7003 14500801
29.7044 14503681
29.7068 14506561
29.7091 14509441
29.7115 14512321
29.7139 14515201
29.7163 14518081
29.7187 14520961
29.7212 14523841
29.7236 14526721
29.726 14529601
29.7284 14532481
29.7308 14535361
29.7332 14538241
29.7356 14541121
29.7379 14544001
29.7403 14546881
29.7891 14549761
29.7916 14552641
29.794 14555521
29.7964 14558401
29.7988 14561281
29.8012 14564161
29.8036 14567041
29.806 14569921
29.8083 14572801
29.8114 14575681
29.8138 14578561
29.8162 14581441
29.8186 14584321
29.8214 14587201
29.8238 14590081
29.8262 14592961
29.8285 14595841
29.8309 14598721
29.8333 14601601
29.8357 14604481
29.8381 14607361
29.8405 14610241
29.8429 14613121
29.8453 14616001
29.8477 14618881
29.8963 14621761
29.8991 14624641
29.9015 14627521
29.9038 14630401
29.9062 14633281
29.9086 14636161
29.911 14639041
29.9134 14641921
29.9158 14644801
29.9183 14647681
29.9207 14650561
29.9231 14653441
29.9255 14656321
29.9285 14659201
29.9309 14662081
29.9333 14664961
29.9357 14667841
29.9381 14670721
29.9405 14673601
29.9429 14676481
29.9453 14679361
29.9477 14682241
29.9501 14685121
29.9524 14688001
29.9548 14690881
30.0033 14693761
30.0062 14696641
30.0086 14699521
30.011 14702401
30.0134 14705281
30.0158 14708161
30.0182 14711041
30.0206 14713921
30.023 14716801
30.0254 14719681
30.0277 14722561
30.0301 14725441
30.0325 14728321
30.0349 14731201
30.0373 14734081
30.0397 14736961
30.0421 14739841
30.0445 14742721
30.0469 14745601
30.0493 14748481
30.0517 14751361
30.054 14754241
30.0564 14757121
30.0588 14760001
30.0612 14762881
30.0636 14765761
