0.140217 0.04
0.183149 0.040375
0.227234 0.0408281
0.271319 0.0412246
0.314522 0.0469465
0.31726 0.0468282
0.358607 0.0464747
0.360997 0.0464154
0.363388 0.0463634
0.403108 0.046193
0.405498 0.0462939
0.407888 0.0463821
0.410279 0.0464594
0.445997 0.050902
0.448388 0.0501642
0.450778 0.0495187
0.453168 0.0493288
0.455559 0.0491627
0.457949 0.0488924
0.488887 0.0525308
0.491277 0.0517145
0.493668 0.0508752
0.496058 0.0505158
0.498448 0.0502013
0.500839 0.0498011
0.503229 0.049826
0.50562 0.0498478
0.50801 0.0499918
0.53185 0.0529928
0.53424 0.0521187
0.536631 0.0512289
0.539021 0.0508253
0.541412 0.0504721
0.543802 0.0500381
0.546192 0.0500333
0.548583 0.0500292
0.550973 0.0500255
0.553364 0.0503973
0.555754 0.0505977
0.558144 0.050898
0.560535 0.0514107
0.562925 0.0517344
0.576072 0.0508926
0.578463 0.050406
0.580853 0.0498552
0.583244 0.0494983
0.585634 0.0494361
0.588024 0.0493815
0.590415 0.0493338
0.592805 0.0495421
0.595196 0.0498494
0.597586 0.0499932
0.599976 0.050369
0.602367 0.0508229
0.604757 0.05122
0.607148 0.0519425
0.609538 0.0524497
0.611928 0.0528935
0.614319 0.0536568
0.616709 0.0541997
0.6191 0.0547997
0.62149 0.0555748
0.62388 0.0562529
0.626271 0.0554713
0.628661 0.0550374
0.631052 0.0547827
0.633442 0.0545599
0.635832 0.0546149
0.638223 0.054663
0.640613 0.0547052
0.643004 0.055117
0.645394 0.0553524
0.647784 0.0555583
0.650175 0.0561135
0.652565 0.0565993
0.654956 0.0568994
0.657346 0.057537
0.659736 0.0580949
0.662127 0.058708
0.664517 0.0594945
0.666908 0.0600577
0.669298 0.0606755
0.671688 0.061466
0.674079 0.0621578
0.676469 0.0627631
0.67886 0.0635427
0.68125 0.0643498
0.68364 0.0649311
0.686031 0.0658147
0.688421 0.0665879
0.690811 0.0671394
0.693202 0.067997
0.695592 0.0687474
0.697983 0.0694039
0.700373 0.0703534
0.702763 0.0710593
0.705154 0.0718019
0.707544 0.0727016
0.709935 0.0733639
0.712325 0.0740684
0.714715 0.0749349
0.717106 0.075818
0.719496 0.0764658
0.721887 0.0772825
0.724277 0.0781222
0.726667 0.0787319
0.729058 0.0796405
0.731448 0.0804354
0.733839 0.081131
0.736229 0.0821146
0.738619 0.0828503
0.74101 0.083619
0.7434 0.0845416
0.745791 0.0853489
0.748181 0.0860553
0.750571 0.0869234
0.752962 0.087683
0.755352 0.0883476
0.757743 0.0891791
0.760133 0.0900317
0.762523 0.0907778
0.764914 0.0916806
0.767304 0.0924705
0.769695 0.0931617
0.772085 0.0941415
0.774475 0.0948738
0.776866 0.0955146
0.779256 0.0964502
0.781647 0.097269
0.784037 0.0979853
0.786427 0.0988622
0.788818 0.0996294
0.791208 0.100301
0.793599 0.101138
0.795989 0.101871
0.798379 0.102637
0.80077 0.103557
0.80316 0.104363
0.805551 0.105067
0.807941 0.105934
0.810331 0.106817
0.812722 0.107465
0.815112 0.108407
0.817503 0.109231
0.819893 0.109827
0.822283 0.110724
0.824674 0.111508
0.827064 0.11232
0.829455 0.11328
0.831845 0.113995
0.834235 0.114745
0.836626 0.115652
0.839016 0.116446
0.841407 0.11714
0.843797 0.117998
0.846187 0.118873
0.848578 0.119514
0.850968 0.120325
0.853359 0.121159
0.855749 0.121764
0.858139 0.122669
0.86053 0.12346
0.86292 0.124152
0.865311 0.125133
1.1175 0.121742
1.11989 0.118774
1.12228 0.116177
1.12467 0.113905
1.12706 0.111917
1.12945 0.110177
1.13184 0.108655
1.13423 0.107323
1.13662 0.106158
1.13901 0.105138
1.1414 0.104246
1.14379 0.103465
1.14618 0.102782
1.14857 0.102184
1.15096 0.101536
1.15335 0.101094
1.15574 0.100707
1.15813 0.100369
1.16052 0.100198
1.16292 0.100048
1.16531 0.100167
1.1677 0.100146
1.17009 0.100253
1.17248 0.100221
1.17487 0.100194
1.17726 0.100294
1.17965 0.100258
1.18204 0.10035
1.18443 0.100307
1.18682 0.100268
1.18921 0.10036
1.1916 0.100315
1.19399 0.100275
1.19638 0.100366
1.19877 0.10032
1.20116 0.100405
1.20355 0.10023
1.20594 0.100201
1.20833 0.100301
1.21072 0.100263
1.21311 0.100355
1.2155 0.100311
1.3171 0.100022
1.31949 0.0936443
1.32188 0.0880637
1.32427 0.0831808
1.32666 0.0789082
1.32905 0.0751696
1.33144 0.0718984
1.33383 0.0690361
1.33622 0.0665316
1.33861 0.0643402
1.341 0.0622976
1.34339 0.0606354
1.34578 0.059181
1.34817 0.0579084
1.35056 0.0567948
1.35295 0.0558205
1.35534 0.0549679
1.35773 0.0542219
1.36012 0.0535692
1.36251 0.052998
1.3649 0.0522483
1.36729 0.0517172
1.36968 0.0512526
1.37207 0.050846
1.37447 0.0504903
1.37686 0.050054
1.37925 0.0497972
1.38164 0.0495726
1.38403 0.049376
1.38642 0.049204
1.38881 0.0490535
1.3912 0.0489218
1.39359 0.0488066
1.39598 0.0485808
1.39837 0.0485082
1.40076 0.0484446
1.40315 0.0483891
1.40554 0.0483404
1.40793 0.0481729
1.41032 0.0481513
1.41271 0.0481324
1.4151 0.0481158
1.41749 0.0481013
1.41988 0.0479637
1.42227 0.0479682
1.42466 0.0479722
1.42705 0.0479757
1.42944 0.0479787
1.43183 0.0478564
1.43423 0.0478743
1.43662 0.04789
1.43901 0.0479038
1.4414 0.0479158
1.44379 0.0479263
1.44618 0.0479355
1.44857 0.0479436
1.45096 0.0478256
1.45335 0.0478474
1.45574 0.0478665
1.45813 0.0478832
1.46052 0.0478978
1.46291 0.0477856
1.4653 0.0478124
1.46769 0.0480858
1.47008 0.0484501
1.47247 0.0486438
1.47486 0.0488134
1.47725 0.0489617
1.47964 0.0490915
1.48203 0.04933
1.48442 0.0494138
1.48681 0.0494871
1.4892 0.0495512
1.49159 0.0496073
1.49399 0.0496564
1.49638 0.0496993
1.49877 0.0497369
1.50116 0.0498948
1.50355 0.0499079
1.50594 0.0499194
1.50833 0.0499295
1.51072 0.0499383
1.51311 0.050071
1.5155 0.0500622
1.51789 0.0500544
1.52028 0.0500476
1.52267 0.0500416
1.52506 0.0501614
1.52745 0.0501413
1.52984 0.0501236
1.53223 0.0501081
1.53462 0.0500946
1.53701 0.0502078
1.5394 0.0501818
1.54179 0.0501591
1.54418 0.0502642
1.54657 0.0502312
1.54896 0.0502023
1.55135 0.050177
1.55375 0.0501549
1.55614 0.0502605
1.55853 0.0502279
1.56092 0.0501995
1.56331 0.0501745
1.5657 0.0501527
1.56809 0.0502586
1.57048 0.0502263
1.57287 0.050198
1.57526 0.0501733
1.57765 0.0501516
1.58004 0.0502576
1.58243 0.0502254
1.58482 0.0501973
1.58721 0.0501726
1.5896 0.050151
1.59199 0.0501321
1.59438 0.0501156
1.59677 0.0501012
1.59916 0.0502135
1.60155 0.0501868
1.60394 0.0501635
1.60633 0.050143
1.60872 0.0501252
1.61111 0.0502345
1.61351 0.0502052
1.6159 0.0501796
1.61829 0.0501571
1.62068 0.0501375
1.62307 0.0502453
1.62546 0.0502146
1.62785 0.0501878
1.63024 0.0501643
1.63263 0.0501438
1.63502 0.0502508
1.63741 0.0502195
1.6398 0.050192
1.6434 0.050418
1.71749 0.0496158
1.71988 0.0489138
1.72227 0.0482996
1.72466 0.0477621
1.72705 0.0474169
1.72944 0.0469898
1.73183 0.046616
1.73422 0.046289
1.73661 0.0460029
1.739 0.0458775
1.76171 0.0456428
1.7641 0.0455625
1.76649 0.0453672
1.76888 0.0451963
1.77127 0.0450467
1.77366 0.0449159
1.77605 0.0449264
1.77844 0.0448106
1.78083 0.0447093
1.78322 0.0446206
1.80593 0.044543
1.80953 0.0449752
1.87047 0.0448533
1.89199 0.0471216
1.89557 0.0468564
1.89796 0.0464994
1.9135 0.0478119
1.93501 0.0499604
1.9386 0.0495904
1.94099 0.0490166
1.95653 0.0502645
1.95892 0.0496065
1.97924 0.0489056
1.98282 0.0482924
1.98521 0.0478809
2.00075 0.0473958
2.00314 0.0470963
2.02346 0.0467093
2.02704 0.0464956
2.02943 0.0461837
2.04497 0.0459107
2.04736 0.0456719
2.06768 0.0454629
2.07007 0.045655
2.07246 0.0455731
2.088 0.0471265
2.09039 0.0469857
2.11071 0.0489875
2.1131 0.048614
2.11549 0.0481623
2.13103 0.049517
2.13342 0.0490774
2.15374 0.0508177
2.15613 0.0502155
2.15852 0.0495636
2.16091 0.0489931
2.17525 0.048369
2.17764 0.0478228
2.19796 0.047345
2.20035 0.0469269
2.20274 0.046561
2.20513 0.0463659
2.21947 0.0460701
2.22186 0.0458114
2.24239 0.04571
2.24478 0.0454962
2.24717 0.0454342
2.24956 0.0452549
2.26271 0.046723
2.2651 0.0466327
2.28528 0.0488036
2.28767 0.0483281
2.29006 0.0480371
2.29245 0.0476575
2.30573 0.0487003
2.30812 0.0483628
2.32824 0.0501924
2.33063 0.0495434
2.33302 0.0491004
2.33541 0.0485879
2.34862 0.0495144
2.35115 0.0490751
2.35354 0.0485657
2.37232 0.047995
2.37471 0.0474956
2.37711 0.0470587
2.37963 0.0466763
2.39278 0.0463418
2.39523 0.0460491
2.39762 0.0457929
2.41641 0.0455688
2.4188 0.0453727
2.42119 0.0452011
2.42371 0.045051
2.43686 0.0449196
2.43931 0.0448047
2.44171 0.0447041
2.4594 0.0468661
2.46179 0.0466328
2.46418 0.0465537
2.4666 0.0463595
2.47991 0.0475646
2.4823 0.047369
2.48469 0.0470729
2.50242 0.0488138
2.50481 0.048337
2.5072 0.0480449
2.5096 0.0476643
2.5228 0.0487063
2.52519 0.048368
2.52758 0.047947
2.54545 0.0495786
2.54784 0.0490063
2.55023 0.0486305
2.55262 0.0481767
2.55501 0.0479046
2.56716 0.0475415
2.56955 0.0470988
2.57194 0.0467115
2.58967 0.0463725
2.59206 0.046201
2.59445 0.0459258
2.59684 0.0456851
2.59923 0.0454745
2.61125 0.0452902
2.61377 0.0451289
2.61616 0.0451128
2.63389 0.0449737
2.63628 0.044852
2.63867 0.0447455
2.64106 0.0450273
2.64345 0.0452739
2.65441 0.0464896
2.6568 0.0463034
2.65919 0.0462655
2.67678 0.0479823
2.67917 0.0477345
2.68156 0.0473927
2.68395 0.0470936
2.68634 0.0468319
2.6973 0.0477279
2.69969 0.0473869
2.70208 0.0472136
2.71967 0.0488119
2.72206 0.0484604
2.72445 0.0480278
2.72684 0.0476494
2.72923 0.0474432
2.73162 0.0471378
2.74138 0.0467456
2.74377 0.0464024
2.74616 0.0461021
2.76392 0.0458393
2.76631 0.0456094
2.7687 0.0454082
2.77109 0.0453572
2.77348 0.0451875
2.77587 0.0450391
2.78547 0.0449092
2.78786 0.0447956
2.79025 0.0446961
2.80831 0.0447341
2.8107 0.0446423
2.81309 0.044687
2.81548 0.0446012
2.81787 0.044526
2.82026 0.0445853
2.82836 0.0456371
2.83075 0.0455575
2.83333 0.0456128
2.85126 0.0475362
2.85365 0.0472192
2.85604 0.0470668
2.85843 0.0468084
2.86122 0.0467074
2.86361 0.0466189
2.87134 0.0471666
2.87374 0.0468958
2.87622 0.0467838
2.8945 0.0485608
2.8981 0.0483657
2.96319 0.04782
2.98068 0.0492175
2.98389 0.0486903
2.98639 0.048104
3.00647 0.049841
3.02357 0.0511109
3.02678 0.050472
3.02944 0.049913
3.04936 0.0515489
3.06646 0.0526053
3.06981 0.0517796
3.07233 0.0510572
3.09261 0.05255
3.10953 0.0534813
3.1121 0.0525461
3.11449 0.0516028
3.11688 0.0506525
3.13683 0.0498209
3.15362 0.0490933
3.15619 0.0484566
3.15858 0.0478996
3.16097 0.0474121
3.1813 0.0471106
3.1977 0.0467218
3.20027 0.0463816
3.20266 0.0463339
3.20505 0.0464171
3.22419 0.048615
3.24059 0.0499131
3.24316 0.049424
3.24555 0.048871
3.24794 0.0483871
3.26708 0.0500887
3.28348 0.0512026
3.28643 0.0505523
3.28882 0.0498583
3.29122 0.049376
3.29361 0.048954
3.31117 0.0483347
3.32795 0.0477929
3.33052 0.0473188
3.33291 0.0469039
3.3353 0.0465409
3.33769 0.0462233
3.35563 0.0459454
3.37203 0.0458272
3.3746 0.0455988
3.37699 0.045399
3.37938 0.0452241
3.38178 0.0450711
3.39852 0.0470622
3.41529 0.0486794
3.41768 0.0482195
3.42007 0.0479421
3.42246 0.0476993
3.42485 0.0473619
3.44143 0.0489417
3.45818 0.0503239
3.46057 0.0496585
3.46296 0.0490761
3.46535 0.0485666
3.46774 0.0481208
3.4844 0.0496057
3.50107 0.050905
3.50346 0.0501669
3.50585 0.049521
3.50824 0.0490809
3.51063 0.0485708
3.51302 0.0482494
3.52849 0.0477182
3.54515 0.0472535
3.54754 0.0468468
3.54993 0.0464909
3.55232 0.0461796
3.55471 0.0459071
3.5571 0.0456687
3.57324 0.0455851
3.58924 0.045387
3.59163 0.0452136
3.59402 0.0451869
3.59641 0.0454136
3.5988 0.0454869
3.60119 0.045676
3.61613 0.0473415
3.63213 0.0487988
3.63452 0.048324
3.63691 0.0479085
3.63968 0.0475449
3.64207 0.0473518
3.64446 0.0471828
3.65938 0.048535
3.67502 0.0498431
3.67741 0.0492377
3.67985 0.048708
3.68257 0.0483695
3.68508 0.0480733
3.68747 0.0476891
3.68986 0.047353
3.70347 0.0469339
3.71914 0.0465671
3.72154 0.0462462
3.72397 0.0459655
3.72666 0.0457198
3.72916 0.0455048
3.73155 0.0453167
3.73394 0.0451521
3.74755 0.0450081
3.76322 0.0448821
3.76563 0.0447718
3.76805 0.0448003
3.77074 0.0447003
3.77325 0.0446128
3.77564 0.0445362
3.77803 0.0448441
3.79044 0.0463636
3.80611 0.0479432
3.80854 0.0475753
3.81094 0.0472534
3.81363 0.0469717
3.81614 0.0468502
3.81853 0.046619
3.82092 0.0464166
3.83333 0.0474895
3.849 0.0489283
3.85142 0.0484373
3.85383 0.0480076
3.85652 0.0477567
3.85942 0.0475371
3.86181 0.0472199
3.8642 0.0470675
3.86659 0.046934
3.87742 0.0465673
3.89309 0.0462464
3.89551 0.0459656
3.89798 0.0457199
3.90099 0.0455049
3.90351 0.0453168
3.9059 0.0451522
3.90829 0.0450082
3.91068 0.0448821
3.9215 0.0447719
3.93717 0.0446754
3.93998 0.044591
3.94237 0.0446421
3.94507 0.0446868
3.94793 0.044601
3.95032 0.0446509
3.95271 0.0445695
3.9551 0.0446233
3.96559 0.0445454
3.98044 0.0463522
3.98287 0.0461832
3.98526 0.0461603
3.98796 0.0460153
3.99095 0.0458883
3.99334 0.0459023
3.99575 0.0457895
3.99842 0.0458158
4.00848 0.0467138
4.02333 0.0481246
4.02576 0.047734
4.02936 0.0476423
4.11032 0.047187
4.11271 0.0467886
4.11515 0.04644
4.11754 0.046135
4.15321 0.0499932
4.15563 0.049369
4.15804 0.0489479
4.16043 0.0484544
4.1961 0.0522726
4.19852 0.0513635
4.20093 0.0505681
4.20332 0.0498721
4.23902 0.0535131
4.24141 0.0524489
4.2438 0.0515178
4.24619 0.0508281
4.24858 0.0500996
4.28324 0.0493371
4.28563 0.04867
4.28802 0.0482112
4.29081 0.0476848
4.2932 0.0473492
4.32746 0.0469306
4.3301 0.0466893
4.33249 0.0463531
4.33488 0.046309
4.33727 0.0463953
4.37049 0.0502209
4.37337 0.0496933
4.37576 0.0491066
4.37815 0.0487183
4.38054 0.0483785
4.41391 0.0518312
4.4163 0.0511023
4.41869 0.0503395
4.42109 0.0497971
4.42348 0.0491974
4.51046 0.0485478
4.54298 0.0517293
4.55369 0.0517631
4.58587 0.0546677
4.59658 0.0545843
4.62876 0.0571362
4.63947 0.0567442
4.67192 0.0590262
4.67431 0.0573979
4.68363 0.0557232
4.71601 0.0543828
4.7184 0.0530849
4.72819 0.0520743
4.76012 0.051065
4.76251 0.0501819
4.77146 0.0505342
4.80315 0.0535924
4.80594 0.0525183
4.81435 0.0524535
4.84642 0.0552719
4.84883 0.0539879
4.85724 0.0537394
4.88931 0.056397
4.8917 0.0549723
4.89409 0.0538508
4.90166 0.0526194
4.93378 0.051542
4.93617 0.0507243
4.93856 0.0498837
4.94575 0.0491483
4.97786 0.0485047
4.98025 0.0479416
4.98264 0.0476989
4.98902 0.0481116
5.02075 0.0514726
5.02314 0.0507885
5.02553 0.050065
5.03191 0.0499319
5.06364 0.0529404
5.06603 0.0520728
5.06842 0.0511887
5.0748 0.0509151
5.07719 0.0503007
5.10811 0.0496381
5.1105 0.0489334
5.11289 0.0483167
5.11888 0.0477771
5.15101 0.051055
5.2392 0.0501731
5.24166 0.0494015
5.28328 0.0487263
5.28575 0.0481355
5.32751 0.0476186
5.32997 0.0474162
5.3704 0.0521142
5.37324 0.0513499
5.41367 0.0554312
5.41613 0.0542523
5.41885 0.0530958
5.45776 0.0519588
5.46021 0.0509639
5.46332 0.0502184
5.50191 0.0494411
5.5047 0.048761
5.5074 0.0481659
5.54639 0.0477701
5.54878 0.0476739
5.55117 0.0475896
5.5896 0.0518909
5.59199 0.0510296
5.59438 0.0504009
5.63249 0.0542258
5.63494 0.0530725
5.63733 0.0521885
5.63984 0.0512899
5.67662 0.0503787
5.67903 0.0497063
5.68142 0.048993
5.68431 0.0484939
5.72071 0.0479322
5.72349 0.0474407
5.72588 0.0470106
5.72839 0.0466342
5.76399 0.05068
5.76638 0.050095
5.76877 0.0494581
5.77128 0.0490258
5.80688 0.0526476
5.80927 0.0518167
5.81166 0.0509646
5.81417 0.050344
5.84977 0.053801
5.85216 0.0528259
5.85455 0.0518476
5.85694 0.0509917
5.85945 0.0502427
5.89386 0.0494624
5.89625 0.0487796
5.89864 0.0481821
5.90103 0.0477844
5.90354 0.0473113
5.93832 0.0470224
5.94071 0.0466446
5.9431 0.046439
5.94549 0.0465091
5.94788 0.0464455
5.98121 0.0503898
5.9836 0.0497161
5.98599 0.0491266
5.98838 0.0486108
5.99077 0.0481594
6.02424 0.0517645
6.02663 0.0509189
6.02902 0.0503041
6.03141 0.049766
6.0338 0.0491703
6.03639 0.048774
6.06886 0.0481773
6.07125 0.0477801
6.07364 0.0473076
6.07603 0.0470191
6.07842 0.0467667
6.08081 0.0464209
6.11295 0.0461183
6.11547 0.0458535
6.11786 0.0456218
6.12025 0.0454191
6.12264 0.0452417
6.12503 0.0452115
6.15583 0.0489351
6.15836 0.0485682
6.16075 0.0481221
6.16314 0.0478569
6.16553 0.0474998
6.16792 0.0471873
6.19872 0.0504139
6.20163 0.0498621
6.20403 0.0493794
6.20642 0.048957
6.20881 0.0484623
6.2112 0.0481545
6.24161 0.0513852
6.244 0.0507121
6.24639 0.0499981
6.24879 0.0492483
6.25118 0.0487173
6.25357 0.0482526
6.25621 0.047846
6.28574 0.0473653
6.28813 0.0469446
6.29052 0.0465765
6.29291 0.0462545
6.2953 0.0459727
6.29769 0.0457261
6.3003 0.0455103
6.33021 0.0454465
6.3326 0.0452657
6.33499 0.0451075
6.33738 0.0453441
6.33977 0.0455511
6.34216 0.0457322
6.34455 0.0458906
6.3731 0.0492793
6.37549 0.0487444
6.37788 0.0482764
6.38027 0.0479918
6.38266 0.0476178
6.38505 0.0474156
6.38744 0.0471137
6.41599 0.0500994
6.41838 0.049462
6.42077 0.0489043
6.42316 0.0485412
6.42555 0.0480986
6.42794 0.0477113
6.43046 0.0473723
6.43285 0.0470758
6.46007 0.0468163
6.46246 0.0464643
6.46485 0.0461562
6.46724 0.0458867
6.46963 0.0456509
6.47202 0.0455695
6.47455 0.0453733
6.47694 0.0452017
6.50416 0.0450515
6.50693 0.04492
6.50932 0.04493
6.51171 0.0448138
6.5141 0.044837
6.51649 0.0447324
6.51888 0.0448909
6.52127 0.0451545
6.54705 0.0483852
6.54982 0.047962
6.55221 0.0477168
6.5546 0.0473772
6.55699 0.04708
6.55951 0.04682
6.5619 0.0465925
6.56429 0.0465185
6.58999 0.0492037
6.59392 0.0488032
6.65248 0.0482028
6.67698 0.0476774
6.68128 0.0473428
6.68367 0.0469249
6.69656 0.0465593
6.72146 0.0463644
6.72538 0.0460688
6.72777 0.0458102
6.74065 0.045584
6.76555 0.045386
6.76979 0.0452127
6.77218 0.0451861
6.78483 0.0450379
6.80844 0.0479081
6.81292 0.0477946
6.81531 0.0475703
6.8281 0.048624
6.85132 0.050921
6.85581 0.0504309
6.8582 0.049877
6.87099 0.0505174
6.89421 0.0524527
6.8966 0.0515211
6.89989 0.050581
6.90266 0.0497584
6.91508 0.0491636
6.9383 0.0485181
6.94069 0.0479534
6.94434 0.0475842
6.94675 0.0471362
6.95916 0.0467441
6.98238 0.0464011
6.98477 0.046101
6.98843 0.0458384
6.99082 0.0458586
7.0024 0.0471262
7.02566 0.0494855
7.02805 0.0490498
7.0317 0.0487936
7.03409 0.0484444
7.04529 0.0492638
7.06855 0.0513558
7.07094 0.0505614
7.07459 0.0499912
7.07698 0.0493673
7.07937 0.0488214
7.08938 0.0482187
7.11263 0.0476914
7.11502 0.0473549
7.11867 0.0469356
7.12106 0.0466936
7.12345 0.0463569
7.13346 0.0460623
7.15672 0.0458045
7.15911 0.045579
7.16276 0.0453816
7.16515 0.0452089
7.16754 0.0450578
7.17755 0.0449256
7.2 0.0476849
7.20239 0.0474743
7.20565 0.04729
7.20804 0.0471287
7.21043 0.0468626
7.22052 0.0476298
7.24289 0.0498011
7.24533 0.0492009
7.24892 0.0488008
7.25131 0.0484507
7.2537 0.0480194
7.26341 0.048642
7.28578 0.0506867
7.28817 0.0501009
7.29056 0.0494633
7.293 0.0489054
7.2954 0.0482922
7.29779 0.0477557
7.3075 0.0472862
7.32987 0.0468754
7.33226 0.046516
7.33465 0.0462015
7.33747 0.0459263
7.33986 0.0456855
7.34225 0.0455998
7.35158 0.0453999
7.37395 0.0452249
7.37636 0.0450718
7.37875 0.0449378
7.38114 0.0451956
7.38353 0.0452961
7.38592 0.0453841
7.39447 0.0462111
7.41684 0.0485597
7.41925 0.0482397
7.42164 0.0478348
7.42403 0.0476054
7.42642 0.0472797
7.42881 0.0469948
7.43736 0.0476204
7.45973 0.0497929
7.46214 0.0493188
7.46453 0.0487789
7.46692 0.0483066
7.46931 0.0478932
7.47185 0.0475316
7.47424 0.0473401
7.48144 0.0469226
7.50382 0.0465573
7.50623 0.0462376
7.50862 0.0459579
7.51101 0.0458382
7.5134 0.0456084
7.51632 0.0455324
7.51872 0.0453408
7.52563 0.0451732
7.5479 0.0450266
7.55031 0.0448982
7.5527 0.044786
7.55557 0.0446877
7.55796 0.0446017
7.5604 0.0445265
7.56279 0.0447107
7.56852 0.0453719
7.59079 0.0478254
7.5932 0.0475972
7.59566 0.0472726
7.59846 0.0471135
7.60085 0.0468493
7.60329 0.0467431
7.60568 0.0465252
7.61141 0.0468346
7.63368 0.0491053
7.63614 0.0487171
7.63855 0.0482525
7.64135 0.0479709
7.64374 0.0475995
7.64618 0.0473996
7.64857 0.0470997
7.65468 0.0473372
7.65707 0.04717
7.67777 0.0467738
7.68061 0.0464271
7.683 0.0462487
7.68544 0.0459676
7.68783 0.0457216
7.69027 0.0455064
7.69266 0.0453181
7.69877 0.0451534
7.70116 0.0450092
7.72234 0.045008
7.72473 0.044882
7.72712 0.0447718
7.72952 0.0446753
7.73191 0.0445909
7.73473 0.044517
7.73712 0.0445774
7.74285 0.0445052
7.74524 0.0444421
7.76558 0.0468868
7.76797 0.046651
7.77036 0.0465696
7.7728 0.0463734
7.77519 0.0463267
7.77762 0.0462859
7.78001 0.0462501
7.78574 0.0464689
7.78813 0.0464103
7.8085 0.048484
7.81089 0.0480485
7.81329 0.0477924
7.81608 0.0475684
7.81847 0.0473723
7.82086 0.0470758
7.82325 0.0469413
7.82896 0.0470736
7.83175 0.0469394
7.85139 0.048947
7.85378 0.0484536
7.85617 0.0481469
7.85856 0.0477536
7.86095 0.0472844
7.86334 0.0469988
7.86573 0.046749
7.86812 0.0465303
7.87305 0.0463391
7.87587 0.0460467
7.89585 0.0457908
7.89824 0.045692
7.90064 0.0454805
7.90303 0.0454204
7.90542 0.0453679
7.90781 0.0451969
7.9102 0.0451723
7.91259 0.0450257
7.91755 0.0448975
7.91996 0.0447853
7.93994 0.0446872
7.94233 0.0446013
7.94472 0.0445261
7.94711 0.0444603
7.9495 0.0446528
7.95202 0.0449462
7.95441 0.0452029
7.9568 0.0453026
7.96044 0.0456397
7.96284 0.0455598
7.98283 0.0477398
7.98522 0.0475223
7.98761 0.047207
7.99 0.0469312
7.99239 0.0466898
7.99516 0.0466035
7.99755 0.0464031
7.99994 0.0462277
8.00333 0.0463242
8.00573 0.0461587
8.02572 0.0482639
8.02811 0.0479809
8.0305 0.0476083
8.03289 0.0472822
8.03528 0.047122
8.03767 0.0468567
8.04006 0.0466246
8.04245 0.0464215
8.04484 0.0462439
8.04741 0.0459634
8.04989 0.0457179
8.07014 0.0456282
8.07253 0.0454247
8.07492 0.0452466
8.07731 0.0452158
8.0797 0.0450638
8.08209 0.0450558
8.08453 0.0449238
8.08692 0.0448084
8.08931 0.0448323
8.0917 0.0447283
8.09431 0.0447622
8.115 0.044792
8.11739 0.044818
8.11978 0.0448407
8.12217 0.0448606
8.12456 0.0448781
8.12696 0.0447683
8.12935 0.0447973
8.13174 0.0450726
8.13413 0.0454385
8.13652 0.0456337
8.13891 0.0458045
8.15789 0.0479539
8.16028 0.0475847
8.16267 0.0472616
8.16506 0.0471039
8.1676 0.0468409
8.16999 0.0466108
8.17238 0.0465344
8.17477 0.0463426
8.17716 0.0462998
8.17955 0.0461373
8.18194 0.0459952
8.20116 0.0481208
8.20356 0.0478557
8.20595 0.0474987
8.20834 0.0473114
8.21087 0.0470225
8.21326 0.0468946
8.21565 0.0467828
8.21805 0.046685
8.22044 0.0465993
8.22283 0.0463994
8.22522 0.0463495
8.22761 0.0463058
8.24525 0.0460176
8.24764 0.0457654
8.25003 0.0456697
8.25242 0.045461
8.25529 0.0454034
8.25768 0.045228
8.26008 0.0451995
8.26247 0.0450495
8.26486 0.0449183
8.26725 0.0449285
8.26964 0.0448125
8.27209 0.0448359
8.2897 0.0447314
8.29209 0.044765
8.29448 0.0446694
8.29687 0.0445857
8.29938 0.0445125
8.30177 0.0444484
8.30416 0.0443924
8.30655 0.0443433
8.30894 0.0443004
8.31133 0.0442629
8.31372 0.04448
8.31611 0.044795
8.33259 0.0466956
8.33498 0.0464837
8.33742 0.0462982
8.33981 0.0461359
8.34227 0.0461189
8.34466 0.0459791
8.34743 0.0459817
8.34982 0.045859
8.35221 0.0458766
8.3546 0.045892
8.35699 0.0457805
8.35938 0.045808
8.37548 0.047457
8.37787 0.0471498
8.38031 0.0470061
8.3827 0.0467553
8.38516 0.0466609
8.38755 0.0464533
8.39032 0.0463966
8.39271 0.0462221
8.3951 0.0461943
8.39749 0.046045
8.39988 0.0459144
8.40227 0.0459251
8.40466 0.0458095
8.41956 0.0455833
8.42196 0.0453854
8.4244 0.0452122
8.42679 0.0450607
8.42924 0.0449281
8.43163 0.0448121
8.43441 0.0447106
8.4368 0.0446217
8.43919 0.044544
8.44158 0.044476
8.44397 0.0444165
8.44636 0.0443645
8.44875 0.0443189
8.46365 0.044279
8.46604 0.0443692
8.46848 0.044323
8.47087 0.0442826
8.47333 0.0442473
8.47572 0.0442164
8.47883 0.0441893
8.48122 0.0442907
8.48361 0.0442543
8.486 0.0442225
8.48839 0.0443197
8.49078 0.0442798
8.49317 0.0443698
8.50773 0.0443236
8.51012 0.0446581
8.51252 0.0448259
8.51491 0.0449726
8.5173 0.045226
8.51969 0.0453228
8.52211 0.0455324
8.52465 0.0455909
8.52704 0.045642
8.52943 0.0456868
8.53182 0.0457259
8.53425 0.0457602
8.53664 0.0457902
8.55062 0.0471914
8.55301 0.0470425
8.5554 0.0467872
8.5578 0.0465638
8.56019 0.0464933
8.56258 0.0463066
8.565 0.0462683
8.56754 0.0461098
8.56993 0.045971
8.57271 0.0458497
8.5751 0.0458685
8.57752 0.0458849
8.57991 0.0457743
8.59351 0.0471775
8.5959 0.0469053
8.59829 0.0466671
8.60068 0.0464588
8.60308 0.0464014
8.6056 0.0462262
8.60799 0.046073
8.6104 0.0459388
8.61279 0.0458215
8.61518 0.0458438
8.61757 0.0457383
8.61996 0.045521
8.62243 0.0454559
8.62482 0.0453989
8.6376 0.045224
8.63999 0.045071
8.64238 0.0449372
8.64477 0.04482
8.64716 0.0447175
8.64968 0.0446278
8.65232 0.0446743
8.65471 0.0445901
8.6571 0.0446413
8.65949 0.0445611
8.66188 0.044491
8.66428 0.0445546
8.66667 0.0444853
8.66928 0.0445496
8.68168 0.0444809
8.68407 0.0445458
8.68646 0.0444776
8.68885 0.0444179
8.69124 0.0447406
8.69364 0.0448981
8.69603 0.0451608
8.69842 0.0452657
8.70094 0.0453575
8.70333 0.0454378
8.70572 0.0455081
8.70811 0.0456946
8.71056 0.0457327
8.71296 0.0457662
8.72457 0.0469204
8.72696 0.0466803
8.72974 0.0464703
8.73213 0.0464115
8.73452 0.0463601
8.73691 0.0461901
8.7393 0.0461663
8.74169 0.0460205
8.74408 0.0460179
8.74647 0.0460157
8.74886 0.0458887
8.75125 0.0459026
8.75364 0.0457898
8.75603 0.0458161
8.76746 0.0469641
8.76985 0.0467186
8.77263 0.0466287
8.77502 0.0465502
8.77741 0.0463564
8.7798 0.0461868
8.78219 0.0461635
8.78471 0.046018
8.7871 0.0460158
8.78949 0.0458888
8.79188 0.0457777
8.79427 0.0458055
8.79666 0.0457048
8.79912 0.0457417
8.80151 0.045649
8.81155 0.0454429
8.81394 0.0452625
8.81671 0.0451047
8.81948 0.0449666
8.82187 0.0448458
8.82426 0.0448651
8.82665 0.0447569
8.82904 0.0447873
8.83144 0.0446889
8.83383 0.0446028
8.83622 0.0446524
8.83861 0.0445709
8.841 0.0444995
8.84339 0.0444371
8.84578 0.0443824
8.85568 0.0443346
8.85808 0.0444178
8.8608 0.0443656
8.86365 0.0443199
8.86604 0.0444049
8.86843 0.0443543
8.87082 0.04431
8.87321 0.0442712
8.8756 0.0444873
8.878 0.0446764
8.88039 0.0449669
8.88278 0.045096
8.88517 0.045334
8.88772 0.0455423
8.89011 0.0457245
8.89857 0.0466339
8.90096 0.0464297
8.90368 0.046251
8.90692 0.0462196
8.90932 0.0461921
8.91171 0.0460431
8.91492 0.0460377
8.98795 0.045783
8.99094 0.0455601
8.99391 0.0453651
8.9963 0.0451945
8.99869 0.0450452
9.00191 0.0449145
9.00439 0.0448002
9.03204 0.0448252
9.03503 0.044847
9.038 0.0447412
9.04039 0.0446485
9.04278 0.0445674
9.046 0.0444965
9.04847 0.0444344
9.07612 0.0443801
9.07851 0.0445826
9.0809 0.0446348
9.08329 0.0448054
9.08575 0.0448298
9.08889 0.044976
9.09174 0.045104
9.11901 0.048341
9.1214 0.0479234
9.12379 0.047558
9.12618 0.0473632
9.12864 0.0470678
9.13216 0.0470593
9.13468 0.0469269
9.1619 0.0498111
9.16429 0.0492097
9.16668 0.0486835
9.16907 0.048348
9.17146 0.0479295
9.17385 0.0475633
9.17625 0.0471179
9.17877 0.0467282
9.20637 0.0465122
9.20876 0.0461981
9.21115 0.0460484
9.21354 0.0457923
9.21593 0.0455683
9.21832 0.0454972
9.22071 0.0453101
9.22327 0.0452713
9.25045 0.0451124
9.25285 0.0449734
9.25524 0.0448517
9.25763 0.0447452
9.26002 0.0450271
9.26254 0.0452737
9.26493 0.0453645
9.26732 0.0455689
9.29334 0.0486228
9.29573 0.04817
9.29813 0.0478987
9.30052 0.0475364
9.30291 0.0472193
9.30543 0.0469419
9.30782 0.0466992
9.31021 0.0466118
9.33662 0.0494103
9.33901 0.048984
9.3414 0.048611
9.34379 0.0481596
9.34618 0.0478897
9.34857 0.0476535
9.35096 0.0473218
9.35335 0.0471566
9.35574 0.046887
9.3807 0.0465261
9.38309 0.0462104
9.38548 0.0459341
9.38787 0.0456923
9.39026 0.0454808
9.39265 0.0452957
9.39504 0.0452587
9.39743 0.0451014
9.39982 0.0449637
9.42479 0.0448432
9.42718 0.0447378
9.42957 0.0446456
9.43196 0.0445649
9.43435 0.0444943
9.43674 0.0444325
9.43913 0.0443784
9.44152 0.0445811
9.44391 0.0447585
9.46768 0.0476637
9.47007 0.0474557
9.47246 0.0471488
9.47485 0.0468802
9.47724 0.0467701
9.47963 0.0465489
9.48202 0.0464803
9.48441 0.0462952
9.4868 0.0461333
9.51057 0.0487417
9.51296 0.048274
9.51535 0.0478647
9.51812 0.0476316
9.52051 0.0474277
9.5229 0.0471242
9.52529 0.0469837
9.52768 0.0467357
9.53007 0.0466438
9.53246 0.0465633
9.55465 0.0462429
9.55704 0.0460875
9.55943 0.0458266
9.5622 0.0455983
9.56459 0.0453985
9.56698 0.0452237
9.56937 0.0450707
9.57177 0.0449369
9.57416 0.0448198
9.57655 0.0447173
9.59873 0.0446276
9.60113 0.0445492
9.60352 0.0444805
9.60629 0.0444205
9.60868 0.0443679
9.61107 0.0444469
9.61346 0.044391
9.61585 0.0443422
9.61824 0.0442994
9.62063 0.044262
9.64162 0.0468542
9.64401 0.0467474
9.64641 0.046529
9.64918 0.0464629
9.65157 0.04628
9.65396 0.04612
9.65635 0.04598
9.65874 0.0458575
9.66113 0.0458753
9.66352 0.0457659
9.68451 0.0480452
9.6869 0.0476645
9.68929 0.0473315
9.69207 0.047165
9.69446 0.0468944
9.69685 0.0466576
9.69962 0.0465754
9.70201 0.0465035
9.7044 0.0464405
9.70679 0.0462605
9.7274 0.0484779
9.72979 0.0480432
9.73218 0.0477878
9.73457 0.0474393
9.73697 0.0470094
9.73971 0.0467582
9.7421 0.0466634
9.74449 0.0464555
9.74688 0.0461486
9.74927 0.046005
9.75166 0.0458794
9.77149 0.0456445
9.77388 0.0454389
9.77627 0.045259
9.77866 0.0451017
9.7811 0.0450889
9.78379 0.0449528
9.78618 0.0448337
9.78857 0.0447295
9.79096 0.0446383
9.79335 0.0445585
9.79574 0.0444887
9.81596 0.0444276
9.81835 0.0444992
9.82074 0.0444368
9.82313 0.0445072
9.82552 0.0448188
9.82791 0.0449664
9.8303 0.0452206
9.83269 0.045318
9.83508 0.0455283
9.83747 0.0457123
9.83986 0.0457482
9.85886 0.0479047
9.86159 0.0476666
9.86398 0.0473333
9.86637 0.0471666
9.86876 0.0468958
9.87115 0.0467838
9.87354 0.0466858
9.87593 0.0464751
9.87832 0.0464157
9.88071 0.0462388
9.8831 0.0462089
9.90175 0.0481828
9.90448 0.0479099
9.90687 0.0475462
9.90926 0.0473529
9.91165 0.0470588
9.91404 0.0469265
9.91656 0.0466857
9.91895 0.0464749
9.92134 0.0464156
9.92387 0.0462386
9.92626 0.0462088
9.92865 0.0460577
9.94583 0.0458005
9.94856 0.0455754
9.95095 0.0453785
9.95334 0.0452062
9.95573 0.0450554
9.95812 0.0449235
9.96103 0.044933
9.96342 0.0449414
9.96581 0.0448237
9.9682 0.0448458
9.97059 0.04474
9.97298 0.0446475
9.98992 0.0445666
9.99265 0.0444958
9.99504 0.0445588
9.99743 0.044489
10.0002 0.0445528
10.0026 0.0444837
10.0051 0.0444233
10.0075 0.0446204
10.0099 0.0447928
10.0123 0.0450687
10.0147 0.0451851
10.0171 0.045412
10.0328 0.0472355
10.0355 0.047081
10.0403 0.0468209
10.0431 0.0467183
10.0455 0.0465035
10.048 0.0464406
10.0504 0.0462605
10.0528 0.0461029
10.0552 0.0460901
10.0576 0.0459538
10.06 0.0458346
10.0757 0.0473553
10.0784 0.0471859
10.0832 0.0472876
10.0856 0.0470017
10.088 0.0471265
10.0904 0.0471106
10.0928 0.0470968
10.0952 0.0470847
10.0976 0.0470741
10.1 0.0470649
10.1024 0.0470568
10.1048 0.0470497
10.1072 0.0471684
10.1198 0.0467724
10.1225 0.0464258
10.1273 0.0461226
10.1297 0.0458573
10.1321 0.0456251
10.1345 0.045422
10.1369 0.0452442
10.1393 0.0450887
10.1417 0.0449526
10.1442 0.0449585
10.1466 0.0448387
10.149 0.0447339
10.1514 0.0446421
10.1639 0.0445619
10.1666 0.0444916
10.1714 0.0444302
10.1738 0.0443764
10.1766 0.0443294
10.179 0.0442882
10.1814 0.0443772
10.1838 0.04433
10.1862 0.0444138
10.1885 0.044362
10.1909 0.0443168
10.1933 0.0444022
10.1957 0.0447269
10.2068 0.0460111
10.2095 0.0460097
10.2143 0.0462585
10.2167 0.0461012
10.2195 0.0460885
10.2219 0.0459524
10.2243 0.0459584
10.2267 0.0458386
10.229 0.0458588
10.2314 0.0457514
10.2338 0.0456575
10.2362 0.0457003
10.2386 0.0456128
10.2496 0.0466612
10.2524 0.0465785
10.2572 0.0467562
10.2596 0.0465367
10.2627 0.0464696
10.2651 0.0464109
10.2675 0.0463595
10.2699 0.0461896
10.2723 0.0461659
10.2747 0.0460202
10.277 0.0460176
10.2794 0.0460154
10.2818 0.0458885
10.2842 0.0459024
10.2937 0.0456646
10.2965 0.0454566
10.3012 0.0452745
10.3036 0.0451152
10.3068 0.0449758
10.3093 0.0448538
10.3117 0.0447471
10.3141 0.0447787
10.3168 0.0446814
10.3192 0.0447212
10.3216 0.044631
10.324 0.0445522
10.3264 0.0446081
10.3287 0.0445321
10.3378 0.0444656
10.3409 0.0444074
10.3453 0.0443565
10.3477 0.0443119
10.3509 0.0442729
10.3534 0.0442388
10.3558 0.044209
10.3582 0.0441828
10.3609 0.04416
10.3634 0.04414
10.3659 0.0441225
10.3683 0.0442322
10.3707 0.0442032
10.3731 0.0443028
10.3823 0.0443899
10.3847 0.0447162
10.3882 0.0451267
10.3906 0.0451108
10.394 0.045222
10.3967 0.0453192
10.3991 0.0454043
10.4015 0.0454788
10.4041 0.0455439
10.4065 0.0456009
10.4089 0.0455258
10.4113 0.0455851
10.4137 0.045512
10.4161 0.045573
10.4252 0.0463763
10.4276 0.0462043
10.4311 0.0463038
10.4335 0.0461408
10.4369 0.0461232
10.4396 0.0461078
10.442 0.0459693
10.4444 0.0458482
10.447 0.0457421
10.4494 0.0456494
10.4518 0.0455682
10.4545 0.0456222
10.4568 0.0455444
10.4592 0.0456013
10.4681 0.0464012
10.4705 0.046226
10.474 0.0461978
10.4764 0.0460481
10.4788 0.045917
10.4812 0.0458024
10.4837 0.0455771
10.4861 0.045505
10.4885 0.0453169
10.4911 0.0452772
10.4935 0.0451176
10.4959 0.0449779
10.4985 0.0448557
10.5009 0.0447487
10.5033 0.0446551
10.5121 0.0445732
10.5145 0.0445016
10.5181 0.0445639
10.5205 0.0444934
10.5229 0.0444317
10.5252 0.0443777
10.5278 0.0443305
10.5301 0.0442892
10.5326 0.0442531
10.5352 0.0442214
10.5376 0.0441937
10.5399 0.0441695
10.5426 0.0441483
10.545 0.0442548
10.5474 0.0442229
10.5562 0.0441951
10.5586 0.0441707
10.5622 0.0441494
10.5646 0.0441307
10.5669 0.0441143
10.5693 0.0444751
10.5719 0.0446657
10.5743 0.0449575
10.5767 0.0450878
10.5791 0.0453268
10.5815 0.045411
10.5839 0.0454846
10.5863 0.045674
10.5887 0.0457148
10.5911 0.0457504
10.5991 0.0465316
10.6015 0.0463402
10.6051 0.0464226
10.6074 0.0462448
10.6098 0.0460892
10.6122 0.0460781
10.6152 0.0460683
10.6176 0.0460598
10.6201 0.0460523
10.6225 0.0460458
10.6249 0.045915
10.6273 0.0459257
10.6297 0.0459349
10.6321 0.0459431
10.6345 0.0459502
10.642 0.0465814
10.6444 0.0463837
10.6479 0.0463358
10.6507 0.0461688
10.6531 0.0461477
10.6555 0.0461292
10.6579 0.0459881
10.6603 0.0458646
10.6627 0.0457565
10.6651 0.0456619
10.6674 0.0455792
10.6698 0.0455068
10.6722 0.0454434
10.6746 0.045388
10.677 0.0453395
10.6794 0.0452971
10.6861 0.0451349
10.6885 0.0449931
10.692 0.0449939
10.6948 0.0448697
10.6972 0.044761
10.6996 0.0446659
10.702 0.0445826
10.7044 0.0445098
10.7068 0.0444461
10.7091 0.0443903
10.7115 0.0443415
10.7142 0.0444238
10.7166 0.0443709
10.719 0.0443245
10.7214 0.0442839
10.7238 0.0442484
10.7302 0.0442174
10.7326 0.0441902
10.7361 0.0441664
10.7392 0.0442706
10.7416 0.0442368
10.744 0.0442072
10.7464 0.0443063
10.7488 0.044268
10.7512 0.0446095
10.7536 0.0449083
10.756 0.0450448
10.7583 0.0452892
10.7607 0.045378
10.7631 0.0455808
10.7655 0.0457582
10.7679 0.0457884
10.7731 0.0463149
10.7755 0.0461505
10.7791 0.0462567
10.7826 0.0462246
10.785 0.0461965
10.7874 0.046172
10.7898 0.0461505
10.7922 0.0461317
10.7946 0.0461152
10.797 0.0459758
10.7994 0.0459788
10.8018 0.0459815
10.8042 0.0459838
10.8065 0.0459858
10.8089 0.0458626
10.8113 0.0458798
10.816 0.0461448
10.8184 0.0460017
10.8219 0.0460015
10.8255 0.0460013
10.8279 0.0458761
10.8303 0.0457666
10.8329 0.0456708
10.8353 0.0457119
10.8377 0.0456229
10.8401 0.0456701
10.8425 0.0457113
10.8449 0.0456224
10.8472 0.0456696
10.85 0.0457109
10.8524 0.045747
10.8548 0.0457787
10.8572 0.0458063
10.86 0.0457055
10.8624 0.0454923
10.866 0.0454308
10.8696 0.0452519
10.8721 0.0452205
10.8745 0.0450679
10.877 0.0449344
10.8794 0.0448176
10.8818 0.0447154
10.8842 0.044626
10.8865 0.0445477
10.8893 0.0446043
10.8917 0.0445287
10.8941 0.0444626
10.8966 0.0444048
10.899 0.0444792
10.9014 0.0444193
10.9041 0.0443669
10.9065 0.044321
10.9101 0.0442809
10.9137 0.0442458
10.9162 0.0442151
10.9186 0.0441882
10.9211 0.0442897
10.9235 0.0442534
10.9259 0.0442218
10.9282 0.044194
10.9306 0.0441698
10.9338 0.0441486
10.9362 0.044505
10.9386 0.0448169
10.941 0.0449648
10.9446 0.0453442
12.2308 0.0700511
12.2752 0.0669198
12.3197 0.0640548
12.3629 0.0669229
12.3653 0.0643076
12.407 0.0617691
12.4094 0.059923
12.4118 0.0581826
12.4511 0.0565348
12.4535 0.0553429
12.4559 0.0541751
12.4582 0.0532782
12.4952 0.0521184
12.4975 0.0511036
12.4999 0.0502157
12.5023 0.0494387
12.5396 0.0487589
12.542 0.048289
12.5444 0.0478779
12.5468 0.0477681
12.5825 0.0517971
12.5849 0.0509475
12.5873 0.050204
12.5897 0.0495535
12.6254 0.0532343
12.6278 0.0522051
12.6302 0.0514294
12.6326 0.0506257
12.635 0.0499225
12.6695 0.0491822
12.6719 0.0485344
12.6743 0.0479676
12.6767 0.0474717
12.6791 0.0471627
12.7139 0.0467674
12.7163 0.0465465
12.7187 0.0462281
12.7211 0.0460746
12.7235 0.0458153
12.758 0.0457134
12.7605 0.0458742
12.7633 0.0460149
12.7657 0.0461381
12.7681 0.0462458
12.801 0.0502151
12.8034 0.0495632
12.8078 0.0492428
12.8935 0.0487124
12.8959 0.0481234
12.9364 0.052358
12.9388 0.0514382
12.9793 0.0555084
12.9817 0.0541949
13.0226 0.0579205
13.025 0.0563055
13.0274 0.0550173
13.0667 0.0536401
13.0691 0.0525601
13.0715 0.0514901
13.1108 0.0505538
13.1132 0.0497346
13.1155 0.0490178
13.1537 0.0531406
13.156 0.052248
13.1586 0.051342
13.1965 0.0550492
13.1989 0.0537931
13.2015 0.0526939
13.2398 0.0562322
13.2422 0.0549532
13.2446 0.053834
13.247 0.0527298
13.2843 0.0517636
13.2866 0.0507931
13.289 0.050069
13.2914 0.0494353
13.3284 0.0487559
13.3309 0.0481614
13.3333 0.0476413
13.3357 0.0474361
13.3713 0.0515066
13.374 0.0508183
13.3765 0.050216
13.3789 0.049564
13.4142 0.0532435
13.4169 0.052213
13.4198 0.0513114
13.4222 0.0506475
13.457 0.0541916
13.4596 0.0530426
13.4622 0.0521623
13.4646 0.051267
13.467 0.0504836
13.5013 0.0496732
13.5037 0.048964
13.5063 0.0483435
13.5087 0.0478006
13.5111 0.0473255
13.5456 0.0469098
13.548 0.0465461
13.5504 0.0466028
13.5528 0.0465275
13.5552 0.0465865
13.5885 0.0503882
13.5909 0.0497147
13.5933 0.0492504
13.5961 0.0488441
13.5985 0.0484886
13.6318 0.0519275
13.6341 0.0511865
13.6365 0.0505382
13.639 0.0498459
13.6414 0.0492402
13.6438 0.0487102
13.6762 0.0482464
13.6786 0.0477156
13.681 0.0473762
13.6834 0.0470791
13.6858 0.0466942
13.6882 0.0464825
13.7203 0.0461722
13.7227 0.0459006
13.7252 0.0456631
13.7276 0.0454552
13.73 0.0453983
13.7324 0.0455985
13.7632 0.0492737
13.7657 0.0487395
13.7681 0.048397
13.7705 0.0479724
13.7729 0.0476009
13.7753 0.0472757
13.8061 0.0506163
13.8086 0.0499142
13.8114 0.049425
13.8138 0.0488718
13.8162 0.0485129
13.8186 0.0481988
13.8491 0.0514239
13.8515 0.0506209
13.8539 0.0499183
13.8563 0.0493035
13.8587 0.0487656
13.8611 0.0482949
13.8635 0.047883
13.8938 0.0473976
13.8961 0.0470979
13.8985 0.0468357
13.9009 0.0464812
13.9033 0.0462961
13.9057 0.0460091
13.9081 0.0458829
13.9378 0.0456476
13.9402 0.0454416
13.9426 0.0455114
13.945 0.0456975
13.9474 0.0458603
13.9498 0.0458778
13.9523 0.046018
13.9807 0.0492658
13.9831 0.0488576
13.9855 0.0483754
13.9883 0.0480784
13.9907 0.0476936
13.9931 0.0474819
13.9955 0.0472967
14.0236 0.0502596
14.026 0.0497272
14.0285 0.0491363
14.0313 0.0487442
14.0337 0.0482762
14.0361 0.0479917
14.0385 0.0476177
14.0409 0.0472905
14.0677 0.0468792
14.0701 0.0465193
14.0726 0.0462044
14.0757 0.0459288
14.0781 0.0458127
14.0806 0.0455861
14.083 0.0453879
14.1107 0.0484644
14.1704 0.0479063
14.1968 0.050418
14.1992 0.0496158
14.2133 0.0504138
14.2397 0.0527371
14.2423 0.0518949
14.2563 0.0525331
14.2587 0.0515914
14.2838 0.0506425
14.2868 0.0498122
14.3006 0.0490857
14.303 0.048575
14.3279 0.0480031
14.3311 0.0476277
14.3447 0.0471742
14.3472 0.0467775
14.372 0.0464303
14.3744 0.0465015
14.3876 0.0476888
14.3904 0.0474777
14.4149 0.049918
14.4172 0.0494282
14.4306 0.0502497
14.4333 0.0497185
14.4577 0.0518787
14.4601 0.0511438
14.4626 0.0503759
14.4747 0.0495789
14.4774 0.0488815
14.5018 0.0482713
14.5042 0.0477374
14.5067 0.0472702
14.5188 0.0468615
14.5218 0.0465038
14.5459 0.0461908
14.5483 0.045917
14.5512 0.0458023
14.5629 0.045577
14.5653 0.0457549
14.5892 0.0485355
14.5916 0.0482186
14.5941 0.0479413
14.6058 0.0486986
14.6082 0.0483613
14.6321 0.0506911
14.6347 0.0499797
14.637 0.0494823
14.6487 0.050047
14.6511 0.0495411
14.6534 0.0489735
14.6762 0.0483518
14.6794 0.0479328
14.6818 0.0474412
14.6927 0.0470111
14.6951 0.0466347
14.6975 0.0463053
14.7208 0.0460172
14.7235 0.045765
14.7259 0.0455444
14.7368 0.0453513
14.7392 0.0451824
14.7416 0.0450346
14.7649 0.0449053
14.7673 0.0451671
14.7697 0.0452712
14.7801 0.0464873
14.7825 0.0464264
14.7849 0.0462481
14.8078 0.0487171
14.8102 0.0483775
14.8126 0.0479553
14.823 0.0485859
14.8254 0.0481376
14.8278 0.0477454
14.8507 0.0500273
14.8531 0.0495238
14.8555 0.0489584
14.8582 0.0485886
14.8671 0.04814
14.8695 0.0476225
14.8719 0.0471697
14.8948 0.0467735
14.8972 0.0464268
14.8999 0.0461234
14.9023 0.045858
14.9115 0.0456258
14.9139 0.0454225
14.9163 0.0453697
14.9392 0.0453235
14.9416 0.0451581
14.944 0.0451383
14.9464 0.044996
14.9544 0.0458715
14.9568 0.0457626
14.9592 0.0457923
14.9825 0.0483182
14.9849 0.0479034
14.9873 0.0476655
14.9897 0.0473323
14.9977 0.0477908
15.0001 0.0475669
15.0033 0.0474961
15.0871 0.0470591
15.0895 0.0466767
15.1123 0.0489671
15.13 0.0503462
15.1324 0.0496779
15.1552 0.0517182
15.1729 0.0527534
15.1753 0.0519092
15.1981 0.0536706
15.2161 0.0545868
15.2185 0.0535134
15.2209 0.0524492
15.2422 0.0513931
15.2602 0.0504689
15.2626 0.0496603
15.265 0.0490778
15.2864 0.0484431
15.3044 0.0478877
15.3068 0.0474017
15.3092 0.0469765
15.3293 0.0491044
15.3476 0.0505914
15.35 0.0500175
15.3524 0.0495153
15.3725 0.0512009
15.3905 0.0524258
15.3931 0.0516225
15.3956 0.0507947
15.4159 0.0523204
15.4334 0.0534053
15.4358 0.0523547
15.4382 0.0514353
15.4406 0.0506309
15.46 0.049927
15.4775 0.0491862
15.4799 0.0485379
15.4823 0.0479707
15.4847 0.0474743
15.5041 0.04704
15.522 0.04666
15.5244 0.0464525
15.5268 0.046521
15.5292 0.0465808
15.5474 0.0486332
15.5649 0.0500541
15.5673 0.0495473
15.5697 0.0489789
15.572 0.0486065
15.5903 0.0501557
15.6081 0.0515113
15.6109 0.0508223
15.6133 0.0502196
15.6157 0.0496921
15.6181 0.0492306
15.6344 0.0485768
15.6526 0.0480047
15.655 0.0475041
15.6574 0.0470661
15.6597 0.0466828
15.6621 0.0463475
15.6789 0.046054
15.6966 0.0457973
15.6994 0.0456976
15.703 0.0457354
15.7888 0.0456435
15.7912 0.0454381
15.8317 0.0500083
15.8341 0.0495073
15.8753 0.0538188
15.8777 0.0528415
15.8801 0.0519863
15.9198 0.050988
15.9222 0.0502395
15.9246 0.0494596
15.9639 0.0487771
15.9663 0.04818
15.9686 0.0476575
16.0068 0.0519503
16.0091 0.0512065
16.0115 0.0504307
16.0496 0.0542519
16.052 0.0532204
16.0544 0.0521928
16.0926 0.0557937
16.095 0.0545695
16.0974 0.0533733
16.0998 0.0523267
16.1369 0.0512858
16.1392 0.0503751
16.1416 0.0495782
16.144 0.0490059
16.1811 0.0485052
16.1835 0.047942
16.1859 0.0474493
16.1883 0.0473931
16.2241 0.051469
16.2265 0.0506604
16.2289 0.0499528
16.2313 0.0494587
16.2671 0.0531514
16.2695 0.0521325
16.2719 0.0512409
16.2743 0.0505858
16.2767 0.0498876
16.3114 0.0491516
16.3137 0.0485077
16.3161 0.0480692
16.3185 0.0475606
16.3209 0.0471155
16.3556 0.046726
16.358 0.0463853
16.3604 0.0460871
16.3627 0.0458262
16.3651 0.045723
16.3998 0.0455076
16.4022 0.0456941
16.4046 0.0458574
16.407 0.0458752
16.4094 0.0460158
16.4431 0.0500138
16.4454 0.0495121
16.4478 0.0489481
16.4502 0.0485796
16.4526 0.0482571
16.4863 0.05185
16.4887 0.0509937
16.4911 0.0503695
16.4935 0.0498233
16.4959 0.0492204
16.4983 0.0488179
16.5304 0.0482156
16.5328 0.0476887
16.5352 0.0472276
16.5376 0.0468241
16.54 0.0464711
16.5424 0.0461622
16.5749 0.045892
16.5773 0.0457805
16.5797 0.0455579
16.582 0.0454882
16.5844 0.0456771
16.5868 0.0458425
16.6178 0.0494872
16.6202 0.0490513
16.6225 0.0485449
16.6249 0.0481018
16.6273 0.047714
16.6297 0.0473748
16.6609 0.0507029
16.6633 0.0501151
16.6657 0.0494757
16.6681 0.0490412
16.6705 0.0486611
16.6729 0.0482034
16.6753 0.047928
16.705 0.047437
16.7074 0.0470074
16.7098 0.0466315
16.7123 0.0463025
16.7147 0.0460147
16.7175 0.0458879
16.7199 0.0456519
16.7491 0.0455704
16.7515 0.0453741
16.7543 0.0453273
16.7566 0.0451614
16.759 0.0451412
16.7619 0.0449986
16.7643 0.0449988
16.792 0.0484989
16.7944 0.0480616
16.7971 0.0478039
16.7995 0.0474534
16.8019 0.0471467
16.8052 0.0470034
16.8076 0.0468779
16.8349 0.0497682
16.8373 0.0491722
16.8404 0.0487757
16.8428 0.0483037
16.8452 0.0480157
16.8482 0.0478888
16.8506 0.0475277
16.8778 0.0503367
16.8806 0.0497946
16.883 0.0491953
16.8854 0.0486709
16.8878 0.048212
16.8902 0.0478105
16.8926 0.0473342
16.8949 0.0469174
16.9219 0.0465527
16.925 0.0463587
16.9274 0.0461888
16.9299 0.0459152
16.9322 0.0458008
16.9346 0.0455757
16.937 0.0455037
16.9394 0.0454408
16.966 0.0452607
16.9695 0.0451031
16.9719 0.0449652
16.9743 0.0452196
16.9767 0.0454421
16.9791 0.0456368
16.9815 0.0458072
16.9839 0.0458313
17.0093 0.0488524
17.0124 0.0486209
17.0148 0.0481683
17.0172 0.0478972
17.0197 0.0475351
17.0222 0.0473432
17.0245 0.0470503
17.0269 0.046794
17.0521 0.0495698
17.0557 0.0491235
17.0581 0.0487331
17.0604 0.0483915
17.0628 0.0479675
17.0652 0.0477216
17.0676 0.0473814
17.07 0.0472087
17.0724 0.0470576
17.0963 0.0466754
17.0999 0.046341
17.1023 0.0460484
17.1047 0.0457923
17.1071 0.0456933
17.1095 0.0454816
17.1118 0.0452964
17.1142 0.0451344
17.1166 0.0449926
17.1405 0.0448685
17.1441 0.0448849
17.1465 0.0447743
17.1489 0.0446775
17.1513 0.0445928
17.1537 0.0445187
17.1561 0.0448289
17.1585 0.0451003
17.1608 0.0452127
17.1836 0.0479361
17.1871 0.0478191
17.1895 0.0474667
17.1919 0.0471584
17.1943 0.0470136
17.1971 0.0468869
17.1995 0.046776
17.2019 0.046554
17.2043 0.0464848
17.2266 0.0489242
17.2302 0.0486837
17.2326 0.0482232
17.2349 0.0478203
17.2376 0.0475928
17.24 0.0472687
17.2424 0.0469851
17.2448 0.0467369
17.2472 0.0466448
17.2496 0.0464392
17.2708 0.0461343
17.2744 0.0458675
17.2768 0.0456341
17.2792 0.0455548
17.2817 0.0453605
17.2845 0.0453154
17.2868 0.045151
17.2892 0.0451321
17.2916 0.0449906
17.294 0.0449918
17.315 0.0449928
17.319 0.0449937
17.3214 0.0449945
17.3238 0.0448702
17.3262 0.0448864
17.3286 0.0447756
17.331 0.0446787
17.3334 0.0445938
17.3357 0.0445196
17.3381 0.0448296
17.3583 0.0472259
17.362 0.0471977
17.3644 0.046923
17.3668 0.0466826
17.3692 0.0465973
17.3716 0.0463976
17.374 0.0462229
17.3764 0.0461951
17.3788 0.0460457
17.3812 0.04604
17.4016 0.04816
17.4052 0.048015
17.4075 0.0476381
17.4099 0.0473083
17.4123 0.0471448
17.4147 0.0468767
17.4171 0.0467671
17.4195 0.0466712
17.4219 0.0464623
17.4445 0.0485295
17.4468 0.0480883
17.4492 0.0475773
17.4516 0.0471301
17.454 0.0468639
17.4564 0.0465059
17.4588 0.0461926
17.4612 0.0459186
17.4636 0.0456787
17.466 0.0454689
17.4889 0.0452853
17.4913 0.0454996
17.4937 0.0456872
17.4961 0.0458513
17.4985 0.0459949
17.5009 0.0459955
17.5033 0.0461211
17.5057 0.0462309
17.5081 0.0463271
17.5105 0.0464112
17.5128 0.0464848
17.533 0.0462992
17.5354 0.0460118
17.5378 0.0457603
17.5402 0.0455403
17.5426 0.0453477
17.545 0.0454293
17.5474 0.0456256
17.5498 0.0456724
17.5521 0.0458384
17.5545 0.0458586
17.5569 0.0458762
17.5759 0.0480167
17.5783 0.0476396
17.5807 0.0473097
17.5831 0.047146
17.5855 0.0468777
17.5879 0.046643
17.5903 0.0465626
17.593 0.0464923
17.5954 0.0464308
17.5978 0.0462519
17.6002 0.0462204
17.6188 0.0481929
17.6212 0.0479188
17.6236 0.0475539
17.626 0.0472347
17.6284 0.0469553
17.6308 0.0467109
17.6331 0.0466221
17.6355 0.0464193
17.6379 0.0461169
17.6403 0.0459773
17.6427 0.0458551
17.6451 0.0457482
17.6632 0.0456547
17.6656 0.0454479
17.668 0.0453919
17.6704 0.0453429
17.6728 0.045175
17.6752 0.0451532
17.6776 0.045009
17.68 0.0448829
17.6847 0.0447725
17.6871 0.044801
17.6895 0.0447008
17.7074 0.0446132
17.7098 0.0445366
17.7134 0.0445945
17.778 0.0446452
17.7932 0.0461895
17.7956 0.0459158
17.7992 0.0459264
17.8019 0.0456856
17.821 0.0475999
17.8361 0.0488999
17.8385 0.0484124
17.8424 0.0482359
17.8448 0.0478314
17.8639 0.0496024
17.8663 0.0490271
17.8802 0.0483987
17.8826 0.0478489
17.8868 0.0473678
17.8892 0.0470718
17.908 0.0468128
17.9104 0.0464612
17.9243 0.0461536
17.9267 0.0458844
17.931 0.0457738
17.9334 0.0455521
17.9522 0.0453581
17.9546 0.0451883
17.9684 0.0450398
17.9711 0.0452848
17.9739 0.0454992
17.9763 0.0454368
17.9951 0.0475072
17.9975 0.0471938
18.0113 0.0484196
18.014 0.0479921
18.0168 0.0476181
18.0192 0.0474159
18.0384 0.0492389
18.0408 0.048709
18.0542 0.0497454
18.0569 0.0491522
18.0592 0.0487582
18.0616 0.0482884
18.064 0.0478774
18.0825 0.0473927
18.0849 0.0469686
18.0982 0.0465975
18.1009 0.0462728
18.1033 0.0459887
18.1057 0.0457401
18.1082 0.0455226
18.1266 0.0453323
18.129 0.0452908
18.1423 0.0451294
18.145 0.0451132
18.1474 0.0449741
18.1498 0.0448523
18.1522 0.0451208
18.1695 0.0471057
18.1719 0.0468425
18.1852 0.0479872
18.1879 0.0476138
18.1903 0.047287
18.1927 0.0470012
18.1951 0.046876
18.2124 0.0485165
18.2148 0.0480769
18.2281 0.0491923
18.2308 0.0486683
18.2332 0.0483348
18.2356 0.0479179
18.238 0.0475532
18.2553 0.049109
18.2577 0.0485954
18.2601 0.048271
18.2722 0.0477371
18.2749 0.04727
18.2773 0.0468612
18.2797 0.0465036
18.2821 0.0463156
18.2994 0.0460262
18.3018 0.0457729
18.3042 0.0455513
18.3163 0.0453574
18.319 0.0451877
18.3214 0.0450392
18.3238 0.0449093
18.3261 0.0447957
18.3438 0.0446962
18.3462 0.0447342
18.3486 0.0450174
18.3592 0.0462652
18.3619 0.0461071
18.3642 0.0460937
18.3666 0.045957
18.369 0.0459624
18.3867 0.0477171
18.3891 0.0475024
18.3915 0.0471896
18.4021 0.0480409
18.4051 0.0477858
18.4075 0.0475626
18.4099 0.0472423
18.4123 0.047087
18.4299 0.0487011
18.4323 0.0483635
18.4347 0.047943
18.4449 0.0485752
18.4473 0.0481283
18.4497 0.0476122
18.4521 0.0472857
18.4545 0.047
18.4569 0.046625
18.4745 0.0464219
18.4769 0.0461191
18.4793 0.0459792
18.489 0.0458568
18.4914 0.0456247
18.4938 0.0454216
18.4962 0.0452439
18.4986 0.0450884
18.501 0.0450774
18.5186 0.0449427
18.521 0.0449499
18.5234 0.0448311
18.5331 0.0447272
18.5355 0.0446363
18.5379 0.0448068
18.5403 0.0450809
18.5427 0.0451958
18.5451 0.0454213
18.5615 0.0472437
18.5639 0.0469632
18.5663 0.0467178
18.576 0.0475031
18.5784 0.0471902
18.5808 0.0469164
18.5832 0.0468019
18.5856 0.0465766
18.588 0.0463796
18.6044 0.0479571
18.6068 0.0475875
18.6092 0.047389
18.6189 0.0479654
18.6213 0.0475947
18.6237 0.0472704
18.6261 0.0471116
18.6285 0.0468476
18.6312 0.0467417
18.6336 0.046649
18.6485 0.0463179
18.6509 0.0460281
18.6533 0.0457746
18.663 0.0455528
18.6654 0.0453587
18.6678 0.0451888
18.6703 0.0450402
18.6741 0.0451602
18.7552 0.0451402
18.7576 0.0449977
18.7611 0.044873
18.7635 0.0447638
18.7993 0.0489184
18.8879 0.0483036
18.8903 0.0477656
18.9322 0.0474199
18.9346 0.0469924
18.9764 0.0466184
18.9788 0.0462911
19.0206 0.0460047
19.023 0.0461291
19.0636 0.050988
19.0663 0.0503645
19.1067 0.0544439
19.1095 0.0533884
19.1119 0.0523399
19.1513 0.0514224
19.1537 0.0504946
19.1561 0.0498078
19.1954 0.0490818
19.1978 0.0484466
19.2002 0.0478907
19.2395 0.0474044
19.2419 0.0472289
19.2442 0.0472002
19.2824 0.0515502
19.2848 0.0507314
19.2871 0.05014
19.3253 0.0539975
19.3276 0.0528728
19.33 0.0520137
19.3324 0.051137
19.3693 0.0502449
19.3717 0.0494643
19.3741 0.0487812
19.3765 0.0481836
19.4134 0.0476606
19.4158 0.0472031
19.4182 0.0468027
19.4206 0.0464523
19.4563 0.0506458
19.4599 0.0500651
19.5481 0.0493069
19.5914 0.0537686
19.6343 0.0577975
19.6366 0.0561978
19.6791 0.0547981
19.6815 0.0535733
19.7232 0.0523767
19.7256 0.0513296
19.7672 0.0504134
19.7696 0.0498617
19.8101 0.054254
19.8125 0.0530972
19.853 0.0569601
19.8554 0.0554651
19.8581 0.0542819
19.8971 0.0529967
19.8995 0.0518721
19.9025 0.0508881
19.9412 0.0500271
19.9436 0.0492737
19.9468 0.0486145
19.9857 0.0480377
19.9881 0.047908
19.9904 0.0477945
20.0286 0.0520702
20.0309 0.0511864
20.0333 0.0504131
20.0714 0.0542365
20.0738 0.0530819
20.0762 0.0521967
20.0786 0.0512971
20.1156 0.0503849
20.118 0.0495868
20.1205 0.0488885
20.1229 0.0482774
20.1597 0.0477427
20.1621 0.0473999
20.1646 0.0469749
20.167 0.046853
20.2026 0.0509964
20.2051 0.0503719
20.2075 0.0497004
20.2099 0.0491128
20.2454 0.0528487
20.248 0.0518676
20.2504 0.0510092
20.2528 0.050258
20.2883 0.0538508
20.2907 0.0527444
20.2931 0.0519014
20.2955 0.0510387
20.2979 0.0502839
20.3328 0.0494984
20.3352 0.0489361
20.3376 0.0483191
20.34 0.0477792
20.3757 0.0515568
20.4638 0.0507372
20.4662 0.05002
20.5082 0.0493925
20.5106 0.0487185
20.5523 0.0481287
20.5547 0.0478626
20.5952 0.0525048
20.5976 0.0515667
20.6382 0.0556208
20.6406 0.0542932
20.6429 0.0531316
20.6825 0.0519901
20.6849 0.0509914
20.6872 0.0502424
20.7267 0.0494621
20.7291 0.0489044
20.7713 0.0484163
20.7737 0.0482393
20.8142 0.0528344
20.8166 0.0518551
20.819 0.0512482
20.8575 0.0553422
20.8599 0.0540494
20.8623 0.0530432
20.9004 0.0566628
20.9028 0.055205
20.9052 0.0540543
20.9075 0.0529225
20.9445 0.0518072
20.9468 0.0508313
20.9492 0.0499774
20.9516 0.0492302
20.9885 0.0485765
20.9909 0.0480044
20.9933 0.0475038
20.9957 0.0473159
21.0315 0.0514014
21.0338 0.0506012
21.0362 0.0500261
21.0389 0.0493978
21.0745 0.0530981
21.0769 0.0520858
21.0793 0.0513251
21.0821 0.0506595
21.0845 0.050077
21.1187 0.0493174
21.1215 0.0487777
21.1239 0.0481805
21.1263 0.0476579
21.1287 0.0472007
21.1632 0.0469256
21.1656 0.0465599
21.168 0.0462399
21.1704 0.0459599
21.1728 0.0457149
21.2073 0.0455006
21.2097 0.045563
21.212 0.0457426
21.2144 0.0458998
21.2168 0.0459123
21.2506 0.0499233
21.253 0.0493079
21.2554 0.0488944
21.2578 0.0484076
21.2601 0.0481066
21.2935 0.0517183
21.2959 0.0508785
21.2982 0.0502687
21.3006 0.0496101
21.303 0.0491588
21.3054 0.048639
21.3376 0.0480591
21.3399 0.0475517
21.3423 0.0471078
21.3447 0.0467193
21.3471 0.0463794
21.3495 0.046082
21.3817 0.0458217
21.384 0.045719
21.3864 0.0455041
21.3888 0.0453161
21.3912 0.0455266
21.3936 0.0455858
21.4247 0.0492625
21.4271 0.0488547
21.4295 0.0483729
21.4322 0.0480763
21.4346 0.0478167
21.437 0.0475896
21.4677 0.0508909
21.4701 0.0502796
21.4727 0.0496196
21.4751 0.0491672
21.4775 0.0486463
21.4799 0.0481905
21.4823 0.0477917
21.5119 0.0473177
21.5143 0.046903
21.5168 0.0465401
21.5196 0.0462226
21.522 0.0459448
21.5244 0.0458267
21.5268 0.0455984
21.5566 0.0455236
21.559 0.0453331
21.5613 0.0452915
21.5637 0.04513
21.5661 0.0451138
21.5685 0.0449746
21.5709 0.0448527
21.5996 0.0483711
21.602 0.0479498
21.6044 0.047706
21.6067 0.0473678
21.6091 0.0471968
21.6115 0.0469222
21.6139 0.0466819
21.6425 0.0498467
21.6449 0.0492409
21.6472 0.0488357
21.6496 0.0483563
21.652 0.0480617
21.6544 0.047679
21.6568 0.0473441
21.6857 0.0504261
21.6881 0.0498729
21.6905 0.0493888
21.6929 0.0488402
21.6953 0.0484851
21.6977 0.0480495
21.7001 0.0477933
21.7025 0.0475691
21.7298 0.047123
21.7322 0.0467326
21.7346 0.046391
21.737 0.0460922
21.7394 0.0458306
21.7418 0.0456018
21.7442 0.0454016
21.7466 0.0452264
21.7743 0.0451981
21.7767 0.0450483
21.7791 0.0450423
21.7815 0.045287
21.7839 0.0455011
21.7862 0.0456885
21.7886 0.0458524
21.791 0.0459959
21.8172 0.0491214
21.8196 0.0486062
21.822 0.0481554
21.8244 0.047761
21.8267 0.0474159
21.8291 0.0472389
21.8315 0.046959
21.8339 0.0467142
21.8601 0.0494999
21.8625 0.0489374
21.8649 0.0484452
21.8672 0.0481396
21.8696 0.0477471
21.8724 0.0475287
21.8748 0.0472126
21.8772 0.0470611
21.8796 0.0469284
21.9042 0.0465624
21.9069 0.0462421
21.9093 0.0460868
21.9117 0.045826
21.9141 0.0457227
21.9165 0.0455074
21.9189 0.045319
21.9213 0.0451541
21.9237 0.0450098
21.9486 0.0448836
21.951 0.0448981
21.9534 0.0447859
21.9558 0.0446876
21.9582 0.0446017
21.9606 0.0445265
21.963 0.0447107
21.9654 0.0449968
21.9678 0.0451222
21.9915 0.0479819
21.9939 0.0476092
21.9963 0.0472831
21.9987 0.0469977
22.0011 0.046873
22.0035 0.0466388
22.006 0.046559
22.0088 0.0464891
22.0112 0.046428
22.0344 0.0489995
22.0368 0.0484995
22.0392 0.0481871
22.0416 0.0477887
22.044 0.0474401
22.0467 0.0471351
22.0493 0.0469932
22.0517 0.0467441
22.0541 0.0466511
22.0565 0.0464447
22.0786 0.0461391
22.081 0.0458717
22.0833 0.0456377
22.0857 0.045433
22.0881 0.0453789
22.0908 0.0452065
22.0934 0.0450557
22.0962 0.0450487
22.0986 0.0449177
22.1009 0.0448029
22.1227 0.0447026
22.125 0.0447398
22.1274 0.0446473
22.1298 0.0445664
22.1322 0.0444956
22.1349 0.0444336
22.1379 0.0443794
22.1402 0.044332
22.1426 0.0442905
22.1454 0.0446292
22.1655 0.0471755
22.1683 0.0470286
22.1707 0.046775
22.1731 0.0466781
22.1755 0.0465934
22.1781 0.0465192
22.1807 0.0464543
22.1831 0.0463975
22.1855 0.0462228
22.1887 0.046195
22.2084 0.0482956
22.2112 0.0480086
22.214 0.0476326
22.2164 0.0474285
22.2188 0.0471249
22.2212 0.0469843
22.2236 0.0467363
22.226 0.0466442
22.2284 0.0464387
22.2315 0.0463839
22.2513 0.0484609
22.2541 0.0481533
22.2565 0.0477591
22.2589 0.0474142
22.2613 0.0471124
22.2637 0.0468484
22.2661 0.0466173
22.2685 0.0464152
22.2709 0.0461133
22.2732 0.0459741
22.2756 0.0457274
22.2954 0.0455114
22.2982 0.0453225
22.3006 0.0451572
22.303 0.0450125
22.3054 0.044886
22.3079 0.0447752
22.3103 0.0446783
22.3127 0.0445935
22.3151 0.0446443
22.3175 0.0445638
22.3199 0.0444933
22.3395 0.0444317
22.3423 0.0443777
22.3447 0.0445805
22.3471 0.0448829
22.3495 0.0451476
22.3519 0.0452541
22.3542 0.0454723
22.3566 0.0455383
22.359 0.045721
22.3614 0.0457559
22.3638 0.0457864
22.3824 0.0479381
22.3852 0.0476958
22.3876 0.0473589
22.39 0.047064
22.3924 0.046806
22.3947 0.0465802
22.3971 0.0465077
22.3995 0.0463193
22.4019 0.0461543
22.4043 0.0460101
22.4067 0.0458838
22.4253 0.0478983
22.4285 0.047661
22.4308 0.0473284
22.4332 0.0471623
22.4356 0.0470171
22.438 0.0468899
22.4404 0.0467787
22.4428 0.0465563
22.4452 0.0464868
22.4476 0.046426
22.45 0.0462477
22.4524 0.0462167
22.4694 0.0459397
22.4725 0.0456972
22.4753 0.04561
22.4777 0.0454088
22.4801 0.0453577
22.4825 0.045188
22.4848 0.0450395
22.4872 0.0450345
22.4896 0.0449052
22.492 0.0449171
22.4944 0.0449274
22.4968 0.0448115
22.5135 0.0447101
22.5166 0.0446213
22.5194 0.0445436
22.5218 0.0444757
22.5241 0.0444162
22.5265 0.0443642
22.5291 0.0446937
22.5315 0.044982
22.5338 0.0451092
22.5362 0.0453456
22.5386 0.0454274
22.541 0.0456239
22.5563 0.047421
22.5595 0.0472433
22.5623 0.0470879
22.565 0.0469519
22.5674 0.0468329
22.5698 0.0466038
22.5722 0.0465283
22.5746 0.0463373
22.577 0.0461701
22.5794 0.0461489
22.5818 0.0460053
22.5842 0.0460046
22.5992 0.047504
22.6024 0.047316
22.6051 0.0471515
22.6079 0.0468826
22.6103 0.0466473
22.6127 0.0464413
22.6151 0.0463862
22.6175 0.0462129
22.6199 0.0460613
22.6223 0.0460536
22.6247 0.0459219
22.627 0.0459317
22.6294 0.0458152
22.6433 0.0455883
22.6468 0.0453898
22.6494 0.0452161
22.652 0.045189
22.6544 0.0450404
22.6568 0.0449104
22.6592 0.0447966
22.6616 0.044697
22.6643 0.0447349
22.6667 0.044643
22.6691 0.0446876
22.6715 0.0446017
22.6739 0.0445265
22.6874 0.0444607
22.6909 0.0444031
22.6934 0.0443527
22.6961 0.0443086
22.6985 0.04427
22.7009 0.0442363
22.7033 0.0442067
22.7057 0.0441809
22.7084 0.0441583
22.7108 0.0443885
22.7132 0.0447149
22.7156 0.0448756
22.718 0.0450161
22.7303 0.0465141
22.7338 0.0464498
22.7363 0.0463936
22.739 0.0462194
22.7414 0.046067
22.7438 0.0459336
22.7461 0.0459419
22.7485 0.0458242
22.7513 0.0458461
22.7537 0.0457404
22.7561 0.0457728
22.7585 0.0456762
22.7609 0.0455917
22.7732 0.0468927
22.7767 0.0467811
22.7792 0.0466835
22.7823 0.0465981
22.7846 0.0465233
22.787 0.0464579
22.7894 0.0464007
22.7918 0.0462256
22.7942 0.0461974
22.7966 0.0460477
22.799 0.0459167
22.8014 0.0458021
22.8038 0.0457019
22.8062 0.0457391
22.8173 0.0455217
22.8207 0.0453315
22.8235 0.0451651
22.8263 0.0450195
22.8287 0.044892
22.8315 0.0447805
22.8338 0.044683
22.8362 0.0447226
22.8386 0.0446323
22.8411 0.0446782
22.8435 0.0447184
22.8458 0.0446286
22.8482 0.0446751
22.8506 0.0445907
22.8616 0.0445168
22.8652 0.0445772
22.8677 0.0445051
22.8704 0.0444419
22.8728 0.0443867
22.8755 0.0443384
22.8779 0.0442961
22.8803 0.0442591
22.8828 0.0442267
22.8851 0.0441983
22.8876 0.0441735
22.89 0.0442769
22.8924 0.0442422
22.8948 0.044462
22.9045 0.0456542
22.9081 0.0458224
22.9106 0.0457196
22.9133 0.0457547
22.9157 0.0456603
22.9184 0.0457028
22.9208 0.045615
22.9232 0.0456631
22.9256 0.0455802
22.928 0.0456327
22.9305 0.0455536
22.9329 0.0454844
22.9353 0.0454238
22.9377 0.0453709
22.9477 0.0463245
22.9513 0.0464089
22.9537 0.0462328
22.9562 0.0462037
22.9586 0.0460533
22.9617 0.0460466
22.9641 0.0460408
22.9665 0.0460357
22.9689 0.0459062
22.9713 0.0459179
22.9736 0.0458032
22.976 0.0458278
22.9784 0.0458493
22.9808 0.0457432
22.9906 0.0466503
22.993 0.046444
22.9954 0.0461385
22.9978 0.0458712
23.0007 0.0456373
23.0031 0.0455576
23.0059 0.0453629
23.0083 0.0451925
23.0107 0.0450435
23.0131 0.045038
23.0155 0.0449083
23.0179 0.0447948
23.0203 0.0446954
23.0227 0.0446085
23.0251 0.0446574
23.0347 0.0445752
23.0371 0.0446283
23.0395 0.0445498
23.0419 0.0444811
23.0448 0.0444209
23.0472 0.0443683
23.0502 0.0444473
23.0526 0.0443914
23.055 0.0443424
23.0574 0.0442996
23.0598 0.0442622
23.0622 0.0443544
23.0645 0.0443101
23.0669 0.0442713
23.0693 0.0442374
23.0788 0.0442077
23.0812 0.0441818
23.0837 0.0444091
23.0861 0.0447329
23.0885 0.0450163
23.0909 0.0451393
23.0932 0.0452469
23.0956 0.045216
23.098 0.045314
23.1004 0.0453998
23.1028 0.0453498
23.1052 0.0454311
23.1076 0.0453772
23.11 0.045455
23.1124 0.0455231
23.1217 0.0463328
23.124 0.0462912
23.1266 0.0461298
23.129 0.0459885
23.1314 0.045865
23.1337 0.0457569
23.1365 0.0457872
23.1391 0.0458138
23.1415 0.0458371
23.1439 0.0457325
23.1463 0.0457659
23.1487 0.0457952
23.1511 0.0458208
23.1535 0.0458432
23.1559 0.0457378
23.1645 0.0465206
23.1669 0.0463305
23.1695 0.0461642
23.1719 0.0460187
23.1742 0.0460163
23.1768 0.0458893
23.1792 0.0459031
23.1816 0.0457902
23.184 0.0455665
23.1864 0.0454956
23.1888 0.0454337
23.1912 0.0453795
23.1937 0.045332
23.1961 0.0452905
23.1985 0.0452542
23.2009 0.0452224
23.2086 0.0450696
23.211 0.0450609
23.2135 0.0449283
23.2159 0.0448123
23.2183 0.0447107
23.2209 0.0446219
23.2233 0.0445442
23.2257 0.0444761
23.2281 0.0445416
23.2305 0.0444739
23.2329 0.0444147
23.2352 0.0443628
23.2378 0.0443175
23.2402 0.0442778
23.2426 0.0442431
23.245 0.0442127
23.2527 0.0441861
23.2551 0.0441628
23.2576 0.0441425
23.2601 0.0442497
23.2625 0.0442185
23.2649 0.0441912
23.2673 0.0445423
23.2697 0.0447245
23.2721 0.0450089
23.2745 0.0451328
23.2769 0.0452412
23.2793 0.0454611
23.2817 0.0455284
23.2841 0.0457124
23.2864 0.0457483
23.2888 0.0457798
23.296 0.0464323
23.2984 0.0463783
23.3008 0.046206
23.3032 0.0461802
23.3055 0.0460327
23.3082 0.0460286
23.3106 0.046025
23.313 0.0458969
23.3154 0.0459098
23.3178 0.0457961
23.3202 0.0458216
23.3226 0.0458439
23.3249 0.0457384
23.3273 0.0457711
23.3297 0.0456747
23.3321 0.0457154
23.3392 0.0463759
23.3416 0.0463289
23.344 0.0461628
23.3464 0.0461425
23.3488 0.0459997
23.3512 0.0459997
23.3536 0.0458747
23.3559 0.0457654
23.3583 0.0457947
23.3607 0.0456954
23.3631 0.0457335
23.3655 0.0456418
23.3679 0.0455616
23.3703 0.0456164
23.3729 0.0455393
23.3753 0.0455969
23.3777 0.0455223
23.384 0.045332
23.3864 0.0452905
23.3887 0.0452542
23.3911 0.0452224
23.3935 0.0451946
23.3959 0.0450453
23.3983 0.0450396
23.4007 0.0450347
23.4031 0.0450303
23.4055 0.0450265
23.4079 0.0448982
23.4103 0.0449109
23.4127 0.0449221
23.415 0.0449318
23.4174 0.0449403
23.4198 0.0448228
23.4222 0.0448449
23.4284 0.0448643
23.4308 0.0447563
23.4332 0.0447868
23.4356 0.0446884
23.4379 0.0446024
23.4403 0.0446521
23.4427 0.0445706
23.4451 0.0446242
23.4475 0.0445462
23.4499 0.0444779
23.4523 0.0447932
23.4547 0.045069
23.4571 0.0453104
23.4595 0.0455216
23.4619 0.0455814
23.4643 0.0457587
23.4667 0.0459139
23.4716 0.0462997
23.474 0.0461372
23.4764 0.04612
23.4788 0.04598
23.4811 0.0459825
23.4835 0.0459847
23.486 0.0458616
23.4884 0.0458789
23.4908 0.0457691
23.4931 0.0457979
23.4955 0.0458232
23.4979 0.0457203
23.5003 0.0457552
23.5027 0.0456608
23.5051 0.0457032
23.5075 0.0457403
23.5099 0.0456478
23.5145 0.0459418
23.5169 0.0458241
23.5193 0.0458461
23.5216 0.0457403
23.524 0.0457728
23.5264 0.0456762
23.5289 0.0455917
23.5313 0.0456427
23.5336 0.0455624
23.536 0.0456171
23.5384 0.0455399
23.5408 0.0454724
23.5432 0.0455384
23.5456 0.0454711
23.548 0.0454122
23.5504 0.0453607
23.5528 0.0453156
23.5552 0.0454011
23.5586 0.045226
23.5609 0.0450727
23.5633 0.0449387
23.5657 0.0448213
23.5681 0.0447187
23.5705 0.0446288
23.5733 0.0446752
23.5757 0.0445908
23.5781 0.044642
23.5805 0.0445617
23.5829 0.0444915
23.5853 0.0445551
23.5877 0.0444857
23.5901 0.04455
23.5925 0.0446062
23.5948 0.0445304
23.5972 0.0445891
23.5996 0.0445155
23.6026 0.0444511
23.605 0.0445197
23.6074 0.0444547
23.6098 0.0443979
23.6122 0.0443481
23.6146 0.0443046
23.6174 0.0442665
23.6198 0.0442332
23.6222 0.0442041
23.6246 0.0441786
23.627 0.0441562
23.6294 0.0441367
23.6318 0.0441196
23.6341 0.0441047
23.6365 0.0443416
23.6389 0.0445489
23.6413 0.0448553
23.6437 0.0449984
23.6461 0.0452486
23.6485 0.0453425
23.6511 0.0454247
23.6535 0.0454966
23.6559 0.0455595
23.6587 0.0456146
23.6611 0.0457878
23.6635 0.0458143
23.6658 0.0458375
23.6682 0.0458578
23.6706 0.0458756
23.673 0.0460161
23.6754 0.0460141
23.6778 0.0460124
23.6802 0.0460108
23.6826 0.0460095
23.685 0.0460083
23.6874 0.0460072
23.6898 0.0460063
23.6921 0.0460055
23.6945 0.0460048
23.6969 0.0458792
23.7019 0.0458943
23.7043 0.0459075
23.7067 0.0457941
23.7091 0.0458198
23.7115 0.0458424
23.7139 0.0457371
23.7163 0.0457699
23.7187 0.0456737
23.7211 0.0457145
23.7235 0.0457502
23.7259 0.0456564
23.7282 0.0456993
23.7306 0.0457369
23.733 0.0457698
23.7354 0.0457986
23.7378 0.0456988
23.7402 0.0457364
23.7426 0.0457694
23.746 0.0456732
23.7484 0.045839
23.7508 0.0458592
23.7532 0.0460018
23.7556 0.0460015
23.758 0.0460014
23.7604 0.0461262
23.7628 0.0461104
23.7675 0.0460966
23.7703 0.0462095
23.7727 0.0463083
23.7753 0.0463948
23.7777 0.0464704
23.7801 0.0465366
23.7825 0.0465946
23.7849 0.0466452
23.7873 0.0466896
23.7897 0.0467284
23.792 0.0466373
23.7944 0.0465577
23.7968 0.046488
23.7992 0.046427
23.8016 0.0463736
23.804 0.0463269
23.8064 0.046286
23.8088 0.0462503
23.8118 0.045969
23.8142 0.0460979
23.8166 0.0460856
23.819 0.0460749
23.8214 0.0460656
23.8242 0.0461824
23.8266 0.0461596
23.8289 0.0461396
23.8313 0.0464972
23.8337 0.04681
23.8361 0.0470838
23.8385 0.0473233
23.8409 0.0474079
23.8439 0.0476069
23.9158 0.047156
23.9182 0.0468865
23.9206 0.0465257
23.923 0.04621
23.9254 0.0460587
23.9278 0.0458014
23.9302 0.0457012
23.9325 0.0454886
23.9349 0.0453025
23.9599 0.0451397
23.9625 0.0449972
23.9649 0.0448726
23.9677 0.0448885
23.9701 0.0449024
23.9725 0.0449146
23.9749 0.0448003
23.9773 0.0448253
23.9797 0.0448471
24.004 0.0447412
24.0066 0.0450236
24.009 0.0452706
24.0114 0.0454868
24.0138 0.0455509
24.0162 0.0456071
24.0186 0.0456562
24.021 0.0456992
24.0233 0.0457368
24.0469 0.0483947
24.051 0.0483453
24.1108 0.0478022
24.1341 0.0474519
24.1384 0.0470204
24.1408 0.0466429
24.1549 0.0463125
24.1786 0.0460234
24.1825 0.0457705
24.1849 0.0455492
24.199 0.0454805
24.2214 0.0481705
24.2254 0.0480242
24.2278 0.0476461
24.2419 0.0488154
24.2643 0.0508385
24.2683 0.0503586
24.2707 0.0496888
24.2852 0.0507277
24.3072 0.0526367
24.3096 0.0516822
24.3124 0.0507219
24.3147 0.0498816
24.3294 0.0491464
24.3513 0.0485031
24.3537 0.0479402
24.3564 0.0474477
24.3588 0.0470167
24.3735 0.0466397
24.3954 0.0463097
24.3978 0.046021
24.4005 0.0457684
24.403 0.0459223
24.4164 0.047432
24.4383 0.049628
24.4407 0.0490495
24.4434 0.0486683
24.4462 0.0483348
24.4596 0.0492929
24.4814 0.0512563
24.4839 0.0504743
24.4863 0.049915
24.4892 0.0494256
24.492 0.0488724
24.5037 0.0482634
24.5258 0.0477304
24.5282 0.0473891
24.5308 0.0469655
24.5333 0.0465948
24.5362 0.0463955
24.5482 0.046221
24.57 0.0460684
24.5728 0.0458098
24.5752 0.0457086
24.5776 0.045495
24.5803 0.0453082
24.5923 0.0451446
24.6133 0.0476266
24.6157 0.0472982
24.6181 0.047136
24.6205 0.046869
24.6232 0.0467603
24.6351 0.0477903
24.6562 0.0498165
24.6586 0.0492144
24.661 0.0488126
24.6634 0.0483361
24.6661 0.0480441
24.678 0.0489135
24.6994 0.0507994
24.7018 0.0500744
24.7042 0.0495651
24.7066 0.0489945
24.709 0.0484952
24.7114 0.0480583
24.7221 0.047551
24.7435 0.0471071
24.7459 0.0467187
24.7483 0.0463789
24.7507 0.0460815
24.7531 0.0459463
24.7555 0.045703
24.7666 0.0454902
24.7879 0.0453039
24.7903 0.0452659
24.7927 0.0451077
24.7951 0.0453442
24.7975 0.0455512
24.7999 0.0456073
24.8095 0.0466564
24.831 0.0488243
24.8333 0.0484713
24.8357 0.0480374
24.8384 0.0477827
24.8407 0.0474349
24.8431 0.0472555
24.8524 0.0479736
24.8738 0.0499769
24.877 0.0496048
24.8794 0.0491542
24.8818 0.0487599
24.8842 0.0484149
24.8866 0.048113
24.889 0.0477239
24.8964 0.0472584
24.9183 0.0469761
24.9211 0.0466041
24.9235 0.0462786
24.9259 0.0459938
24.9283 0.0457445
24.931 0.0456515
24.9334 0.04557
24.9406 0.0453738
24.9631 0.0453271
24.9655 0.0451612
24.9679 0.045016
24.9703 0.045014
24.9727 0.0448873
24.9751 0.0447764
24.9775 0.0449293
24.9835 0.0455632
25.0064 0.0481178
25.0088 0.047728
25.0112 0.047512
25.0136 0.047323
25.0159 0.0470326
25.0185 0.0469036
25.0209 0.0466656
25.0269 0.0469574
25.0493 0.0493377
25.0517 0.0487955
25.0544 0.0484461
25.0568 0.0480153
25.0592 0.0477634
25.0616 0.047543
25.064 0.0472251
25.0698 0.047447
25.0722 0.0472661
25.0939 0.0468578
25.0963 0.0466256
25.0987 0.0462974
25.101 0.0461352
25.1034 0.0458683
25.1058 0.0456348
25.1082 0.0455554
25.1139 0.045361
25.1163 0.0451909
25.1382 0.045167
25.1406 0.0450211
25.143 0.0450185
25.1454 0.0448912
25.1478 0.0447798
25.1502 0.0448073
25.1526 0.0447064
25.158 0.0447431
25.1604 0.0446502
25.1811 0.0471939
25.1835 0.0469197
25.1859 0.0466797
25.1883 0.0464698
25.1907 0.046286
25.1931 0.0462503
25.1955 0.046094
25.201 0.0464572
25.2034 0.0462751
25.224 0.0484907
25.2264 0.0480544
25.2288 0.0476726
25.2312 0.0474635
25.2336 0.0471556
25.236 0.0468861
25.2383 0.0466504
25.2441 0.0469441
25.2465 0.046701
25.2669 0.0487384
25.2693 0.0482711
25.2717 0.0478622
25.2741 0.0476294
25.2765 0.0473008
25.2788 0.0470132
25.2812 0.0468865
25.2839 0.0466507
25.2887 0.0463194
25.2911 0.0461544
25.311 0.0460101
25.3134 0.0457589
25.3158 0.045539
25.3182 0.0453466
25.3206 0.0451783
25.323 0.045031
25.3256 0.0449021
25.328 0.0447894
25.3328 0.0446907
25.3352 0.0446044
25.3552 0.0445288
25.3576 0.0444627
25.36 0.0445299
25.3624 0.0448386
25.3648 0.0449838
25.3696 0.0452358
25.372 0.0453314
25.3761 0.0457899
25.3784 0.0458162
25.3983 0.0479642
25.4006 0.0475936
25.4034 0.0473944
25.4058 0.0470951
25.4082 0.0469582
25.413 0.0470885
25.4154 0.0469524
25.4178 0.0470834
25.4202 0.0473229
25.4226 0.0471576
25.4413 0.0491379
25.4439 0.0486206
25.4463 0.0482931
25.4487 0.0478814
25.4511 0.0476462
25.4559 0.0475655
25.4583 0.0473698
25.4607 0.0470736
25.4631 0.0469394
25.4654 0.0466969
25.4678 0.0464848
25.4855 0.0461742
25.488 0.0460274
25.4908 0.045774
25.4932 0.0456773
25.4956 0.0454676
25.5004 0.0454092
25.5027 0.045233
25.5051 0.0452039
25.5075 0.0450534
25.5099 0.0449217
25.5123 0.0449315
25.5297 0.0448151
25.5325 0.0447132
25.5349 0.044624
25.5373 0.044546
25.5397 0.0444778
25.5444 0.0444181
25.5468 0.0443658
25.5492 0.0443201
25.5516 0.0445301
25.554 0.0447138
25.5564 0.0449996
25.5732 0.0469996
25.5755 0.0468747
25.5779 0.0466403
25.5803 0.0465603
25.5827 0.0463653
25.5873 0.0465696
25.5897 0.0463734
25.5921 0.0463267
25.5945 0.0461609
25.5969 0.0460158
25.5993 0.0460138
25.616 0.0477621
25.6184 0.0474168
25.6208 0.0471147
25.6232 0.0469754
25.6256 0.0467285
25.6302 0.0468874
25.6326 0.0466515
25.635 0.046445
25.6374 0.0462644
25.6399 0.0461064
25.6424 0.0460931
25.6448 0.0459564
25.6605 0.0457119
25.7269 0.0454979
25.7294 0.0453107
25.7318 0.0451468
25.7476 0.0450035
25.7501 0.045003
25.7698 0.0470027
25.7723 0.0468773
25.7747 0.0466427
25.7905 0.0481873
25.793 0.0477889
25.8127 0.0495653
25.8152 0.0491196
25.8176 0.0486047
25.8334 0.0499041
25.8359 0.0492911
25.8556 0.0510047
25.8581 0.0503791
25.8605 0.0497067
25.8629 0.0491184
25.8775 0.0484786
25.8803 0.0480438
25.8997 0.0475383
25.9022 0.047096
25.9046 0.046709
25.907 0.0463704
25.922 0.0460741
25.9244 0.0458148
25.9438 0.045588
25.9463 0.0453895
25.9486 0.0452158
25.951 0.0451888
25.9648 0.0467902
25.9673 0.0466914
25.9867 0.048605
25.9891 0.0482794
25.9915 0.0478695
25.9939 0.0475108
26.0077 0.0485719
26.0102 0.0482504
26.0296 0.0499691
26.032 0.049473
26.0344 0.0489139
26.037 0.0485496
26.0506 0.0496059
26.053 0.0491552
26.0554 0.0486358
26.0736 0.0480563
26.0761 0.0475493
26.0785 0.0471056
26.0811 0.0467174
26.0947 0.0463777
26.0971 0.0460805
26.0995 0.0458205
26.1178 0.0455929
26.1202 0.0453938
26.1226 0.0452196
26.1252 0.0450671
26.1388 0.0449337
26.1412 0.044817
26.1436 0.0447149
26.1607 0.0467505
26.1631 0.0466567
26.1655 0.0464496
26.1681 0.0463934
26.1817 0.0475942
26.1841 0.047395
26.1865 0.0470956
26.2036 0.0487086
26.206 0.0482451
26.2084 0.0478394
26.211 0.0476095
26.2246 0.0486583
26.227 0.048201
26.2293 0.0478009
26.2465 0.0493258
26.2489 0.0487851
26.2513 0.0484369
26.2537 0.0480073
26.2561 0.0476314
26.2687 0.0471775
26.271 0.0469053
26.2734 0.0465421
26.2906 0.0462244
26.2929 0.0459463
26.2954 0.045703
26.2978 0.0454901
26.3002 0.0453039
26.3131 0.0452659
26.3155 0.0451077
26.3179 0.0449692
26.3346 0.044848
26.337 0.044867
26.3395 0.0447587
26.3419 0.0449138
26.3443 0.0451746
26.3564 0.0465278
26.3588 0.0463368
26.3612 0.0462947
26.3779 0.0480079
26.3803 0.0477569
26.3827 0.0474123
26.3851 0.0472357
26.3875 0.0470813
26.3997 0.0480711
26.4021 0.0478122
26.4045 0.0475857
26.4208 0.0490125
26.4232 0.0486359
26.4256 0.0481814
26.428 0.0477838
26.4304 0.0474358
26.4327 0.0471313
26.4438 0.0467399
26.4462 0.0463974
26.4485 0.0460977
26.4649 0.0458355
26.4676 0.0456061
26.47 0.0454053
26.4728 0.0453547
26.4752 0.0453103
26.4775 0.0452715
26.4878 0.0451126
26.4902 0.0449735
26.4926 0.0448518
26.509 0.0447453
26.5117 0.0446522
26.5141 0.0446957
26.5168 0.0446087
26.5192 0.0445326
26.5216 0.044466
26.5311 0.0456578
26.5335 0.0457006
26.5359 0.045613
26.5522 0.0474114
26.5546 0.0472349
26.557 0.0470806
26.5597 0.0468205
26.5621 0.0467179
26.5645 0.0465032
26.574 0.0473153
26.5767 0.0470259
26.5791 0.0468976
26.5955 0.0485354
26.5979 0.0480935
26.6003 0.0478318
26.6027 0.0474778
26.6051 0.0472931
26.6074 0.0470065
26.6169 0.0476307
26.6193 0.0473018
26.6217 0.0470141
26.6241 0.0467623
26.6396 0.046417
26.642 0.0461149
26.6444 0.0458505
26.6471 0.0457442
26.6495 0.0455262
26.6519 0.0453354
26.6636 0.0451685
26.666 0.0450224
26.6688 0.0448946
26.6837 0.0447828
26.6861 0.04481
26.6884 0.0447087
26.6915 0.0446201
26.6939 0.0445426
26.6962 0.0445998
26.7077 0.0445248
26.7101 0.0448342
26.7124 0.0451049
26.7153 0.0453418
26.7266 0.0469241
26.7289 0.0466836
26.7313 0.0464731
26.7344 0.046414
26.7367 0.0462372
26.7391 0.0462076
26.7505 0.0471816
26.7529 0.0469089
26.7554 0.0466703
26.7582 0.0465865
26.7694 0.0475132
26.7718 0.0471991
26.7742 0.0470492
26.778 0.046918
26.7804 0.0468033
26.7828 0.0467029
26.7938 0.047615
26.7962 0.0474131
26.7986 0.0472365
26.8011 0.0470819
26.8127 0.0479467
26.8151 0.0477033
26.8175 0.0474904
26.8199 0.0471791
26.8223 0.0469067
26.8247 0.0465434
26.8271 0.0463505
26.8379 0.0460567
26.8403 0.0457996
26.8427 0.0455746
26.8452 0.0453778
26.857 0.0452056
26.8593 0.0450549
26.931 0.045048
26.9427 0.046042
26.9451 0.0457868
26.9478 0.0455634
26.9503 0.045368
26.9751 0.045197
26.9868 0.0450474
26.9892 0.0449164
26.9918 0.0448019
26.9944 0.0447017
27.0192 0.0446139
27.0313 0.0446622
27.0337 0.0445794
27.0363 0.044632
27.0387 0.044553
27.0633 0.0444839
27.0745 0.0457984
27.0769 0.0456986
27.0793 0.0457363
27.0817 0.0456442
27.1062 0.0484387
27.1174 0.0491339
27.1198 0.0486171
27.1225 0.04829
27.1249 0.0478787
27.1494 0.0503939
27.1603 0.0508447
27.1627 0.0501141
27.1651 0.0495998
27.1675 0.0490248
27.1699 0.0485217
27.1938 0.0479565
27.2044 0.047462
27.2068 0.0470292
27.2093 0.0466506
27.2117 0.0463192
27.2141 0.0461543
27.2379 0.045885
27.2489 0.0456494
27.2512 0.0455682
27.254 0.0453722
27.2564 0.0455757
27.2588 0.0457537
27.2809 0.0482845
27.2921 0.0491239
27.2945 0.0487334
27.2969 0.0482668
27.2993 0.0479834
27.3017 0.0476105
27.3238 0.0497842
27.335 0.0503112
27.3374 0.0496473
27.3401 0.0491914
27.3425 0.0487924
27.3449 0.0483184
27.3473 0.0480286
27.3678 0.047525
27.379 0.0472094
27.3814 0.0468082
27.3846 0.0464572
27.387 0.046275
27.473 0.0461157
27.4758 0.0458512
27.4782 0.0456198
27.5174 0.0454173
27.5199 0.0452402
27.5223 0.0450851
27.5615 0.0449495
27.564 0.0448308
27.5667 0.044727
27.6056 0.0446361
27.6081 0.0449316
27.6105 0.0451901
27.6485 0.0497914
27.651 0.0491924
27.6537 0.0486684
27.6914 0.0527098
27.6939 0.0517461
27.6962 0.0510278
27.6986 0.0502744
27.7355 0.0494901
27.7379 0.0488038
27.7403 0.0482033
27.7427 0.0476779
27.7796 0.0472182
27.7824 0.0469409
27.7848 0.0465733
27.7872 0.0463766
27.8229 0.0505795
27.8253 0.0500071
27.8277 0.0493812
27.8301 0.0489586
27.8658 0.0525887
27.8682 0.0517652
27.8706 0.0509195
27.873 0.0501796
27.9089 0.0536571
27.9113 0.0527
27.9137 0.0517375
27.916 0.0510203
27.9184 0.0503928
27.953 0.0495937
27.9553 0.0488945
27.9577 0.0482826
27.9603 0.0477473
27.9626 0.0472789
27.9971 0.046994
27.9995 0.0466198
28.0019 0.0462923
28.0043 0.0463808
28.0067 0.0463332
28.04 0.0501665
28.0425 0.0495207
28.0449 0.0489556
28.0473 0.0485862
28.0497 0.0481379
28.0829 0.0516207
28.0854 0.0509181
28.0878 0.0501783
28.0902 0.049656
28.0926 0.049074
28.095 0.0485648
28.127 0.0479942
28.1298 0.0474949
28.1322 0.047183
28.1346 0.0467852
28.137 0.046562
28.1394 0.0463668
28.1712 0.0461959
28.1739 0.0459214
28.1764 0.0456812
28.1788 0.0454711
28.1812 0.0452872
28.1836 0.0451263
28.2142 0.0488605
28.2171 0.0485029
28.2195 0.0481901
28.2219 0.0477913
28.2243 0.0475674
28.2267 0.0472465
28.2573 0.0505907
28.26 0.0500168
28.2624 0.0493897
28.2649 0.048841
28.2673 0.0484859
28.2697 0.0480501
28.3003 0.0512939
28.3027 0.0505071
28.3051 0.0498188
28.3075 0.0492164
28.3099 0.0486894
28.3123 0.0482282
28.3149 0.0478247
28.3445 0.0473466
28.3469 0.0469283
28.3493 0.0465622
28.3517 0.0462419
28.3541 0.0460867
28.3565 0.0458259
28.3591 0.0457226
28.389 0.0455073
28.3914 0.0454439
28.3937 0.0452634
28.3961 0.0454805
28.3985 0.0456704
28.4009 0.0457116
28.4033 0.0458727
28.4324 0.0492636
28.4348 0.0488556
28.4371 0.0484987
28.4395 0.0481863
28.4419 0.047788
28.4443 0.0475645
28.4467 0.047369
28.4753 0.0504479
28.4776 0.0497669
28.48 0.049296
28.4824 0.048759
28.4848 0.0482891
28.4872 0.048003
28.4896 0.0476276
28.492 0.0472992
28.5197 0.0468868
28.5221 0.0466509
28.5245 0.0463196
28.5269 0.0460296
28.5293 0.0459009
28.5317 0.0456633
28.5341 0.0455804
28.5365 0.0455078
28.5638 0.0453194
28.5662 0.0451544
28.5686 0.0450101
28.571 0.0448839
28.5734 0.0447734
28.5758 0.0446767
28.5783 0.0449671
28.5807 0.0450962
28.6067 0.0482092
28.6091 0.047933
28.6115 0.0475664
28.6139 0.0472456
28.6163 0.0470899
28.6186 0.0468287
28.6212 0.0467251
28.6236 0.0465095
28.6496 0.0493208
28.652 0.0487807
28.6544 0.0483081
28.6568 0.0478946
28.6591 0.0476578
28.6615 0.0473255
28.6641 0.0471598
28.6665 0.0468899
28.6689 0.0466536
28.6937 0.0463219
28.6961 0.0461567
28.6988 0.0458871
28.7012 0.0457762
28.7036 0.0455542
28.706 0.0454849
28.7086 0.0452993
28.7109 0.0451369
28.7133 0.0451198
28.7378 0.0449798
28.7401 0.0448573
28.7432 0.0448752
28.7457 0.0447658
28.7481 0.044795
28.7505 0.0446957
28.7529 0.0446087
28.7553 0.0446576
28.7577 0.0445754
28.781 0.0473785
28.7834 0.0472062
28.7863 0.0470554
28.7903 0.0470485
28.871 0.0466674
28.8737 0.046334
28.8781 0.0461672
28.8805 0.0460213
28.9152 0.0458937
28.9178 0.045657
28.9224 0.0454498
28.9247 0.0452686
28.9594 0.04511
28.9618 0.0452213
28.9654 0.0455686
28.9678 0.0454975
29.0023 0.0495603
29.0047 0.0489903
29.0083 0.0487415
29.0107 0.0482738
29.0452 0.0519896
29.0476 0.0511159
29.05 0.0503514
29.0524 0.0495575
29.0547 0.0488628
29.0893 0.0482549
29.0917 0.0477231
29.0945 0.0473827
29.183 0.0470849
29.1854 0.0468242
29.2271 0.0464712
29.2295 0.0461623
29.2712 0.045892
29.2736 0.0456555
29.3153 0.0454486
29.3177 0.0455175
29.3582 0.0504528
29.3605 0.0497712
29.401 0.0540498
29.4034 0.0529186
29.4058 0.0519288
29.4455 0.0509377
29.4479 0.0500705
29.4502 0.0494366
29.4896 0.0487571
29.4919 0.0481624
29.4943 0.0476421
29.534 0.0473119
29.5364 0.0472729
29.5388 0.0472388
29.5769 0.0515839
29.5793 0.0507609
29.5817 0.0500408
29.6201 0.0540357
29.6225 0.0530312
29.6249 0.0520273
29.6273 0.0512739
29.6644 0.0503647
29.6667 0.0495691
29.6691 0.048998
29.6715 0.0483732
29.7084 0.0478266
29.7108 0.0473482
29.7132 0.0469297
29.7156 0.0465635
29.7517 0.0507431
29.754 0.0501502
29.7564 0.0496314
29.7588 0.0490525
29.7945 0.0527959
29.7969 0.0518214
29.7993 0.0509687
29.8017 0.0502227
29.8378 0.0538198
29.8402 0.0528423
29.8426 0.0519871
29.8449 0.0511137
29.8473 0.0504745
29.8831 0.0499152
29.9708 0.0491758
29.9732 0.0485288
30.0152 0.0480877
30.0176 0.0475767
30.0593 0.0471296
30.0617 0.0467384
