0.142217 1
0.142217 1441
0.187149 2881
0.187149 4321
0.233234 5761
0.233234 7201
0.233234 8641
0.279319 10081
0.279319 11521
0.279319 12961
0.324209 14401
0.324209 15841
0.324209 17281
0.326599 18721
0.326599 20161
0.326599 21601
0.370293 23041
0.370293 24481
0.370293 25921
0.372684 27361
0.372684 28801
0.372684 30241
0.375074 31681
0.375074 33121
0.375074 34561
0.416378 36001
0.416378 37441
0.416378 38881
0.418769 40321
0.418769 41761
0.418769 43201
0.421159 44641
0.421159 46081
0.421159 47521
0.423549 48961
0.423549 50401
0.423549 51841
0.463115 53281
0.463115 54721
0.463115 56161
0.46431 57601
0.465505 34561
0.475067 57601
0.475067 59041
0.508532 60481
0.509727 61921
0.510923 63361
0.512118 64801
0.513298 66241
0.553935 67681
0.553935 69121
0.556325 70561
0.556325 72001
0.558716 73441
0.558716 74881
0.600548 76321
0.600548 77761
0.602938 79201
0.602938 80641
0.605328 82081
0.605328 83521
0.64716 84961
0.64716 86401
0.64716 87841
0.649551 89281
0.649551 90721
0.651941 92161
0.651941 93601
0.693773 95041
0.693773 96481
0.696163 97921
0.696163 99361
0.698554 100801
0.698554 102241
0.739191 103681
0.739191 105121
0.741581 106561
0.741581 108001
0.741581 109441
0.743971 110881
0.743971 112321
0.784225 113761
0.78542 115201
0.787825 100801
0.829144 105121
0.829144 106561
0.830339 115201
0.830339 116641
0.83273 105121
0.83273 116641
0.83273 118081
0.874034 119521
0.877619 120961
0.919267 122401
0.919267 123841
0.964157 125281
0.964157 126721
1.00905 128161
1.00905 129601
1.00905 131041
1.05432 132481
1.05432 133921
1.05672 135361
1.05672 136801
1.10041 138241
1.10041 139681
1.1028 141121
1.1028 142561
1.1028 144001
1.14675 145441
1.14675 146881
1.14914 148321
1.14914 149761
1.19177 151201
1.19177 152641
1.19416 154081
1.19416 155521
1.23666 156961
1.23666 158401
1.23905 159841
1.23905 161281
1.23905 162721
1.28189 164161
1.28189 165601
1.28428 167041
1.28428 168481
1.28668 169921
1.28668 171361
1.32803 172801
1.32803 174241
1.33042 175681
1.33042 177121
1.33281 178561
1.33281 180001
1.33281 181441
1.37411 182881
1.37411 184321
1.3765 185761
1.3765 187201
1.37889 188641
1.37889 190081
1.419 191521
1.419 192961
1.42139 194401
1.42139 195841
1.42378 197281
1.42378 198721
1.46428 200161
1.46428 201601
1.46667 203041
1.46667 204481
1.46667 205921
1.46906 207361
1.46906 208801
1.50917 210241
1.50917 211681
1.51156 213121
1.51156 214561
1.51395 216001
1.51395 217441
1.51634 218881
1.51634 220321
1.55525 221761
1.55525 223201
1.5579 224641
1.5579 226081
1.56029 227521
1.56029 228961
1.56029 230401
1.56268 231841
1.56268 233281
1.60173 234721
1.60173 236161
1.60451 237601
1.60451 239041
1.60652 240481
1.60772 241921
1.60891 226081
1.65181 241921
1.65181 243361
1.653 244801
1.65419 246241
1.69789 247681
1.69789 249121
1.74278 250561
1.74278 252001
1.74278 253441
1.7878 254881
1.7878 256321
1.79019 257761
1.79019 259201
1.83388 260641
1.83388 262081
1.83627 263521
1.83627 264961
1.87997 266401
1.87997 267841
1.87997 269281
1.88237 270721
1.88237 272161
1.92606 273601
1.92606 275041
1.92845 276481
1.92845 277921
1.97133 279361
1.97133 280801
1.97374 282241
1.97493 283681
2.01624 273601
2.01992 283681
2.01992 285121
2.06113 286561
2.10602 288001
2.10602 289441
2.15284 290881
2.15284 292321
2.19893 293761
2.19893 295201
2.19893 296641
2.24534 298081
2.24534 299521
2.29023 300961
2.29023 302401
2.33512 303841
2.33512 305281
2.33512 306721
2.38001 308161
2.38001 309601
2.38262 311041
2.38262 312481
2.42626 313921
2.42626 315361
2.4287 316801
2.4287 318241
2.47234 319681
2.47234 321121
2.47234 322561
2.47479 324001
2.47479 325441
2.51871 326881
2.51871 328321
2.5211 329761
2.5211 331201
2.564 332641
2.564 334081
2.56639 335521
2.56639 336961
2.56639 338401
2.60889 339841
2.60889 341281
2.61128 342721
2.61128 344161
2.61377 345601
2.61377 347041
2.65497 348481
2.65497 349921
2.65736 351361
2.65736 352801
2.65985 354241
2.65985 355681
2.65985 357121
2.70106 358561
2.70106 360001
2.70345 361441
2.70345 362881
2.74595 364321
2.74595 365761
2.74595 367201
2.74595 368641
2.74834 370081
2.74834 371521
2.79084 372961
2.79084 374401
2.79323 375841
2.79323 377281
2.79562 378721
2.79562 380161
2.83573 381601
2.83573 383041
2.83573 384481
2.83812 385921
2.83812 387361
2.84051 388801
2.84051 390241
2.88061 391681
2.88061 393121
2.88301 394561
2.88301 396001
2.88563 397441
2.88563 398881
2.8878 400321
2.92552 401761
2.92671 387361
2.93293 401761
2.93293 403201
2.97042 404641
2.9716 406081
3.01568 407521
3.01568 408961
3.06057 410401
3.06057 411841
3.10546 413281
3.10546 414721
3.15035 416161
3.15035 417601
3.15035 419041
3.19524 420481
3.19524 421921
3.19763 423361
3.19763 424801
3.24132 426241
3.24132 427681
3.24371 429121
3.24371 430561
3.24371 432001
3.28741 433441
3.28741 434881
3.2898 436321
3.2898 437761
3.3323 439201
3.3323 440641
3.33469 442081
3.33469 443521
3.37719 444961
3.37719 446401
3.37958 447841
3.37958 449281
3.37958 450721
3.42208 452161
3.42208 453601
3.42447 455041
3.42447 456481
3.42686 457921
3.42686 459361
3.46816 460801
3.46816 462241
3.47055 463681
3.47055 465121
3.47294 466561
3.47294 468001
3.47294 469441
3.51463 470881
3.51463 472321
3.51702 473761
3.51702 475201
3.51941 476641
3.51941 478081
3.55952 479521
3.55952 480961
3.56191 482401
3.56191 483841
3.56442 485281
3.56442 486721
3.60441 488161
3.60441 489601
3.6068 491041
3.6068 492481
3.6068 493921
3.60931 495361
3.60931 496801
3.6493 498241
3.6493 499681
3.65169 501121
3.65169 502561
3.65418 504001
3.65418 505441
3.65657 506881
3.65657 508321
3.69545 509761
3.69545 511201
3.69784 512641
3.69784 514081
3.70026 515521
3.70026 516961
3.70026 518401
3.70266 519841
3.70266 521281
3.74154 522721
3.74154 524161
3.74393 525601
3.74393 527041
3.74635 528481
3.74635 529921
3.74874 531361
3.74874 532801
3.78643 534241
3.78643 535681
3.78882 537121
3.78882 538561
3.79124 540001
3.79124 541441
3.79363 542881
3.79363 544321
3.79363 545761
3.83132 547201
3.83132 548641
3.83371 550081
3.83371 551521
3.83613 552961
3.83613 554401
3.83852 555841
3.83852 557281
3.84091 558721
3.84091 560161
3.8774 561601
3.8774 563041
3.87979 564481
3.87979 565921
3.88221 567361
3.88221 568801
3.8846 570241
3.8846 571681
3.88699 573121
3.88699 574561
3.92349 576001
3.92349 577441
3.92349 578881
3.92588 580321
3.92588 581761
3.9283 583201
3.9283 584641
3.93069 586081
3.93069 587521
3.93308 588961
3.93308 590401
3.96997 591841
3.96997 593281
3.97236 594721
3.97236 596161
3.97475 597601
3.97475 599041
3.97714 600481
3.97714 601921
3.97953 603361
3.97953 604801
4.01494 606241
4.01494 607681
4.01733 609121
4.01733 610561
4.01733 612001
4.01972 613441
4.01972 614881
4.02211 616321
4.02211 617761
4.0245 619201
4.0245 620641
4.05982 622081
4.05982 623521
4.06222 624961
4.06222 626401
4.06471 627841
4.06471 629281
4.06712 630721
4.06712 632161
4.06951 633601
4.06951 635041
4.07193 636481
4.07193 637921
4.10591 639361
4.10591 640801
4.1083 642241
4.1083 643681
4.11079 645121
4.11079 646561
4.11321 648001
4.11321 649441
4.11321 650881
4.1156 652321
4.1156 653761
4.11802 655201
4.11802 656641
4.15199 658081
4.15199 659521
4.15438 660961
4.15438 662401
4.15688 663841
4.15688 665281
4.15929 666721
4.15929 668161
4.16168 669601
4.16168 671041
4.16407 672481
4.16407 673921
4.19695 675361
4.19695 676801
4.19934 678241
4.19934 679681
4.20177 681121
4.20177 682561
4.20418 684001
4.20418 685441
4.20657 686881
4.20657 688321
4.20657 689761
4.20896 691201
4.20896 692641
4.24184 694081
4.24184 695521
4.24423 696961
4.24423 698401
4.24666 699841
4.24666 701281
4.24907 702721
4.24907 704161
4.25146 705601
4.25146 707041
4.25395 708481
4.25395 709921
4.25671 711361
4.25671 712801
4.28793 714241
4.28793 715681
4.29032 717121
4.29032 718561
4.29274 720001
4.29274 721441
4.29515 722881
4.29515 724321
4.29756 725761
4.29756 727201
4.30004 728641
4.30004 730081
4.30314 731521
4.30314 732961
4.30314 734401
4.33404 735841
4.33404 737281
4.33643 738721
4.33643 740161
4.33882 741601
4.33882 743041
4.34124 744481
4.34124 745921
4.34364 747361
4.34364 748801
4.34612 750241
4.34612 751681
4.34922 753121
4.34922 754561
4.37893 756001
4.37893 757441
4.38132 758881
4.38132 760321
4.38371 761761
4.38371 763201
4.38626 764641
4.38626 766081
4.38865 767521
4.38865 768961
4.39104 770401
4.39104 771841
4.39411 773281
4.39411 774721
4.42382 776161
4.42382 777601
4.42621 779041
4.42621 780481
4.42621 781921
4.4286 783361
4.4286 784801
4.43115 786241
4.43115 787681
4.43354 789121
4.43354 790561
4.43593 792001
4.43593 793441
4.439 794881
4.439 796321
4.46871 797761
4.46871 799201
4.4711 800641
4.4711 802081
4.47349 803521
4.47349 804961
4.47588 806401
4.47588 807841
4.47827 809281
4.47827 810721
4.48066 812161
4.48066 813601
4.48305 815041
4.48305 816481
4.48544 817921
4.48544 819361
4.51518 820801
4.51518 822241
4.51757 823681
4.51757 825121
4.51996 826561
4.51996 828001
4.51996 829441
4.52235 830881
4.52235 832321
4.52474 833761
4.52474 835201
4.52713 836641
4.52713 838081
4.52952 839521
4.52952 840961
4.53191 842401
4.53191 843841
4.56126 845281
4.56126 846721
4.56365 848161
4.56365 849601
4.56604 851041
4.56604 852481
4.56843 853921
4.56843 855361
4.57082 856801
4.57082 858241
4.57321 859681
4.57321 861121
4.5756 862561
4.5756 864001
4.57799 865441
4.57799 866881
4.60615 868321
4.60615 869761
4.6086 871201
4.6086 872641
4.61103 874081
4.61103 875521
4.61342 876961
4.61342 878401
4.61583 879841
4.61583 881281
4.61583 882721
4.61823 884161
4.61823 885601
4.62062 887041
4.62062 888481
4.62301 889921
4.62301 891361
4.65104 892801
4.65104 894241
4.65349 895681
4.65349 897121
4.65592 898561
4.65592 900001
4.65831 901441
4.65831 902881
4.66072 904321
4.66072 905761
4.66311 907201
4.66311 908641
4.6655 910081
4.6655 911521
4.66789 912961
4.66789 914401
4.67028 915841
4.67028 917281
4.69712 918721
4.69712 920161
4.69958 921601
4.69958 923041
4.70201 924481
4.70201 925921
4.7044 927361
4.7044 928801
4.7068 930241
4.7068 931681
4.70919 933121
4.70919 934561
4.70919 936001
4.71158 937441
4.71158 938881
4.71397 940321
4.71397 941761
4.71636 943201
4.71636 944641
4.74327 946081
4.74327 947521
4.74566 948961
4.74566 950401
4.74809 951841
4.74809 953281
4.75048 954721
4.75048 956161
4.75289 957601
4.75289 959041
4.75528 960481
4.75528 961921
4.75767 963361
4.75767 964801
4.76006 966241
4.76006 967681
4.76245 969121
4.76245 970561
4.78816 972001
4.78816 973441
4.79055 974881
4.79055 976321
4.79298 977761
4.79298 979201
4.79537 980641
4.79537 982081
4.79778 983521
4.79778 984961
4.80017 986401
4.80017 987841
4.80266 989281
4.80266 990721
4.80545 992161
4.80545 993601
4.80545 995041
4.80784 996481
4.80784 997921
4.83305 999361
4.83305 1000801
4.83544 1002241
4.83544 1003681
4.83787 1005121
4.83787 1006561
4.84026 1008001
4.84026 1009441
4.84267 1010881
4.84267 1012321
4.84506 1013761
4.84506 1015201
4.84755 1016641
4.84755 1018081
4.85034 1019521
4.85034 1020961
4.85273 1022401
4.85273 1023841
4.85512 1025281
4.85512 1026721
4.88034 1028161
4.88034 1029601
4.88154 1031041
4.88277 999361
4.89644 1031041
4.89644 1032481
4.89763 1033921
4.89883 1035361
4.90002 1036801
4.90122 1038241
4.92525 1039681
4.92644 1041121
4.92764 1042561
4.92882 1044001
4.94252 1045441
4.94252 1046881
4.94491 1048321
4.94491 1049761
4.97014 1051201
4.97014 1052641
4.97253 1054081
4.97253 1055521
4.98741 1056961
4.98741 1058401
4.9898 1059841
4.9898 1061281
5.01541 1062721
5.01541 1064161
5.0178 1065601
5.0178 1067041
5.0323 1068481
5.0323 1069921
5.03469 1071361
5.03469 1072801
5.03469 1074241
5.0603 1075681
5.0603 1077121
5.06269 1078561
5.06269 1080001
5.07719 1081441
5.07719 1082881
5.07958 1084321
5.07958 1085761
5.08197 1087201
5.08197 1088641
5.10638 1090081
5.10638 1091521
5.10878 1092961
5.10878 1094401
5.12327 1095841
5.12327 1097281
5.12566 1098721
5.12566 1100161
5.12806 1101601
5.12806 1103041
5.12806 1104481
5.15247 1105921
5.15247 1107361
5.15496 1108801
5.15496 1110241
5.16936 1111681
5.16936 1113121
5.17175 1114561
5.17175 1116001
5.17414 1117441
5.17414 1118881
5.19737 1120321
5.19857 1121761
5.19987 1103041
5.22024 1121761
5.22024 1123201
5.24228 1124641
5.24371 1126081
5.24489 1127521
5.28717 1128961
5.28717 1130401
5.28979 1131841
5.28979 1133281
5.33469 1134721
5.33469 1136161
5.33469 1137601
5.33589 1139041
5.3796 1128961
5.38318 1139041
5.38318 1140481
5.42449 1141921
5.46969 1143361
5.46969 1144801
5.51578 1146241
5.51578 1147681
5.56199 1149121
5.56199 1150561
5.56199 1152001
5.60808 1153441
5.60808 1154881
5.65297 1156321
5.65297 1157761
5.69786 1159201
5.69786 1160641
5.69786 1162081
5.74275 1163521
5.74275 1164961
5.74514 1166401
5.74514 1167841
5.78883 1169281
5.78883 1170721
5.79122 1172161
5.79122 1173601
5.83492 1175041
5.83492 1176481
5.83492 1177921
5.83731 1179361
5.83731 1180801
5.88115 1182241
5.88115 1183681
5.88354 1185121
5.88354 1186561
5.92604 1188001
5.92604 1189441
5.92843 1190881
5.92843 1192321
5.92843 1193761
5.97093 1195201
5.97093 1196641
5.97332 1198081
5.97332 1199521
5.97571 1200961
5.97571 1202401
6.01702 1203841
6.01702 1205281
6.01941 1206721
6.01941 1208161
6.0218 1209601
6.0218 1211041
6.0218 1212481
6.0631 1213921
6.0631 1215361
6.06549 1216801
6.06549 1218241
6.06798 1219681
6.06798 1221121
6.10837 1222561
6.10837 1224001
6.11076 1225441
6.11076 1226881
6.11322 1228321
6.11322 1229761
6.15326 1231201
6.15326 1232641
6.15565 1234081
6.15565 1235521
6.15565 1236961
6.15811 1238401
6.15811 1239841
6.19815 1241281
6.19815 1242721
6.20054 1244161
6.20054 1245601
6.20293 1247041
6.20293 1248481
6.20543 1249921
6.20543 1251361
6.24424 1252801
6.24424 1254241
6.24663 1255681
6.24663 1257121
6.24902 1258561
6.24902 1260001
6.24902 1261441
6.25151 1262881
6.25151 1264321
6.29032 1265761
6.29032 1267201
6.29271 1268641
6.29271 1270081
6.2951 1271521
6.2951 1272961
6.29749 1274401
6.29749 1275841
6.33542 1277281
6.33542 1278721
6.33781 1280161
6.33781 1281601
6.3402 1283041
6.3402 1284481
6.34259 1285921
6.34259 1287361
6.38031 1288801
6.38031 1290241
6.38031 1291681
6.38286 1293121
6.38286 1294561
6.38525 1296001
6.38525 1297441
6.38764 1298881
6.38764 1300321
6.4252 1301761
6.4252 1303201
6.42759 1304641
6.42759 1306081
6.42998 1307521
6.42998 1308961
6.43237 1310401
6.43237 1311841
6.43476 1313281
6.43476 1314721
6.47128 1316161
6.47128 1317601
6.47367 1319041
6.47367 1320481
6.47367 1321921
6.47606 1323361
6.47606 1324801
6.47845 1326241
6.47845 1327681
6.48084 1329121
6.48084 1330561
6.51737 1332001
6.51737 1333441
6.51976 1334881
6.51976 1336321
6.52215 1337761
6.52215 1339201
6.52454 1340641
6.52454 1342081
6.52693 1343521
6.52693 1344961
6.56226 1346401
6.56226 1347841
6.56465 1349281
6.56465 1350721
6.56704 1352161
6.56704 1353601
6.56943 1355041
6.56943 1356481
6.56943 1357921
6.57216 1359361
6.57216 1360801
6.60715 1362241
6.60715 1363681
6.60954 1365121
6.60954 1366561
6.61231 1368001
6.61231 1369441
6.6147 1370881
6.6147 1372321
6.61709 1373761
6.61709 1375201
6.61948 1376641
6.61948 1378081
6.65562 1379521
6.65562 1380961
6.65562 1382401
6.65562 1383841
6.6584 1385281
6.6584 1386721
6.66079 1388161
6.66079 1389601
6.66318 1391041
6.66318 1392481
6.66557 1393921
6.66557 1395361
6.66557 1396801
6.70171 1398241
6.70171 1399681
6.7041 1401121
6.7041 1402561
6.70649 1404001
6.70649 1405441
6.70888 1406881
6.70888 1408321
6.71127 1409761
6.71127 1411201
6.71367 1412641
6.71367 1414081
6.7466 1415521
6.7466 1416961
6.74899 1418401
6.74899 1419841
6.75138 1421281
6.75138 1422721
6.75377 1424161
6.75377 1425601
6.75616 1427041
6.75616 1428481
6.75855 1429921
6.75855 1431361
6.79149 1432801
6.79149 1434241
6.79388 1435681
6.79388 1437121
6.79388 1438561
6.79627 1440001
6.79627 1441441
6.79866 1442881
6.79866 1444321
6.80105 1445761
6.80105 1447201
6.80344 1448641
6.80344 1450081
6.83638 1451521
6.83638 1452961
6.83877 1454401
6.83877 1455841
6.84116 1457281
6.84116 1458721
6.84355 1460161
6.84355 1461601
6.84594 1463041
6.84594 1464481
6.84833 1465921
6.84833 1467361
6.85072 1468801
6.85072 1470241
6.88247 1471681
6.88247 1473121
6.88486 1474561
6.88486 1476001
6.88725 1477441
6.88725 1478881
6.88725 1480321
6.88977 1481761
6.88977 1483201
6.89216 1484641
6.89216 1486081
6.89455 1487521
6.89455 1488961
6.89694 1490401
6.89694 1491841
6.92855 1493281
6.92855 1494721
6.93094 1496161
6.93094 1497601
6.93333 1499041
6.93333 1500481
6.93572 1501921
6.93572 1503361
6.93811 1504801
6.93811 1506241
6.9405 1507681
6.9405 1509121
6.94304 1510561
6.94304 1512001
6.97344 1513441
6.97344 1514881
6.97583 1516321
6.97583 1517761
6.97822 1519201
6.97822 1520641
6.98061 1522081
6.98061 1523521
6.983 1524961
6.983 1526401
6.983 1527841
6.98553 1529281
6.98553 1530721
6.98793 1532161
6.98793 1533601
7.01833 1535041
7.01833 1536481
7.02072 1537921
7.02072 1539361
7.02311 1540801
7.02311 1542241
7.0255 1543681
7.0255 1545121
7.02789 1546561
7.02789 1548001
7.03028 1549441
7.03028 1550881
7.03267 1552321
7.03267 1553761
7.03506 1555201
7.03506 1556641
7.06442 1558081
7.06442 1559521
7.06681 1560961
7.06681 1562401
7.06958 1563841
7.06958 1565281
7.07197 1566721
7.07197 1568161
7.07436 1569601
7.07436 1571041
7.07675 1572481
7.07675 1573921
7.07675 1575361
7.07877 1576801
7.07997 1578241
7.08116 1550881
7.12046 1578241
7.12046 1579681
7.12165 1581121
7.12285 1582561
7.12404 1584001
7.12524 1585441
7.12644 1586881
7.12762 1588321
7.16654 1589761
7.16654 1591201
7.16893 1592641
7.16893 1594081
7.17132 1595521
7.17132 1596961
7.21143 1598401
7.21143 1599841
7.21143 1601281
7.21382 1602721
7.21382 1604161
7.21621 1605601
7.21621 1607041
7.25632 1608481
7.25632 1609921
7.25871 1611361
7.25871 1612801
7.2611 1614241
7.2611 1615681
7.26349 1617121
7.26349 1618561
7.30241 1620001
7.30241 1621441
7.3048 1622881
7.3048 1624321
7.30719 1625761
7.30719 1627201
7.30719 1628641
7.30958 1630081
7.30958 1631521
7.34849 1632961
7.34849 1634401
7.35088 1635841
7.35088 1637281
7.35327 1638721
7.35327 1640161
7.35566 1641601
7.35566 1643041
7.39338 1644481
7.39338 1645921
7.39587 1647361
7.39587 1648801
7.39826 1650241
7.39826 1651681
7.40068 1653121
7.40068 1654561
7.40068 1656001
7.43827 1657441
7.43827 1658881
7.44076 1660321
7.44076 1661761
7.44315 1663201
7.44315 1664641
7.44595 1666081
7.44595 1667521
7.44834 1668961
7.44834 1670401
7.48436 1671841
7.48436 1673281
7.48723 1674721
7.48723 1676161
7.48962 1677601
7.48962 1679041
7.49213 1680481
7.49213 1681921
7.49454 1683361
7.49454 1684801
7.53082 1686241
7.53082 1687681
7.53082 1689121
7.53332 1690561
7.53332 1692001
7.53571 1693441
7.53571 1694881
7.53821 1696321
7.53821 1697761
7.54063 1699201
7.54063 1700641
7.57691 1702081
7.57691 1703521
7.5793 1704961
7.5793 1706401
7.58169 1707841
7.58169 1709281
7.58408 1710721
7.58408 1712161
7.58669 1713601
7.58669 1715041
7.6218 1716481
7.6218 1717921
7.62419 1719361
7.62419 1720801
7.62419 1722241
7.62658 1723681
7.62658 1725121
7.62897 1726561
7.62897 1728001
7.63158 1729441
7.63158 1730881
7.66669 1732321
7.66669 1733761
7.66908 1735201
7.66908 1736641
7.67147 1738081
7.67147 1739521
7.67507 1740961
7.67507 1742401
7.67626 1743841
7.67746 1723681
7.71757 1743841
7.71757 1745281
7.71997 1746721
7.72117 1748161
7.72236 1749601
7.72354 1751041
7.76486 1752481
7.76486 1753921
7.76725 1755361
7.76725 1756801
7.80975 1758241
7.80975 1759681
7.81214 1761121
7.81214 1762561
7.85502 1764001
7.85502 1765441
7.85742 1766881
7.85742 1768321
7.85742 1769761
7.89991 1771201
7.89991 1772641
7.90232 1774081
7.90352 1775521
7.90471 1764001
7.94842 1775521
7.94842 1776961
7.9496 1778401
7.99458 1779841
7.99458 1781281
8.04066 1782721
8.04066 1784161
8.08674 1785601
8.08674 1787041
8.08674 1788481
8.13283 1789921
8.13283 1791361
8.17772 1792801
8.17772 1794241
8.22261 1795681
8.22261 1797121
8.22261 1798561
8.2675 1800001
8.2675 1801441
8.2699 1802881
8.2699 1804321
8.31358 1805761
8.31358 1807201
8.31598 1808641
8.31598 1810081
8.35967 1811521
8.35967 1812961
8.35967 1814401
8.36207 1815841
8.36207 1817281
8.40585 1818721
8.40585 1820161
8.40824 1821601
8.40824 1823041
8.45074 1824481
8.45074 1825921
8.45313 1827361
8.45313 1828801
8.45313 1830241
8.49563 1831681
8.49563 1833121
8.49802 1834561
8.49802 1836001
8.50041 1837441
8.50041 1838881
8.54172 1840321
8.54172 1841761
8.54411 1843201
8.54411 1844641
8.5465 1846081
8.5465 1847521
8.5465 1848961
8.5878 1850401
8.5878 1851841
8.59019 1853281
8.59019 1854721
8.59268 1856161
8.59268 1857601
8.63269 1859041
8.63269 1860481
8.63508 1861921
8.63508 1863361
8.63757 1864801
8.63757 1866241
8.67758 1867681
8.67758 1869121
8.67997 1870561
8.67997 1872001
8.67997 1873441
8.68246 1874881
8.68246 1876321
8.72247 1877761
8.72247 1879201
8.72486 1880641
8.72486 1882081
8.72725 1883521
8.72725 1884961
8.72964 1886401
8.72964 1887841
8.76856 1889281
8.76856 1890721
8.77095 1892161
8.77095 1893601
8.77334 1895041
8.77334 1896481
8.77334 1897921
8.77573 1899361
8.77573 1900801
8.81464 1902241
8.81464 1903681
8.81728 1905121
8.81728 1906561
8.81967 1908001
8.81967 1909441
8.82206 1910881
8.82206 1912321
8.85991 1913761
8.85991 1915201
8.8623 1916641
8.8623 1918081
8.86469 1919521
8.86469 1920961
8.86708 1922401
8.86708 1923841
8.9048 1925281
8.9048 1926721
8.9048 1928161
8.90719 1929601
8.90719 1931041
8.90995 1932481
8.90995 1933921
8.91234 1935361
8.91234 1936801
8.94969 1938241
8.94969 1939681
8.95208 1941121
8.95208 1942561
8.95447 1944001
8.95447 1945441
8.95686 1946881
8.95686 1948321
8.95925 1949761
8.95925 1951201
8.99578 1952641
8.99578 1954081
8.99817 1955521
8.99817 1956961
8.99817 1958401
9.00056 1959841
9.00056 1961281
9.00295 1962721
9.00295 1964161
9.00534 1965601
9.00534 1967041
9.04186 1968481
9.04186 1969921
9.04425 1971361
9.04425 1972801
9.04664 1974241
9.04664 1975681
9.04915 1977121
9.04915 1978561
9.05154 1980001
9.05154 1981441
9.08675 1982881
9.08675 1984321
9.08914 1985761
9.08914 1987201
9.09153 1988641
9.09153 1990081
9.09404 1991521
9.09404 1992961
9.09404 1994401
9.09643 1995841
9.09643 1997281
9.13164 1998721
9.13164 2000161
9.13403 2001601
9.13403 2003041
9.13642 2004481
9.13642 2005921
9.13893 2007361
9.13893 2008801
9.14132 2010241
9.14132 2011681
9.14371 2013121
9.14371 2014561
9.17779 2016001
9.17779 2017441
9.18018 2018881
9.18018 2020321
9.18257 2021761
9.18257 2023201
9.18501 2024641
9.18501 2026081
9.1874 2027521
9.1874 2028961
9.1874 2030401
9.18979 2031841
9.18979 2033281
9.22387 2034721
9.22387 2036161
9.22626 2037601
9.22626 2039041
9.22865 2040481
9.22865 2041921
9.2311 2043361
9.2311 2044801
9.23349 2046241
9.23349 2047681
9.23588 2049121
9.23588 2050561
9.26876 2052001
9.26876 2053441
9.27115 2054881
9.27115 2056321
9.27354 2057761
9.27354 2059201
9.27637 2060641
9.27637 2062081
9.27877 2063521
9.27877 2064961
9.28117 2066401
9.28117 2067841
9.31365 2069281
9.31365 2070721
9.31365 2072161
9.31604 2073601
9.31604 2075041
9.31917 2076481
9.31917 2077921
9.32156 2079361
9.32156 2080801
9.32395 2082241
9.32395 2083681
9.32634 2085121
9.32634 2086561
9.35854 2088001
9.35854 2089441
9.36125 2090881
9.36125 2092321
9.36365 2093761
9.36365 2095201
9.36608 2096641
9.36608 2098081
9.36847 2099521
9.36847 2100961
9.37086 2102401
9.37086 2103841
9.37325 2105281
9.37325 2106721
9.40462 2108161
9.40462 2109601
9.40734 2111041
9.40734 2112481
9.40734 2113921
9.40973 2115361
9.40973 2116801
9.41216 2118241
9.41216 2119681
9.41455 2121121
9.41455 2122561
9.41694 2124001
9.41694 2125441
9.41933 2126881
9.41933 2128321
9.45071 2129761
9.45071 2131201
9.45342 2132641
9.45342 2134081
9.45581 2135521
9.45581 2136961
9.45851 2138401
9.45851 2139841
9.4609 2141281
9.4609 2142721
9.46329 2144161
9.46329 2145601
9.46568 2147041
9.46568 2148481
9.4956 2149921
9.4956 2151361
9.49831 2152801
9.49831 2154241
9.5007 2155681
9.5007 2157121
9.5034 2158561
9.5034 2160001
9.5034 2161441
9.50579 2162881
9.50579 2164321
9.50818 2165761
9.50818 2167201
9.51057 2168641
9.51057 2170081
9.54049 2171521
9.54049 2172961
9.5432 2174401
9.5432 2175841
9.54559 2177281
9.54559 2178721
9.54829 2180161
9.54829 2181601
9.55068 2183041
9.55068 2184481
9.55307 2185921
9.55307 2187361
9.55546 2188801
9.55546 2190241
9.55785 2191681
9.55785 2193121
9.58657 2194561
9.58657 2196001
9.58954 2197441
9.58954 2198881
9.59193 2200321
9.59193 2201761
9.59437 2203201
9.59437 2204641
9.59676 2206081
9.59676 2207521
9.59676 2208961
9.59915 2210401
9.59915 2211841
9.60154 2213281
9.60154 2214721
9.60394 2216161
9.60394 2217601
9.63266 2219041
9.63266 2220481
9.63562 2221921
9.63562 2223361
9.63801 2224801
9.63801 2226241
9.64046 2227681
9.64046 2229121
9.64285 2230561
9.64285 2232001
9.64524 2233441
9.64524 2234881
9.64773 2236321
9.64773 2237761
9.65012 2239201
9.65012 2240641
9.67755 2242081
9.67755 2243521
9.68051 2244961
9.68051 2246401
9.6829 2247841
9.6829 2249281
9.68535 2250721
9.68535 2252161
9.68774 2253601
9.68774 2255041
9.69013 2256481
9.69013 2257921
9.69262 2259361
9.69262 2260801
9.69262 2262241
9.69501 2263681
9.69501 2265121
9.72244 2266561
9.72244 2268001
9.7254 2269441
9.7254 2270881
9.72779 2272321
9.72779 2273761
9.73024 2275201
9.73024 2276641
9.73263 2278081
9.73263 2279521
9.73502 2280961
9.73502 2282401
9.73789 2283841
9.73789 2285281
9.74028 2286721
9.74028 2288161
9.74267 2289601
9.74267 2291041
9.76852 2292481
9.76852 2293921
9.77149 2295361
9.77149 2296801
9.77388 2298241
9.77388 2299681
9.77632 2301121
9.77632 2302561
9.7791 2304001
9.7791 2305441
9.78149 2306881
9.78149 2308321
9.78398 2309761
9.78398 2311201
9.78637 2312641
9.78637 2314081
9.78876 2315521
9.78876 2316961
9.78876 2318401
9.81461 2319841
9.81461 2321281
9.81757 2322721
9.81757 2324161
9.81996 2325601
9.81996 2327041
9.82241 2328481
9.82241 2329921
9.82518 2331361
9.82518 2332801
9.82757 2334241
9.82757 2335681
9.83006 2337121
9.83006 2338561
9.83245 2340001
9.83245 2341441
9.83484 2342881
9.83484 2344321
9.8595 2345761
9.8595 2347201
9.86246 2348641
9.86246 2350081
9.86485 2351521
9.86485 2352961
9.8673 2354401
9.8673 2355841
9.87007 2357281
9.87007 2358721
9.87246 2360161
9.87246 2361601
9.87495 2363041
9.87495 2364481
9.87734 2365921
9.87734 2367361
9.87973 2368801
9.87973 2370241
9.90439 2371681
9.90439 2373121
9.90439 2374561
9.90735 2376001
9.90735 2377441
9.90974 2378881
9.90974 2380321
9.91219 2381761
9.91219 2383201
9.91496 2384641
9.91496 2386081
9.91735 2387521
9.91735 2388961
9.91984 2390401
9.91984 2391841
9.92223 2393281
9.92223 2394721
9.92462 2396161
9.92462 2397601
9.94927 2399041
9.94927 2400481
9.95167 2401921
9.95167 2403361
9.95406 2404801
9.95406 2406241
9.95645 2407681
9.95645 2409121
9.95884 2410561
9.95884 2412001
9.96123 2413441
9.96123 2414881
9.96365 2416321
9.96365 2417761
9.96604 2419201
9.96604 2420641
9.96843 2422081
9.96843 2423521
9.97082 2424961
9.97082 2426401
9.99574 2427841
9.99574 2429281
9.99813 2430721
9.99813 2432161
10.0005 2433601
10.0005 2435041
10.0005 2436481
10.0029 2437921
10.0029 2439361
10.0053 2440801
10.0053 2442241
10.0077 2443681
10.0077 2445121
10.0101 2446561
10.0101 2448001
10.0125 2449441
10.0125 2450881
10.0149 2452321
10.0149 2453761
10.0173 2455201
10.0173 2456641
10.0418 2458081
10.0418 2459521
10.0442 2460961
10.0442 2462401
10.0466 2463841
10.0466 2465281
10.049 2466721
10.049 2468161
10.0514 2469601
10.0514 2471041
10.0538 2472481
10.0538 2473921
10.0562 2475361
10.0562 2476801
10.0587 2478241
10.0587 2479681
10.0611 2481121
10.0611 2482561
10.0635 2484001
10.0635 2485441
10.0867 2486881
10.0867 2488321
10.0891 2489761
10.0891 2491201
10.0915 2492641
10.0915 2494081
10.0939 2495521
10.0939 2496961
10.0963 2498401
10.0963 2499841
10.0963 2501281
10.0987 2502721
10.0987 2504161
10.1011 2505601
10.1011 2507041
10.1036 2508481
10.1036 2509921
10.106 2511361
10.106 2512801
10.1084 2514241
10.1084 2515681
10.1316 2517121
10.1316 2518561
10.134 2520001
10.134 2521441
10.1364 2522881
10.1364 2524321
10.1388 2525761
10.1388 2527201
10.1412 2528641
10.1412 2530081
10.1436 2531521
10.1436 2532961
10.1459 2534401
10.1459 2535841
10.1483 2537281
10.1483 2538721
10.1507 2540161
10.1507 2541601
10.1531 2543041
10.1531 2544481
10.1557 2545921
10.1557 2547361
10.1777 2548801
10.1777 2550241
10.1801 2551681
10.1801 2553121
10.1826 2554561
10.1826 2556001
10.185 2557441
10.185 2558881
10.1874 2560321
10.1874 2561761
10.1898 2563201
10.1898 2564641
10.1898 2566081
10.1922 2567521
10.1922 2568961
10.1945 2570401
10.1945 2571841
10.197 2573281
10.197 2574721
10.1993 2576161
10.1993 2577601
10.2018 2579041
10.2018 2580481
10.2238 2581921
10.2238 2583361
10.2262 2584801
10.2262 2586241
10.229 2587681
10.229 2589121
10.2314 2590561
10.2314 2592001
10.2338 2593441
10.2338 2594881
10.2362 2596321
10.2362 2597761
10.2386 2599201
10.2386 2600641
10.241 2602081
10.241 2603521
10.2434 2604961
10.2434 2606401
10.2458 2607841
10.2458 2609281
10.2482 2610721
10.2482 2612161
10.2711 2613601
10.2711 2615041
10.2711 2616481
10.2711 2617921
10.2739 2619361
10.2739 2620801
10.2765 2622241
10.2765 2623681
10.2789 2625121
10.2789 2626561
10.2812 2628001
10.2812 2629441
10.2836 2630881
10.2836 2632321
10.286 2633761
10.286 2635201
10.2884 2636641
10.2884 2638081
10.2884 2639521
10.2908 2640961
10.2908 2642401
10.2932 2643841
10.2932 2645281
10.3159 2646721
10.3159 2648161
10.3183 2649601
10.3183 2651041
10.3208 2652481
10.3208 2653921
10.3232 2655361
10.3232 2656801
10.3268 2658241
10.3268 2659681
10.328 2661121
10.3292 2623681
10.362 2661121
10.362 2662561
10.3632 2664001
10.3644 2665441
10.3657 2666881
10.3669 2668321
10.3681 2669761
10.3717 2671201
10.3729 2672641
10.3741 2655361
10.3741 2656801
10.3741 2672641
10.3741 2674081
10.3753 2655361
10.3753 2674081
10.3753 2675521
10.4069 2676961
10.4081 2678401
10.4093 2679841
10.411 2681281
10.4122 2682721
10.4134 2684161
10.4167 2685601
10.4179 2687041
10.4191 2688481
10.4226 2689921
10.4226 2691361
10.4534 2692801
10.4534 2694241
10.4559 2695681
10.4559 2697121
10.4583 2698561
10.4583 2700001
10.4628 2701441
10.4628 2702881
10.4678 2704321
10.4678 2705761
10.4987 2707201
10.4987 2708641
10.5011 2710081
10.5011 2711521
10.5035 2712961
10.5035 2714401
10.5077 2715841
10.5077 2717281
10.5127 2718721
10.5127 2720161
10.546 2721601
10.546 2723041
10.546 2724481
10.546 2725921
10.546 2727361
10.5483 2728801
10.5483 2730241
10.5526 2731681
10.5526 2733121
10.5576 2734561
10.5576 2736001
10.5908 2737441
10.5908 2738881
10.5932 2740321
10.5932 2741761
10.5956 2743201
10.5956 2744641
10.598 2746081
10.598 2747521
10.6004 2748961
10.6004 2750401
10.6036 2751841
10.6036 2753281
10.637 2754721
10.637 2756161
10.6394 2757601
10.6394 2759041
10.6418 2760481
10.6418 2761921
10.6442 2763361
10.6442 2764801
10.6442 2766241
10.6466 2767681
10.6466 2769121
10.6497 2770561
10.6497 2772001
10.6831 2773441
10.6831 2774881
10.6855 2776321
10.6855 2777761
10.6879 2779201
10.6879 2780641
10.6903 2782081
10.6903 2783521
10.6927 2784961
10.6927 2786401
10.6951 2787841
10.6951 2789281
10.728 2790721
10.728 2792161
10.7304 2793601
10.7304 2795041
10.7328 2796481
10.7328 2797921
10.7352 2799361
10.7352 2800801
10.7376 2802241
10.7376 2803681
10.7376 2805121
10.74 2806561
10.74 2808001
10.7729 2809441
10.7729 2810881
10.7757 2812321
10.7757 2813761
10.7781 2815201
10.7781 2816641
10.7805 2818081
10.7805 2819521
10.7829 2820961
10.7829 2822401
10.7852 2823841
10.7852 2825281
10.7876 2826721
10.7876 2828161
10.819 2829601
10.819 2831041
10.8218 2832481
10.8218 2833921
10.8242 2835361
10.8242 2836801
10.8265 2838241
10.8265 2839681
10.8289 2841121
10.8289 2842561
10.8317 2844001
10.8317 2845441
10.8341 2846881
10.8341 2848321
10.8341 2849761
10.8651 2851201
10.8651 2852641
10.8679 2854081
10.8679 2855521
10.8702 2856961
10.8702 2858401
10.8726 2859841
10.8726 2861281
10.8752 2862721
10.8752 2864161
10.8778 2865601
10.8778 2867041
10.8802 2868481
10.8802 2869921
10.91 2871361
10.91 2872801
10.9131 2874241
10.9131 2875681
10.9155 2877121
10.9155 2878561
10.9179 2880001
10.9179 2881441
10.9203 2882881
10.9203 2884321
10.9227 2885761
10.9227 2887201
10.9251 2888641
10.9251 2890081
10.9552 2891521
10.9552 2892961
10.9552 2894401
10.958 2895841
10.958 2897281
10.9604 2898721
10.9604 2900161
10.9628 2901601
10.9628 2903041
10.9652 2904481
10.9652 2905921
10.9676 2907361
10.9676 2908801
10.97 2910241
10.97 2911681
11.0001 2913121
11.0001 2914561
11.0029 2916001
11.0029 2917441
11.0053 2918881
11.0053 2920321
11.0076 2921761
11.0076 2923201
11.01 2924641
11.01 2926081
11.0124 2927521
11.0124 2928961
11.0148 2930401
11.0148 2931841
11.0172 2933281
11.0172 2934721
11.0462 2936161
11.0462 2937601
11.0489 2939041
11.0489 2940481
11.0513 2941921
11.0513 2943361
11.0513 2944801
11.0537 2946241
11.0537 2947681
11.0561 2949121
11.0561 2950561
11.0585 2952001
11.0585 2953441
11.0609 2954881
11.0609 2956321
11.0633 2957761
11.0633 2959201
11.0923 2960641
11.0923 2962081
11.095 2963521
11.095 2964961
11.0974 2966401
11.0974 2967841
11.0998 2969281
11.0998 2970721
11.1022 2972161
11.1022 2973601
11.1046 2975041
11.1046 2976481
11.107 2977921
11.107 2979361
11.1094 2980801
11.1094 2982241
11.1372 2983681
11.1372 2985121
11.1399 2986561
11.1399 2988001
11.1423 2989441
11.1423 2990881
11.1447 2992321
11.1447 2993761
11.1447 2995201
11.1474 2996641
11.1474 2998081
11.1497 2999521
11.1497 3000961
11.1525 3002401
11.1525 3003841
11.1549 3005281
11.1549 3006721
11.1821 3008161
11.1821 3009601
11.1848 3011041
11.1848 3012481
11.1872 3013921
11.1872 3015361
11.1896 3016801
11.1896 3018241
11.1925 3019681
11.1937 3021121
11.1949 2992321
11.2309 3021121
11.2309 3022561
11.2321 3024001
11.2333 3025441
11.2346 3026881
11.2358 3028321
11.2374 3029761
11.2386 3031201
11.2398 3032641
11.277 3034081
11.277 3035521
11.2798 3036961
11.2798 3038401
11.2823 3039841
11.2823 3041281
11.2847 3042721
11.2847 3044161
11.3231 3045601
11.3231 3047041
11.3259 3048481
11.3259 3049921
11.3288 3051361
11.3288 3052801
11.3312 3054241
11.3312 3055681
11.3697 3057121
11.3697 3058561
11.3697 3060001
11.3721 3061441
11.3721 3062881
11.3748 3064321
11.3748 3065761
11.3772 3067201
11.3772 3068641
11.4158 3070081
11.4158 3071521
11.4181 3072961
11.4181 3074401
11.4205 3075841
11.4205 3077281
11.4229 3078721
11.4229 3080161
11.4609 3081601
11.4609 3083041
11.4635 3084481
11.4635 3085921
11.4635 3087361
11.4658 3088801
11.4658 3090241
11.4682 3091681
11.4682 3093121
11.5058 3094561
11.5058 3096001
11.5087 3097441
11.5087 3098881
11.5111 3100321
11.5111 3101761
11.5135 3103201
11.5135 3104641
11.5159 3106081
11.5159 3107521
11.5518 3108961
11.5518 3110401
11.5548 3111841
11.5548 3113281
11.5572 3114721
11.5572 3116161
11.5596 3117601
11.5596 3119041
11.5596 3120481
11.562 3121921
11.562 3123361
11.5979 3124801
11.5979 3126241
11.6021 3127681
11.6021 3129121
11.6033 3130561
11.6045 3111841
11.647 3130561
11.647 3132001
11.6486 3133441
11.6498 3134881
11.6509 3136321
11.6938 3137761
11.6938 3139201
11.6962 3140641
11.6962 3142081
11.7423 3143521
11.7423 3144961
11.7423 3146401
11.7423 3147841
11.7423 3149281
11.7884 3150721
11.7884 3152161
11.7908 3153601
11.7908 3155041
11.8337 3156481
11.8337 3157921
11.836 3159361
11.836 3160801
11.8785 3162241
11.8785 3163681
11.8785 3165121
11.8809 3166561
11.8809 3168001
11.9234 3169441
11.9234 3170881
11.9258 3172321
11.9258 3173761
11.9282 3175201
11.9282 3176641
11.9695 3178081
11.9695 3179521
11.9719 3180961
11.9719 3182401
11.9743 3183841
11.9743 3185281
11.9743 3186721
12.0156 3188161
12.0156 3189601
12.018 3191041
12.018 3192481
12.0204 3193921
12.0216 3195361
12.0605 3182401
12.067 3195361
12.067 3196801
12.1054 3198241
12.1503 3199681
12.1503 3201121
12.1964 3202561
12.1964 3204001
12.1964 3205441
12.2425 3206881
12.2425 3208321
12.2876 3209761
12.2876 3211201
12.3325 3212641
12.3325 3214081
12.3325 3215521
12.3774 3216961
12.3774 3218401
12.3798 3219841
12.3798 3221281
12.4234 3222721
12.4234 3224161
12.4258 3225601
12.4258 3227041
12.4699 3228481
12.4699 3229921
12.4699 3231361
12.5161 3232801
12.5161 3234241
12.5161 3235681
12.5161 3237121
12.561 3238561
12.561 3240001
12.5634 3241441
12.5634 3242881
12.6058 3244321
12.6058 3245761
12.6083 3247201
12.6083 3248641
12.6083 3250081
12.6507 3251521
12.6507 3252961
12.6532 3254401
12.6532 3255841
12.6556 3257281
12.6556 3258721
12.6969 3260161
12.6969 3261601
12.6993 3263041
12.6993 3264481
12.7016 3265921
12.7016 3267361
12.7016 3268801
12.7429 3270241
12.7429 3271681
12.7453 3273121
12.7453 3274561
12.7477 3276001
12.7477 3277441
12.7881 3278881
12.7881 3280321
12.7905 3281761
12.7905 3283201
12.7929 3284641
12.7929 3286081
12.833 3287521
12.833 3288961
12.8354 3290401
12.8354 3291841
12.8354 3293281
12.8378 3294721
12.8378 3296161
12.8779 3297601
12.8779 3299041
12.8803 3300481
12.8803 3301921
12.8826 3303361
12.8826 3304801
12.8852 3306241
12.8852 3307681
12.924 3309121
12.924 3310561
12.9264 3312001
12.9264 3313441
12.9289 3314881
12.9289 3316321
12.9289 3317761
12.9313 3319201
12.9313 3320641
12.9701 3322081
12.9701 3323521
12.9725 3324961
12.9725 3326401
12.9749 3327841
12.9749 3329281
12.9773 3330721
12.9773 3332161
13.015 3333601
13.015 3335041
13.0174 3336481
13.0174 3337921
13.0198 3339361
13.0198 3340801
13.0234 3342241
13.0234 3343681
13.0599 3345121
13.0611 3329281
13.0695 3345121
13.0695 3346561
13.1048 3348001
13.106 3349441
13.1497 3350881
13.1497 3352321
13.1946 3353761
13.1946 3355201
13.1946 3356641
13.2396 3358081
13.2396 3359521
13.242 3360961
13.242 3362401
13.2857 3363841
13.2857 3365281
13.2881 3366721
13.2881 3368161
13.3319 3369601
13.3319 3371041
13.3319 3372481
13.3343 3373921
13.3343 3375361
13.378 3376801
13.378 3378241
13.3803 3379681
13.3803 3381121
13.4228 3382561
13.4228 3384001
13.4256 3385441
13.4256 3386881
13.4256 3388321
13.4681 3389761
13.4681 3391201
13.4705 3392641
13.4705 3394081
13.4729 3395521
13.4729 3396961
13.5142 3398401
13.5142 3399841
13.5166 3401281
13.5166 3402721
13.519 3404161
13.519 3405601
13.5603 3407041
13.5603 3408481
13.5603 3409921
13.5627 3411361
13.5627 3412801
13.5651 3414241
13.5651 3415681
13.6064 3417121
13.6064 3418561
13.6087 3420001
13.6087 3421441
13.6111 3422881
13.6111 3424321
13.6512 3425761
13.6512 3427201
13.6536 3428641
13.6536 3430081
13.6536 3431521
13.656 3432961
13.656 3434401
13.6961 3435841
13.6961 3437281
13.6985 3438721
13.6985 3440161
13.7009 3441601
13.7009 3443041
13.7033 3444481
13.7033 3445921
13.7422 3447361
13.7422 3448801
13.7446 3450241
13.7446 3451681
13.747 3453121
13.747 3454561
13.747 3456001
13.7494 3457441
13.7494 3458881
13.7883 3460321
13.7883 3461761
13.7907 3463201
13.7907 3464641
13.7931 3466081
13.7931 3467521
13.7955 3468961
13.7955 3470401
13.8332 3471841
13.8332 3473281
13.8356 3474721
13.8356 3476161
13.838 3477601
13.838 3479041
13.8405 3480481
13.8405 3481921
13.8781 3483361
13.8781 3484801
13.8781 3486241
13.8805 3487681
13.8805 3489121
13.8829 3490561
13.8829 3492001
13.8858 3493441
13.8858 3494881
13.9234 3496321
13.9234 3497761
13.9257 3499201
13.9257 3500641
13.9285 3502081
13.9285 3503521
13.9309 3504961
13.9309 3506401
13.9332 3507841
13.9332 3509281
13.9694 3510721
13.9694 3512161
13.9718 3513601
13.9718 3515041
13.9718 3516481
13.9745 3517921
13.9745 3519361
13.9769 3520801
13.9769 3522241
13.9793 3523681
13.9793 3525121
14.0155 3526561
14.0155 3528001
14.0179 3529441
14.0179 3530881
14.0203 3532321
14.0203 3533761
14.0227 3535201
14.0227 3536641
14.0251 3538081
14.0251 3539521
14.0604 3540961
14.0604 3542401
14.0628 3543841
14.0628 3545281
14.0653 3546721
14.0653 3548161
14.0677 3549601
14.0677 3551041
14.0677 3552481
14.0701 3553921
14.0701 3555361
14.1053 3556801
14.1053 3558241
14.1077 3559681
14.1077 3561121
14.1102 3562561
14.1102 3564001
14.1126 3565441
14.1126 3566881
14.115 3568321
14.115 3569761
14.1174 3571201
14.1174 3572641
14.1514 3574081
14.1514 3575521
14.1538 3576961
14.1538 3578401
14.1563 3579841
14.1563 3581281
14.1587 3582721
14.1587 3584161
14.1611 3585601
14.1611 3587041
14.1611 3588481
14.1634 3589921
14.1634 3591361
14.1975 3592801
14.1975 3594241
14.1999 3595681
14.1999 3597121
14.2024 3598561
14.2024 3600001
14.2047 3601441
14.2047 3602881
14.2071 3604321
14.2071 3605761
14.2095 3607201
14.2095 3608641
14.2424 3610081
14.2424 3611521
14.2448 3612961
14.2448 3614401
14.2472 3615841
14.2472 3617281
14.2496 3618721
14.2496 3620161
14.252 3621601
14.252 3623041
14.2545 3624481
14.2545 3625921
14.2873 3627361
14.2873 3628801
14.2873 3630241
14.2897 3631681
14.2897 3633121
14.2921 3634561
14.2921 3636001
14.2945 3637441
14.2945 3638881
14.2969 3640321
14.2969 3641761
14.2998 3643201
14.2998 3644641
14.3322 3646081
14.3322 3647521
14.3346 3648961
14.3346 3650401
14.337 3651841
14.337 3653281
14.3394 3654721
14.3394 3656161
14.3418 3657601
14.3418 3659041
14.3441 3660481
14.3441 3661921
14.3465 3663361
14.3465 3664801
14.3787 3666241
14.3787 3667681
14.381 3669121
14.381 3670561
14.3836 3672001
14.3836 3673441
14.3836 3674881
14.3859 3676321
14.3859 3677761
14.3883 3679201
14.3883 3680641
14.3907 3682081
14.3907 3683521
14.3931 3684961
14.3931 3686401
14.4247 3687841
14.4247 3689281
14.4271 3690721
14.4271 3692161
14.4296 3693601
14.4296 3695041
14.432 3696481
14.432 3697921
14.4344 3699361
14.4344 3700801
14.4368 3702241
14.4368 3703681
14.4392 3705121
14.4392 3706561
14.4696 3708001
14.4696 3709441
14.472 3710881
14.472 3712321
14.4749 3713761
14.4749 3715201
14.4773 3716641
14.4773 3718081
14.4773 3719521
14.4797 3720961
14.4797 3722401
14.4821 3723841
14.4821 3725281
14.4845 3726721
14.4845 3728161
14.5149 3729601
14.5149 3731041
14.5173 3732481
14.5173 3733921
14.5198 3735361
14.5198 3736801
14.5222 3738241
14.5222 3739681
14.5246 3741121
14.5246 3742561
14.527 3744001
14.527 3745441
14.5294 3746881
14.5294 3748321
14.5318 3749761
14.5318 3751201
14.5614 3752641
14.5614 3754081
14.5637 3755521
14.5637 3756961
14.5661 3758401
14.5661 3759841
14.5685 3761281
14.5685 3762721
14.5709 3764161
14.5709 3765601
14.5733 3767041
14.5733 3768481
14.5733 3769921
14.5757 3771361
14.5757 3772801
14.5781 3774241
14.5781 3775681
14.6074 3777121
14.6074 3778561
14.6098 3780001
14.6098 3781441
14.6122 3782881
14.6122 3784321
14.6146 3785761
14.6146 3787201
14.617 3788641
14.617 3790081
14.6194 3791521
14.6194 3792961
14.6218 3794401
14.6218 3795841
14.6242 3797281
14.6242 3798721
14.6523 3800161
14.6523 3801601
14.6547 3803041
14.6547 3804481
14.6571 3805921
14.6571 3807361
14.6595 3808801
14.6595 3810241
14.6619 3811681
14.6619 3813121
14.6646 3814561
14.6646 3816001
14.667 3817441
14.667 3818881
14.667 3820321
14.6694 3821761
14.6694 3823201
14.6972 3824641
14.6972 3826081
14.6996 3827521
14.6996 3828961
14.702 3830401
14.702 3831841
14.7044 3833281
14.7044 3834721
14.7068 3836161
14.7068 3837601
14.7095 3839041
14.7095 3840481
14.7121 3841921
14.7121 3843361
14.7145 3844801
14.7145 3846241
14.7169 3847681
14.7169 3849121
14.7433 3850561
14.7433 3852001
14.7457 3853441
14.7457 3854881
14.7481 3856321
14.7481 3857761
14.7505 3859201
14.7505 3860641
14.753 3862081
14.753 3863521
14.7556 3864961
14.7556 3866401
14.7585 3867841
14.7585 3869281
14.7609 3870721
14.7609 3872161
14.7633 3873601
14.7633 3875041
14.7633 3876481
14.7897 3877921
14.7897 3879361
14.7921 3880801
14.7921 3882241
14.7945 3883681
14.7945 3885121
14.7969 3886561
14.7969 3888001
14.7992 3889441
14.7992 3890881
14.8018 3892321
14.8018 3893761
14.805 3895201
14.805 3896641
14.8074 3898081
14.8074 3899521
14.8097 3900961
14.8097 3902401
14.8346 3903841
14.8346 3905281
14.8373 3906721
14.8373 3908161
14.8397 3909601
14.8397 3911041
14.8421 3912481
14.8421 3913921
14.8445 3915361
14.8445 3916801
14.8469 3918241
14.8469 3919681
14.8499 3921121
14.8499 3922561
14.8522 3924001
14.8522 3925441
14.8546 3926881
14.8546 3928321
14.8795 3929761
14.8795 3931201
14.8795 3932641
14.8822 3934081
14.8822 3935521
14.8846 3936961
14.8846 3938401
14.887 3939841
14.887 3941281
14.8894 3942721
14.8894 3944161
14.8918 3945601
14.8918 3947041
14.8947 3948481
14.8947 3949921
14.8971 3951361
14.8971 3952801
14.8995 3954241
14.8995 3955681
14.9244 3957121
14.9244 3958561
14.9271 3960001
14.9271 3961441
14.9295 3962881
14.9295 3964321
14.9319 3965761
14.9319 3967201
14.9343 3968641
14.9343 3970081
14.9367 3971521
14.9367 3972961
14.9391 3974401
14.9391 3975841
14.9414 3977281
14.9414 3978721
14.9438 3980161
14.9438 3981601
14.9462 3983041
14.9462 3984481
14.9704 3985921
14.9704 3987361
14.9736 3988801
14.9736 3990241
14.9761 3991681
14.9761 3993121
14.9761 3994561
14.9785 3996001
14.9785 3997441
14.9809 3998881
14.9809 4000321
14.9833 4001761
14.9833 4003201
14.9857 4004641
14.9857 4006081
14.988 4007521
14.988 4008961
14.9904 4010401
14.9904 4011841
14.9928 4013281
14.9928 4014721
15.0169 4016161
15.0169 4017601
15.0197 4019041
15.0197 4020481
15.0222 4021921
15.0222 4023361
15.0246 4024801
15.0246 4026241
15.027 4027681
15.027 4029121
15.0294 4030561
15.0294 4032001
15.0318 4033441
15.0318 4034881
15.0341 4036321
15.0341 4037761
15.0365 4039201
15.0365 4040641
15.0389 4042081
15.0389 4043521
15.0618 4044961
15.0618 4046401
15.0645 4047841
15.0645 4049281
15.0671 4050721
15.0671 4052161
15.0695 4053601
15.0695 4055041
15.072 4056481
15.072 4057921
15.072 4059361
15.0743 4060801
15.0743 4062241
15.0767 4063681
15.0767 4065121
15.0791 4066561
15.0791 4068001
15.0815 4069441
15.0815 4070881
15.0839 4072321
15.0839 4073761
15.1067 4075201
15.1067 4076641
15.1094 4078081
15.1094 4079521
15.1123 4080961
15.1123 4082401
15.1147 4083841
15.1147 4085281
15.1171 4086721
15.1171 4088161
15.1195 4089601
15.1195 4091041
15.1219 4092481
15.1219 4093921
15.1243 4095361
15.1243 4096801
15.1267 4098241
15.1267 4099681
15.1291 4101121
15.1291 4102561
15.1315 4104001
15.1315 4105441
15.1528 4106881
15.1528 4108321
15.1555 4109761
15.1555 4111201
15.1584 4112641
15.1584 4114081
15.1608 4115521
15.1608 4116961
15.1632 4118401
15.1632 4119841
15.1656 4121281
15.1656 4122721
15.1656 4124161
15.168 4125601
15.168 4127041
15.1704 4128481
15.1704 4129921
15.1728 4131361
15.1728 4132801
15.1752 4134241
15.1752 4135681
15.1776 4137121
15.1776 4138561
15.1989 4140001
15.1989 4141441
15.2016 4142881
15.2016 4144321
15.2045 4145761
15.2045 4147201
15.2069 4148641
15.2069 4150081
15.2093 4151521
15.2093 4152961
15.2117 4154401
15.2117 4155841
15.2141 4157281
15.2141 4158721
15.2168 4160161
15.2168 4161601
15.2196 4163041
15.2196 4164481
15.222 4165921
15.222 4167361
15.2244 4168801
15.2244 4170241
15.2437 4171681
15.2437 4173121
15.2465 4174561
15.2465 4176001
15.2494 4177441
15.2494 4178881
15.2518 4180321
15.2518 4181761
15.2542 4183201
15.2542 4184641
15.2566 4186081
15.2566 4187521
15.259 4188961
15.259 4190401
15.2621 4191841
15.2621 4193281
15.2621 4194721
15.2645 4196161
15.2645 4197601
15.2669 4199041
15.2669 4200481
15.2693 4201921
15.2693 4203361
15.2886 4204801
15.2886 4206241
15.2914 4207681
15.2914 4209121
15.2946 4210561
15.2946 4212001
15.297 4213441
15.297 4214881
15.2994 4216321
15.2994 4217761
15.3018 4219201
15.3018 4220641
15.3042 4222081
15.3042 4223521
15.3074 4224961
15.3074 4226401
15.3098 4227841
15.311 4229281
15.3122 4191841
15.3443 4203361
15.3443 4204801
15.3455 4229281
15.3455 4230721
15.3467 4232161
15.3479 4233601
15.3491 4235041
15.3503 4236481
15.3523 4237921
15.3535 4239361
15.3547 4240801
15.3559 4242241
15.3571 4203361
15.3571 4242241
15.3571 4243681
15.3895 4245121
15.3919 4246561
15.3919 4248001
15.3943 4249441
15.3943 4250881
15.3984 4252321
15.3984 4253761
15.3996 4255201
15.4008 4236481
15.4433 4255201
15.4433 4256641
15.4445 4258081
15.4457 4259521
15.4469 4260961
15.4894 4262401
15.4894 4263841
15.4918 4265281
15.4918 4266721
15.5355 4268161
15.5355 4269601
15.5355 4271041
15.5379 4272481
15.5379 4273921
15.5816 4275361
15.5816 4276801
15.5839 4278241
15.5839 4279681
15.6264 4281121
15.6264 4282561
15.6289 4284001
15.6289 4285441
15.6289 4286881
15.6713 4288321
15.6713 4289761
15.6738 4291201
15.6738 4292641
15.6762 4294081
15.6762 4295521
15.7174 4296961
15.7174 4298401
15.7199 4299841
15.7199 4301281
15.7223 4302721
15.7223 4304161
15.7635 4305601
15.7635 4307041
15.7635 4308481
15.7663 4309921
15.7663 4311361
15.7687 4312801
15.7687 4314241
15.8096 4315681
15.8096 4317121
15.812 4318561
15.812 4320001
15.8144 4321441
15.8144 4322881
15.8549 4324321
15.8549 4325761
15.8573 4327201
15.8573 4328641
15.8573 4330081
15.8596 4331521
15.8596 4332961
15.8998 4334401
15.8998 4335841
15.9021 4337281
15.9021 4338721
15.9045 4340161
15.9045 4341601
15.9069 4343041
15.9069 4344481
15.9458 4345921
15.9458 4347361
15.9482 4348801
15.9482 4350241
15.9506 4351681
15.9506 4353121
15.953 4354561
15.953 4356001
15.953 4357441
15.9919 4358881
15.9919 4360321
15.9943 4361761
15.9943 4363201
15.9967 4364641
15.9967 4366081
15.9991 4367521
15.9991 4368961
16.0368 4370401
16.0368 4371841
16.0394 4373281
16.0394 4374721
16.0418 4376161
16.0418 4377601
16.0442 4379041
16.0442 4380481
16.0817 4381921
16.0817 4383361
16.0817 4384801
16.0843 4386241
16.0843 4387681
16.0867 4389121
16.0867 4390561
16.0891 4392001
16.0891 4393441
16.1266 4394881
16.1266 4396321
16.129 4397761
16.129 4399201
16.1314 4400641
16.1314 4402081
16.1338 4403521
16.1338 4404961
16.1362 4406401
16.1362 4407841
16.1731 4409281
16.1731 4410721
16.1754 4412161
16.1754 4413601
16.1802 4415041
16.1802 4416481
16.1802 4417921
16.1802 4419361
16.1802 4420801
16.1826 4422241
16.1826 4423681
16.2191 4425121
16.2191 4426561
16.2215 4428001
16.2215 4429441
16.2263 4430881
16.2263 4432321
16.2288 4433761
16.2288 4435201
16.2316 4436641
16.2316 4438081
16.264 4439521
16.264 4440961
16.2664 4442401
16.2664 4443841
16.2712 4445281
16.2712 4446721
16.2737 4448161
16.2737 4449601
16.2765 4451041
16.2765 4452481
16.2765 4453921
16.3089 4455361
16.3089 4456801
16.3113 4458241
16.3113 4459681
16.3161 4461121
16.3161 4462561
16.3186 4464001
16.3186 4465441
16.3218 4466881
16.3218 4468321
16.3243 4469761
16.3243 4471201
16.355 4472641
16.355 4474081
16.3576 4475521
16.3576 4476961
16.3624 4478401
16.3624 4479841
16.3651 4481281
16.3651 4482721
16.3679 4484161
16.3679 4485601
16.3704 4487041
16.3704 4488481
16.4011 4489921
16.4011 4491361
16.4011 4492801
16.4041 4494241
16.4041 4495681
16.4088 4497121
16.4088 4498561
16.4112 4500001
16.4112 4501441
16.414 4502881
16.414 4504321
16.4166 4505761
16.4166 4507201
16.4479 4508641
16.4479 4510081
16.4502 4511521
16.4502 4512961
16.4537 4514401
16.4537 4515841
16.4561 4517281
16.4561 4518721
16.4589 4520161
16.4589 4521601
16.4615 4523041
16.4615 4524481
16.4927 4525921
16.4927 4527361
16.4951 4528801
16.4951 4530241
16.4951 4531681
16.4986 4533121
16.4986 4534561
16.501 4536001
16.501 4537441
16.5038 4538881
16.5038 4540321
16.5063 4541761
16.5063 4543201
16.5376 4544641
16.5376 4546081
16.54 4547521
16.54 4548961
16.5425 4550401
16.5425 4551841
16.5449 4553281
16.5449 4554721
16.5474 4556161
16.5474 4557601
16.5498 4559041
16.5498 4560481
16.5524 4561921
16.5524 4563361
16.5837 4564801
16.5837 4566241
16.5861 4567681
16.5861 4569121
16.5886 4570561
16.5886 4572001
16.591 4573441
16.591 4574881
16.591 4576321
16.5935 4577761
16.5935 4579201
16.5959 4580641
16.5959 4582081
16.5985 4583521
16.5985 4584961
16.6298 4586401
16.6298 4587841
16.6335 4589281
16.6335 4590721
16.6347 4592161
16.6359 4567681
16.6748 4592161
16.6748 4593601
16.676 4595041
16.6784 4596481
16.6796 4597921
16.6808 4599361
16.682 4600801
16.7209 4602241
16.7209 4603681
16.7245 4605121
16.7245 4606561
16.7269 4608001
16.7269 4609441
16.7669 4610881
16.7669 4612321
16.7669 4613761
16.7706 4615201
16.7706 4616641
16.773 4618081
16.773 4619521
16.813 4620961
16.813 4622401
16.8155 4623841
16.8155 4625281
16.8179 4626721
16.8179 4628161
16.8579 4629601
16.8579 4631041
16.8604 4632481
16.8604 4633921
16.8604 4635361
16.8628 4636801
16.8628 4638241
16.9028 4639681
16.9028 4641121
16.9053 4642561
16.9053 4644001
16.9077 4645441
16.9077 4646881
16.9101 4648321
16.9101 4649761
16.9489 4651201
16.9489 4652641
16.9514 4654081
16.9514 4655521
16.9538 4656961
16.9538 4658401
16.9562 4659841
16.9562 4661281
16.9562 4662721
16.9951 4664161
16.9951 4665601
16.9975 4667041
16.9975 4668481
16.9999 4669921
16.9999 4671361
17.0022 4672801
17.0022 4674241
17.04 4675681
17.04 4677121
17.0423 4678561
17.0423 4680001
17.0447 4681441
17.0447 4682881
17.0471 4684321
17.0471 4685761
17.0848 4687201
17.0848 4688641
17.0848 4690081
17.0872 4691521
17.0872 4692961
17.0896 4694401
17.0896 4695841
17.092 4697281
17.092 4698721
17.1301 4700161
17.1301 4701601
17.1325 4703041
17.1325 4704481
17.1349 4705921
17.1349 4707361
17.1373 4708801
17.1373 4710241
17.1397 4711681
17.1397 4713121
17.1762 4714561
17.1762 4716001
17.1786 4717441
17.1786 4718881
17.1811 4720321
17.1811 4721761
17.1811 4723201
17.1835 4724641
17.1835 4726081
17.1859 4727521
17.1859 4728961
17.2223 4730401
17.2223 4731841
17.2247 4733281
17.2247 4734721
17.2276 4736161
17.2276 4737601
17.23 4739041
17.23 4740481
17.2324 4741921
17.2324 4743361
17.2672 4744801
17.2672 4746241
17.2697 4747681
17.2697 4749121
17.2725 4750561
17.2725 4752001
17.2749 4753441
17.2749 4754881
17.2749 4756321
17.2772 4757761
17.2772 4759201
17.3121 4760641
17.3121 4762081
17.3146 4763521
17.3146 4764961
17.3177 4766401
17.3177 4767841
17.3201 4769281
17.3201 4770721
17.3225 4772161
17.3225 4773601
17.3249 4775041
17.3249 4776481
17.3582 4777921
17.3582 4779361
17.361 4780801
17.361 4782241
17.3638 4783681
17.3638 4785121
17.3662 4786561
17.3662 4788001
17.3686 4789441
17.3686 4790881
17.371 4792321
17.371 4793761
17.371 4795201
17.4043 4796641
17.4043 4798081
17.4072 4799521
17.4072 4800961
17.4099 4802401
17.4099 4803841
17.4123 4805281
17.4123 4806721
17.4147 4808161
17.4147 4809601
17.4171 4811041
17.4171 4812481
17.4492 4813921
17.4492 4815361
17.4521 4816801
17.4521 4818241
17.4548 4819681
17.4548 4821121
17.4572 4822561
17.4572 4824001
17.4596 4825441
17.4596 4826881
17.462 4828321
17.462 4829761
17.4941 4831201
17.4941 4832641
17.4941 4834081
17.497 4835521
17.497 4836961
17.4997 4838401
17.4997 4839841
17.5025 4841281
17.5025 4842721
17.5049 4844161
17.5049 4845601
17.5073 4847041
17.5073 4848481
17.539 4849921
17.539 4851361
17.5414 4852801
17.5414 4854241
17.5438 4855681
17.5438 4857121
17.5462 4858561
17.5462 4860001
17.5486 4861441
17.5486 4862881
17.551 4864321
17.551 4865761
17.5533 4867201
17.5533 4868641
17.5855 4870081
17.5855 4871521
17.5879 4872961
17.5879 4874401
17.5902 4875841
17.5902 4877281
17.5902 4878721
17.5926 4880161
17.5926 4881601
17.595 4883041
17.595 4884481
17.5974 4885921
17.5974 4887361
17.5998 4888801
17.5998 4890241
17.6316 4891681
17.6316 4893121
17.634 4894561
17.634 4896001
17.6364 4897441
17.6364 4898881
17.6388 4900321
17.6388 4901761
17.6412 4903201
17.6412 4904641
17.6436 4906081
17.6436 4907521
17.646 4908961
17.646 4910401
17.6765 4911841
17.6765 4913281
17.6789 4914721
17.6789 4916161
17.6813 4917601
17.6813 4919041
17.6837 4920481
17.6837 4921921
17.6837 4923361
17.6861 4924801
17.6861 4926241
17.6885 4927681
17.6885 4929121
17.6908 4930561
17.6908 4932001
17.7214 4933441
17.7214 4934881
17.7238 4936321
17.7238 4937761
17.7262 4939201
17.7262 4940641
17.7286 4942081
17.7286 4943521
17.731 4944961
17.731 4946401
17.7333 4947841
17.7333 4949281
17.7357 4950721
17.7357 4952161
17.7381 4953601
17.7381 4955041
17.7675 4956481
17.7675 4957921
17.7699 4959361
17.7699 4960801
17.7738 4962241
17.7738 4963681
17.775 4965121
17.7762 4939201
17.8136 4965121
17.8136 4966561
17.8148 4968001
17.816 4969441
17.8188 4970881
17.8199 4972321
17.8211 4973761
17.8223 4975201
17.8597 4976641
17.8597 4978081
17.8636 4979521
17.8636 4980961
17.866 4982401
17.866 4983841
17.9045 4985281
17.9045 4986721
17.9085 4988161
17.9085 4989601
17.9109 4991041
17.9109 4992481
17.9494 4993921
17.9494 4995361
17.9534 4996801
17.9534 4998241
17.9534 4999681
17.9558 5001121
17.9558 5002561
17.9943 5004001
17.9943 5005441
17.9983 5006881
17.9983 5008321
18.0007 5009761
18.0007 5011201
18.0031 5012641
18.0031 5014081
18.0406 5015521
18.0406 5016961
18.0444 5018401
18.0444 5019841
18.0468 5021281
18.0468 5022721
18.0468 5024161
18.0855 5025601
18.0855 5027041
18.0867 5028481
18.0893 5012641
18.1316 5028481
18.1316 5029921
18.1328 5031361
18.1342 5032801
18.1777 5034241
18.1777 5035681
18.2226 5037121
18.2226 5038561
18.2226 5040001
18.2675 5041441
18.2675 5042881
18.2699 5044321
18.2699 5045761
18.3138 5047201
18.3138 5048641
18.3162 5050081
18.3162 5051521
18.3598 5052961
18.3598 5054401
18.3598 5055841
18.3622 5057281
18.3622 5058721
18.4059 5060161
18.4059 5061601
18.4083 5063041
18.4083 5064481
18.4508 5065921
18.4508 5067361
18.4532 5068801
18.4532 5070241
18.4532 5071681
18.4957 5073121
18.4957 5074561
18.4981 5076001
18.4981 5077441
18.5005 5078881
18.5005 5080321
18.5418 5081761
18.5418 5083201
18.5442 5084641
18.5442 5086081
18.5466 5087521
18.5466 5088961
18.5879 5090401
18.5879 5091841
18.5879 5093281
18.5903 5094721
18.5903 5096161
18.5927 5097601
18.5927 5099041
18.634 5100481
18.634 5101921
18.6364 5103361
18.6364 5104801
18.6387 5106241
18.6387 5107681
18.6789 5109121
18.6789 5110561
18.6812 5112001
18.6812 5113441
18.6812 5114881
18.6836 5116321
18.6836 5117761
18.7237 5119201
18.7237 5120641
18.7261 5122081
18.7261 5123521
18.7285 5124961
18.7285 5126401
18.7309 5127841
18.7309 5129281
18.7699 5130721
18.7699 5132161
18.7723 5133601
18.7723 5135041
18.7747 5136481
18.7747 5137921
18.7747 5139361
18.7771 5140801
18.7771 5142241
18.8164 5143681
18.8164 5145121
18.8188 5146561
18.8188 5148001
18.8212 5149441
18.8212 5150881
18.8236 5152321
18.8236 5153761
18.8613 5155201
18.8613 5156641
18.865 5158081
18.865 5159521
18.8662 5160961
18.8674 5145121
18.9111 5160961
18.9111 5162401
18.9123 5163841
18.9135 5165281
18.9572 5166721
18.9572 5168161
19.0021 5169601
19.0021 5171041
19.0021 5172481
19.047 5173921
19.047 5175361
19.0493 5176801
19.0493 5178241
19.0932 5179681
19.0932 5181121
19.0958 5182561
19.0958 5184001
19.1393 5185441
19.1393 5186881
19.1393 5188321
19.1419 5189761
19.1419 5191201
19.1857 5192641
19.1857 5194081
19.1881 5195521
19.1881 5196961
19.2306 5198401
19.2306 5199841
19.2329 5201281
19.2329 5202721
19.2329 5204161
19.2758 5205601
19.2758 5207041
19.2782 5208481
19.2782 5209921
19.2806 5211361
19.2806 5212801
19.3219 5214241
19.3219 5215681
19.3243 5217121
19.3243 5218561
19.3267 5220001
19.3267 5221441
19.368 5222881
19.368 5224321
19.368 5225761
19.3704 5227201
19.3704 5228641
19.3728 5230081
19.3728 5231521
19.4141 5232961
19.4141 5234401
19.4165 5235841
19.4165 5237281
19.4189 5238721
19.4189 5240161
19.459 5241601
19.459 5243041
19.4614 5244481
19.4614 5245921
19.4614 5247361
19.4638 5248801
19.4638 5250241
19.5039 5251681
19.5039 5253121
19.5063 5254561
19.5063 5256001
19.5087 5257441
19.5087 5258881
19.5111 5260321
19.5111 5261761
19.5499 5263201
19.5499 5264641
19.5524 5266081
19.5524 5267521
19.5548 5268961
19.5548 5270401
19.5548 5271841
19.5572 5273281
19.5572 5274721
19.596 5276161
19.596 5277601
19.5985 5279041
19.5985 5280481
19.6009 5281921
19.6009 5283361
19.6033 5284801
19.6033 5286241
19.6409 5287681
19.6409 5289121
19.6434 5290561
19.6434 5292001
19.6458 5293441
19.6458 5294881
19.6482 5296321
19.6482 5297761
19.6858 5299201
19.6858 5300641
19.6858 5302081
19.6887 5303521
19.6887 5304961
19.6911 5306401
19.6911 5307841
19.6935 5309281
19.6935 5310721
19.7311 5312161
19.7311 5313601
19.7335 5315041
19.7335 5316481
19.7359 5317921
19.7359 5319361
19.7383 5320801
19.7383 5322241
19.7406 5323681
19.7406 5325121
19.7772 5326561
19.7772 5328001
19.7796 5329441
19.7796 5330881
19.7796 5332321
19.7819 5333761
19.7819 5335201
19.7843 5336641
19.7843 5338081
19.7867 5339521
19.7867 5340961
19.8236 5342401
19.8236 5343841
19.826 5345281
19.826 5346721
19.8284 5348161
19.8284 5349601
19.8308 5351041
19.8308 5352481
19.8332 5353921
19.8332 5355361
19.8685 5356801
19.8685 5358241
19.8709 5359681
19.8709 5361121
19.8733 5362561
19.8733 5364001
19.8757 5365441
19.8757 5366881
19.8757 5368321
19.8781 5369761
19.8781 5371201
19.9134 5372641
19.9134 5374081
19.9158 5375521
19.9158 5376961
19.9183 5378401
19.9183 5379841
19.9207 5381281
19.9207 5382721
19.9244 5384161
19.9244 5385601
19.9256 5387041
19.9583 5366881
19.9668 5387041
19.9668 5388481
19.9693 5389921
19.9705 5391361
19.9717 5392801
20.0032 5394241
20.0146 5395681
20.0146 5397121
20.0174 5398561
20.0174 5400001
20.0595 5401441
20.0595 5402881
20.0622 5404321
20.0622 5405761
20.1043 5407201
20.1043 5408641
20.1072 5410081
20.1072 5411521
20.1072 5412961
20.1492 5414401
20.1492 5415841
20.1521 5417281
20.1521 5418721
20.1545 5420161
20.1545 5421601
20.1953 5423041
20.1953 5424481
20.1982 5425921
20.1982 5427361
20.2006 5428801
20.2006 5430241
20.2006 5431681
20.2414 5433121
20.2414 5434561
20.2443 5436001
20.2443 5437441
20.2467 5438881
20.2467 5440321
20.2863 5441761
20.2863 5443201
20.2892 5444641
20.2892 5446081
20.2916 5447521
20.2916 5448961
20.3312 5450401
20.3312 5451841
20.3341 5453281
20.3341 5454721
20.3341 5456161
20.3364 5457601
20.3364 5459041
20.3761 5460481
20.3761 5461921
20.3789 5463361
20.3789 5464801
20.3813 5466241
20.3813 5467681
20.3837 5469121
20.3837 5470561
20.4224 5472001
20.4224 5473441
20.425 5474881
20.425 5476321
20.4274 5477761
20.4274 5479201
20.4274 5480641
20.4299 5482081
20.4299 5483521
20.4685 5484961
20.4685 5486401
20.4711 5487841
20.4711 5489281
20.4735 5490721
20.4735 5492161
20.4759 5493601
20.4759 5495041
20.5134 5496481
20.5134 5497921
20.5163 5499361
20.5163 5500801
20.5187 5502241
20.5187 5503681
20.521 5505121
20.521 5506561
20.5583 5508001
20.5583 5509441
20.5583 5510881
20.5615 5512321
20.5615 5513761
20.5639 5515201
20.5639 5516641
20.5663 5518081
20.5663 5519521
20.6032 5520961
20.6032 5522401
20.6055 5523841
20.6055 5525281
20.6079 5526721
20.6079 5528161
20.6104 5529601
20.6104 5531041
20.6128 5532481
20.6128 5533921
20.6492 5535361
20.6492 5536801
20.6516 5538241
20.6516 5539681
20.6516 5541121
20.654 5542561
20.654 5544001
20.6565 5545441
20.6565 5546881
20.6589 5548321
20.6589 5549761
20.6953 5551201
20.6953 5552641
20.6977 5554081
20.6977 5555521
20.7001 5556961
20.7001 5558401
20.7025 5559841
20.7025 5561281
20.7049 5562721
20.7049 5564161
20.7402 5565601
20.7402 5567041
20.7426 5568481
20.7426 5569921
20.745 5571361
20.745 5572801
20.7474 5574241
20.7474 5575681
20.7474 5577121
20.7498 5578561
20.7498 5580001
20.7851 5581441
20.7851 5582881
20.7875 5584321
20.7875 5585761
20.7899 5587201
20.7899 5588641
20.7923 5590081
20.7923 5591521
20.7947 5592961
20.7947 5594401
20.7971 5595841
20.7971 5597281
20.8312 5598721
20.8312 5600161
20.8336 5601601
20.8336 5603041
20.836 5604481
20.836 5605921
20.8384 5607361
20.8384 5608801
20.841 5610241
20.841 5611681
20.841 5613121
20.8434 5614561
20.8434 5616001
20.8773 5617441
20.8773 5618881
20.8797 5620321
20.8797 5621761
20.8821 5623201
20.8821 5624641
20.8844 5626081
20.8844 5627521
20.8871 5628961
20.8871 5630401
20.8895 5631841
20.8895 5633281
20.9222 5634721
20.9222 5636161
20.9246 5637601
20.9246 5639041
20.9269 5640481
20.9269 5641921
20.9293 5643361
20.9305 5644801
20.932 5623201
20.9721 5644801
20.9721 5646241
20.9733 5647681
20.9745 5649121
20.9757 5650561
20.9769 5652001
21.0185 5653441
21.0185 5654881
21.0209 5656321
21.0209 5657761
21.0638 5659201
21.0638 5660641
21.0638 5662081
21.0662 5663521
21.0662 5664961
21.1091 5666401
21.1091 5667841
21.1115 5669281
21.1115 5670721
21.1138 5672161
21.1138 5673601
21.1553 5675041
21.1553 5676481
21.1577 5677921
21.1577 5679361
21.1601 5680801
21.1601 5682241
21.1601 5683681
21.2017 5685121
21.2017 5686561
21.2041 5688001
21.2041 5689441
21.2065 5690881
21.2065 5692321
21.2466 5693761
21.2466 5695201
21.249 5696641
21.249 5698081
21.2518 5699521
21.2518 5700961
21.2915 5702401
21.2915 5703841
21.2915 5705281
21.2939 5706721
21.2939 5708161
21.2971 5709601
21.2971 5711041
21.3364 5712481
21.3364 5713921
21.3388 5715361
21.3388 5716801
21.3412 5718241
21.3412 5719681
21.3436 5721121
21.3436 5722561
21.3825 5724001
21.3825 5725441
21.3849 5726881
21.3849 5728321
21.3874 5729761
21.3874 5731201
21.3874 5732641
21.39 5734081
21.39 5735521
21.4286 5736961
21.4286 5738401
21.431 5739841
21.431 5741281
21.4334 5742721
21.4334 5744161
21.4358 5745601
21.4358 5747041
21.4738 5748481
21.4738 5749921
21.4762 5751361
21.4762 5752801
21.4787 5754241
21.4787 5755681
21.4811 5757121
21.4811 5758561
21.4811 5760001
21.5188 5761441
21.5188 5762881
21.5212 5764321
21.5212 5765761
21.5236 5767201
21.5236 5768641
21.526 5770081
21.526 5771521
21.5284 5772961
21.5284 5774401
21.5649 5775841
21.5649 5777281
21.5673 5778721
21.5673 5780161
21.5697 5781601
21.5697 5783041
21.5721 5784481
21.5721 5785921
21.5745 5787361
21.5745 5788801
21.611 5790241
21.611 5791681
21.611 5793121
21.6134 5794561
21.6134 5796001
21.6158 5797441
21.6158 5798881
21.6182 5800321
21.6182 5801761
21.6206 5803201
21.6206 5804641
21.657 5806081
21.657 5807521
21.6594 5808961
21.6594 5810401
21.6618 5811841
21.6618 5813281
21.6642 5814721
21.6642 5816161
21.6666 5817601
21.6666 5819041
21.7019 5820481
21.7019 5821921
21.7043 5823361
21.7043 5824801
21.7043 5826241
21.7067 5827681
21.7067 5829121
21.7091 5830561
21.7091 5832001
21.7115 5833441
21.7115 5834881
21.7468 5836321
21.7468 5837761
21.7492 5839201
21.7492 5840641
21.7516 5842081
21.7516 5843521
21.754 5844961
21.754 5846401
21.7564 5847841
21.7564 5849281
21.7588 5850721
21.7588 5852161
21.7929 5853601
21.7929 5855041
21.7953 5856481
21.7953 5857921
21.798 5859361
21.798 5860801
21.8004 5862241
21.8004 5863681
21.8004 5865121
21.8028 5866561
21.8028 5868001
21.8052 5869441
21.8052 5870881
21.839 5872321
21.839 5873761
21.8414 5875201
21.8414 5876641
21.8441 5878081
21.8441 5879521
21.8465 5880961
21.8465 5882401
21.8489 5883841
21.8489 5885281
21.8514 5886721
21.8514 5888161
21.8839 5889601
21.8839 5891041
21.8863 5892481
21.8863 5893921
21.889 5895361
21.889 5896801
21.8914 5898241
21.8914 5899681
21.8937 5901121
21.8937 5902561
21.8937 5904001
21.8962 5905441
21.8962 5906881
21.9288 5908321
21.9288 5909761
21.9312 5911201
21.9312 5912641
21.9339 5914081
21.9339 5915521
21.9362 5916961
21.9362 5918401
21.9386 5919841
21.9386 5921281
21.941 5922721
21.941 5924161
21.9434 5925601
21.9434 5927041
21.9749 5928481
21.9749 5929921
21.9772 5931361
21.9772 5932801
21.9799 5934241
21.9799 5935681
21.9823 5937121
21.9823 5938561
21.9847 5940001
21.9847 5941441
21.9884 5942881
21.9884 5944321
21.9896 5945761
22.0198 5922721
22.03 5945761
22.03 5947201
22.0312 5948641
22.0333 5950081
22.0345 5951521
22.0357 5952961
22.0646 5954401
22.0761 5955841
22.0761 5957281
22.0794 5958721
22.0794 5960161
22.1099 5961601
22.1099 5963041
22.1223 5964481
22.1223 5965921
22.1259 5967361
22.1259 5968801
22.156 5970241
22.156 5971681
22.1683 5973121
22.1683 5974561
22.1683 5976001
22.172 5977441
22.172 5978881
22.2021 5980321
22.2021 5981761
22.2144 5983201
22.2144 5984641
22.2168 5986081
22.2168 5987521
22.2473 5988961
22.2473 5990401
22.2595 5991841
22.2595 5993281
22.2618 5994721
22.2618 5996161
22.2618 5997601
22.2922 5999041
22.2922 6000481
22.3043 6001921
22.3043 6003361
22.3068 6004801
22.3068 6006241
22.3091 6007681
22.3091 6009121
22.3384 6010561
22.3384 6012001
22.3504 6013441
22.3504 6014881
22.3532 6016321
22.3532 6017761
22.3556 6019201
22.3556 6020641
22.3845 6022081
22.3845 6023521
22.3845 6024961
22.397 6026401
22.397 6027841
22.3994 6029281
22.3994 6030721
22.4018 6032161
22.4018 6033601
22.4306 6035041
22.4306 6036481
22.4419 6037921
22.4419 6039361
22.4443 6040801
22.4443 6042241
22.4467 6043681
22.4467 6045121
22.4755 6046561
22.4755 6048001
22.4884 6049441
22.4884 6050881
22.4884 6052321
22.4897 6053761
22.4909 6036481
22.5345 6053761
22.5345 6055201
22.5357 6056641
22.5369 6058081
22.538 6059521
22.5806 6060961
22.5806 6062401
22.5829 6063841
22.5829 6065281
22.6269 6066721
22.6269 6068161
22.6293 6069601
22.6293 6071041
22.673 6072481
22.673 6073921
22.673 6075361
22.6754 6076801
22.6754 6078241
22.7191 6079681
22.7191 6081121
22.7215 6082561
22.7215 6084001
22.764 6085441
22.764 6086881
22.7664 6088321
22.7664 6089761
22.7664 6091201
22.8089 6092641
22.8089 6094081
22.8112 6095521
22.8112 6096961
22.8138 6098401
22.8138 6099841
22.855 6101281
22.855 6102721
22.8574 6104161
22.8574 6105601
22.8599 6107041
22.8599 6108481
22.9015 6109921
22.9015 6111361
22.9015 6112801
22.9039 6114241
22.9039 6115681
22.9063 6117121
22.9063 6118561
22.9476 6120001
22.9476 6121441
22.95 6122881
22.95 6124321
22.9525 6125761
22.9525 6127201
22.9925 6128641
22.9925 6130081
22.9949 6131521
22.9949 6132961
22.9949 6134401
22.9974 6135841
22.9974 6137281
23.0374 6138721
23.0374 6140161
23.0398 6141601
23.0398 6143041
23.0422 6144481
23.0422 6145921
23.0445 6147361
23.0445 6148801
23.0835 6150241
23.0835 6151681
23.0859 6153121
23.0859 6154561
23.0883 6156001
23.0883 6157441
23.0907 6158881
23.0907 6160321
23.0907 6161761
23.1296 6163201
23.1296 6164641
23.132 6166081
23.132 6167521
23.1344 6168961
23.1344 6170401
23.1368 6171841
23.1368 6173281
23.1745 6174721
23.1745 6176161
23.1769 6177601
23.1769 6179041
23.1793 6180481
23.1793 6181921
23.1817 6183361
23.1817 6184801
23.2194 6186241
23.2194 6187681
23.2194 6189121
23.2218 6190561
23.2218 6192001
23.2242 6193441
23.2242 6194881
23.2266 6196321
23.2266 6197761
23.2643 6199201
23.2643 6200641
23.2667 6202081
23.2667 6203521
23.2691 6204961
23.2691 6206401
23.2715 6207841
23.2715 6209281
23.2739 6210721
23.2739 6212161
23.3107 6213601
23.3107 6215041
23.3131 6216481
23.3131 6217921
23.3155 6219361
23.3155 6220801
23.3155 6222241
23.3179 6223681
23.3179 6225121
23.3203 6226561
23.3203 6228001
23.3572 6229441
23.3572 6230881
23.3596 6232321
23.3596 6233761
23.362 6235201
23.362 6236641
23.3645 6238081
23.3645 6239521
23.3669 6240961
23.3669 6242401
23.4022 6243841
23.4022 6245281
23.4046 6246721
23.4046 6248161
23.407 6249601
23.407 6251041
23.4094 6252481
23.4094 6253921
23.4094 6255361
23.4118 6256801
23.4118 6258241
23.4471 6259681
23.4471 6261121
23.4495 6262561
23.4495 6264001
23.4523 6265441
23.4523 6266881
23.4547 6268321
23.4547 6269761
23.4571 6271201
23.4571 6272641
23.4595 6274081
23.4595 6275521
23.4963 6276961
23.4963 6278401
23.4963 6279841
23.4963 6281281
23.5011 6282721
23.5011 6284161
23.5011 6285601
23.5011 6287041
23.5035 6288481
23.5035 6289921
23.5058 6291361
23.5058 6292801
23.5424 6294241
23.5424 6295681
23.5448 6297121
23.5448 6298561
23.5448 6300001
23.5471 6301441
23.5471 6302881
23.5495 6304321
23.5495 6305761
23.5519 6307201
23.5519 6308641
23.5544 6310081
23.5544 6311521
23.5885 6312961
23.5885 6314401
23.5908 6315841
23.5908 6317281
23.5932 6318721
23.5932 6320161
23.5956 6321601
23.5956 6323041
23.598 6324481
23.598 6325921
23.6004 6327361
23.6004 6328801
23.6333 6330241
23.6333 6331681
23.6357 6333121
23.6357 6334561
23.6381 6336001
23.6381 6337441
23.6381 6338881
23.6405 6340321
23.6405 6341761
23.6429 6343201
23.6429 6344641
23.6456 6346081
23.6456 6347521
23.6782 6348961
23.6782 6350401
23.6806 6351841
23.6806 6353281
23.683 6354721
23.683 6356161
23.6854 6357601
23.6854 6359041
23.6878 6360481
23.6878 6361921
23.6902 6363361
23.6902 6364801
23.6926 6366241
23.6926 6367681
23.7243 6369121
23.7243 6370561
23.7271 6372001
23.7271 6373441
23.7295 6374881
23.7295 6376321
23.7319 6377761
23.7319 6379201
23.7343 6380641
23.7343 6382081
23.7343 6383521
23.7367 6384961
23.7367 6386401
23.739 6387841
23.739 6389281
23.7704 6390721
23.7704 6392161
23.7732 6393601
23.7732 6395041
23.7756 6396481
23.7756 6397921
23.778 6399361
23.778 6400801
23.7803 6402241
23.7803 6403681
23.7827 6405121
23.7827 6406561
23.7851 6408001
23.7851 6409441
23.8153 6410881
23.8153 6412321
23.8181 6413761
23.8181 6415201
23.8205 6416641
23.8205 6418081
23.8228 6419521
23.8228 6420961
23.8252 6422401
23.8252 6423841
23.8276 6425281
23.8276 6426721
23.8276 6428161
23.83 6429601
23.83 6431041
23.8602 6432481
23.8602 6433921
23.863 6435361
23.863 6436801
23.8657 6438241
23.8657 6439681
23.8681 6441121
23.8681 6442561
23.8705 6444001
23.8705 6445441
23.8729 6446881
23.8729 6448321
23.8753 6449761
23.8753 6451201
23.8777 6452641
23.8777 6454081
23.907 6455521
23.907 6456961
23.9094 6458401
23.9094 6459841
23.9118 6461281
23.9118 6462721
23.9142 6464161
23.9142 6465601
23.9166 6467041
23.9166 6468481
23.919 6469921
23.919 6471361
23.9214 6472801
23.9214 6474241
23.9238 6475681
23.9238 6477121
23.9238 6478561
23.9531 6480001
23.9531 6481441
23.9555 6482881
23.9555 6484321
23.9579 6485761
23.9579 6487201
23.9603 6488641
23.9603 6490081
23.9627 6491521
23.9627 6492961
23.9651 6494401
23.9651 6495841
23.9675 6497281
23.9675 6498721
23.9698 6500161
23.9698 6501601
23.9981 6503041
23.9981 6504481
24.0005 6505921
24.0005 6507361
24.0028 6508801
24.0028 6510241
24.0052 6511681
24.0052 6513121
24.0076 6514561
24.0076 6516001
24.01 6517441
24.01 6518881
24.0124 6520321
24.0124 6521761
24.0148 6523201
24.0148 6524641
24.043 6526081
24.043 6527521
24.043 6528961
24.0453 6530401
24.0453 6531841
24.0477 6533281
24.0477 6534721
24.0501 6536161
24.0501 6537601
24.0525 6539041
24.0525 6540481
24.0549 6541921
24.0549 6543361
24.0573 6544801
24.0573 6546241
24.0598 6547681
24.0598 6549121
24.0878 6550561
24.0878 6552001
24.0902 6553441
24.0902 6554881
24.0926 6556321
24.0926 6557761
24.095 6559201
24.095 6560641
24.0974 6562081
24.0974 6563521
24.0998 6564961
24.0998 6566401
24.1022 6567841
24.1022 6569281
24.1046 6570721
24.1046 6572161
24.107 6573601
24.107 6575041
24.1339 6576481
24.1339 6577921
24.1363 6579361
24.1363 6580801
24.1387 6582241
24.1387 6583681
24.1387 6585121
24.1411 6586561
24.1411 6588001
24.1435 6589441
24.1435 6590881
24.1459 6592321
24.1459 6593761
24.1483 6595201
24.1483 6596641
24.1507 6598081
24.1507 6599521
24.1531 6600961
24.1531 6602401
24.18 6603841
24.18 6605281
24.1824 6606721
24.1824 6608161
24.1848 6609601
24.1848 6611041
24.1877 6612481
24.1877 6613921
24.1901 6615361
24.1901 6616801
24.1921 6618241
24.1933 6619681
24.1945 6589441
24.231 6619681
24.231 6621121
24.2326 6622561
24.2338 6624001
24.235 6625441
24.2362 6626881
24.2374 6628321
24.2386 6629761
24.2759 6631201
24.2775 6632641
24.2787 6634081
24.2799 6635521
24.2812 6636961
24.2824 6638401
24.2836 6639841
24.3208 6641281
24.3224 6642721
24.3236 6644161
24.3248 6645601
24.3261 6647041
24.3273 6648481
24.3285 6649921
24.3657 6651361
24.3673 6652801
24.3685 6654241
24.3697 6655681
24.371 6657121
24.3722 6658561
24.3734 6660001
24.4107 6661441
24.4122 6662881
24.4134 6664321
24.4146 6665761
24.4159 6667201
24.4171 6668641
24.4183 6670081
24.4556 6671521
24.4575 6672961
24.4587 6674401
24.4599 6675841
24.4611 6677281
24.4623 6678721
24.4635 6680161
24.5005 6681601
24.5024 6683041
24.5036 6684481
24.5048 6685921
24.5063 6687361
24.5075 6688801
24.5087 6690241
24.5454 6691681
24.5473 6693121
24.5485 6694561
24.5497 6696001
24.5512 6697441
24.5524 6698881
24.5536 6700321
24.5903 6701761
24.5922 6703201
24.5934 6704641
24.5946 6706081
24.5961 6707521
24.5976 6708961
24.5988 6710401
24.6356 6711841
24.6371 6713281
24.6383 6714721
24.6395 6716161
24.6412 6717601
24.6428 6719041
24.644 6720481
24.6805 6721921
24.6821 6723361
24.6833 6724801
24.6845 6726241
24.6861 6727681
24.6881 6729121
24.6893 6730561
24.7254 6732001
24.7271 6733441
24.7283 6734881
24.7295 6736321
24.7314 6737761
24.7331 6739201
24.7343 6740641
24.7703 6742081
24.7724 6743521
24.7736 6744961
24.7748 6746401
24.7763 6747841
24.778 6749281
24.7792 6750721
24.8152 6752161
24.8173 6753601
24.8185 6755041
24.8197 6756481
24.8213 6757921
24.8229 6759361
24.8241 6760801
24.8605 6762241
24.8622 6763681
24.8634 6765121
24.8646 6766561
24.8662 6768001
24.8678 6769441
24.869 6770881
24.9054 6772321
24.9071 6773761
24.9083 6775201
24.9095 6776641
24.9111 6778081
24.9127 6779521
24.9139 6780961
24.9504 6782401
24.952 6783841
24.9532 6785281
24.9544 6786721
24.9576 6788161
24.9576 6789601
24.9588 6791041
24.9953 6792481
24.9969 6793921
24.9981 6795361
24.9993 6796801
25.0025 6798241
25.0037 6799681
25.0049 6801121
25.0402 6802561
25.0418 6804001
25.043 6805441
25.0442 6806881
25.0474 6808321
25.0486 6809761
25.0498 6811201
25.0851 6812641
25.0867 6814081
25.0879 6815521
25.0891 6816961
25.0923 6818401
25.0935 6819841
25.0947 6821281
25.13 6822721
25.1316 6824161
25.1328 6825601
25.134 6827041
25.1372 6828481
25.1384 6829921
25.1396 6831361
25.1749 6832801
25.1765 6834241
25.1777 6835681
25.1789 6837121
25.1821 6838561
25.1836 6840001
25.1848 6841441
25.1901 6589441
25.1901 6590881
25.235 6841441
25.235 6842881
25.4799 6844321
25.4799 6845761
25.5259 6847201
25.5259 6848641
25.5259 6850081
25.572 6851521
25.572 6852961
25.572 6854401
25.6169 6855841
25.6169 6857281
25.6193 6858721
25.6193 6860161
25.663 6861601
25.663 6863041
25.6654 6864481
25.6654 6865921
25.6654 6867361
25.7091 6868801
25.7091 6870241
25.7117 6871681
25.7129 6873121
25.7541 6863041
25.7578 6873121
25.7578 6874561
25.799 6876001
25.8442 6877441
25.8442 6878881
25.8903 6880321
25.8903 6881761
25.9364 6883201
25.9364 6884641
25.9364 6886081
25.9825 6887521
25.9825 6888961
26.0274 6890401
26.0274 6891841
26.0724 6893281
26.0724 6894721
26.0724 6896161
26.1172 6897601
26.1172 6899041
26.1196 6900481
26.1196 6901921
26.1633 6903361
26.1633 6904801
26.1657 6906241
26.1657 6907681
26.2094 6909121
26.2094 6910561
26.2094 6912001
26.2118 6913441
26.2118 6914881
26.2559 6916321
26.2559 6917761
26.2579 6919201
26.2591 6920641
26.3008 6910561
26.3044 6920641
26.3044 6922081
26.3457 6923521
26.3906 6924961
26.3906 6926401
26.4367 6927841
26.4367 6929281
26.4828 6930721
26.4828 6932161
26.4828 6933601
26.5289 6935041
26.5289 6936481
26.5738 6937921
26.5738 6939361
26.619 6940801
26.619 6942241
26.619 6943681
26.6639 6945121
26.6639 6946561
26.6663 6948001
26.6663 6949441
26.71 6950881
26.71 6952321
26.7124 6953761
26.7124 6955201
26.7561 6956641
26.7561 6958081
26.7561 6959521
26.7585 6960961
26.7585 6962401
26.8022 6963841
26.8022 6965281
26.8046 6966721
26.8046 6968161
26.8471 6969601
26.8471 6971041
26.8495 6972481
26.8495 6973921
26.8495 6975361
26.892 6976801
26.892 6978241
26.8943 6979681
26.8943 6981121
26.8967 6982561
26.8967 6984001
26.938 6985441
26.938 6986881
26.9404 6988321
26.9404 6989761
26.9428 6991201
26.9428 6992641
26.9428 6994081
26.9849 6995521
26.9849 6996961
26.9873 6998401
26.9873 6999841
26.9897 7001281
26.9897 7002721
27.0302 7004161
27.0302 7005601
27.0326 7007041
27.0326 7008481
27.035 7009921
27.035 7011361
27.0775 7012801
27.0775 7014241
27.0775 7015681
27.0775 7017121
27.08 7018561
27.08 7020001
27.08 7021441
27.1223 7022881
27.1223 7024321
27.1247 7025761
27.1247 7027201
27.1271 7028641
27.1271 7030081
27.1295 7031521
27.1295 7032961
27.1684 7034401
27.1684 7035841
27.1708 7037281
27.1708 7038721
27.1732 7040161
27.1732 7041601
27.1756 7043041
27.1756 7044481
27.1756 7045921
27.2145 7047361
27.2145 7048801
27.2169 7050241
27.2169 7051681
27.2193 7053121
27.2193 7054561
27.2217 7056001
27.2217 7057441
27.2594 7058881
27.2594 7060321
27.2618 7061761
27.2618 7063201
27.2642 7064641
27.2642 7066081
27.2666 7067521
27.2666 7068961
27.3043 7070401
27.3043 7071841
27.3067 7073281
27.3067 7074721
27.3067 7076161
27.3091 7077601
27.3091 7079041
27.3115 7080481
27.3115 7081921
27.3492 7083361
27.3492 7084801
27.3516 7086241
27.3516 7087681
27.354 7089121
27.354 7090561
27.3565 7092001
27.3565 7093441
27.3588 7094881
27.3588 7096321
27.3954 7097761
27.3954 7099201
27.3978 7100641
27.3978 7102081
27.4002 7103521
27.4002 7104961
27.4002 7106401
27.4026 7107841
27.4026 7109281
27.405 7110721
27.405 7112161
27.4415 7113601
27.4415 7115041
27.4443 7116481
27.4443 7117921
27.4467 7119361
27.4467 7120801
27.4491 7122241
27.4491 7123681
27.4515 7125121
27.4515 7126561
27.4864 7128001
27.4864 7129441
27.4893 7130881
27.4893 7132321
27.4941 7133761
27.4941 7135201
27.4941 7136641
27.4941 7138081
27.4965 7139521
27.4965 7140961
27.5313 7142401
27.5313 7143841
27.5313 7145281
27.5342 7146721
27.5342 7148161
27.539 7149601
27.539 7151041
27.5414 7152481
27.5414 7153921
27.5438 7155361
27.5438 7156801
27.5774 7158241
27.5774 7159681
27.5786 7161121
27.5798 7140961
27.5899 7161121
27.5899 7162561
27.6223 7164001
27.6235 7165441
27.6247 7166881
27.6259 7168321
27.6672 7169761
27.6672 7171201
27.6696 7172641
27.6696 7174081
27.7121 7175521
27.7121 7176961
27.7145 7178401
27.7145 7179841
27.757 7181281
27.757 7182721
27.7594 7184161
27.7594 7185601
27.7594 7187041
27.8019 7188481
27.8019 7189921
27.8043 7191361
27.8043 7192801
27.8067 7194241
27.8067 7195681
27.848 7197121
27.848 7198561
27.8504 7200001
27.8504 7201441
27.8528 7202881
27.8528 7204321
27.8528 7205761
27.894 7207201
27.894 7208641
27.8965 7210081
27.8965 7211521
27.8989 7212961
27.8989 7214401
27.9389 7215841
27.9389 7217281
27.9414 7218721
27.9414 7220161
27.9438 7221601
27.9438 7223041
27.9838 7224481
27.9838 7225921
27.9863 7227361
27.9863 7228801
27.9863 7230241
27.9887 7231681
27.9887 7233121
28.0292 7234561
28.0292 7236001
28.0316 7237441
28.0316 7238881
28.034 7240321
28.034 7241761
28.0364 7243201
28.0364 7244641
28.0753 7246081
28.0753 7247521
28.0777 7248961
28.0777 7250401
28.0801 7251841
28.0801 7253281
28.0801 7254721
28.0825 7256161
28.0825 7257601
28.1214 7259041
28.1214 7260481
28.1239 7261921
28.1239 7263361
28.1263 7264801
28.1263 7266241
28.1287 7267681
28.1287 7269121
28.1663 7270561
28.1663 7272001
28.1688 7273441
28.1688 7274881
28.1712 7276321
28.1712 7277761
28.1736 7279201
28.1736 7280641
28.2112 7282081
28.2112 7283521
28.2112 7284961
28.2137 7286401
28.2137 7287841
28.2161 7289281
28.2161 7290721
28.2185 7292161
28.2185 7293601
28.2561 7295041
28.2561 7296481
28.2585 7297921
28.2585 7299361
28.2609 7300801
28.2609 7302241
28.2632 7303681
28.2632 7305121
28.2656 7306561
28.2656 7308001
28.3022 7309441
28.3022 7310881
28.3045 7312321
28.3045 7313761
28.3045 7315201
28.3069 7316641
28.3069 7318081
28.3093 7319521
28.3093 7320961
28.3122 7322401
28.3122 7323841
28.3482 7325281
28.3482 7326721
28.3506 7328161
28.3506 7329601
28.353 7331041
28.353 7332481
28.3554 7333921
28.3554 7335361
28.3578 7336801
28.3578 7338241
28.3931 7339681
28.3931 7341121
28.3955 7342561
28.3955 7344001
28.3979 7345441
28.3979 7346881
28.4003 7348321
28.4003 7349761
28.4003 7351201
28.4027 7352641
28.4027 7354081
28.4384 7355521
28.4384 7356961
28.4408 7358401
28.4408 7359841
28.4431 7361281
28.4431 7362721
28.4456 7364161
28.4456 7365601
28.448 7367041
28.448 7368481
28.4504 7369921
28.4504 7371361
28.4844 7372801
28.4844 7374241
28.4868 7375681
28.4868 7377121
28.4892 7378561
28.4892 7380001
28.4917 7381441
28.4917 7382881
28.494 7384321
28.494 7385761
28.494 7387201
28.4964 7388641
28.4964 7390081
28.5305 7391521
28.5305 7392961
28.5329 7394401
28.5329 7395841
28.5353 7397281
28.5353 7398721
28.5377 7400161
28.5377 7401601
28.5401 7403041
28.5401 7404481
28.5425 7405921
28.5425 7407361
28.5754 7408801
28.5754 7410241
28.5778 7411681
28.5778 7413121
28.5802 7414561
28.5802 7416001
28.5826 7417441
28.5826 7418881
28.585 7420321
28.585 7421761
28.5874 7423201
28.5874 7424641
28.6203 7426081
28.6203 7427521
28.6203 7428961
28.6227 7430401
28.6227 7431841
28.6251 7433281
28.6251 7434721
28.6275 7436161
28.6275 7437601
28.6299 7439041
28.6299 7440481
28.6324 7441921
28.6324 7443361
28.6652 7444801
28.6652 7446241
28.6676 7447681
28.6676 7449121
28.67 7450561
28.67 7452001
28.6724 7453441
28.6724 7454881
28.6748 7456321
28.6748 7457761
28.6772 7459201
28.6772 7460641
28.6795 7462081
28.6795 7463521
28.7113 7464961
28.7113 7466401
28.7137 7467841
28.7137 7469281
28.7137 7470721
28.7161 7472161
28.7161 7473601
28.7185 7475041
28.7185 7476481
28.7208 7477921
28.7208 7479361
28.7232 7480801
28.7232 7482241
28.7256 7483681
28.7256 7485121
28.7574 7486561
28.7574 7488001
28.7598 7489441
28.7598 7490881
28.7622 7492321
28.7622 7493761
28.7645 7495201
28.7645 7496641
28.7669 7498081
28.7669 7499521
28.7693 7500961
28.7693 7502401
28.7717 7503841
28.7717 7505281
28.8023 7506721
28.8023 7508161
28.8047 7509601
28.8047 7511041
28.807 7512481
28.807 7513921
28.8094 7515361
28.8094 7516801
28.8094 7518241
28.8118 7519681
28.8118 7521121
28.8142 7522561
28.8142 7524001
28.8166 7525441
28.8166 7526881
28.8471 7528321
28.8471 7529761
28.8495 7531201
28.8495 7532641
28.8519 7534081
28.8519 7535521
28.8543 7536961
28.8543 7538401
28.8567 7539841
28.8567 7541281
28.8591 7542721
28.8591 7544161
28.8615 7545601
28.8615 7547041
28.8639 7548481
28.8639 7549921
28.8932 7551361
28.8932 7552801
28.8956 7554241
28.8956 7555681
28.898 7557121
28.898 7558561
28.9004 7560001
28.9004 7561441
28.9032 7562881
28.9032 7564321
28.9032 7565761
28.9056 7567201
28.9056 7568641
28.908 7570081
28.908 7571521
28.9103 7572961
28.9103 7574401
28.9393 7575841
28.9393 7577281
28.9417 7578721
28.9417 7580161
28.9441 7581601
28.9441 7583041
28.9469 7584481
28.9469 7585921
28.9493 7587361
28.9493 7588801
28.9517 7590241
28.9517 7591681
28.954 7593121
28.954 7594561
28.9564 7596001
28.9564 7597441
28.9842 7598881
28.9842 7600321
28.9866 7601761
28.9866 7603201
28.989 7604641
28.989 7606081
28.9917 7607521
28.9917 7608961
28.9942 7610401
28.9942 7611841
28.9965 7613281
28.9965 7614721
28.9989 7616161
28.9989 7617601
28.9989 7619041
29.0013 7620481
29.0013 7621921
29.0295 7623361
29.0295 7624801
29.0319 7626241
29.0319 7627681
29.0343 7629121
29.0343 7630561
29.0367 7632001
29.0367 7633441
29.039 7634881
29.039 7636321
29.0414 7637761
29.0414 7639201
29.0438 7640641
29.0438 7642081
29.0462 7643521
29.0462 7644961
29.0486 7646401
29.0486 7647841
29.0756 7649281
29.0756 7650721
29.078 7652161
29.078 7653601
29.0803 7655041
29.0803 7656481
29.0827 7657921
29.0827 7659361
29.0851 7660801
29.0851 7662241
29.0875 7663681
29.0875 7665121
29.0899 7666561
29.0899 7668001
29.0923 7669441
29.0923 7670881
29.0947 7672321
29.0947 7673761
29.0947 7675201
29.1217 7676641
29.1217 7678081
29.124 7679521
29.124 7680961
29.1264 7682401
29.1264 7683841
29.1288 7685281
29.1288 7686721
29.1312 7688161
29.1312 7689601
29.1336 7691041
29.1336 7692481
29.136 7693921
29.136 7695361
29.1385 7696801
29.1385 7698241
29.1409 7699681
29.1409 7701121
29.1665 7702561
29.1665 7704001
29.1689 7705441
29.1689 7706881
29.1713 7708321
29.1713 7709761
29.1737 7711201
29.1737 7712641
29.1761 7714081
29.1761 7715521
29.1785 7716961
29.1785 7718401
29.1809 7719841
29.1809 7721281
29.1834 7722721
29.1834 7724161
29.1858 7725601
29.1858 7727041
29.2114 7728481
29.2114 7729921
29.2114 7731361
29.2138 7732801
29.2138 7734241
29.2162 7735681
29.2162 7737121
29.2186 7738561
29.2186 7740001
29.221 7741441
29.221 7742881
29.2234 7744321
29.2234 7745761
29.2258 7747201
29.2258 7748641
29.2283 7750081
29.2283 7751521
29.2307 7752961
29.2307 7754401
29.2563 7755841
29.2563 7757281
29.2587 7758721
29.2587 7760161
29.2611 7761601
29.2611 7763041
29.2636 7764481
29.2636 7765921
29.266 7767361
29.266 7768801
29.2684 7770241
29.2684 7771681
29.2708 7773121
29.2708 7774561
29.2732 7776001
29.2732 7777441
29.2755 7778881
29.2755 7780321
29.2779 7781761
29.2779 7783201
29.3024 7784641
29.3024 7786081
29.3048 7787521
29.3048 7788961
29.3072 7790401
29.3072 7791841
29.3072 7793281
29.3097 7794721
29.3097 7796161
29.3121 7797601
29.3121 7799041
29.3145 7800481
29.3145 7801921
29.3168 7803361
29.3168 7804801
29.3192 7806241
29.3192 7807681
29.3216 7809121
29.3216 7810561
29.324 7812001
29.324 7813441
29.3485 7814881
29.3485 7816321
29.3509 7817761
29.3509 7819201
29.3533 7820641
29.3533 7822081
29.3557 7823521
29.3557 7824961
29.3581 7826401
29.3581 7827841
29.3604 7829281
29.3604 7830721
29.3628 7832161
29.3628 7833601
29.3652 7835041
29.3652 7836481
29.3676 7837921
29.3676 7839361
29.37 7840801
29.37 7842241
29.3937 7843681
29.3937 7845121
29.3961 7846561
29.3961 7848001
29.3985 7849441
29.3985 7850881
29.4009 7852321
29.4009 7853761
29.4033 7855201
29.4033 7856641
29.4033 7858081
29.4057 7859521
29.4057 7860961
29.4081 7862401
29.4081 7863841
29.4105 7865281
29.4105 7866721
29.4129 7868161
29.4129 7869601
29.4153 7871041
29.4153 7872481
29.4398 7873921
29.4398 7875361
29.441 7876801
29.4422 7842241
29.4567 7876801
29.4567 7878241
29.4579 7879681
29.4591 7881121
29.4603 7882561
29.4615 7884001
29.4627 7885441
29.4851 7886881
29.4863 7888321
29.4875 7889761
29.4887 7891201
29.5028 7892641
29.5028 7894081
29.5052 7895521
29.5052 7896961
29.5076 7898401
29.5076 7899841
29.5312 7901281
29.5312 7902721
29.5336 7904161
29.5336 7905601
29.5489 7907041
29.5489 7908481
29.5513 7909921
29.5513 7911361
29.5537 7912801
29.5537 7914241
29.5773 7915681
29.5773 7917121
29.5797 7918561
29.5797 7920001
29.595 7921441
29.595 7922881
29.595 7924321
29.5974 7925761
29.5974 7927201
29.5998 7928641
29.5998 7930081
29.6234 7931521
29.6234 7932961
29.6258 7934401
29.6258 7935841
29.641 7937281
29.641 7938721
29.6434 7940161
29.6434 7941601
29.6458 7943041
29.6458 7944481
29.6683 7945921
29.6683 7947361
29.6707 7948801
29.6707 7950241
29.6859 7951681
29.6859 7953121
29.6883 7954561
29.6883 7956001
29.6883 7957441
29.6907 7958881
29.6907 7960321
29.7132 7961761
29.7132 7963201
29.7155 7964641
29.7155 7966081
29.7308 7967521
29.7308 7968961
29.7332 7970401
29.7332 7971841
29.7356 7973281
29.7356 7974721
29.7381 7976161
29.7381 7977601
29.7592 7979041
29.7592 7980481
29.7616 7981921
29.7616 7983361
29.7773 7984801
29.7773 7986241
29.7797 7987681
29.7797 7989121
29.7821 7990561
29.7821 7992001
29.7846 7993441
29.7846 7994881
29.7846 7996321
29.8053 7997761
29.8053 7999201
29.8077 8000641
29.8077 8002081
29.8234 8003521
29.8234 8004961
29.8258 8006401
29.8258 8007841
29.8282 8009281
29.8282 8010721
29.832 8012161
29.832 8013601
29.8502 8015041
29.8514 7993441
29.8743 8015041
29.8743 8016481
29.8769 8017921
29.8781 8019361
29.8951 8020801
29.8963 8022241
29.9218 8023681
29.9218 8025121
29.94 8026561
29.94 8028001
29.9667 8029441
29.9667 8030881
29.9667 8032321
29.9849 8033761
29.9849 8035201
30.0116 8036641
30.0116 8038081
30.0139 8039521
30.0139 8040961
30.031 8042401
30.031 8043841
30.0578 8045281
30.0578 8046721
30.0601 8048161
30.0601 8049601
30.0771 8051041
30.0771 8052481
30.0771 8053921
