0.0 0
0.0402165 0.04
0.0831493 0.040375
0.127234 0.0408281
0.171319 0.0412246
0.214209 0.0469465
0.216599 0.0467032
0.258293 0.0463653
0.260684 0.0463196
0.263074 0.0464047
0.302378 0.0461041
0.304769 0.0460911
0.307159 0.0462047
0.309549 0.0461791
0.345268 0.0506567
0.347658 0.0499496
0.350048 0.0494559
0.352439 0.0492739
0.354829 0.0489897
0.35722 0.048866
0.388157 0.0526327
0.390548 0.0516786
0.392938 0.0508438
0.395328 0.0504883
0.397719 0.0500523
0.400109 0.0497958
0.4025 0.0498213
0.40489 0.0498436
0.40728 0.0498632
0.431047 0.0528803
0.433437 0.0518952
0.435828 0.0510333
0.438218 0.0506542
0.440608 0.0503224
0.442999 0.0499071
0.445389 0.0499187
0.44778 0.0499289
0.45017 0.0499378
0.45256 0.0501955
0.454951 0.0504211
0.457341 0.0507435
0.459732 0.0512755
0.462122 0.0517411
0.475132 0.0507734
0.477522 0.0501768
0.479912 0.0496547
0.482303 0.0493228
0.484693 0.0492825
0.487084 0.0492472
0.489474 0.0492163
0.491864 0.0494392
0.494255 0.0497593
0.496645 0.0499144
0.499036 0.0504251
0.501426 0.050872
0.503816 0.051138
0.506207 0.0517457
0.508597 0.0522775
0.510988 0.0527428
0.513378 0.053525
0.515989 0.0540843
0.51838 0.0546988
0.52077 0.0554865
0.52316 0.0561756
0.525551 0.0554037
0.527941 0.0549782
0.530332 0.0547309
0.532722 0.0545146
0.535112 0.0547003
0.537503 0.0547377
0.539893 0.0547705
0.542284 0.0551742
0.544674 0.0554024
0.547064 0.0557271
0.549455 0.0562612
0.551845 0.0567286
0.554236 0.0571375
0.556626 0.0577453
0.559016 0.0584021
0.561407 0.0588519
0.563797 0.0594954
0.566188 0.0601835
0.568578 0.0607855
0.570968 0.0615623
0.573359 0.0622421
0.575749 0.0628368
0.57814 0.0637322
0.58053 0.0645157
0.58292 0.0650762
0.585311 0.0659417
0.587701 0.066699
0.590092 0.0673616
0.592482 0.0681914
0.594872 0.0689175
0.597263 0.0695528
0.599653 0.0703587
0.602044 0.0711889
0.604434 0.0719152
0.606964 0.0728008
0.609354 0.0735757
0.611744 0.0742538
0.614135 0.075222
0.616525 0.0759443
0.618916 0.0765763
0.621306 0.0775042
0.623696 0.0783162
0.626087 0.0790267
0.628477 0.0798983
0.630868 0.080661
0.633258 0.0813284
0.635648 0.0821624
0.638039 0.0830171
0.640429 0.0837649
0.64282 0.0846693
0.64521 0.0854606
0.6476 0.0861531
0.649991 0.0870089
0.652381 0.0877578
0.654772 0.0884131
0.657162 0.0893615
0.659552 0.0901913
0.661943 0.0907924
0.664333 0.0916933
0.666724 0.0924816
0.669114 0.0932964
0.671504 0.0942594
0.673895 0.094977
0.676285 0.0957298
0.678676 0.0966386
0.681066 0.0974338
0.683456 0.0981296
0.685847 0.0989884
0.688237 0.0998648
0.690628 0.100507
0.693018 0.101443
0.695408 0.102263
0.697799 0.102855
0.700189 0.103748
0.70258 0.10453
0.70736 0.105588
0.709751 0.10639
0.712141 0.107216
0.714532 0.108189
0.716922 0.108916
0.719312 0.109676
0.721703 0.110592
0.724093 0.111518
0.726484 0.112203
0.728874 0.113053
0.731264 0.113921
0.733655 0.114556
0.736045 0.115486
0.738436 0.116301
0.740826 0.117013
0.743216 0.118011
0.745607 0.11876
0.747997 0.119415
0.750388 0.120363
0.752778 0.121068
0.755168 0.121809
0.757559 0.122708
0.759949 0.123495
0.76234 0.124183
0.76473 0.125035
1.01563 0.121531
1.01802 0.118589
1.02041 0.115891
1.0228 0.113529
1.02519 0.111463
1.02758 0.109655
1.02997 0.108073
1.03236 0.106689
1.03475 0.105478
1.03714 0.104418
1.03953 0.103491
1.04192 0.10268
1.04432 0.10197
1.04671 0.101348
1.0491 0.100805
1.05149 0.100329
1.05388 0.0999131
1.05746 0.099674
1.05985 0.0995897
1.06224 0.099766
1.06463 0.0999203
1.06702 0.100055
1.06941 0.100173
1.0718 0.100152
1.0742 0.100258
1.07659 0.10035
1.07898 0.100307
1.08137 0.100393
1.08376 0.100344
1.08615 0.100426
1.08854 0.100373
1.09093 0.100326
1.09332 0.10041
1.09571 0.100359
1.0981 0.100439
1.10049 0.100384
1.10288 0.100336
1.10527 0.100419
1.10766 0.100367
1.11005 0.100446
1.11244 0.10039
1.11483 0.100216
1.11722 0.100064
1.11961 0.0999314
1.122 0.0999399
1.12439 0.0998224
1.12678 0.0997196
1.12917 0.0997547
1.13156 0.0996604
1.13396 0.0995778
1.13635 0.0995056
1.13874 0.0994424
1.14113 0.0995121
1.14352 0.0994481
1.14591 0.0993921
1.1483 0.0993431
1.15069 0.0993002
1.15308 0.0993877
1.15547 0.0992142
1.15786 0.0986874
1.16025 0.0983515
1.16264 0.0979326
1.16503 0.097691
1.16742 0.0974796
1.16981 0.0971697
1.1722 0.0970235
1.17459 0.0968955
1.17698 0.0966586
1.17937 0.0965763
1.18176 0.0963792
1.18415 0.0963318
1.18654 0.0962903
1.18893 0.096129
1.19132 0.0961129
1.19372 0.0959738
1.19611 0.0959771
1.1985 0.0959799
1.20089 0.0958574
1.20328 0.0958753
1.20567 0.0957659
1.20806 0.0957951
1.21045 0.0958207
1.21284 0.0957181
1.21523 0.0960034
1.21762 0.096253
1.22001 0.0964713
1.2224 0.0966624
1.22479 0.0968296
1.22718 0.0969759
1.22957 0.0971039
1.23196 0.0972159
1.23435 0.0973139
1.23674 0.0973997
1.23913 0.0974747
1.24152 0.0975404
1.24391 0.0975978
1.2463 0.0976481
1.24869 0.0976921
1.25108 0.0977306
1.25348 0.0977643
1.25587 0.0977937
1.25826 0.0978195
1.26065 0.0978421
1.26304 0.0978618
1.26543 0.0978791
1.26782 0.0978942
1.27021 0.0979074
1.2726 0.097919
1.27499 0.0979291
1.27738 0.097938
1.27977 0.0979457
1.28216 0.0979525
1.28455 0.0979585
1.28694 0.0979636
1.28933 0.0979682
1.29172 0.0979722
1.29411 0.0979756
1.2965 0.0979787
1.29889 0.0979813
1.30128 0.0979837
1.30367 0.0979857
1.30606 0.0979875
1.30845 0.0979891
1.31084 0.0979904
1.31324 0.0979916
1.31563 0.0979927
1.31802 0.0979936
1.32041 0.0979944
1.3228 0.0979951
1.32519 0.0979957
1.32758 0.0979962
1.32997 0.0979967
1.33236 0.0979971
1.33475 0.0979975
1.33714 0.0979978
1.33953 0.0979981
1.34192 0.0979983
1.34431 0.0979985
1.3467 0.0979987
1.34909 0.0979989
1.35148 0.097999
1.35387 0.0979991
1.35626 0.0979992
1.35865 0.0979993
1.36104 0.0979994
1.36343 0.0979995
1.36582 0.0979996
1.36821 0.0979996
1.3706 0.0979997
1.37299 0.0979997
1.37539 0.0979997
1.37778 0.0979998
1.38017 0.0979998
1.38256 0.0979998
1.38495 0.0979998
1.38734 0.0979999
1.38973 0.0979999
1.39212 0.0979999
1.39451 0.0979999
1.3969 0.0979999
1.39929 0.0979999
1.40168 0.0979999
1.40407 0.0979999
1.40646 0.098
1.40885 0.098
1.41124 0.098
1.41363 0.098
1.41602 0.098
1.41841 0.098
1.4208 0.098
1.42319 0.098
1.42558 0.098
1.42797 0.098
1.43036 0.098
1.43275 0.098
1.43515 0.098
1.43754 0.098
1.43993 0.098
1.44232 0.098
1.44471 0.098
1.4471 0.098
1.44949 0.098
1.471 0.098125
1.47339 0.0981094
1.47578 0.0980957
1.47817 0.0980837
1.48056 0.0980733
1.48295 0.0980641
1.48534 0.0980561
1.58933 0.0919241
1.59172 0.0865586
1.59411 0.0818637
1.5965 0.0777558
1.59889 0.0741613
1.60128 0.0710161
1.60367 0.0682641
1.60606 0.0658561
1.60845 0.0637491
1.61084 0.0619055
1.61323 0.0602923
1.61562 0.0588807
1.61801 0.0576456
1.6204 0.0565649
1.62279 0.0556193
1.62518 0.0547919
1.62757 0.0540679
1.62996 0.0534344
1.63235 0.0528801
1.63594 0.0525201
1.63833 0.0520801
1.64072 0.0516951
1.64311 0.0513582
1.6455 0.0510634
1.64789 0.0508055
1.65028 0.0505798
1.65267 0.0503823
1.65506 0.0502095
1.65745 0.0500583
1.65984 0.0499261
1.66223 0.0498103
1.66462 0.049709
1.66701 0.0496204
1.6694 0.0495428
1.67179 0.049475
1.67419 0.0494156
1.67658 0.0493637
1.67897 0.0493182
1.68136 0.0492784
1.68375 0.0491186
1.68614 0.0489788
1.68853 0.0488564
1.69092 0.0486244
1.69331 0.0485463
1.6957 0.048478
1.69809 0.0484183
1.70048 0.048366
1.70287 0.0481953
1.70526 0.0481708
1.70765 0.0481495
1.71004 0.0481308
1.71243 0.0481145
1.71482 0.0479751
1.71721 0.0479783
1.7196 0.047981
1.72199 0.0478583
1.72438 0.0478761
1.72677 0.0478915
1.72916 0.0479051
1.73155 0.047917
1.73395 0.0478023
1.73634 0.0478271
1.73873 0.0480987
1.74112 0.0484613
1.74351 0.0486537
1.7459 0.048822
1.74829 0.0489692
1.75068 0.0490981
1.75307 0.0493358
1.75546 0.0494188
1.75785 0.0494915
1.76024 0.049555
1.76263 0.0496107
1.76502 0.0497843
1.76741 0.0498113
1.7698 0.0498349
1.77219 0.0499805
1.77458 0.0499829
1.77697 0.0499851
1.77936 0.0499869
1.78175 0.0499886
1.78414 0.050115
1.78653 0.0501006
1.78892 0.050088
1.79131 0.050077
1.79371 0.0500674
1.7961 0.050184
1.79849 0.050161
1.80088 0.0501409
1.80327 0.0501233
1.80566 0.0501078
1.80805 0.0502194
1.81044 0.0501919
1.81283 0.050168
1.81522 0.050147
1.81761 0.0501286
1.82 0.0501125
1.82239 0.0500984
1.82478 0.0500861
1.82717 0.0502004
1.82956 0.0501753
1.83195 0.0501534
1.83434 0.0501342
1.83673 0.0501175
1.83912 0.0502278
1.84151 0.0501993
1.8439 0.0501744
1.84629 0.0501526
1.84868 0.0501335
1.85107 0.0502418
1.85346 0.0502116
1.85586 0.0501851
1.85825 0.050162
1.86064 0.0501418
1.86303 0.050249
1.86542 0.0502179
1.86781 0.0501907
1.8702 0.0502918
1.87259 0.0502554
1.87498 0.0502234
1.87737 0.0501955
1.87976 0.0501711
1.88215 0.0502747
1.88454 0.0502403
1.88693 0.0502103
1.88932 0.050184
1.89171 0.050161
1.8941 0.0502659
1.89649 0.0502326
1.89888 0.0502036
1.90127 0.0501781
1.90366 0.0501559
1.90605 0.0502614
1.90844 0.0502287
1.91083 0.0502001
1.91322 0.0501751
1.91562 0.0501532
1.91801 0.0502591
1.9204 0.0502267
1.92279 0.0501983
1.92518 0.0502985
1.92757 0.0502612
1.92996 0.0502286
1.93235 0.0502
1.93474 0.050175
1.93952 0.0501531
1.94191 0.050134
1.9443 0.0504922
1.94669 0.0506807
1.94908 0.0509706
1.95149 0.0512243
1.95388 0.0513213
1.95627 0.0515311
1.95866 0.0515897
1.96105 0.051766
1.96344 0.0519202
1.96583 0.0519302
1.96822 0.0520639
1.97061 0.0520559
1.973 0.052049
1.97539 0.0521678
1.97778 0.0521469
1.98017 0.0522535
1.98256 0.0523468
1.98495 0.0523035
1.98734 0.0523905
1.98973 0.0520917
1.99212 0.0522052
1.99451 0.0523046
1.9969 0.0522665
1.99929 0.0523582
2.00168 0.0523134
2.00407 0.0523992
2.00647 0.0524743
2.00886 0.052415
2.01125 0.0524882
2.01364 0.0524271
2.01603 0.0524988
2.01842 0.0525614
2.02081 0.0524912
2.0232 0.0525548
2.02559 0.0526105
2.02798 0.0525342
2.03037 0.0525924
2.03276 0.0525183
2.03515 0.0525786
2.03754 0.0526312
2.03993 0.0525523
2.04232 0.0526083
2.04471 0.0525323
2.0471 0.0525907
2.04949 0.0526419
2.05188 0.0525616
2.05427 0.0526164
2.05666 0.0525394
2.05905 0.052597
2.06144 0.0526473
2.06383 0.0525664
2.06623 0.0526206
2.06862 0.052543
2.07101 0.0526002
2.0734 0.0526501
2.07579 0.0525689
2.07818 0.0526228
2.08057 0.0526699
2.08296 0.0525862
2.08535 0.0526379
2.08774 0.0525582
2.09013 0.0526134
2.09252 0.0526617
2.09491 0.052579
2.0973 0.0526316
2.09969 0.0525527
2.10208 0.0526086
2.10447 0.0526575
2.10686 0.0525753
2.10925 0.0526284
2.11164 0.0525499
2.11403 0.0526061
2.11642 0.0526554
2.11881 0.0525734
2.1212 0.0526268
2.12359 0.0525484
2.12599 0.0524799
2.12838 0.0525449
2.13077 0.0524768
2.13316 0.0525422
2.13674 0.0527244
2.2119 0.0516339
2.21429 0.0506796
2.21668 0.0498447
2.21907 0.0492391
2.22146 0.0485842
2.22398 0.0480112
2.22637 0.0475098
2.22876 0.0470711
2.23115 0.0468122
2.23354 0.0464606
2.25479 0.0485281
2.25718 0.0482121
2.25957 0.0478105
2.26196 0.0474592
2.26435 0.0471518
2.26687 0.0468828
2.26926 0.0467725
2.27166 0.0465509
2.27405 0.0464821
2.27644 0.0462968
2.29768 0.0485097
2.30007 0.048196
2.30254 0.0477965
2.30494 0.0474469
2.30733 0.0472661
2.30972 0.0469828
2.31211 0.04686
2.3145 0.0466275
2.31689 0.046424
2.31928 0.046246
2.32167 0.0460903
2.3418 0.045829
2.34419 0.0456004
2.34663 0.0454003
2.34902 0.0453503
2.35141 0.0451815
2.3538 0.0450338
2.35619 0.0449046
2.35891 0.0447915
2.3613 0.0448176
2.36369 0.0447154
2.36608 0.0447509
2.38589 0.0446571
2.38828 0.0445749
2.39071 0.0445031
2.3931 0.0448152
2.3955 0.0449633
2.39789 0.0450929
2.40028 0.0453313
2.40267 0.0454149
2.40533 0.045613
2.40772 0.0456614
2.48846 0.0454537
2.49113 0.045397
2.49352 0.0452224
2.49591 0.0450696
2.51457 0.0469359
2.53255 0.0465689
2.53521 0.0462478
2.5376 0.0459668
2.53999 0.045721
2.55865 0.0455058
2.57663 0.0453176
2.57902 0.0455279
2.58141 0.0455869
2.5838 0.0456385
2.60154 0.0476837
2.61952 0.0493483
2.62191 0.0488047
2.6243 0.0483291
2.62669 0.047913
2.64443 0.0495489
2.66241 0.0509803
2.6648 0.0502327
2.66719 0.0497036
2.66958 0.0491157
2.67197 0.0486012
2.68852 0.0480261
2.70649 0.0475228
2.70888 0.0470825
2.71127 0.0466971
2.71367 0.04636
2.71606 0.04619
2.73261 0.0459163
2.75058 0.0456767
2.75297 0.0454671
2.75536 0.0452837
2.75775 0.0451233
2.76014 0.0453579
2.7755 0.0470631
2.7937 0.0488052
2.79609 0.0484546
2.79848 0.0481478
2.80087 0.0477543
2.80326 0.047535
2.81839 0.0488431
2.83679 0.0503627
2.83918 0.0498174
2.84157 0.0492152
2.84397 0.0486883
2.84636 0.0483523
2.84875 0.0479332
2.86247 0.0474416
2.88114 0.0471364
2.88353 0.0467443
2.88592 0.0464013
2.88831 0.0462261
2.89071 0.0459479
2.8931 0.0458294
2.90656 0.0456007
2.92523 0.0454006
2.92762 0.0452255
2.93001 0.0451973
2.9324 0.0450477
2.93479 0.0449167
2.93718 0.0448021
2.95064 0.0447019
2.96812 0.0468641
2.97051 0.0466311
2.9729 0.0464272
2.97529 0.0462488
3.06108 0.0460927
3.06388 0.0458311
3.06627 0.0456022
3.10517 0.045402
3.10796 0.0452267
3.11036 0.0450734
3.14925 0.0449392
3.15164 0.0450718
3.15403 0.0453128
3.19214 0.0498987
3.19453 0.0492864
3.19692 0.0487506
3.23503 0.0527818
3.23742 0.051809
3.23981 0.0509579
3.2422 0.0503382
3.27912 0.0495459
3.28151 0.0488527
3.2839 0.0482461
3.28629 0.0477153
3.32334 0.0472509
3.32573 0.0468445
3.32812 0.046614
3.33051 0.0462872
3.36656 0.0505013
3.36895 0.0498137
3.37134 0.0493369
3.37373 0.0487948
3.40945 0.0525705
3.41184 0.0516242
3.41423 0.0509211
3.41662 0.050181
3.45247 0.0537834
3.45486 0.0526855
3.45725 0.0518498
3.45964 0.0509935
3.46203 0.0503694
3.49656 0.0495732
3.49895 0.0488765
3.50134 0.048267
3.50373 0.0477336
3.50639 0.0472669
3.54064 0.0468585
3.54303 0.0466262
3.54542 0.0462979
3.54781 0.0462607
3.55032 0.0463531
3.58353 0.050184
3.58592 0.049536
3.58854 0.048969
3.59093 0.0484729
3.59332 0.0481637
3.6266 0.0516433
3.629 0.0508129
3.63143 0.0502113
3.63382 0.0495599
3.63621 0.0491149
3.6386 0.0486005
3.67069 0.0480254
3.67308 0.0476473
3.67552 0.0471914
3.67791 0.0467924
3.6803 0.0464434
3.68269 0.046138
3.71477 0.0458707
3.71716 0.0456369
3.7196 0.0454323
3.72199 0.0452532
3.72438 0.0450966
3.72677 0.0449595
3.75766 0.0487146
3.76005 0.0483752
3.76249 0.0479533
3.76488 0.0475842
3.76727 0.0473861
3.76966 0.0470879
3.80055 0.0504519
3.80294 0.0497704
3.80538 0.0491741
3.80777 0.0486523
3.81016 0.0483208
3.81255 0.0479057
3.84345 0.0511675
3.84584 0.0503966
3.84823 0.049847
3.85062 0.0492411
3.85301 0.048836
3.8554 0.0483565
3.85779 0.0479369
3.88754 0.0474448
3.88993 0.0470142
3.89232 0.0466374
3.89471 0.0463077
3.8971 0.0460193
3.89949 0.0457669
3.90188 0.045546
3.93162 0.0453528
3.93401 0.0453087
3.93641 0.0451451
3.9388 0.0452519
3.94119 0.0454705
3.94358 0.0455366
3.94597 0.0455946
3.97451 0.0490202
3.9769 0.0485177
3.9793 0.048078
3.98169 0.0476932
3.98408 0.0474816
3.98647 0.0471714
3.98886 0.0469
4.0174 0.0500375
4.01979 0.0494078
4.02219 0.0489818
4.02458 0.0484841
4.02697 0.0480486
4.02936 0.0476675
4.03175 0.0473341
4.03414 0.0471673
4.06148 0.0467714
4.06388 0.046425
4.06627 0.0461218
4.06866 0.0458566
4.07105 0.0457495
4.07344 0.0455308
4.07584 0.0453395
4.07823 0.0451721
4.10557 0.0450255
4.10796 0.0448974
4.11036 0.0447852
4.11275 0.044687
4.11523 0.0446012
4.11762 0.044526
4.12001 0.0448353
4.12242 0.0451059
4.14892 0.0482176
4.15131 0.0479404
4.1537 0.0476979
4.15609 0.0474856
4.15849 0.0472999
4.16088 0.0470124
4.16327 0.0468859
4.1657 0.0466501
4.19181 0.0494439
4.1942 0.0490134
4.19659 0.0485117
4.19898 0.0480728
4.20137 0.0476887
4.20377 0.0473526
4.20616 0.0471835
4.20859 0.0469106
4.21098 0.0466717
4.23622 0.0464628
4.23861 0.0461549
4.241 0.0460106
4.24339 0.0458842
4.24578 0.0456487
4.24817 0.0455676
4.25056 0.0453717
4.25295 0.0452002
4.25534 0.0451752
4.28031 0.0450283
4.2827 0.0448997
4.28517 0.0447873
4.28756 0.0446889
4.28995 0.0446028
4.29234 0.0445274
4.29473 0.0444615
4.29712 0.0445288
4.29951 0.0444627
4.32359 0.0474049
4.32598 0.0471043
4.32837 0.0469662
4.33076 0.0467204
4.33315 0.0466304
4.33554 0.0465516
4.33793 0.0463576
4.34032 0.0463129
4.34271 0.0461488
4.36648 0.0487552
4.36887 0.0482858
4.37126 0.0480001
4.37496 0.0477501
4.45706 0.0474063
4.45946 0.0469805
4.46223 0.046733
4.46474 0.0463913
4.49762 0.0500924
4.5012 0.0493309
4.50359 0.0486645
4.50632 0.0480814
4.54051 0.0515713
4.54409 0.0509999
4.54648 0.0502499
4.54921 0.0497186
4.5834 0.0531288
4.58698 0.0522377
4.58937 0.051333
4.59176 0.0505414
4.59415 0.0498487
4.62773 0.0491176
4.63107 0.0486029
4.63346 0.0480275
4.63585 0.0475241
4.63824 0.0470836
4.67182 0.0466981
4.67515 0.0463609
4.67754 0.0460658
4.67993 0.0460575
4.68232 0.0461753
4.71471 0.0499034
4.71804 0.0495405
4.72043 0.0489729
4.72282 0.0484763
4.72521 0.0481668
4.75796 0.0515209
4.76093 0.0508308
4.76332 0.050102
4.76571 0.0494642
4.7681 0.0490312
4.77049 0.0485273
4.80205 0.0480864
4.80524 0.0477006
4.80763 0.047238
4.81002 0.0469583
4.81241 0.0465885
4.8148 0.0462649
4.84613 0.0459818
4.84934 0.0457341
4.85173 0.0455173
4.85429 0.0453276
4.85668 0.0451617
4.85907 0.0451415
4.88905 0.0488738
4.89223 0.0485146
4.89462 0.0480752
4.89718 0.0478158
4.89957 0.0474639
4.90196 0.0471559
4.93194 0.0502614
4.93513 0.0497287
4.93752 0.0491376
4.94007 0.0487454
4.94246 0.0482772
4.94485 0.0478676
4.97483 0.0510091
4.97813 0.050508
4.98052 0.0498195
4.98319 0.0493421
4.98558 0.0487993
4.98797 0.0483244
4.99036 0.0480338
5.01926 0.0476546
5.02251 0.0471978
5.0249 0.0467981
5.0274 0.0464483
5.02979 0.0461423
5.03218 0.0459995
5.03457 0.0457495
5.06335 0.0455309
5.0666 0.0453395
5.069 0.0451721
5.07148 0.0450255
5.07387 0.0451474
5.07626 0.0453789
5.07866 0.0454566
5.10623 0.0487745
5.10954 0.0484277
5.11194 0.0479992
5.11468 0.0477493
5.11707 0.0475307
5.11946 0.0473393
5.12185 0.0470469
5.14912 0.050041
5.15243 0.0495359
5.15482 0.0489689
5.15757 0.0485978
5.15996 0.0481481
5.16235 0.0477546
5.16484 0.0474102
5.16723 0.047234
5.19321 0.0468297
5.19677 0.046476
5.19916 0.0462915
5.20171 0.0460051
5.2041 0.0458794
5.20649 0.0456445
5.20893 0.0454389
5.21132 0.0452591
5.23769 0.0451017
5.24086 0.044964
5.24342 0.0448435
5.24581 0.044738
5.24821 0.0446458
5.25097 0.0445651
5.25336 0.0446194
5.25575 0.044917
5.28058 0.0479274
5.28375 0.0476865
5.28662 0.0474756
5.28901 0.0472912
5.2914 0.0471298
5.29386 0.0468636
5.29625 0.0467556
5.29864 0.0465362
5.32347 0.0492191
5.32677 0.0488168
5.32986 0.0484647
5.33225 0.0481566
5.33464 0.047762
5.33703 0.0475418
5.33942 0.047349
5.34181 0.0470554
5.3442 0.0469235
5.36757 0.046558
5.37086 0.0462383
5.37395 0.0459585
5.37634 0.0457137
5.37873 0.0454995
5.38157 0.045312
5.38402 0.045273
5.38642 0.0452389
5.38881 0.045084
5.41166 0.0449485
5.41494 0.04483
5.41803 0.0448512
5.42042 0.0447448
5.42281 0.0446517
5.42611 0.0446953
5.4285 0.0446083
5.43089 0.0445323
5.43328 0.0445908
5.45609 0.0446419
5.45848 0.0449367
5.46092 0.0450696
5.46332 0.0450609
5.46571 0.0450533
5.469 0.0452966
5.47139 0.0452595
5.47378 0.0452271
5.47617 0.0453237
5.49898 0.0477832
5.50137 0.0474353
5.50381 0.0471309
5.50621 0.0469896
5.5086 0.0467409
5.51189 0.0466483
5.51428 0.0464422
5.51667 0.0462619
5.51907 0.0462292
5.54188 0.0485756
5.54427 0.0482536
5.54666 0.0478469
5.54905 0.047616
5.55144 0.047289
5.55383 0.0470029
5.55622 0.0467525
5.55861 0.0464085
5.561 0.0462324
5.56339 0.0459534
5.58596 0.0457092
5.58835 0.0454955
5.59074 0.0453086
5.59313 0.045145
5.59553 0.0450019
5.59792 0.0448767
5.60031 0.0447671
5.6027 0.0446712
5.60509 0.0445873
5.60748 0.0445139
5.63005 0.0445746
5.63244 0.0445028
5.63483 0.04444
5.63722 0.044385
5.63961 0.0445868
5.642 0.0448885
5.64439 0.0451524
5.64678 0.0452584
5.64917 0.0454761
5.65156 0.0455416
5.67294 0.0479739
5.67533 0.0476021
5.67772 0.0472769
5.68011 0.0471173
5.6825 0.0468526
5.68489 0.046621
5.68728 0.0464184
5.68967 0.0462411
5.69206 0.046211
5.69445 0.0460596
5.71583 0.0483021
5.71822 0.0480144
5.72061 0.0476376
5.723 0.0473079
5.72539 0.0470194
5.72778 0.046767
5.73017 0.0466711
5.73256 0.0464622
5.73495 0.0462794
5.73734 0.0461195
5.73973 0.0459796
5.76021 0.0458571
5.76261 0.045625
5.765 0.0454219
5.76739 0.0453691
5.76978 0.045198
5.77217 0.0451732
5.77456 0.0450266
5.77695 0.0448983
5.77934 0.044911
5.78173 0.0447971
5.78412 0.0448225
5.8043 0.0447197
5.80669 0.0446297
5.80908 0.044676
5.81147 0.0445915
5.81386 0.0445176
5.81625 0.0444529
5.81864 0.0443962
5.82103 0.0447217
5.82342 0.0450065
5.82581 0.0451307
5.8282 0.0453644
5.84719 0.0475688
5.84958 0.0472477
5.85197 0.0469667
5.85436 0.0467209
5.85675 0.0465058
5.85914 0.0464426
5.86153 0.0462622
5.94273 0.0459795
5.94512 0.045857
5.94751 0.0456249
5.9499 0.0454218
5.95229 0.0452441
5.98682 0.0450886
5.98921 0.0449525
5.9916 0.0448334
5.99399 0.0447292
5.99638 0.0446381
6.03125 0.0446833
6.03364 0.0449729
6.03603 0.0452263
6.03842 0.045448
6.04081 0.045642
6.07415 0.0496868
6.07654 0.0491009
6.07893 0.0485883
6.08132 0.0481398
6.08371 0.0477473
6.11704 0.0514039
6.11943 0.0506034
6.12182 0.049903
6.12421 0.0494151
6.1266 0.0488632
6.12899 0.0483803
6.16153 0.0478328
6.16393 0.0473537
6.16632 0.0470595
6.16871 0.046677
6.1711 0.0464674
6.17349 0.046284
6.20562 0.0459985
6.20802 0.0458737
6.21053 0.0456395
6.21292 0.0454345
6.21531 0.0456302
6.2177 0.0456764
6.24851 0.0493419
6.25091 0.0487991
6.25342 0.0483242
6.25582 0.0479087
6.25821 0.0476701
6.2606 0.0473364
6.29168 0.0506693
6.2942 0.0500857
6.2966 0.0495749
6.29899 0.0490031
6.30137 0.0486277
6.30376 0.0481742
6.30616 0.0479024
6.33576 0.0474146
6.33856 0.0469878
6.34095 0.0466143
6.34334 0.0464125
6.34573 0.046111
6.34812 0.0459721
6.35051 0.0457256
6.38025 0.0456349
6.38264 0.0454305
6.38517 0.0453767
6.38756 0.0452046
6.38995 0.045054
6.39234 0.0449223
6.39473 0.044807
6.42315 0.0483311
6.42554 0.0479147
6.42806 0.0476754
6.43046 0.047341
6.43311 0.0471733
6.4355 0.0470267
6.43789 0.0467733
6.46613 0.0499267
6.46852 0.0493108
6.47123 0.048897
6.47362 0.0484099
6.47615 0.0481086
6.47853 0.04772
6.48092 0.04738
6.50902 0.0504575
6.51141 0.0497753
6.51411 0.0493034
6.5165 0.0487655
6.51889 0.0482948
6.52128 0.047883
6.52368 0.0475226
6.52607 0.0473323
6.5531 0.0469157
6.55549 0.0465513
6.5582 0.0462324
6.5606 0.0459533
6.56299 0.0457091
6.56538 0.0454955
6.56785 0.0453086
6.57024 0.045145
6.59719 0.0450019
6.59958 0.0448766
6.60228 0.0447671
6.60467 0.0449212
6.60706 0.045181
6.60945 0.0454084
6.61184 0.0454823
6.61424 0.0456721
6.64036 0.048713
6.64275 0.0482489
6.64517 0.0479678
6.72974 0.0474718
6.73216 0.0470378
6.73457 0.0466581
6.77281 0.0508258
6.77521 0.0502226
6.7776 0.0495698
6.8157 0.0534986
6.81809 0.0525612
6.82072 0.0516161
6.82311 0.0509141
6.86017 0.0501748
6.86256 0.049403
6.86495 0.0487276
6.86734 0.0481366
6.90426 0.0476196
6.90665 0.0471671
6.90904 0.0468962
6.91143 0.0469092
6.94715 0.0510455
6.94954 0.0502899
6.95193 0.0496286
6.95432 0.04905
6.99004 0.0527938
6.99243 0.0518196
6.99482 0.0509671
6.99721 0.0503462
6.9996 0.0496779
7.03412 0.0489682
7.03651 0.0483472
7.0389 0.0478038
7.04129 0.0473283
7.04368 0.0469123
7.07821 0.0465482
7.0806 0.0462297
7.08299 0.045951
7.08538 0.0457071
7.08777 0.0454937
7.12229 0.045307
7.12468 0.0453936
7.12707 0.0455944
7.12946 0.0457701
7.13185 0.0457989
7.16522 0.049824
7.16761 0.049221
7.17001 0.0488184
7.1724 0.0483411
7.17479 0.0479234
7.20811 0.051558
7.2105 0.0507383
7.21326 0.050146
7.21565 0.0495027
7.21804 0.0490649
7.22043 0.0486818
7.2522 0.0480966
7.25459 0.0475845
7.25734 0.0471364
7.25973 0.0467444
7.26212 0.0464013
7.26451 0.0461012
7.29628 0.0458385
7.29867 0.0456087
7.30187 0.0454076
7.30426 0.0453567
7.30665 0.0455621
7.30904 0.0457418
7.33917 0.0493991
7.34156 0.0488492
7.34476 0.0484931
7.34715 0.0481814
7.34954 0.0477837
7.35193 0.0474358
7.38206 0.0506313
7.38445 0.0499274
7.38765 0.0494365
7.39004 0.0490069
7.39243 0.048506
7.39482 0.0480678
7.39721 0.0478093
7.4834 0.0474581
7.51196 0.0502759
7.51435 0.0494914
7.52748 0.048805
7.55604 0.0483293
7.55843 0.0477882
7.57157 0.0473147
7.60013 0.0469003
7.60252 0.0465378
7.61587 0.0462206
7.64302 0.049443
7.64556 0.0488876
7.65876 0.0497767
7.68591 0.0523046
7.68845 0.0513915
7.70165 0.0519676
7.72879 0.0542216
7.73119 0.0531939
7.74455 0.0535447
7.83274 0.0523516
7.87573 0.0534326
7.91862 0.0575036
7.96163 0.0610656
8.00476 0.0641824
8.00715 0.0619096
8.04885 0.0596709
8.05124 0.057712
8.09315 0.056123
8.09554 0.0546077
8.13604 0.0584067
8.13843 0.0567309
8.17893 0.0600145
8.18132 0.0581377
8.22182 0.0612455
8.22458 0.0593398
8.22697 0.0575473
8.2659 0.0558539
8.35789 0.0543722
8.40214 0.0532006
8.44658 0.0520506
8.49101 0.0511692
8.5339 0.0556481
8.57679 0.0593171
8.61968 0.0626524
8.62207 0.0605709
8.664 0.0586245
8.66639 0.0567965
8.70808 0.0551969
8.71048 0.0537973
8.75217 0.0525726
8.75456 0.051751
8.79506 0.0559072
8.92374 0.0591688
8.96783 0.0572727
9.01191 0.0556136
9.056 0.0541619
9.09889 0.0582667
9.14181 0.0617333
9.1847 0.0647667
9.18709 0.0624208
9.22882 0.0601182
9.23121 0.0581034
9.2729 0.0563405
9.2753 0.0547979
9.31699 0.0534482
9.31938 0.0526422
9.35988 0.0565619
9.36227 0.0552417
9.40277 0.0587115
9.40516 0.0571225
9.40755 0.0556072
9.44722 0.0542813
9.44961 0.0529961
9.452 0.0519966
9.4913 0.050997
9.49369 0.0501224
9.49613 0.0493571
9.53419 0.0534375
9.53658 0.0523828
9.53901 0.0515849
9.57708 0.0552618
9.57947 0.0539791
9.58228 0.0529817
9.61997 0.056359
9.62236 0.0549391
9.62475 0.0536967
9.62714 0.0526096
9.66442 0.0516584
9.66681 0.0507011
9.6692 0.0499885
9.67159 0.0492399
9.7085 0.0485849
9.71089 0.0480118
9.71328 0.0475103
9.71567 0.0473215
9.7514 0.0514064
9.75379 0.0506056
9.75618 0.0500299
9.75857 0.0494011
9.79429 0.053101
9.79668 0.0520884
9.79907 0.0513273
9.80146 0.0505364
9.83718 0.0540944
9.83957 0.0529576
9.84196 0.0519629
9.84435 0.0510925
9.84674 0.0503309
9.88126 0.0495396
9.88365 0.0488471
9.88604 0.0483662
9.88843 0.0478205
9.89082 0.0473429
9.92535 0.046925
9.92774 0.0465594
9.93013 0.0466145
9.9327 0.0465377
9.93509 0.0465955
9.96824 0.050521
9.97063 0.0498309
9.97302 0.049352
9.97559 0.048808
9.97798 0.048332
10.0111 0.0517905
10.0135 0.0509417
10.0159 0.050199
10.0185 0.0495491
10.0209 0.0489805
10.0233 0.0486079
10.0552 0.0480319
10.0577 0.0475279
10.0604 0.0472119
10.0627 0.0468105
10.0651 0.0465841
10.0675 0.0462611
10.0996 0.0459785
10.102 0.0458562
10.1044 0.0456242
10.1068 0.0454211
10.1092 0.0452435
10.1116 0.0453381
10.1425 0.0490458
10.1449 0.0485401
10.1473 0.0480976
10.1497 0.0477104
10.1521 0.0474966
10.1545 0.0471845
10.1855 0.0505364
10.1879 0.0498444
10.1903 0.0493638
10.1927 0.0488184
10.1951 0.0484661
10.1975 0.0480328
10.2284 0.0512787
10.2308 0.0504939
10.2332 0.0499321
10.2356 0.0493156
10.238 0.0487762
10.2404 0.0483041
10.2428 0.0478911
10.2728 0.0474047
10.2752 0.0471041
10.2777 0.0467161
10.2801 0.0465016
10.2824 0.0463139
10.2848 0.0460247
10.2872 0.0458966
10.3171 0.0457845
10.3195 0.0455614
10.3219 0.0456163
10.3242 0.0457892
10.3266 0.0458156
10.329 0.0459636
10.3314 0.0460932
10.3601 0.0494565
10.3625 0.0488995
10.365 0.048412
10.3673 0.0481105
10.3697 0.0477217
10.3721 0.0475065
10.3745 0.0471932
10.403 0.050294
10.4054 0.0496323
10.4078 0.0490532
10.4102 0.0486716
10.4126 0.0482126
10.415 0.0479361
10.4174 0.0475691
10.4198 0.0472479
10.4471 0.0468419
10.4495 0.0464867
10.4519 0.0461759
10.4544 0.0459039
10.4567 0.0456659
10.4591 0.0454577
10.4615 0.0452754
10.4639 0.045116
10.4912 0.0449765
10.4936 0.0448544
10.496 0.0448726
10.4984 0.0447636
10.5008 0.0446681
10.5032 0.0449596
10.5056 0.0450897
10.508 0.0453284
10.5341 0.0485374
10.5365 0.0480952
10.5389 0.0477083
10.5413 0.0473698
10.5437 0.0470735
10.5461 0.0469394
10.5485 0.0466969
10.5509 0.0464848
10.577 0.0491742
10.5793 0.0486524
10.5818 0.0481959
10.5842 0.0479214
10.5866 0.0475562
10.589 0.0472367
10.5914 0.0469571
10.5938 0.0467125
10.5962 0.0466234
10.621 0.0464205
10.6235 0.0461179
10.6259 0.0458532
10.6283 0.0456215
10.7117 0.0454188
10.7141 0.0453665
10.7165 0.0451957
10.7189 0.0450462
10.7558 0.0449154
10.7582 0.044801
10.7606 0.0447009
10.763 0.0446133
10.7998 0.0445366
10.8023 0.0444695
10.8047 0.0444108
10.8071 0.0444845
10.8439 0.0444239
10.8463 0.0447459
10.8487 0.0449027
10.8511 0.0451649
10.8868 0.0493942
10.8892 0.04897
10.8916 0.0484737
10.894 0.0480395
10.9297 0.0517846
10.9321 0.0510615
10.9345 0.0503038
10.9369 0.0496408
10.9393 0.0491857
10.9738 0.0485375
10.9762 0.0479703
10.9786 0.047474
10.981 0.0470398
10.9833 0.0466598
11.0179 0.0463273
11.0203 0.0460364
11.0227 0.0457819
11.025 0.0456841
11.0274 0.0458486
11.0608 0.0497425
11.0632 0.0492747
11.0655 0.0487404
11.0679 0.0482728
11.0703 0.0478637
11.1038 0.0513808
11.1062 0.0507082
11.1085 0.0499946
11.1109 0.0493703
11.1133 0.048949
11.1157 0.0484554
11.1478 0.0478985
11.1502 0.0474112
11.1526 0.0469848
11.155 0.0467367
11.1574 0.0463946
11.1598 0.0460953
11.1919 0.0458334
11.1943 0.0456042
11.1967 0.0454037
11.1991 0.0452282
11.2015 0.0450747
11.2039 0.0449403
11.236 0.0449478
11.2384 0.0452043
11.2408 0.0453038
11.2432 0.0455158
11.2456 0.0455763
11.248 0.0456293
11.2789 0.0493006
11.2813 0.048763
11.2841 0.0484177
11.2865 0.0481155
11.2889 0.047726
11.2913 0.0475103
11.3218 0.0508215
11.3242 0.0502188
11.3266 0.0495664
11.329 0.0488706
11.3314 0.0483868
11.3338 0.0479635
11.3362 0.047593
11.3659 0.0471439
11.3683 0.0467509
11.3707 0.046407
11.3731 0.0462312
11.3755 0.0459523
11.3779 0.0457082
11.3802 0.0454947
11.41 0.0453079
11.4124 0.0451444
11.4148 0.0450013
11.4172 0.0448762
11.4196 0.0450166
11.4219 0.0451396
11.4243 0.0453721
11.4529 0.0487006
11.4553 0.048363
11.4577 0.0479426
11.4601 0.0476998
11.4624 0.0473623
11.4648 0.047067
11.4672 0.0469337
11.4958 0.049942
11.4982 0.0494492
11.5006 0.0488931
11.5029 0.0484064
11.5053 0.0479806
11.5077 0.047608
11.5101 0.047407
11.5125 0.0471062
11.5399 0.0467179
11.5422 0.0463782
11.5446 0.0460809
11.547 0.0459458
11.5494 0.0457026
11.5518 0.0454897
11.5542 0.0453035
11.5566 0.0451406
11.5839 0.044998
11.5863 0.0448733
11.5887 0.0447641
11.5911 0.0446686
11.5935 0.044585
11.5959 0.0445119
11.5983 0.0444479
11.6007 0.0446419
11.6268 0.0478117
11.6292 0.0475852
11.6316 0.0472621
11.634 0.0471043
11.6364 0.0468413
11.6388 0.0466111
11.6412 0.0465347
11.6436 0.0463429
11.6697 0.049175
11.6721 0.0487781
11.6745 0.0483059
11.6769 0.0478926
11.6793 0.0475311
11.6817 0.0472147
11.6841 0.0470628
11.6865 0.046805
11.7126 0.0495794
11.715 0.0490069
11.7174 0.0485061
11.7198 0.0480678
11.7222 0.0478093
11.7246 0.0474582
11.727 0.0471509
11.7293 0.046882
11.7317 0.0466468
11.7567 0.0463159
11.7591 0.0461514
11.7615 0.0458825
11.7639 0.0456472
11.7663 0.0454413
11.7686 0.0452611
11.771 0.0452285
11.7734 0.0450749
11.7758 0.0449406
11.8008 0.044823
11.8032 0.0447201
11.8056 0.0448801
11.8079 0.0450201
11.8103 0.0452676
11.8127 0.0453591
11.8151 0.0455642
11.8175 0.0456187
11.8199 0.0456664
11.8437 0.0484581
11.8461 0.0481508
11.8484 0.047757
11.8508 0.0474123
11.8532 0.0472358
11.8556 0.0469563
11.858 0.0468368
11.8604 0.0466072
11.8628 0.0464063
11.8866 0.0489805
11.8889 0.0484829
11.8913 0.0480476
11.8937 0.0476666
11.8961 0.0474583
11.8985 0.047151
11.9009 0.0468821
11.9033 0.0466469
11.9057 0.046441
11.9081 0.0463859
11.931 0.0460876
11.9334 0.0459517
11.9358 0.0457077
11.9382 0.0456193
11.9406 0.0454169
11.9429 0.0452397
11.9453 0.0452098
11.9477 0.0450586
11.9501 0.0450512
11.9525 0.0449198
11.9751 0.0449299
11.9775 0.0448136
11.9799 0.0447119
11.9822 0.0446229
11.9846 0.0445451
11.987 0.0446019
11.9894 0.0449017
11.9918 0.045039
11.9942 0.0452841
11.9966 0.0453736
12.018 0.0478269
12.0204 0.0474735
12.0227 0.0471643
12.0251 0.0470188
12.0275 0.0467664
12.0299 0.0465456
12.0323 0.0463524
12.0349 0.0461834
12.0373 0.0461605
12.0397 0.0460154
12.0609 0.0482635
12.0633 0.0479805
12.0658 0.047608
12.0682 0.047407
12.0706 0.0471061
12.073 0.0469678
12.0754 0.0468469
12.0778 0.046616
12.0802 0.046539
12.0826 0.0463466
12.085 0.0461783
12.1053 0.046031
12.1077 0.0457771
12.1103 0.04568
12.1127 0.04547
12.115 0.0454112
12.1174 0.0452348
12.1198 0.0450805
12.1222 0.0450704
12.1246 0.0449366
12.127 0.0448195
12.1294 0.0448421
12.1494 0.0447368
12.1518 0.0446447
12.1546 0.0445641
12.157 0.0444936
12.1594 0.0444319
12.1618 0.0443779
12.1641 0.0444557
12.1665 0.0443987
12.1689 0.0443489
12.1713 0.0446803
12.1737 0.0449702
12.1923 0.047224
12.1947 0.046946
12.1975 0.0468277
12.1999 0.0465993
12.2024 0.0465243
12.2048 0.0463338
12.2072 0.0462921
12.2096 0.0461306
12.212 0.0459892
12.2144 0.0459906
12.2168 0.0458668
12.2353 0.0478834
12.2377 0.047523
12.2404 0.0473326
12.2428 0.047041
12.2453 0.0469109
12.2477 0.046672
12.2501 0.046588
12.2525 0.0463895
12.255 0.0463408
12.2577 0.0462982
12.26 0.046261
12.2624 0.0462283
12.2794 0.0459498
12.2818 0.0457061
12.2845 0.0454928
12.2871 0.0454312
12.2897 0.0452523
12.2921 0.0452208
12.2945 0.0450682
12.2969 0.0449346
12.2998 0.0448178
12.3022 0.0448406
12.3046 0.0447355
12.307 0.0446436
12.3235 0.0445631
12.3259 0.0444927
12.3287 0.0444311
12.3312 0.0443773
12.3338 0.0443301
12.3362 0.0442888
12.339 0.0443777
12.3414 0.0444555
12.3442 0.0445236
12.3466 0.0444581
12.349 0.0444009
12.3514 0.0444758
12.3667 0.0464163
12.3691 0.0463642
12.3719 0.0463187
12.3743 0.0462789
12.3767 0.046119
12.3791 0.0461041
12.3819 0.0459661
12.3843 0.0458454
12.3871 0.0458647
12.3895 0.0457566
12.3919 0.045662
12.3943 0.0457043
12.4096 0.0472412
12.412 0.0470861
12.4148 0.0468253
12.4172 0.0467222
12.4196 0.0465069
12.422 0.0463185
12.4248 0.0461537
12.4272 0.0461345
12.4307 0.0461177
12.4331 0.046103
12.4355 0.0460901
12.4379 0.0460788
12.4525 0.047569
12.4549 0.0472479
12.4573 0.0469669
12.4597 0.046721
12.4621 0.0465059
12.4645 0.0463177
12.4668 0.0461529
12.4692 0.0460088
12.4716 0.0457577
12.4748 0.045538
12.4773 0.0453458
12.4796 0.0451775
12.4824 0.0451553
12.4966 0.0450109
12.499 0.0448846
12.5014 0.044774
12.5038 0.0446772
12.5062 0.0445926
12.5085 0.0445185
12.5109 0.0444537
12.5133 0.044397
12.5157 0.0443474
12.519 0.0444289
12.5214 0.0443753
12.5238 0.0443284
12.5264 0.0442874
12.5407 0.0442514
12.5431 0.044345
12.5455 0.0443019
12.5478 0.0442641
12.5502 0.0446061
12.5526 0.0447804
12.555 0.0450578
12.5574 0.0453006
12.5622 0.045513
12.5646 0.0454489
12.5672 0.0455178
12.5696 0.0455781
12.5836 0.0470058
12.586 0.0467551
12.5883 0.0465357
12.5907 0.0463437
12.5931 0.0463008
12.5955 0.0461382
12.5979 0.0459959
12.6003 0.0458714
12.6051 0.0461375
12.6075 0.0459953
12.6099 0.0461209
12.6125 0.0463558
12.6149 0.0464363
12.6266 0.0477568
12.629 0.0474122
12.6314 0.0472356
12.6337 0.0469562
12.6361 0.0468367
12.6385 0.0466071
12.6433 0.0465312
12.6457 0.0463398
12.6493 0.0460473
12.6517 0.0457914
12.6541 0.0456925
12.6566 0.0454809
12.659 0.0452958
12.6708 0.0451338
12.6732 0.0451171
12.6756 0.0449775
12.678 0.0448553
12.6804 0.0447484
12.6827 0.0446548
12.6875 0.044573
12.6899 0.0447513
12.6923 0.0450324
12.6947 0.0450284
12.6971 0.0451498
12.6995 0.0451311
12.7019 0.0451147
12.7043 0.0452254
12.715 0.0451972
12.7174 0.0450475
12.7198 0.0449166
12.7222 0.044927
12.7246 0.0448112
12.727 0.0447098
12.7316 0.044621
12.734 0.0446684
12.7364 0.0445849
12.7388 0.0447617
12.7412 0.0450415
12.7436 0.0451613
12.746 0.0452662
12.7483 0.0454829
12.7579 0.0464225
12.7603 0.0462447
12.7627 0.0460891
12.7651 0.046078
12.7675 0.0459432
12.7699 0.0458253
12.7745 0.0460972
12.7769 0.04596
12.7793 0.04584
12.7817 0.045735
12.7841 0.0457681
12.7865 0.0456721
12.7888 0.0455881
12.7912 0.0456396
12.8008 0.0464346
12.8032 0.0463803
12.8056 0.0462078
12.808 0.0460568
12.8104 0.0459247
12.8127 0.0458091
12.8174 0.046083
12.8198 0.0459476
12.8222 0.0459541
12.8246 0.0458349
12.827 0.0457305
12.8293 0.0456392
12.8317 0.0455593
12.8341 0.0456144
12.8365 0.0455376
12.8452 0.0454704
12.8476 0.0452866
12.85 0.0452508
12.8524 0.0452194
12.8548 0.045067
12.8572 0.0450586
12.8615 0.0449263
12.8639 0.0448105
12.8663 0.0447092
12.8686 0.0446205
12.871 0.044668
12.8734 0.0445845
12.8758 0.0445114
12.8782 0.0444475
12.8806 0.0443916
12.8893 0.0443426
12.892 0.0444248
12.8946 0.0443717
12.8969 0.0443252
12.8993 0.0444096
12.9017 0.0443584
12.9056 0.0443136
12.908 0.0442744
12.9103 0.0442401
12.9127 0.0442101
12.9151 0.0441838
12.9175 0.0441608
12.9199 0.0441407
12.9223 0.0444981
12.9247 0.0446859
12.9322 0.0456001
12.935 0.0456501
12.9378 0.0455689
12.9402 0.0456227
12.9426 0.0456699
12.945 0.0455862
12.9485 0.0457629
12.9508 0.0456675
12.9532 0.0457091
12.9556 0.0456205
12.958 0.0456679
12.9604 0.0455844
12.9628 0.0455114
12.9655 0.0455724
12.9679 0.0455009
12.9751 0.0461883
12.9779 0.0460397
12.9807 0.0459098
12.9831 0.045921
12.9855 0.0458059
12.9879 0.0457052
12.9913 0.045867
12.9937 0.0457586
12.9961 0.0457888
12.9985 0.0456902
13.0009 0.0456039
13.0033 0.0455284
13.006 0.0454624
13.0084 0.0455296
13.0108 0.0454634
13.0132 0.0455305
13.0192 0.0453392
13.0223 0.0452968
13.0248 0.0451347
13.0272 0.0449928
13.0295 0.0448687
13.0319 0.0447601
13.0354 0.0446651
13.0381 0.044707
13.0405 0.0446186
13.0428 0.0445413
13.0452 0.0445986
13.0476 0.0445238
13.0501 0.0445833
13.0525 0.0445104
13.0549 0.0444466
13.0573 0.0443908
13.0633 0.0443419
13.0664 0.0442992
13.0689 0.0442618
13.0713 0.0442291
13.0737 0.0442004
13.0761 0.0443004
13.0795 0.0442628
13.0824 0.04423
13.0848 0.0442012
13.0872 0.0443011
13.0896 0.0442634
13.092 0.0442305
13.0944 0.0442017
13.0967 0.0441765
13.0991 0.0442794
13.1015 0.0442445
13.1062 0.0448389
13.1093 0.0449841
13.1118 0.0449861
13.1142 0.0451128
13.1166 0.0450987
13.119 0.0452114
13.1224 0.0453099
13.1253 0.0453962
13.1277 0.0453467
13.1302 0.0454283
13.1326 0.0453748
13.135 0.0454529
13.1374 0.0455213
13.1398 0.0454562
13.1422 0.0455241
13.1446 0.0454586
13.149 0.0457763
13.1522 0.0458043
13.1547 0.0457037
13.1571 0.0457408
13.1595 0.0456482
13.1619 0.0455671
13.1655 0.0456212
13.1683 0.0456686
13.1707 0.045585
13.1731 0.0456369
13.1755 0.0455573
13.1779 0.0454876
13.1803 0.0454267
13.1827 0.0453733
13.1851 0.0454517
13.1875 0.0453952
13.1919 0.0455958
13.1952 0.0456463
13.1976 0.0455655
13.2 0.0454948
13.2024 0.045433
13.2047 0.0453789
13.2071 0.0454565
13.2096 0.0452744
13.2124 0.0451151
13.2148 0.0449757
13.2172 0.0448538
13.2196 0.0447471
13.222 0.0446537
13.2244 0.044572
13.2268 0.0445005
13.2291 0.0444379
13.2315 0.0443832
13.236 0.0444603
13.2393 0.0444027
13.2417 0.0443524
13.2441 0.0444333
13.2465 0.0443792
13.2488 0.0443318
13.2512 0.0442903
13.2539 0.044254
13.2565 0.0442223
13.2589 0.0441945
13.2613 0.0441702
13.2637 0.0441489
13.2661 0.0442553
13.2685 0.0442234
13.2708 0.0441955
13.2732 0.044171
13.2756 0.0441496
13.2801 0.0441309
13.2834 0.0441146
13.2857 0.0441002
13.2882 0.0440877
13.2905 0.0443268
13.2929 0.0445359
13.2953 0.0448439
13.2977 0.0449884
13.3001 0.0452399
13.3025 0.0453349
13.3053 0.045543
13.3077 0.0456001
13.3101 0.0457751
13.3125 0.0458032
13.3149 0.0458278
13.3173 0.0459744
13.3197 0.0459776
13.323 0.0461054
13.3262 0.0460922
13.3286 0.0459557
13.331 0.0459612
13.3334 0.0458411
13.3358 0.0457359
13.3382 0.0457689
13.3406 0.0456728
13.343 0.0455887
13.3454 0.0455151
13.3482 0.0455757
13.3506 0.0455038
13.353 0.0454408
13.3554 0.0453857
13.3578 0.0453375
13.3602 0.0454203
13.3625 0.0453678
13.3659 0.0454468
13.3691 0.0456409
13.3715 0.0455608
13.3739 0.0454907
13.3763 0.0454294
13.3787 0.0453757
13.3811 0.0454537
13.3835 0.045397
13.3859 0.0453474
13.3883 0.045429
13.3907 0.0453753
13.3931 0.0453284
13.3954 0.0452874
13.3978 0.0452515
13.4004 0.04522
13.4028 0.0451925
13.4052 0.0451685
13.4075 0.0451474
13.41 0.045004
13.4132 0.0448785
13.4156 0.0447687
13.418 0.0447976
13.4204 0.0446979
13.4228 0.0446106
13.4252 0.0445343
13.4276 0.0444675
13.43 0.0444091
13.4324 0.0443579
13.4347 0.0443132
13.4371 0.0442741
13.4395 0.0442398
13.4419 0.0442098
13.4448 0.0441836
13.4481 0.0444106
13.5193 0.0443593
13.5217 0.0443144
13.5241 0.0442751
13.5269 0.0442407
13.5294 0.0443356
13.5318 0.0442937
13.5342 0.044382
13.5366 0.0443342
13.5623 0.0472924
13.5647 0.0470059
13.5671 0.0468801
13.5698 0.0466451
13.5723 0.0465645
13.5748 0.0463689
13.5772 0.0463228
13.5796 0.0461575
13.6052 0.0490128
13.6076 0.0485112
13.61 0.0480723
13.6124 0.0476882
13.6148 0.0473522
13.6171 0.0470582
13.6195 0.0468009
13.6221 0.0465758
13.6245 0.0463788
13.6493 0.0460815
13.6518 0.0458213
13.6542 0.0457186
13.6566 0.0455038
13.659 0.0453158
13.6613 0.0451513
13.6637 0.0450074
13.6665 0.0448815
13.6689 0.0447713
13.6934 0.0446749
13.6959 0.0445905
13.6983 0.0445167
13.7006 0.0447021
13.703 0.0449894
13.7054 0.0452407
13.7078 0.0453356
13.7105 0.0455437
13.7129 0.0456007
13.7362 0.0484006
13.7388 0.0479755
13.7411 0.0477286
13.7435 0.0473875
13.7459 0.0470891
13.7483 0.0468279
13.7507 0.0465994
13.7534 0.0465245
13.7558 0.046334
13.7792 0.0489172
13.7816 0.0484276
13.784 0.0481241
13.7864 0.0477336
13.7888 0.0473919
13.7912 0.0472179
13.7936 0.0469407
13.796 0.0466981
13.7984 0.0464858
13.8008 0.0463001
13.8233 0.0460126
13.8257 0.045761
13.8281 0.0455409
13.8305 0.0453483
13.8329 0.0451797
13.8353 0.0450323
13.8377 0.0449032
13.8401 0.0449153
13.8425 0.0448009
13.8449 0.0447008
13.8674 0.0446132
13.8698 0.0445365
13.8722 0.0444695
13.8746 0.0444108
13.877 0.0443594
13.8794 0.0443145
13.8818 0.0445252
13.8842 0.0448345
13.8865 0.0449802
13.8889 0.0451077
13.9103 0.0477192
13.9127 0.0473793
13.9151 0.0472069
13.9175 0.0469311
13.9199 0.0466897
13.9223 0.0466035
13.9247 0.046403
13.927 0.0463526
13.9294 0.0461836
13.9318 0.0460356
13.9534 0.0484062
13.956 0.0479804
13.9584 0.0477328
13.9607 0.0473912
13.9631 0.0472173
13.9655 0.0470652
13.9679 0.046807
13.9703 0.0467061
13.9727 0.0464929
13.9751 0.0464313
13.9775 0.0463774
13.9975 0.0460802
14.0004 0.0459452
14.0028 0.045702
14.0052 0.0456143
14.0077 0.0454125
14.01 0.0453609
14.0124 0.0453158
14.0148 0.0451513
14.0172 0.0451324
14.0196 0.0449909
14.022 0.044867
14.0415 0.0447586
14.0445 0.0446638
14.0469 0.0445808
14.0493 0.0445082
14.053 0.0445697
14.178 0.0446235
14.1804 0.0446705
14.1832 0.0445867
14.2161 0.0482634
14.2185 0.0477305
14.2221 0.0473892
14.2245 0.0469655
14.2281 0.0467198
14.2602 0.0463798
14.2626 0.0460824
14.2662 0.0458221
14.2686 0.0458443
14.271 0.0458638
14.3031 0.0495058
14.3055 0.0489426
14.3091 0.0486997
14.3114 0.0482373
14.3138 0.0478326
14.346 0.0512285
14.3484 0.05045
14.3519 0.0498937
14.3543 0.049282
14.3567 0.0487468
14.3591 0.0484034
14.3901 0.047978
14.3925 0.0474807
14.396 0.0471706
14.3984 0.0467743
14.4008 0.0464275
14.4032 0.0461241
14.4342 0.0458586
14.4365 0.0456263
14.4401 0.045423
14.4425 0.0452451
14.4449 0.0450895
14.4473 0.0449533
14.477 0.0485841
14.4794 0.0481361
14.483 0.0479941
14.4854 0.0476198
14.4878 0.0472923
14.4902 0.0471308
14.5199 0.0502395
14.5223 0.0495845
14.5259 0.0491365
14.5283 0.0486194
14.5307 0.048167
14.5331 0.0478961
14.5628 0.0509091
14.5652 0.0502955
14.5676 0.0496335
14.57 0.0489293
14.5724 0.0483132
14.5748 0.047774
14.5772 0.0473023
14.6069 0.0468895
14.6927 0.0499033
14.6951 0.0491654
14.6975 0.0485197
14.7368 0.0479547
14.7392 0.0474604
14.7416 0.0470279
14.7809 0.0466494
14.7833 0.0463182
14.7857 0.0460284
14.825 0.0457749
14.8273 0.045928
14.8297 0.045937
14.8682 0.0505699
14.8705 0.0499986
14.8729 0.0493738
14.9114 0.0534521
14.9138 0.0523956
14.9162 0.0515961
14.9186 0.0508966
14.9555 0.0500345
14.9579 0.0492802
14.9603 0.0486202
14.9626 0.0480427
14.9996 0.0475373
15.002 0.0470952
15.0043 0.0467083
15.0067 0.0463697
15.0425 0.0505735
15.0448 0.0498768
15.0472 0.0493922
15.0496 0.0488432
15.0853 0.0526128
15.0877 0.0516612
15.0901 0.0509535
15.0925 0.0502094
15.1282 0.0538082
15.1306 0.0527072
15.133 0.0518688
15.1354 0.0510102
15.1378 0.0502589
15.1724 0.0494765
15.1747 0.048792
15.1771 0.048193
15.1795 0.0476688
15.1819 0.0472102
15.2166 0.046809
15.219 0.0464578
15.2214 0.0461506
15.2238 0.0461318
15.2261 0.0462403
15.2596 0.0502103
15.262 0.049559
15.2644 0.0491141
15.2668 0.0485998
15.2692 0.0482749
15.3026 0.0517405
15.305 0.0510229
15.3074 0.0503951
15.3098 0.0497207
15.3122 0.0492556
15.3146 0.0487237
15.3469 0.0481332
15.3493 0.0476165
15.3517 0.0471645
15.3541 0.0468939
15.3565 0.0465322
15.3589 0.0462157
15.3912 0.0460637
15.3936 0.0458057
15.3959 0.04558
15.3983 0.0453825
15.4007 0.0452097
15.4031 0.0451835
15.4342 0.0490355
15.4366 0.0485311
15.439 0.0480897
15.4414 0.0478285
15.4438 0.0474749
15.4461 0.0472906
15.4772 0.0506292
15.4796 0.0499256
15.482 0.0493099
15.4844 0.0488962
15.4868 0.0484091
15.4892 0.048108
15.5202 0.0513445
15.5226 0.0505514
15.525 0.0499825
15.5274 0.0494847
15.5298 0.0489241
15.5322 0.0485586
15.5346 0.0481138
15.5649 0.0475995
15.5673 0.0472746
15.5696 0.0468653
15.572 0.0466321
15.5744 0.0464281
15.5768 0.0461246
15.5792 0.045984
15.609 0.045736
15.6113 0.045519
15.6137 0.0453291
15.6161 0.045538
15.6185 0.0455957
15.6209 0.0456463
15.6233 0.0458155
15.6518 0.0490886
15.6542 0.0487025
15.6566 0.0482397
15.659 0.0479597
15.6614 0.0475897
15.6638 0.047266
15.6662 0.0471078
15.6947 0.0500943
15.6971 0.0495825
15.6995 0.0490097
15.7019 0.0485085
15.7043 0.0480699
15.7067 0.0476862
15.7091 0.0474754
15.7115 0.047166
15.7394 0.0468952
15.7418 0.0465333
15.7442 0.0463417
15.7466 0.046174
15.7489 0.0459022
15.7513 0.0457894
15.7537 0.0455658
15.7561 0.045495
15.7835 0.0453082
15.7859 0.0451446
15.7884 0.0450016
15.7908 0.0448764
15.7931 0.0448918
15.7955 0.0447803
15.7979 0.0449328
15.8263 0.0480662
15.8287 0.0476829
15.8315 0.0474726
15.8339 0.0471635
15.8363 0.047018
15.8387 0.0467658
15.8411 0.0466701
15.8696 0.0498363
15.872 0.0493568
15.8744 0.0491872
15.8768 0.0490388
15.8792 0.0489089
15.8816 0.0487953
15.884 0.0485709
15.8864 0.0484995
15.9125 0.0513121
15.9149 0.0505231
15.9173 0.0498327
15.9198 0.0492286
15.9222 0.048825
15.9246 0.0483469
15.927 0.0480535
15.9294 0.0477968
15.9318 0.0474472
15.9566 0.0470163
15.959 0.0467643
15.9614 0.0464188
15.9642 0.0462414
15.9666 0.0459612
15.969 0.0457161
15.9714 0.0455016
15.9738 0.0453139
15.9762 0.0452746
16.0007 0.0451153
16.0031 0.0449759
16.0055 0.0448539
16.0079 0.0449972
16.0103 0.0451225
16.0127 0.0452322
16.0151 0.0454532
16.0174 0.0455215
16.0198 0.0455813
16.0437 0.0482587
16.0461 0.0479763
16.0485 0.0476043
16.0509 0.0472788
16.0533 0.0471189
16.0557 0.046854
16.0581 0.0467473
16.0605 0.0465289
16.0629 0.0463378
16.0868 0.0489205
16.0892 0.0485555
16.0915 0.048111
16.0939 0.0477222
16.0963 0.0475069
16.0987 0.0471935
16.1011 0.0470443
16.1035 0.0467888
16.1059 0.0465652
16.1083 0.0464945
16.1309 0.0461827
16.1332 0.0459099
16.1356 0.0456711
16.138 0.0455873
16.1404 0.0453888
16.1428 0.0452152
16.1452 0.0450633
16.1476 0.0449304
16.15 0.0448141
16.1524 0.0447124
16.1749 0.0446233
16.1773 0.0445454
16.1797 0.0444772
16.1821 0.0444176
16.1845 0.0443654
16.1869 0.0443197
16.1893 0.0446547
16.1917 0.0448229
16.1941 0.045095
16.1965 0.0453332
16.2178 0.0477915
16.2202 0.0475676
16.2226 0.0472466
16.225 0.0469658
16.2274 0.0467201
16.2298 0.0465051
16.2322 0.0464419
16.2346 0.0462617
16.237 0.046104
16.2393 0.045966
16.2607 0.0482202
16.2631 0.0479427
16.2655 0.0475749
16.2679 0.047253
16.2703 0.0470964
16.2727 0.0468343
16.2751 0.04673
16.2775 0.0465138
16.2798 0.0463246
16.2822 0.046284
16.2846 0.0461235
16.3048 0.0458581
16.3072 0.0456258
16.3096 0.0454226
16.312 0.0452448
16.3144 0.0450892
16.3168 0.044953
16.3191 0.0448339
16.3215 0.0447296
16.3239 0.0446384
16.3263 0.0445586
16.3287 0.0444888
16.3489 0.0444277
16.3513 0.0443742
16.3537 0.0443275
16.3561 0.0444115
16.3584 0.0443601
16.3608 0.0443151
16.3632 0.0442757
16.3656 0.0442412
16.368 0.0443361
16.3704 0.0442941
16.3728 0.0445073
16.3918 0.0468189
16.3942 0.0467165
16.3966 0.046502
16.3989 0.0463142
16.4013 0.0461499
16.4037 0.0460062
16.4061 0.0460054
16.4085 0.0458797
16.4109 0.0457698
16.4133 0.0456736
16.4157 0.0455894
16.4347 0.0476407
16.4371 0.0474356
16.4394 0.0471312
16.4418 0.0468648
16.4442 0.0467567
16.4466 0.0465371
16.449 0.0464699
16.4514 0.0462862
16.4538 0.0461254
16.4562 0.0461097
16.4586 0.045971
16.461 0.0458496
16.4788 0.0456184
16.4811 0.0454161
16.4835 0.0452391
16.4859 0.0450842
16.4883 0.0449487
16.4907 0.0448301
16.4931 0.0447263
16.4955 0.0446356
16.4979 0.0445561
16.5003 0.0444866
16.5027 0.0444258
16.505 0.0444975
16.5228 0.0444354
16.5252 0.0443809
16.5276 0.0443333
16.53 0.0444167
16.5324 0.0443646
16.5348 0.044319
16.5372 0.0442791
16.5396 0.0442442
16.542 0.0442137
16.5443 0.044187
16.5467 0.0441636
16.5491 0.0441432
16.5671 0.0442503
16.5695 0.044594
16.5719 0.0447697
16.5742 0.0450485
16.5766 0.0451675
16.579 0.0453965
16.5814 0.045597
16.5838 0.0456473
16.5862 0.0458164
16.5886 0.0459644
16.591 0.0459688
16.5934 0.0460977
16.61 0.0478355
16.6124 0.0474811
16.615 0.0471709
16.6174 0.0470246
16.6198 0.0467715
16.6222 0.0466751
16.6246 0.0464657
16.6269 0.0462825
16.6293 0.0462472
16.6317 0.0460913
16.6341 0.0460799
16.6365 0.0460699
16.6529 0.0476861
16.6552 0.0474754
16.6579 0.0471659
16.6603 0.0470202
16.6627 0.0467677
16.6651 0.0466717
16.6674 0.0464628
16.6698 0.0462799
16.6722 0.0462449
16.6746 0.0460893
16.677 0.0460781
16.6794 0.0459434
16.6818 0.0458255
16.697 0.0455973
16.6994 0.0453976
16.7021 0.0453479
16.7045 0.0451794
16.7069 0.045032
16.7093 0.044903
16.7117 0.0447901
16.7141 0.0448164
16.7165 0.0447143
16.7189 0.044625
16.7213 0.0445469
16.7237 0.0444785
16.726 0.0445437
16.7411 0.0446007
16.7438 0.0445257
16.7462 0.0444599
16.7486 0.0444025
16.751 0.0444771
16.7534 0.0447925
16.7558 0.0449434
16.7582 0.0452005
16.7606 0.0453004
16.763 0.0453879
16.7653 0.0455894
16.768 0.0456407
16.7704 0.0458106
16.784 0.0472093
16.7871 0.0470581
16.7895 0.0469259
16.7918 0.0466851
16.7942 0.0465995
16.7966 0.0463996
16.799 0.0463496
16.8014 0.0463059
16.8038 0.0461427
16.8062 0.0461248
16.8086 0.0461092
16.811 0.0459706
16.8136 0.0459743
16.8272 0.0473525
16.83 0.0471834
16.8323 0.0469105
16.8348 0.0466717
16.8372 0.0465877
16.8396 0.0463892
16.842 0.0462156
16.8445 0.0460636
16.8469 0.0459307
16.8493 0.0459394
16.8516 0.0458219
16.854 0.0458442
16.8564 0.0458637
16.8589 0.0457557
16.8713 0.0455362
16.874 0.0454692
16.8766 0.0452856
16.8793 0.0452499
16.8817 0.0450936
16.8841 0.0450819
16.8865 0.0450717
16.8889 0.0449377
16.8913 0.0449455
16.8937 0.0448273
16.8961 0.0448489
16.8985 0.0447428
16.9009 0.0446499
16.9033 0.0446937
16.9153 0.044607
16.9182 0.0445311
16.921 0.0445897
16.9234 0.044516
16.9262 0.0445765
16.9286 0.0445044
16.931 0.0445664
16.9334 0.0446206
16.9358 0.044918
16.9382 0.0451783
16.9406 0.045406
16.943 0.0454802
16.9454 0.0456702
16.9477 0.0458364
16.9582 0.0469819
16.961 0.0468591
16.9639 0.0466267
16.9663 0.0464234
16.9695 0.0463705
16.9719 0.0461992
16.9743 0.0461743
16.9766 0.0460275
16.979 0.046024
16.9814 0.046021
16.9838 0.0458934
16.9862 0.0459067
16.9886 0.0459184
16.991 0.0458036
17.0011 0.0468281
17.0039 0.0465996
17.0068 0.0463997
17.0095 0.0463497
17.0124 0.046306
17.0148 0.0461427
17.0171 0.0461249
17.0195 0.0459843
17.0219 0.0458613
17.0243 0.0457536
17.0267 0.0456594
17.0291 0.045702
17.0315 0.0456142
17.0339 0.0455374
17.0363 0.0455953
17.0452 0.0453959
17.048 0.0453464
17.0509 0.0451781
17.0536 0.0450308
17.0564 0.044902
17.0588 0.0447892
17.0612 0.0446906
17.0636 0.0446042
17.066 0.0446537
17.0684 0.044572
17.0708 0.0445005
17.0732 0.0444379
17.0756 0.0443832
17.078 0.0443353
17.0804 0.0442934
17.0893 0.0442567
17.0921 0.0442246
17.095 0.0441965
17.0977 0.044172
17.1005 0.0441505
17.1029 0.0441317
17.1053 0.0441152
17.1077 0.0441008
17.1101 0.0440882
17.1125 0.0440772
17.1149 0.0440675
17.1173 0.0440591
17.1197 0.0443017
17.122 0.044639
17.1244 0.0449341
17.1326 0.0458173
17.135 0.0457152
17.1379 0.0456258
17.1406 0.0456726
17.1434 0.0457135
17.1458 0.0456243
17.1482 0.0456713
17.1506 0.0455874
17.153 0.0455139
17.1554 0.0454497
17.1578 0.0453935
17.1602 0.0454693
17.1625 0.0454106
17.1649 0.0453593
17.1673 0.0453144
17.1755 0.0460251
17.1779 0.045897
17.1808 0.0459098
17.1835 0.0459211
17.1863 0.045931
17.1887 0.0458146
17.1911 0.0458378
17.1935 0.045733
17.1959 0.0456414
17.1983 0.0456862
17.2007 0.0456005
17.203 0.0456504
17.2054 0.0455691
17.2078 0.045498
17.2102 0.0455607
17.2126 0.0454906
17.2196 0.0453043
17.222 0.0451413
17.2249 0.0449986
17.2275 0.0448738
17.2304 0.0447646
17.2328 0.044669
17.2352 0.0445854
17.2376 0.0445122
17.24 0.0444482
17.2423 0.0443921
17.2447 0.0443431
17.2471 0.0443002
17.2495 0.0442627
17.2531 0.0444799
17.3258 0.0444199
17.3281 0.0443674
17.3305 0.0443215
17.3329 0.0442813
17.3353 0.0442461
17.3393 0.0444654
17.3417 0.0444072
17.3686 0.0473563
17.371 0.0471868
17.3734 0.0469134
17.3758 0.0466742
17.3782 0.04659
17.3822 0.0466412
17.3846 0.0464361
17.4115 0.0493815
17.4139 0.0488339
17.4163 0.0483546
17.4187 0.0479353
17.4211 0.0476934
17.4251 0.0476067
17.4275 0.0472809
17.4544 0.0501208
17.4568 0.0494807
17.4592 0.0490456
17.4616 0.0485399
17.464 0.0480974
17.4664 0.0477102
17.4692 0.0472464
17.4716 0.0468406
17.4985 0.0464856
17.5009 0.0461749
17.5033 0.045903
17.5057 0.0456651
17.5081 0.045582
17.5105 0.0453842
17.5133 0.0452112
17.5157 0.0450598
17.5429 0.0449273
17.5453 0.0449364
17.5477 0.0448194
17.5501 0.0448419
17.5525 0.0451117
17.5558 0.0453477
17.6383 0.0451793
17.6415 0.0451569
17.6439 0.0450123
17.6812 0.0492607
17.6844 0.0488531
17.6868 0.0483715
17.7241 0.0524501
17.7264 0.0515188
17.7288 0.0505789
17.7312 0.0498816
17.7681 0.0491464
17.7705 0.0485031
17.7729 0.0479402
17.7753 0.0474477
17.8122 0.0470167
17.8146 0.0466396
17.817 0.0464347
17.8194 0.0465053
17.8551 0.0506922
17.8575 0.0499806
17.8599 0.0493581
17.8623 0.0488133
17.898 0.0525866
17.9004 0.0516383
17.9028 0.0508085
17.9052 0.0502075
17.9076 0.0495565
17.9421 0.048862
17.9445 0.0482542
17.9469 0.0477224
17.9493 0.0472571
17.9516 0.04685
17.9862 0.0464937
17.9886 0.046182
17.991 0.0459093
17.9933 0.0456706
17.9957 0.0454618
18.0303 0.0452791
18.0326 0.0453692
18.035 0.045573
18.0374 0.0457514
18.0398 0.0457825
18.0744 0.0499347
18.1613 0.0491928
18.1641 0.0486687
18.2054 0.0480851
18.2082 0.0475745
18.2495 0.0471277
18.2519 0.0469867
18.2924 0.0516134
18.2948 0.0507867
18.3357 0.0549384
18.338 0.0538211
18.3404 0.0528434
18.3801 0.051863
18.3825 0.0508801
18.3849 0.0500201
18.4242 0.0492676
18.4267 0.0486091
18.4291 0.048158
18.4683 0.0476383
18.4707 0.0474335
18.4731 0.0473793
18.5112 0.0517069
18.5136 0.0508685
18.516 0.050135
18.5541 0.0539931
18.5565 0.0528689
18.5588 0.0518853
18.5612 0.0511497
18.5982 0.050256
18.6005 0.049474
18.6029 0.0487897
18.6053 0.048191
18.6427 0.0476671
18.6451 0.0473337
18.6475 0.047042
18.6499 0.0466618
18.6856 0.050829
18.688 0.0501004
18.6904 0.0494629
18.6927 0.048905
18.7288 0.0526669
18.7312 0.0518335
18.7336 0.0511043
18.7359 0.0503413
18.7718 0.0539236
18.7742 0.0529332
18.7766 0.0519415
18.779 0.0511988
18.7814 0.050549
18.8162 0.0498554
18.8186 0.0491234
18.8209 0.048483
18.8233 0.0479226
18.8257 0.0474323
18.8602 0.0470033
18.8626 0.0466279
18.8652 0.0464244
18.8676 0.0464963
18.87 0.0464343
18.9031 0.05038
18.9055 0.0497075
18.9083 0.0492441
18.9107 0.0487136
18.9131 0.0483744
18.946 0.0519526
18.9484 0.0510835
18.9512 0.0504481
18.9536 0.049767
18.9562 0.0492962
18.9586 0.0487591
18.9901 0.0481643
18.9925 0.0476437
18.9957 0.0471883
18.9981 0.0469147
19.0005 0.0465504
19.0028 0.0462316
19.0342 0.0459526
19.0366 0.0457086
19.0398 0.045495
19.0421 0.0453081
19.0445 0.0451446
19.0469 0.0450015
19.0771 0.0487513
19.0795 0.0482824
19.0826 0.0479971
19.085 0.0477475
19.0874 0.047404
19.0898 0.0471035
19.1203 0.0504656
19.1227 0.0497824
19.1256 0.0493096
19.128 0.0487709
19.1303 0.0482995
19.1327 0.0478871
19.1632 0.0511512
19.1656 0.0503823
19.168 0.0498345
19.1704 0.0492302
19.1728 0.0487014
19.1752 0.0482387
19.1776 0.0478339
19.2073 0.0473547
19.2097 0.0469353
19.2121 0.0465684
19.2145 0.0462474
19.2169 0.0459664
19.2193 0.0457206
19.2517 0.0455056
19.2541 0.0454424
19.2565 0.0452621
19.2589 0.0453543
19.2613 0.04556
19.2637 0.04574
19.2946 0.0493975
19.297 0.0488478
19.2994 0.0487418
19.3018 0.0485241
19.3042 0.0484586
19.3065 0.0484013
19.3089 0.0482261
19.3375 0.0514478
19.3399 0.0506419
19.3423 0.0500616
19.3447 0.0494289
19.3471 0.0490003
19.3495 0.0485003
19.3519 0.0480627
19.3542 0.0478049
19.3816 0.0473293
19.384 0.0469131
19.3868 0.046549
19.3891 0.0463554
19.3915 0.0460609
19.3939 0.0458033
19.3963 0.0457029
19.3987 0.04549
19.4257 0.0453038
19.4281 0.0452658
19.4309 0.0451076
19.4333 0.0449691
19.4357 0.044848
19.4381 0.044867
19.4404 0.0447586
19.4428 0.0446638
19.4686 0.0478308
19.471 0.047477
19.4738 0.0471673
19.4762 0.0470214
19.4786 0.0467687
19.4809 0.0465477
19.4833 0.0463542
19.4857 0.0461849
19.5115 0.0490368
19.5139 0.0485322
19.5167 0.0482157
19.519 0.0479387
19.5214 0.0475714
19.5238 0.04725
19.5262 0.0470937
19.5286 0.046832
19.5544 0.049603
19.5567 0.0490276
19.5591 0.0486492
19.5615 0.048193
19.5639 0.0476689
19.5663 0.0473353
19.5687 0.0470434
19.5711 0.0467879
19.5735 0.0465645
19.5988 0.0462439
19.6012 0.0460884
19.6036 0.0458274
19.606 0.0455989
19.6084 0.0455241
19.6108 0.0453336
19.6132 0.0452919
19.6156 0.0451304
19.6179 0.0449891
19.6429 0.0448654
19.6453 0.0447573
19.6477 0.0446626
19.6501 0.0449548
19.6525 0.0452104
19.6549 0.0453091
19.6573 0.0455205
19.6597 0.0455804
19.6621 0.0457579
19.6858 0.0485381
19.6882 0.0482209
19.6906 0.0478183
19.693 0.047466
19.6954 0.0471577
19.6978 0.046888
19.7002 0.046777
19.7026 0.0465549
19.705 0.0463605
19.7287 0.0488155
19.7311 0.0484635
19.7335 0.0480306
19.7363 0.0477768
19.7387 0.0475547
19.7411 0.0473603
19.7443 0.0473153
19.8245 0.0469009
19.8269 0.0465383
19.8301 0.046346
19.8324 0.0460527
19.8674 0.0499211
19.8698 0.049306
19.873 0.0488927
19.8754 0.0484062
19.9103 0.0521054
19.9128 0.0512172
19.9158 0.0505651
19.9182 0.0499944
19.9535 0.0534951
19.9559 0.0524332
19.9583 0.0516291
19.9607 0.0508004
19.9631 0.0500754
19.9976 0.049316
20 0.0486515
20.0024 0.04807
20.0048 0.0475613
20.0072 0.0471161
20.0417 0.0467266
20.0441 0.0465108
20.0465 0.0461969
20.0489 0.0461723
20.0513 0.0462758
20.0846 0.0501163
20.087 0.0494768
20.0894 0.0489172
20.0918 0.0484275
20.0942 0.0481241
20.1275 0.0516086
20.1299 0.0507825
20.1323 0.0501847
20.1347 0.0495366
20.137 0.0490945
20.1394 0.0485827
20.1716 0.0480099
20.174 0.0475086
20.1763 0.0470701
20.1787 0.0466863
20.1811 0.0463505
20.1835 0.0460567
20.2156 0.0457996
20.218 0.0456997
20.2204 0.0454872
20.2228 0.0453013
20.2252 0.0451386
20.2276 0.0449963
20.2585 0.0487468
20.2609 0.0482784
20.2633 0.0478686
20.2657 0.04751
20.2681 0.0473213
20.2705 0.0470311
20.3018 0.0504022
20.3042 0.049852
20.3066 0.0493705
20.309 0.0488241
20.3114 0.0484711
20.3138 0.0480372
20.3447 0.0512826
20.3471 0.0506223
20.3495 0.0499195
20.3519 0.0493045
20.3544 0.0488915
20.3568 0.048405
20.3592 0.0481044
20.3889 0.0475914
20.3913 0.0471424
20.3937 0.0467496
20.3961 0.0465309
20.3989 0.0462146
20.4012 0.0460627
20.4036 0.0458049
20.433 0.0455793
20.4354 0.0453819
20.4378 0.0452091
20.4401 0.045058
20.4425 0.0451757
20.4449 0.0452788
20.4473 0.0453689
20.4759 0.0486978
20.4783 0.0483606
20.4807 0.0479405
20.483 0.0476979
20.4854 0.0473607
20.4878 0.0470656
20.4902 0.0469324
20.5191 0.0500659
20.5215 0.0495576
20.5239 0.0489879
20.5263 0.0486144
20.5287 0.0481626
20.5311 0.0478923
20.5335 0.0476558
20.5359 0.0473238
20.5635 0.0469083
20.5659 0.0465448
20.5683 0.0463517
20.5707 0.0460577
20.5731 0.0459255
20.5755 0.0456848
20.5779 0.0454742
20.5802 0.0454149
20.6076 0.0452381
20.61 0.0450833
20.6124 0.0449479
20.6148 0.0448294
20.6172 0.0447257
20.6195 0.044635
20.6219 0.0445556
20.6243 0.0448612
20.6505 0.0480035
20.6529 0.0476281
20.6553 0.0474246
20.6577 0.0471215
20.66 0.0469813
20.6624 0.0467337
20.6648 0.0465169
20.6672 0.0464523
20.6937 0.0492708
20.6961 0.0488619
20.6985 0.0485042
20.7009 0.0480662
20.7033 0.0478079
20.7057 0.0474569
20.7081 0.0472748
20.7105 0.0471154
20.7128 0.046851
20.7378 0.0464946
20.7402 0.0461828
20.7426 0.04591
20.745 0.0457962
20.7474 0.0455717
20.7498 0.0453752
20.7522 0.0452033
20.7546 0.0450529
20.757 0.0449213
20.7819 0.0448061
20.7843 0.0447054
20.7867 0.0446172
20.7891 0.04454
20.7919 0.0444725
20.7943 0.0445385
20.7968 0.0444712
20.7992 0.0445373
20.8016 0.0445951
20.826 0.0445207
20.8285 0.0448306
20.8309 0.0449768
20.8333 0.0452297
20.8357 0.045326
20.8383 0.0455352
20.8407 0.0455933
20.8431 0.0457692
20.8455 0.045798
20.8689 0.0484483
20.8714 0.0481422
20.8738 0.0477495
20.8764 0.0475308
20.8788 0.0472144
20.8812 0.0470626
20.8836 0.0468048
20.886 0.0467042
20.8884 0.0464912
20.9118 0.0489298
20.9143 0.0485635
20.9167 0.0481181
20.919 0.0478533
20.9214 0.0474967
20.9239 0.0471846
20.9263 0.0469115
20.9287 0.0466726
20.9311 0.0464635
20.9335 0.0462806
20.9558 0.0459955
20.9583 0.0457461
20.9607 0.0455278
20.9631 0.0453368
20.9655 0.0451697
20.968 0.0451485
20.9704 0.0450049
20.9728 0.0448793
20.9752 0.0447694
20.9776 0.0446732
21.0001 0.0447141
21.0025 0.0446248
21.0049 0.0445467
21.0073 0.0444784
21.0097 0.0446686
21.0121 0.04496
21.0145 0.04509
21.0169 0.0452038
21.0193 0.0454283
21.0217 0.0454997
21.0432 0.0480623
21.0455 0.0476795
21.0479 0.0473446
21.0503 0.0471765
21.0527 0.0469044
21.0551 0.0467914
21.0575 0.0465674
21.0603 0.0464965
21.0627 0.0464345
21.0651 0.0463801
21.0862 0.0487076
21.0886 0.0482442
21.091 0.0478387
21.0934 0.0476088
21.0957 0.0472827
21.0981 0.0471224
21.1005 0.0468571
21.1029 0.0466249
21.1053 0.0464218
21.1077 0.0462441
21.1101 0.0460886
21.1304 0.0458275
21.1328 0.0455991
21.1352 0.0455242
21.1376 0.0453337
21.14 0.045167
21.1424 0.0450211
21.1447 0.0448935
21.1471 0.0449068
21.1495 0.0447934
21.1519 0.0446942
21.1543 0.0446075
21.1746 0.0445315
21.177 0.0445901
21.1794 0.0445163
21.1818 0.0444518
21.1842 0.0445203
21.1866 0.0444553
21.189 0.0443984
21.1914 0.0447236
21.1937 0.0448831
21.1961 0.0451477
21.1985 0.0453793
21.2177 0.0475819
21.22 0.0473841
21.2224 0.0470861
21.2248 0.0468253
21.2272 0.0467222
21.2296 0.0465069
21.232 0.0463185
21.2344 0.0462787
21.2368 0.0461189
21.2392 0.046104
21.2416 0.045966
21.2607 0.0479703
21.2631 0.047724
21.2655 0.0473835
21.2679 0.0470855
21.2702 0.0469499
21.2726 0.0467061
21.275 0.0466179
21.2774 0.0465406
21.2798 0.046348
21.2822 0.0463045
21.2846 0.0461415
21.287 0.0459988
21.3049 0.0457489
21.3073 0.0455303
21.3097 0.045339
21.3121 0.0452967
21.3145 0.0451346
21.3169 0.0449927
21.3192 0.0448687
21.3216 0.0447601
21.324 0.0447901
21.3264 0.0446913
21.3288 0.0446049
21.3312 0.0446543
21.3494 0.0446975
21.3518 0.0446103
21.3542 0.044659
21.3566 0.0445766
21.359 0.0445046
21.3613 0.0445665
21.3637 0.0444957
21.3661 0.0445587
21.3685 0.0444889
21.3709 0.0444278
21.3733 0.0444993
21.3757 0.0448119
21.3923 0.0468354
21.3947 0.046606
21.3971 0.0465302
21.3995 0.0463389
21.4018 0.0461716
21.4042 0.0461501
21.4066 0.0460064
21.409 0.0460056
21.4114 0.0458799
21.4138 0.0457699
21.4162 0.0457987
21.4186 0.0456988
21.4356 0.0474865
21.438 0.0471757
21.4404 0.0470287
21.4428 0.0467751
21.4452 0.0466782
21.4475 0.0465934
21.4499 0.0463943
21.4523 0.046345
21.4547 0.0461769
21.4571 0.0461547
21.4595 0.0461354
21.4619 0.0459935
21.4643 0.0459943
21.4797 0.045745
21.4821 0.0456519
21.4845 0.0454454
21.487 0.0452647
21.4894 0.0451066
21.4918 0.0449683
21.4941 0.0449723
21.4965 0.0448507
21.4989 0.0447444
21.5013 0.0446513
21.5037 0.0445699
21.5061 0.0446237
21.5085 0.0445457
21.5238 0.0444775
21.5261 0.0444178
21.5285 0.0443656
21.5311 0.0444449
21.5335 0.0443893
21.5358 0.0443406
21.5382 0.044298
21.5406 0.0442608
21.543 0.0443532
21.5454 0.044309
21.5478 0.0442704
21.5502 0.0442366
21.5526 0.044207
21.5682 0.0443062
21.5706 0.0446429
21.573 0.0449375
21.5754 0.0451953
21.5778 0.0452959
21.5802 0.0455089
21.5826 0.0456953
21.585 0.0457334
21.5874 0.0458917
21.5898 0.0459053
21.5921 0.0460421
21.5945 0.0461618
21.5969 0.0461416
21.6111 0.0477489
21.6781 0.0474053
21.6817 0.0469796
21.6841 0.0468572
21.6969 0.047875
21.6997 0.0473906
21.7021 0.0469668
21.7222 0.046596
21.7257 0.0462715
21.7281 0.0459875
21.7413 0.0458641
21.7438 0.0456311
21.7462 0.0454272
21.7663 0.0452488
21.7686 0.0453427
21.771 0.0454249
21.7844 0.0467467
21.7868 0.0465284
21.7892 0.0464624
21.8092 0.0485296
21.8116 0.0480884
21.8145 0.0478273
21.8273 0.0488489
21.8297 0.0483678
21.8321 0.0480718
21.8521 0.0499378
21.8545 0.0493206
21.8569 0.0487805
21.8593 0.048308
21.8714 0.0477695
21.8738 0.0472983
21.8762 0.046886
21.8964 0.0465252
21.8988 0.0462096
21.9012 0.0460584
21.9036 0.0458011
21.9155 0.045576
21.9178 0.045379
21.9202 0.0452066
21.9405 0.0450558
21.9429 0.0449238
21.9453 0.0448083
21.9477 0.0447073
21.9583 0.0459939
21.9607 0.0458696
21.9631 0.0458859
21.9834 0.0480252
21.9858 0.047647
21.9885 0.0474412
21.9909 0.047136
22.0012 0.047994
22.0036 0.0476198
22.006 0.0474173
22.027 0.0493651
22.0294 0.0489445
22.0318 0.0485764
22.0342 0.0482544
22.0441 0.0489726
22.0465 0.048476
22.0489 0.0480415
22.0515 0.0476613
22.0711 0.0473286
22.0735 0.0469126
22.0759 0.0465485
22.0782 0.0462299
22.0884 0.0459512
22.0908 0.0457073
22.0932 0.0456189
22.0958 0.0454165
22.1152 0.0452395
22.1176 0.0450845
22.1199 0.044949
22.1223 0.0448303
22.1325 0.0447265
22.1348 0.0446357
22.1372 0.0445563
22.1396 0.0447367
22.1584 0.0470196
22.1608 0.0467672
22.1632 0.0466713
22.1656 0.0465874
22.1753 0.0473889
22.1781 0.0472153
22.1805 0.0470634
22.1829 0.0468055
22.2013 0.0487048
22.2037 0.0482417
22.2061 0.0479615
22.2085 0.0475913
22.2186 0.0482674
22.221 0.047984
22.2234 0.047611
22.2258 0.0472846
22.2442 0.049124
22.2466 0.0486085
22.249 0.0481575
22.2514 0.0477628
22.2537 0.0474174
22.263 0.0469902
22.2655 0.0466165
22.2679 0.0462894
22.2702 0.0461282
22.2883 0.0458622
22.2907 0.0456294
22.293 0.0455507
22.2954 0.0453569
22.2982 0.0453123
22.3072 0.0452733
22.3096 0.0451141
22.3119 0.0449748
22.3143 0.044853
22.3323 0.0447464
22.3347 0.0446531
22.3371 0.0449464
22.3395 0.0450781
22.3419 0.0451934
22.3501 0.0460442
22.3524 0.0459137
22.3548 0.0457995
22.3572 0.0458245
22.3752 0.0477215
22.3776 0.0473813
22.38 0.0472086
22.4638 0.0468075
22.4662 0.0465816
22.4686 0.0462589
22.471 0.0459765
22.5079 0.0457295
22.5103 0.0455133
22.5127 0.0453241
22.5151 0.0452836
22.552 0.0451232
22.5544 0.0453578
22.5568 0.045438
22.5592 0.0456333
22.5949 0.0498041
22.5974 0.0493286
22.5998 0.0487875
22.6022 0.0484391
22.6378 0.0521342
22.6403 0.0513674
22.6427 0.0505715
22.6451 0.0500001
22.6475 0.0493751
22.6819 0.0487032
22.6844 0.0481153
22.6871 0.0477259
22.6895 0.0472601
22.6919 0.0468526
22.726 0.046621
22.7285 0.0462934
22.7312 0.0460067
22.7336 0.0457559
22.736 0.0459114
22.7689 0.0497975
22.7713 0.0491978
22.7741 0.0487981
22.7765 0.0483233
22.7789 0.0479079
22.8118 0.0512944
22.8146 0.0506326
22.817 0.0499285
22.8194 0.0493125
22.8234 0.0490234
22.9092 0.0486455
22.9116 0.0480648
22.9521 0.0489317
22.9545 0.0484402
22.995 0.0527602
22.9974 0.0517902
23.0379 0.0556914
23.0402 0.05448
23.0426 0.053295
23.0819 0.0521331
23.0843 0.0511165
23.0867 0.0502269
23.126 0.0495735
23.1284 0.0488769
23.1308 0.0482672
23.1689 0.0524838
23.1713 0.0515484
23.1737 0.0507298
23.2122 0.0546386
23.2145 0.0535588
23.2169 0.0524889
23.255 0.0561778
23.2574 0.0547806
23.2598 0.053558
23.2622 0.0526133
23.2991 0.0515366
23.3015 0.0505945
23.3039 0.0497702
23.3063 0.0490489
23.3432 0.0484178
23.3456 0.0478656
23.348 0.0473824
23.3504 0.0473346
23.3865 0.0514178
23.3889 0.0506155
23.3912 0.0500386
23.3936 0.0495338
23.4294 0.0532171
23.4317 0.0521899
23.4341 0.0514162
23.4365 0.0506142
23.4722 0.0541624
23.4746 0.0530171
23.4771 0.05214
23.4795 0.0512475
23.4819 0.0504665
23.5163 0.0496582
23.5187 0.0489509
23.5212 0.0483321
23.5236 0.0477906
23.526 0.0474417
23.5604 0.0470115
23.5628 0.0466351
23.5652 0.0466807
23.5676 0.0465956
23.57 0.0465212
23.6037 0.050331
23.6061 0.0497896
23.6085 0.0493159
23.6108 0.0487764
23.6132 0.0484294
23.649 0.0480007
23.6515 0.0476256
23.6538 0.0472974
23.6562 0.0471352
23.6586 0.0468683
23.6934 0.0466348
23.6958 0.0466804
23.6982 0.0467204
23.7006 0.0467553
23.703 0.0466609
23.7053 0.0467033
23.7375 0.0463654
23.7399 0.0460697
23.7424 0.045811
23.7448 0.0455846
23.7472 0.0455115
23.7496 0.0453226
23.7805 0.0490323
23.7829 0.0485282
23.7853 0.0482122
23.7877 0.0478107
23.7901 0.0475843
23.7925 0.0472613
23.8234 0.0506036
23.8258 0.0499032
23.8285 0.0494153
23.8313 0.0489884
23.8337 0.0486148
23.8361 0.048288
23.8663 0.051502
23.9521 0.0540642
23.9545 0.0528062
23.9569 0.0517054
23.9962 0.0507422
23.9986 0.0498995
24.0009 0.049162
24.0402 0.0485168
24.0426 0.0479522
24.045 0.0475832
24.0846 0.0471353
24.087 0.0469934
24.0894 0.0469942
24.1275 0.0513699
24.13 0.0506987
24.1324 0.0501113
24.1704 0.0539724
24.1732 0.0529759
24.1756 0.0519789
24.178 0.0512315
24.2145 0.0503276
24.2173 0.0495366
24.2197 0.0488446
24.2225 0.048239
24.2586 0.0477091
24.2614 0.0472455
24.2638 0.0468398
24.267 0.0466098
24.3015 0.0506586
24.3043 0.0500763
24.3067 0.0494417
24.3099 0.0490115
24.3443 0.0525101
24.3472 0.0516963
24.3496 0.0508593
24.3528 0.0502519
24.3885 0.0538454
24.4755 0.0526147
24.4779 0.0515379
24.5196 0.0505956
24.522 0.0498962
24.5637 0.0491592
24.5661 0.0485143
24.6081 0.048075
24.6105 0.0479406
24.6514 0.052573
24.6537 0.0516264
24.6947 0.0556731
24.6971 0.054464
24.6995 0.053406
24.7388 0.0522302
24.7412 0.0512014
24.7436 0.0503013
24.7829 0.0495136
24.7853 0.0488244
24.7877 0.0482214
24.8274 0.0478187
24.8298 0.0477163
24.8322 0.0476268
24.8707 0.0520485
24.8731 0.0512924
24.8754 0.0506308
24.9136 0.054427
24.916 0.0532486
24.9183 0.0522175
24.9207 0.0513153
24.9577 0.0504009
24.96 0.0497258
24.9628 0.0490101
24.9652 0.0485088
25.0021 0.0480702
25.0045 0.0475614
25.0069 0.0471163
25.0094 0.0467267
25.045 0.0507609
25.0474 0.0500408
25.0498 0.0494107
25.0523 0.0489843
25.0879 0.0526113
25.0903 0.0517849
25.0927 0.0509368
25.0952 0.0503197
25.1308 0.0537797
25.1332 0.0528073
25.1356 0.0518313
25.1379 0.0509774
25.1403 0.0502302
25.1749 0.0494515
25.1772 0.04877
25.1796 0.0481738
25.182 0.0477771
25.1844 0.0473049
25.2189 0.0468918
25.2213 0.0465303
25.2237 0.046214
25.2261 0.0463123
25.2285 0.0462732
25.2618 0.0501141
25.2642 0.0495998
25.2666 0.0490249
25.269 0.0486467
25.2714 0.0481909
25.3047 0.051667
25.3071 0.0509587
25.3095 0.0502138
25.3119 0.0495621
25.3143 0.0489918
25.3167 0.0484929
25.3488 0.0479312
25.3512 0.0474398
25.3536 0.0470099
25.356 0.0466336
25.3584 0.0463044
25.3608 0.0460164
25.3929 0.0457643
25.3953 0.0455438
25.3977 0.0453508
25.4001 0.045307
25.4025 0.0451436
25.4048 0.0450006
25.4361 0.0488756
25.4384 0.0485161
25.4408 0.0480766
25.4432 0.047817
25.4456 0.0474649
25.448 0.0472818
25.4789 0.0506216
25.4813 0.0499189
25.4837 0.049304
25.4861 0.048891
25.4885 0.0484046
25.4909 0.0479791
25.5219 0.0511067
25.5243 0.0504683
25.5267 0.0497848
25.5291 0.0493117
25.5315 0.0487727
25.5339 0.0483011
25.5363 0.0480135
25.5664 0.0476368
25.5688 0.0471822
25.5712 0.0469094
25.5736 0.0465458
25.576 0.0462275
25.5784 0.0460741
25.6669 0.0458148
25.6955 0.048838
25.7075 0.0493582
25.711 0.0486884
25.7396 0.0481024
25.7516 0.0475896
25.7551 0.0472659
25.7824 0.0503577
25.7945 0.0509379
25.798 0.0504457
25.8253 0.05289
25.8374 0.0531537
25.8409 0.0522595
25.8682 0.0544771
25.8706 0.0532924
25.8814 0.0521309
25.885 0.0511145
25.9123 0.0502252
25.9147 0.0494471
25.9255 0.0487662
25.9291 0.0482954
25.9564 0.0477585
25.9588 0.0472887
25.9696 0.0468776
25.972 0.0468929
25.9993 0.0497813
26.0017 0.0491836
26.0125 0.0497857
26.0151 0.0493125
26.0422 0.0518984
26.0446 0.0510361
26.0554 0.0514066
26.058 0.0506058
26.0604 0.049905
26.0863 0.0491669
26.0887 0.048521
26.0995 0.0479559
26.1021 0.0475864
26.1044 0.0471381
26.1303 0.0467459
26.1328 0.0464026
26.1436 0.0461023
26.1461 0.0458395
26.1485 0.0456096
26.1744 0.0454084
26.1768 0.0454823
26.1865 0.046547
26.189 0.0464787
26.1914 0.0462938
26.2173 0.0491321
26.2197 0.0486156
26.2293 0.0491636
26.2319 0.0486432
26.2343 0.0481878
26.2602 0.0507893
26.2626 0.0500656
26.265 0.0494324
26.2734 0.0487534
26.276 0.0482842
26.2784 0.0477487
26.3043 0.0472801
26.3067 0.0468701
26.3091 0.0466363
26.3175 0.0463068
26.3201 0.0460184
26.3225 0.0457661
26.3484 0.0455454
26.3508 0.0453522
26.3532 0.0451832
26.3616 0.0450353
26.364 0.0451559
26.3664 0.0452614
26.3914 0.0482287
26.394 0.0479501
26.3964 0.0477064
26.4045 0.0481181
26.4069 0.0477283
26.4093 0.0475123
26.4343 0.0500732
26.4369 0.0494391
26.4393 0.0488842
26.4474 0.0491487
26.4498 0.0486301
26.4522 0.0483013
26.4545 0.0478887
26.4784 0.0474026
26.481 0.0469773
26.4834 0.0466051
26.5773 0.0470295
26.5797 0.0466508
26.6125 0.0503194
26.6202 0.0502795
26.6226 0.0496196
26.6566 0.0489171
26.6643 0.0483025
26.6666 0.0477647
26.7007 0.0472941
26.7083 0.0468823
26.7107 0.046772
26.744 0.0506755
26.7512 0.0507161
26.7536 0.0500016
26.7869 0.0532514
26.7941 0.052845
26.7965 0.0518643
26.7989 0.0510063
26.831 0.0501305
26.8386 0.0493642
26.841 0.0486937
26.8434 0.048232
26.8751 0.047828
26.8827 0.0473495
26.885 0.0470558
26.8874 0.0466738
26.9195 0.0463396
26.9256 0.0467971
26.928 0.0466975
26.9304 0.0464853
26.9628 0.0500496
26.9685 0.0499184
26.9709 0.0493036
26.9733 0.0487657
27.0057 0.052045
27.0114 0.0516643
27.0138 0.0508313
27.0162 0.0502274
27.0186 0.049574
27.0498 0.0488772
27.0555 0.0482676
27.0579 0.0477341
27.0603 0.0472674
27.0627 0.0468589
27.0939 0.0465016
27.0996 0.0461889
27.102 0.0459153
27.1044 0.0456759
27.1068 0.0457164
27.1368 0.0492518
27.1425 0.0492203
27.1449 0.0486928
27.1473 0.0483562
27.1497 0.0479367
27.1797 0.0510696
27.1854 0.0508109
27.1878 0.0500845
27.1902 0.049574
27.1925 0.0490022
27.2237 0.0483769
27.2295 0.0478298
27.2319 0.0473511
27.2342 0.0469322
27.2366 0.0465657
27.2678 0.046245
27.2702 0.0463393
27.2735 0.0460469
27.2759 0.0457911
27.2783 0.0455672
27.2807 0.0453713
27.3119 0.0451999
27.3143 0.0450499
27.3176 0.0449186
27.32 0.0451788
27.3224 0.0454065
27.3248 0.0454807
27.3548 0.0490456
27.3572 0.0486649
27.3605 0.0483318
27.3629 0.0479153
27.3653 0.0475509
27.3677 0.047232
27.3977 0.050453
27.4001 0.0498964
27.4034 0.0494093
27.4058 0.0488582
27.4082 0.0485009
27.4106 0.0480633
27.413 0.0476804
27.4418 0.0472203
27.4442 0.0468178
27.4475 0.0464656
27.4499 0.0461574
27.4523 0.0458877
27.4547 0.0456517
27.4571 0.0455703
27.4859 0.045374
27.4883 0.0452022
27.4918 0.045052
27.4942 0.0450455
27.4966 0.0449148
27.499 0.0449254
27.5014 0.0451848
27.5289 0.0484117
27.5313 0.0481102
27.5347 0.0478464
27.5371 0.0476156
27.5409 0.0474137
27.6241 0.046987
27.6288 0.0466136
27.6312 0.0464119
27.6683 0.0461104
27.6729 0.0458466
27.6753 0.0456158
27.7126 0.0454138
27.7158 0.0456121
27.7182 0.0456606
27.7555 0.049953
27.7589 0.0494589
27.7613 0.0490265
27.7987 0.0528982
27.8018 0.0520359
27.8042 0.0512814
27.8066 0.0504963
27.8428 0.0496842
27.8462 0.0490987
27.8486 0.0484614
27.8512 0.0480287
27.8869 0.0475251
27.8905 0.0470845
27.8929 0.0466989
27.8954 0.0463615
27.9298 0.0503163
27.9334 0.0499018
27.9358 0.0492891
27.9386 0.0488779
27.9727 0.0523932
27.9763 0.0517191
27.9786 0.0508792
27.9818 0.0502693
28.0156 0.0536106
28.0179 0.0525343
28.0203 0.0514675
28.0227 0.0505341
28.0263 0.0498423
28.0596 0.049112
28.062 0.048598
28.0644 0.0480233
28.0668 0.0475204
28.0704 0.0470803
28.1037 0.0466953
28.1061 0.0463584
28.1085 0.0460636
28.1109 0.0460556
28.1133 0.0461737
28.1466 0.049902
28.149 0.0494142
28.1514 0.0488624
28.1538 0.0483796
28.1562 0.0480822
28.1895 0.0515719
28.1919 0.0507504
28.1943 0.0500316
28.1967 0.0494027
28.1991 0.0489773
28.2015 0.0484802
28.2336 0.0479201
28.236 0.0474301
28.2384 0.0470014
28.2408 0.0466262
28.2432 0.0462979
28.2455 0.0460107
28.2777 0.0457593
28.2801 0.0456644
28.2825 0.0454564
28.2848 0.0452743
28.2872 0.045115
28.2896 0.0449757
28.3206 0.0487287
28.3229 0.0482626
28.3253 0.0478548
28.3277 0.0474979
28.3301 0.0473107
28.3325 0.0470219
28.3638 0.0503941
28.3662 0.0498449
28.3686 0.0493642
28.371 0.0488187
28.3734 0.0484664
28.3758 0.0480331
28.4067 0.0512789
28.4091 0.0506191
28.4115 0.0499167
28.4139 0.0493021
28.4163 0.0488893
28.4187 0.0484032
28.4211 0.0481028
28.4512 0.0477149
28.4535 0.0472506
28.4559 0.0468442
28.4585 0.0466137
28.4609 0.046287
28.4633 0.0461261
28.4657 0.0458604
28.4952 0.0456278
28.4977 0.0454243
28.5001 0.0453713
28.5026 0.0455749
28.505 0.045628
28.5074 0.0457995
28.5097 0.0458246
28.5382 0.0492215
28.5406 0.0486938
28.543 0.0483571
28.5455 0.0479375
28.5479 0.0475703
28.5505 0.047374
28.5529 0.0470772
28.5811 0.0501926
28.5838 0.0495435
28.5862 0.0491006
28.5885 0.048588
28.5909 0.0481395
28.5933 0.0478721
28.5957 0.0475131
28.5981 0.0473239
28.6252 0.0469084
28.6279 0.0465449
28.7125 0.0462268
28.715 0.0459484
28.718 0.0457049
28.7554 0.0499918
28.7579 0.0493678
28.7609 0.0489468
28.7983 0.0529535
28.801 0.0519593
28.8038 0.0512144
28.8412 0.0549376
28.8441 0.0538204
28.8465 0.0528428
28.8489 0.0518625
28.8853 0.0508797
28.8884 0.0500197
28.8908 0.0492672
28.8932 0.0487338
28.9295 0.0481421
28.9325 0.0476243
28.9351 0.0472963
28.9375 0.0472593
28.9724 0.0512269
28.9754 0.0505735
28.978 0.0498768
28.9804 0.0492672
29.0152 0.0528588
29.0183 0.0520015
29.0209 0.0511263
29.0233 0.0504855
29.0581 0.0539248
29.1463 0.0526842
29.1487 0.0515987
29.1904 0.0506488
29.1928 0.0498177
29.2345 0.0490905
29.2369 0.0484542
29.2786 0.0478974
29.281 0.0476602
29.3215 0.0523277
29.3239 0.0514118
29.3644 0.0554853
29.3668 0.0541746
29.3692 0.0531528
29.4085 0.0520087
29.4108 0.0510076
29.4132 0.0501317
29.4525 0.0493652
29.4549 0.0486945
29.4573 0.0481077
29.4966 0.0475943
29.4992 0.04752
29.5016 0.047455
29.5408 0.0518981
29.6304 0.0509108
29.6747 0.050047
29.7188 0.0492911
29.762 0.0540047
29.8048 0.0580041
29.8477 0.0615036
29.8501 0.0595657
29.8922 0.057745
29.8946 0.0560268
29.9363 0.0545235
29.9387 0.053208
29.9804 0.052057
29.9828 0.0512999
30.0233 0.0555124
30.0257 0.0541984
30.0662 0.0579236
30.0686 0.0563081
30.071 0.0548946
