0.160217 1
0.223149 1441
0.287234 4321
0.351437 7201
0.414327 10081
0.416777 12961
0.478412 15841
0.480802 18721
0.483193 21601
0.542497 24481
0.544887 27361
0.547277 30241
0.549668 33121
0.605796 36001
0.608186 38881
0.610576 41761
0.612967 44641
0.615357 47521
0.617748 50401
0.669426 53281
0.671816 56161
0.674207 59041
0.676597 61921
0.678988 64801
0.681378 67681
0.683768 70561
0.686159 73441
0.688549 76321
0.732316 79201
0.734706 82081
0.737096 84961
0.739487 87841
0.741877 90721
0.744268 93601
0.746658 96481
0.749048 99361
0.751439 102241
0.753829 105121
0.75622 108001
0.75861 110881
0.761 113761
0.763391 116641
0.79684 119521
0.799231 122401
0.801621 125281
0.804012 128161
0.806402 131041
0.808792 133921
0.811183 136801
0.813573 139681
0.815964 142561
0.818354 145441
0.820744 148321
0.823135 151201
0.825525 154081
0.827916 156961
0.830306 159841
0.832696 162721
0.835087 165601
0.837477 168481
0.839868 171361
0.842258 174241
0.844648 177121
0.861381 180001
0.863772 182881
0.866162 185761
0.868552 188641
0.870943 191521
0.873333 194401
0.875724 197281
0.878114 200161
0.880504 203041
0.882895 205921
0.885285 208801
0.887676 211681
0.890066 214561
0.892456 217441
0.894847 220321
0.897237 223201
0.899628 226081
0.902018 228961
0.904408 231841
0.906799 234721
0.909189 237601
0.91158 240481
0.91397 243361
0.91636 246241
0.918751 249121
0.921141 252001
0.923532 254881
0.925922 257761
0.928312 260641
0.930703 263521
0.933093 266401
0.935483 269281
0.937874 272161
0.940264 275041
0.942655 277921
0.945045 280801
0.947435 283681
0.949826 286561
0.952216 289441
0.954607 292321
0.956997 295201
0.959387 298081
0.961778 300961
0.964168 303841
0.966559 306721
0.968949 309601
0.971339 312481
0.97373 315361
0.97612 318241
0.978511 321121
0.980901 324001
0.983291 326881
0.985682 329761
0.988072 332641
0.990463 335521
0.992853 338401
0.995243 341281
0.997634 344161
1.00002 347041
1.00241 349921
1.00481 352801
1.0072 355681
1.00959 358561
1.01198 361441
1.01437 364321
1.01676 367201
1.01915 370081
1.02154 372961
1.02393 375841
1.02632 378721
1.02871 381601
1.0311 384481
1.03349 387361
1.03588 390241
1.03827 393121
1.04066 396001
1.04305 398881
1.04544 401761
1.04783 404641
1.05022 407521
1.05261 410401
1.055 413281
1.05739 416161
1.05978 419041
1.06217 421921
1.06456 424801
1.06696 427681
1.06935 430561
1.07174 433441
1.07413 436321
1.07652 439201
1.07891 442081
1.0813 444961
1.08369 447841
1.08608 450721
1.08847 453601
1.09086 456481
1.09325 459361
1.09564 462241
1.09803 465121
1.10042 468001
1.10281 470881
1.1052 473761
1.10759 476641
1.10998 479521
1.11237 482401
1.11476 485281
1.11715 488161
1.11954 491041
1.12193 493921
1.12432 496801
1.12672 499681
1.12911 502561
1.1315 505441
1.13389 508321
1.13628 511201
1.13867 514081
1.14106 516961
1.14345 519841
1.14584 522721
1.14823 525601
1.15062 528481
1.15301 531361
1.1554 534241
1.15779 537121
1.16018 540001
1.16259 541441
1.38731 663841
1.38849 725761
1.42553 794881
1.48288 928801
1.48528 931681
1.48767 934561
1.49006 937441
1.49245 940321
1.49484 943201
1.49723 946081
1.49962 947521
1.50201 948961
1.5044 951841
1.50679 954721
1.50918 957601
1.51157 960481
1.51396 963361
1.51635 966241
1.51874 969121
1.52113 972001
1.52352 974881
1.52591 977761
1.5283 980641
1.53069 983521
1.53308 986401
1.53547 989281
1.53786 992161
1.54025 993601
1.54264 996481
1.54503 999361
1.54743 1002241
1.54982 1005121
1.55221 1008001
1.5546 1010881
1.55699 1013761
1.55938 1016641
1.56177 1019521
1.56416 1022401
1.56655 1025281
1.56894 1028161
1.57133 1031041
1.57372 1033921
1.57611 1036801
1.5785 1039681
1.58089 1042561
1.58328 1045441
1.58567 1048321
1.58806 1051201
1.59045 1054081
1.59284 1056961
1.59523 1059841
1.59762 1062721
1.60001 1065601
1.6024 1068481
1.60479 1071361
1.60719 1074241
1.60958 1077121
1.61197 1080001
1.61436 1082881
1.61675 1085761
1.61914 1088641
1.62153 1091521
1.62392 1094401
1.62631 1097281
1.6287 1100161
1.63109 1103041
1.63348 1105921
1.63587 1108801
1.63826 1111681
1.64065 1114561
1.64304 1117441
1.64543 1120321
1.64782 1123201
1.65021 1126081
1.6526 1128961
1.65499 1131841
1.65738 1134721
1.65977 1137601
1.66216 1140481
1.66455 1143361
1.66695 1146241
1.66934 1149121
1.67173 1152001
1.67412 1154881
1.67651 1157761
1.6789 1160641
1.68129 1163521
1.68368 1166401
1.68607 1169281
1.68846 1172161
1.69085 1175041
1.69324 1177921
1.69563 1180801
1.69802 1183681
1.70041 1186561
1.7028 1189441
1.70519 1192321
1.70758 1195201
1.70997 1198081
1.71236 1200961
1.71475 1203841
1.71714 1206721
1.71953 1209601
1.72192 1212481
1.72431 1215361
1.72671 1218241
1.7291 1221121
1.73149 1224001
1.73388 1226881
1.73627 1229761
1.73866 1232641
1.74105 1235521
1.74344 1238401
1.74583 1241281
1.74822 1244161
1.75061 1247041
1.753 1249921
1.75539 1252801
1.75807 1255681
1.76046 1258561
1.76285 1261441
1.76524 1264321
1.76763 1267201
1.77002 1270081
1.77241 1272961
1.7748 1275841
1.77719 1278721
1.77958 1281601
1.78197 1284481
1.78436 1287361
1.78675 1290241
1.78914 1293121
1.79153 1296001
1.79392 1298881
1.79631 1301761
1.7987 1304641
1.80109 1307521
1.80348 1310401
1.80587 1313281
1.80826 1316161
1.81065 1319041
1.81304 1321921
1.81543 1324801
1.81783 1327681
1.82022 1330561
1.82261 1333441
1.825 1336321
1.82739 1339201
1.82978 1342081
1.83217 1344961
1.83456 1347841
1.83695 1350721
1.83934 1353601
1.84173 1356481
1.84412 1359361
1.84651 1362241
1.8489 1365121
1.85129 1368001
1.85368 1370881
1.85607 1373761
1.85846 1376641
1.86085 1379521
1.86324 1382401
1.86563 1385281
1.86802 1388161
1.87041 1391041
1.8728 1393921
1.87519 1396801
1.87759 1399681
1.87998 1402561
1.88237 1405441
1.88476 1408321
1.88715 1411201
1.88954 1414081
1.89193 1416961
1.89432 1419841
1.8991 1425601
1.90149 1428481
1.90388 1431361
1.90627 1434241
1.90866 1437121
1.91105 1440001
1.91344 1442881
1.91583 1445761
1.91822 1448641
1.92061 1451521
1.923 1454401
1.92539 1457281
1.92778 1460161
1.93017 1463041
1.93256 1465921
1.93495 1468801
1.93735 1471681
1.93974 1474561
1.94213 1477441
1.94452 1480321
1.94691 1483201
1.9493 1486081
1.95169 1488961
1.95408 1491841
1.95647 1494721
1.95886 1497601
1.96125 1500481
1.96364 1503361
1.96603 1506241
1.96842 1509121
1.97081 1512001
1.9732 1514881
1.97559 1517761
1.97798 1520641
1.98037 1523521
1.98276 1526401
1.98515 1529281
1.98754 1532161
1.98993 1535041
1.99232 1537921
1.99471 1540801
1.99711 1543681
1.9995 1546561
2.00189 1549441
2.00428 1552321
2.00667 1555201
2.00906 1558081
2.01145 1560961
2.01384 1563841
2.01623 1566721
2.01862 1569601
2.02101 1572481
2.0234 1575361
2.02579 1578241
2.02818 1581121
2.03057 1584001
2.03296 1586881
2.03535 1589761
2.03774 1592641
2.04013 1595521
2.04252 1598401
2.04491 1601281
2.0473 1604161
2.04969 1607041
2.05208 1609921
2.05447 1612801
2.05686 1615681
2.05926 1618561
2.06165 1621441
2.06404 1624321
2.06643 1627201
2.06882 1630081
2.07121 1632961
2.0736 1635841
2.07599 1638721
2.07838 1641601
2.08077 1644481
2.08316 1647361
2.08555 1650241
2.08794 1653121
2.09033 1656001
2.09272 1658881
2.09511 1661761
2.0975 1664641
2.09989 1667521
2.10228 1670401
2.10467 1673281
2.10706 1676161
2.10945 1679041
2.11184 1681921
2.11423 1684801
2.11662 1687681
2.11902 1690561
2.12141 1693441
2.1238 1696321
2.12619 1699201
2.12858 1702081
2.13097 1704961
2.13336 1707841
2.13575 1710721
2.13814 1713601
2.14053 1716481
2.14292 1719361
2.14531 1722241
2.1477 1725121
2.15009 1728001
2.15248 1730881
2.15487 1733761
2.15726 1736641
2.15965 1739521
2.16204 1742401
2.16443 1745281
2.16682 1748161
2.16921 1751041
2.1716 1753921
2.17399 1756801
2.17638 1759681
2.17878 1762561
2.18117 1765441
2.18356 1768321
2.18595 1771201
2.18834 1774081
2.19073 1776961
2.19312 1779841
2.19551 1782721
2.1979 1785601
2.20029 1788481
2.20268 1791361
2.20507 1794241
2.20746 1797121
2.20985 1800001
2.21224 1802881
2.21463 1805761
2.21702 1808641
2.21941 1811521
2.2218 1814401
2.22419 1817281
2.22658 1820161
2.22897 1823041
2.23136 1825921
2.23375 1828801
2.23614 1831681
2.23854 1834561
2.24093 1837441
2.24332 1840321
2.24571 1843201
2.2481 1846081
2.25049 1848961
2.25288 1851841
2.25527 1854721
2.25766 1857601
2.26005 1860481
2.26244 1863361
2.26483 1866241
2.26722 1869121
2.26961 1872001
2.272 1874881
2.27439 1877761
2.27678 1880641
2.27917 1883521
2.28156 1886401
2.28395 1889281
2.28634 1892161
2.28873 1895041
2.29112 1897921
2.29351 1900801
2.2959 1903681
2.2983 1906561
2.30069 1909441
2.30308 1912321
2.30547 1915201
2.30786 1918081
2.31025 1920961
2.31264 1923841
2.31503 1926721
2.31742 1929601
2.31981 1932481
2.3222 1935361
2.32459 1938241
2.32698 1941121
2.32937 1944001
2.33176 1946881
2.33415 1949761
2.33654 1952641
2.33893 1955521
2.34132 1958401
2.34371 1961281
2.3461 1964161
2.34849 1967041
2.35088 1969921
2.35327 1972801
2.35566 1975681
2.35806 1978561
2.36045 1981441
2.36284 1984321
2.36523 1987201
2.36762 1990081
2.37001 1992961
2.3724 1995841
2.37479 1998721
2.37718 2001601
2.37957 2004481
2.38196 2007361
2.38435 2010241
2.38674 2013121
2.38913 2016001
2.39152 2018881
2.39391 2021761
2.3963 2024641
2.39869 2027521
2.40108 2030401
2.40347 2033281
2.40586 2036161
2.40825 2039041
2.41064 2041921
2.41303 2044801
2.41542 2047681
2.41782 2050561
2.42021 2053441
2.4226 2056321
2.42499 2059201
2.42738 2062081
2.42977 2064961
2.43216 2067841
2.43455 2070721
2.43694 2073601
2.43933 2076481
2.44172 2079361
2.44411 2082241
2.4465 2085121
2.44889 2088001
2.45128 2090881
2.45367 2093761
2.45606 2096641
2.45845 2099521
2.46084 2102401
2.46323 2105281
2.46562 2108161
2.46801 2111041
2.4704 2113921
2.47279 2116801
2.47518 2119681
2.47758 2122561
2.47997 2125441
2.48236 2128321
2.48475 2131201
2.48714 2134081
2.48953 2136961
2.49192 2139841
2.49431 2142721
2.4967 2145601
2.49909 2148481
2.50148 2151361
2.50387 2154241
2.50626 2157121
2.50865 2160001
2.51104 2162881
2.51343 2165761
2.51582 2168641
2.51821 2171521
2.5206 2174401
2.52299 2177281
2.52538 2180161
2.52777 2183041
2.53016 2185921
2.53255 2188801
2.53494 2191681
2.53733 2194561
2.53973 2197441
2.54212 2200321
2.54451 2203201
2.5469 2206081
2.54929 2208961
2.55168 2211841
2.55407 2214721
2.55646 2217601
2.55885 2220481
2.56124 2223361
2.56363 2226241
2.56602 2229121
2.56841 2232001
2.5708 2234881
2.57319 2237761
2.57558 2240641
2.57797 2243521
2.58036 2246401
2.58275 2249281
2.58514 2252161
2.58753 2255041
2.58992 2257921
2.59231 2260801
2.5947 2263681
2.59709 2266561
2.59949 2269441
2.60188 2272321
2.60427 2275201
2.60666 2278081
2.60905 2280961
2.61144 2283841
2.61383 2286721
2.61622 2289601
2.61861 2292481
2.621 2295361
2.62339 2298241
2.62578 2301121
2.62817 2304001
2.63056 2306881
2.63295 2309761
2.63534 2312641
2.63773 2315521
2.64012 2318401
2.64251 2321281
2.6449 2324161
2.64729 2327041
2.64968 2329921
2.65207 2332801
2.65446 2335681
2.65685 2338561
2.65925 2341441
2.66164 2344321
2.66403 2347201
2.66642 2350081
2.66881 2352961
2.6712 2355841
2.67359 2358721
2.67598 2361601
2.67837 2364481
2.68076 2367361
2.68315 2370241
2.68554 2373121
2.68793 2376001
2.69032 2378881
2.69271 2381761
2.6951 2384641
2.69749 2387521
2.69988 2390401
2.70227 2393281
2.70466 2396161
2.70705 2399041
2.70944 2401921
2.71183 2404801
2.71422 2407681
2.71661 2410561
2.71901 2413441
2.7214 2416321
2.72379 2419201
2.72618 2422081
2.72857 2424961
2.73096 2427841
2.73335 2430721
2.73574 2433601
2.73813 2436481
2.74052 2439361
2.74291 2442241
2.7453 2445121
2.7477 2448001
2.75009 2450881
2.75248 2453761
2.75487 2456641
2.75726 2459521
2.75965 2462401
2.76203 2465281
2.76442 2468161
2.76681 2471041
2.7692 2473921
2.77159 2476801
2.77398 2479681
2.77637 2482561
2.77877 2485441
2.78116 2488321
2.78355 2491201
2.78594 2494081
2.78833 2496961
2.79072 2499841
2.79311 2502721
2.7955 2505601
2.79789 2508481
2.80028 2511361
2.80267 2514241
2.80506 2517121
2.80745 2520001
2.80984 2522881
2.81223 2525761
2.81462 2528641
2.81701 2531521
2.8194 2534401
2.82179 2537281
2.82418 2540161
2.82657 2543041
2.82896 2545921
2.83135 2548801
2.83374 2551681
2.83613 2554561
2.83853 2557441
2.84092 2560321
2.84331 2563201
2.8457 2566081
2.84809 2568961
2.85048 2571841
2.85287 2574721
2.85526 2577601
2.85765 2580481
2.86004 2583361
2.86243 2586241
2.86482 2589121
2.86721 2592001
2.8696 2594881
2.87199 2597761
2.87438 2600641
2.87677 2603521
2.87916 2606401
2.88155 2609281
2.88394 2612161
2.88633 2615041
2.88872 2617921
2.89111 2620801
2.8935 2623681
2.89589 2626561
2.89829 2629441
2.90069 2630881
3.0202 2776321
3.02812 2779201
3.03051 2782081
3.03323 2784961
3.03562 2787841
3.03801 2790721
3.0404 2793601
3.04279 2796481
3.04518 2799361
3.04757 2802241
3.04996 2805121
3.05235 2808001
3.05474 2810881
3.05713 2813761
3.05952 2816641
3.06191 2819521
3.0643 2822401
3.06669 2825281
3.06908 2828161
3.07147 2831041
3.07386 2833921
3.07625 2836801
3.07864 2839681
3.08103 2842561
3.08342 2845441
3.09221 2848321
3.0946 2851201
3.09731 2854081
3.0997 2856961
3.10209 2859841
3.10457 2862721
3.10696 2865601
3.10935 2868481
3.11174 2871361
3.11413 2874241
3.11652 2877121
3.11891 2880001
3.1213 2882881
3.12369 2885761
3.12608 2888641
3.12847 2891521
3.13086 2894401
3.13564 2900161
3.13803 2903041
3.14042 2905921
3.14281 2908801
3.1452 2911681
3.14759 2914561
3.15629 2917441
3.15868 2920321
3.16136 2923201
3.16385 2926081
3.16624 2928961
3.16863 2931841
3.17102 2934721
3.17341 2937601
3.17581 2940481
3.1782 2943361
3.18059 2946241
3.18298 2949121
3.18537 2952001
3.18776 2954881
3.19015 2957761
3.19254 2960641
3.19493 2963521
3.19853 2966401
3.20092 2969281
3.20331 2972161
3.2057 2975041
3.20809 2977921
3.21048 2980801
3.21287 2983681
3.21918 2986561
3.22157 2989441
3.22425 2992321
3.22708 2995201
3.22948 2998081
3.23187 3000961
3.23426 3003841
3.23665 3006721
3.23904 3009601
3.24143 3012481
3.24382 3015361
3.24621 3018241
3.2486 3021121
3.25099 3024001
3.25338 3026881
3.25577 3029761
3.25816 3032641
3.26176 3035521
3.26415 3038401
3.26654 3041281
3.26893 3044161
3.27172 3047041
3.27411 3049921
3.2765 3052801
3.28207 3055681
3.28446 3058561
3.28714 3061441
3.28997 3064321
3.29236 3067201
3.29476 3070081
3.29715 3072961
3.29954 3075841
3.30193 3078721
3.30432 3081601
3.30671 3084481
3.30922 3087361
3.31185 3090241
3.31424 3093121
3.31663 3096001
3.31902 3098881
3.32141 3101761
3.3238 3104641
3.32619 3107521
3.32858 3110401
3.33097 3113281
3.33336 3116161
3.33581 3119041
3.3382 3121921
3.34059 3124801
3.34615 3127681
3.34854 3130561
3.35122 3133441
3.35406 3136321
3.35645 3139201
3.35884 3142081
3.36123 3144961
3.36362 3147841
3.36601 3150721
3.3684 3153601
3.37079 3156481
3.37352 3159361
3.37593 3162241
3.37832 3165121
3.38071 3168001
3.3831 3170881
3.38549 3173761
3.38788 3176641
3.39027 3179521
3.39266 3182401
3.39505 3185281
3.39744 3188161
3.39989 3191041
3.40228 3193921
3.40467 3196801
3.41024 3199681
3.41263 3202561
3.4157 3205441
3.41814 3208321
3.42053 3211201
3.42292 3214081
3.42532 3216961
3.42771 3219841
3.4301 3222721
3.43249 3225601
3.43488 3228481
3.43727 3231361
3.43966 3234241
3.44205 3237121
3.44444 3240001
3.44683 3242881
3.44922 3245761
3.45161 3248641
3.454 3251521
3.45639 3254401
3.45878 3257281
3.46117 3260161
3.46356 3263041
3.46595 3265921
3.46834 3268801
3.47313 3271681
3.47552 3274561
3.47859 3277441
3.48103 3280321
3.48342 3283201
3.48581 3286081
3.4882 3288961
3.4906 3291841
3.49299 3294721
3.49538 3297601
3.49777 3300481
3.50016 3303361
3.50255 3306241
3.50494 3309121
3.50762 3312001
3.51046 3314881
3.51285 3317761
3.51524 3320641
3.51763 3323521
3.52002 3326401
3.52241 3329281
3.5248 3332161
3.52719 3335041
3.52958 3337921
3.53197 3340801
3.53602 3343681
3.53841 3346561
3.54148 3349441
3.54392 3352321
3.54631 3355201
3.5487 3358081
3.55109 3360961
3.55348 3363841
3.55588 3366721
3.55827 3369601
3.56066 3372481
3.56305 3375361
3.56544 3378241
3.5681 3381121
3.57054 3384001
3.57293 3386881
3.57532 3389761
3.57772 3392641
3.58011 3395521
3.5825 3398401
3.58489 3401281
3.58728 3404161
3.58967 3407041
3.59206 3409921
3.59445 3412801
3.59684 3415681
3.6001 3418561
3.60249 3421441
3.60556 3424321
3.60801 3427201
3.6104 3430081
3.61279 3432961
3.61518 3435841
3.61757 3438721
3.61996 3441601
3.62235 3444481
3.62474 3447361
3.62713 3450241
3.62978 3453121
3.63222 3456001
3.63463 3458881
3.63702 3461761
3.63941 3464641
3.6418 3467521
3.64419 3470401
3.64658 3473281
3.64897 3476161
3.65136 3479041
3.65375 3481921
3.65614 3484801
3.65853 3487681
3.66092 3490561
3.66419 3493441
3.66658 3496321
3.66999 3499201
3.67238 3502081
3.67477 3504961
3.67716 3507841
3.67955 3510721
3.68194 3513601
3.68433 3516481
3.68672 3519361
3.68911 3522241
3.6915 3525121
3.69389 3528001
3.69628 3530881
3.69867 3533761
3.70106 3536641
3.70345 3539521
3.70584 3542401
3.70824 3545281
3.71063 3548161
3.71302 3551041
3.71541 3553921
3.7178 3556801
3.72019 3559681
3.72258 3562561
3.72497 3565441
3.72736 3568321
3.72975 3571201
3.73288 3574081
3.73527 3576961
3.73766 3579841
3.74005 3582721
3.74244 3585601
3.74483 3588481
3.74732 3591361
3.74971 3594241
3.7521 3597121
3.75472 3600001
3.75711 3602881
3.75967 3605761
3.76206 3608641
3.76445 3611521
3.76684 3614401
3.76923 3617281
3.77162 3620161
3.77401 3623041
3.7764 3625921
3.77879 3628801
3.78118 3631681
3.78357 3634561
3.78596 3637441
3.78835 3640321
3.79074 3643201
3.79313 3646081
3.79577 3648961
3.79816 3651841
3.80055 3654721
3.80294 3657601
3.80533 3660481
3.80776 3663361
3.81021 3666241
3.8126 3669121
3.81499 3672001
3.81761 3674881
3.82 3677761
3.8229 3680641
3.82529 3683521
3.82768 3686401
3.83007 3689281
3.83246 3692161
3.83485 3695041
3.83724 3697921
3.83963 3700801
3.84202 3703681
3.84441 3706561
3.8468 3709441
3.84919 3712321
3.85158 3715201
3.85397 3718081
3.85636 3720961
3.85876 3723841
3.86115 3726721
3.86354 3729601
3.86593 3732481
3.86832 3735361
3.87071 3738241
3.8731 3741121
3.87549 3744001
3.87788 3746881
3.88027 3749761
3.88266 3752641
3.88505 3755521
3.88744 3758401
3.88983 3761281
3.89222 3764161
3.89461 3767041
3.897 3769921
3.89939 3772801
3.90178 3775681
3.90417 3778561
3.90656 3781441
3.90895 3784321
3.91134 3787201
3.91373 3790081
3.91612 3792961
3.91852 3795841
3.92091 3798721
3.9233 3801601
3.92569 3804481
3.92808 3807361
3.93047 3810241
3.93286 3813121
3.93525 3816001
3.93764 3818881
3.94003 3821761
3.94242 3824641
3.94481 3827521
3.9472 3830401
3.94959 3833281
3.95198 3836161
3.95437 3839041
3.95676 3841921
3.95915 3844801
3.96154 3847681
3.96393 3850561
3.96632 3853441
3.96871 3856321
3.9711 3859201
3.97349 3862081
3.97588 3864961
3.97828 3867841
3.98067 3870721
3.98306 3873601
3.98545 3876481
3.98784 3879361
3.99023 3882241
3.99262 3885121
3.99501 3888001
3.9974 3890881
3.99979 3893761
4.00218 3896641
4.00457 3899521
4.00696 3902401
4.00935 3905281
4.01174 3908161
4.01413 3911041
4.01652 3913921
4.01891 3916801
4.0213 3919681
4.02369 3922561
4.02608 3925441
4.02847 3928321
4.03086 3931201
4.03325 3934081
4.03564 3936961
4.03804 3939841
4.04043 3942721
4.04282 3945601
4.04521 3948481
4.0476 3951361
4.04999 3954241
4.05238 3957121
4.05477 3960001
4.05716 3962881
4.05955 3965761
4.06194 3968641
4.06433 3971521
4.06672 3974401
4.06911 3977281
4.0715 3980161
4.07389 3983041
4.07628 3985921
4.07867 3988801
4.08106 3991681
4.08345 3994561
4.08584 3997441
4.08823 4000321
4.09062 4003201
4.09301 4006081
4.0954 4008961
4.09866 4010401
4.16679 4072321
4.21566 4112641
4.21805 4115521
4.22044 4118401
4.22284 4121281
4.22562 4124161
4.22801 4127041
4.2304 4129921
4.26176 4132801
4.26416 4135681
4.26655 4138561
4.26894 4141441
4.27133 4144321
4.27372 4147201
4.2777 4150081
4.28094 4152961
4.28333 4155841
4.28572 4158721
4.28872 4161601
4.29111 4164481
4.2935 4167361
4.32465 4170241
4.32704 4173121
4.32945 4176001
4.33184 4178881
4.33423 4181761
4.33662 4184641
4.34059 4187521
4.34383 4190401
4.34661 4193281
4.349 4196161
4.3516 4199041
4.354 4201921
4.35639 4204801
4.38754 4207681
4.38993 4210561
4.39234 4213441
4.39473 4216321
4.39712 4219201
4.39951 4222081
4.40408 4224961
4.40672 4227841
4.40967 4230721
4.41209 4233601
4.41448 4236481
4.41687 4239361
4.41926 4242241
4.42165 4245121
4.45163 4248001
4.45402 4250881
4.45642 4253761
4.45881 4256641
4.46121 4259521
4.4636 4262401
4.4684 4265281
4.47095 4268161
4.47375 4271041
4.47656 4273921
4.47895 4276801
4.48134 4279681
4.48373 4282561
4.48612 4285441
4.5161 4288321
4.51849 4291201
4.52088 4294081
4.52328 4296961
4.52567 4299841
4.52806 4302721
4.53249 4305601
4.53503 4308481
4.53822 4311361
4.54064 4314241
4.54303 4317121
4.54542 4320001
4.54817 4322881
4.55056 4325761
4.57929 4328641
4.58168 4331521
4.58407 4334401
4.58646 4337281
4.58885 4340161
4.59124 4343041
4.59573 4345921
4.59852 4348801
4.60111 4351681
4.60353 4354561
4.60592 4357441
4.60831 4360321
4.61144 4363201
4.61384 4366081
4.64218 4368961
4.64457 4371841
4.64696 4374721
4.64935 4377601
4.65174 4380481
4.65413 4383361
4.65862 4386241
4.66141 4389121
4.664 4392001
4.66642 4394881
4.66881 4397761
4.6712 4400641
4.67433 4403521
4.67672 4406401
4.67912 4409281
4.707 4412161
4.70939 4415041
4.71178 4417921
4.71417 4420801
4.71656 4423681
4.71895 4426561
4.72271 4429441
4.72573 4432321
4.72812 4435201
4.73051 4438081
4.7329 4440961
4.73529 4443841
4.73842 4446721
4.74081 4449601
4.7432 4452481
4.77109 4455361
4.77348 4458241
4.77587 4461121
4.77826 4464001
4.78065 4466881
4.78304 4469761
4.78679 4472641
4.78981 4475521
4.7922 4478401
4.79459 4481281
4.79721 4484161
4.79963 4487041
4.8025 4489921
4.80489 4492801
4.80728 4495681
4.83436 4498561
4.83675 4501441
4.83914 4504321
4.84153 4507201
4.84392 4510081
4.84631 4512961
4.84971 4515841
4.8527 4518721
4.85509 4521601
4.85748 4524481
4.8601 4527361
4.86252 4530241
4.86539 4533121
4.86778 4536001
4.87017 4538881
4.89759 4541761
4.89998 4544641
4.90237 4547521
4.90478 4550401
4.90717 4553281
4.90956 4556161
4.9126 4559041
4.91579 4561921
4.91818 4564801
4.92057 4567681
4.92299 4570561
4.92541 4573441
4.92828 4576321
4.93067 4579201
4.93306 4582081
4.96086 4584961
4.96325 4587841
4.96564 4590721
4.96803 4593601
4.97043 4596481
4.97282 4599361
4.97521 4602241
4.9776 4605121
4.97999 4608001
4.98238 4610881
4.98477 4613761
4.98716 4616641
4.98955 4619521
4.99237 4622401
4.99476 4625281
4.99715 4628161
5.02495 4631041
5.02734 4633921
5.02973 4636801
5.03212 4639681
5.03451 4642561
5.0369 4645441
5.03929 4648321
5.04168 4651201
5.04444 4654081
5.04683 4656961
5.04923 4659841
5.05162 4662721
5.05401 4665601
5.05645 4668481
5.05913 4671361
5.06152 4674241
5.08903 4677121
5.09142 4680001
5.09381 4682881
5.0962 4685761
5.09859 4688641
5.10099 4691521
5.10338 4694401
5.10577 4697281
5.10816 4700161
5.11055 4703041
5.11294 4705921
5.11533 4708801
5.11772 4711681
5.12011 4714561
5.1225 4717441
5.12512 4720321
5.15192 4723201
5.15431 4726081
5.15691 4728961
5.1593 4731841
5.16169 4734721
5.16408 4737601
5.16647 4740481
5.16886 4743361
5.17125 4746241
5.17364 4749121
5.17603 4752001
5.17842 4754881
5.18081 4757761
5.25007 4809601
5.29617 4812481
5.29857 4815361
5.30098 4818241
5.30338 4821121
5.30578 4824001
5.30853 4826881
5.31092 4829761
5.31331 4832641
5.36065 4835521
5.36304 4838401
5.36582 4841281
5.36821 4844161
5.3706 4847041
5.37299 4849921
5.37538 4852801
5.3778 4855681
5.42546 4858561
5.42785 4861441
5.43029 4864321
5.43268 4867201
5.43507 4870081
5.43746 4872961
5.43985 4875841
5.44224 4878721
5.48955 4881601
5.49194 4884481
5.49433 4887361
5.49672 4890241
5.49911 4893121
5.5015 4896001
5.50389 4898881
5.50628 4901761
5.55282 4904641
5.55521 4907521
5.5576 4910401
5.55999 4913281
5.56238 4916161
5.56477 4919041
5.56716 4921921
5.56955 4924801
5.61602 4927681
5.61841 4930561
5.6208 4933441
5.6232 4936321
5.62559 4939201
5.62798 4942081
5.63037 4944961
5.63276 4947841
5.63515 4950721
5.68085 4953601
5.68324 4956481
5.68563 4959361
5.68802 4962241
5.69041 4965121
5.6928 4968001
5.69519 4970881
5.69758 4973761
5.69997 4976641
5.74501 4979521
5.7474 4982401
5.74979 4985281
5.75218 4988161
5.75457 4991041
5.75696 4993921
5.75935 4996801
5.76174 4999681
5.76413 5002561
5.8079 5005441
5.81029 5008321
5.81287 5011201
5.81526 5014081
5.81765 5016961
5.82004 5019841
5.82248 5022721
5.82487 5025601
5.82726 5028481
5.87079 5031361
5.87318 5034241
5.8761 5037121
5.87849 5040001
5.88088 5042881
5.88327 5045761
5.8857 5048641
5.88809 5051521
5.89048 5054401
5.89287 5057281
5.93487 5060161
5.93726 5063041
5.94018 5065921
5.94257 5068801
5.94496 5071681
5.94735 5074561
5.94979 5077441
5.95218 5080321
5.95457 5083201
5.95702 5086081
5.99896 5088961
6.00135 5091841
6.00427 5094721
6.00666 5097601
6.00905 5100481
6.01144 5103361
6.01387 5106241
6.01627 5109121
6.01866 5112001
6.02105 5114881
6.06185 5117761
6.06424 5120641
6.0675 5123521
6.07029 5126401
6.07268 5129281
6.07508 5132161
6.07747 5135041
6.07987 5137921
6.08226 5140801
6.08465 5143681
6.12476 5146561
6.12715 5149441
6.13077 5152321
6.13473 5153761
6.20121 5188321
6.25211 5191201
6.2545 5194081
6.25776 5196961
6.26242 5199841
6.26481 5202721
6.31625 5205601
6.31864 5208481
6.32185 5211361
6.32661 5214241
6.329 5217121
6.38102 5220001
6.38341 5222881
6.38593 5225761
6.3907 5228641
6.39309 5231521
6.44511 5234401
6.4475 5237281
6.44989 5240161
6.45359 5243041
6.45598 5245921
6.508 5248801
6.51039 5251681
6.51278 5254561
6.51722 5257441
6.51961 5260321
6.57089 5263201
6.57328 5266081
6.57567 5268961
6.57806 5271841
6.58163 5274721
6.58402 5277601
6.63531 5280481
6.6377 5283361
6.64009 5286241
6.64248 5289121
6.64571 5292001
6.6481 5294881
6.69978 5297761
6.70217 5300641
6.70456 5303521
6.70695 5306401
6.70934 5309281
6.71173 5312161
6.76267 5315041
6.76506 5317921
6.76745 5320801
6.77012 5323681
6.77251 5326561
6.7749 5329441
6.82556 5332321
6.82795 5335201
6.83034 5338081
6.83335 5340961
6.83574 5343841
6.83813 5346721
6.84052 5349601
6.88964 5352481
6.89204 5355361
6.89443 5358241
6.89744 5361121
6.89983 5364001
6.90222 5366881
6.90461 5369761
6.95373 5372641
6.95612 5375521
6.95851 5378401
6.96152 5381281
6.96429 5384161
6.96668 5387041
6.96907 5389921
7.01662 5392801
7.01901 5395681
7.0214 5398561
7.02478 5401441
7.02718 5404321
7.02993 5407201
7.03232 5410081
7.07985 5412961
7.08264 5415841
7.08503 5418721
7.08767 5421601
7.09007 5424481
7.09282 5427361
7.09521 5430241
7.14274 5433121
7.14553 5436001
7.14792 5438881
7.15031 5441761
7.1527 5444641
7.15509 5447521
7.15748 5450401
7.15987 5453281
7.20683 5456161
7.20961 5459041
7.212 5461921
7.2144 5464801
7.21688 5467681
7.21927 5470561
7.22166 5473441
7.22405 5476321
7.27091 5479201
7.27408 5482081
7.27647 5484961
7.27886 5487841
7.28125 5490721
7.28364 5493601
7.28603 5496481
7.28842 5499361
7.3338 5502241
7.33697 5505121
7.33936 5508001
7.34175 5510881
7.34414 5513761
7.34653 5516641
7.34892 5519521
7.35131 5522401
7.39669 5525281
7.39986 5528161
7.40225 5531041
7.40464 5533921
7.40703 5536801
7.40942 5539681
7.41181 5542561
7.4142 5545441
7.41659 5548321
7.46116 5551201
7.46395 5554081
7.46634 5556961
7.46873 5559841
7.47112 5562721
7.47351 5565601
7.4759 5568481
7.47829 5571361
7.48068 5574241
7.52524 5577121
7.52877 5580001
7.53116 5582881
7.53355 5585761
7.53594 5588641
7.53833 5591521
7.54072 5594401
7.54311 5597281
7.5455 5600161
7.58813 5603041
7.59166 5605921
7.59405 5608801
7.59644 5611681
7.59883 5614561
7.60122 5617441
7.60361 5620321
7.606 5623201
7.60839 5626081
7.6514 5628961
7.65455 5631841
7.65694 5634721
7.65933 5637601
7.66189 5640481
7.66432 5643361
7.66672 5646241
7.66911 5649121
7.6715 5652001
7.67389 5654881
7.71583 5657761
7.71902 5660641
7.72141 5663521
7.7238 5666401
7.72637 5669281
7.72876 5672161
7.73115 5675041
7.73354 5677921
7.73597 5680801
7.73836 5683681
7.7803 5686561
7.78346 5689441
7.78585 5692321
7.78824 5695201
7.79063 5698081
7.79302 5700961
7.79541 5703841
7.7978 5706721
7.80044 5709601
7.80283 5712481
7.84319 5715361
7.84635 5718241
7.84874 5721121
7.85113 5724001
7.85352 5726881
7.85612 5729761
7.85851 5732641
7.8609 5735521
7.86335 5738401
7.86574 5741281
7.90608 5744161
7.90939 5747041
7.91178 5749921
7.91423 5752801
7.91662 5755681
7.91901 5758561
7.9214 5761441
7.92384 5764321
7.92624 5767201
7.92863 5770081
7.9691 5772961
7.97153 5775841
7.97432 5778721
7.97671 5781601
7.9791 5784481
7.98149 5787361
7.98388 5790241
7.98627 5793121
7.98866 5796001
7.99105 5798881
7.99344 5801761
8.03322 5804641
8.036 5807521
8.0384 5810401
8.04079 5813281
8.04318 5816161
8.04557 5819041
8.04796 5821921
8.05036 5824801
8.05275 5827681
8.05514 5830561
8.05753 5833441
8.09731 5836321
8.10008 5839201
8.10287 5842081
8.10526 5844961
8.10765 5847841
8.11004 5850721
8.11243 5853601
8.11482 5856481
8.11721 5859361
8.1196 5862241
8.12199 5865121
8.16055 5868001
8.16297 5870881
8.16576 5873761
8.16815 5876641
8.17054 5879521
8.17293 5882401
8.17532 5885281
8.17771 5888161
8.1801 5891041
8.18268 5893921
8.18507 5896801
8.22344 5899681
8.22586 5902561
8.22939 5905441
8.23178 5908321
8.23417 5911201
8.23656 5914081
8.23895 5916961
8.24134 5919841
8.24373 5922721
8.24612 5925601
8.24851 5928481
8.2509 5931361
8.28789 5934241
8.29028 5937121
8.29387 5940001
8.29626 5942881
8.29865 5945761
8.30104 5948641
8.30343 5951521
8.30582 5954401
8.30821 5957281
8.3106 5960161
8.31299 5963041
8.31538 5965921
8.35197 5968801
8.35436 5971681
8.35795 5974561
8.36034 5977441
8.36273 5980321
8.36512 5983201
8.36751 5986081
8.3699 5988961
8.37229 5991841
8.37468 5994721
8.37707 5997601
8.37946 6000481
8.41486 6003361
8.41725 6006241
8.42084 6009121
8.42338 6012001
8.4258 6014881
8.42819 6017761
8.43058 6020641
8.43297 6023521
8.43536 6026401
8.43775 6029281
8.44014 6032161
8.44253 6035041
8.47814 6037921
8.48053 6040801
8.48385 6043681
8.48627 6046561
8.48869 6049441
8.49108 6052321
8.49347 6055201
8.49586 6058081
8.49825 6060961
8.50064 6063841
8.50303 6066721
8.50542 6069601
8.50781 6072481
8.54222 6075361
8.54461 6078241
8.54793 6081121
8.55035 6084001
8.55278 6086881
8.55517 6089761
8.55756 6092641
8.55995 6095521
8.56234 6098401
8.56473 6101281
8.56712 6104161
8.56951 6107041
8.57194 6109921
8.60631 6112801
8.6087 6115681
8.61202 6118561
8.61444 6121441
8.61686 6124321
8.61925 6127201
8.62164 6130081
8.62437 6132961
8.62676 6135841
8.62916 6138721
8.63155 6141601
8.63394 6144481
8.63633 6147361
8.66932 6150241
8.67171 6153121
8.67491 6156001
8.67733 6158881
8.67975 6161761
8.68214 6164641
8.68453 6167521
8.68726 6170401
8.68965 6173281
8.69204 6176161
8.69444 6179041
8.69683 6181921
8.69922 6184801
8.73221 6187681
8.7346 6190561
8.7378 6193441
8.74022 6196321
8.74264 6199201
8.74503 6202081
8.74742 6204961
8.75015 6207841
8.75254 6210721
8.75493 6213601
8.75732 6216481
8.75972 6219361
8.76211 6222241
8.7645 6225121
8.79629 6228001
8.79868 6230881
8.80188 6233761
8.8043 6236641
8.80672 6239521
8.80912 6242401
8.81151 6245281
8.81424 6248161
8.81663 6251041
8.81902 6253921
8.82144 6256801
8.82383 6259681
8.82636 6262561
8.82875 6265441
8.86038 6268321
8.86277 6271201
8.86596 6274081
8.86839 6276961
8.87081 6279841
8.8732 6282721
8.87559 6285601
8.87832 6288481
8.88071 6291361
8.8831 6294241
8.88553 6297121
8.88792 6300001
8.89083 6302881
8.89322 6305761
8.92327 6308641
8.92566 6311521
8.9292 6314401
8.9316 6317281
8.93402 6320161
8.93641 6323041
8.9388 6325921
8.94121 6328801
8.9436 6331681
8.94599 6334561
8.94842 6337441
8.95081 6340321
8.95398 6343201
8.95637 6346081
8.98646 6348961
8.98885 6351841
8.99209 6354721
8.99448 6357601
8.99691 6360481
8.9993 6363361
9.00169 6366241
9.0041 6369121
9.00689 6372001
9.00928 6374881
9.01169 6377761
9.01408 6380641
9.01705 6383521
9.01947 6386401
9.04935 6389281
9.05174 6392161
9.05413 6395041
9.05652 6397921
9.05891 6400801
9.0613 6403681
9.06369 6406561
9.06618 6409441
9.06876 6412321
9.07115 6415201
9.0736 6418081
9.07614 6420961
9.07853 6423841
9.08113 6426721
9.08356 6429601
9.11344 6432481
9.11583 6435361
9.11822 6438241
9.12061 6441121
9.123 6444001
9.12539 6446881
9.12782 6449761
9.13026 6452641
9.13284 6455521
9.13523 6458401
9.13768 6461281
9.14022 6464161
9.14261 6467041
9.14522 6469921
9.14764 6472801
9.17786 6475681
9.18025 6478561
9.18264 6481441
9.18503 6484321
9.18742 6487201
9.18981 6490081
9.1922 6492961
9.1946 6495841
9.19699 6498721
9.19938 6501601
9.20177 6504481
9.20416 6507361
9.20655 6510241
9.20894 6513121
9.21133 6516001
9.24075 6518881
9.24314 6521761
9.24592 6524641
9.24831 6527521
9.2507 6530401
9.25309 6533281
9.25548 6536161
9.25787 6539041
9.26026 6541921
9.26265 6544801
9.26504 6547681
9.26743 6550561
9.26982 6553441
9.27221 6556321
9.2746 6559201
9.30364 6562081
9.30603 6564961
9.3088 6567841
9.3112 6570721
9.31359 6573601
9.31598 6576481
9.31837 6579361
9.32076 6582241
9.32315 6585121
9.32554 6588001
9.32793 6590881
9.33032 6593761
9.33271 6596641
9.3351 6599521
9.33749 6602401
9.33988 6605281
9.36773 6608161
9.37012 6611041
9.37363 6613921
9.37602 6616801
9.37841 6619681
9.3808 6622561
9.38319 6625441
9.38558 6628321
9.38797 6631201
9.39036 6634081
9.39275 6636961
9.39514 6639841
9.39753 6642721
9.39992 6645601
9.40231 6648481
9.40471 6651361
9.43181 6654241
9.4342 6657121
9.43777 6660001
9.44016 6662881
9.44255 6665761
9.44494 6668641
9.44733 6671521
9.44972 6674401
9.45211 6677281
9.4545 6680161
9.45689 6683041
9.45928 6685921
9.46168 6688801
9.46407 6691681
9.46646 6694561
9.46885 6697441
9.495 6700321
9.49739 6703201
9.50097 6706081
9.50336 6708961
9.50575 6711841
9.50814 6714721
9.51053 6717601
9.51292 6720481
9.51531 6723361
9.5177 6726241
9.52009 6729121
9.52248 6732001
9.52487 6734881
9.52727 6737761
9.52966 6740641
9.53205 6743521
9.55788 6746401
9.56042 6749281
9.56401 6752161
9.56647 6755041
9.56886 6757921
9.57125 6760801
9.57364 6763681
9.57603 6766561
9.57842 6769441
9.58081 6772321
9.5832 6775201
9.5856 6778081
9.58799 6780961
9.59038 6783841
9.59277 6786721
9.59516 6789601
9.59755 6792481
9.62197 6795361
9.62451 6798241
9.62809 6801121
9.6309 6804001
9.63329 6806881
9.63568 6809761
9.63807 6812641
9.64046 6815521
9.64285 6818401
9.64524 6821281
9.64763 6824161
9.65002 6827041
9.65241 6829921
9.6548 6832801
9.65719 6835681
9.65958 6838561
9.66197 6841441
9.68615 6844321
9.68859 6847201
9.69218 6850081
9.69737 6855841
9.69976 6858721
9.70216 6861601
9.70455 6864481
9.70694 6867361
9.70933 6870241
9.71172 6873121
9.71411 6876001
9.7165 6878881
9.71889 6881761
9.72128 6884641
9.72367 6887521
9.72606 6890401
9.74904 6893281
9.75148 6896161
9.75507 6899041
9.76026 6901921
9.76265 6904801
9.76504 6907681
9.76744 6910561
9.76983 6913441
9.77256 6916321
9.77495 6919201
9.77734 6922081
9.77973 6924961
9.78252 6927841
9.78491 6930721
9.7873 6933601
9.78969 6936481
9.79208 6939361
9.81193 6942241
9.81437 6945121
9.81796 6948001
9.82315 6950881
9.82554 6953761
9.82793 6956641
9.83032 6959521
9.83271 6962401
9.83579 6965281
9.83818 6968161
9.84061 6971041
9.843 6973921
9.84541 6976801
9.8478 6979681
9.85019 6982561
9.85258 6985441
9.85497 6988321
9.85736 6991201
9.87601 6994081
9.87846 6996961
9.88204 6999841
9.88724 7002721
9.88963 7005601
9.89202 7008481
9.89441 7011361
9.8968 7014241
9.89987 7017121
9.90227 7020001
9.90508 7022881
9.90747 7025761
9.90987 7028641
9.91227 7031521
9.91466 7034401
9.91705 7037281
9.91944 7040161
9.92183 7043041
9.9401 7045921
9.94254 7048801
9.94613 7051681
9.95132 7054561
9.95371 7057441
9.9561 7060321
9.95849 7063201
9.96115 7066081
9.96474 7068961
9.96713 7071841
9.96952 7074721
9.97191 7077601
9.9743 7080481
9.97669 7083361
9.97908 7086241
9.98147 7089121
9.98386 7092001
9.98625 7094881
10.0054 7100641
10.009 7103521
10.0144 7106401
10.0168 7109281
10.0192 7112161
10.0216 7115041
10.024 7117921
10.0276 7120801
10.03 7123681
10.0324 7126561
10.0348 7129441
10.0376 7132321
10.04 7135201
10.0424 7138081
10.0447 7140961
10.0471 7143841
10.0683 7149601
10.0707 7152481
10.0731 7155361
10.0773 7158241
10.0797 7161121
10.0821 7164001
10.0845 7166881
10.0869 7169761
10.0905 7172641
10.0929 7175521
10.0953 7178401
10.0977 7181281
10.1008 7184161
10.1032 7187041
10.1056 7189921
10.108 7192801
10.1104 7195681
10.1312 7198561
10.1336 7201441
10.136 7204321
10.1386 7207201
10.1409 7210081
10.1433 7212961
10.1458 7215841
10.1482 7218721
10.1506 7221601
10.153 7224481
10.1554 7227361
10.1579 7230241
10.1605 7233121
10.1629 7236001
10.1652 7238881
10.1676 7241761
10.17 7244641
10.1724 7247521
10.1748 7250401
10.1953 7253281
10.1977 7256161
10.2001 7259041
10.2026 7261921
10.205 7264801
10.2076 7267681
10.21 7270561
10.2124 7273441
10.2148 7276321
10.2172 7279201
10.2196 7282081
10.222 7284961
10.2246 7287841
10.2269 7290721
10.2293 7293601
10.2317 7296481
10.2341 7299361
10.2365 7302241
10.2389 7305121
10.2594 7308001
10.2618 7310881
10.2642 7313761
10.2671 7316641
10.2695 7319521
10.2719 7322401
10.2743 7325281
10.2767 7328161
10.279 7331041
10.2814 7333921
10.2842 7336801
10.2866 7339681
10.289 7342561
10.2914 7345441
10.2938 7348321
10.2962 7351201
10.2985 7354081
10.3009 7356961
10.3033 7359841
10.3227 7362721
10.325 7365601
10.3274 7368481
10.33 7371361
10.3327 7374241
10.3351 7377121
10.3375 7380001
10.3399 7382881
10.3423 7385761
10.3446 7388641
10.3471 7391521
10.3495 7394401
10.3519 7397281
10.3543 7400161
10.3567 7403041
10.359 7405921
10.3614 7408801
10.3638 7411681
10.3662 7414561
10.3855 7417441
10.3879 7420321
10.3903 7423201
10.3929 7426081
10.3959 7428961
10.3983 7431841
10.4007 7434721
10.4031 7437601
10.4054 7440481
10.4078 7443361
10.4102 7446241
10.4126 7449121
10.415 7452001
10.4174 7454881
10.4207 7456321
10.4872 7516801
10.529 7519681
10.5314 7522561
10.5338 7525441
10.5362 7528321
10.5386 7531201
10.541 7534081
10.5434 7536961
10.5465 7539841
10.5489 7542721
10.5919 7545601
10.5943 7548481
10.5967 7551361
10.5991 7554241
10.6015 7557121
10.6039 7560001
10.6062 7562881
10.6094 7565761
10.6118 7568641
10.6551 7571521
10.6575 7574401
10.6599 7577281
10.6623 7580161
10.6647 7583041
10.6671 7585921
10.6695 7588801
10.6723 7591681
10.6747 7594561
10.718 7597441
10.7204 7600321
10.7228 7603201
10.7252 7606081
10.7276 7608961
10.73 7611841
10.7327 7614721
10.7351 7617601
10.7375 7620481
10.7399 7623361
10.7821 7626241
10.7845 7629121
10.7869 7632001
10.7893 7634881
10.7929 7636321
10.8597 7669441
10.9151 7672321
10.9175 7675201
10.9198 7678081
10.9222 7680961
10.978 7683841
10.9803 7686721
10.9827 7689601
10.9851 7692481
11.0408 7695361
11.0432 7698241
11.0456 7701121
11.048 7704001
11.0504 7706881
11.1057 7709761
11.1081 7712641
11.1105 7715521
11.1128 7718401
11.1152 7721281
11.1698 7724161
11.1721 7727041
11.1745 7729921
11.1769 7732801
11.1793 7735681
11.2334 7738561
11.2358 7741441
11.2382 7744321
11.2406 7747201
11.243 7750081
11.2963 7752961
11.2987 7755841
11.3011 7758721
11.3034 7761601
11.3058 7764481
11.3082 7767361
11.3611 7770241
11.3635 7773121
11.3659 7776001
11.3683 7778881
11.3707 7781761
11.3731 7784641
11.4252 7787521
11.4276 7790401
11.43 7793281
11.4324 7796161
11.4348 7799041
11.4371 7801921
11.4884 7804801
11.4908 7807681
11.4932 7810561
11.4956 7813441
11.498 7816321
11.5004 7819201
11.5515 7822081
11.5539 7824961
11.5563 7827841
11.5587 7830721
11.5611 7833601
11.5635 7836481
11.6144 7839361
11.6168 7842241
11.6192 7845121
11.6216 7848001
11.6244 7850881
11.6268 7853761
11.6291 7856641
11.6785 7859521
11.6809 7862401
11.6833 7865281
11.6857 7868161
11.6888 7871041
11.6912 7873921
11.6936 7876801
11.7426 7879681
11.745 7882561
11.7477 7885441
11.7501 7888321
11.7525 7891201
11.7549 7894081
11.7573 7896961
11.8058 7899841
11.8082 7902721
11.8106 7905601
11.813 7908481
11.8154 7911361
11.8178 7914241
11.8202 7917121
11.8687 7920001
11.8712 7922881
11.874 7925761
11.8764 7928641
11.8788 7931521
11.8812 7934401
11.8836 7937281
11.8859 7940161
11.9329 7943041
11.9353 7945921
11.9381 7948801
11.9405 7951681
11.9429 7954561
11.9453 7957441
11.9477 7960321
11.9501 7963201
11.997 7966081
11.9998 7968961
12.0022 7971841
12.0046 7974721
12.007 7977601
12.0094 7980481
12.0118 7983361
12.0142 7986241
12.0599 7989121
12.0626 7992001
12.0651 7994881
12.0675 7997761
12.0699 8000641
12.0723 8003521
12.0747 8006401
12.0771 8009281
12.1227 8012161
12.1256 8015041
12.128 8017921
12.1304 8020801
12.1328 8023681
12.1352 8026561
12.1376 8029441
12.14 8032321
12.1424 8035201
12.1868 8038081
12.1897 8040961
12.1921 8043841
12.1945 8046721
12.1969 8049601
12.1993 8052481
12.2017 8055361
12.2041 8058241
12.2065 8061121
12.2509 8064001
12.2538 8066881
12.2562 8069761
12.2586 8072641
12.261 8075521
12.2634 8078401
12.2657 8081281
12.2686 8084161
12.271 8087041
12.3138 8089921
12.3167 8092801
12.3195 8095681
12.3218 8098561
12.3243 8101441
12.327 8104321
12.3294 8107201
12.3318 8110081
12.3342 8112961
12.3767 8115841
12.3796 8118721
12.3827 8121601
12.385 8124481
12.3875 8127361
12.3899 8130241
12.3923 8133121
12.3947 8136001
12.3971 8138881
12.4403 8141761
12.4427 8144641
12.4451 8147521
12.4475 8150401
12.4499 8153281
12.4523 8156161
12.4547 8159041
12.4571 8161921
12.4595 8164801
12.4619 8167681
12.5044 8170561
12.5068 8173441
12.5092 8176321
12.5116 8179201
12.514 8182081
12.5164 8184961
12.5188 8187841
12.5212 8190721
12.5236 8193601
12.5261 8196481
12.5685 8199361
12.571 8202241
12.5734 8205121
12.5758 8208001
12.5782 8210881
12.5806 8213761
12.583 8216641
12.5853 8219521
12.5877 8222401
12.5901 8225281
12.6314 8228161
12.6339 8231041
12.6363 8233921
12.6387 8236801
12.6414 8239681
12.6437 8242561
12.6461 8245441
12.6485 8248321
12.6509 8251201
12.6533 8254081
12.6943 8256961
12.6968 8259841
12.6992 8262721
12.7016 8265601
12.7043 8268481
12.7067 8271361
12.7091 8274241
12.7115 8277121
12.7139 8280001
12.7163 8282881
12.7189 8285761
12.7584 8288641
12.7609 8291521
12.7633 8294401
12.7656 8297281
12.7684 8300161
12.7708 8303041
12.7732 8305921
12.7756 8308801
12.778 8311681
12.7804 8314561
12.783 8317441
12.8225 8320321
12.825 8323201
12.8273 8326081
12.8297 8328961
12.8325 8331841
12.8349 8334721
12.8373 8337601
12.8397 8340481
12.8421 8343361
12.8445 8346241
12.8469 8349121
12.8854 8352001
12.8882 8354881
12.8906 8357761
12.893 8360641
12.8954 8363521
12.8978 8366401
12.9002 8369281
12.9026 8372161
12.905 8375041
12.9074 8377921
12.9098 8380801
12.9483 8383681
12.9511 8386561
12.9535 8389441
12.9559 8392321
12.9583 8395201
12.9607 8398081
12.9631 8400961
12.9655 8403841
12.9679 8406721
12.9703 8409601
12.9731 8412481
12.9756 8415361
13.0124 8418241
13.0156 8421121
13.018 8424001
13.0204 8426881
13.0227 8429761
13.0251 8432641
13.0275 8435521
13.0299 8438401
13.0323 8441281
13.0347 8444161
13.0376 8447041
13.0404 8449921
13.0765 8452801
13.0797 8455681
13.0821 8458561
13.0845 8461441
13.0868 8464321
13.0892 8467201
13.0916 8470081
13.094 8472961
13.0964 8475841
13.0988 8478721
13.1012 8481601
13.1036 8484481
13.1394 8487361
13.1429 8490241
13.1453 8493121
13.1477 8496001
13.1501 8498881
13.1525 8501761
13.1549 8504641
13.1573 8507521
13.1597 8510401
13.1621 8513281
13.1645 8516161
13.1669 8519041
13.2022 8521921
13.2058 8524801
13.2082 8527681
13.2106 8530561
13.2131 8533441
13.2155 8536321
13.2179 8539201
13.2203 8542081
13.223 8544961
13.2255 8547841
13.2279 8550721
13.2303 8553601
13.2327 8556481
13.2664 8559361
13.27 8562241
13.2724 8565121
13.2748 8568001
13.2772 8570881
13.2796 8573761
13.282 8576641
13.2844 8579521
13.2871 8582401
13.2899 8585281
13.2923 8588161
13.2947 8591041
13.2971 8593921
13.3311 8596801
13.3347 8599681
13.3371 8602561
13.3395 8605441
13.3419 8608321
13.3442 8611201
13.3466 8614081
13.349 8616961
13.3514 8619841
13.354 8622721
13.3564 8625601
13.3588 8628481
13.3612 8631361
13.3952 8634241
13.3976 8637121
13.4 8640001
13.4024 8642881
13.4048 8645761
13.4072 8648641
13.4096 8651521
13.4123 8654401
13.4147 8657281
13.4171 8660161
13.4194 8663041
13.4218 8665921
13.4242 8668801
13.4584 8671681
13.4608 8674561
13.4632 8677441
13.4656 8680321
13.468 8683201
13.4704 8686081
13.4728 8688961
13.4754 8691841
13.4778 8694721
13.4802 8697601
13.4825 8700481
13.4849 8703361
13.4873 8706241
13.5218 8709121
13.5242 8712001
13.5266 8714881
13.529 8717761
13.5314 8720641
13.5337 8723521
13.5361 8726401
13.5385 8729281
13.5409 8732161
13.5433 8735041
13.5457 8737921
13.5481 8740801
13.5505 8743681
13.5529 8746561
13.5859 8749441
13.5883 8752321
13.5907 8755201
13.5932 8758081
13.5955 8760961
13.5979 8763841
13.6003 8766721
13.6027 8769601
13.6051 8772481
13.6075 8775361
13.6099 8778241
13.6123 8781121
13.6147 8784001
13.6171 8786881
13.65 8789761
13.6524 8792641
13.6547 8795521
13.6572 8798401
13.6596 8801281
13.662 8804161
13.6644 8807041
13.667 8809921
13.6694 8812801
13.6718 8815681
13.7395 8860321
13.789 8863201
13.7914 8866081
13.794 8868961
13.7964 8871841
13.7988 8874721
13.8012 8877601
13.8519 8880481
13.8543 8883361
13.8569 8886241
13.8593 8889121
13.8617 8892001
13.8644 8894881
13.9148 8897761
13.9172 8900641
13.9196 8903521
13.922 8906401
13.9244 8909281
13.9267 8912161
13.9291 8915041
13.9789 8917921
13.9813 8920801
13.9837 8923681
13.986 8926561
13.9888 8929441
13.9912 8932321
13.9936 8935201
14.043 8938081
14.0454 8940961
14.0477 8943841
14.0501 8946721
14.0525 8949601
14.0551 8952481
14.0574 8955361
14.1059 8958241
14.1085 8961121
14.1109 8964001
14.1133 8966881
14.1156 8969761
14.118 8972641
14.1204 8975521
14.1688 8978401
14.1717 8981281
14.1741 8984161
14.1765 8987041
14.1789 8989921
14.1813 8992801
14.1837 8995681
14.1861 8998561
14.233 9001441
14.2358 9004321
14.2382 9007201
14.2406 9010081
14.243 9012961
14.2454 9015841
14.2481 9018721
14.2505 9021601
14.2971 9024481
14.3003 9027361
14.3027 9030241
14.3051 9033121
14.3075 9036001
14.3099 9038881
14.3122 9041761
14.3146 9044641
14.3608 9047521
14.3633 9050401
14.366 9053281
14.3684 9056161
14.3708 9059041
14.3732 9061921
14.3756 9064801
14.378 9067681
14.4237 9070561
14.4261 9073441
14.4289 9076321
14.4313 9079201
14.4337 9082081
14.4361 9084961
14.4385 9087841
14.4409 9090721
14.4433 9093601
14.4881 9096481
14.4905 9099361
14.493 9102241
14.4954 9105121
14.4978 9108001
14.5002 9110881
14.5026 9113761
14.505 9116641
14.5074 9119521
14.5522 9122401
14.5546 9125281
14.5571 9128161
14.5595 9131041
14.5619 9133921
14.5643 9136801
14.5667 9139681
14.5691 9142561
14.5715 9145441
14.6151 9148321
14.6174 9151201
14.62 9154081
14.6224 9156961
14.6248 9159841
14.6272 9162721
14.6296 9165601
14.6319 9168481
14.6343 9171361
14.6779 9174241
14.6803 9177121
14.6829 9180001
14.6853 9182881
14.6877 9185761
14.6901 9188641
14.6924 9191521
14.6948 9194401
14.6972 9197281
14.7408 9200161
14.7432 9203041
14.7456 9205921
14.748 9208801
14.7504 9211681
14.7528 9214561
14.7552 9217441
14.7576 9220321
14.76 9223201
14.7623 9226081
14.8049 9228961
14.8073 9231841
14.8097 9234721
14.8121 9237601
14.8145 9240481
14.8169 9243361
14.8196 9246241
14.822 9249121
14.8244 9252001
14.8268 9254881
14.869 9257761
14.8714 9260641
14.8738 9263521
14.8762 9266401
14.8786 9269281
14.881 9272161
14.8833 9275041
14.8861 9277921
14.8885 9280801
14.8909 9283681
14.9319 9286561
14.9343 9289441
14.9367 9292321
14.9391 9295201
14.9415 9298081
14.9438 9300961
14.9462 9303841
14.949 9306721
14.9514 9309601
14.9538 9312481
14.9948 9315361
14.9972 9318241
14.9999 9321121
15.0023 9324001
15.0047 9326881
15.0071 9329761
15.0095 9332641
15.0119 9335521
15.0143 9338401
15.0167 9341281
15.0191 9344161
15.0589 9347041
15.0613 9349921
15.064 9352801
15.0664 9355681
15.0688 9358561
15.0712 9361441
15.0736 9364321
15.076 9367201
15.0788 9370081
15.0812 9372961
15.0835 9375841
15.1229 9378721
15.1253 9381601
15.1281 9384481
15.1305 9387361
15.1329 9390241
15.1353 9393121
15.1377 9396001
15.1401 9398881
15.1425 9401761
15.1448 9404641
15.1472 9407521
15.1862 9410401
15.1886 9413281
15.191 9416161
15.1934 9419041
15.1958 9421921
15.1982 9424801
15.2006 9427681
15.203 9430561
15.2053 9433441
15.2077 9436321
15.2101 9439201
15.2491 9442081
15.2514 9444961
15.2543 9447841
15.2566 9450721
15.259 9453601
15.2614 9456481
15.2638 9459361
15.2662 9462241
15.2686 9465121
15.271 9468001
15.2734 9470881
15.2758 9473761
15.3135 9476641
15.3159 9479521
15.3183 9482401
15.3207 9485281
15.3231 9488161
15.3259 9491041
15.3283 9493921
15.3307 9496801
15.333 9499681
15.3354 9502561
15.3378 9505441
15.3402 9508321
15.3776 9511201
15.38 9514081
15.3824 9516961
15.3848 9519841
15.3872 9522721
15.3903 9525601
15.3927 9528481
15.3951 9531361
15.3975 9534241
15.3999 9537121
15.4023 9540001
15.4047 9542881
15.4405 9545761
15.4429 9548641
15.4453 9551521
15.4477 9554401
15.4501 9557281
15.4532 9560161
15.4556 9563041
15.458 9565921
15.4604 9568801
15.4628 9571681
15.4652 9574561
15.4676 9577441
15.5037 9580321
15.5061 9583201
15.5085 9586081
15.5109 9588961
15.5133 9591841
15.5161 9594721
15.5185 9597601
15.5209 9600481
15.5233 9603361
15.5257 9606241
15.5281 9609121
15.5305 9612001
15.5329 9614881
15.5678 9617761
15.5702 9620641
15.5726 9623521
15.575 9626401
15.5773 9629281
15.5802 9632161
15.5826 9635041
15.585 9637921
15.5874 9640801
15.5898 9643681
15.5922 9646561
15.6598 9686881
15.7108 9689761
15.7135 9692641
15.7159 9695521
15.7183 9698401
15.7207 9701281
15.7231 9704161
15.7752 9707041
15.7776 9709921
15.78 9712801
15.7828 9715681
15.7852 9718561
15.7876 9721441
15.8397 9724321
15.8421 9727201
15.8445 9730081
15.8469 9732961
15.8493 9735841
15.8517 9738721
15.9042 9741601
15.9066 9744481
15.909 9747361
15.9113 9750241
15.9137 9753121
15.9161 9756001
15.967 9758881
15.9695 9761761
15.9718 9764641
15.9742 9767521
15.9766 9770401
15.979 9773281
16.0299 9776161
16.0324 9779041
16.0348 9781921
16.0372 9784801
16.0396 9787681
16.0419 9790561
16.0443 9793441
16.094 9796321
16.0969 9799201
16.0992 9802081
16.1016 9804961
16.104 9807841
16.1064 9810721
16.1088 9813601
16.1585 9816481
16.1609 9819361
16.1633 9822241
16.1657 9825121
16.1685 9828001
16.1709 9830881
16.1733 9833761
16.2214 9836641
16.2238 9839521
16.2262 9842401
16.2286 9845281
16.2317 9848161
16.2341 9851041
16.2365 9853921
16.2846 9856801
16.287 9859681
16.2894 9862561
16.2918 9865441
16.2946 9868321
16.297 9871201
16.2994 9874081
16.3018 9876961
16.3491 9879841
16.3514 9882721
16.3538 9885601
16.3562 9888481
16.3587 9891361
16.3611 9894241
16.3635 9897121
16.3659 9900001
16.4131 9902881
16.4155 9905761
16.4179 9908641
16.4203 9911521
16.4228 9914401
16.4252 9917281
16.4278 9920161
16.4301 9923041
16.4763 9925921
16.4787 9928801
16.481 9931681
16.4834 9934561
16.4858 9937441
16.4882 9940321
16.4906 9943201
16.493 9946081
16.5392 9948961
16.5415 9951841
16.5439 9954721
16.5463 9957601
16.5487 9960481
16.5511 9963361
16.5539 9966241
16.5563 9969121
16.602 9972001
16.6044 9974881
16.6072 9977761
16.6096 9980641
16.612 9983521
16.6144 9986401
16.6168 9989281
16.6192 9992161
16.6215 9995041
16.6665 9997921
16.6689 10000801
16.6713 10003681
16.6737 10006561
16.6761 10009441
16.6785 10012321
16.6809 10015201
16.6835 10018081
16.6859 10020961
16.7306 10023841
16.733 10026721
16.7354 10029601
16.7377 10032481
16.7401 10035361
16.7425 10038241
16.7449 10041121
16.7473 10044001
16.7497 10046881
16.7939 10049761
16.7962 10052641
16.7986 10055521
16.801 10058401
16.8034 10061281
16.8058 10064161
16.8082 10067041
16.8106 10069921
16.813 10072801
16.8567 10075681
16.8591 10078561
16.8615 10081441
16.8639 10084321
16.8663 10087201
16.8687 10090081
16.8715 10092961
16.8739 10095841
16.8763 10098721
16.8787 10101601
16.9208 10104481
16.9232 10107361
16.9256 10110241
16.928 10113121
16.9304 10116001
16.9328 10118881
16.9356 10121761
16.938 10124641
16.9403 10127521
16.9427 10130401
16.9853 10133281
16.9877 10136161
16.9901 10139041
16.9925 10141921
16.9949 10144801
16.9972 10147681
16.9996 10150561
17.002 10153441
17.0044 10156321
17.0068 10159201
17.0482 10162081
17.0506 10164961
17.053 10167841
17.0554 10170721
17.0581 10173601
17.0605 10176481
17.0629 10179361
17.0653 10182241
17.0677 10185121
17.0701 10188001
17.1111 10190881
17.1135 10193761
17.1159 10196641
17.1182 10199521
17.1214 10202401
17.1238 10205281
17.1262 10208161
17.1286 10211041
17.131 10213921
17.1334 10216801
17.1358 10219681
17.1752 10222561
17.1775 10225441
17.1799 10228321
17.1823 10231201
17.1855 10234081
17.1879 10236961
17.1903 10239841
17.1927 10242721
17.1951 10245601
17.1975 10248481
17.1998 10251361
17.2392 10254241
17.2416 10257121
17.244 10260001
17.2464 10262881
17.2496 10265761
17.252 10268641
17.2544 10271521
17.2568 10274401
17.2591 10277281
17.2615 10280161
17.2639 10283041
17.3021 10285921
17.3045 10288801
17.3069 10291681
17.3093 10294561
17.3125 10297441
17.3149 10300321
17.3173 10303201
17.3196 10306081
17.322 10308961
17.3244 10311841
17.3268 10314721
17.365 10317601
17.3674 10320481
17.3698 10323361
17.3722 10326241
17.3754 10329121
17.3778 10332001
17.3801 10334881
17.3825 10337761
17.3849 10340641
17.3873 10343521
17.3897 10346401
17.3921 10349281
17.4291 10352161
17.4315 10355041
17.4339 10357921
17.4363 10360801
17.4394 10363681
17.4418 10366561
17.4442 10369441
17.4466 10372321
17.449 10375201
17.4514 10378081
17.4538 10380961
17.4562 10383841
17.4932 10386721
17.4956 10389601
17.498 10392481
17.5004 10395361
17.5035 10398241
17.5059 10401121
17.5083 10404001
17.5107 10406881
17.5131 10409761
17.5155 10412641
17.5179 10415521
17.5203 10418401
17.5561 10421281
17.5585 10424161
17.5609 10427041
17.5633 10429921
17.5664 10432801
17.5688 10435681
17.5712 10438561
17.5736 10441441
17.576 10444321
17.5784 10447201
17.5808 10450081
17.5832 10452961
17.619 10455841
17.6214 10458721
17.6237 10461601
17.6261 10464481
17.6293 10467361
17.6317 10470241
17.6341 10473121
17.6369 10476001
17.6393 10478881
17.6416 10481761
17.644 10484641
17.6464 10487521
17.6819 10490401
17.6842 10493281
17.6866 10496161
17.689 10499041
17.6914 10501921
17.6938 10504801
17.6962 10507681
17.6986 10510561
17.701 10513441
17.7034 10516321
17.7058 10519201
17.7082 10522081
17.7105 10524961
17.7459 10527841
17.7483 10530721
17.7507 10533601
17.7531 10536481
17.7559 10539361
17.7583 10542241
17.7607 10545121
17.7631 10548001
17.7654 10550881
17.7678 10553761
17.7702 10556641
17.7726 10559521
17.775 10562401
17.81 10565281
17.8124 10568161
17.8148 10571041
17.8172 10573921
17.8196 10576801
17.822 10579681
17.8247 10582561
17.8271 10585441
17.8295 10588321
17.8319 10591201
17.8343 10594081
17.8367 10596961
17.8391 10599841
17.8729 10602721
17.8753 10605601
17.8777 10608481
17.8801 10611361
17.8825 10614241
17.8849 10617121
17.8876 10620001
17.89 10622881
17.8924 10625761
17.8948 10628641
17.8972 10631521
17.8996 10634401
17.902 10637281
17.9358 10640161
17.9382 10643041
17.9406 10645921
17.943 10648801
17.9454 10651681
17.9478 10654561
17.9501 10657441
17.9525 10660321
17.9549 10663201
17.9573 10666081
17.9597 10668961
17.9621 10671841
17.9645 10674721
17.9669 10677601
18.0003 10680481
18.0027 10683361
18.0051 10686241
18.0074 10689121
18.0098 10692001
18.0122 10694881
18.0146 10697761
18.017 10700641
18.0194 10703521
18.0218 10706401
18.0242 10709281
18.0266 10712161
18.029 10715041
18.0313 10717921
18.0644 10720801
18.0667 10723681
18.0691 10726561
18.0717 10729441
18.0741 10732321
18.0764 10735201
18.0788 10738081
18.0812 10740961
18.0836 10743841
18.086 10746721
18.0884 10749601
18.0908 10752481
18.0932 10755361
18.0956 10758241
18.1272 10761121
18.1296 10764001
18.132 10766881
18.1346 10769761
18.1369 10772641
18.1393 10775521
18.1417 10778401
18.1441 10781281
18.1465 10784161
18.1489 10787041
18.1513 10789921
18.1537 10792801
18.1561 10795681
18.1585 10798561
18.1901 10801441
18.1925 10804321
18.1949 10807201
18.1974 10810081
18.1998 10812961
18.2022 10815841
18.2046 10818721
18.207 10821601
18.2094 10824481
18.2118 10827361
18.2142 10830241
18.2166 10833121
18.219 10836001
18.2213 10838881
18.2237 10841761
18.2542 10844641
18.2566 10847521
18.259 10850401
18.2615 10853281
18.2639 10856161
18.2663 10859041
18.2687 10861921
18.2711 10864801
18.2735 10867681
18.2759 10870561
18.2783 10873441
18.2807 10876321
18.283 10879201
18.2854 10882081
18.2878 10884961
18.3183 10887841
18.3207 10890721
18.3231 10893601
18.3259 10896481
18.3283 10899361
18.3307 10902241
18.3331 10905121
18.3355 10908001
18.3379 10910881
18.3403 10913761
18.3427 10916641
18.3451 10919521
18.3475 10922401
18.3499 10925281
18.3522 10928161
18.3812 10931041
18.3836 10933921
18.386 10936801
18.3888 10939681
18.3912 10942561
18.3936 10945441
18.396 10948321
18.3984 10951201
18.4008 10954081
18.4032 10956961
18.4056 10959841
18.408 10962721
18.4103 10965601
18.4129 10968481
18.4153 10971361
18.4441 10974241
18.4465 10977121
18.4489 10980001
18.4517 10982881
18.4541 10985761
18.4565 10988641
18.4589 10991521
18.4613 10994401
18.4637 10997281
18.4661 11000161
18.4685 11003041
18.4708 11005921
18.4733 11008801
18.4757 11011681
18.4781 11014561
18.4805 11017441
18.5082 11020321
18.5106 11023201
18.513 11026081
18.5158 11028961
18.5182 11031841
18.5206 11034721
18.523 11037601
18.5254 11040481
18.5278 11043361
18.5302 11046241
18.5326 11049121
18.535 11052001
18.5374 11054881
18.5398 11057761
18.5422 11060641
18.545 11063521
18.5723 11066401
18.5746 11069281
18.577 11072161
18.5799 11075041
18.5823 11077921
18.5847 11080801
18.5871 11083681
18.5895 11086561
18.5919 11089441
18.5943 11092321
18.5967 11095201
18.5991 11098081
18.6015 11100961
18.6039 11103841
18.6063 11106721
18.6087 11109601
18.6351 11112481
18.6375 11115361
18.6399 11118241
18.6428 11121121
18.6452 11124001
18.6476 11126881
18.6504 11129761
18.6528 11132641
18.6552 11135521
18.6576 11138401
18.6599 11141281
18.6623 11144161
18.6647 11147041
18.6671 11149921
18.6695 11152801
18.6719 11155681
18.698 11158561
18.7004 11161441
18.7028 11164321
18.7057 11167201
18.7081 11170081
18.7105 11172961
18.7133 11175841
18.7157 11178721
18.7181 11181601
18.7204 11184481
18.7228 11187361
18.7253 11190241
18.7277 11193121
18.7301 11196001
18.7325 11198881
18.7348 11201761
18.7372 11204641
18.7621 11207521
18.7646 11210401
18.7669 11213281
18.7698 11216161
18.7722 11219041
18.7746 11221921
18.7777 11224801
18.7801 11227681
18.7825 11230561
18.7849 11233441
18.7873 11236321
18.7897 11239201
18.792 11242081
18.7944 11244961
18.7968 11247841
18.7992 11250721
18.8016 11253601
18.8262 11256481
18.8286 11259361
18.8311 11262241
18.8338 11265121
18.8363 11268001
18.8387 11270881
18.8419 11273761
18.8443 11276641
18.8466 11279521
18.849 11282401
18.8514 11285281
18.8538 11288161
18.8562 11291041
18.8586 11293921
18.861 11296801
18.8634 11299681
18.8659 11302561
18.8903 11305441
18.8927 11308321
18.8951 11311201
18.8975 11314081
18.8999 11316961
18.9022 11319841
18.9048 11322721
18.9071 11325601
18.9095 11328481
18.9119 11331361
18.9143 11334241
18.9167 11337121
18.9191 11340001
18.9215 11342881
18.9239 11345761
18.9263 11348641
18.9288 11351521
18.9532 11354401
18.9556 11357281
18.958 11360161
18.9604 11363041
18.9628 11365921
18.9652 11368801
18.9676 11371681
18.97 11374561
18.9724 11377441
18.9748 11380321
18.9772 11383201
18.9796 11386081
18.982 11388961
18.9844 11391841
18.9868 11394721
18.9892 11397601
18.9917 11400481
19.0161 11403361
19.0185 11406241
19.0212 11409121
19.0236 11412001
19.026 11414881
19.0284 11417761
19.0308 11420641
19.0332 11423521
19.0356 11426401
19.038 11429281
19.0404 11432161
19.0427 11435041
19.0451 11437921
19.0475 11440801
19.0499 11443681
19.0523 11446561
19.0547 11449441
19.0571 11452321
19.0802 11455201
19.0825 11458081
19.0853 11460961
19.0877 11463841
19.0901 11466721
19.0925 11469601
19.0949 11472481
19.0973 11475361
19.0997 11478241
19.1021 11481121
19.1044 11484001
19.1068 11486881
19.1092 11489761
19.1119 11492641
19.1143 11495521
19.1167 11498401
19.119 11501281
19.1214 11504161
19.1446 11507041
19.147 11509921
19.1494 11512801
19.1518 11515681
19.1542 11518561
19.1566 11521441
19.159 11524321
19.1614 11527201
19.1637 11530081
19.1661 11532961
19.1685 11535841
19.1709 11538721
19.1733 11541601
19.1757 11544481
19.1781 11547361
19.1805 11550241
19.1829 11553121
19.1853 11556001
19.2075 11558881
19.2099 11561761
19.2123 11564641
19.2147 11567521
19.2171 11570401
19.2195 11573281
19.2219 11576161
19.2242 11579041
19.2266 11581921
19.229 11584801
19.2314 11587681
19.2338 11590561
19.2362 11593441
19.2386 11596321
19.241 11599201
19.2434 11602081
19.2461 11604961
19.2485 11607841
19.2707 11610721
19.2731 11613601
19.2755 11616481
19.2779 11619361
19.2802 11622241
19.2826 11625121
19.285 11628001
19.2874 11630881
19.2898 11633761
19.2922 11636641
19.2946 11639521
19.297 11642401
19.2994 11645281
19.3018 11648161
19.3042 11651041
19.3065 11653921
19.3089 11656801
19.3114 11659681
19.3138 11662561
19.3348 11665441
19.3372 11668321
19.3396 11671201
19.3419 11674081
19.3443 11676961
19.3467 11679841
19.3491 11682721
19.3515 11685601
19.3539 11688481
19.3563 11691361
19.3587 11694241
19.3611 11697121
19.3635 11700001
19.3658 11702881
19.3682 11705761
19.3706 11708641
19.373 11711521
19.3758 11714401
19.3786 11717281
19.3989 11720161
19.4012 11723041
19.4036 11725921
19.406 11728801
19.4084 11731681
19.4108 11734561
19.4132 11737441
19.4156 11740321
19.418 11743201
19.4204 11746081
19.4228 11748961
19.4252 11751841
19.4275 11754721
19.4299 11757601
19.4323 11760481
19.4347 11763361
19.4371 11766241
19.4395 11769121
19.4419 11772001
19.462 11774881
19.4644 11777761
19.4668 11780641
19.4692 11783521
19.4716 11786401
19.474 11789281
19.4764 11792161
19.4788 11795041
19.4812 11797921
19.4836 11800801
19.486 11803681
19.4884 11806561
19.4908 11809441
19.4932 11812321
19.4956 11815201
19.498 11818081
19.5004 11820961
19.5028 11823841
19.5052 11826721
19.5249 11829601
19.5273 11832481
19.5297 11835361
19.5321 11838241
19.5345 11841121
19.5369 11844001
19.5393 11846881
19.5417 11849761
19.5441 11852641
19.5465 11855521
19.5489 11858401
19.5513 11861281
19.5537 11864161
19.5561 11867041
19.5589 11869921
19.5613 11872801
19.5637 11875681
19.5661 11878561
19.5684 11881441
19.5708 11884321
19.589 11887201
19.5914 11890081
19.5938 11892961
19.5962 11895841
19.5986 11898721
19.601 11901601
19.6034 11904481
19.6058 11907361
19.6082 11910241
19.6106 11913121
19.6134 11916001
19.6158 11918881
19.6182 11921761
19.6206 11924641
19.6233 11927521
19.6257 11930401
19.6281 11933281
19.6305 11936161
19.6329 11939041
19.6353 11941921
19.6531 11944801
19.6559 11947681
19.6583 11950561
19.6607 11953441
19.6631 11956321
19.6654 11959201
19.6683 11962081
19.6706 11964961
19.673 11967841
19.6754 11970721
19.6778 11973601
19.6802 11976481
19.6826 11979361
19.685 11982241
19.6874 11985121
19.6898 11988001
19.6922 11990881
19.6945 11993761
19.6969 11996641
19.6993 11999521
19.716 12002401
19.7191 12005281
19.7215 12008161
19.7243 12011041
19.7267 12013921
19.7291 12016801
19.7315 12019681
19.7339 12022561
19.7362 12025441
19.7386 12028321
19.741 12031201
19.7434 12034081
19.7458 12036961
19.7482 12039841
19.7506 12042721
19.753 12045601
19.7554 12048481
19.7578 12051361
19.7601 12054241
19.7625 12057121
19.7789 12060001
19.782 12062881
19.7844 12065761
19.7872 12068641
19.7896 12071521
19.792 12074401
19.7944 12077281
19.7967 12080161
19.7991 12083041
19.8015 12085921
19.8039 12088801
19.8063 12091681
19.8087 12094561
19.8111 12097441
19.8135 12100321
19.8159 12103201
19.8183 12106081
19.8206 12108961
19.823 12111841
19.8254 12114721
19.8278 12117601
19.8433 12120481
19.8461 12123361
19.8485 12126241
19.8516 12129121
19.8542 12132001
19.8566 12134881
19.859 12137761
19.8614 12140641
19.8638 12143521
19.8662 12146401
19.8686 12149281
19.871 12152161
19.8734 12155041
19.8757 12157921
19.8781 12160801
19.8805 12163681
19.8829 12166561
19.8853 12169441
19.8877 12172321
19.8901 12175201
19.8925 12178081
19.9075 12180961
19.9106 12183841
19.9129 12186721
19.9159 12189601
19.9183 12192481
19.9207 12195361
19.9231 12198241
19.9255 12201121
19.9279 12204001
19.9303 12206881
19.9327 12209761
19.935 12212641
19.9374 12215521
19.9398 12218401
19.9422 12221281
19.9446 12224161
19.947 12227041
19.9494 12229921
19.9518 12232801
19.9542 12235681
19.9566 12238561
19.9708 12241441
19.9736 12244321
19.976 12247201
19.9788 12250081
19.9812 12252961
19.9836 12255841
19.986 12258721
19.9884 12261601
19.9908 12264481
19.9932 12267361
19.9955 12270241
19.9979 12273121
20.0003 12276001
20.0029 12278881
20.0053 12281761
20.0077 12284641
20.0101 12287521
20.0125 12290401
20.0148 12293281
20.0172 12296161
20.0196 12299041
20.0337 12301921
20.0365 12304801
20.0388 12307681
20.0417 12310561
20.0441 12313441
20.0465 12316321
20.0489 12319201
20.0513 12322081
20.0537 12324961
20.056 12327841
20.0584 12330721
20.0608 12333601
20.0632 12336481
20.0658 12339361
20.0682 12342241
20.0706 12345121
20.0729 12348001
20.0754 12350881
20.0778 12353761
20.0802 12356641
20.0825 12359521
20.085 12362401
20.0977 12365281
20.1005 12368161
20.1029 12371041
20.1058 12373921
20.1085 12376801
20.1109 12379681
20.1132 12382561
20.1156 12385441
20.118 12388321
20.1204 12391201
20.1228 12394081
20.1252 12396961
20.1276 12399841
20.1302 12402721
20.1326 12405601
20.135 12408481
20.1374 12411361
20.1398 12414241
20.1422 12417121
20.1446 12420001
20.147 12422881
20.1494 12425761
20.1622 12428641
20.1646 12431521
20.167 12434401
20.1699 12437281
20.1725 12440161
20.1749 12443041
20.1773 12445921
20.1797 12448801
20.1821 12451681
20.1845 12454561
20.1869 12457441
20.1893 12460321
20.1931 12461761
20.2596 12529441
20.2983 12532321
20.3007 12535201
20.3031 12538081
20.3055 12540961
20.3079 12543841
20.3103 12546721
20.3127 12549601
20.3151 12552481
20.3189 12555361
20.3213 12558241
20.3612 12561121
20.3636 12564001
20.366 12566881
20.3684 12569761
20.3708 12572641
20.3732 12575521
20.3756 12578401
20.378 12581281
20.3822 12584161
20.3846 12587041
20.4241 12589921
20.4265 12592801
20.4289 12595681
20.4313 12598561
20.4337 12601441
20.4361 12604321
20.4385 12607201
20.4409 12610081
20.4435 12612961
20.4463 12615841
20.4487 12618721
20.4882 12621601
20.4906 12624481
20.493 12627361
20.4954 12630241
20.4978 12633121
20.5002 12636001
20.5025 12638881
20.5049 12641761
20.5076 12644641
20.5108 12647521
20.5132 12650401
20.5523 12653281
20.5547 12656161
20.5571 12659041
20.5595 12661921
20.5619 12664801
20.5642 12667681
20.5666 12670561
20.569 12673441
20.5714 12676321
20.5738 12679201
20.5762 12682081
20.6152 12684961
20.6176 12687841
20.6203 12690721
20.6227 12693601
20.6251 12696481
20.6275 12699361
20.6299 12702241
20.6323 12705121
20.6347 12708001
20.6371 12710881
20.6395 12713761
20.6781 12716641
20.6805 12719521
20.6832 12722401
20.6856 12725281
20.688 12728161
20.6904 12731041
20.6928 12733921
20.6952 12736801
20.6976 12739681
20.7 12742561
20.7024 12745441
20.7047 12748321
20.7422 12751201
20.7445 12754081
20.7477 12756961
20.7501 12759841
20.7525 12762721
20.7549 12765601
20.7572 12768481
20.7596 12771361
20.762 12774241
20.7644 12777121
20.7668 12780001
20.7692 12782881
20.8066 12785761
20.8119 12791521
20.8143 12794401
20.8167 12797281
20.819 12800161
20.8215 12803041
20.8239 12805921
20.8263 12808801
20.8287 12811681
20.8311 12814561
20.8334 12817441
20.8695 12820321
20.8748 12823201
20.8772 12826081
20.8795 12828961
20.8819 12831841
20.8843 12834721
20.8867 12837601
20.8891 12840481
20.8915 12843361
20.8939 12846241
20.8963 12849121
20.8987 12852001
20.9328 12854881
20.9377 12857761
20.94 12860641
20.9424 12863521
20.9448 12866401
20.9472 12869281
20.9496 12872161
20.952 12875041
20.9544 12877921
20.9568 12880801
20.9592 12883681
20.9616 12886561
20.964 12889441
20.9969 12892321
21.0017 12895201
21.0041 12898081
21.0065 12900961
21.009 12903841
21.0114 12906721
21.0138 12909601
21.0162 12912481
21.0186 12915361
21.021 12918241
21.0234 12921121
21.0257 12924001
21.0281 12926881
21.061 12929761
21.0658 12932641
21.0682 12935521
21.0706 12938401
21.0731 12941281
21.0755 12944161
21.0779 12947041
21.0802 12949921
21.0826 12952801
21.085 12955681
21.0874 12958561
21.0898 12961441
21.0922 12964321
21.1238 12967201
21.1287 12970081
21.1311 12972961
21.1335 12975841
21.136 12978721
21.1384 12981601
21.1407 12984481
21.1431 12987361
21.1455 12990241
21.1479 12993121
21.1503 12996001
21.1527 12998881
21.1551 13001761
21.1867 13004641
21.1916 13007521
21.194 13010401
21.1964 13013281
21.1989 13016161
21.2012 13019041
21.2036 13021921
21.206 13024801
21.2085 13027681
21.2108 13030561
21.2132 13033441
21.2156 13036321
21.2181 13039201
21.2208 13042081
21.2508 13044961
21.2557 13047841
21.2581 13050721
21.2605 13053601
21.2633 13056481
21.2657 13059361
21.2681 13062241
21.2705 13065121
21.2729 13068001
21.2753 13070881
21.2777 13073761
21.28 13076641
21.2824 13079521
21.2853 13082401
21.3149 13085281
21.3198 13088161
21.3222 13091041
21.3246 13093921
21.3274 13096801
21.3298 13099681
21.3322 13102561
21.3346 13105441
21.337 13108321
21.3394 13111201
21.3418 13114081
21.3442 13116961
21.3466 13119841
21.3494 13122721
21.3778 13125601
21.3827 13128481
21.3851 13131361
21.3875 13134241
21.3903 13137121
21.3927 13140001
21.3951 13142881
21.3975 13145761
21.3999 13148641
21.4023 13151521
21.4047 13154401
21.4071 13157281
21.4095 13160161
21.4126 13163041
21.4407 13165921
21.4456 13168801
21.448 13171681
21.4504 13174561
21.4532 13177441
21.4556 13180321
21.458 13183201
21.4604 13186081
21.4632 13188961
21.4656 13191841
21.4681 13194721
21.4705 13197601
21.4728 13200481
21.4755 13203361
21.5036 13206241
21.5085 13209121
21.5109 13212001
21.5132 13214881
21.5157 13217761
21.518 13220641
21.5204 13223521
21.5228 13226401
21.5252 13229281
21.5276 13232161
21.53 13235041
21.5324 13237921
21.5348 13240801
21.5372 13243681
21.5396 13246561
21.5677 13249441
21.5726 13252321
21.5749 13255201
21.5773 13258081
21.5801 13260961
21.5825 13263841
21.5849 13266721
21.5873 13269601
21.5897 13272481
21.5921 13275361
21.5945 13278241
21.5969 13281121
21.5992 13284001
21.6016 13286881
21.604 13289761
21.6317 13292641
21.637 13295521
21.6394 13298401
21.6418 13301281
21.6442 13304161
21.6466 13307041
21.649 13309921
21.6514 13312801
21.6539 13315681
21.6563 13318561
21.6587 13321441
21.6611 13324321
21.6635 13327201
21.6659 13330081
21.6683 13332961
21.6947 13335841
21.6999 13338721
21.7036 13340161
21.7708 13377601
21.8269 13399201
21.8302 13402081
21.8325 13404961
21.8522 13407841
21.8546 13410721
21.857 13413601
21.8846 13416481
21.8902 13419361
21.8942 13422241
21.8966 13425121
21.9163 13428001
21.9187 13430881
21.921 13433761
21.9491 13436641
21.9543 13439521
21.9583 13442401
21.9607 13445281
21.9792 13448161
21.9815 13451041
21.9839 13453921
22.012 13456801
22.0175 13459681
22.0212 13462561
22.0236 13465441
22.042 13468321
22.0444 13471201
22.0468 13474081
22.0753 13476961
22.0804 13479841
22.0841 13482721
22.0865 13485601
22.0889 13488481
22.1062 13491361
22.1085 13494241
22.1113 13497121
22.1393 13500001
22.1445 13502881
22.1482 13505761
22.1506 13508641
22.153 13511521
22.1702 13514401
22.1726 13517281
22.1758 13520161
22.2034 13523041
22.2087 13525921
22.2123 13528801
22.2147 13531681
22.2171 13534561
22.2347 13537441
22.2371 13540321
22.2395 13543201
22.2663 13546081
22.2716 13548961
22.2752 13551841
22.2776 13554721
22.2799 13557601
22.2976 13560481
22.3003 13563361
22.3027 13566241
22.3292 13569121
22.3345 13572001
22.3381 13574881
22.3404 13577761
22.3428 13580641
22.3605 13583521
22.3633 13586401
22.3657 13589281
22.368 13592161
22.3933 13595041
22.3986 13597921
22.4021 13600801
22.4045 13603681
22.4069 13606561
22.4246 13609441
22.4273 13612321
22.4297 13615201
22.4321 13618081
22.4574 13620961
22.4627 13623841
22.4662 13626721
22.4686 13629601
22.471 13632481
22.4887 13635361
22.4914 13638241
22.4938 13641121
22.4962 13644001
22.5203 13646881
22.5256 13649761
22.5291 13652641
22.5315 13655521
22.5339 13658401
22.5515 13661281
22.5543 13664161
22.5567 13667041
22.5591 13669921
22.5831 13672801
22.5888 13675681
22.592 13678561
22.5944 13681441
22.5968 13684321
22.6148 13687201
22.6172 13690081
22.6196 13692961
22.622 13695841
22.646 13698721
22.6517 13701601
22.6541 13704481
22.6569 13707361
22.6593 13710241
22.6616 13713121
22.6788 13716001
22.6813 13718881
22.6837 13721761
22.6861 13724641
22.7105 13727521
22.7158 13730401
22.7182 13733281
22.7217 13736161
22.7241 13739041
22.7265 13741921
22.7429 13744801
22.7454 13747681
22.7478 13750561
22.7502 13753441
22.7747 13756321
22.7799 13759201
22.7823 13762081
22.7847 13764961
22.7871 13767841
22.7894 13770721
22.8058 13773601
22.8083 13776481
22.8107 13779361
22.8131 13782241
22.8376 13785121
22.8432 13788001
22.8455 13790881
22.8479 13793761
22.8503 13796641
22.8527 13799521
22.8687 13802401
22.8712 13805281
22.8735 13808161
22.8759 13811041
22.9009 13813921
22.906 13816801
22.9084 13819681
22.9108 13822561
22.9132 13825441
22.9156 13828321
22.918 13831201
22.9328 13834081
22.9352 13836961
22.9376 13839841
22.94 13842721
22.9649 13845601
22.9709 13848481
22.9733 13851361
22.9757 13854241
22.978 13857121
22.9804 13860001
22.9828 13862881
22.9969 13865761
22.9993 13868641
23.0017 13871521
23.0041 13874401
23.029 13877281
23.035 13880161
23.0373 13883041
23.0397 13885921
23.0421 13888801
23.0445 13891681
23.0469 13894561
23.0598 13897441
23.063 13900321
23.0654 13903201
23.0678 13906081
23.0923 13908961
23.0978 13911841
23.1002 13914721
23.1026 13917601
23.105 13920481
23.1074 13923361
23.1098 13926241
23.1227 13929121
23.1259 13932001
23.1283 13934881
23.1307 13937761
23.1552 13940641
23.1608 13943521
23.1632 13946401
23.1656 13949281
23.1679 13952161
23.1703 13955041
23.1727 13957921
23.186 13960801
23.1884 13963681
23.1908 13966561
23.1931 13969441
23.1955 13972321
23.2193 13975201
23.2248 13978081
23.2273 13980961
23.2296 13983841
23.232 13986721
23.2344 13989601
23.313 14027041
23.3542 14029921
23.3566 14032801
23.359 14035681
23.3618 14038561
23.3759 14040001
23.482 14058721
23.5029 14061601
23.5453 14064481
23.567 14067361
23.6093 14070241
23.631 14073121
23.6722 14076001
23.6939 14078881
23.7351 14081761
23.7568 14084641
23.798 14087521
23.8004 14090401
23.8209 14093281
23.8621 14096161
23.8645 14099041
23.885 14101921
23.9262 14104801
23.9286 14107681
23.9494 14110561
23.9894 14113441
23.9918 14116321
24.0123 14119201
24.0523 14122081
24.0547 14124961
24.0756 14127841
24.1152 14130721
24.1176 14133601
24.12 14136481
24.1397 14139361
24.1793 14142241
24.1817 14145121
24.1841 14148001
24.2045 14150881
24.2434 14153761
24.2458 14156641
24.2482 14159521
24.2674 14162401
24.3067 14165281
24.3091 14168161
24.3115 14171041
24.3306 14173921
24.3696 14176801
24.372 14179681
24.3743 14182561
24.3935 14185441
24.3959 14188321
24.434 14191201
24.4364 14194081
24.4391 14196961
24.4575 14199841
24.4599 14202721
24.4981 14205601
24.5005 14208481
24.5032 14211361
24.5216 14214241
24.5242 14217121
24.5622 14220001
24.5646 14222881
24.567 14225761
24.5845 14228641
24.5871 14231521
24.6255 14234401
24.6279 14237281
24.6303 14240161
24.6474 14243041
24.6504 14245921
24.6884 14248801
24.6908 14251681
24.6931 14254561
24.6955 14257441
24.7115 14260321
24.7144 14263201
24.7532 14266081
24.7556 14268961
24.758 14271841
24.7604 14274721
24.7756 14277601
24.7785 14280481
24.8173 14283361
24.8197 14286241
24.8223 14289121
24.8247 14292001
24.8386 14294881
24.8414 14297761
24.8802 14300641
24.8826 14303521
24.8852 14306401
24.8875 14309281
24.9019 14312161
24.9047 14315041
24.943 14317921
24.9454 14320801
24.9484 14323681
24.9508 14326561
24.9648 14329441
24.9671 14332321
24.9695 14335201
25.0071 14338081
25.0095 14340961
25.0124 14343841
25.0148 14346721
25.0288 14349601
25.0312 14352481
25.0336 14355361
25.0712 14358241
25.0736 14361121
25.0765 14364001
25.0789 14366881
25.0937 14369761
25.0961 14372641
25.0984 14375521
25.1341 14378401
25.1365 14381281
25.1394 14384161
25.1421 14387041
25.1569 14389921
25.1593 14392801
25.1617 14395681
25.197 14398561
25.1994 14401441
25.2023 14404321
25.2058 14407201
25.2202 14410081
25.2226 14412961
25.225 14415841
25.2599 14418721
25.2624 14421601
25.2648 14424481
25.2672 14427361
25.2699 14430241
25.2844 14433121
25.2868 14436001
25.2893 14438881
25.324 14441761
25.3265 14444641
25.3292 14447521
25.3316 14450401
25.334 14453281
25.349 14456161
25.3514 14459041
25.3538 14461921
25.3881 14464801
25.3906 14467681
25.3945 14469121
25.4614 14483521
25.5155 14496481
25.5179 14499361
25.5219 14502241
25.5243 14503681
25.5784 14506561
25.582 14509441
25.5861 14512321
25.6413 14515201
25.6437 14518081
25.6461 14520961
25.6502 14523841
25.7054 14526721
25.7078 14529601
25.7101 14532481
25.7143 14535361
25.7695 14538241
25.7718 14541121
25.7742 14544001
25.7772 14546881
25.8323 14549761
25.8347 14552641
25.8371 14555521
25.8404 14558401
25.8952 14561281
25.8976 14564161
25.9 14567041
25.9033 14569921
25.9057 14572801
25.9593 14575681
25.9617 14578561
25.9641 14581441
25.9674 14584321
25.9698 14587201
26.0234 14590081
26.0258 14592961
26.0282 14595841
26.0315 14598721
26.0339 14601601
26.0876 14604481
26.09 14607361
26.0924 14610241
26.0948 14613121
26.0972 14616001
26.1505 14618881
26.1529 14621761
26.1553 14624641
26.1577 14627521
26.16 14630401
26.2134 14633281
26.2158 14636161
26.2182 14639041
26.2205 14641921
26.2233 14644801
26.2257 14647681
26.2775 14650561
26.2799 14653441
26.2826 14656321
26.285 14659201
26.2874 14662081
26.2898 14664961
26.3419 14667841
26.3443 14670721
26.3467 14673601
26.349 14676481
26.3514 14679361
26.3538 14682241
26.4051 14685121
26.4075 14688001
26.4099 14690881
26.4123 14693761
26.4147 14696641
26.4171 14699521
26.468 14702401
26.4704 14705281
26.4728 14708161
26.4753 14711041
26.4777 14713921
26.4801 14716801
26.4825 14719681
26.5325 14722561
26.5349 14725441
26.5373 14728321
26.5398 14731201
26.5422 14734081
26.5445 14736961
26.5469 14739841
26.5966 14742721
26.599 14745601
26.6014 14748481
26.6038 14751361
26.6062 14754241
26.6086 14757121
26.611 14760001
26.6595 14762881
26.6619 14765761
26.6643 14768641
26.6667 14771521
26.6691 14774401
26.6715 14777281
26.6739 14780161
26.7225 14783041
26.7249 14785921
26.7273 14788801
26.7297 14791681
26.732 14794561
26.7344 14797441
26.7368 14800321
26.7854 14803201
26.7877 14806081
26.7901 14808961
26.7925 14811841
26.7949 14814721
26.7973 14817601
26.7997 14820481
26.8021 14823361
26.8494 14826241
26.8518 14829121
26.8542 14832001
26.8566 14834881
26.859 14837761
26.8614 14840641
26.8638 14843521
26.8662 14846401
26.9135 14849281
26.9159 14852161
26.9183 14855041
26.9207 14857921
26.9231 14860801
26.9255 14863681
26.9279 14866561
26.9303 14869441
26.9764 14872321
26.9788 14875201
26.9812 14878081
26.9836 14880961
26.986 14883841
26.9884 14886721
26.9908 14889601
26.9932 14892481
27.0396 14895361
27.042 14898241
27.0444 14901121
27.0468 14904001
27.0492 14906881
27.0515 14909761
27.0539 14912641
27.0563 14915521
27.0587 14918401
27.1037 14921281
27.1061 14924161
27.1085 14927041
27.1108 14929921
27.1132 14932801
27.1156 14935681
27.118 14938561
27.1204 14941441
27.1228 14944321
27.1681 14947201
27.1705 14950081
27.1729 14952961
27.1757 14955841
27.1781 14958721
27.1805 14961601
27.1828 14964481
27.1852 14967361
27.1876 14970241
27.2313 14973121
27.2337 14976001
27.2362 14978881
27.2386 14981761
27.241 14984641
27.2433 14987521
27.2457 14990401
27.2481 14993281
27.2505 14996161
27.2946 14999041
27.297 15001921
27.2994 15004801
27.3018 15007681
27.3042 15010561
27.3066 15013441
27.309 15016321
27.3114 15019201
27.3138 15022081
27.3162 15024961
27.3591 15027841
27.3615 15030721
27.3639 15033601
27.3664 15036481
27.3688 15039361
27.3712 15042241
27.3736 15045121
27.376 15048001
27.3784 15050881
27.3808 15053761
27.4233 15056641
27.4257 15059521
27.4281 15062401
27.4305 15065281
27.4329 15068161
27.4353 15071041
27.4377 15073921
27.4401 15076801
27.4425 15079681
27.4449 15082561
27.4866 15085441
27.4894 15088321
27.4918 15091201
27.4942 15094081
27.4966 15096961
27.4989 15099841
27.5013 15102721
27.5037 15105601
27.5061 15108481
27.5085 15111361
27.5499 15114241
27.5523 15117121
27.5547 15120001
27.5571 15122881
27.5594 15125761
27.5618 15128641
27.5642 15131521
27.5666 15134401
27.569 15137281
27.5714 15140161
27.6129 15143041
27.6153 15145921
27.6177 15148801
27.6201 15151681
27.6225 15154561
27.6249 15157441
27.6273 15160321
27.6297 15163201
27.632 15166081
27.6344 15168961
27.6368 15171841
27.677 15174721
27.6794 15177601
27.6818 15180481
27.6842 15183361
27.6866 15186241
27.689 15189121
27.6913 15192001
27.6937 15194881
27.6961 15197761
27.6985 15200641
27.7009 15203521
27.7411 15206401
27.7435 15209281
27.7459 15212161
27.7482 15215041
27.7506 15217921
27.753 15220801
27.7554 15223681
27.7578 15226561
27.7602 15229441
27.7626 15232321
27.765 15235201
27.804 15238081
27.8064 15240961
27.8087 15243841
27.8111 15246721
27.8135 15249601
27.8159 15252481
27.8183 15255361
27.8207 15258241
27.8231 15261121
27.8255 15264001
27.8279 15266881
27.8672 15269761
27.8696 15272641
27.872 15275521
27.8744 15278401
27.8767 15281281
27.8791 15284161
27.8815 15287041
27.8839 15289921
27.8863 15292801
27.8887 15295681
27.8911 15298561
27.8935 15301441
27.9313 15304321
27.9337 15307201
27.9361 15310081
27.9384 15312961
27.9408 15315841
27.9432 15318721
27.9456 15321601
27.948 15324481
27.9504 15327361
27.9528 15330241
27.9552 15333121
27.9576 15336001
27.9954 15338881
27.9977 15341761
28.0001 15344641
28.0025 15347521
28.0049 15350401
28.0073 15353281
28.0101 15356161
28.0125 15359041
28.0149 15361921
28.0173 15364801
28.0196 15367681
28.022 15370561
28.0582 15373441
28.061 15376321
28.0658 15382081
28.0682 15384961
28.0705 15387841
28.073 15390721
28.0754 15393601
28.0778 15396481
28.0801 15399361
28.0825 15402241
28.0849 15405121
28.1211 15408001
28.1239 15410881
28.1286 15413761
28.131 15416641
28.1334 15419521
28.1358 15422401
28.1382 15425281
28.141 15428161
28.1434 15431041
28.1457 15433921
28.1481 15436801
28.1505 15439681
28.1529 15442561
28.1852 15445441
28.188 15448321
28.1931 15451201
28.1955 15454081
28.1979 15456961
28.2003 15459841
28.2027 15462721
28.2054 15465601
28.2078 15468481
28.2104 15471361
28.2128 15474241
28.2152 15477121
28.2176 15480001
28.2496 15482881
28.252 15485761
28.2572 15488641
28.2596 15491521
28.262 15494401
28.2644 15497281
28.2668 15500161
28.2695 15503041
28.2719 15505921
28.2747 15508801
28.2771 15511681
28.2795 15514561
28.2819 15517441
28.3129 15520321
28.3153 15523201
28.3201 15526081
28.3225 15528961
28.3249 15531841
28.3273 15534721
28.3297 15537601
28.3324 15540481
28.3348 15543361
28.3376 15546241
28.3402 15549121
28.3426 15552001
28.345 15554881
28.3758 15557761
28.3781 15560641
28.3834 15563521
28.3858 15566401
28.3883 15569281
28.3907 15572161
28.3931 15575041
28.3954 15577921
28.3978 15580801
28.4005 15583681
28.4031 15586561
28.4055 15589441
28.4079 15592321
28.4102 15595201
28.4402 15598081
28.4426 15600961
28.4474 15603841
28.4498 15606721
28.4524 15609601
28.4548 15612481
28.4571 15615361
28.4595 15618241
28.4619 15621121
28.4646 15624001
28.4672 15626881
28.4695 15629761
28.4719 15632641
28.4743 15635521
28.5043 15638401
28.5068 15641281
28.5116 15644161
28.514 15647041
28.5164 15649921
28.5188 15652801
28.5212 15655681
28.5236 15658561
28.526 15661441
28.5287 15664321
28.5312 15667201
28.5336 15670081
28.536 15672961
28.5388 15675841
28.5672 15678721
28.5701 15681601
28.5745 15684481
28.5769 15687361
28.5793 15690241
28.5817 15693121
28.5841 15696001
28.5865 15698881
28.5889 15701761
28.5916 15704641
28.5941 15707521
28.5965 15710401
28.5989 15713281
28.6017 15716161
28.6305 15719041
28.633 15721921
28.6378 15724801
28.6402 15727681
28.6426 15730561
28.6449 15733441
28.6473 15736321
28.6497 15739201
28.6521 15742081
28.6545 15744961
28.6574 15747841
28.6598 15750721
28.6622 15753601
28.6646 15756481
28.6934 15759361
28.6959 15762241
28.6983 15765121
28.7019 15768001
28.7042 15770881
28.7066 15773761
28.709 15776641
28.7114 15779521
28.7138 15782401
28.7162 15785281
28.7186 15788161
28.7215 15791041
28.7238 15793921
28.7262 15796801
28.7287 15799681
28.7578 15802561
28.7602 15805441
28.7626 15808321
28.7659 15811201
28.7683 15814081
28.7707 15816961
28.7731 15819841
28.7755 15822721
28.7779 15825601
28.7803 15828481
28.7827 15831361
28.7859 15834241
28.7883 15837121
28.7907 15840001
28.7931 15842881
28.8219 15845761
28.8243 15848641
28.8267 15851521
28.83 15854401
28.8324 15857281
28.8348 15860161
28.8372 15863041
28.8396 15865921
28.842 15868801
28.8444 15871681
28.8468 15874561
28.8491 15877441
28.8515 15880321
28.8539 15883201
28.8563 15886081
28.8848 15888961
28.8872 15891841
28.8896 15894721
28.8929 15897601
28.8953 15900481
28.8977 15903361
28.9001 15906241
28.9029 15909121
28.9052 15912001
28.9076 15914881
28.91 15917761
28.9124 15920641
28.9148 15923521
28.9172 15926401
28.9196 15929281
28.9477 15932161
28.9501 15935041
28.9525 15937921
28.9561 15940801
28.9585 15943681
28.961 15946561
28.9633 15949441
28.9657 15952321
28.9681 15955201
28.9705 15958081
28.9729 15960961
28.9753 15963841
28.9777 15966721
28.9801 15969601
28.9825 15972481
28.9849 15975361
29.0117 15978241
29.0141 15981121
29.0166 15984001
29.0202 15986881
29.0226 15989761
29.0254 15992641
29.0278 15995521
29.0302 15998401
29.0329 16001281
29.0353 16004161
29.0377 16007041
29.0401 16009921
29.0425 16012801
29.0449 16015681
29.0473 16018561
29.0497 16021441
29.0758 16024321
29.0782 16027201
29.0811 16030081
29.0847 16032961
29.0871 16035841
29.0895 16038721
29.0919 16041601
29.0943 16044481
29.0967 16047361
29.0991 16050241
29.1018 16053121
29.1042 16056001
29.1066 16058881
29.109 16061761
29.1114 16064641
29.1138 16067521
29.1387 16070401
29.1412 16073281
29.144 16076161
29.1476 16079041
29.15 16081921
29.1524 16084801
29.1548 16087681
29.1572 16090561
29.1596 16093441
29.162 16096321
29.1651 16099201
29.1675 16102081
29.1699 16104961
29.1723 16107841
29.1746 16110721
29.177 16113601
29.2016 16116481
29.2041 16119361
29.2073 16122241
29.2105 16125121
29.2129 16128001
29.2153 16130881
29.2177 16133761
29.2201 16136641
29.2225 16139521
29.2248 16142401
29.2272 16145281
29.2296 16148161
29.2321 16151041
29.2345 16153921
29.2369 16156801
29.2393 16159681
29.2417 16162561
29.2657 16165441
29.2682 16168321
29.2714 16171201
29.2749 16174081
29.2773 16176961
29.2801 16179841
29.2825 16182721
29.2849 16185601
29.2873 16188481
29.2897 16191361
29.2921 16194241
29.2945 16197121
29.2968 16200001
29.2992 16202881
29.3016 16205761
29.304 16208641
29.3064 16211521
29.3298 16214401
29.3326 16217281
29.3354 16220161
29.339 16223041
29.3414 16225921
29.3446 16228801
29.347 16231681
29.3494 16234561
29.3519 16237441
29.3543 16240321
29.3566 16243201
29.359 16246081
29.3614 16248961
29.3638 16251841
29.3662 16254721
29.3686 16257601
29.371 16260481
29.3927 16263361
29.3958 16266241
29.3983 16269121
29.402 16272001
29.4043 16274881
29.4078 16277761
29.4102 16280641
29.4126 16283521
29.415 16286401
29.4174 16289281
29.4198 16292161
29.4222 16295041
29.4245 16297921
29.4269 16300801
29.4293 16303681
29.4317 16306561
29.4341 16309441
29.4559 16312321
29.4588 16315201
29.4612 16318081
29.4648 16320961
29.4672 16323841
29.4707 16326721
29.4731 16329601
29.4755 16332481
29.478 16335361
29.4804 16338241
29.4828 16341121
29.4851 16344001
29.4875 16346881
29.4899 16349761
29.4923 16352641
29.4947 16355521
29.4973 16358401
29.4997 16361281
29.52 16364161
29.5228 16367041
29.5257 16369921
29.5297 16372801
29.532 16375681
29.5348 16378561
29.5372 16381441
29.5396 16384321
29.5421 16387201
29.5444 16390081
29.547 16392961
29.5494 16395841
29.5518 16398721
29.5542 16401601
29.5566 16404481
29.559 16407361
29.5617 16410241
29.5641 16413121
29.5845 16416001
29.5869 16418881
29.5898 16421761
29.5937 16424641
29.5961 16427521
29.5989 16430401
29.6013 16433281
29.6036 16436161
29.6061 16439041
29.6085 16441921
29.6111 16444801
29.6135 16447681
29.6159 16450561
29.6183 16453441
29.6207 16456321
29.6231 16459201
29.6258 16462081
29.6282 16464961
29.6474 16467841
29.6498 16470721
29.6527 16473601
29.6566 16476481
29.659 16479361
29.6618 16482241
29.6641 16485121
29.6665 16488001
29.669 16490881
29.6714 16493761
29.674 16496641
29.6764 16499521
29.6788 16502401
29.6812 16505281
29.6839 16508161
29.6863 16511041
29.6887 16513921
29.6911 16516801
29.7102 16519681
29.7127 16522561
29.7156 16525441
29.7195 16528321
29.7219 16531201
29.7248 16534081
29.7273 16536961
29.7297 16539841
29.7321 16542721
29.7344 16545601
29.7369 16548481
29.7393 16551361
29.7417 16554241
29.7441 16557121
29.7468 16560001
29.7492 16562881
29.7516 16565761
29.7543 16568641
29.7568 16571521
29.7743 16574401
29.7768 16577281
29.7797 16580161
29.7836 16583041
29.786 16585921
29.7889 16588801
29.7914 16591681
29.7938 16594561
29.7962 16597441
29.7989 16600321
29.8013 16603201
29.8037 16606081
29.8061 16608961
29.8085 16611841
29.8109 16614721
29.8133 16617601
29.8157 16620481
29.8184 16623361
29.8209 16626241
29.8384 16629121
29.8409 16632001
29.8439 16634881
29.8477 16637761
29.8501 16640641
29.853 16643521
29.8554 16646401
29.8583 16649281
29.8606 16652161
29.863 16655041
29.8654 16657921
29.8678 16660801
29.8702 16663681
29.8726 16666561
29.8753 16669441
29.8778 16672321
29.8802 16675201
29.8829 16678081
29.8853 16680961
29.9013 16683841
29.9039 16686721
29.9068 16689601
29.9106 16692481
29.913 16695361
29.9159 16698241
29.9183 16701121
29.9215 16704001
29.9239 16706881
29.9263 16709761
29.9287 16712641
29.931 16715521
29.9334 16718401
29.9358 16721281
29.9382 16724161
29.941 16727041
29.9434 16729921
29.9458 16732801
29.9482 16735681
29.9642 16738561
29.9668 16741441
29.9697 16744321
29.9736 16747201
29.976 16750081
29.9788 16752961
29.9816 16755841
29.9844 16758721
29.9868 16761601
29.9892 16764481
29.9919 16767361
29.9943 16770241
29.9967 16773121
29.9991 16776001
30.0015 16778881
30.0043 16781761
30.0067 16784641
30.0091 16787521
30.0115 16790401
30.0272 16793281
30.0297 16796161
30.0321 16799041
30.0345 16801921
30.0376 16804801
30.04 16807681
30.0433 16810561
30.0457 16813441
30.0488 16816321
30.0512 16819201
30.0536 16822081
30.0564 16824961
30.0591 16827841
30.0615 16830721
30.0639 16833601
30.0663 16836481
30.0687 16839361
30.0711 16842241
30.0735 16845121
30.0759 16848001
30.0913 16850881
30.0938 16853761
30.0962 16856641
30.0985 16859521
