0.238217 0.038
0.279149 0.038375
0.485556 0.0438281
0.527641 0.0435996
0.569726 0.0433997
0.612095 0.0433497
0.652984 0.048306
0.693874 0.0523927
0.734764 0.0560936
0.737154 0.0545819
0.777032 0.0531342
0.779812 0.0517424
0.819117 0.0505246
0.821897 0.049459
0.861202 0.0485267
0.863592 0.0479608
0.902091 0.0520907
0.904482 0.0509544
0.943156 0.0545851
0.945546 0.0531369
0.947937 0.0518698
0.985241 0.0506361
0.987631 0.0495566
0.990021 0.048737
1.02733 0.0478949
1.02972 0.047158
1.03211 0.0465133
1.06822 0.0504491
1.07061 0.049518
1.07305 0.0488282
1.10929 0.0523497
1.11168 0.051181
1.11407 0.0502834
1.15018 0.0536229
1.15257 0.0522951
1.15496 0.0511332
1.15735 0.0501165
1.19257 0.049102
1.19496 0.0482142
1.19735 0.0475624
1.19974 0.0468671
1.23478 0.0462587
1.23717 0.0458514
1.23957 0.04537
1.24196 0.0451987
1.27567 0.0490489
1.27841 0.0484178
1.28081 0.0477406
1.2832 0.047273
1.31687 0.0507389
1.31964 0.0498965
1.32203 0.0491594
1.32442 0.0485145
1.35789 0.0517002
1.36028 0.0507377
1.36267 0.0497705
1.36506 0.0489242
1.36785 0.0481836
1.40033 0.0475357
1.40272 0.0468437
1.40511 0.0463633
1.4075 0.0458178
1.40993 0.0453406
1.44275 0.044923
1.44514 0.0446827
1.44753 0.0447223
1.44992 0.044632
1.45231 0.044678
1.48364 0.0483433
1.48617 0.0478004
1.48857 0.0472003
1.49096 0.0466753
1.49335 0.0463409
1.52463 0.0495483
1.52706 0.0488547
1.52945 0.0481229
1.53185 0.0474825
1.53424 0.0470472
1.53663 0.0465413
1.56671 0.0459736
1.56915 0.0454769
1.57194 0.0450423
1.57444 0.044787
1.57683 0.0444387
1.57922 0.0442588
1.60922 0.0441015
1.61162 0.0438388
1.61408 0.0437339
1.61652 0.0435172
1.61891 0.0433275
1.6213 0.0435366
1.65011 0.0469695
1.6525 0.0464733
1.65497 0.0460392
1.65741 0.0456593
1.6598 0.0453269
1.66219 0.045161
1.691 0.0482659
1.69347 0.0476076
1.69586 0.0470317
1.69867 0.0466527
1.70106 0.0463211
1.70345 0.046031
1.73194 0.0489021
1.73433 0.0481644
1.73672 0.0475188
1.73911 0.047079
1.7415 0.0465691
1.74389 0.045998
1.74628 0.0456232
1.77441 0.0452953
1.7768 0.0448834
1.77919 0.044648
1.78173 0.044317
1.78412 0.0441523
1.78652 0.0440083
1.78891 0.0437573
1.81649 0.0435376
1.81899 0.0433454
1.82138 0.0435522
1.82377 0.0436082
1.82616 0.0437822
1.82855 0.0438094
1.83094 0.0438332
1.85778 0.0469791
1.86017 0.0466067
1.86256 0.0462809
1.86495 0.0458707
1.86734 0.0456369
1.86973 0.0453073
1.87212 0.0451439
1.89867 0.0480009
1.90106 0.0475008
1.90345 0.0469382
1.90584 0.0464459
1.90823 0.0461402
1.91062 0.0457476
1.91301 0.0455292
1.9154 0.045213
1.94075 0.0448114
1.94314 0.04446
1.94553 0.0441525
1.94792 0.0438834
1.95031 0.043648
1.9527 0.043442
1.9551 0.0432617
1.95749 0.043104
1.98284 0.042966
1.98523 0.0428453
1.98762 0.0427396
1.99001 0.0427722
1.9924 0.0426756
1.99479 0.0428412
1.99718 0.043111
1.99974 0.0432222
2.02373 0.0460694
2.02612 0.0458107
2.02851 0.0454594
2.0309 0.045152
2.03329 0.044883
2.03568 0.0446476
2.03807 0.0445666
2.04102 0.0444958
2.06462 0.0470588
2.06701 0.0466765
2.0694 0.0462169
2.07179 0.0458148
2.07456 0.045588
2.07695 0.0452645
2.07934 0.0451064
2.08173 0.0448431
2.08412 0.0446127
2.1067 0.0442861
2.10909 0.0440004
2.11148 0.0437503
2.11417 0.0436565
2.11665 0.0434495
2.11904 0.0433933
2.12143 0.0432191
2.12382 0.0430667
2.12621 0.0429334
2.14912 0.0429417
2.15151 0.042824
2.1539 0.042721
2.15629 0.0426309
2.15873 0.042552
2.16112 0.042483
2.16351 0.0424226
2.1659 0.0423698
2.16829 0.0423236
2.19039 0.0450331
2.19278 0.044779
2.19517 0.0446816
2.19756 0.0445964
2.2 0.0445219
2.20239 0.0444566
2.20478 0.0442745
2.20717 0.0442402
2.20956 0.0442102
2.23128 0.0465589
2.23367 0.0461141
2.23606 0.0458498
2.23845 0.0454936
2.24089 0.0451819
2.24328 0.0449091
2.24567 0.0446705
2.24806 0.0445867
2.25045 0.0443884
2.27217 0.0467148
2.27456 0.0462505
2.27695 0.0458441
2.27934 0.0454886
2.28173 0.0451776
2.28412 0.0450304
2.28651 0.0447766
2.2889 0.0445545
2.29145 0.0443602
2.29384 0.0441902
2.31464 0.0439164
2.31703 0.0438018
2.31942 0.0437016
2.32181 0.0434889
2.3242 0.0434278
2.32659 0.0432493
2.32898 0.0430932
2.33137 0.0430815
2.33376 0.0429463
2.33615 0.042953
2.35672 0.0428339
2.35911 0.0427297
2.3615 0.0426385
2.3639 0.0428086
2.36629 0.0430826
2.36868 0.0431972
2.37107 0.0434226
2.37346 0.0436198
2.37585 0.0436673
2.37824 0.0438339
2.39761 0.0459796
2.4 0.0457322
2.40239 0.0453907
2.40478 0.0450918
2.40718 0.0449554
2.40963 0.0447109
2.41242 0.0446221
2.41481 0.0444193
2.41721 0.0443669
2.4196 0.044321
2.43852 0.0462809
2.44091 0.0458708
2.4433 0.0455119
2.44569 0.0451979
2.44808 0.0450482
2.45087 0.0447922
2.45326 0.0446932
2.45566 0.0444815
2.45805 0.0444213
2.46044 0.0442437
2.46283 0.0440882
2.48181 0.0439522
2.54118 0.0437082
2.54357 0.0434946
2.54596 0.0433078
2.56524 0.0432693
2.56762 0.0431107
2.58327 0.0429718
2.58566 0.0428503
2.58805 0.0428691
2.60735 0.0427604
2.60974 0.0426654
2.62535 0.0425822
2.62774 0.0425094
2.63013 0.0424457
2.64981 0.04239
2.6522 0.0424663
2.66744 0.042408
2.66983 0.042607
2.67222 0.0429061
2.6907 0.0450429
2.69309 0.0449125
2.70833 0.0462984
2.71072 0.0458861
2.71311 0.0456504
2.73159 0.0473191
2.73409 0.0469042
2.74922 0.0480412
2.75167 0.047411
2.75409 0.0469846
2.75648 0.0464866
2.77368 0.0459257
2.77618 0.045435
2.7913 0.0450056
2.79375 0.0446299
2.79656 0.0443012
2.79895 0.0440135
2.81576 0.0437618
2.81826 0.0435416
2.90157 0.0433489
2.91683 0.0431803
2.94246 0.0459078
2.95772 0.0471693
2.98335 0.0496481
2.98574 0.0488171
2.99981 0.047965
3.02583 0.0472194
3.02822 0.0466919
3.04189 0.0461054
3.06792 0.0455923
3.07031 0.0451432
3.08401 0.0448753
3.10894 0.0476409
3.11133 0.0471858
3.1249 0.0480376
3.14983 0.0501579
3.15222 0.0493881
3.16579 0.0499646
3.19072 0.051969
3.19311 0.0509729
3.1955 0.0499763
3.20826 0.0491043
3.23313 0.0483412
3.3186 0.0475486
3.35988 0.05173
3.40077 0.0555138
3.44204 0.0589495
3.48293 0.0618308
3.48532 0.059477
3.52501 0.0574174
3.5274 0.0554902
3.5671 0.0538039
3.56949 0.0523284
3.60799 0.0557874
3.64888 0.0586889
3.68977 0.0616028
3.69216 0.0594025
3.73104 0.0623522
3.73343 0.0600581
3.73582 0.0579259
3.77318 0.0559351
3.77557 0.0541932
3.77796 0.0526691
3.81546 0.0513355
3.81785 0.0501685
3.82024 0.0492725
3.85673 0.0529884
3.85912 0.0518648
3.86151 0.0508817
3.89762 0.0541465
3.90001 0.0528782
3.9024 0.0516434
3.93851 0.054813
3.9409 0.0533364
3.94329 0.0520443
3.94568 0.0509138
3.98059 0.0497996
3.98298 0.0488246
3.98537 0.0479715
3.98777 0.0472251
4.02272 0.046572
4.02511 0.0461255
4.0275 0.0456098
4.02989 0.0454086
4.06361 0.0492325
4.066 0.0485784
4.06882 0.0478811
4.07121 0.047396
4.1045 0.0508465
4.10691 0.0498657
4.10971 0.0490075
4.1121 0.0483815
4.11449 0.0477088
4.14697 0.0469952
4.151 0.0466208
4.23399 0.0460432
4.23638 0.0455378
4.27607 0.0452206
4.27846 0.044818
4.31817 0.0444658
4.32056 0.0441575
4.36026 0.0438879
4.36265 0.0439019
4.40115 0.0485391
4.40354 0.0478467
4.44204 0.0518659
4.44443 0.0507577
4.44694 0.049788
4.4842 0.0488145
4.48659 0.0479627
4.48903 0.0473423
4.52638 0.0466745
4.52877 0.0460902
4.53116 0.0455789
4.56924 0.0452566
4.57163 0.0452245
4.57402 0.0453214
4.61013 0.0495313
4.61252 0.0487148
4.61491 0.0480005
4.65102 0.0516254
4.65375 0.0505473
4.65614 0.0497288
4.65853 0.0490127
4.69339 0.0481361
4.69583 0.0473691
4.69943 0.046823
4.78362 0.0462201
4.82451 0.0465676
4.86541 0.0509966
4.9067 0.0548721
4.94759 0.0582631
4.94998 0.0563552
4.99005 0.0546858
4.99244 0.0532251
5.03214 0.0518219
5.03453 0.0505942
5.07329 0.0543949
5.07568 0.0529705
5.11418 0.0563492
5.11657 0.0546806
5.15507 0.0578455
5.15758 0.0559898
5.15997 0.0543661
5.19723 0.0528203
5.19967 0.0514678
5.20206 0.0504093
5.23931 0.0493581
5.24175 0.0484384
5.24425 0.0476336
5.28031 0.0514294
5.2827 0.0503757
5.28552 0.0495787
5.3212 0.0530064
5.32397 0.0517556
5.32641 0.0507862
5.36246 0.0540629
5.36486 0.05268
5.36725 0.051595
5.36964 0.0505206
5.40454 0.0494556
5.40733 0.0486486
5.40972 0.0478175
5.41211 0.0472153
5.44663 0.0465634
5.44942 0.045993
5.45181 0.0454939
5.4542 0.0454321
5.48759 0.0491281
5.49031 0.0484871
5.4927 0.0478012
5.49509 0.0473261
5.52848 0.0506603
5.5312 0.0498278
5.53359 0.0489743
5.53598 0.0482275
5.53837 0.0475741
5.57093 0.0468773
5.57332 0.0462676
5.57571 0.0457342
5.5781 0.0453924
5.58049 0.0449684
5.61302 0.0447223
5.61541 0.044382
5.6178 0.0440843
5.62019 0.0438237
5.62258 0.0435958
5.6551 0.0433963
5.6576 0.0434718
5.65999 0.0435378
5.66238 0.0437206
5.66477 0.0437555
5.69599 0.0474111
5.69887 0.0468597
5.70126 0.0465022
5.70365 0.0461894
5.70604 0.0459158
5.73726 0.0493013
5.74013 0.0487636
5.74252 0.0481682
5.74491 0.0475222
5.7473 0.0470819
5.74969 0.0465716
5.77935 0.0460002
5.78221 0.0455002
5.78462 0.0450626
5.78821 0.0449298
5.87119 0.0445636
5.87359 0.0442431
5.9121 0.0485877
5.91449 0.0478893
5.95299 0.0517781
5.95538 0.0506809
5.95777 0.0497207
5.99508 0.0488807
5.99747 0.0480206
5.99986 0.047268
6.03754 0.0466095
6.03993 0.0460333
6.04232 0.0456541
6.07843 0.0498224
6.08082 0.0489696
6.08321 0.0483484
6.11932 0.0519298
6.12211 0.0509386
6.1245 0.0500713
6.16021 0.0534374
6.1626 0.0521327
6.16499 0.0508661
6.16738 0.0498828
6.2023 0.0488975
6.20469 0.0480353
6.20708 0.0474059
6.20947 0.0467302
6.24438 0.0461389
6.24677 0.0456215
6.24916 0.0451688
6.25155 0.0450227
6.28527 0.0488949
6.28766 0.048158
6.29005 0.0476383
6.29244 0.0470585
6.32616 0.0505512
6.32855 0.0496073
6.33094 0.0487814
6.33333 0.0480587
6.33572 0.0474264
6.36825 0.0467481
6.37064 0.0461546
6.37303 0.0457602
6.37542 0.0452902
6.37781 0.0448789
6.41033 0.0445191
6.41272 0.0442042
6.41511 0.0439287
6.4175 0.0436876
6.42015 0.0436016
6.45263 0.0434014
6.45502 0.0436012
6.45741 0.0437761
6.4598 0.0438041
6.46219 0.0439536
6.49352 0.0475844
6.49608 0.0471363
6.49847 0.0466193
6.50086 0.0461669
6.50325 0.045896
6.53456 0.049159
6.53731 0.0485141
6.5397 0.0478249
6.54209 0.0473468
6.54448 0.0469284
6.54687 0.0464374
6.57698 0.0458827
6.57939 0.0453974
6.58178 0.0449727
6.58417 0.0446011
6.58656 0.044276
6.58895 0.0439915
6.61907 0.0438675
6.62148 0.0436341
6.62387 0.0434298
6.62626 0.0432511
6.62865 0.0433447
6.63104 0.0435516
6.65996 0.0469827
6.66237 0.0464848
6.66476 0.0460492
6.66715 0.0457931
6.66954 0.0454439
6.67193 0.0451384
6.70085 0.0481211
6.70325 0.047606
6.70565 0.0470302
6.70804 0.0466515
6.71052 0.046195
6.71291 0.0457957
6.7153 0.0455712
6.74299 0.0451248
6.74538 0.0447342
6.74777 0.0443924
6.75017 0.0440934
6.7526 0.0438317
6.75499 0.0436027
6.75738 0.0434024
6.78508 0.0433521
6.78747 0.0431831
6.78986 0.0430352
6.79225 0.0429058
6.79469 0.0427926
6.79741 0.0428185
6.7998 0.0427162
6.82597 0.0458767
6.82869 0.0455171
6.83108 0.0453274
6.83347 0.0451615
6.83586 0.0448913
6.83869 0.0447799
6.84108 0.0446824
6.86714 0.0475971
6.86958 0.0471475
6.87236 0.046754
6.87475 0.0462848
6.87714 0.0459992
6.87957 0.0457493
6.88197 0.0454056
6.90803 0.0481049
6.91044 0.0474668
6.91283 0.0469085
6.91562 0.0464199
6.91801 0.0461174
6.9204 0.0457277
6.92279 0.0453868
6.95049 0.0449634
6.95288 0.044593
6.95527 0.0443939
6.95809 0.0442196
6.96048 0.0439422
6.96287 0.0436994
6.96526 0.043612
6.99309 0.0435355
6.99548 0.0437185
6.99787 0.0438787
7.00026 0.0440189
7.00265 0.0440165
7.00505 0.0443895
7.00744 0.0447158
7.00983 0.0450013
7.03398 0.0478761
7.03637 0.0472666
7.04115 0.0468583
7.04354 0.046376
7.04593 0.045954
7.04833 0.0455848
7.05072 0.0452617
7.07487 0.047729
7.07726 0.0472628
7.08204 0.047105
7.08443 0.0465919
7.08682 0.0463929
7.08921 0.0463438
7.09161 0.0463008
7.09414 0.0462632
7.09653 0.0462303
7.11696 0.0457015
7.11935 0.0452388
7.12422 0.044834
7.12661 0.0444797
7.129 0.0442948
7.13139 0.0440079
7.13378 0.0437569
7.13622 0.0435373
7.13863 0.0433451
7.15904 0.043302
7.16143 0.0431392
7.16631 0.0429968
7.1687 0.0428722
7.17109 0.0427632
7.17348 0.0426678
7.17713 0.0428343
7.25408 0.042855
7.25647 0.0427482
7.26018 0.0426546
7.26287 0.0425728
7.29616 0.0425012
7.29863 0.0424386
7.30226 0.0423837
7.30496 0.0423358
7.33825 0.0422938
7.34064 0.0425071
7.34315 0.0428187
7.34585 0.0428414
7.37953 0.0468612
7.38192 0.0463785
7.38431 0.0460812
7.38674 0.0456961
7.42042 0.0493591
7.42281 0.0485642
7.4252 0.0479937
7.42759 0.0473694
7.42998 0.0468233
7.46251 0.0462204
7.4649 0.0456928
7.46729 0.0452312
7.46968 0.0448273
7.47207 0.0445989
7.50459 0.044274
7.50708 0.0441148
7.50947 0.0438504
7.51186 0.0436191
7.51425 0.0437917
7.54548 0.0474428
7.54797 0.0468874
7.55074 0.0464015
7.55313 0.0461013
7.55552 0.0458386
7.58651 0.0491088
7.58922 0.0484702
7.59163 0.0479114
7.59402 0.0474225
7.59653 0.0468697
7.59894 0.046386
7.62887 0.0458377
7.63131 0.045358
7.71477 0.0449383
7.71716 0.044696
7.75566 0.048859
7.75805 0.0482516
7.79655 0.0520952
7.79894 0.0509583
7.83744 0.0544635
7.83983 0.0530305
7.84222 0.0519017
7.8796 0.050664
7.88199 0.049581
7.88438 0.0486334
7.92169 0.0478042
7.92408 0.0472037
7.92647 0.0465532
7.96258 0.0504841
7.96533 0.0496736
7.96772 0.0488394
8.00347 0.0523594
8.00661 0.0513145
8.009 0.0502752
8.04474 0.0536158
8.04989 0.0522888
8.05228 0.0512527
8.08682 0.0500961
8.09235 0.0492091
8.09474 0.048683
8.09713 0.0482226
8.12961 0.0475698
8.13447 0.0468736
8.13698 0.0462644
8.13937 0.0457313
8.1705 0.0491399
8.17536 0.0487474
8.17787 0.048029
8.18026 0.0475254
8.21175 0.0505847
8.21628 0.0500116
8.21876 0.0491352
8.22115 0.0484933
8.25264 0.0514316
8.25717 0.0507527
8.25956 0.0497836
8.26195 0.0489356
8.26434 0.0481937
8.29473 0.0474195
8.29925 0.046742
8.30164 0.0461493
8.30403 0.0457556
8.30642 0.0452862
8.33681 0.0448754
8.34134 0.044516
8.34373 0.0442015
8.34612 0.0443013
8.34851 0.0442636
8.3777 0.0476057
8.38223 0.047405
8.38462 0.0468543
8.38701 0.0464975
8.3894 0.0460604
8.41898 0.0490528
8.42312 0.0486712
8.42551 0.0479623
8.4279 0.047342
8.43029 0.0467993
8.43268 0.0463244
8.46106 0.0459088
8.46549 0.0454202
8.46788 0.0449927
8.47027 0.0447436
8.47266 0.0444006
8.47505 0.0442256
8.50314 0.0439474
8.50757 0.0437039
8.50996 0.043491
8.51251 0.0433046
8.5149 0.0431415
8.51729 0.0429988
8.54524 0.046374
8.62704 0.0490772
8.63059 0.0483176
8.66793 0.0519029
8.6715 0.050915
8.70912 0.0544256
8.71151 0.0531224
8.7139 0.0517321
8.75121 0.0505156
8.75384 0.0494512
8.75631 0.0486448
8.79357 0.0478142
8.79596 0.0470874
8.79878 0.0464515
8.83446 0.050395
8.83687 0.0494707
8.84026 0.0489118
8.87535 0.0524228
8.87775 0.051245
8.88115 0.0504644
8.91624 0.0536563
8.91863 0.0523243
8.92102 0.0512837
8.95714 0.0543733
9.04133 0.0528266
9.08222 0.0563483
9.12339 0.0595548
9.16428 0.0623604
9.20517 0.0648154
9.20756 0.0620884
9.24729 0.0595774
9.25009 0.0575052
9.28937 0.0555671
9.29249 0.0538712
9.33064 0.0571373
9.33354 0.0554951
9.37162 0.0584332
9.37443 0.0566291
9.41251 0.0594254
9.4157 0.0574973
9.41809 0.0558101
9.4546 0.0540838
9.45779 0.0525734
9.46054 0.0512517
9.49668 0.0500952
9.50024 0.0492083
9.50272 0.0483073
9.53832 0.0520189
9.54113 0.0511415
9.5437 0.0501238
9.5794 0.0534833
9.58208 0.0522979
9.58459 0.0511357
9.62029 0.0543687
9.62297 0.0529476
9.62536 0.0517042
9.62775 0.0506162
9.66237 0.0495391
9.66505 0.0487217
9.66744 0.0478815
9.66983 0.0471463
9.70446 0.046503
9.70714 0.0459402
9.70953 0.0454476
9.71192 0.0452667
9.74535 0.0491083
9.74803 0.0484698
9.75042 0.0477861
9.75281 0.0471878
9.78623 0.0506643
9.78892 0.0497063
9.79131 0.048868
9.7937 0.0481345
9.79609 0.0476177
9.82842 0.0469155
9.831 0.046426
9.83339 0.0458728
9.83578 0.0453887
9.83817 0.0449651
9.87051 0.0445945
9.87309 0.0442702
9.87548 0.0439864
9.87805 0.0438631
9.88044 0.0436302
9.91293 0.0434264
9.91532 0.0436231
9.91771 0.0436702
9.9201 0.0438365
9.92249 0.0438569
9.95402 0.0476248
9.95762 0.0472967
10.0409 0.0466346
10.0433 0.0461803
10.0818 0.0501577
10.0842 0.049388
10.1227 0.0530895
10.1251 0.0519533
10.1636 0.0553342
10.166 0.0539174
10.1684 0.0525527
10.2057 0.0512336
10.2081 0.0500794
10.2105 0.0490695
10.2478 0.0481858
10.2502 0.0474126
10.2526 0.046736
10.2887 0.050644
10.2911 0.0498135
10.2935 0.0489618
10.3296 0.0524666
10.332 0.0512833
10.3343 0.0502479
10.3708 0.0535919
10.3732 0.0523929
10.3756 0.0513438
10.378 0.0504258
10.4129 0.0493726
10.4153 0.048451
10.4177 0.0476446
10.4201 0.0469391
10.455 0.0464467
10.4574 0.0458908
10.4598 0.0454045
10.4622 0.0453539
10.4959 0.0490597
10.4983 0.0483022
10.5007 0.0476394
10.5031 0.0471845
10.5368 0.0505364
10.5392 0.0497194
10.5416 0.0488795
10.544 0.0481445
10.5777 0.0513765
10.5801 0.0504544
10.5825 0.0495226
10.5848 0.0487073
10.5872 0.0481189
10.6198 0.047354
10.6221 0.0466848
10.6245 0.0460992
10.6269 0.0455868
10.6293 0.0451384
10.6618 0.0447461
10.6642 0.0444029
10.6666 0.0443525
10.669 0.0444334
10.6714 0.0445043
10.7027 0.0480662
10.7055 0.0475579
10.7079 0.0469882
10.7103 0.0466147
10.7127 0.0461628
10.7436 0.0493925
10.7464 0.0487184
10.7488 0.0480036
10.7512 0.0475032
10.7536 0.0469403
10.756 0.0464477
10.786 0.0460168
10.7885 0.0455147
10.7909 0.0450753
10.7933 0.0446909
10.7956 0.0443546
10.798 0.0441852
10.8281 0.0439121
10.8306 0.0436731
10.833 0.0434639
10.8353 0.0432809
10.8377 0.0431208
10.8401 0.0433557
10.869 0.0468113
10.8718 0.0463348
10.8742 0.046043
10.8766 0.0457876
10.879 0.0455642
10.8814 0.0453686
10.9103 0.0484476
10.9127 0.0477666
10.9151 0.0472958
10.9175 0.0467588
10.9199 0.046289
10.9223 0.0458778
10.9536 0.0455181
10.956 0.0452033
10.9583 0.0449279
10.9607 0.0446869
10.9631 0.0446011
10.9655 0.0444009
10.9957 0.0441008
10.998 0.0442132
11.0028 0.0441866
11.0054 0.0442882
11.0078 0.0442522
11.0102 0.0443457
11.0377 0.0440525
11.0401 0.0437959
11.0451 0.0436964
11.0475 0.0438594
11.0499 0.0442519
11.0523 0.0445955
11.0546 0.044896
11.0786 0.047784
11.081 0.047311
11.0864 0.0471471
11.0887 0.0466287
11.0911 0.0463002
11.0935 0.0460126
11.0959 0.0456361
11.1199 0.0480565
11.1223 0.0475495
11.1272 0.0473558
11.1296 0.0468113
11.1321 0.0464599
11.1345 0.0460274
11.1369 0.045649
11.1393 0.0454429
11.162 0.0450125
11.1644 0.0446359
11.1693 0.0443064
11.1717 0.0440181
11.1742 0.0437659
11.1766 0.0435451
11.179 0.043477
11.1814 0.0432924
11.2044 0.0432558
11.2068 0.0430988
11.2118 0.0429615
11.2142 0.0429663
11.2166 0.0428455
11.219 0.0427398
11.2214 0.0426473
11.2237 0.0428164
11.2453 0.0454644
11.2477 0.0451563
11.2527 0.0452618
11.2551 0.0451041
11.2575 0.0448411
11.2599 0.0446109
11.2622 0.0445346
11.2646 0.0443427
11.2866 0.0466749
11.289 0.0463405
11.2936 0.046298
11.296 0.0458857
11.2984 0.045525
11.3007 0.0452094
11.3031 0.0450582
11.3055 0.0448009
11.3275 0.0470758
11.3299 0.0465663
11.3323 0.0461205
11.3357 0.0456055
11.338 0.0452798
11.3404 0.0448698
11.3428 0.0445111
11.3452 0.0441972
11.3476 0.0439226
11.3696 0.0436822
11.372 0.043472
11.3744 0.043288
11.3777 0.043127
11.3805 0.0429861
11.3829 0.0428628
11.3853 0.04288
11.3877 0.04277
11.3901 0.0427987
11.4117 0.0426989
11.4141 0.0427365
11.4165 0.0426445
11.4188 0.0428139
11.4214 0.0429622
11.4238 0.0429669
11.4262 0.043096
11.4287 0.043084
11.4311 0.0431985
11.4526 0.0455487
11.455 0.0452301
11.4573 0.0449514
11.4599 0.0447074
11.4623 0.044619
11.4647 0.0444166
11.4671 0.0443645
11.4696 0.044194
11.4719 0.0440447
11.4938 0.0462891
11.4962 0.046003
11.4986 0.0457526
11.501 0.0455335
11.5034 0.0453419
11.5058 0.0450491
11.5082 0.044918
11.5106 0.0446782
11.513 0.0444685
11.5153 0.0444099
11.5359 0.0441087
11.5383 0.0438451
11.5407 0.0436144
11.5431 0.0434126
11.5455 0.0432361
11.5479 0.0430815
11.5503 0.0429464
11.5526 0.0428281
11.555 0.0428496
11.5574 0.0427434
11.5784 0.0427754
11.5808 0.0426785
11.5832 0.0427187
11.5856 0.0426289
11.5879 0.0425502
11.5903 0.0426065
11.5927 0.0429057
11.5951 0.0431675
11.5975 0.0433965
11.5999 0.043472
11.6193 0.045788
11.6217 0.0454395
11.6241 0.0452595
11.6264 0.0449771
11.6288 0.04473
11.6312 0.0446387
11.7097 0.0443089
11.7121 0.0441453
11.7145 0.0438771
11.7169 0.0436425
11.7506 0.0474372
11.753 0.0468825
11.7556 0.0463972
11.841 0.0459725
11.8734 0.049226
11.8834 0.0483227
11.9155 0.0475324
11.9259 0.0468408
11.958 0.0462357
11.9679 0.0457063
11.9989 0.049118
12.0088 0.0493532
12.0398 0.0521841
12.0498 0.0520361
12.0806 0.0545316
12.083 0.0532151
12.0923 0.0519382
12.1227 0.0506959
12.1251 0.049609
12.1344 0.0486578
12.1648 0.0478256
12.1672 0.0470974
12.1765 0.0464602
12.2061 0.0496527
12.2085 0.0489461
12.2177 0.0490778
12.247 0.0516931
12.2494 0.0506065
12.2586 0.0505307
12.2882 0.0530893
12.2906 0.0519532
12.293 0.050959
12.301 0.0499641
12.3303 0.0489686
12.3339 0.0482225
12.4182 0.0474447
12.4594 0.0510141
12.5003 0.0548874
12.5412 0.0582764
12.5821 0.0612419
12.5845 0.0589617
12.6242 0.0568414
12.6266 0.0549863
12.6662 0.053363
12.6686 0.0519426
12.7071 0.0555748
12.7095 0.0540029
12.748 0.0572526
12.7504 0.055471
12.7889 0.0584121
12.7913 0.0564856
12.7937 0.0547999
12.8323 0.0534499
12.9179 0.0520187
12.9604 0.0508913
13.0024 0.0497799
13.0445 0.0488074
13.0854 0.0530815
13.1263 0.0566963
13.1672 0.0598593
13.1696 0.0577519
13.2093 0.0557829
13.2117 0.05406
13.2517 0.0525525
13.2541 0.0513585
13.2938 0.0501886
13.2962 0.0495401
13.3351 0.0534726
13.3375 0.0522885
13.376 0.0556274
13.3784 0.054049
13.3808 0.0526679
13.4181 0.0514594
13.4204 0.050277
13.4228 0.0492423
13.4601 0.048337
13.4625 0.0475449
13.4649 0.0468518
13.501 0.0508703
13.5034 0.0498865
13.5058 0.0490257
13.5419 0.0525225
13.5443 0.0513322
13.5467 0.0502907
13.5828 0.0536293
13.5852 0.0524257
13.5876 0.0512475
13.59 0.0503415
13.6249 0.0492988
13.6273 0.0483865
13.6297 0.0475882
13.6321 0.0468896
13.6673 0.0464034
13.6697 0.045853
13.6721 0.0454964
13.6745 0.0454343
13.7086 0.049255
13.711 0.0485982
13.7134 0.0480234
13.7158 0.0473955
13.7495 0.050846
13.7519 0.0498653
13.7543 0.0490071
13.7567 0.0482562
13.7908 0.0515992
13.7932 0.0506493
13.7956 0.0498181
13.7979 0.0489659
13.8003 0.0483451
13.8329 0.047552
13.8353 0.046858
13.8376 0.0462507
13.84 0.0458444
13.8424 0.0453638
13.8749 0.0449434
13.8773 0.0445754
13.8797 0.0445035
13.8821 0.0445656
13.8846 0.0444949
13.9159 0.048058
13.9183 0.0475508
13.9207 0.0469819
13.9231 0.0466092
13.9255 0.046158
13.9568 0.0493883
13.9592 0.0487147
13.9616 0.0480004
13.964 0.0475003
13.9664 0.0469378
13.9688 0.0464456
13.9989 0.0458899
14.0013 0.0454036
14.0037 0.0449782
14.0061 0.0446059
14.0085 0.0442802
14.0109 0.0439952
14.0413 0.0438708
14.0437 0.0436369
14.0461 0.0435573
14.0486 0.0433626
14.0509 0.0431923
14.0533 0.0434183
14.0823 0.046991
14.0847 0.0464921
14.0871 0.0461806
14.0895 0.045783
14.0919 0.0454351
14.0942 0.0452557
14.1232 0.0483488
14.1256 0.0476802
14.128 0.0470952
14.1304 0.0465833
14.1327 0.0461354
14.1351 0.0458684
14.1641 0.0488849
14.1665 0.0481493
14.1689 0.0475056
14.1713 0.0470674
14.1737 0.046559
14.1765 0.0462391
14.179 0.0458342
14.2062 0.0453549
14.2086 0.0449356
14.211 0.0446936
14.2137 0.0443569
14.2162 0.0441873
14.2186 0.0439139
14.221 0.0437997
14.2482 0.0435747
14.2507 0.0433779
14.2531 0.0435806
14.2559 0.043633
14.2583 0.0438039
14.2607 0.0438284
14.2631 0.0439749
14.2891 0.046978
14.2919 0.0464808
14.2943 0.0461707
14.2968 0.0457743
14.2992 0.0455525
14.3016 0.0452335
14.304 0.0449543
14.33 0.04771
14.3328 0.0471213
14.3352 0.0467311
14.338 0.0463897
14.3404 0.046091
14.3429 0.0457046
14.3453 0.0454915
14.3477 0.0453051
14.3721 0.044892
14.375 0.0446555
14.3774 0.0443235
14.3801 0.0440331
14.3825 0.043779
14.385 0.0435566
14.3874 0.043362
14.3898 0.0431918
14.4142 0.0430428
14.4174 0.0429124
14.4198 0.0427984
14.4222 0.0426986
14.4246 0.0426113
14.427 0.0429099
14.4294 0.0431711
14.4318 0.0432747
14.4551 0.0461154
14.4583 0.045851
14.4607 0.0454946
14.4631 0.0453078
14.4655 0.0450193
14.4679 0.0447669
14.4703 0.044546
14.4727 0.0443528
14.496 0.0468087
14.4996 0.0464576
14.502 0.0460254
14.5044 0.0457722
14.5068 0.0454257
14.5091 0.0452475
14.5139 0.0449665
14.5163 0.0448457
14.5381 0.044615
14.5417 0.0442881
14.5441 0.0441271
14.5464 0.0438612
14.6259 0.0436286
14.6282 0.043425
14.631 0.0433719
14.6334 0.0432004
14.6679 0.0430503
14.6703 0.042919
14.6731 0.0428042
14.6755 0.0427036
14.71 0.0427407
14.7124 0.0426481
14.7152 0.0425671
14.7176 0.0424962
14.7522 0.0424342
14.7545 0.0426299
14.757 0.0428012
14.7598 0.042951
14.793 0.0470821
14.7954 0.0465719
14.7979 0.0461254
14.8006 0.0458597
14.8339 0.0493772
14.8363 0.0485801
14.8387 0.0478826
14.8411 0.0473973
14.8437 0.0468476
14.8761 0.0463667
14.8785 0.0458208
14.8809 0.0453432
14.8833 0.0449253
14.8857 0.0445596
14.9182 0.0442397
14.9206 0.0439597
14.923 0.0438398
14.9254 0.0436098
14.9278 0.0436586
14.9591 0.0474512
14.9615 0.0468948
14.9639 0.046408
14.9664 0.045982
14.9688 0.0456092
15.0005 0.0490331
15.0029 0.0482789
15.0053 0.0477441
15.0076 0.0472761
15.01 0.0468666
15.0124 0.0465082
15.0426 0.0459447
15.045 0.0454516
15.0473 0.0450202
15.0497 0.0446426
15.0521 0.0443123
15.0545 0.0440233
15.0846 0.0437704
15.087 0.0436741
15.0894 0.0434648
15.0918 0.0432817
15.0942 0.0431215
15.0966 0.0429813
15.1267 0.0428586
15.1291 0.0431263
15.1315 0.0432355
15.1339 0.0433311
15.1363 0.0435397
15.1387 0.0435972
15.1676 0.0470226
15.17 0.0466448
15.1724 0.0461892
15.1748 0.0457905
15.1772 0.0455667
15.1796 0.0452459
15.2085 0.0483401
15.211 0.0476726
15.2134 0.0470885
15.2158 0.0465775
15.2182 0.0462553
15.2206 0.0458484
15.2229 0.0454923
15.2506 0.0450558
15.2531 0.0447988
15.2555 0.044449
15.2579 0.0441428
15.2603 0.043875
15.2641 0.0438906
15.3446 0.0436543
15.3471 0.0435725
15.3733 0.0463759
15.3867 0.0458289
15.3892 0.0453503
15.4157 0.0449315
15.4288 0.0445651
15.4312 0.0446195
15.4566 0.047417
15.4697 0.0482399
15.4721 0.0477099
15.4975 0.0499962
15.5106 0.0504966
15.513 0.0495596
15.5154 0.0487396
15.5396 0.0478972
15.5527 0.04716
15.555 0.04664
15.5574 0.04606
15.5816 0.0455525
15.5947 0.0451084
15.5973 0.0447199
15.5997 0.0443799
15.6237 0.0440824
15.6356 0.0453221
15.6382 0.0451568
15.6406 0.0448872
15.6646 0.0474013
15.6765 0.0481012
15.6791 0.0475885
15.6815 0.047015
15.7055 0.0492631
15.7177 0.0497302
15.72 0.0490139
15.8046 0.0481372
15.807 0.047495
15.8467 0.0468082
15.8491 0.0462071
15.8889 0.0456812
15.8913 0.0452211
15.9309 0.0448185
15.9333 0.0448411
15.9718 0.049236
15.9743 0.0485815
16.0128 0.0523838
16.0152 0.0513358
16.0176 0.0502939
16.0549 0.0492571
16.0573 0.04835
16.0597 0.0475562
16.0971 0.0469867
16.0995 0.0463634
16.1018 0.0458179
16.1391 0.0453407
16.1415 0.0451731
16.1439 0.0450265
16.1801 0.0492732
16.1825 0.048489
16.1849 0.0478029
16.221 0.0515775
16.2234 0.0505053
16.2258 0.0495672
16.2282 0.0488713
16.2631 0.0480124
16.2655 0.0472608
16.268 0.0467282
16.2704 0.0461372
16.3053 0.04562
16.3077 0.0451675
16.3101 0.0447716
16.3125 0.0444251
16.3462 0.048372
16.3485 0.0477005
16.351 0.0471129
16.3534 0.0465988
16.3872 0.050149
16.3895 0.0492553
16.3919 0.0484734
16.3947 0.0479142
16.428 0.0513
16.4308 0.0502625
16.4332 0.0494797
16.4356 0.0487947
16.438 0.0480704
16.4701 0.0473116
16.4729 0.0466476
16.4753 0.0460667
16.4777 0.0455583
16.48 0.0452385
16.5125 0.0448337
16.5153 0.0446045
16.5177 0.0442789
16.5201 0.0443691
16.5225 0.0444479
16.5534 0.0480169
16.5562 0.0475148
16.5586 0.0469505
16.6428 0.0463317
16.6452 0.0457902
16.6849 0.0453164
16.6873 0.0449019
16.727 0.0446641
16.7298 0.0447061
16.7682 0.0492429
16.771 0.0485875
16.8095 0.0525141
16.8119 0.0513248
16.8143 0.0502842
16.8516 0.0492487
16.854 0.0484676
16.8564 0.0476591
16.8937 0.0469517
16.8961 0.0463328
16.8985 0.0457912
16.9358 0.0453173
16.9381 0.0452776
16.9405 0.0451179
16.9766 0.0492282
16.979 0.0485747
16.9814 0.0478778
17.0175 0.0515181
17.0199 0.0504533
17.0223 0.0495217
17.0247 0.0487065
17.0596 0.0478681
17.062 0.0472596
17.0644 0.0466022
17.0668 0.0460269
17.1017 0.0455235
17.1041 0.0450831
17.1065 0.0446977
17.1089 0.0443605
17.1426 0.0483154
17.145 0.047651
17.1474 0.0470696
17.1498 0.0465609
17.1835 0.0501158
17.1859 0.0492263
17.1883 0.048573
17.1911 0.0480014
17.2248 0.0513762
17.2272 0.0504542
17.2295 0.0496474
17.2319 0.0488165
17.2343 0.0480894
17.2668 0.0473283
17.2692 0.0466622
17.2716 0.0460794
17.274 0.0456945
17.2764 0.0452327
17.3089 0.0448286
17.3113 0.044475
17.3137 0.0441657
17.3161 0.0442699
17.3185 0.0442362
17.3498 0.0478317
17.3522 0.0473527
17.3546 0.0468086
17.357 0.0463325
17.3594 0.045916
17.3907 0.0491765
17.3931 0.0485294
17.3955 0.0478382
17.3979 0.0472335
17.4003 0.0468293
17.4027 0.0463506
17.4328 0.0458068
17.4352 0.0453309
17.4376 0.0449146
17.44 0.0446753
17.4424 0.0443408
17.4448 0.0440482
17.4749 0.0437922
17.4773 0.0435682
17.4797 0.0433722
17.4822 0.0432006
17.4846 0.0430506
17.487 0.0429192
17.5159 0.0464293
17.5183 0.0461257
17.5207 0.045735
17.5235 0.0455181
17.5259 0.0452033
17.5283 0.0450529
17.5568 0.0481713
17.5592 0.0476499
17.5619 0.0470686
17.5644 0.0466851
17.5668 0.0462244
17.5704 0.0460714
17.6509 0.0455625
17.6533 0.0451171
17.6814 0.0448525
17.6931 0.0446209
17.6955 0.0442933
17.7235 0.0440067
17.7352 0.0437558
17.7376 0.0435363
17.7773 0.0433443
17.7796 0.0434263
17.8181 0.048123
17.8205 0.0474826
17.8229 0.0471723
17.859 0.0512757
17.8614 0.0502413
17.8638 0.0493361
17.9003 0.0529191
17.9027 0.0516792
17.9051 0.0507193
17.9075 0.0498794
17.9424 0.0488945
17.945 0.0481577
17.9474 0.047388
17.9498 0.0467145
17.9845 0.0461252
17.9871 0.0456095
17.9895 0.0451583
17.9919 0.0450135
18.0257 0.0488868
18.0281 0.048276
18.0305 0.0476165
18.0329 0.0470394
18.0666 0.0505345
18.069 0.0495927
18.0714 0.0487686
18.0738 0.0480475
18.0761 0.0475416
18.1087 0.0468489
18.1111 0.0463678
18.1134 0.0458218
18.1158 0.0453441
18.1182 0.0449261
18.1507 0.0445603
18.1531 0.0442403
18.1555 0.0439602
18.1579 0.0437152
18.1603 0.0435008
18.1928 0.0433132
18.1952 0.0435241
18.1976 0.0435835
18.2002 0.0437606
18.2338 0.0474155
18.2362 0.0469886
18.2386 0.04649
18.2411 0.0461788
18.2747 0.0496564
18.2771 0.0489494
18.2795 0.0485807
18.2819 0.0481331
18.2843 0.0478665
18.2867 0.0475082
18.3168 0.0468196
18.3193 0.0462172
18.3217 0.04569
18.3241 0.0453538
18.3265 0.0449346
18.3289 0.0445677
18.3589 0.0442468
18.3614 0.0439659
18.3638 0.0437202
18.3662 0.0435052
18.3685 0.043317
18.371 0.0431524
18.3998 0.0466333
18.4023 0.0463042
18.4047 0.0458911
18.4072 0.0456548
18.4095 0.0453229
18.4122 0.0451575
18.4407 0.0482629
18.4435 0.04773
18.4459 0.0471387
18.4483 0.0467464
18.4507 0.0462781
18.4531 0.0459933
18.4819 0.0488692
18.4843 0.0482605
18.4867 0.047603
18.4891 0.0471526
18.4915 0.0466335
18.4939 0.0461793
18.4963 0.0457819
18.524 0.0454342
18.5276 0.0451299
19.8094 0.0696137
19.8515 0.066162
19.8936 0.0631417
19.9344 0.065624
19.9753 0.067671
20.0162 0.0694621
20.0186 0.0661544
20.0583 0.0631351
20.0607 0.0604932
20.1004 0.0581815
20.1028 0.0561588
20.1417 0.059264
20.1441 0.057356
20.1826 0.0601865
20.185 0.0580382
20.2258 0.0561584
20.2282 0.0546386
20.2679 0.0530588
20.2703 0.0520514
20.2727 0.051045
20.31 0.0500394
20.3124 0.0490345
20.3148 0.0481551
20.3521 0.0473858
20.3545 0.0469625
20.3569 0.0465922
20.393 0.0505182
20.3954 0.0495784
20.3978 0.0487561
20.4339 0.0522866
20.4363 0.0512508
20.4389 0.0502194
20.4413 0.049442
20.476 0.0485117
20.4784 0.0476978
20.481 0.0469856
20.4834 0.0463624
20.5183 0.0459421
20.5207 0.0454493
20.5235 0.0451431
20.5258 0.0447502
20.5591 0.0486565
20.5615 0.0479494
20.5643 0.0474557
20.5667 0.0468988
20.6 0.0504114
20.6024 0.049485
20.6052 0.0487994
20.6076 0.0480744
20.641 0.0513151
20.6434 0.0502757
20.6458 0.0493663
20.6482 0.0485705
20.6506 0.0478742
20.6831 0.0472649
20.6855 0.0466068
20.6879 0.0460309
20.6902 0.0455271
20.6928 0.0450862
20.7253 0.0447004
20.7277 0.0443629
20.7301 0.0441925
20.7325 0.0442934
20.7348 0.0442568
20.7662 0.0479747
20.7685 0.0473528
20.771 0.0468087
20.7733 0.0463326
20.7757 0.0459161
20.807 0.0493015
20.8094 0.0485139
20.8118 0.0478246
20.8146 0.0473465
20.817 0.0469282
20.8195 0.0465622
20.8492 0.0459919
20.8516 0.0454929
20.854 0.0451813
20.8567 0.0447836
20.8591 0.0444357
20.8913 0.0441312
20.9784 0.0439898
20.9807 0.0437411
21.0192 0.0481485
21.0216 0.0475049
21.0601 0.0515668
21.0625 0.0504959
21.0649 0.0495589
21.1022 0.0486141
21.1046 0.0477873
21.107 0.0471889
21.1443 0.0465403
21.1467 0.0459728
21.1492 0.0454762
21.1852 0.0495416
21.1876 0.0487239
21.1901 0.0481334
21.2265 0.0517418
21.2289 0.050649
21.2314 0.0498179
21.2675 0.0532157
21.2699 0.0519387
21.2723 0.0509464
21.2747 0.0499531
21.3096 0.0489589
21.312 0.0482141
21.3144 0.0474373
21.3168 0.0467576
21.3521 0.0462879
21.3545 0.0457519
21.3569 0.045283
21.3593 0.0452476
21.393 0.0490916
21.3954 0.0483302
21.3978 0.0476639
21.4002 0.0472059
21.4339 0.0505552
21.4363 0.0497358
21.4387 0.0488938
21.4411 0.0482821
21.4435 0.0476218
21.476 0.0469191
21.4784 0.0463042
21.4808 0.0457662
21.4831 0.0452954
21.4855 0.0448835
21.5181 0.044648
21.5204 0.044317
21.5228 0.0440274
21.5252 0.043774
21.5276 0.0435522
21.5601 0.0433582
21.5625 0.0434384
21.5649 0.0435086
21.5673 0.043695
21.5698 0.0437332
21.601 0.0475165
21.6034 0.046952
21.6058 0.046458
21.6082 0.0461507
21.6107 0.0457569
21.6419 0.0490373
21.6443 0.0482826
21.6467 0.0476223
21.6491 0.0471695
21.6515 0.0466483
21.6539 0.0461923
21.684 0.0457932
21.6868 0.0453191
21.6892 0.0450292
21.6916 0.0446505
21.694 0.0443192
21.6963 0.0441543
21.7261 0.043885
21.7289 0.0436494
21.7313 0.0434432
21.7336 0.0432628
21.736 0.04348
21.7384 0.04367
21.767 0.0469612
21.7701 0.0465911
21.7725 0.0462672
21.7749 0.0458588
21.7773 0.0456264
21.7797 0.0452981
21.8627 0.0448859
21.9746 0.0445251
22.0167 0.0442095
22.0588 0.0439333
22.1014 0.0438166
22.1422 0.0488396
22.1831 0.0529846
22.224 0.0566115
22.2264 0.0549101
22.2665 0.0532963
22.2689 0.0518843
22.3089 0.0506488
22.3113 0.0496927
22.351 0.0488561
22.3534 0.0483741
22.3919 0.0523273
22.3943 0.0511614
22.4328 0.0546412
22.4352 0.0533111
22.4376 0.0520222
22.4753 0.0508944
22.4777 0.0497826
22.4801 0.0489348
22.5174 0.0480679
22.5198 0.0473094
22.5221 0.0466458
22.5583 0.050565
22.5606 0.0496194
22.563 0.048917
22.5991 0.0524274
22.6015 0.0512489
22.6039 0.0502178
22.6404 0.0535656
22.6428 0.0522449
22.6452 0.0512143
22.6476 0.0503125
22.6825 0.0492734
22.6849 0.0483643
22.6873 0.0475687
22.6897 0.0468726
22.7246 0.0462636
22.727 0.0457306
22.7294 0.0452643
22.7318 0.0451062
22.7655 0.048968
22.7679 0.048222
22.7703 0.0476942
22.7727 0.0471074
22.8064 0.050594
22.8917 0.0495198
22.8943 0.0485798
22.9356 0.0480073
23.0583 0.0520064
23.2646 0.0557556
23.3067 0.0540361
23.3488 0.0525316
23.3913 0.0513402
23.4321 0.0554227
23.473 0.0587448
23.5142 0.0616517
23.5166 0.0593203
23.5563 0.0571552
23.5587 0.0552608
23.5984 0.0536032
23.6008 0.0521528
23.6405 0.0508837
23.6429 0.0500232
23.6814 0.0538953
23.6838 0.0525334
23.7223 0.0559667
23.7247 0.0543459
23.7271 0.0530527
23.7644 0.0516711
23.7668 0.0504622
23.7692 0.0494044
23.8065 0.0484789
23.8089 0.047669
23.8113 0.0469604
23.8474 0.0508403
23.8502 0.0499853
23.8526 0.0492371
23.8883 0.0527075
23.8911 0.0516191
23.8936 0.0505417
23.9296 0.053849
23.932 0.0526178
23.9344 0.0514156
23.9368 0.0503637
23.9717 0.0493182
23.9741 0.0484034
23.9765 0.047603
23.9789 0.0469026
24.0138 0.0462898
24.0162 0.0457536
24.0186 0.0452844
24.021 0.0451238
24.0547 0.0489833
24.0571 0.0483604
24.0595 0.0476904
24.0619 0.0471041
24.0956 0.0505911
24.098 0.0496422
24.1004 0.0488119
24.1028 0.0480854
24.1365 0.0514497
24.1389 0.0503935
24.1413 0.0495943
24.1437 0.04877
24.146 0.0481738
24.1786 0.0474021
24.181 0.0467268
24.1833 0.046136
24.1857 0.045619
24.1881 0.0451666
24.2207 0.0447708
24.223 0.0445494
24.2254 0.0446057
24.2278 0.04453
24.2302 0.0445888
24.2615 0.0481402
24.2639 0.0474977
24.2663 0.0469354
24.2687 0.0464435
24.2711 0.0461381
24.3024 0.0493708
24.3052 0.0486995
24.3076 0.048112
24.31 0.047598
24.3124 0.0471483
24.3148 0.0466297
24.3445 0.046051
24.3473 0.0455446
24.3497 0.0451016
24.3521 0.0447139
24.3569 0.0443746
24.4435 0.0440778
24.4703 0.0438181
24.4845 0.0450908
24.5112 0.0479545
24.5254 0.0488352
24.5278 0.0481058
24.5533 0.0473425
24.5687 0.0467997
24.676 0.0489498
24.7183 0.048081
24.7604 0.0473209
24.8025 0.0466558
24.8433 0.0511988
24.8842 0.055049
24.9253 0.0584178
24.9277 0.0564906
24.9674 0.0546793
24.9698 0.0530944
25.0095 0.0517076
25.0119 0.0504941
25.0516 0.0494324
25.054 0.0487533
25.0925 0.0527842
25.0949 0.0515611
25.1334 0.055116
25.1357 0.0536015
25.1381 0.0524013
25.1754 0.0511011
25.1778 0.0499635
25.1802 0.0489681
25.2179 0.0480971
25.2203 0.0474599
25.2227 0.0467774
25.2588 0.0506803
25.2612 0.0498452
25.3815 0.0531146
25.4236 0.0517252
25.4657 0.0505096
25.5065 0.0545709
25.5474 0.0579995
25.5884 0.0609996
25.5908 0.0587496
25.6305 0.0566559
25.6329 0.0548239
25.6731 0.0533459
25.6755 0.0520527
25.7994 0.0507961
25.8415 0.0496966
25.8835 0.0487345
25.9256 0.0478927
25.9666 0.0522811
26.0075 0.055996
26.0484 0.0592465
26.0508 0.0572157
26.0909 0.0553137
26.0933 0.0537745
26.133 0.0523027
26.1354 0.0510148
26.1751 0.050013
26.1775 0.0493864
26.216 0.0532131
26.2184 0.0519364
26.2569 0.0553194
26.2592 0.0539045
26.2616 0.0525414
26.2993 0.0513487
26.3017 0.0501801
26.3041 0.0492826
26.3414 0.0483723
26.3438 0.0475758
26.3462 0.0468788
26.3823 0.0507689
26.3847 0.0497978
26.3872 0.0490731
26.4232 0.052564
26.4256 0.0513685
26.4281 0.0504474
26.4641 0.0537665
26.4665 0.0524207
26.4689 0.0512431
26.4712 0.0502127
26.5065 0.0491861
26.5089 0.0482878
26.5121 0.0477519
26.5976 0.0470329
26.6386 0.0474038
26.6797 0.0517283
26.6821 0.0507623
26.7218 0.049667
26.7241 0.0487086
26.764 0.04787
26.7663 0.0471363
26.8088 0.0468692
26.8497 0.0513856
26.8521 0.0504624
26.8906 0.0544046
26.893 0.052979
26.9316 0.0562316
26.9339 0.0545777
26.9363 0.0532555
26.9736 0.0518485
26.976 0.0507425
26.9784 0.0496497
27.0161 0.0488185
27.0185 0.0479661
27.0209 0.0472204
27.057 0.0510678
27.0594 0.0500594
27.0618 0.0491769
27.0979 0.0526548
27.1003 0.051573
27.1027 0.0505013
27.1392 0.0539387
27.1415 0.0526963
27.1439 0.0514843
27.1463 0.0505488
27.1812 0.0494802
27.1836 0.0485451
27.186 0.047852
27.1884 0.0471205
27.2233 0.0464804
27.2257 0.0459204
27.2281 0.0458053
27.2305 0.0455797
27.2646 0.0493822
27.267 0.0485844
27.2694 0.0480114
27.2718 0.047385
27.3055 0.0508368
27.3079 0.0498572
27.3103 0.0491251
27.3127 0.0483594
27.3151 0.0478145
27.348 0.0470877
27.3503 0.0465767
27.3527 0.0460046
27.3551 0.0456291
27.3575 0.0451754
27.39 0.0449035
27.3924 0.0445406
27.3948 0.044223
27.3984 0.0440701
27.4814 0.0438114
27.4838 0.0435849
27.5236 0.0433868
27.526 0.0432135
27.5657 0.0430618
27.5681 0.0433041
27.6069 0.048016
27.6093 0.047514
27.6478 0.0514498
27.6502 0.0505186
27.6526 0.0495787
27.6899 0.0486314
27.6923 0.0478025
27.695 0.0472022
27.7323 0.0466769
27.7347 0.0460923
27.7371 0.0455807
27.7747 0.0451332
27.7771 0.0451165
27.7795 0.0451019
27.8156 0.0492142
27.818 0.0485624
27.8205 0.0478671
27.8569 0.0515087
27.8593 0.0505701
27.8617 0.0496239
27.864 0.0489209
27.899 0.0480558
27.9844 0.0472988
28.0253 0.0515115
28.0662 0.0553225
28.1071 0.0586572
28.1482 0.0615751
28.1506 0.0592532
28.1903 0.0570965
28.1927 0.0552095
28.2327 0.0535583
28.2351 0.0522385
28.274 0.0558337
28.2764 0.0543545
28.3149 0.0574352
28.3173 0.0557558
28.3562 0.0587863
28.3586 0.056938
28.3609 0.0551958
28.3982 0.0535463
28.4006 0.052103
28.403 0.0509651
28.4403 0.0498445
28.4427 0.0488639
28.4451 0.0480059
28.4812 0.0517552
28.4836 0.0506608
28.486 0.0498282
28.5221 0.0532247
28.5245 0.0519466
28.5269 0.0508283
28.563 0.0539747
28.5655 0.0526029
28.5679 0.0514025
28.5703 0.0504772
28.6064 0.0496676
28.6906 0.0487091
28.7315 0.0527455
28.7725 0.0564023
28.8138 0.059602
28.8547 0.0624018
28.857 0.0601015
28.8967 0.0578388
28.8991 0.055859
28.9388 0.0541266
28.9412 0.0526108
28.9798 0.0560344
28.9822 0.0545301
29.0207 0.0575889
29.0231 0.0558903
29.0616 0.058779
29.1486 0.0566816
29.1908 0.0548464
29.2333 0.0533656
29.2753 0.0519449
29.3162 0.0558268
29.3572 0.0590984
29.3984 0.0619611
29.4008 0.059591
29.4405 0.0573921
29.4429 0.0554681
29.4826 0.0537846
29.485 0.0523115
29.5247 0.0510226
29.527 0.0502698
29.5659 0.054111
29.5683 0.0528472
29.6068 0.0561163
29.6092 0.0546017
29.6116 0.0531515
29.6489 0.0517576
29.6513 0.0505379
29.6537 0.0494706
29.691 0.0485368
29.6934 0.0477197
29.6958 0.0470047
29.7319 0.0508791
29.7343 0.0500193
29.7367 0.0491418
29.7732 0.0527491
29.7756 0.0516555
29.778 0.0505735
29.8141 0.0540018
29.8165 0.0526266
29.8189 0.0514233
29.8213 0.0504954
29.8562 0.0494335
29.8586 0.0485043
29.861 0.0476912
29.8634 0.0469798
29.8983 0.0463574
29.9007 0.0458127
29.9031 0.0454611
29.9055 0.0454035
29.9396 0.049228
29.9419 0.0484495
29.9443 0.0478933
29.9467 0.0472817
29.9808 0.0507465
29.9832 0.0499031
29.9856 0.0491653
29.988 0.0483946
30.0217 0.0517203
30.0241 0.0507552
30.0265 0.0497858
30.0289 0.0489376
30.0313 0.0483204
30.0638 0.0475304
30.0662 0.0468391
30.0686 0.0462342
30.071 0.0458299
30.0734 0.0453512
