0.0 0
0.0262165 1440
0.0551493 2880
0.0852341 4320
0.115319 5760
0.146614 2880
0.204437 3600
0.234522 4176
0.264607 4672
0.294692 5115
0.323581 5520
0.352471 5895
0.381361 6246
0.383751 6577
0.411445 6892
0.413836 7192
0.44153 7480
0.44392 7757
0.471615 8024
0.474005 8282
0.500504 8532
0.502895 8775
0.529602 9011
0.531992 9241
0.534383 9465
0.559687 9684
0.562077 9898
0.564523 10107
0.589772 10312
0.592162 10513
0.594607 10710
0.618661 10903
0.621052 11093
0.623497 11279
0.647918 11462
0.650308 11642
0.652699 11820
0.676807 11995
0.679198 12167
0.682798 12337
0.705712 4320
0.742983 4800
0.772218 5232
0.801108 5628
0.829998 5996
0.859186 6341
0.861576 6668
0.889348 6978
0.891738 7275
0.919433 7560
0.921823 7834
0.948322 8098
0.950713 8354
0.977212 8602
0.979639 8843
1.00648 9077
1.00887 9305
1.01126 9527
1.03656 9744
1.03895 9956
1.04134 10164
1.06665 10368
1.06904 10568
1.07143 10764
1.09554 10956
1.09793 11145
1.10032 11331
1.1248 11514
1.12719 11694
1.12958 11871
1.15369 12045
1.15608 12217
1.15847 12386
1.16086 12553
1.18378 12718
1.18617 12881
1.18856 13041
1.19095 13200
1.21386 13357
1.21625 13512
1.21864 13665
1.22103 13816
1.24313 13966
1.24552 14114
1.24791 14260
1.2503 14405
1.27202 14548
1.27441 14690
1.2768 14831
1.27919 14970
1.28158 15108
1.3021 15245
1.30449 15381
1.30688 15515
1.30927 15648
1.31166 15780
1.33219 15911
1.33458 16041
1.33697 16170
1.33936 16298
1.34175 16425
1.36265 16551
1.36504 16676
1.36743 16800
1.36982 16923
1.37221 17045
1.39154 17166
1.39393 17286
1.39632 17405
1.39871 17524
1.4011 17642
1.42043 17759
1.42282 17875
1.42521 17991
1.4276 18106
1.42999 18220
1.43238 18333
1.45051 18446
1.4529 18558
1.45529 18669
1.45768 18780
1.46007 18890
1.46246 18999
1.48097 19108
1.48336 19216
1.48575 19323
1.48814 19430
1.49053 19536
1.49292 19642
1.50986 19747
1.51225 19852
1.51464 19956
1.51703 20059
1.51942 20162
1.52186 20264
1.53875 20366
1.54114 20467
1.54353 20568
1.54592 20668
1.54831 20768
1.5507 20867
1.55309 20966
1.56884 21064
1.57123 21162
1.57362 21259
1.57601 21356
1.5784 21453
1.58079 21549
1.58318 21645
1.59892 21740
1.60131 21835
1.60402 21929
1.60641 22023
1.6088 22117
1.61119 22210
1.61358 22303
1.62781 22395
1.6302 22487
1.63291 22579
1.6353 22670
1.63769 22761
1.64008 22852
1.64247 22942
1.65699 23032
1.65938 23122
1.6618 23211
1.66419 23300
1.66658 23388
1.66897 23476
1.67136 23564
1.68588 23651
1.68827 23738
1.69066 23825
1.69307 23912
1.69546 23998
1.69785 24084
1.70024 24170
1.70263 24255
1.71596 24340
1.71835 24425
1.72074 24509
1.72315 24593
1.72554 24677
1.72793 24761
1.73032 24844
1.73271 24927
1.74605 25010
1.74844 25092
1.75083 25174
1.75322 25256
1.75561 25338
1.758 25419
1.76039 25500
1.76278 25581
1.77494 25662
1.77733 25742
1.77972 25822
1.78211 25902
1.7845 25982
1.78689 26061
1.78928 26140
1.79167 26219
1.8041 26298
1.80649 26376
1.80888 26454
1.81129 26532
1.81368 26610
1.81818 11520
1.86908 11700
1.87147 11877
1.87386 12051
1.87625 12223
1.89917 12392
1.90156 12559
1.90395 12724
1.90634 12886
1.92925 13046
1.93164 13204
1.93403 13361
1.93642 13516
1.95934 13669
1.96173 13820
1.96412 13970
1.96651 14118
1.98823 14264
1.99062 14409
1.99334 14552
1.99574 14694
2.01712 14835
2.01951 14974
2.0219 15112
2.02429 15249
2.02668 15384
2.0472 15518
2.04959 15651
2.05198 15783
2.05437 15914
2.05676 16044
2.07729 16173
2.07968 16301
2.08207 16428
2.08446 16554
2.08685 16679
2.10618 16803
2.10857 16926
2.11144 17048
2.11383 17169
2.11622 17289
2.13506 17408
2.13746 17527
2.14033 17645
2.14272 17762
2.14511 17878
2.1475 17993
2.16515 18108
2.16754 18222
2.17042 18335
2.17281 18448
2.1752 18560
2.17759 18671
2.1956 18782
2.19799 18892
2.2005 19001
2.20289 19110
2.20528 19218
2.20767 19325
2.22608 19432
2.22847 19538
2.23086 19644
2.23325 19749
2.23564 19853
2.23803 19957
2.25497 20060
2.25736 20163
2.25975 20265
2.26214 20367
2.26456 20468
2.26697 20569
2.28386 20669
2.28625 20769
2.28864 20868
2.29103 20967
2.29342 21065
2.29581 21163
2.2982 21260
2.31394 21357
2.31633 21454
2.31872 21550
2.32111 21646
2.3235 21741
2.3259 21836
2.32829 21930
2.34425 22024
2.34664 22118
2.34903 22211
2.35142 22304
2.35382 22396
2.35621 22488
2.3586 22580
2.37314 22671
2.37553 22762
2.37792 22853
2.38031 22943
2.3827 23033
2.38509 23123
2.38749 23212
2.40203 23301
2.40442 23389
2.40681 23477
2.4092 23565
2.41159 23652
2.41398 23739
2.41637 23826
2.41877 23913
2.43212 23999
2.43451 24085
2.4369 24171
2.43929 24256
2.44168 24341
2.44407 24426
2.44646 24510
2.44885 24594
2.4622 24678
2.46459 24762
2.46698 24845
2.46937 24928
2.47176 25011
2.47415 25093
2.47654 25175
2.47893 25257
2.49109 25339
2.49348 25420
2.49587 25501
2.49826 25582
2.50065 25663
2.50304 25743
2.50543 25823
2.50782 25903
2.51998 25983
2.52237 26062
2.52502 26141
2.52741 26220
2.5298 26299
2.53219 26377
2.53458 26455
2.53697 26533
2.54887 26611
2.55126 26688
2.55365 26765
2.55604 26842
2.55843 26919
2.56082 26996
2.56326 27072
2.56565 27148
2.56804 27224
2.57926 27300
2.58165 27375
2.58404 27450
2.58643 27525
2.58882 27600
2.59121 27675
2.59373 27749
2.59612 27823
2.59851 27897
2.60935 27971
2.61174 28045
2.61413 28118
2.61652 28191
2.61891 28264
2.6213 28337
2.62369 28410
2.62608 28482
2.62847 28554
2.63944 28626
2.64184 12240
2.6851 12409
2.68749 12576
2.6988 12740
2.70119 12902
2.71519 13062
2.71759 13220
2.72889 13376
2.73128 13531
2.74527 13684
2.74769 13835
2.75807 13984
2.76046 14132
2.77416 14278
2.77658 14423
2.78735 14566
2.78976 14708
2.80305 14848
2.80547 14987
2.80786 15125
2.81744 15262
2.82018 15397
2.83344 15531
2.83594 15664
2.83833 15796
2.84752 15927
2.85027 16057
2.86352 16186
2.8691 6480
2.92408 6800
2.92688 7104
2.95451 7395
2.95697 7675
2.9846 7945
2.98699 8205
3.01349 8457
3.01625 8702
3.04238 8940
3.04514 9171
3.04753 9397
3.07246 9617
3.07522 9832
3.07761 10042
3.10255 10248
3.1056 10450
3.10799 10648
3.13289 10842
3.13528 11033
3.13767 11220
3.16178 11404
3.16417 11585
3.16656 11763
3.19067 11939
3.19306 12112
3.19545 12283
3.19784 12451
3.22076 12617
3.22315 12781
3.22554 12943
3.22793 13103
3.25084 13261
3.25323 13417
3.25562 13571
3.25801 13723
3.27973 13874
3.28212 14023
3.28451 14170
3.2869 14316
3.30862 14460
3.31101 14603
3.3134 14744
3.31579 14884
3.33751 15023
3.3399 15161
3.34229 15297
3.34502 15432
3.34741 15566
3.36759 15699
3.36998 15831
3.37237 15961
3.3751 16090
3.37749 16218
3.39795 16345
3.40034 16471
3.40273 16596
3.40512 16720
3.40751 16844
3.42684 16967
3.42923 17089
3.43162 17210
3.43401 17330
3.43644 17449
3.45573 17567
3.45812 17685
3.46051 17802
3.4629 17918
3.46529 18033
3.46768 18147
3.48582 18261
3.48821 18374
3.4906 18486
3.49299 18598
3.49538 18709
3.49777 18819
3.5159 18929
3.51829 19038
3.52068 19146
3.52307 19254
3.52546 19361
3.52785 19468
3.54502 19574
3.54741 19679
3.5498 19784
3.55219 19888
3.55458 19992
3.55697 20095
3.57391 20198
3.5763 20300
3.57869 20402
3.58108 20503
3.58347 20604
3.58586 20704
3.6052 8640
3.64485 8880
3.6608 9113
3.66319 9340
3.67493 9562
3.69089 9778
3.69328 9990
3.70502 10197
3.72097 10400
3.72336 10599
3.7351 10794
3.74986 10986
3.75225 11174
3.76399 11359
3.77897 11541
3.78137 11720
3.79288 11896
3.80786 12070
3.81025 12241
3.81265 12410
3.82297 12577
3.83795 12741
3.84034 12903
3.84273 13063
3.85352 13221
3.86803 13377
3.87057 13532
3.87296 13685
3.88241 13836
3.89692 13985
3.89946 14133
3.90185 14279
3.9113 14424
3.92607 14567
3.92846 14709
3.93085 14849
3.94019 14988
3.94258 15126
3.95616 15263
3.95855 15398
3.96094 15532
3.97027 15665
3.97266 15797
3.98624 15928
3.98871 16058
3.9911 16187
4.00036 16315
4.00275 16442
4.01633 16568
4.01872 16693
4.02111 16817
4.02925 16940
4.03194 17062
4.04521 17183
4.04761 17303
4.05 17422
4.05814 17541
4.06083 17659
4.0741 17776
4.07649 17892
4.07889 18007
4.08128 18122
4.08822 18236
4.09092 18349
4.10451 18462
4.1069 18574
4.10929 18685
4.11168 18795
4.11831 18905
4.121 19014
4.13459 19123
4.13698 19231
4.13938 19338
4.14177 19445
4.14777 19551
4.15016 19657
4.16348 19762
4.16587 19866
4.16826 19970
4.17066 20073
4.17666 20176
4.17905 20278
4.19237 20380
4.19715 20481
4.19954 20582
4.20555 20682
4.20794 20782
4.21033 20881
4.22272 20980
4.22724 21078
4.22963 21176
4.23202 21273
4.23564 21370
4.23803 21467
4.24042 21563
4.2528 21659
4.25732 21754
4.25971 21849
4.2621 21943
4.26572 22037
4.26811 22131
4.2705 22224
4.28289 22317
4.28621 22409
4.28894 22501
4.29133 22593
4.29461 22684
4.297 22775
4.29939 22866
4.31178 22956
4.3151 23046
4.31783 23135
4.32022 23224
4.3235 23313
4.32589 23401
4.32868 23489
4.34066 23577
4.34399 23664
4.34638 23751
4.34877 23838
4.35116 23924
4.35359 24010
4.35598 24096
4.35877 24182
4.37075 24267
4.37408 24352
4.37647 24437
4.37886 24521
4.38125 24605
4.38367 24689
4.38606 24772
4.38885 24855
4.40083 24938
4.40416 25021
4.40655 25103
4.40894 25185
4.41133 25267
4.41372 25349
4.41611 25430
4.4185 25511
4.42972 25592
4.43305 25673
4.43544 25753
4.43783 25833
4.44054 25913
4.44294 25993
4.44533 26072
4.44772 26151
4.45861 26230
4.46194 26309
4.46433 26387
4.46672 26465
4.46943 26543
4.47182 26621
4.47422 26698
4.47661 26775
4.479 26852
4.4887 26929
4.49203 27006
4.49442 27082
4.49681 27158
4.49952 27234
4.50191 27310
4.5043 27385
4.50669 27460
4.50908 27535
4.51878 27610
4.52228 27685
4.52471 27759
4.5271 27833
4.52997 27907
4.53236 27981
4.53475 28055
4.53714 28128
4.53953 28201
4.54767 28274
4.55117 28347
4.55397 28420
4.55636 28492
4.55926 28564
4.56165 28636
4.56404 28708
4.56643 28780
4.56882 28852
4.57656 28923
4.58006 28994
4.58286 29065
4.58525 29136
4.58815 29207
4.59054 29277
4.59293 29347
4.59532 29417
4.59771 29487
4.6001 29557
4.60692 29627
4.61051 29696
4.61294 29765
4.61534 29834
4.61823 29903
4.62062 29972
4.62301 30041
4.6254 30110
4.62779 30178
4.63018 30246
4.63701 30314
4.64059 30382
4.64303 30450
4.64542 30518
4.64854 30585
4.65093 30652
4.65332 30719
4.65571 30786
4.6581 30853
4.6605 30920
4.6659 30987
4.66948 31053
4.67192 31119
4.67431 31185
4.67743 31251
4.67982 31317
4.68221 31383
4.6846 31449
4.68699 31514
4.68938 31579
4.69501 31644
4.69837 31709
4.70081 31774
4.70358 31839
4.70632 31904
4.70871 31968
4.7111 32032
4.71349 32096
4.71588 32160
4.71827 32224
4.7239 32288
4.72726 32352
4.72988 32416
4.73231 32479
4.73472 32542
4.73711 32605
4.7395 32668
4.74189 32731
4.74428 32794
4.74667 32857
4.74906 32920
4.75398 32982
4.75734 33044
4.75996 33106
4.7624 33168
4.7648 33230
4.76719 33292
4.76959 33354
4.77198 33416
4.77437 33478
4.77682 33539
4.77921 33600
4.78407 33661
4.78743 33722
4.79005 33783
4.79248 33844
4.79487 33905
4.79726 33966
4.79966 34027
4.80205 34087
4.80444 34147
4.80922 34207
4.81296 34267
4.81632 34327
4.8193 34387
4.82176 34447
4.82415 34507
4.82654 34567
4.82893 34626
4.83132 34685
4.83371 34744
4.83849 34803
4.84088 34862
4.84327 34921
4.84566 34980
4.84819 35039
4.85065 35098
4.85304 35157
4.85543 35215
4.85782 35273
4.86021 35331
4.8626 35389
4.86499 35447
4.86857 35505
4.87096 35563
4.87335 35621
4.87574 35679
4.87828 35737
4.88073 35795
4.88312 35852
4.88551 35909
4.8879 35966
4.89029 36023
4.89268 36080
4.89507 36137
4.89866 36194
4.9011 36251
4.90349 36308
4.90588 36365
4.90871 36422
4.9111 36478
4.91349 36534
4.91588 36590
4.91827 36646
4.92066 36702
4.92305 36758
4.92544 36814
4.92784 36870
4.93023 36926
4.93262 36982
4.93501 37038
4.9376 37093
4.93999 37148
4.94238 37203
4.94477 37258
4.94716 37313
4.94955 37368
4.95195 37423
4.95434 37478
4.95673 37533
4.95912 37588
4.96151 37643
4.9639 37698
4.96649 37753
4.96888 37807
4.97127 37861
4.97366 37915
4.97605 37969
4.97844 38023
4.98083 38077
4.98326 38131
4.98565 38185
4.98804 38239
4.99043 38293
4.99282 38347
4.99521 38401
4.9976 38454
4.99999 38507
5.00238 38560
5.00477 38613
5.00716 38666
5.00955 38719
5.01194 38772
5.01433 38825
5.01672 38878
5.01911 38931
5.0215 38984
5.02389 39037
5.02654 39090
5.02893 39143
5.03132 39195
5.03371 39247
5.0361 39299
5.03849 39351
5.043 18000
5.09101 18115
5.0934 18229
5.09579 18342
5.09818 18455
5.10057 18567
5.10296 18678
5.1211 18789
5.12349 18899
5.12588 19008
5.12827 19117
5.13066 19225
5.13305 19332
5.15118 19439
5.15357 19545
5.15596 19651
5.15835 19756
5.16074 19860
5.16313 19964
5.18007 20067
5.18246 20170
5.18485 20272
5.18724 20374
5.18963 20475
5.19202 20576
5.20896 20676
5.21135 20776
5.21374 20875
5.21613 20974
5.21852 21072
5.22091 21170
5.2233 21267
5.23905 21364
5.24144 21461
5.24383 21557
5.24861 21653
5.251 21748
5.25339 21843
5.26913 21937
5.27152 22031
5.27391 22125
5.27869 22218
5.28112 22311
5.28351 22403
5.2859 22495
5.29802 22587
5.30041 22678
5.3028 22769
5.30758 22860
5.31 22950
5.3124 23040
5.31479 23130
5.32717 23219
5.32956 23308
5.33195 23396
5.33647 23484
5.33889 23572
5.34128 23659
5.34368 23746
5.34607 23833
5.35725 23920
5.35966 24006
5.36205 24092
5.36656 24178
5.36898 24263
5.37137 24348
5.37376 24433
5.37615 24517
5.38734 24601
5.38974 24685
5.39213 24769
5.39664 24852
5.39934 24935
5.40173 25018
5.40412 25100
5.40651 25182
5.41623 25264
5.41863 25346
5.42102 25427
5.42553 25508
5.42823 25589
5.43062 25670
5.43301 25750
5.4354 25830
5.44512 25910
5.44752 25990
5.44991 26069
5.45442 26148
5.45712 26227
5.45951 26306
5.4619 26384
5.46429 26462
5.47401 26540
5.47641 26618
5.4788 26695
5.48119 26772
5.48471 26849
5.4872 26926
5.48959 27003
5.49198 27079
5.49437 27155
5.50436 27231
5.50676 27307
5.50915 27382
5.51154 27457
5.51479 27532
5.51768 27607
5.52008 27682
5.52247 27756
5.52486 27830
5.53445 27904
5.53684 27978
5.53923 28052
5.54162 28125
5.54401 28198
5.54657 28271
5.54896 28344
5.55136 28417
5.55375 28489
5.56334 28561
5.56573 28633
5.56812 28705
5.57051 28777
5.5729 28849
5.57546 28920
5.57785 28991
5.58053 29062
5.58292 29133
5.59223 29204
5.59462 29275
5.59701 29345
5.5994 29415
5.60179 29485
5.60418 29555
5.60657 29625
5.60896 29694
5.61135 29763
5.61374 29832
5.62231 29901
5.6247 29970
5.62709 30039
5.62985 30108
5.63224 30176
5.63463 30244
5.63702 30312
5.63941 30380
5.6418 30448
5.64419 30516
5.6524 30583
5.65479 30650
5.65718 30717
5.66026 30784
5.66265 30851
5.66504 30918
5.66743 30985
5.67221 31051
5.6746 31117
5.68129 31183
5.68368 31249
5.68607 31315
5.68915 31381
5.69198 31447
5.69447 31512
5.69686 31577
5.70126 31642
5.70365 31707
5.70604 31772
5.71018 31837
5.71257 31902
5.71496 31966
5.71804 32030
5.72087 32094
5.72336 32158
5.72575 32222
5.73015 32286
5.73526 14400
5.78141 14544
5.7838 14686
5.78794 14827
5.79067 14966
5.79306 15104
5.81149 15241
5.81388 15377
5.81802 15511
5.8211 15644
5.82349 15776
5.84193 15907
5.84432 16037
5.84811 16166
5.85119 16294
5.8536 16421
5.87202 16547
5.87562 16672
5.87821 6480
5.93496 6800
5.93735 7104
5.96504 7395
5.96744 7675
5.99545 7945
5.99784 8205
6.02434 8457
6.02673 8702
6.05323 8940
6.05562 9171
6.05801 9397
6.0837 9617
6.08609 9832
6.08848 10042
6.11378 10248
6.11651 10450
6.1189 10648
6.14387 10842
6.14626 11033
6.14865 11220
6.17276 11404
6.17515 11585
6.17754 11763
6.20165 11939
6.20404 12112
6.20643 12283
6.20882 12451
6.23173 12617
6.23412 12781
6.23651 12943
6.2389 13103
6.26181 13261
6.26421 13417
6.2666 13571
6.26899 13723
6.2907 13874
6.29309 14023
6.29549 14170
6.29788 14316
6.31959 14460
6.32198 14603
6.32437 14744
6.32677 14884
6.34848 15023
6.35087 15161
6.35326 15297
6.35565 15432
6.35805 15566
6.37857 15699
6.38096 15831
6.38335 15961
6.38574 16090
6.38813 16218
6.40865 16345
6.41104 16471
6.41376 16596
6.41615 16720
6.41854 16844
6.43754 16967
6.43993 17089
6.44265 17210
6.44504 17330
6.44743 17449
6.46643 17567
6.46882 17685
6.47153 17802
6.47393 17918
6.47632 18033
6.47871 18147
6.49668 18261
6.49907 18374
6.50162 18486
6.50401 18598
6.5064 18709
6.50879 18819
6.52697 18929
6.52936 19038
6.53175 19146
6.53414 19254
6.53653 19361
6.53892 19468
6.55586 19574
6.55825 19679
6.56064 19784
6.56303 19888
6.56542 19992
6.56807 20095
6.58475 20198
6.58714 20300
6.58953 20402
6.59192 20503
6.59431 20604
6.59696 20704
6.61387 20804
6.61626 20903
6.61865 21002
6.62104 21100
6.62343 21198
6.62582 21295
6.62821 21392
6.64395 21488
6.64634 21584
6.64873 21680
6.65112 21775
6.65351 21870
6.6559 21964
6.65829 22058
6.67404 22152
6.67643 22245
6.67882 22338
6.68121 22430
6.6836 22522
6.68599 22614
6.68838 22705
6.70293 22796
6.70532 22886
6.70771 22976
6.7101 23066
6.71249 23155
6.71488 23244
6.71727 23333
6.73181 23421
6.73421 23509
6.7366 23597
6.73899 23684
6.74138 23771
6.74377 23858
6.74616 23944
6.74855 24030
6.76213 24116
6.76452 24201
6.76691 24286
6.7693 24371
6.77169 24456
6.77408 24540
6.77647 24624
6.77886 24708
6.79221 24791
6.7946 24874
6.79699 24957
6.79938 25040
6.80177 25122
6.80416 25204
6.80655 25286
6.80894 25368
6.8211 25449
6.82349 25530
6.82588 25611
6.82827 25691
6.83066 25771
6.83308 25851
6.83547 25931
6.83786 26010
6.84999 26089
6.85238 26168
6.85477 26247
6.85716 26326
6.85955 26404
6.86197 26482
6.86436 26560
6.86675 26638
6.86914 26715
6.88007 26792
6.88246 26869
6.88485 26946
6.88725 27022
6.88964 27098
6.89206 27174
6.89445 27250
6.89684 27326
6.89923 27401
6.91042 27476
6.9152 27551
6.91759 27626
6.91998 27701
6.92237 27775
6.92476 27849
6.92715 27923
6.92954 27997
6.93931 28071
6.94409 28144
6.94648 28217
6.94887 28290
6.95129 28363
6.95368 28436
6.95621 28508
6.9586 28580
6.96099 28652
6.9682 28724
6.97298 28796
6.97537 28868
6.97776 28939
6.98018 29010
6.98257 29081
6.9851 29152
6.98749 29223
6.98988 29293
6.99709 29363
7.00187 29433
7.00426 29503
7.00665 29573
7.00904 29643
7.01143 29712
7.01382 29781
7.01621 29850
7.0186 29919
7.02099 29988
7.02757 30057
7.03197 30125
7.03436 30193
7.03914 30261
7.04153 30329
7.04392 30397
7.04631 30465
7.0487 30533
7.05109 30600
7.05765 30667
7.06205 30734
7.06444 30801
7.06927 30868
7.07166 30935
7.07405 31002
7.07644 31068
7.07883 31134
7.08122 31200
7.08361 31266
7.08654 31332
7.09094 31398
7.09333 31464
7.09816 31529
7.10055 31594
7.10294 31659
7.10533 31724
7.10772 31789
7.11016 31854
7.11255 31919
7.11543 31983
7.11983 32047
7.12222 32111
7.12705 32175
7.12944 32239
7.13183 32303
7.13422 32367
7.13661 32431
7.139 32494
7.1438 14400
7.19202 14544
7.19441 14686
7.1968 14827
7.1992 14966
7.20161 15104
7.2221 15241
7.22449 15377
7.22688 15511
7.22929 15644
7.23169 15776
7.25218 15907
7.25458 16037
7.25727 16166
7.25966 16294
7.26205 16421
7.28227 16547
7.28705 16672
7.28944 16796
7.29183 16919
7.31116 17041
7.31594 17162
7.31833 17282
7.32072 17401
7.32311 17520
7.34025 17638
7.34483 17755
7.34722 17871
7.34961 17987
7.352 18102
7.35439 18216
7.37033 18329
7.37513 18442
7.37752 18554
7.37991 18665
7.38233 18776
7.38472 18886
7.40042 18995
7.40521 19104
7.4076 19212
7.40999 19319
7.41281 19426
7.4152 19532
7.4293 19638
7.4341 19743
7.43649 19848
7.43888 19952
7.4417 20055
7.44409 20158
7.45819 20260
7.46299 20362
7.46538 20463
7.46777 20564
7.47059 20664
7.47298 20764
7.48708 20863
7.48947 20962
7.49308 21060
7.49547 21158
7.49786 21256
7.50068 21353
7.50307 21450
7.51755 21546
7.51994 21642
7.52316 21737
7.52555 21832
7.52794 21926
7.53076 22020
7.53315 22114
7.54764 22207
7.55003 22300
7.55242 22392
7.55486 22484
7.55725 22576
7.55965 22667
7.56204 22758
7.57653 22849
7.57892 22939
7.58163 23029
7.58402 23119
7.58641 23208
7.5888 23297
7.59119 23386
7.60542 23474
7.60781 23562
7.61052 23650
7.61291 23737
7.6153 23824
7.61769 23911
7.62008 23997
7.62247 24083
7.63582 24169
7.63821 24254
7.6406 24339
7.64299 24424
7.64538 24508
7.64777 24592
7.65016 24676
7.65255 24760
7.66591 24843
7.6683 24926
7.67069 25009
7.67308 25091
7.67547 25173
7.67786 25255
7.68025 25337
7.68264 25418
7.6948 25499
7.69719 25580
7.69958 25661
7.70197 25741
7.70436 25821
7.70675 25901
7.70917 25981
7.71156 26060
7.72369 26139
7.72608 26218
7.72847 26297
7.73086 26375
7.73325 26453
7.73564 26531
7.73806 26609
7.74045 26686
7.74284 26763
7.75404 26840
7.75643 26917
7.75882 26994
7.76122 27070
7.76361 27146
7.766 27222
7.76839 27298
7.77078 27373
7.77317 27448
7.78413 27523
7.78652 27598
7.78891 27673
7.79135 27747
7.79374 27821
7.79613 27895
7.79852 27969
7.80091 28043
7.8033 28116
7.81302 28189
7.81541 28262
7.8178 28335
7.82024 28408
7.82263 28480
7.82502 28552
7.82741 28624
7.8298 28696
7.84312 11520
7.8868 11700
7.88919 11877
7.89996 12051
7.9133 12223
7.91728 12392
7.91967 12559
7.93005 12724
7.94338 12886
7.94736 13046
7.94975 13204
7.96013 13361
7.97374 13516
7.97745 13669
7.97987 13820
7.98902 13970
8.00301 14118
8.00634 14264
8.00876 14409
8.01796 14552
8.0319 14694
8.03523 14835
8.03765 14974
8.04033 15112
8.04827 15249
8.06199 15384
8.06531 15518
8.06774 15651
8.07042 15783
8.07835 15914
8.09273 16044
8.0954 16173
8.09782 16301
8.1005 16428
8.10844 16554
8.12162 16679
8.12448 16803
8.12687 16926
8.12939 17048
8.13733 17169
8.1509 17289
8.15337 17408
8.15576 17527
8.15828 17645
8.16649 17762
8.17979 17878
8.18218 17993
8.18458 18108
8.18697 18222
8.18936 18335
8.19658 18448
8.20988 18560
8.21227 18671
8.21466 18782
8.21705 18892
8.21944 19001
8.22666 19110
8.24025 19218
8.24264 19325
8.24503 19432
8.24742 19538
8.24982 19644
8.25555 19749
8.26914 19853
8.27153 19957
8.27392 20060
8.27631 20163
8.2787 20265
8.28444 20367
8.29843 20468
8.30082 20569
8.30321 20669
8.3056 20769
8.30799 20868
8.31038 20967
8.31452 21065
8.32852 21163
8.33121 21260
8.3336 21357
8.33599 21454
8.33838 21550
8.34077 21646
8.34461 21741
8.3586 21836
8.3613 21930
8.36369 22024
8.36608 22118
8.36847 22211
8.37086 22304
8.3737 22396
8.38776 22488
8.39019 22580
8.39258 22671
8.39497 22762
8.39736 22853
8.39975 22943
8.40258 23033
8.41665 23123
8.41911 23212
8.4215 23301
8.42389 23389
8.42628 23477
8.42867 23565
8.43147 23652
8.44554 23739
8.44793 23826
8.45032 23913
8.45271 23999
8.45546 24085
8.45785 24171
8.46024 24256
8.46263 24341
8.47563 24426
8.47802 24510
8.48041 24594
8.4828 24678
8.48554 24762
8.4904 24845
8.49279 24928
8.50571 25011
8.5081 25093
8.51049 25175
8.51288 25257
8.51527 25339
8.51929 25420
8.52168 25501
8.52407 25582
8.5346 25663
8.53699 25743
8.53963 25823
8.54202 25903
8.54441 25983
8.54833 26062
8.55072 26141
8.55311 26220
8.56349 26299
8.5661 26377
8.56852 26455
8.57091 26533
8.57348 26611
8.57587 26688
8.57851 26765
8.58093 26842
8.58332 26919
8.59358 26996
8.59618 27072
8.59868 27148
8.60107 27224
8.60357 27300
8.60596 27375
8.60896 27450
8.61135 27525
8.61374 27600
8.62383 27675
8.62659 27749
8.62898 27823
8.63137 27897
8.63376 27971
8.63615 28045
8.63854 28118
8.64093 28191
8.64332 28264
8.65272 28337
8.65547 28410
8.65787 28482
8.66032 28554
8.66272 28626
8.66512 28698
8.66751 28770
8.6699 28842
8.67229 28913
8.68161 28984
8.68449 29055
8.68688 29126
8.68954 29197
8.69194 29268
8.69436 29338
8.69675 29408
8.69914 29478
8.70153 29548
8.70392 29618
8.71182 29688
8.71457 29757
8.71696 29826
8.71963 29895
8.72202 29964
8.72444 30033
8.72683 30102
8.72922 30170
8.73161 30238
8.734 30306
8.74202 30374
8.74466 30442
8.74705 30510
8.74991 30577
8.75231 30644
8.7547 30711
8.75709 30778
8.75948 30845
8.76187 30912
8.76426 30979
8.77091 31045
8.77355 31111
8.77594 31177
8.77891 31243
8.7813 31309
8.78369 31375
8.78608 31441
8.78847 31506
8.79086 31571
8.79325 31636
8.7998 31701
8.80244 31766
8.80483 31831
8.8078 31896
8.81019 31961
8.81258 32025
8.81497 32089
8.81736 32153
8.81975 32217
8.82214 32281
8.82886 32345
8.83126 32409
8.83365 32472
8.83604 32535
8.83843 32598
8.84083 32661
8.84322 32724
8.84561 32787
8.848 32850
8.85039 32913
8.85278 32976
8.85894 33038
8.86135 33100
8.86374 33162
8.86613 33224
8.86852 33286
8.87094 33348
8.87375 33410
8.87614 33472
8.87853 33533
8.88092 33594
8.88331 33655
8.88903 33716
8.89143 33777
8.89382 33838
8.89621 33899
8.8986 33960
8.90099 34021
8.90339 34081
8.90578 34141
8.90817 34201
8.91103 34261
8.91343 34321
8.91792 34381
8.92032 34441
8.92271 34501
8.9251 34561
8.92749 34620
8.92988 34679
8.93227 34738
8.93467 34797
8.93706 34856
8.93992 34915
8.94231 34974
8.94681 35033
8.94921 35092
8.9516 35151
8.95399 35209
8.95638 35267
8.95877 35325
8.96116 35383
8.96355 35441
8.96595 35499
8.96834 35557
8.97073 35615
8.97312 35673
8.97713 35731
8.97952 35789
8.98191 35846
8.9843 35903
8.98669 35960
8.98908 36017
8.99147 36074
8.99387 36131
8.99626 36188
8.99865 36245
9.00104 36302
9.00343 36359
9.00722 36416
9.00961 36472
9.012 36528
9.01439 36584
9.01678 36640
9.01917 36696
9.02156 36752
9.02415 36808
9.02655 36864
9.02894 36920
9.03133 36976
9.03372 37032
9.03611 37087
9.0385 37142
9.04089 37197
9.04328 37252
9.04567 37307
9.04806 37362
9.05045 37417
9.05304 37472
9.05566 37527
9.05805 37582
9.06044 37637
9.06283 37692
9.06522 37747
9.06761 37801
9.07 37855
9.07239 37909
9.07478 37963
9.07717 38017
9.07956 38071
9.08219 38125
9.08458 38179
9.08697 38233
9.08936 38287
9.09175 38341
9.0951 38395
9.09749 17280
10.1276 1440
10.3854 2880
10.4157 4320
10.4458 5760
10.4747 7200
10.4771 8640
10.4771 8880
10.5048 9113
10.5072 9340
10.5096 9562
10.5349 9778
10.5372 9990
10.5396 10197
10.5649 10400
10.5673 10599
10.5697 10794
10.5938 10986
10.5962 11174
10.5986 11359
10.6227 11541
10.6255 11720
10.6278 11896
10.6516 12070
10.654 12241
10.6564 12410
10.6588 12577
10.6817 12741
10.6841 12903
10.6865 13063
10.6889 13221
10.7118 13377
10.7142 13532
10.7166 13685
10.719 13836
10.7408 13985
10.7432 14133
10.7456 14279
10.748 14424
10.7697 14567
10.7721 14709
10.7745 14849
10.7769 14988
10.7986 15126
10.801 5760
10.8579 6120
10.8602 6458
10.8879 6779
10.8907 7084
10.918 7376
10.9208 7657
10.9481 7927
10.9505 8188
10.977 8441
10.9794 8686
11.0059 8924
11.0083 9156
11.0107 9382
11.0363 9603
11.0387 9818
11.0411 10029
11.0664 10235
11.0688 10437
11.0712 10635
11.0965 10829
11.0989 11020
11.1012 11208
11.1254 11393
11.1277 11575
11.1301 11754
11.1544 11930
11.1568 12103
11.1592 12274
11.1616 12442
11.1845 12608
11.1869 12772
11.1893 12934
11.1916 13094
11.2145 13252
11.2169 13408
11.2193 13562
11.2217 13714
11.2437 13865
11.2461 14014
11.2485 14161
11.2509 14307
11.2726 14451
11.275 14594
11.2774 14736
11.2798 14876
11.3015 15015
11.3063 5760
11.3617 6120
11.3641 6458
11.3918 6779
11.3942 7084
11.4219 7376
11.4243 7657
11.4523 7927
11.4547 8188
11.4812 8441
11.4836 8686
11.5101 8924
11.5125 9156
11.5149 9382
11.5403 9603
11.5427 9818
11.5451 10029
11.5704 10235
11.5728 10437
11.5752 10635
11.6004 10829
11.6028 11020
11.6052 11208
11.6293 11393
11.6317 11575
11.6341 11754
11.6585 11930
11.6609 12103
11.6633 12274
11.6657 12442
11.6886 12608
11.691 12772
11.6934 12934
11.6958 13094
11.7191 13252
11.7215 13408
11.7239 13562
11.7263 13714
11.748 13865
11.7504 14014
11.7528 14161
11.7551 14307
11.7769 14451
11.7793 14594
11.7816 14736
11.784 14876
11.8058 15015
11.8081 15153
11.8105 15289
11.8129 15424
11.8153 15558
11.8358 15691
11.8385 15823
11.8409 15954
11.8433 16083
11.8457 16211
11.8659 16338
11.869 16464
11.8714 16589
11.8738 16713
11.8762 16837
11.895 16960
11.8979 17082
11.9005 17203
11.9029 17323
11.9053 17442
11.9239 17560
11.9271 17678
11.9295 17795
11.9319 17911
11.9343 18026
11.9367 18141
11.9544 18255
11.9572 18368
11.9596 18480
11.9623 18592
11.9647 18703
11.9671 18813
11.9844 18923
11.9877 19032
11.9901 19140
11.9924 19248
11.9948 19355
11.9972 19462
12.0133 19568
12.0166 19673
12.0189 19778
12.0213 19882
12.0237 19986
12.0422 7920
12.083 8181
12.0855 8434
12.1119 8679
12.1144 8917
12.1408 9149
12.1432 9375
12.1456 9596
12.1713 9812
12.1736 10023
12.176 10229
12.2017 10431
12.2041 10629
12.2065 10824
12.2309 11015
12.2332 11203
12.2356 11388
12.2597 11570
12.2621 11749
12.2645 11925
12.2886 12098
12.291 12269
12.2934 12438
12.2958 12604
12.3187 12768
12.3211 12930
12.3235 13090
12.3259 13248
12.3488 13404
12.3512 13558
12.3536 13710
12.356 13861
12.3777 14010
12.3801 14158
12.3829 14304
12.3853 14448
12.4068 14591
12.4092 14733
12.4118 14873
12.4142 15012
12.4166 15150
12.4369 15286
12.4393 15421
12.4443 15555
12.4466 15688
12.467 15820
12.4694 15951
12.4743 16080
12.4767 16208
12.4791 16335
12.4971 16461
12.4995 16586
12.5032 16711
12.5056 16835
12.508 16958
12.526 17080
12.5284 17201
12.5321 17321
12.5348 17440
12.5372 17558
12.5549 17676
12.5573 17793
12.561 17909
12.5634 18024
12.5658 18139
12.5682 18253
12.585 18366
12.5873 18478
12.5911 18590
12.5935 18701
12.5962 18811
12.5986 18921
12.615 19030
12.6174 19138
12.6236 19246
12.6263 19353
12.6287 19460
12.6439 19566
12.6467 19671
12.6525 19776
12.6548 19880
12.6572 19984
12.6596 20087
12.6728 20190
12.6755 20292
12.6813 20394
12.6837 20495
12.6861 20596
12.6885 20696
12.7017 20796
12.7041 20895
12.7065 20994
12.7114 21092
12.7138 21190
12.7162 21287
12.7186 21384
12.7318 21480
12.7342 21576
12.7366 21672
12.7415 21767
12.7439 21862
12.7463 21956
12.7487 22050
12.7621 22144
12.7645 22237
12.7669 22330
12.7704 22422
12.7728 22514
12.7752 22606
12.7776 22697
12.791 22788
12.7934 22878
12.7958 22968
12.7993 23058
12.8017 23147
12.8041 23236
12.8065 23325
12.8199 23413
12.8223 23501
12.8247 23589
12.8282 23676
12.8306 23763
12.833 23850
12.8354 23936
12.8377 24022
12.85 24108
12.8524 24194
12.8547 24279
12.8583 24364
12.8607 24449
12.8631 24533
12.8654 24617
12.8678 24701
12.8802 24784
12.8826 24867
12.885 24950
12.8884 25033
12.8907 25115
12.8931 25197
12.8955 25279
12.8979 25361
12.9091 25442
12.9115 25523
12.9139 25604
12.9172 25684
12.9196 25764
12.922 25844
12.9244 25924
12.9268 26003
12.938 26082
12.9404 26161
12.9428 26240
12.9461 26319
12.9485 26397
12.9509 26475
12.9536 26553
12.956 26631
12.9583 26708
12.9681 26785
12.9705 26862
12.9729 26939
12.9762 27015
12.9786 27091
12.981 27167
12.9838 27243
12.9862 27319
12.9886 27394
12.9982 27469
13.0006 27544
13.0029 27619
13.0063 27694
13.0087 27768
13.0111 27842
13.0139 27916
13.0187 12240
13.069 12409
13.0717 12576
13.0741 12740
13.0765 12902
13.0993 13062
13.1018 13220
13.1042 13376
13.1066 13531
13.1294 13684
13.1317 13835
13.1341 13984
13.1365 14132
13.1582 14278
13.1606 14423
13.163 14566
13.1654 14708
13.1871 14848
13.1895 14987
13.1919 15125
13.1943 15262
13.216 15397
13.2184 5760
13.275 6120
13.2774 6458
13.3051 6779
13.3075 7084
13.3352 7376
13.3376 7657
13.3653 7927
13.3677 8188
13.3942 8441
13.3969 8686
13.4231 8924
13.4258 9156
13.4282 9382
13.4533 9603
13.4558 9818
13.4582 10029
13.4838 10235
13.4862 10437
13.4886 10635
13.5139 10829
13.5163 11020
13.5187 11208
13.5428 11393
13.5452 11575
13.5476 11754
13.5717 11930
13.5741 12103
13.5764 12274
13.5788 12442
13.602 12608
13.6044 12772
13.6068 12934
13.6091 13094
13.6321 13252
13.6344 13408
13.6368 13562
13.6392 13714
13.6609 13865
13.6633 14014
13.6657 14161
13.6681 14307
13.6898 14451
13.6922 14594
13.6946 14736
13.6971 14876
13.7187 15015
13.7211 15153
13.7235 15289
13.7259 15424
13.7283 15558
13.7491 15691
13.7515 15823
13.7539 15954
13.7563 16083
13.7586 16211
13.7792 16338
13.7816 16464
13.7839 16589
13.7864 16713
13.7888 16837
13.8081 16960
13.8104 17082
13.8128 17203
13.8153 17323
13.8177 17442
13.8369 17560
13.8393 17678
13.8417 17795
13.8442 17911
13.8465 18026
13.8493 18141
13.8673 18255
13.8697 18368
13.8721 18480
13.8745 18592
13.8769 18703
13.8794 18813
13.8974 18923
13.8998 19032
13.9022 19140
13.9046 19248
13.907 19355
13.9095 19462
13.9263 19568
13.9287 19673
13.9311 19778
13.9335 19882
13.9359 19986
13.9384 20089
13.9552 20192
13.9576 20294
13.96 20396
13.9624 20497
13.9651 20598
13.9675 20698
13.984 20798
13.9864 20897
13.9888 20996
13.9912 21094
13.9936 21192
13.996 21289
13.9984 21386
14.0141 21482
14.0165 21578
14.0189 21674
14.0213 21769
14.0237 21864
14.0261 21958
14.0285 22052
14.0442 22146
14.0466 22239
14.049 22332
14.0514 22424
14.0538 22516
14.0562 22608
14.0586 22699
14.0734 22790
14.0758 22880
14.0782 22970
14.0806 23060
14.083 23149
14.0854 23238
14.0878 23327
14.1023 23415
14.1047 23503
14.1071 23591
14.1095 23678
14.112 23765
14.1144 23852
14.1168 23938
14.1192 24024
14.1324 24110
14.1348 24196
14.1372 24281
14.1396 24366
14.1421 24451
14.1445 24535
14.1472 24619
14.1496 24703
14.1625 24786
14.1649 24869
14.1673 24952
14.1697 25035
14.1722 25117
14.1745 25199
14.1769 25281
14.1793 25363
14.1914 25444
14.1938 25525
14.1962 25606
14.1985 25686
14.201 25766
14.2034 25846
14.2058 25926
14.2085 26005
14.2203 26084
14.2227 26163
14.225 26242
14.2274 26321
14.2299 26399
14.2323 26477
14.2347 26555
14.2371 26633
14.2395 26710
14.2507 26787
14.2531 26864
14.2555 26941
14.2579 27017
14.2603 27093
14.2627 27169
14.2651 27245
14.2675 27321
14.2699 27396
14.2808 27471
14.2835 27546
14.2859 27621
14.2883 27696
14.2908 27770
14.2932 27844
14.2956 27918
14.3004 27992
14.3097 28066
14.3124 28139
14.3148 28212
14.3172 28285
14.3197 28358
14.3224 28431
14.3248 28503
14.3296 28575
14.332 28647
14.3385 28719
14.3421 28791
14.3444 28863
14.3468 28934
14.3492 29005
14.3516 29076
14.354 29147
14.3585 29218
14.3609 29288
14.3674 29358
14.3709 29428
14.3733 29498
14.3757 29568
14.3782 29638
14.3806 29707
14.383 29776
14.3854 29845
14.3886 29914
14.391 29983
14.3975 30052
14.401 30121
14.4034 30189
14.4058 30257
14.4086 30325
14.411 30393
14.4134 30461
14.4158 30529
14.419 30596
14.4214 30663
14.4276 30730
14.4311 30797
14.4335 30864
14.4359 30931
14.4383 30998
14.4407 31064
14.4431 31130
14.4455 31196
14.4479 31262
14.4507 31328
14.4567 31394
14.46 31460
14.4624 31525
14.4648 31590
14.4672 31655
14.4696 31720
14.472 31785
14.4743 31850
14.4772 31915
14.4796 31979
14.4856 32043
14.4889 32107
14.494 14400
14.5385 14544
14.5434 14686
14.5469 14827
14.5496 14966
14.552 15104
14.5686 15241
14.5735 15377
14.577 15511
14.5797 15644
14.5821 15776
14.5987 15907
14.6035 16037
14.6071 16166
14.6098 16294
14.6122 16421
14.629 16547
14.6324 16672
14.6363 16796
14.6387 16919
14.6412 17041
14.6579 17162
14.6615 17282
14.6655 17401
14.6679 17520
14.6703 17638
14.6868 17755
14.6904 17871
14.6928 17987
14.6956 18102
14.6984 18216
14.7008 18329
14.7169 18442
14.7205 18554
14.7229 18665
14.7258 18776
14.7284 18886
14.7308 18995
14.7469 19104
14.7506 19212
14.7534 19319
14.7561 19426
14.7585 19532
14.7609 19638
14.7761 19743
14.7795 19848
14.7822 19952
14.7851 20055
14.7875 20158
14.7899 20260
14.8084 20362
14.8111 20463
14.8143 20564
14.8167 20664
14.8191 20764
14.8215 20863
14.8385 20962
14.8409 21060
14.8432 21158
14.8456 21256
14.848 21353
14.8504 21450
14.8528 21546
14.8685 21642
14.8709 21737
14.8733 21832
14.8757 21926
14.8781 22020
14.8805 22114
14.8829 22207
14.8986 22300
14.901 22392
14.9034 22484
14.9082 9360
14.9624 9581
14.9648 9797
14.9672 10008
14.9925 10215
14.9949 10417
14.9973 10616
15.0226 10811
15.025 11002
15.0274 11190
15.0515 11375
15.0539 11557
15.0562 11736
15.0803 11912
15.0827 12086
15.0851 12257
15.0875 12426
15.1104 12592
15.1128 12756
15.1152 12918
15.1176 13078
15.1405 13236
15.1429 13392
15.1456 13546
15.148 13699
15.1694 13850
15.1718 13999
15.1745 14147
15.1769 14293
15.1983 14438
15.2007 14581
15.2034 14723
15.2058 14863
15.2272 15002
15.2296 15140
15.232 15276
15.2344 15411
15.2367 15545
15.2573 15678
15.2597 15810
15.2621 15941
15.2644 16071
15.2668 16200
15.2874 16328
15.2897 16454
15.2921 16580
15.2945 16705
15.2969 16829
15.3162 16952
15.3186 17074
15.321 17195
15.3234 17315
15.3258 17434
15.3451 17552
15.3475 17670
15.3499 17787
15.3523 17903
15.3547 18018
15.3571 18133
15.3752 18247
15.3776 18360
15.38 18472
15.3836 18584
15.3872 7200
15.4426 7488
15.445 7764
15.4679 8031
15.4727 8289
15.4968 8539
15.5016 8781
15.5257 9017
15.5305 9246
15.5329 9470
15.5558 9688
15.5608 9902
15.5632 10111
15.5858 10316
15.5909 10517
15.5933 10714
15.6147 10907
15.6198 11097
15.6222 11283
15.6436 11466
15.6487 11646
15.6511 11824
15.6727 11999
15.6776 12171
15.68 12341
15.6824 12509
15.7028 12674
15.7077 12837
15.7101 12998
15.7125 13157
15.7329 13314
15.7378 13469
15.7401 13622
15.7425 13774
15.7618 13924
15.7666 14072
15.769 14219
15.791 14364
15.7955 14508
15.7979 14650
15.8199 14791
15.8223 14931
15.8247 15069
15.8271 15206
15.8295 15342
15.85 15477
15.8524 15610
15.8548 15742
15.8572 15873
15.8595 16003
15.8801 16132
15.8825 16260
15.8849 16387
15.8872 16513
15.8896 16638
15.909 16762
15.9114 16885
15.9137 17007
15.9161 17128
15.9185 17249
15.9379 17369
15.9402 17488
15.9426 17606
15.945 17723
15.9474 17840
15.9667 17956
15.9691 18071
15.9715 18185
15.9739 18299
15.9763 18412
15.9787 18524
15.9968 18635
15.9992 18746
16.0016 18856
16.004 18965
16.0064 19074
16.0088 19182
16.0269 19290
16.0293 19397
16.0317 19503
16.0341 19609
16.0365 19714
16.0389 19819
16.0558 19923
16.0582 20027
16.0606 20130
16.063 20233
16.0654 20335
16.0678 20436
16.0847 20537
16.0871 20637
16.0895 20737
16.0919 20836
16.0943 20935
16.0966 21034
16.099 21132
16.1148 21230
16.1172 21327
16.1196 21424
16.1219 21520
16.1243 21616
16.1267 21711
16.1291 21806
16.1449 21901
16.1472 21995
16.1496 22089
16.152 22182
16.1544 22275
16.1568 22368
16.1592 22460
16.1737 22552
16.1761 22643
16.1785 22734
16.1809 22825
16.1833 22915
16.1857 23005
16.1881 23095
16.2026 23184
16.205 23273
16.2074 23362
16.2098 23450
16.2122 23538
16.2146 23626
16.217 23713
16.2194 23800
16.2327 23887
16.2351 23973
16.2375 24059
16.2399 24145
16.2423 24230
16.2447 24315
16.2471 24400
16.2495 24484
16.2628 24568
16.2652 24652
16.2676 24736
16.27 24819
16.2724 24902
16.2748 24985
16.2771 25067
16.2795 25149
16.2917 25231
16.2941 25313
16.2965 25394
16.2989 25475
16.3013 25556
16.3036 25637
16.306 25717
16.3084 25797
16.3206 25877
16.323 25957
16.3254 26036
16.3278 26115
16.3301 26194
16.3325 26273
16.3349 26351
16.3373 26429
16.3495 26507
16.3519 26585
16.3543 26662
16.3566 26739
16.359 26816
16.3614 26893
16.3638 26970
16.3662 27046
16.3686 27122
16.3796 27198
16.382 27274
16.3843 27350
16.3867 27425
16.3891 27500
16.3915 27575
16.3939 27650
16.3963 27724
16.3987 27798
16.4096 27872
16.412 27946
16.4144 28020
16.4168 28094
16.4192 28167
16.4216 28240
16.424 28313
16.4264 28386
16.4288 28459
16.4385 28531
16.4409 28603
16.4433 28675
16.4457 28747
16.4481 28819
16.4505 28890
16.4529 28961
16.4553 29032
16.4577 29103
16.4677 29174
16.4701 29245
16.4724 29315
16.4748 29385
16.4772 29455
16.4796 29525
16.482 29595
16.4844 29665
16.4868 29734
16.4892 29803
16.4978 29872
16.5001 29941
16.5025 30010
16.5049 30079
16.5073 30147
16.5097 30215
16.5121 30283
16.5145 30351
16.5169 30419
16.5193 30487
16.5278 30555
16.5302 30622
16.5326 30689
16.535 30756
16.5374 30823
16.5398 30890
16.5422 30957
16.5446 31023
16.547 31089
16.5494 31155
16.5567 31221
16.5591 31287
16.5615 31353
16.5639 31419
16.5663 31484
16.5687 31549
16.5711 31614
16.5735 31679
16.5763 31744
16.5787 31809
16.5856 31874
16.588 31939
16.5904 32003
16.5928 32067
16.5952 32131
16.5976 32195
16.6 32259
16.6024 32323
16.6052 32387
16.6076 32451
16.6099 32514
16.616 32577
16.6183 32640
16.6207 32703
16.6231 32766
16.6255 32829
16.6279 32892
16.6303 32955
16.6327 33017
16.6353 33079
16.6376 33141
16.64 33203
16.646 33265
16.6484 33327
16.6508 33389
16.6532 33451
16.6556 33512
16.658 33573
16.6604 33634
16.6628 33695
16.6653 33756
16.6677 33817
16.6701 33878
16.6749 33939
16.6773 34000
16.6797 34060
16.6821 34120
16.6845 34180
16.6869 34240
16.6893 34300
16.6917 34360
16.6945 34420
16.6969 34480
16.6993 34540
16.7038 34600
16.7062 34659
16.7086 34718
16.711 34777
16.7134 34836
16.7158 34895
16.7182 34954
16.7206 35013
16.7234 35072
16.7258 35131
16.7282 35190
16.7329 35248
16.7353 35306
16.7377 35364
16.7401 35422
16.7425 35480
16.7449 35538
16.7473 35596
16.7497 35654
16.7521 35712
16.7545 35770
16.7568 35827
16.7592 35884
16.763 35941
16.7654 35998
16.7678 36055
16.7702 36112
16.7726 36169
16.775 36226
16.7774 36283
16.7798 36340
16.7822 36397
16.7846 36453
16.787 36509
16.7893 36565
16.7931 36621
16.7955 36677
16.7979 36733
16.8003 36789
16.8027 36845
16.8051 36901
16.8075 36957
16.8099 37013
16.8123 37069
16.8147 37124
16.8171 37179
16.8195 37234
16.822 37289
16.8244 37344
16.8268 37399
16.8292 37454
16.8316 37509
16.834 37564
16.8364 37619
16.8392 37674
16.8416 37729
16.844 37783
16.8464 37837
16.8488 37891
16.8512 37945
16.8536 37999
16.856 38053
16.8584 38107
16.8608 38161
16.8632 38215
16.8655 38269
16.8679 38323
16.8703 38377
16.8727 38431
16.8751 38484
16.8775 38537
16.8799 38590
16.8823 38643
16.8847 38696
16.8871 38749
16.8895 38802
16.8918 38855
16.8942 38908
16.8966 38961
16.899 39014
16.9014 39067
16.9038 39120
16.9062 39173
16.9086 39225
16.911 39277
16.9134 39329
16.9157 39381
16.9181 39433
16.9205 39485
16.925 18000
16.9734 18115
16.9758 18229
16.9782 18342
16.9806 18455
16.983 18567
16.9854 18678
17.0035 18789
17.0059 18899
17.0083 19008
17.0107 19117
17.0131 19225
17.0155 19332
17.0336 19439
17.036 19545
17.0384 19651
17.0408 19756
17.0432 19860
17.0456 19964
17.0625 20067
17.0649 20170
17.0673 20272
17.0697 20374
17.0721 20475
17.0744 20576
17.0914 20676
17.0938 20776
17.0962 20875
17.0985 20974
17.1009 21072
17.1033 21170
17.1057 21267
17.1215 21364
17.1239 21461
17.1262 21557
17.1286 21653
17.131 21748
17.1334 21843
17.1358 21937
17.1518 22031
17.1542 22125
17.1566 22218
17.1589 22311
17.1613 22403
17.1637 22495
17.1661 22587
17.1807 22678
17.1831 22769
17.1855 22860
17.1879 22950
17.1903 23040
17.1927 23130
17.1951 23219
17.2096 23308
17.2119 23396
17.2144 23484
17.2168 23572
17.2192 23659
17.2216 23746
17.2239 23833
17.2263 23920
17.2396 24006
17.242 24092
17.2469 24178
17.2492 24263
17.2516 24348
17.254 24433
17.2564 24517
17.2697 24601
17.2721 24685
17.2769 24769
17.2793 24852
17.2817 24935
17.2841 25018
17.2865 25100
17.2889 25182
17.2989 25264
17.3013 25346
17.3058 25427
17.3082 25508
17.3106 25589
17.313 25670
17.3154 25750
17.3178 25830
17.3278 25910
17.3302 25990
17.3347 26069
17.3371 26148
17.3395 26227
17.3419 26306
17.3443 26384
17.3467 26462
17.3567 26540
17.3591 26618
17.3614 26695
17.3648 26772
17.3672 26849
17.3696 26926
17.372 27003
17.3744 27079
17.3768 27155
17.3867 27231
17.3891 27307
17.3915 27382
17.3949 27457
17.3973 27532
17.3997 27607
17.4021 27682
17.4045 27756
17.4068 27830
17.4168 27904
17.4192 27978
17.4216 28052
17.424 28125
17.4264 28198
17.4288 28271
17.4312 28344
17.4336 28417
17.436 28489
17.4457 28561
17.4481 28633
17.4505 28705
17.4529 28777
17.4553 28849
17.4601 28920
17.4625 28991
17.4648 29062
17.4746 29133
17.477 29204
17.4794 29275
17.4818 29345
17.4842 29415
17.4866 29485
17.4902 29555
17.4925 29625
17.4949 29694
17.4973 29763
17.5047 29832
17.5071 29901
17.5095 29970
17.5119 30039
17.5143 30108
17.5167 30176
17.5203 30244
17.5227 30312
17.525 30380
17.5274 30448
17.5348 30516
17.5372 30583
17.5396 30650
17.542 30717
17.5443 30784
17.5467 30851
17.5504 30918
17.5527 30985
17.5551 31051
17.5575 31117
17.5639 31183
17.5663 31249
17.5687 31315
17.5711 31381
17.5735 31447
17.5759 31512
17.5792 31577
17.5816 31642
17.584 31707
17.5864 31772
17.5928 31837
17.5952 31902
17.5976 31966
17.6012 32030
17.6036 14400
17.6518 14544
17.6542 14686
17.6566 14827
17.6602 14966
17.6626 15104
17.6819 15241
17.6843 15377
17.6867 15511
17.6915 15644
17.7111 5760
17.7505 6120
17.7689 6458
17.7806 6779
17.7989 7084
17.8107 7376
17.829 7657
17.8407 7927
17.8594 8188
17.8708 2880
17.9286 3600
17.9587 4176
17.9888 4672
18.0189 5115
18.0478 5520
18.0767 5895
18.1056 6246
18.108 6577
18.136 6892
18.1384 7192
18.1661 7480
18.1684 7757
18.1961 8024
18.1985 8282
18.225 8532
18.2274 8775
18.2539 9011
18.2563 9241
18.2587 9465
18.284 9684
18.2864 9898
18.2888 10107
18.3141 10312
18.3165 10513
18.3189 10710
18.343 10903
18.3457 11093
18.3481 11279
18.3719 11462
18.3746 11642
18.3769 11820
18.4008 11995
18.4038 12167
18.4062 12337
18.4086 12505
18.4308 12670
18.4339 12833
18.4366 12994
18.4391 13153
18.4611 13310
18.464 13465
18.4667 13618
18.4691 13770
18.4903 13920
18.4929 14068
18.4956 14215
18.498 14360
18.5192 14504
18.522 14646
18.5245 14787
18.5269 14927
18.5481 15065
18.5505 15202
18.5528 15338
18.5552 15473
18.5576 15607
18.5781 15739
18.5829 5760
18.6383 6120
18.6411 6458
18.6684 6779
18.6712 7084
18.6985 7376
18.7016 7657
18.7286 7927
18.731 8188
18.7575 8441
18.7599 8686
18.7864 8924
18.7888 9156
18.7912 9382
18.8165 9603
18.8189 9818
18.8212 10029
18.8469 10235
18.8492 10437
18.8517 10635
18.8773 10829
18.8797 11020
18.8821 11208
18.9062 11393
18.9086 11575
18.911 11754
18.9351 11930
18.9375 12103
18.9399 12274
18.9423 12442
18.9652 12608
18.9676 12772
18.97 12934
18.9724 13094
18.9953 13252
18.9977 13408
19.0001 13562
19.0024 13714
19.0242 13865
19.0266 14014
19.0289 14161
19.0313 14307
19.053 14451
19.0558 14594
19.0582 14736
19.0606 14876
19.0819 15015
19.0843 15153
19.0867 15289
19.0891 15424
19.0915 15558
19.112 15691
19.1144 15823
19.1168 15954
19.1192 16083
19.1216 16211
19.1421 16338
19.1445 16464
19.1469 16589
19.1493 16713
19.1517 16837
19.171 16960
19.1734 17082
19.1758 17203
19.1789 17323
19.1813 17442
19.2023 7200
19.2415 7488
19.2591 7764
19.2704 8031
19.2879 8289
19.2993 8539
19.3168 8781
19.3281 9017
19.3457 9246
19.3481 9470
19.3582 9688
19.3758 9902
19.3782 10111
19.3883 10316
19.4059 10517
19.4083 10714
19.4172 10907
19.4348 11097
19.4372 11283
19.4461 11466
19.4637 11646
19.4661 11824
19.475 11999
19.4926 12171
19.495 12341
19.4973 12509
19.5051 12674
19.5226 12837
19.525 12998
19.534 13157
19.5516 5040
19.5942 5451
19.6231 5831
19.652 6186
19.6544 6521
19.6821 6838
19.6844 7141
19.7121 7431
19.7145 7710
19.7422 7978
19.7449 8237
19.7711 8488
19.7738 8732
19.8 8969
19.8027 9200
19.8051 9425
19.8304 9645
19.8328 9859
19.8352 10069
19.8605 10274
19.8629 10475
19.8653 10672
19.8906 10866
19.893 11056
19.8954 11243
19.9195 11427
19.9219 11608
19.9243 11786
19.9484 11961
19.9508 12134
19.9531 12304
19.9555 12472
19.9784 12638
19.9808 12802
19.9832 12963
19.9856 13122
20.0085 13280
20.0109 13436
20.0133 13590
20.0157 13742
20.0374 13892
20.0398 14041
20.0422 14188
20.0446 14334
20.0663 14478
20.0687 14621
20.0711 14762
20.0735 14902
20.0952 15041
20.0976 15178
20.1 15314
20.1024 15449
20.1048 15583
20.1253 15716
20.1277 15847
20.1301 15977
20.1325 16106
20.1348 16234
20.1554 16361
20.1578 16487
20.1601 16612
20.1625 16736
20.1649 16859
20.1843 16981
20.1866 17103
20.189 17224
20.1914 17344
20.1938 17463
20.2131 17581
20.2155 17698
20.2179 17815
20.2203 17931
20.2227 18046
20.2251 18160
20.2432 18274
20.2456 18387
20.248 18499
20.2504 18611
20.2528 18722
20.2552 18832
20.2733 18942
20.2757 19051
20.2781 19159
20.2805 19267
20.2829 19374
20.2853 19481
20.3022 19587
20.3046 19692
20.307 19797
20.3094 19901
20.3118 20005
20.3142 20108
20.3311 20211
20.3335 20313
20.3359 20415
20.3383 20516
20.3407 20617
20.343 20717
20.36 20817
20.3624 20916
20.3648 21015
20.3672 21113
20.3695 21211
20.3719 21308
20.3743 21405
20.3901 21501
20.3925 21597
20.3949 21693
20.3972 21788
20.3996 21883
20.402 21977
20.4044 22071
20.4202 22164
20.4225 22257
20.4249 22350
20.4273 22442
20.4297 22534
20.4321 22626
20.4345 22717
20.449 22808
20.4514 22898
20.4562 9360
20.5095 9581
20.5119 9797
20.5143 10008
20.5396 10215
20.5419 10417
20.5443 10616
20.5696 10811
20.572 11002
20.5744 11190
20.5985 11375
20.6009 11557
20.6033 11736
20.6274 11912
20.6298 12086
20.6322 12257
20.6346 12426
20.6575 12592
20.6599 12756
20.6623 12918
20.6647 13078
20.6876 13236
20.69 13392
20.6924 13546
20.7165 5040
20.7538 5451
20.7827 5831
20.8115 6186
20.8139 6521
20.8416 6838
20.844 7141
20.8717 7431
20.8741 7710
20.9018 7978
20.9042 8237
20.9319 8488
20.9343 2880
20.9936 3600
21.0237 4176
21.0537 4672
21.0838 5115
21.1127 5520
21.1416 5895
21.1705 6246
21.1729 6577
21.2006 6892
21.203 7192
21.2307 7480
21.2331 7757
21.2607 8024
21.2631 8282
21.2896 8532
21.292 8775
21.3185 9011
21.3209 9241
21.3233 9465
21.3486 9684
21.351 9898
21.3534 10107
21.3787 10312
21.3811 10513
21.3835 10710
21.4076 10903
21.41 11093
21.4124 11279
21.4367 11462
21.439 11642
21.4414 11820
21.4655 11995
21.4679 12167
21.4704 12337
21.4728 12505
21.4956 12670
21.498 12833
21.5005 12994
21.5028 13153
21.5257 13310
21.5281 13465
21.5306 13618
21.5333 13770
21.5546 13920
21.557 14068
21.5595 14215
21.5622 14360
21.5835 14504
21.5859 14646
21.5884 14787
21.5911 14927
21.6124 15065
21.6148 15202
21.6172 15338
21.6196 15473
21.6219 15607
21.6425 15739
21.6451 15870
21.6475 16000
21.6499 16129
21.6523 16257
21.6726 16384
21.6752 16510
21.6776 16635
21.68 16759
21.6824 16882
21.7014 17004
21.7041 17125
21.7065 17246
21.7088 17366
21.7113 17485
21.7304 17603
21.7329 17720
21.7353 17837
21.7377 17953
21.7401 18068
21.7425 18182
21.7606 18296
21.763 18409
21.7657 18521
21.7705 18632
21.7729 18743
21.7906 18853
21.7931 18962
21.7958 19071
21.8006 19179
21.803 19287
21.8054 19394
21.8195 19500
21.822 19606
21.8247 19711
21.8295 19816
21.832 19920
21.8347 20024
21.8484 20127
21.8509 20230
21.8536 20332
21.8584 20433
21.8609 20534
21.8636 20634
21.8773 20734
21.8798 20834
21.8822 20933
21.8846 21032
21.8885 21130
21.891 21228
21.8937 21325
21.9074 21422
21.9099 21518
21.9123 21614
21.9147 21709
21.9185 21804
21.9211 21899
21.9238 21993
21.9375 22087
21.94 22180
21.9427 22273
21.9451 22366
21.9476 22458
21.9499 22550
21.9526 22641
21.9664 22732
21.969 22823
21.9716 22913
21.974 23003
21.9764 23093
21.9788 23182
21.9815 23271
21.9953 23360
21.9979 23448
22.0004 23536
22.0029 23624
22.0053 23711
22.0077 23798
22.0101 23885
22.0125 23971
22.0253 24057
22.028 24143
22.0305 24228
22.0329 24313
22.0354 24398
22.0378 24482
22.0402 24566
22.0426 24650
22.0558 24734
22.0582 24817
22.0609 24900
22.0633 24983
22.0657 25066
22.0682 25148
22.0706 25230
22.073 25312
22.0847 25393
22.0871 25474
22.0898 25555
22.0922 25636
22.0946 25716
22.0971 25796
22.0995 25876
22.1019 25956
22.1136 26035
22.116 26114
22.1187 26193
22.1211 26272
22.1235 26350
22.126 26428
22.1284 26506
22.1311 26584
22.1334 26662
22.1437 26739
22.1461 26816
22.1488 26893
22.1511 26970
22.1535 27046
22.1561 27122
22.1585 27198
22.1611 27274
22.1635 27350
22.1738 27425
22.1761 27500
22.1788 27575
22.1816 27650
22.184 27724
22.1864 27798
22.1888 27872
22.1912 27946
22.1936 28020
22.2038 28094
22.2062 28167
22.2089 28240
22.2113 28313
22.2137 28386
22.2161 28459
22.2188 28531
22.2212 28603
22.2236 28675
22.2327 28747
22.2351 28819
22.2378 28890
22.2402 28961
22.2429 29032
22.2453 29103
22.2477 29174
22.2501 29245
22.2525 29315
22.2617 29385
22.2641 29455
22.2665 29525
22.2689 29595
22.2713 29665
22.2737 29734
22.276 29803
22.2784 29872
22.281 29941
22.2834 30010
22.2918 30079
22.2942 30147
22.2966 30215
22.299 30283
22.3014 30351
22.3037 30419
22.3061 30487
22.3085 30555
22.3111 30622
22.3135 30689
22.322 30756
22.3244 30823
22.3268 30890
22.3292 30957
22.3316 31023
22.334 31089
22.3364 31155
22.3387 31221
22.3411 31287
22.3435 31353
22.3509 31419
22.3533 31484
22.356 31549
22.3584 31614
22.3608 31679
22.3631 31744
22.3655 31809
22.3679 31874
22.3727 14400
22.4224 14544
22.4248 14686
22.4272 14827
22.43 14966
22.4324 15104
22.4525 15241
22.4549 15377
22.4573 15511
22.4601 15644
22.4625 15776
22.4826 15907
22.485 16037
22.4874 16166
22.4902 16294
22.4926 16421
22.513 16547
22.5153 16672
22.5177 16796
22.5201 16919
22.5225 17041
22.5419 17162
22.5443 17282
22.5466 17401
22.549 17520
22.5514 17638
22.5708 17755
22.5731 17871
22.5755 17987
22.5779 18102
22.5803 18216
22.5827 18329
22.6011 18442
22.6035 18554
22.6059 18665
22.6083 18776
22.6107 18886
22.6131 18995
22.6312 19104
22.6336 19212
22.636 19319
22.6384 19426
22.6408 19532
22.6432 19638
22.6601 19743
22.6625 19848
22.6653 19952
22.6677 20055
22.6709 20158
22.6733 7920
22.7287 8181
22.7314 8434
22.7576 8679
22.7603 8917
22.7865 9149
22.7889 9375
22.7912 9596
22.8165 9812
22.8189 10023
22.8213 10229
22.8466 10431
22.849 10629
22.8514 10824
22.8755 11015
22.8779 11203
22.8805 11388
22.9046 11570
22.907 11749
22.9094 11925
22.9335 12098
22.9359 12269
22.9383 12438
22.9407 12604
22.9636 12768
22.966 12930
22.9684 13090
22.9709 13248
22.9937 13404
22.9962 13558
22.9986 13710
23.001 13861
23.0226 14010
23.0251 14158
23.0275 14304
23.0299 14448
23.0517 14591
23.0543 14733
23.0567 14873
23.0591 15012
23.0615 15150
23.0818 15286
23.0844 15421
23.0868 15555
23.0892 15688
23.0916 15820
23.1119 15951
23.1147 16080
23.1171 16208
23.1195 16335
23.1219 16461
23.142 16586
23.1443 16711
23.1467 16835
23.1491 16958
23.1516 17080
23.1708 17201
23.1732 17321
23.1756 17440
23.1782 17558
23.1808 17676
23.2 17793
23.2023 17909
23.2047 18024
23.2071 18139
23.2095 18253
23.2119 18366
23.23 18478
23.2324 18590
23.2348 18701
23.2384 18811
23.2408 7920
23.2974 8181
23.2999 8434
23.3263 8679
23.3555 2880
23.4133 3600
23.4434 4176
23.4737 4672
23.5038 5115
23.5327 5520
23.5616 5895
23.5905 6246
23.5929 6577
23.6206 6892
23.623 7192
23.6507 7480
23.6531 7757
23.6807 8024
23.6831 8282
23.7096 8532
23.712 8775
23.7385 9011
23.7409 9241
23.7433 9465
23.7686 9684
23.771 9898
23.7734 10107
23.7989 10312
23.8013 10513
23.8037 10710
23.8278 10903
23.8302 11093
23.8326 11279
23.8567 11462
23.8591 11642
23.8615 11820
23.8856 11995
23.888 12167
23.8904 12337
23.8928 12505
23.9157 12670
23.9181 12833
23.9205 12994
23.9228 13153
23.9458 13310
23.9482 13465
23.9505 13618
23.9529 13770
23.9747 13920
23.977 14068
23.9794 14215
24.0035 14360
24.0059 14504
24.0083 14646
24.0324 14787
24.0348 14927
24.0372 15065
24.0396 15202
24.042 15338
24.0625 15473
24.0649 15607
24.0673 15739
24.0697 15870
24.0721 16000
24.0926 16129
24.095 16257
24.0974 16384
24.0998 16510
24.1022 16635
24.1215 16759
24.1239 16882
24.1263 17004
24.1287 17125
24.1311 17246
24.1528 6480
24.2082 6800
24.2106 7104
24.2383 7395
24.2407 7675
24.2684 7945
24.2707 8205
24.2972 8457
24.2996 8702
24.3261 8940
24.3285 9171
24.3309 9397
24.3562 9617
24.3586 9832
24.361 10042
24.3866 10248
24.389 10450
24.3914 10648
24.4167 10842
24.4191 11033
24.4214 11220
24.4456 11404
24.448 11585
24.4504 11763
24.4744 11939
24.4769 12112
24.4793 12283
24.4817 12451
24.5045 12617
24.507 12781
24.5094 12943
24.5118 13103
24.5346 13261
24.5371 13417
24.5395 13571
24.5419 13723
24.5635 13874
24.566 14023
24.5684 14170
24.5711 14316
24.5924 14460
24.5949 14603
24.5973 14744
24.6004 14884
24.6213 15023
24.6237 15161
24.6261 15297
24.6285 15432
24.6308 15566
24.6514 15699
24.6538 15831
24.6561 15961
24.6585 16090
24.6609 16218
24.6818 16345
24.6842 16471
24.6866 16596
24.689 16720
24.6914 16844
24.7107 16967
24.7155 6480
24.7709 6800
24.7733 7104
24.801 7395
24.8034 7675
24.8311 7945
24.8335 8205
24.86 8457
24.8623 8702
24.8888 8940
24.8912 9171
24.8936 9397
24.9189 9617
24.9213 9832
24.9237 10042
24.949 10248
24.9526 10450
24.9779 3600
25.0357 4176
25.0658 4672
25.0961 5115
25.125 5520
25.1538 5895
25.1827 6246
25.1851 6577
25.2135 6892
25.2159 7192
25.2436 7480
25.246 7757
25.2749 8024
25.2773 2880
25.3363 3600
25.3663 4176
25.3967 4672
25.4268 5115
25.4557 5520
25.4846 5895
25.5135 6246
25.5159 6577
25.5436 6892
25.546 7192
25.5736 7480
25.576 7757
25.6037 8024
25.6061 8282
25.6326 8532
25.635 8775
25.6615 9011
25.6639 9241
25.6663 9465
25.6916 9684
25.694 9898
25.6967 10107
25.7217 10312
25.7241 10513
25.7268 10710
25.7518 10903
25.7542 3600
25.8133 4176
25.8434 4672
25.8735 5115
25.9024 5520
25.9313 5895
25.9602 6246
25.9626 6577
25.9903 6892
25.993 7192
26.0204 7480
26.0231 7757
26.0504 8024
26.0528 8282
26.0793 8532
26.0817 8775
26.1082 9011
26.1106 9241
26.113 9465
26.1383 9684
26.1407 9898
26.1431 10107
26.1684 10312
26.1708 10513
26.1732 10710
26.1973 10903
26.1997 11093
26.2021 11279
26.2262 11462
26.2286 11642
26.2313 11820
26.2552 11995
26.2576 12167
26.26 12337
26.2624 12505
26.2853 12670
26.2877 12833
26.2901 12994
26.2925 13153
26.3154 13310
26.3178 13465
26.3202 13618
26.3226 13770
26.3443 13920
26.3467 14068
26.3491 14215
26.3515 14360
26.3732 14504
26.3756 14646
26.378 14787
26.3804 14927
26.4021 15065
26.4045 15202
26.4069 15338
26.4093 15473
26.4117 15607
26.4322 15739
26.4346 15870
26.437 16000
26.4394 16129
26.4418 16257
26.4625 16384
26.4648 16510
26.4672 16635
26.4696 16759
26.472 16882
26.4913 17004
26.4961 17125
26.4985 17246
26.5009 17366
26.5202 17485
26.525 17603
26.5274 17720
26.5322 17837
26.5346 17953
26.5503 18068
26.5551 18182
26.5576 18296
26.5623 18409
26.5647 18521
26.5671 18632
26.5806 18743
26.5852 18853
26.5877 18962
26.5924 19071
26.5947 19179
26.5971 19287
26.6107 19394
26.6143 19500
26.6167 19606
26.6212 19711
26.6236 19816
26.626 19920
26.6396 20024
26.6432 20127
26.6456 20230
26.6501 20332
26.6525 20433
26.6549 20534
26.6685 20634
26.6721 20734
26.6745 20834
26.6769 20933
26.6802 21032
26.6826 21130
26.685 21228
26.6986 21325
26.7022 21422
26.7046 21518
26.7069 21614
26.7103 21709
26.7127 21804
26.7151 21899
26.7287 21993
26.7322 22087
26.7346 22180
26.737 22273
26.7394 22366
26.7418 22458
26.7442 22550
26.7576 22641
26.7611 22732
26.7635 22823
26.7659 22913
26.7683 23003
26.7707 23093
26.7731 23182
26.7864 23271
26.79 23360
26.7924 23448
26.7948 23536
26.7972 23624
26.7996 23711
26.802 23798
26.8044 23885
26.8165 23971
26.8201 24057
26.8225 24143
26.8249 24228
26.8273 24313
26.8297 24398
26.8321 24482
26.8345 24566
26.8469 24650
26.8502 24734
26.8526 24817
26.855 24900
26.8574 24983
26.8598 25066
26.8634 25148
26.8658 10800
26.9179 10992
26.9212 11180
26.924 11365
26.9471 11547
26.9501 11726
26.9531 11902
26.976 12076
26.9784 12247
26.9808 12416
26.9832 12583
27.0061 12747
27.0085 12909
27.0109 13069
27.0133 13227
27.0366 13383
27.039 13537
27.0414 13690
27.0438 13841
27.0655 13990
27.0679 14138
27.0703 14284
27.0727 14429
27.0951 14572
27.0975 14714
27.0999 14854
27.1022 14993
27.1046 15131
27.1252 15268
27.1275 15403
27.1299 15537
27.1323 15670
27.1348 15802
27.1552 15933
27.1576 16063
27.1624 6480
27.2205 6800
27.247 7104
27.2506 7395
27.2771 7675
27.2807 7945
27.3063 8205
27.3098 8457
27.3352 8702
27.3387 8940
27.364 9171
27.3664 9397
27.3688 9617
27.3941 9832
27.3966 10042
27.399 10248
27.4244 10450
27.4268 10648
27.4292 10842
27.4533 11033
27.4557 11220
27.4581 11404
27.4823 11585
27.4847 11763
27.4871 11939
27.5112 12112
27.5136 12283
27.516 12451
27.5184 12617
27.5413 12781
27.5437 12943
27.5461 13103
27.5485 13261
27.5716 13417
27.574 13571
27.5764 13723
27.5788 13874
27.6005 14023
27.6029 14170
27.6053 14316
27.6077 14460
27.6294 14603
27.6318 14744
27.6342 14884
27.6366 15023
27.639 15161
27.6595 15297
27.6619 15432
27.6644 15566
27.6668 15699
27.6692 15831
27.6898 15961
27.6922 16090
27.6946 16218
27.697 16345
27.6994 16471
27.7199 16596
27.7223 16720
27.7247 16844
27.7271 16967
27.7294 17089
27.7488 17210
27.7512 17330
27.7536 17449
27.7559 17567
27.7583 17685
27.7777 17802
27.7801 17918
27.7848 18033
27.7872 18147
27.7896 18261
27.808 18374
27.8104 18486
27.8149 18598
27.8173 18709
27.8197 18819
27.8221 18929
27.8381 19038
27.8405 19146
27.845 19254
27.8474 19361
27.8498 19468
27.8525 19574
27.867 19679
27.8694 19784
27.8739 19888
27.8763 19992
27.8787 20095
27.8814 20198
27.8961 20300
27.8985 20402
27.9028 20503
27.9052 20604
27.9076 20704
27.9102 20804
27.9126 20903
27.9262 21002
27.9286 21100
27.9329 21198
27.9354 21295
27.9378 21392
27.9406 21488
27.943 21584
27.9563 21680
27.9587 21775
27.963 21870
27.9659 21964
27.9683 22058
27.9707 22152
27.9731 22245
27.9864 22338
27.9888 22430
27.9918 22522
27.9948 22614
27.9971 22705
27.9996 22796
28.002 22886
28.0153 22976
28.0177 23066
28.0208 23155
28.0236 23244
28.026 23333
28.0285 23421
28.0309 23509
28.0442 23597
28.0466 23684
28.049 23771
28.0514 23858
28.0537 23944
28.0561 24030
28.0586 24116
28.061 24201
28.0743 24286
28.0768 24371
28.0792 24456
28.0816 24540
28.084 24624
28.0864 24708
28.0888 24791
28.0912 24874
28.1044 24957
28.1069 25040
28.1093 25122
28.1117 25204
28.1141 25286
28.1165 25368
28.1189 25449
28.1213 25530
28.1332 25611
28.1358 25691
28.1382 25771
28.1406 25851
28.143 25931
28.1454 26010
28.1478 26089
28.1501 26168
28.1621 26247
28.1649 26326
28.1673 26404
28.1697 26482
28.1721 26560
28.1745 26638
28.1769 26715
28.1793 26792
28.1817 26869
28.1926 26946
28.195 27022
28.1974 27098
28.1998 27174
28.2022 27250
28.2058 27326
28.2082 11520
28.26 11700
28.2636 11877
28.266 12051
28.2865 12223
28.2901 12392
28.2961 4320
28.3529 4800
28.3818 5232
28.4107 5628
28.4396 5996
28.4685 6341
28.4709 6668
28.4989 6978
28.5013 7275
28.529 7560
28.5314 7834
28.5579 8098
28.5603 8354
28.5868 8602
28.5892 8843
28.6157 9077
28.6181 9305
28.6204 9527
28.6458 9744
28.6481 9956
28.6505 10164
28.6758 10368
28.6782 10568
28.7047 10764
28.7071 10956
28.7336 11145
28.736 11331
28.7384 11514
28.7625 11694
28.7649 11871
28.7673 12045
28.7914 12217
28.7938 12386
28.7962 12553
28.7989 12718
28.8215 12881
28.8239 13041
28.8263 13200
28.829 13357
28.8518 13512
28.8542 13665
28.8566 13816
28.859 13966
28.8807 14114
28.8831 14260
28.8855 14405
28.8879 14548
28.9096 14690
28.912 14831
28.9144 14970
28.9168 15108
28.9192 15245
28.9397 15381
28.9421 15515
28.9445 15648
28.9469 15780
28.9493 15911
28.9698 16041
28.9722 16170
28.9746 16298
28.9794 16425
28.9987 16551
29.0011 16676
29.0035 16800
29.0083 16923
29.0107 17045
29.0276 17166
29.03 17286
29.0324 17405
29.0372 17524
29.0396 17642
29.0565 17759
29.0588 17875
29.0612 17991
29.0636 18106
29.0673 18220
29.0697 18333
29.0865 18446
29.0889 18558
29.0913 18669
29.0937 18780
29.0973 18890
29.0997 18999
29.1166 19108
29.119 19216
29.1214 19323
29.1238 19430
29.1262 19536
29.1286 19642
29.1455 19747
29.1479 19852
29.1503 19956
29.1527 20059
29.1551 20162
29.1575 20264
29.1747 20366
29.1771 20467
29.1795 20568
29.1819 20668
29.1844 20768
29.1868 20867
29.1892 20966
29.2048 21064
29.2072 21162
29.2096 21259
29.212 21356
29.2145 21453
29.2169 21549
29.2193 21645
29.2349 21740
29.2373 21835
29.2397 21929
29.2421 22023
29.2446 22117
29.247 22210
29.2497 22303
29.2642 22395
29.2665 22487
29.2689 22579
29.2713 22670
29.2737 22761
29.2761 22852
29.2786 22942
29.293 23032
29.2954 23122
29.2978 23211
29.3002 23300
29.3026 23388
29.305 23476
29.3075 23564
29.3219 23651
29.3247 23738
29.327 23825
29.3318 23912
29.3342 23998
29.3366 24084
29.339 24170
29.352 24255
29.3547 24340
29.3571 24425
29.3619 24509
29.3643 24593
29.3668 24677
29.3692 24761
29.3716 24844
29.3823 24927
29.3848 25010
29.3872 25092
29.392 25174
29.3944 25256
29.3968 25338
29.3992 25419
29.4016 25500
29.4112 25581
29.4137 25662
29.4161 25742
29.4209 25822
29.4233 25902
29.4257 25982
29.4281 26061
29.4305 26140
29.4401 26219
29.443 26298
29.4453 26376
29.4501 26454
29.4525 26532
29.4573 26610
29.4597 26687
29.4621 26764
29.4702 26841
29.473 26918
29.4758 26995
29.4806 27071
29.4829 27147
29.4874 27223
29.4899 27299
29.4922 27374
29.4946 27449
29.5006 27524
29.5031 27599
29.5059 27674
29.5106 27748
29.5131 27822
29.5179 27896
29.5202 27970
29.5226 28044
29.525 28117
29.5295 28190
29.532 28263
29.5351 28336
29.5395 28409
29.542 28481
29.5467 28553
29.5491 28625
29.5515 28697
29.554 28769
29.5587 28841
29.5615 28912
29.564 28983
29.5684 29054
29.5709 29125
29.5756 29196
29.578 29267
29.5804 29337
29.5829 29407
29.5876 29477
29.59 29547
29.5924 29617
29.5948 29687
29.5985 29756
29.6012 29825
29.606 29894
29.6084 29963
29.6108 30032
29.6132 30101
29.6177 30169
29.6201 30237
29.6225 30305
29.625 30373
29.629 30441
29.6313 30509
29.6361 30576
29.6385 30643
29.6409 30710
29.6433 30777
29.6481 30844
29.6505 30911
29.6529 30978
29.6553 31044
29.6578 31110
29.6602 31176
29.665 31242
29.6674 31308
29.6698 31374
29.6722 31440
29.677 31505
29.6794 31570
29.6818 31635
29.6842 31700
29.687 31765
29.6894 31830
29.6939 31895
29.6963 31960
29.6987 32024
29.7011 32088
29.7059 32152
29.7083 32216
29.7107 32280
29.7131 32344
29.7155 32408
29.7179 32471
29.7243 32534
29.7267 32597
29.7291 32660
29.7315 32723
29.7363 32786
29.7387 32849
29.7411 32912
29.7436 32975
29.7459 33037
29.7483 33099
29.7544 33161
29.7568 33223
29.7592 33285
29.7615 33347
29.7639 33409
29.7664 33471
29.7688 33532
29.7712 33593
29.7736 33654
29.7784 33715
29.7845 33776
29.7869 33837
29.7892 33898
29.7916 33959
29.794 34020
29.7964 34080
29.7988 34140
29.8012 34200
29.8036 34260
29.8073 34320
29.8097 34380
29.8134 34440
29.8157 34500
29.8181 34560
29.8205 34620
29.8229 34679
29.8253 34738
29.8277 34797
29.8301 34856
29.8325 34915
29.8362 34974
29.8389 35033
29.8425 35092
29.8449 35151
29.8472 35209
29.8498 35267
29.8522 35325
29.8546 35383
29.857 35441
29.8594 35499
29.8617 35557
29.8641 35615
29.8665 35673
29.869 35731
29.8726 35789
29.8749 35846
29.8773 35903
29.8799 35960
29.8823 36017
29.8847 36074
29.8871 36131
29.8894 36188
29.8919 36245
29.8943 36302
29.8967 36359
29.8991 36416
29.9026 36472
29.905 36528
29.9074 36584
29.91 36640
29.9127 36696
29.915 36752
29.9174 36808
29.9198 36864
29.9222 36920
29.9246 36976
29.927 37032
29.9294 37087
29.9318 37142
29.9342 37197
29.9366 37252
29.939 37307
29.9419 37362
29.9443 37417
29.9467 37472
29.9491 37527
29.9515 37582
29.9539 37637
29.9563 37692
29.9587 37747
29.9611 37801
29.9635 37855
29.9659 37909
29.9682 37963
29.9708 38017
29.9732 38071
29.9756 38125
29.978 38179
29.9804 38233
29.9828 38287
29.9852 38341
29.9876 38395
29.99 38449
29.9924 38502
29.9948 38555
29.9972 38608
29.9996 38661
30.002 38714
30.0044 38767
30.0068 38820
30.0091 38873
30.0115 38926
30.0139 38979
30.0163 39032
30.0187 39085
30.0211 39138
30.0235 39190
30.0259 39242
30.0283 39294
30.0307 39346
30.0331 39398
30.0354 39450
30.0378 39502
30.0402 39554
30.0426 39606
30.045 39658
30.0474 39710
30.0498 39762
30.0522 39814
30.0546 39866
30.057 39918
30.0594 39969
30.0618 40020
30.0642 40071
30.0666 40122
30.069 40173
30.0714 40224
30.0738 40275
30.0762 40326
30.0786 40377
30.0809 40428
30.0833 40479
30.0857 40530
30.0881 40581
30.0905 40632
30.0929 40683
30.0953 40733
30.0977 40783
